143 002556 2 286
000 001 0.6931 0.4412 0.4412 0.4911
000 012 0.6931 0.6931 0.4412 0.4911
001 002 0.4911 0.4412 0.6931 0.4412
001 013 0.4412 0.4911 0.4412 0.4412
002 003 0.6931 0.4412 0.2352 0.4412
002 014 0.6931 0.4911 0.4412 0.4412
003 004 0.6931 0.4911 0.4911 0.4911
003 015 0.4911 0.4412 0.2352 0.6931
004 005 0.6931 0.4911 0.2352 0.4412
004 016 0.6931 0.4412 0.6931 0.4911
005 006 0.4412 0.4911 0.2352 0.4412
005 017 0.4911 0.6931 0.4412 0.4412
006 007 0.4412 0.6931 0.2352 0.2352
006 018 0.2352 0.4412 0.4911 0.2352
007 008 0.6931 0.6931 0.2352 0.6931
007 019 0.2352 0.4911 0.4911 0.4911
008 009 0.4911 0.2352 0.4911 0.6931
008 020 0.4911 0.4412 0.4911 0.6931
009 010 0.4412 0.4911 0.4911 0.4412
009 021 0.2352 0.4911 0.2352 0.2352
010 011 0.4412 0.4412 0.4911 0.4911
010 022 0.4911 0.4412 0.4412 0.4911
011 000 0.2352 0.2352 0.2352 0.2352
011 023 0.2352 0.4412 0.4412 0.2352
012 013 0.4412 0.2352 0.4412 0.6931
012 024 0.4412 0.6931 0.6931 0.4911
013 014 0.6931 0.6931 0.2352 0.4412
013 025 0.6931 0.4911 0.4911 0.4911
014 015 0.4911 0.6931 0.4911 0.4911
014 026 0.2352 0.2352 0.4911 0.4911
015 016 0.4412 0.4412 0.4412 0.4412
015 027 0.2352 0.4911 0.4412 0.4911
016 017 0.4911 0.4412 0.2352 0.4412
016 028 0.6931 0.4412 0.4412 0.4911
017 018 0.4412 0.6931 0.6931 0.2352
017 029 0.4911 0.6931 0.2352 0.4911
018 019 0.4911 0.6931 0.4911 0.4911
018 030 0.4911 0.4412 0.4412 0.6931
019 020 0.2352 0.4412 0.4911 0.6931
019 031 0.4911 0.2352 0.4911 0.6931
020 021 0.4412 0.6931 0.4412 0.4911
020 032 0.2352 0.4911 0.6931 0.4911
021 022 0.4911 0.4412 0.2352 0.4412
021 033 0.4911 0.6931 0.6931 0.2352
022 023 0.4412 0.2352 0.4911 0.4911
022 034 0.6931 0.6931 0.4911 0.2352
023 012 0.4911 0.2352 0.2352 0.6931
023 035 0.4412 0.4412 0.4412 0.6931
024 025 0.2352 0.4412 0.2352 0.4911
024 036 0.4412 0.2352 0.4412 0.4911
025 026 0.6931 0.6931 0.4911 0.6931
025 037 0.2352 0.6931 0.6931 0.4911
026 027 0.6931 0.4412 0.2352 0.2352
026 038 0.6931 0.4911 0.6931 0.2352
027 028 0.2352 0.4911 0.6931 0.2352
027 039 0.2352 0.6931 0.4911 0.2352
028 029 0.6931 0.6931 0.4911 0.4911
028 040 0.2352 0.2352 0.4911 0.2352
029 030 0.2352 0.6931 0.2352 0.2352
029 041 0.6931 0.4911 0.4911 0.2352
030 031 0.2352 0.2352 0.4412 0.4911
030 042 0.4412 0.6931 0.2352 0.4412
031 032 0.4412 0.2352 0.2352 0.4911
031 043 0.6931 0.4911 0.4911 0.4412
032 033 0.6931 0.4911 0.6931 0.6931
032 044 0.4412 0.2352 0.2352 0.4911
033 034 0.4911 0.2352 0.4412 0.4412
033 045 0.4412 0.4911 0.2352 0.6931
034 035 0.2352 0.4412 0.2352 0.4911
034 046 0.2352 0.4911 0.4412 0.4412
035 024 0.6931 0.4911 0.4412 0.2352
035 047 0.4412 0.4412 0.4412 0.4412
036 037 0.4412 0.2352 0.4911 0.4412
036 048 0.6931 0.4911 0.4412 0.6931
037 038 0.4911 0.4911 0.4911 0.2352
037 049 0.4911 0.4412 0.2352 0.2352
038 039 0.2352 0.2352 0.4911 0.2352
038 050 0.4412 0.4911 0.4911 0.4412
039 040 0.4412 0.6931 0.4412 0.4911
039 051 0.4412 0.4911 0.2352 0.4412
040 041 0.2352 0.4911 0.4911 0.4412
040 052 0.4412 0.4911 0.2352 0.6931
041 042 0.4412 0.2352 0.4911 0.4412
041 053 0.2352 0.4412 0.4412 0.6931
042 043 0.4412 0.4911 0.6931 0.4412
042 054 0.6931 0.2352 0.4911 0.4412
043 044 0.4412 0.4911 0.2352 0.2352
043 055 0.4911 0.2352 0.4412 0.4412
044 045 0.4412 0.2352 0.2352 0.6931
044 056 0.2352 0.4412 0.4911 0.4412
045 046 0.4911 0.4412 0.4412 0.4412
045 057 0.4412 0.4412 0.4412 0.4911
046 047 0.2352 0.4412 0.4911 0.6931
046 058 0.4911 0.4911 0.6931 0.4412
047 036 0.4412 0.4412 0.6931 0.6931
047 059 0.6931 0.4412 0.2352 0.2352
048 049 0.6931 0.4412 0.6931 0.4911
048 060 0.4412 0.4412 0.4911 0.4911
049 050 0.4412 0.2352 0.2352 0.2352
049 061 0.4911 0.4412 0.4412 0.4412
050 051 0.6931 0.4412 0.4911 0.2352
050 062 0.4412 0.4412 0.4911 0.4911
051 052 0.2352 0.4412 0.4412 0.4911
051 063 0.4412 0.6931 0.4911 0.6931
052 053 0.6931 0.4911 0.6931 0.4911
052 064 0.4412 0.4412 0.4911 0.4911
053 054 0.6931 0.6931 0.4911 0.4412
053 065 0.4412 0.6931 0.4412 0.6931
054 055 0.4412 0.4412 0.4911 0.6931
054 066 0.6931 0.6931 0.6931 0.2352
055 056 0.2352 0.4911 0.6931 0.4911
055 067 0.2352 0.6931 0.2352 0.4911
056 057 0.6931 0.4412 0.6931 0.6931
056 068 0.4412 0.6931 0.4911 0.4911
057 058 0.2352 0.4911 0.4412 0.2352
057 069 0.4412 0.6931 0.2352 0.4911
058 059 0.4911 0.4911 0.6931 0.2352
058 070 0.4412 0.4412 0.4412 0.6931
059 048 0.6931 0.4911 0.2352 0.6931
059 071 0.4911 0.6931 0.4911 0.6931
060 061 0.2352 0.6931 0.4911 0.2352
060 072 0.4412 0.6931 0.2352 0.4911
061 062 0.4412 0.4412 0.6931 0.4412
061 073 0.6931 0.4412 0.2352 0.6931
062 063 0.4412 0.4911 0.4412 0.2352
062 074 0.6931 0.2352 0.4412 0.6931
063 064 0.4911 0.6931 0.4911 0.4911
063 075 0.4911 0.4911 0.2352 0.4911
064 065 0.4412 0.4911 0.4412 0.2352
064 076 0.6931 0.2352 0.2352 0.4911
065 066 0.4412 0.4412 0.2352 0.6931
065 077 0.4412 0.4911 0.4412 0.6931
066 067 0.4911 0.4412 0.6931 0.4412
066 078 0.4911 0.6931 0.6931 0.4412
067 068 0.2352 0.6931 0.4911 0.6931
067 079 0.6931 0.4911 0.2352 0.4412
068 069 0.6931 0.4911 0.6931 0.4911
068 080 0.4412 0.6931 0.6931 0.2352
069 070 0.4911 0.6931 0.4911 0.4412
069 081 0.4911 0.4412 0.6931 0.4412
070 071 0.4412 0.2352 0.4412 0.4412
070 082 0.4412 0.2352 0.4412 0.4412
071 060 0.4412 0.4412 0.4412 0.4412
071 083 0.2352 0.4911 0.2352 0.2352
072 073 0.2352 0.6931 0.4911 0.4911
072 084 0.6931 0.6931 0.4911 0.6931
073 074 0.6931 0.6931 0.4911 0.4911
073 085 0.4911 0.4412 0.4911 0.4911
074 075 0.6931 0.6931 0.2352 0.6931
074 086 0.6931 0.6931 0.4911 0.6931
075 076 0.4412 0.4412 0.4911 0.4412
075 087 0.6931 0.4412 0.6931 0.2352
076 077 0.4412 0.2352 0.4412 0.2352
076 088 0.4911 0.6931 0.2352 0.2352
077 078 0.4911 0.4911 0.2352 0.6931
077 089 0.6931 0.6931 0.2352 0.2352
078 079 0.2352 0.6931 0.6931 0.4412
078 090 0.6931 0.4412 0.6931 0.6931
079 080 0.6931 0.2352 0.2352 0.6931
079 091 0.6931 0.4412 0.4911 0.6931
080 081 0.4911 0.4412 0.4911 0.6931
080 092 0.2352 0.6931 0.2352 0.6931
081 082 0.4412 0.2352 0.2352 0.6931
081 093 0.4911 0.2352 0.2352 0.4412
082 083 0.6931 0.6931 0.2352 0.2352
082 094 0.6931 0.4412 0.6931 0.2352
083 072 0.6931 0.4412 0.4412 0.4412
083 095 0.4412 0.4911 0.4412 0.4911
084 085 0.4911 0.2352 0.4911 0.4911
084 096 0.4412 0.4412 0.2352 0.6931
085 086 0.6931 0.2352 0.2352 0.4911
085 097 0.4412 0.6931 0.4911 0.4412
086 087 0.4412 0.4911 0.6931 0.4911
086 098 0.6931 0.2352 0.6931 0.6931
087 088 0.4412 0.2352 0.4911 0.4412
087 099 0.2352 0.2352 0.6931 0.4911
088 089 0.4911 0.4911 0.4412 0.2352
088 100 0.4911 0.4412 0.6931 0.4911
089 090 0.4412 0.4412 0.2352 0.4412
089 101 0.6931 0.2352 0.4911 0.4911
090 091 0.2352 0.4911 0.6931 0.4911
090 102 0.4911 0.4911 0.2352 0.4911
091 092 0.6931 0.4911 0.2352 0.2352
091 103 0.4911 0.4412 0.2352 0.4911
092 093 0.4911 0.4412 0.2352 0.4911
092 104 0.6931 0.4412 0.2352 0.4412
093 094 0.4412 0.2352 0.4412 0.4412
093 105 0.4911 0.4412 0.2352 0.4911
094 095 0.4911 0.4911 0.2352 0.4911
094 106 0.4412 0.4911 0.2352 0.2352
095 084 0.4911 0.4911 0.6931 0.6931
095 107 0.4412 0.6931 0.6931 0.4412
096 097 0.4911 0.4911 0.6931 0.6931
096 108 0.2352 0.4412 0.4911 0.2352
097 098 0.4412 0.4911 0.6931 0.4412
097 109 0.2352 0.4412 0.2352 0.6931
098 099 0.2352 0.6931 0.4412 0.4911
098 110 0.2352 0.4412 0.4911 0.4412
099 100 0.6931 0.4412 0.4412 0.2352
099 111 0.2352 0.6931 0.6931 0.6931
100 101 0.6931 0.4911 0.4911 0.6931
100 112 0.4911 0.6931 0.2352 0.6931
101 102 0.4911 0.4911 0.4911 0.4412
101 113 0.2352 0.6931 0.6931 0.4412
102 103 0.2352 0.4412 0.4911 0.6931
102 114 0.6931 0.4911 0.4911 0.6931
103 104 0.4412 0.4412 0.4412 0.4911
103 115 0.4911 0.2352 0.2352 0.6931
104 105 0.6931 0.2352 0.4911 0.4911
104 116 0.4911 0.6931 0.4911 0.2352
105 106 0.2352 0.4911 0.2352 0.6931
105 117 0.4412 0.4412 0.4412 0.4911
106 107 0.4911 0.4412 0.4911 0.2352
106 118 0.2352 0.6931 0.2352 0.2352
107 096 0.2352 0.4412 0.4911 0.4412
107 119 0.4911 0.2352 0.6931 0.6931
108 109 0.6931 0.2352 0.4412 0.4412
108 120 0.6931 0.2352 0.4412 0.6931
109 110 0.2352 0.4412 0.2352 0.2352
109 121 0.4911 0.2352 0.4911 0.4911
110 111 0.4412 0.4911 0.4412 0.4911
110 122 0.4412 0.4911 0.6931 0.2352
111 112 0.2352 0.4911 0.4412 0.4412
111 123 0.2352 0.4412 0.2352 0.4412
112 113 0.2352 0.6931 0.4911 0.6931
112 124 0.4412 0.6931 0.2352 0.2352
113 114 0.4412 0.4412 0.4911 0.4412
113 125 0.4911 0.4911 0.4911 0.2352
114 115 0.6931 0.4412 0.4911 0.4911
114 126 0.4911 0.4412 0.4911 0.4911
115 116 0.2352 0.4911 0.6931 0.2352
115 127 0.4911 0.4412 0.4412 0.6931
116 117 0.4412 0.2352 0.6931 0.2352
116 128 0.2352 0.6931 0.4911 0.4911
117 118 0.4911 0.4412 0.6931 0.4412
117 129 0.6931 0.2352 0.4911 0.4412
118 119 0.4911 0.4412 0.4911 0.2352
118 130 0.6931 0.4911 0.2352 0.4911
119 108 0.4911 0.4911 0.6931 0.4911
119 131 0.4412 0.4911 0.4911 0.4412
120 121 0.4911 0.6931 0.4911 0.4911
120 132 0.2352 0.6931 0.4911 0.6931
121 122 0.2352 0.4911 0.4911 0.4911
121 133 0.4412 0.4412 0.4911 0.2352
122 123 0.2352 0.4412 0.2352 0.4911
122 134 0.4412 0.2352 0.4412 0.4412
123 124 0.6931 0.2352 0.6931 0.6931
123 135 0.6931 0.2352 0.4412 0.4911
124 125 0.2352 0.2352 0.4911 0.6931
124 136 0.4911 0.4412 0.4911 0.4911
125 126 0.4412 0.4412 0.4412 0.6931
125 137 0.2352 0.6931 0.4412 0.4412
126 127 0.4911 0.4412 0.2352 0.4412
126 138 0.6931 0.6931 0.4911 0.4412
127 128 0.6931 0.6931 0.4911 0.4911
127 139 0.4412 0.4412 0.6931 0.6931
128 129 0.4911 0.6931 0.2352 0.4412
128 140 0.4911 0.2352 0.4412 0.4412
129 130 0.4412 0.6931 0.4412 0.4412
129 141 0.4412 0.6931 0.6931 0.4412
130 131 0.4412 0.6931 0.4911 0.6931
130 142 0.4412 0.4911 0.2352 0.6931
131 120 0.6931 0.2352 0.2352 0.4412
131 011 0.4412 0.6931 0.2352 0.6931
132 133 0.4412 0.4911 0.4412 0.4412
132 000 0.4412 0.6931 0.2352 0.4911
133 134 0.2352 0.4911 0.4911 0.2352
133 001 0.4911 0.4412 0.6931 0.6931
134 135 0.4412 0.4412 0.4911 0.4911
134 002 0.4412 0.2352 0.4412 0.4412
135 136 0.2352 0.2352 0.4911 0.6931
135 003 0.4412 0.6931 0.4911 0.4412
136 137 0.4911 0.4911 0.4911 0.4412
136 004 0.4412 0.4412 0.4911 0.4911
137 138 0.2352 0.2352 0.6931 0.6931
137 005 0.4911 0.6931 0.2352 0.4412
138 139 0.2352 0.4911 0.6931 0.4412
138 006 0.2352 0.4412 0.4412 0.4911
139 140 0.4412 0.4911 0.4911 0.4911
139 007 0.2352 0.2352 0.2352 0.6931
140 141 0.6931 0.4412 0.2352 0.6931
140 008 0.4412 0.6931 0.6931 0.4412
141 142 0.2352 0.4911 0.2352 0.6931
141 009 0.4412 0.4911 0.2352 0.6931
142 132 0.4911 0.2352 0.2352 0.4911
142 010 0.4412 0.2352 0.4911 0.4911
