143 002556 2 286
000 001 0.6055 0.2126 0.6055 0.6055
000 012 0.2987 0.2987 0.2978 0.2126
001 002 0.2126 0.2126 0.2126 0.2978
001 013 0.2978 0.2978 0.6055 0.2126
002 003 0.6055 0.2987 0.2987 0.6055
002 014 0.2126 0.2978 0.2126 0.2978
003 004 0.2987 0.6055 0.2126 0.6055
003 015 0.2126 0.2987 0.2126 0.2126
004 005 0.2987 0.2126 0.2126 0.2126
004 016 0.2126 0.2987 0.6055 0.2978
005 006 0.2978 0.2126 0.2126 0.2126
005 017 0.2978 0.2978 0.2978 0.2126
006 007 0.2987 0.2987 0.6055 0.2978
006 018 0.2978 0.2987 0.2978 0.2987
007 008 0.6055 0.2987 0.2978 0.6055
007 019 0.2987 0.6055 0.2987 0.2987
008 009 0.6055 0.2126 0.2978 0.2987
008 020 0.2126 0.6055 0.2978 0.2978
009 010 0.2987 0.6055 0.2978 0.2978
009 021 0.2987 0.2987 0.2987 0.6055
010 011 0.2978 0.6055 0.2126 0.2126
010 022 0.2978 0.2126 0.2126 0.2978
011 000 0.6055 0.2987 0.2978 0.6055
011 023 0.2978 0.2978 0.2126 0.2987
012 013 0.2987 0.6055 0.2126 0.6055
012 024 0.2978 0.2126 0.6055 0.2978
013 014 0.2126 0.2978 0.2987 0.2126
013 025 0.2987 0.2978 0.2126 0.2126
014 015 0.2126 0.2126 0.2126 0.2978
014 026 0.2126 0.2987 0.6055 0.2987
015 016 0.2978 0.2987 0.2987 0.2126
015 027 0.2987 0.6055 0.2987 0.2126
016 017 0.2126 0.2978 0.6055 0.6055
016 028 0.2978 0.2978 0.6055 0.6055
017 018 0.6055 0.2987 0.2987 0.2126
017 029 0.2987 0.2978 0.2126 0.2978
018 019 0.2987 0.2126 0.2978 0.6055
018 030 0.2987 0.6055 0.2987 0.2978
019 020 0.2126 0.2987 0.2978 0.6055
019 031 0.2126 0.2987 0.2978 0.2126
020 021 0.2126 0.6055 0.6055 0.6055
020 032 0.2978 0.6055 0.2978 0.6055
021 022 0.2126 0.2126 0.2978 0.2126
021 033 0.2126 0.2126 0.2987 0.2987
022 023 0.2126 0.2978 0.6055 0.6055
022 034 0.2987 0.2978 0.2978 0.6055
023 012 0.2126 0.2987 0.2987 0.2978
023 035 0.2987 0.2987 0.2978 0.2987
024 025 0.2978 0.2126 0.2126 0.6055
024 036 0.2126 0.2987 0.2126 0.6055
025 026 0.6055 0.2126 0.2978 0.2126
025 037 0.2978 0.2126 0.2126 0.2987
026 027 0.2978 0.6055 0.2126 0.2987
026 038 0.2978 0.6055 0.2987 0.6055
027 028 0.2126 0.2126 0.2126 0.2978
027 039 0.2987 0.2987 0.2987 0.2987
028 029 0.6055 0.6055 0.2126 0.2978
028 040 0.2978 0.2978 0.2126 0.2987
029 030 0.2987 0.2126 0.2987 0.6055
029 041 0.6055 0.2978 0.2987 0.2987
030 031 0.2126 0.2126 0.2126 0.6055
030 042 0.2978 0.2978 0.2987 0.2978
031 032 0.2126 0.6055 0.6055 0.2987
031 043 0.2987 0.2978 0.2987 0.6055
032 033 0.2978 0.2987 0.2987 0.2987
032 044 0.2126 0.2978 0.2978 0.2126
033 034 0.2126 0.6055 0.2987 0.6055
033 045 0.6055 0.2987 0.2987 0.6055
034 035 0.2126 0.6055 0.6055 0.2978
034 046 0.2978 0.2126 0.2978 0.2978
035 024 0.6055 0.2126 0.2987 0.2987
035 047 0.2978 0.2987 0.2987 0.2126
036 037 0.6055 0.2978 0.2126 0.2126
036 048 0.2987 0.2978 0.2126 0.2126
037 038 0.2987 0.2987 0.2978 0.2126
037 049 0.2978 0.2126 0.2978 0.2978
038 039 0.2978 0.2978 0.2978 0.2978
038 050 0.2126 0.2978 0.2978 0.2987
039 040 0.6055 0.6055 0.6055 0.2978
039 051 0.6055 0.6055 0.2126 0.6055
040 041 0.2126 0.2978 0.2126 0.2978
040 052 0.6055 0.2987 0.6055 0.2978
041 042 0.2126 0.2978 0.2987 0.2987
041 053 0.2126 0.2978 0.2987 0.6055
042 043 0.2987 0.2987 0.2126 0.2987
042 054 0.2987 0.2987 0.2126 0.2126
043 044 0.2978 0.2126 0.2126 0.2978
043 055 0.2987 0.2987 0.2126 0.2978
044 045 0.2126 0.2126 0.2126 0.2987
044 056 0.2987 0.2978 0.2978 0.2126
045 046 0.6055 0.2978 0.6055 0.2126
045 057 0.2987 0.6055 0.2987 0.2978
046 047 0.6055 0.2978 0.2978 0.6055
046 058 0.2978 0.2978 0.2126 0.2978
047 036 0.6055 0.2987 0.6055 0.6055
047 059 0.6055 0.2126 0.2978 0.6055
048 049 0.2987 0.2987 0.6055 0.2987
048 060 0.2987 0.2987 0.2987 0.2987
049 050 0.2126 0.2126 0.6055 0.2978
049 061 0.2126 0.2987 0.2987 0.2978
050 051 0.2987 0.2978 0.2978 0.2126
050 062 0.6055 0.6055 0.2987 0.2126
051 052 0.2978 0.2978 0.2978 0.2126
051 063 0.6055 0.2987 0.2126 0.2978
052 053 0.6055 0.2987 0.2978 0.2126
052 064 0.6055 0.6055 0.6055 0.2126
053 054 0.2978 0.2126 0.6055 0.2126
053 065 0.6055 0.2987 0.2126 0.6055
054 055 0.2987 0.2987 0.2126 0.2987
054 066 0.2987 0.2126 0.2978 0.6055
055 056 0.2978 0.2126 0.2978 0.2987
055 067 0.2978 0.2978 0.2987 0.6055
056 057 0.2978 0.2987 0.2987 0.6055
056 068 0.2987 0.2126 0.2126 0.6055
057 058 0.2126 0.2987 0.2987 0.2987
057 069 0.2978 0.2987 0.2987 0.6055
058 059 0.2978 0.2987 0.2126 0.2126
058 070 0.2978 0.6055 0.2987 0.6055
059 048 0.6055 0.2126 0.2126 0.2987
059 071 0.2987 0.2987 0.2126 0.2987
060 061 0.2978 0.6055 0.2978 0.2978
060 072 0.2978 0.2978 0.6055 0.6055
061 062 0.6055 0.2126 0.2987 0.6055
061 073 0.2987 0.2987 0.2126 0.2978
062 063 0.2126 0.2126 0.6055 0.6055
062 074 0.2978 0.2978 0.6055 0.2126
063 064 0.2978 0.6055 0.6055 0.2978
063 075 0.6055 0.2126 0.2987 0.2126
064 065 0.2978 0.2126 0.2978 0.2978
064 076 0.2987 0.2987 0.2987 0.2987
065 066 0.2978 0.2987 0.6055 0.2978
065 077 0.6055 0.2978 0.2978 0.2978
066 067 0.2126 0.2987 0.2978 0.2978
066 078 0.2978 0.2978 0.2987 0.6055
067 068 0.2978 0.6055 0.2978 0.6055
067 079 0.2126 0.2978 0.2126 0.6055
068 069 0.2987 0.2978 0.2126 0.6055
068 080 0.2987 0.2987 0.2978 0.2987
069 070 0.2126 0.6055 0.6055 0.2978
069 081 0.6055 0.6055 0.2126 0.2978
070 071 0.2978 0.2978 0.2987 0.2978
070 082 0.6055 0.2987 0.2126 0.2126
071 060 0.6055 0.2978 0.6055 0.6055
071 083 0.2987 0.2987 0.2126 0.6055
072 073 0.2978 0.2987 0.2978 0.2987
072 084 0.6055 0.6055 0.2987 0.2987
073 074 0.6055 0.2978 0.2987 0.2126
073 085 0.2987 0.6055 0.2978 0.2978
074 075 0.2987 0.2978 0.2978 0.2126
074 086 0.2987 0.6055 0.2987 0.2126
075 076 0.2126 0.2978 0.2126 0.6055
075 087 0.2126 0.2126 0.2987 0.2987
076 077 0.2987 0.2987 0.2978 0.2987
076 088 0.6055 0.2987 0.2987 0.2978
077 078 0.2978 0.2987 0.2978 0.2978
077 089 0.2126 0.2126 0.2978 0.2126
078 079 0.6055 0.6055 0.2126 0.2987
078 090 0.2126 0.2126 0.2978 0.2987
079 080 0.2978 0.2987 0.2987 0.2126
079 091 0.2987 0.2978 0.2987 0.2978
080 081 0.2126 0.2978 0.6055 0.2987
080 092 0.2126 0.6055 0.2978 0.2126
081 082 0.2978 0.2126 0.6055 0.6055
081 093 0.6055 0.2987 0.2987 0.2978
082 083 0.2987 0.6055 0.2126 0.2987
082 094 0.2126 0.2987 0.2987 0.6055
083 072 0.2978 0.2126 0.2978 0.6055
083 095 0.2987 0.2978 0.6055 0.2978
084 085 0.2978 0.2126 0.6055 0.2987
084 096 0.6055 0.2126 0.2987 0.2978
085 086 0.2978 0.2987 0.2978 0.6055
085 097 0.2978 0.2978 0.2126 0.2987
086 087 0.2978 0.6055 0.2978 0.2978
086 098 0.2978 0.6055 0.6055 0.2987
087 088 0.2126 0.2126 0.2978 0.6055
087 099 0.2987 0.2987 0.2978 0.2987
088 089 0.2978 0.2987 0.2987 0.2978
088 100 0.2126 0.6055 0.2978 0.2987
089 090 0.2978 0.2978 0.2978 0.6055
089 101 0.2978 0.6055 0.2978 0.6055
090 091 0.6055 0.2126 0.6055 0.2126
090 102 0.2987 0.2126 0.6055 0.2987
091 092 0.6055 0.2978 0.2987 0.2978
091 103 0.6055 0.2978 0.2126 0.2987
092 093 0.2987 0.2978 0.6055 0.2126
092 104 0.2987 0.2987 0.2126 0.6055
093 094 0.2987 0.2978 0.2126 0.6055
093 105 0.2987 0.6055 0.2126 0.6055
094 095 0.6055 0.6055 0.6055 0.2126
094 106 0.6055 0.2987 0.2978 0.2987
095 084 0.6055 0.2978 0.2987 0.2987
095 107 0.6055 0.6055 0.2978 0.2126
096 097 0.2987 0.2126 0.2987 0.2978
096 108 0.2126 0.2978 0.2126 0.6055
097 098 0.6055 0.2978 0.2126 0.2126
097 109 0.2126 0.2978 0.2987 0.2126
098 099 0.6055 0.2987 0.2978 0.6055
098 110 0.2126 0.6055 0.6055 0.2978
099 100 0.2987 0.2987 0.2978 0.2987
099 111 0.2978 0.2978 0.2978 0.2126
100 101 0.2978 0.2987 0.6055 0.2126
100 112 0.2126 0.6055 0.2987 0.2978
101 102 0.6055 0.6055 0.6055 0.2987
101 113 0.2987 0.2126 0.6055 0.2978
102 103 0.6055 0.2987 0.2978 0.6055
102 114 0.2978 0.2126 0.2978 0.2126
103 104 0.2978 0.2978 0.6055 0.2126
103 115 0.2978 0.2126 0.2978 0.2978
104 105 0.6055 0.6055 0.2978 0.2978
104 116 0.2978 0.6055 0.2978 0.2987
105 106 0.6055 0.6055 0.6055 0.2978
105 117 0.2126 0.2987 0.2126 0.2987
106 107 0.2126 0.2987 0.6055 0.2987
106 118 0.6055 0.2126 0.2987 0.6055
107 096 0.2978 0.6055 0.2126 0.2126
107 119 0.2978 0.2978 0.2987 0.2126
108 109 0.2126 0.6055 0.6055 0.2978
108 120 0.2126 0.2987 0.2978 0.2978
109 110 0.2987 0.2978 0.6055 0.2978
109 121 0.2978 0.2126 0.2987 0.2978
110 111 0.2126 0.6055 0.2978 0.2126
110 122 0.2126 0.2126 0.2978 0.2987
111 112 0.6055 0.2978 0.2978 0.6055
111 123 0.6055 0.2126 0.2987 0.2978
112 113 0.2978 0.6055 0.2987 0.2987
112 124 0.2978 0.2978 0.2978 0.2978
113 114 0.2126 0.6055 0.2126 0.2978
113 125 0.2126 0.2978 0.6055 0.2978
114 115 0.2126 0.2987 0.6055 0.6055
114 126 0.2126 0.2987 0.2126 0.2126
115 116 0.2978 0.2987 0.2126 0.2978
115 127 0.2126 0.2987 0.6055 0.2126
116 117 0.2126 0.2126 0.2126 0.2126
116 128 0.2978 0.2987 0.2126 0.2126
117 118 0.2987 0.2126 0.6055 0.2978
117 129 0.2126 0.2987 0.2987 0.6055
118 119 0.2126 0.2987 0.2978 0.6055
118 130 0.2987 0.2126 0.2978 0.2978
119 108 0.6055 0.6055 0.6055 0.2978
119 131 0.6055 0.6055 0.2987 0.2978
120 121 0.2978 0.6055 0.6055 0.2987
120 132 0.2987 0.2987 0.2978 0.2978
121 122 0.6055 0.2126 0.2978 0.2126
121 133 0.2978 0.2978 0.2987 0.2978
122 123 0.6055 0.2126 0.6055 0.6055
122 134 0.2987 0.2978 0.2987 0.6055
123 124 0.6055 0.6055 0.2126 0.2978
123 135 0.2978 0.2126 0.6055 0.2126
124 125 0.2126 0.2987 0.2987 0.2978
124 136 0.6055 0.6055 0.2978 0.2987
125 126 0.2126 0.2978 0.2987 0.6055
125 137 0.2126 0.2978 0.2987 0.2978
126 127 0.2987 0.2126 0.2978 0.2987
126 138 0.2978 0.2987 0.2987 0.2978
127 128 0.6055 0.2978 0.2126 0.6055
127 139 0.2978 0.2126 0.2126 0.2126
128 129 0.2987 0.2978 0.6055 0.2987
128 140 0.2987 0.2978 0.2987 0.2978
129 130 0.6055 0.6055 0.2126 0.2978
129 141 0.2978 0.6055 0.2126 0.2987
130 131 0.2987 0.6055 0.2978 0.2978
130 142 0.6055 0.6055 0.6055 0.2978
131 120 0.2126 0.2126 0.2987 0.2987
131 011 0.2978 0.2978 0.2126 0.2978
132 133 0.2987 0.6055 0.2987 0.6055
132 000 0.2126 0.2978 0.2987 0.2978
133 134 0.6055 0.6055 0.6055 0.2978
133 001 0.6055 0.2126 0.2126 0.2978
134 135 0.2978 0.2978 0.2126 0.2126
134 002 0.2987 0.2978 0.2978 0.2126
135 136 0.2126 0.2126 0.2126 0.2978
135 003 0.2987 0.2126 0.6055 0.6055
136 137 0.2987 0.6055 0.6055 0.2978
136 004 0.6055 0.2126 0.2978 0.2978
137 138 0.2126 0.6055 0.2987 0.2978
137 005 0.2978 0.2987 0.6055 0.2126
138 139 0.2987 0.6055 0.2987 0.2987
138 006 0.6055 0.6055 0.6055 0.2978
139 140 0.6055 0.6055 0.6055 0.6055
139 007 0.2978 0.2987 0.6055 0.2987
140 141 0.2987 0.2978 0.2978 0.6055
140 008 0.2978 0.2987 0.2978 0.6055
141 142 0.2978 0.2978 0.2987 0.2126
141 009 0.2987 0.2987 0.2987 0.2987
142 132 0.6055 0.2978 0.2987 0.2978
142 010 0.2987 0.2987 0.2126 0.2978
