143 002556 2 286
000 001 0.6598 0.6598 0.4242 0.6598
000 012 0.3901 0.4242 0.2146 0.3901
001 002 0.3901 0.4242 0.3901 0.6598
001 013 0.6598 0.6598 0.3901 0.3901
002 003 0.4242 0.3901 0.3901 0.3901
002 014 0.4242 0.6598 0.6598 0.6598
003 004 0.6598 0.6598 0.3901 0.6598
003 015 0.3901 0.4242 0.6598 0.3901
004 005 0.2146 0.4242 0.3901 0.4242
004 016 0.6598 0.2146 0.4242 0.3901
005 006 0.2146 0.6598 0.2146 0.3901
005 017 0.4242 0.6598 0.4242 0.4242
006 007 0.3901 0.3901 0.2146 0.6598
006 018 0.6598 0.6598 0.6598 0.6598
007 008 0.3901 0.4242 0.3901 0.2146
007 019 0.2146 0.6598 0.2146 0.6598
008 009 0.3901 0.4242 0.3901 0.6598
008 020 0.2146 0.6598 0.2146 0.2146
009 010 0.4242 0.3901 0.3901 0.2146
009 021 0.2146 0.6598 0.4242 0.4242
010 011 0.4242 0.6598 0.6598 0.2146
010 022 0.4242 0.4242 0.6598 0.4242
011 000 0.6598 0.6598 0.6598 0.3901
011 023 0.2146 0.3901 0.6598 0.2146
012 013 0.3901 0.3901 0.3901 0.6598
012 024 0.6598 0.4242 0.4242 0.3901
013 014 0.2146 0.4242 0.3901 0.6598
013 025 0.4242 0.3901 0.2146 0.6598
014 015 0.4242 0.2146 0.2146 0.3901
014 026 0.4242 0.4242 0.3901 0.6598
015 016 0.6598 0.2146 0.6598 0.3901
015 027 0.2146 0.3901 0.3901 0.2146
016 017 0.6598 0.2146 0.6598 0.6598
016 028 0.2146 0.6598 0.6598 0.3901
017 018 0.2146 0.6598 0.3901 0.3901
017 029 0.6598 0.4242 0.2146 0.4242
018 019 0.6598 0.2146 0.3901 0.2146
018 030 0.3901 0.4242 0.4242 0.4242
019 020 0.3901 0.3901 0.4242 0.6598
019 031 0.6598 0.3901 0.3901 0.2146
020 021 0.3901 0.2146 0.2146 0.3901
020 032 0.2146 0.4242 0.2146 0.2146
021 022 0.6598 0.4242 0.6598 0.2146
021 033 0.2146 0.6598 0.4242 0.2146
022 023 0.6598 0.3901 0.6598 0.4242
022 034 0.6598 0.3901 0.4242 0.4242
023 012 0.6598 0.4242 0.6598 0.4242
023 035 0.2146 0.2146 0.6598 0.2146
024 025 0.4242 0.2146 0.6598 0.2146
024 036 0.6598 0.6598 0.2146 0.2146
025 026 0.3901 0.4242 0.3901 0.3901
025 037 0.6598 0.2146 0.3901 0.4242
026 027 0.4242 0.2146 0.2146 0.3901
026 038 0.6598 0.6598 0.6598 0.3901
027 028 0.3901 0.3901 0.3901 0.4242
027 039 0.4242 0.3901 0.6598 0.2146
028 029 0.2146 0.6598 0.6598 0.6598
028 040 0.2146 0.3901 0.3901 0.3901
029 030 0.6598 0.6598 0.2146 0.4242
029 041 0.3901 0.4242 0.3901 0.4242
030 031 0.3901 0.3901 0.2146 0.4242
030 042 0.6598 0.3901 0.6598 0.4242
031 032 0.4242 0.3901 0.4242 0.3901
031 043 0.6598 0.3901 0.6598 0.4242
032 033 0.2146 0.4242 0.6598 0.2146
032 044 0.3901 0.4242 0.6598 0.2146
033 034 0.3901 0.4242 0.6598 0.3901
033 045 0.2146 0.6598 0.2146 0.6598
034 035 0.3901 0.6598 0.2146 0.6598
034 046 0.2146 0.6598 0.2146 0.6598
035 024 0.6598 0.4242 0.6598 0.6598
035 047 0.2146 0.3901 0.6598 0.2146
036 037 0.2146 0.4242 0.3901 0.6598
036 048 0.4242 0.4242 0.4242 0.4242
037 038 0.2146 0.2146 0.4242 0.4242
037 049 0.6598 0.6598 0.2146 0.6598
038 039 0.6598 0.2146 0.2146 0.2146
038 050 0.6598 0.2146 0.6598 0.6598
039 040 0.2146 0.2146 0.6598 0.2146
039 051 0.4242 0.3901 0.4242 0.2146
040 041 0.2146 0.2146 0.6598 0.6598
040 052 0.4242 0.4242 0.6598 0.4242
041 042 0.3901 0.3901 0.4242 0.4242
041 053 0.3901 0.4242 0.6598 0.4242
042 043 0.2146 0.4242 0.2146 0.4242
042 054 0.3901 0.4242 0.3901 0.4242
043 044 0.6598 0.4242 0.6598 0.4242
043 055 0.3901 0.3901 0.3901 0.6598
044 045 0.2146 0.2146 0.4242 0.3901
044 056 0.4242 0.4242 0.3901 0.2146
045 046 0.4242 0.6598 0.3901 0.3901
045 057 0.6598 0.6598 0.6598 0.2146
046 047 0.2146 0.4242 0.4242 0.4242
046 058 0.3901 0.3901 0.3901 0.6598
047 036 0.6598 0.6598 0.4242 0.2146
047 059 0.6598 0.4242 0.4242 0.2146
048 049 0.3901 0.4242 0.3901 0.6598
048 060 0.2146 0.3901 0.6598 0.3901
049 050 0.6598 0.2146 0.6598 0.2146
049 061 0.4242 0.3901 0.2146 0.3901
050 051 0.4242 0.2146 0.3901 0.6598
050 062 0.2146 0.4242 0.6598 0.6598
051 052 0.2146 0.6598 0.4242 0.3901
051 063 0.2146 0.6598 0.2146 0.4242
052 053 0.4242 0.4242 0.6598 0.4242
052 064 0.4242 0.3901 0.4242 0.4242
053 054 0.4242 0.4242 0.4242 0.2146
053 065 0.4242 0.3901 0.3901 0.2146
054 055 0.3901 0.3901 0.3901 0.2146
054 066 0.6598 0.6598 0.4242 0.3901
055 056 0.4242 0.4242 0.2146 0.6598
055 067 0.2146 0.2146 0.4242 0.4242
056 057 0.2146 0.3901 0.3901 0.4242
056 068 0.4242 0.2146 0.3901 0.3901
057 058 0.4242 0.6598 0.6598 0.6598
057 069 0.6598 0.2146 0.4242 0.3901
058 059 0.2146 0.6598 0.2146 0.4242
058 070 0.4242 0.4242 0.6598 0.3901
059 048 0.6598 0.6598 0.4242 0.3901
059 071 0.6598 0.3901 0.4242 0.2146
060 061 0.2146 0.3901 0.6598 0.3901
060 072 0.3901 0.4242 0.6598 0.6598
061 062 0.4242 0.6598 0.4242 0.6598
061 073 0.4242 0.3901 0.3901 0.2146
062 063 0.3901 0.2146 0.2146 0.2146
062 074 0.4242 0.6598 0.6598 0.2146
063 064 0.6598 0.3901 0.3901 0.2146
063 075 0.2146 0.6598 0.4242 0.2146
064 065 0.4242 0.3901 0.3901 0.3901
064 076 0.6598 0.6598 0.3901 0.4242
065 066 0.6598 0.3901 0.2146 0.2146
065 077 0.2146 0.2146 0.6598 0.4242
066 067 0.4242 0.2146 0.4242 0.6598
066 078 0.2146 0.2146 0.4242 0.6598
067 068 0.2146 0.4242 0.6598 0.6598
067 079 0.4242 0.2146 0.2146 0.6598
068 069 0.2146 0.4242 0.3901 0.6598
068 080 0.4242 0.3901 0.2146 0.6598
069 070 0.3901 0.6598 0.4242 0.6598
069 081 0.6598 0.6598 0.2146 0.3901
070 071 0.2146 0.4242 0.6598 0.2146
070 082 0.3901 0.4242 0.2146 0.2146
071 060 0.2146 0.3901 0.6598 0.3901
071 083 0.2146 0.4242 0.2146 0.4242
072 073 0.3901 0.3901 0.3901 0.4242
072 084 0.4242 0.4242 0.4242 0.2146
073 074 0.4242 0.6598 0.2146 0.3901
073 085 0.6598 0.4242 0.2146 0.3901
074 075 0.4242 0.3901 0.4242 0.6598
074 086 0.3901 0.3901 0.4242 0.4242
075 076 0.6598 0.6598 0.6598 0.6598
075 087 0.3901 0.6598 0.2146 0.4242
076 077 0.6598 0.3901 0.4242 0.4242
076 088 0.3901 0.2146 0.4242 0.4242
077 078 0.3901 0.4242 0.4242 0.6598
077 089 0.6598 0.4242 0.3901 0.3901
078 079 0.3901 0.4242 0.4242 0.4242
078 090 0.2146 0.4242 0.3901 0.3901
079 080 0.4242 0.3901 0.3901 0.3901
079 091 0.4242 0.6598 0.3901 0.6598
080 081 0.6598 0.3901 0.6598 0.4242
080 092 0.2146 0.4242 0.2146 0.3901
081 082 0.4242 0.3901 0.3901 0.3901
081 093 0.6598 0.6598 0.6598 0.3901
082 083 0.2146 0.6598 0.4242 0.6598
082 094 0.4242 0.3901 0.4242 0.4242
083 072 0.6598 0.2146 0.6598 0.4242
083 095 0.2146 0.3901 0.4242 0.6598
084 085 0.2146 0.6598 0.3901 0.6598
084 096 0.4242 0.6598 0.2146 0.4242
085 086 0.2146 0.6598 0.2146 0.6598
085 097 0.2146 0.4242 0.2146 0.6598
086 087 0.3901 0.2146 0.6598 0.2146
086 098 0.2146 0.4242 0.2146 0.3901
087 088 0.4242 0.3901 0.4242 0.4242
087 099 0.6598 0.3901 0.4242 0.3901
088 089 0.4242 0.2146 0.2146 0.6598
088 100 0.2146 0.6598 0.2146 0.6598
089 090 0.6598 0.4242 0.4242 0.3901
089 101 0.3901 0.3901 0.3901 0.2146
090 091 0.3901 0.4242 0.3901 0.3901
090 102 0.2146 0.4242 0.2146 0.2146
091 092 0.3901 0.3901 0.6598 0.2146
091 103 0.3901 0.2146 0.2146 0.2146
092 093 0.3901 0.3901 0.3901 0.3901
092 104 0.4242 0.4242 0.4242 0.3901
093 094 0.2146 0.2146 0.4242 0.4242
093 105 0.6598 0.3901 0.6598 0.2146
094 095 0.6598 0.3901 0.4242 0.3901
094 106 0.4242 0.4242 0.4242 0.6598
095 084 0.3901 0.6598 0.4242 0.6598
095 107 0.6598 0.4242 0.6598 0.2146
096 097 0.2146 0.2146 0.4242 0.3901
096 108 0.3901 0.3901 0.2146 0.2146
097 098 0.6598 0.2146 0.4242 0.4242
097 109 0.4242 0.2146 0.4242 0.6598
098 099 0.3901 0.6598 0.4242 0.4242
098 110 0.4242 0.3901 0.3901 0.4242
099 100 0.4242 0.4242 0.2146 0.6598
099 111 0.2146 0.6598 0.6598 0.2146
100 101 0.3901 0.2146 0.3901 0.3901
100 112 0.3901 0.2146 0.4242 0.2146
101 102 0.2146 0.6598 0.2146 0.4242
101 113 0.3901 0.6598 0.2146 0.4242
102 103 0.3901 0.6598 0.4242 0.2146
102 114 0.6598 0.3901 0.4242 0.4242
103 104 0.6598 0.6598 0.4242 0.6598
103 115 0.2146 0.2146 0.3901 0.4242
104 105 0.3901 0.3901 0.4242 0.6598
104 116 0.3901 0.4242 0.4242 0.4242
105 106 0.6598 0.3901 0.6598 0.3901
105 117 0.6598 0.3901 0.6598 0.3901
106 107 0.2146 0.6598 0.6598 0.3901
106 118 0.6598 0.3901 0.2146 0.6598
107 096 0.6598 0.4242 0.2146 0.4242
107 119 0.2146 0.6598 0.6598 0.3901
108 109 0.4242 0.6598 0.3901 0.2146
108 120 0.6598 0.4242 0.6598 0.2146
109 110 0.3901 0.3901 0.3901 0.4242
109 121 0.3901 0.6598 0.3901 0.4242
110 111 0.3901 0.2146 0.3901 0.4242
110 122 0.4242 0.6598 0.3901 0.2146
111 112 0.6598 0.2146 0.3901 0.2146
111 123 0.6598 0.6598 0.3901 0.3901
112 113 0.4242 0.3901 0.6598 0.4242
112 124 0.3901 0.2146 0.4242 0.2146
113 114 0.3901 0.4242 0.4242 0.6598
113 125 0.6598 0.4242 0.2146 0.2146
114 115 0.3901 0.2146 0.6598 0.6598
114 126 0.3901 0.4242 0.3901 0.2146
115 116 0.6598 0.2146 0.6598 0.2146
115 127 0.4242 0.2146 0.6598 0.4242
116 117 0.3901 0.3901 0.3901 0.6598
116 128 0.2146 0.3901 0.4242 0.3901
117 118 0.6598 0.4242 0.4242 0.3901
117 129 0.6598 0.3901 0.2146 0.2146
118 119 0.2146 0.2146 0.2146 0.6598
118 130 0.6598 0.3901 0.4242 0.4242
119 108 0.6598 0.3901 0.3901 0.3901
119 131 0.3901 0.2146 0.6598 0.6598
120 121 0.2146 0.4242 0.3901 0.2146
120 132 0.4242 0.3901 0.2146 0.6598
121 122 0.4242 0.3901 0.4242 0.3901
121 133 0.2146 0.2146 0.2146 0.6598
122 123 0.6598 0.4242 0.4242 0.2146
122 134 0.3901 0.6598 0.6598 0.4242
123 124 0.6598 0.4242 0.3901 0.4242
123 135 0.3901 0.4242 0.3901 0.6598
124 125 0.3901 0.2146 0.4242 0.2146
124 136 0.2146 0.6598 0.6598 0.6598
125 126 0.4242 0.3901 0.4242 0.3901
125 137 0.3901 0.6598 0.6598 0.3901
126 127 0.3901 0.2146 0.3901 0.2146
126 138 0.6598 0.3901 0.6598 0.6598
127 128 0.2146 0.4242 0.2146 0.6598
127 139 0.6598 0.3901 0.4242 0.4242
128 129 0.4242 0.3901 0.4242 0.4242
128 140 0.6598 0.4242 0.2146 0.3901
129 130 0.6598 0.6598 0.3901 0.4242
129 141 0.2146 0.6598 0.3901 0.6598
130 131 0.2146 0.2146 0.4242 0.4242
130 142 0.2146 0.6598 0.4242 0.3901
131 120 0.2146 0.2146 0.4242 0.4242
131 011 0.2146 0.4242 0.6598 0.6598
132 133 0.2146 0.6598 0.4242 0.6598
132 000 0.4242 0.4242 0.2146 0.3901
133 134 0.6598 0.4242 0.2146 0.3901
133 001 0.4242 0.4242 0.3901 0.3901
134 135 0.3901 0.3901 0.6598 0.6598
134 002 0.6598 0.4242 0.2146 0.2146
135 136 0.2146 0.4242 0.2146 0.3901
135 003 0.2146 0.3901 0.6598 0.2146
136 137 0.6598 0.3901 0.4242 0.6598
136 004 0.4242 0.4242 0.6598 0.6598
137 138 0.3901 0.6598 0.2146 0.6598
137 005 0.2146 0.4242 0.4242 0.6598
138 139 0.3901 0.4242 0.3901 0.3901
138 006 0.3901 0.2146 0.2146 0.3901
139 140 0.3901 0.4242 0.3901 0.6598
139 007 0.2146 0.2146 0.6598 0.2146
140 141 0.2146 0.4242 0.4242 0.4242
140 008 0.6598 0.6598 0.3901 0.3901
141 142 0.4242 0.3901 0.4242 0.6598
141 009 0.4242 0.4242 0.2146 0.6598
142 132 0.3901 0.2146 0.2146 0.6598
142 010 0.6598 0.2146 0.3901 0.4242
