143 002556 2 286
000 001 0.4986 0.8461 0.8461 0.8461
000 012 0.2051 0.2448 0.4986 0.8461
001 002 0.2448 0.2051 0.2448 0.8461
001 013 0.4986 0.2051 0.4986 0.2448
002 003 0.2051 0.4986 0.2448 0.4986
002 014 0.2448 0.2448 0.8461 0.4986
003 004 0.8461 0.4986 0.2051 0.2051
003 015 0.2448 0.2448 0.8461 0.8461
004 005 0.2448 0.8461 0.2448 0.8461
004 016 0.2448 0.4986 0.2051 0.2051
005 006 0.4986 0.2051 0.2051 0.4986
005 017 0.2448 0.8461 0.8461 0.2448
006 007 0.4986 0.4986 0.2051 0.4986
006 018 0.2051 0.8461 0.8461 0.2051
007 008 0.2051 0.2051 0.2448 0.2448
007 019 0.2051 0.2051 0.2051 0.8461
008 009 0.2448 0.8461 0.8461 0.2448
008 020 0.2051 0.8461 0.8461 0.2051
009 010 0.2448 0.8461 0.2051 0.2448
009 021 0.4986 0.2051 0.8461 0.8461
010 011 0.8461 0.2051 0.2448 0.4986
010 022 0.8461 0.8461 0.8461 0.4986
011 000 0.2051 0.2448 0.4986 0.4986
011 023 0.2448 0.2448 0.2448 0.8461
012 013 0.8461 0.8461 0.2051 0.8461
012 024 0.2448 0.8461 0.4986 0.4986
013 014 0.8461 0.2051 0.2051 0.2051
013 025 0.8461 0.4986 0.4986 0.2051
014 015 0.4986 0.4986 0.2051 0.2448
014 026 0.4986 0.4986 0.2448 0.4986
015 016 0.8461 0.2051 0.8461 0.2051
015 027 0.2051 0.8461 0.4986 0.2051
016 017 0.2051 0.2448 0.4986 0.4986
016 028 0.2448 0.4986 0.2448 0.2448
017 018 0.2448 0.8461 0.2448 0.4986
017 029 0.4986 0.2051 0.8461 0.2051
018 019 0.2051 0.2448 0.4986 0.2448
018 030 0.4986 0.4986 0.2051 0.8461
019 020 0.2051 0.8461 0.4986 0.2051
019 031 0.2448 0.4986 0.4986 0.8461
020 021 0.8461 0.2051 0.8461 0.2448
020 032 0.2448 0.2448 0.2448 0.4986
021 022 0.8461 0.4986 0.2051 0.2448
021 033 0.2448 0.8461 0.8461 0.8461
022 023 0.8461 0.2051 0.2448 0.2448
022 034 0.4986 0.8461 0.2051 0.2448
023 012 0.2448 0.2448 0.2448 0.2448
023 035 0.8461 0.4986 0.2051 0.2448
024 025 0.2051 0.8461 0.8461 0.2051
024 036 0.8461 0.2051 0.2448 0.8461
025 026 0.2051 0.4986 0.2051 0.2448
025 037 0.4986 0.2051 0.8461 0.2051
026 027 0.2448 0.2448 0.4986 0.4986
026 038 0.8461 0.2051 0.2051 0.2051
027 028 0.2448 0.2448 0.2448 0.2448
027 039 0.2448 0.2448 0.8461 0.4986
028 029 0.8461 0.8461 0.2051 0.2448
028 040 0.4986 0.2448 0.2051 0.8461
029 030 0.8461 0.4986 0.8461 0.2051
029 041 0.8461 0.8461 0.8461 0.4986
030 031 0.2051 0.2051 0.4986 0.2051
030 042 0.2051 0.2051 0.2051 0.2051
031 032 0.4986 0.4986 0.8461 0.2051
031 043 0.8461 0.8461 0.2448 0.2448
032 033 0.2448 0.4986 0.2448 0.4986
032 044 0.4986 0.2051 0.2051 0.2448
033 034 0.2051 0.8461 0.2448 0.2051
033 045 0.4986 0.4986 0.4986 0.2448
034 035 0.2448 0.2051 0.2448 0.2051
034 046 0.4986 0.2051 0.8461 0.2448
035 024 0.8461 0.2051 0.2448 0.4986
035 047 0.2051 0.2448 0.4986 0.4986
036 037 0.2051 0.2051 0.2448 0.4986
036 048 0.4986 0.4986 0.2051 0.4986
037 038 0.2448 0.4986 0.4986 0.8461
037 049 0.8461 0.2448 0.2448 0.4986
038 039 0.8461 0.2448 0.8461 0.8461
038 050 0.8461 0.8461 0.2051 0.2051
039 040 0.2448 0.4986 0.8461 0.2051
039 051 0.2051 0.4986 0.2051 0.2448
040 041 0.4986 0.2051 0.2448 0.4986
040 052 0.8461 0.8461 0.2448 0.2051
041 042 0.4986 0.8461 0.2448 0.2051
041 053 0.2051 0.2448 0.2051 0.2448
042 043 0.2448 0.8461 0.4986 0.8461
042 054 0.4986 0.2051 0.8461 0.2051
043 044 0.4986 0.2051 0.2051 0.8461
043 055 0.8461 0.2051 0.8461 0.8461
044 045 0.8461 0.2448 0.2051 0.2051
044 056 0.2051 0.4986 0.2448 0.4986
045 046 0.2448 0.8461 0.2448 0.8461
045 057 0.2448 0.2051 0.2051 0.4986
046 047 0.4986 0.4986 0.4986 0.4986
046 058 0.8461 0.2051 0.4986 0.2051
047 036 0.8461 0.8461 0.4986 0.2051
047 059 0.2448 0.4986 0.2448 0.8461
048 049 0.2448 0.8461 0.8461 0.8461
048 060 0.4986 0.8461 0.2051 0.2051
049 050 0.8461 0.2051 0.4986 0.8461
049 061 0.4986 0.8461 0.8461 0.2448
050 051 0.4986 0.4986 0.2448 0.8461
050 062 0.8461 0.4986 0.2051 0.8461
051 052 0.2051 0.8461 0.2051 0.4986
051 063 0.2448 0.4986 0.2448 0.8461
052 053 0.4986 0.4986 0.2448 0.8461
052 064 0.4986 0.2051 0.2051 0.2051
053 054 0.2051 0.2448 0.4986 0.2051
053 065 0.2448 0.8461 0.4986 0.2051
054 055 0.2051 0.4986 0.4986 0.2051
054 066 0.4986 0.2051 0.8461 0.8461
055 056 0.4986 0.8461 0.2448 0.8461
055 067 0.2051 0.2448 0.2448 0.8461
056 057 0.2448 0.2051 0.8461 0.8461
056 068 0.4986 0.2448 0.2448 0.2448
057 058 0.2051 0.2448 0.2448 0.2448
057 069 0.4986 0.2051 0.4986 0.2448
058 059 0.8461 0.2448 0.4986 0.2448
058 070 0.2448 0.4986 0.4986 0.2051
059 048 0.8461 0.2051 0.8461 0.2051
059 071 0.2051 0.2448 0.2051 0.2051
060 061 0.2448 0.2448 0.4986 0.2448
060 072 0.4986 0.8461 0.2051 0.2448
061 062 0.2448 0.2051 0.2051 0.8461
061 073 0.4986 0.8461 0.2051 0.2051
062 063 0.4986 0.4986 0.8461 0.2448
062 074 0.4986 0.4986 0.4986 0.2051
063 064 0.4986 0.2051 0.8461 0.8461
063 075 0.4986 0.2051 0.2051 0.8461
064 065 0.4986 0.8461 0.8461 0.2051
064 076 0.4986 0.2051 0.8461 0.2051
065 066 0.2448 0.8461 0.2448 0.2448
065 077 0.2448 0.2448 0.4986 0.2051
066 067 0.2448 0.4986 0.2448 0.2448
066 078 0.2448 0.4986 0.4986 0.8461
067 068 0.2051 0.4986 0.4986 0.4986
067 079 0.4986 0.2051 0.2448 0.4986
068 069 0.8461 0.2051 0.2448 0.2448
068 080 0.2051 0.4986 0.2448 0.2448
069 070 0.8461 0.2051 0.4986 0.8461
069 081 0.4986 0.4986 0.8461 0.4986
070 071 0.4986 0.2448 0.8461 0.2051
070 082 0.2051 0.4986 0.2051 0.2051
071 060 0.4986 0.8461 0.4986 0.2448
071 083 0.2051 0.2051 0.2448 0.2051
072 073 0.2448 0.8461 0.2051 0.2051
072 084 0.4986 0.8461 0.2051 0.2448
073 074 0.2448 0.8461 0.2051 0.2051
073 085 0.2448 0.4986 0.4986 0.2051
074 075 0.2448 0.2051 0.8461 0.4986
074 086 0.2051 0.4986 0.2448 0.8461
075 076 0.4986 0.8461 0.8461 0.2051
075 087 0.2051 0.4986 0.4986 0.2051
076 077 0.4986 0.4986 0.2051 0.2051
076 088 0.2051 0.8461 0.8461 0.2448
077 078 0.8461 0.8461 0.2051 0.2051
077 089 0.2448 0.2448 0.2051 0.4986
078 079 0.2051 0.2448 0.8461 0.2448
078 090 0.8461 0.2051 0.2448 0.2448
079 080 0.2051 0.2051 0.8461 0.2051
079 091 0.2051 0.4986 0.2051 0.8461
080 081 0.2051 0.2448 0.4986 0.8461
080 092 0.8461 0.2051 0.2448 0.4986
081 082 0.2051 0.2448 0.2448 0.8461
081 093 0.2051 0.2448 0.4986 0.8461
082 083 0.2448 0.2448 0.2051 0.2051
082 094 0.2051 0.8461 0.2051 0.4986
083 072 0.4986 0.4986 0.4986 0.4986
083 095 0.8461 0.4986 0.2051 0.8461
084 085 0.2051 0.4986 0.2051 0.2448
084 096 0.8461 0.8461 0.4986 0.2448
085 086 0.4986 0.2448 0.2448 0.8461
085 097 0.2448 0.8461 0.8461 0.8461
086 087 0.4986 0.2448 0.2051 0.2051
086 098 0.2448 0.4986 0.8461 0.2051
087 088 0.8461 0.2448 0.4986 0.8461
087 099 0.2051 0.2448 0.2051 0.8461
088 089 0.8461 0.8461 0.8461 0.4986
088 100 0.4986 0.2448 0.8461 0.2051
089 090 0.8461 0.4986 0.4986 0.2051
089 101 0.8461 0.8461 0.2448 0.8461
090 091 0.2051 0.4986 0.4986 0.2051
090 102 0.8461 0.8461 0.4986 0.4986
091 092 0.8461 0.2448 0.4986 0.2051
091 103 0.2448 0.8461 0.2051 0.2448
092 093 0.2448 0.4986 0.8461 0.2051
092 104 0.8461 0.8461 0.8461 0.2051
093 094 0.2051 0.4986 0.2448 0.4986
093 105 0.8461 0.2051 0.2448 0.4986
094 095 0.2448 0.8461 0.8461 0.2051
094 106 0.4986 0.2448 0.4986 0.2448
095 084 0.4986 0.2448 0.2051 0.2448
095 107 0.4986 0.2448 0.2051 0.2448
096 097 0.2051 0.2051 0.2051 0.4986
096 108 0.2051 0.8461 0.2448 0.2051
097 098 0.2448 0.8461 0.2051 0.2051
097 109 0.8461 0.2051 0.4986 0.2051
098 099 0.8461 0.2051 0.2051 0.2051
098 110 0.4986 0.2051 0.8461 0.2051
099 100 0.2051 0.8461 0.2448 0.4986
099 111 0.8461 0.2051 0.2051 0.2448
100 101 0.4986 0.2448 0.8461 0.2448
100 112 0.8461 0.2051 0.2051 0.4986
101 102 0.2051 0.2448 0.8461 0.2051
101 113 0.4986 0.8461 0.2448 0.2448
102 103 0.8461 0.2051 0.2051 0.2051
102 114 0.2051 0.4986 0.2448 0.4986
103 104 0.2051 0.8461 0.4986 0.2448
103 115 0.4986 0.4986 0.2051 0.2448
104 105 0.2051 0.2051 0.4986 0.2051
104 116 0.2051 0.2051 0.2051 0.8461
105 106 0.2051 0.4986 0.8461 0.8461
105 117 0.4986 0.8461 0.2448 0.2448
106 107 0.2051 0.2448 0.8461 0.8461
106 118 0.2448 0.2051 0.2448 0.2448
107 096 0.2051 0.2051 0.4986 0.4986
107 119 0.2448 0.2051 0.2051 0.2051
108 109 0.2051 0.4986 0.8461 0.8461
108 120 0.4986 0.2448 0.2051 0.4986
109 110 0.2448 0.8461 0.4986 0.4986
109 121 0.8461 0.4986 0.2051 0.2448
110 111 0.2051 0.4986 0.2448 0.2051
110 122 0.2448 0.4986 0.4986 0.8461
111 112 0.8461 0.2051 0.8461 0.4986
111 123 0.8461 0.2051 0.2448 0.2448
112 113 0.8461 0.8461 0.2051 0.4986
112 124 0.2051 0.8461 0.2051 0.2051
113 114 0.2448 0.2051 0.2051 0.2051
113 125 0.4986 0.8461 0.4986 0.4986
114 115 0.2051 0.2051 0.8461 0.8461
114 126 0.8461 0.2448 0.4986 0.4986
115 116 0.2051 0.2448 0.2051 0.8461
115 127 0.2448 0.8461 0.8461 0.2051
116 117 0.8461 0.2448 0.4986 0.2448
116 128 0.2051 0.8461 0.2051 0.2051
117 118 0.4986 0.2448 0.2448 0.4986
117 129 0.2448 0.2051 0.4986 0.4986
118 119 0.2448 0.2051 0.2051 0.2051
118 130 0.4986 0.2051 0.2051 0.8461
119 108 0.2448 0.4986 0.2051 0.4986
119 131 0.2051 0.2051 0.2051 0.8461
120 121 0.8461 0.4986 0.2448 0.8461
120 132 0.4986 0.2448 0.2051 0.2448
121 122 0.4986 0.4986 0.2448 0.2051
121 133 0.2051 0.8461 0.2448 0.8461
122 123 0.8461 0.8461 0.2051 0.2448
122 134 0.8461 0.2448 0.2051 0.4986
123 124 0.8461 0.2448 0.8461 0.2051
123 135 0.4986 0.2448 0.8461 0.2448
124 125 0.2051 0.8461 0.4986 0.4986
124 136 0.8461 0.4986 0.8461 0.2448
125 126 0.2051 0.4986 0.2051 0.8461
125 137 0.2448 0.8461 0.4986 0.2448
126 127 0.8461 0.8461 0.4986 0.4986
126 138 0.2448 0.2051 0.8461 0.2051
127 128 0.2051 0.4986 0.8461 0.2448
127 139 0.2448 0.8461 0.4986 0.8461
128 129 0.4986 0.8461 0.4986 0.4986
128 140 0.4986 0.2448 0.2448 0.4986
129 130 0.2448 0.2448 0.2051 0.8461
129 141 0.4986 0.2448 0.2051 0.8461
130 131 0.4986 0.2448 0.2051 0.8461
130 142 0.2448 0.8461 0.2051 0.2051
131 120 0.4986 0.4986 0.2448 0.2448
131 011 0.4986 0.8461 0.4986 0.8461
132 133 0.2448 0.8461 0.4986 0.8461
132 000 0.4986 0.4986 0.2051 0.4986
133 134 0.4986 0.8461 0.2448 0.8461
133 001 0.4986 0.2051 0.8461 0.4986
134 135 0.2448 0.2448 0.8461 0.4986
134 002 0.2051 0.4986 0.2448 0.2051
135 136 0.4986 0.2051 0.2448 0.4986
135 003 0.2448 0.2051 0.4986 0.2448
136 137 0.2051 0.2448 0.4986 0.8461
136 004 0.2448 0.4986 0.2051 0.2051
137 138 0.8461 0.4986 0.2051 0.4986
137 005 0.8461 0.2448 0.8461 0.2051
138 139 0.2448 0.2448 0.2448 0.4986
138 006 0.2051 0.2448 0.2051 0.2051
139 140 0.4986 0.2051 0.4986 0.2448
139 007 0.4986 0.4986 0.2051 0.2051
140 141 0.2051 0.2051 0.4986 0.2051
140 008 0.2448 0.2051 0.8461 0.2051
141 142 0.2448 0.2051 0.4986 0.4986
141 009 0.2051 0.2448 0.4986 0.2448
142 132 0.2448 0.8461 0.4986 0.8461
142 010 0.2051 0.8461 0.2448 0.2051
