143 002556 2 286
000 001 0.5767 0.2643 0.6062 0.5767
000 012 0.2643 0.2643 0.4905 0.2643
001 002 0.5767 0.5767 0.2643 0.2643
001 013 0.5767 0.5767 0.6062 0.5767
002 003 0.6062 0.5767 0.4905 0.6062
002 014 0.4905 0.5767 0.6062 0.2643
003 004 0.2643 0.5767 0.5767 0.4905
003 015 0.6062 0.2643 0.6062 0.6062
004 005 0.2643 0.2643 0.4905 0.2643
004 016 0.5767 0.2643 0.4905 0.4905
005 006 0.4905 0.5767 0.4905 0.2643
005 017 0.5767 0.5767 0.2643 0.5767
006 007 0.5767 0.6062 0.4905 0.5767
006 018 0.5767 0.6062 0.2643 0.4905
007 008 0.4905 0.6062 0.2643 0.6062
007 019 0.4905 0.2643 0.6062 0.5767
008 009 0.6062 0.4905 0.6062 0.4905
008 020 0.2643 0.5767 0.5767 0.5767
009 010 0.4905 0.6062 0.2643 0.5767
009 021 0.4905 0.2643 0.6062 0.4905
010 011 0.5767 0.2643 0.5767 0.5767
010 022 0.4905 0.6062 0.4905 0.5767
011 000 0.2643 0.4905 0.6062 0.2643
011 023 0.2643 0.5767 0.5767 0.6062
012 013 0.4905 0.2643 0.2643 0.5767
012 024 0.6062 0.2643 0.6062 0.2643
013 014 0.5767 0.2643 0.5767 0.6062
013 025 0.4905 0.4905 0.4905 0.4905
014 015 0.5767 0.2643 0.6062 0.6062
014 026 0.5767 0.6062 0.6062 0.6062
015 016 0.5767 0.2643 0.5767 0.2643
015 027 0.4905 0.4905 0.2643 0.6062
016 017 0.4905 0.5767 0.5767 0.4905
016 028 0.4905 0.4905 0.6062 0.4905
017 018 0.2643 0.6062 0.5767 0.6062
017 029 0.2643 0.4905 0.6062 0.6062
018 019 0.4905 0.5767 0.4905 0.6062
018 030 0.4905 0.4905 0.2643 0.2643
019 020 0.2643 0.5767 0.2643 0.2643
019 031 0.2643 0.6062 0.6062 0.6062
020 021 0.5767 0.4905 0.2643 0.4905
020 032 0.5767 0.2643 0.5767 0.2643
021 022 0.6062 0.6062 0.5767 0.2643
021 033 0.2643 0.6062 0.6062 0.2643
022 023 0.2643 0.2643 0.2643 0.2643
022 034 0.6062 0.2643 0.5767 0.6062
023 012 0.4905 0.6062 0.2643 0.6062
023 035 0.2643 0.6062 0.2643 0.6062
024 025 0.5767 0.6062 0.4905 0.2643
024 036 0.4905 0.6062 0.5767 0.5767
025 026 0.5767 0.4905 0.2643 0.2643
025 037 0.5767 0.4905 0.6062 0.4905
026 027 0.2643 0.4905 0.2643 0.6062
026 038 0.2643 0.6062 0.6062 0.4905
027 028 0.6062 0.5767 0.4905 0.6062
027 039 0.5767 0.4905 0.6062 0.5767
028 029 0.4905 0.5767 0.5767 0.6062
028 040 0.4905 0.2643 0.5767 0.5767
029 030 0.2643 0.2643 0.5767 0.6062
029 041 0.2643 0.5767 0.2643 0.2643
030 031 0.6062 0.2643 0.2643 0.4905
030 042 0.5767 0.4905 0.4905 0.2643
031 032 0.5767 0.2643 0.4905 0.4905
031 043 0.4905 0.2643 0.2643 0.5767
032 033 0.5767 0.4905 0.5767 0.4905
032 044 0.6062 0.5767 0.2643 0.6062
033 034 0.4905 0.6062 0.4905 0.2643
033 045 0.2643 0.5767 0.4905 0.5767
034 035 0.2643 0.5767 0.4905 0.5767
034 046 0.5767 0.6062 0.4905 0.6062
035 024 0.4905 0.2643 0.6062 0.5767
035 047 0.2643 0.6062 0.4905 0.2643
036 037 0.4905 0.2643 0.2643 0.6062
036 048 0.6062 0.2643 0.2643 0.6062
037 038 0.6062 0.4905 0.2643 0.2643
037 049 0.4905 0.4905 0.4905 0.5767
038 039 0.5767 0.4905 0.6062 0.6062
038 050 0.6062 0.4905 0.4905 0.4905
039 040 0.2643 0.6062 0.5767 0.2643
039 051 0.6062 0.4905 0.5767 0.6062
040 041 0.5767 0.2643 0.6062 0.2643
040 052 0.5767 0.5767 0.5767 0.5767
041 042 0.4905 0.4905 0.6062 0.6062
041 053 0.5767 0.4905 0.2643 0.6062
042 043 0.2643 0.4905 0.2643 0.2643
042 054 0.6062 0.2643 0.2643 0.6062
043 044 0.6062 0.4905 0.2643 0.6062
043 055 0.5767 0.2643 0.6062 0.6062
044 045 0.6062 0.6062 0.2643 0.6062
044 056 0.5767 0.2643 0.6062 0.6062
045 046 0.5767 0.6062 0.2643 0.4905
045 057 0.6062 0.4905 0.5767 0.4905
046 047 0.4905 0.5767 0.5767 0.5767
046 058 0.4905 0.5767 0.2643 0.4905
047 036 0.2643 0.2643 0.5767 0.6062
047 059 0.6062 0.4905 0.2643 0.6062
048 049 0.5767 0.6062 0.2643 0.2643
048 060 0.4905 0.5767 0.2643 0.5767
049 050 0.2643 0.4905 0.6062 0.2643
049 061 0.5767 0.2643 0.5767 0.4905
050 051 0.4905 0.5767 0.5767 0.4905
050 062 0.4905 0.6062 0.5767 0.2643
051 052 0.5767 0.6062 0.2643 0.6062
051 063 0.2643 0.5767 0.6062 0.6062
052 053 0.4905 0.5767 0.2643 0.4905
052 064 0.4905 0.5767 0.6062 0.6062
053 054 0.6062 0.2643 0.2643 0.6062
053 065 0.2643 0.4905 0.6062 0.5767
054 055 0.4905 0.4905 0.6062 0.2643
054 066 0.5767 0.2643 0.4905 0.6062
055 056 0.4905 0.2643 0.6062 0.6062
055 067 0.5767 0.4905 0.5767 0.4905
056 057 0.5767 0.5767 0.4905 0.6062
056 068 0.5767 0.6062 0.2643 0.4905
057 058 0.6062 0.2643 0.4905 0.6062
057 069 0.6062 0.2643 0.2643 0.2643
058 059 0.5767 0.5767 0.2643 0.4905
058 070 0.5767 0.6062 0.6062 0.5767
059 048 0.2643 0.6062 0.4905 0.2643
059 071 0.5767 0.4905 0.5767 0.6062
060 061 0.2643 0.6062 0.4905 0.6062
060 072 0.5767 0.6062 0.5767 0.4905
061 062 0.2643 0.4905 0.5767 0.2643
061 073 0.5767 0.6062 0.5767 0.2643
062 063 0.5767 0.2643 0.6062 0.2643
062 074 0.5767 0.4905 0.2643 0.2643
063 064 0.4905 0.2643 0.6062 0.2643
063 075 0.6062 0.6062 0.4905 0.5767
064 065 0.6062 0.2643 0.2643 0.4905
064 076 0.6062 0.5767 0.6062 0.2643
065 066 0.5767 0.5767 0.4905 0.6062
065 077 0.5767 0.5767 0.5767 0.6062
066 067 0.4905 0.6062 0.4905 0.2643
066 078 0.6062 0.5767 0.5767 0.2643
067 068 0.2643 0.2643 0.6062 0.6062
067 079 0.6062 0.6062 0.2643 0.4905
068 069 0.6062 0.5767 0.6062 0.6062
068 080 0.5767 0.5767 0.2643 0.4905
069 070 0.6062 0.6062 0.6062 0.5767
069 081 0.6062 0.6062 0.4905 0.4905
070 071 0.6062 0.4905 0.6062 0.5767
070 082 0.2643 0.4905 0.2643 0.5767
071 060 0.4905 0.6062 0.5767 0.4905
071 083 0.6062 0.2643 0.6062 0.2643
072 073 0.6062 0.5767 0.6062 0.2643
072 084 0.6062 0.6062 0.6062 0.2643
073 074 0.5767 0.6062 0.6062 0.2643
073 085 0.2643 0.5767 0.5767 0.5767
074 075 0.6062 0.4905 0.4905 0.5767
074 086 0.6062 0.5767 0.5767 0.2643
075 076 0.4905 0.2643 0.5767 0.4905
075 087 0.5767 0.6062 0.4905 0.5767
076 077 0.4905 0.6062 0.2643 0.4905
076 088 0.4905 0.5767 0.6062 0.4905
077 078 0.6062 0.2643 0.6062 0.5767
077 089 0.5767 0.5767 0.6062 0.2643
078 079 0.4905 0.6062 0.4905 0.5767
078 090 0.4905 0.6062 0.6062 0.2643
079 080 0.4905 0.4905 0.5767 0.2643
079 091 0.4905 0.5767 0.4905 0.2643
080 081 0.4905 0.6062 0.4905 0.2643
080 092 0.4905 0.6062 0.4905 0.2643
081 082 0.2643 0.6062 0.2643 0.5767
081 093 0.2643 0.2643 0.6062 0.6062
082 083 0.2643 0.6062 0.4905 0.6062
082 094 0.2643 0.4905 0.6062 0.5767
083 072 0.5767 0.6062 0.2643 0.6062
083 095 0.6062 0.2643 0.6062 0.4905
084 085 0.4905 0.2643 0.2643 0.6062
084 096 0.2643 0.2643 0.6062 0.2643
085 086 0.6062 0.5767 0.4905 0.5767
085 097 0.6062 0.6062 0.2643 0.5767
086 087 0.2643 0.5767 0.2643 0.4905
086 098 0.5767 0.5767 0.2643 0.5767
087 088 0.5767 0.2643 0.2643 0.2643
087 099 0.4905 0.6062 0.2643 0.6062
088 089 0.4905 0.5767 0.5767 0.2643
088 100 0.6062 0.4905 0.2643 0.4905
089 090 0.6062 0.2643 0.6062 0.5767
089 101 0.5767 0.4905 0.4905 0.4905
090 091 0.2643 0.2643 0.2643 0.6062
090 102 0.2643 0.4905 0.4905 0.4905
091 092 0.4905 0.5767 0.5767 0.4905
091 103 0.6062 0.6062 0.5767 0.5767
092 093 0.5767 0.6062 0.4905 0.6062
092 104 0.2643 0.2643 0.6062 0.5767
093 094 0.5767 0.6062 0.2643 0.6062
093 105 0.2643 0.4905 0.4905 0.5767
094 095 0.5767 0.2643 0.2643 0.6062
094 106 0.2643 0.2643 0.6062 0.5767
095 084 0.2643 0.6062 0.2643 0.4905
095 107 0.4905 0.6062 0.2643 0.6062
096 097 0.6062 0.4905 0.5767 0.4905
096 108 0.2643 0.2643 0.6062 0.5767
097 098 0.5767 0.6062 0.6062 0.2643
097 109 0.4905 0.4905 0.5767 0.2643
098 099 0.6062 0.5767 0.2643 0.5767
098 110 0.5767 0.5767 0.2643 0.4905
099 100 0.4905 0.6062 0.4905 0.2643
099 111 0.6062 0.5767 0.4905 0.4905
100 101 0.4905 0.4905 0.2643 0.2643
100 112 0.4905 0.6062 0.4905 0.5767
101 102 0.6062 0.4905 0.2643 0.5767
101 113 0.5767 0.2643 0.5767 0.4905
102 103 0.2643 0.2643 0.4905 0.5767
102 114 0.5767 0.4905 0.4905 0.2643
103 104 0.2643 0.4905 0.6062 0.4905
103 115 0.2643 0.5767 0.2643 0.2643
104 105 0.2643 0.2643 0.5767 0.6062
104 116 0.5767 0.4905 0.4905 0.6062
105 106 0.2643 0.5767 0.5767 0.6062
105 117 0.6062 0.5767 0.5767 0.4905
106 107 0.6062 0.6062 0.5767 0.2643
106 118 0.5767 0.2643 0.4905 0.2643
107 096 0.5767 0.5767 0.5767 0.2643
107 119 0.6062 0.5767 0.6062 0.2643
108 109 0.4905 0.4905 0.4905 0.6062
108 120 0.4905 0.5767 0.5767 0.2643
109 110 0.5767 0.6062 0.6062 0.5767
109 121 0.4905 0.5767 0.5767 0.4905
110 111 0.2643 0.5767 0.2643 0.6062
110 122 0.4905 0.6062 0.4905 0.4905
111 112 0.4905 0.6062 0.6062 0.6062
111 123 0.4905 0.2643 0.4905 0.5767
112 113 0.4905 0.5767 0.2643 0.6062
112 124 0.5767 0.5767 0.4905 0.4905
113 114 0.2643 0.5767 0.6062 0.2643
113 125 0.2643 0.2643 0.4905 0.4905
114 115 0.2643 0.2643 0.2643 0.6062
114 126 0.5767 0.6062 0.5767 0.5767
115 116 0.4905 0.6062 0.2643 0.5767
115 127 0.5767 0.4905 0.6062 0.2643
116 117 0.6062 0.5767 0.6062 0.6062
116 128 0.4905 0.6062 0.4905 0.4905
117 118 0.6062 0.4905 0.4905 0.5767
117 129 0.4905 0.4905 0.6062 0.6062
118 119 0.4905 0.4905 0.4905 0.4905
118 130 0.4905 0.2643 0.6062 0.2643
119 108 0.6062 0.4905 0.4905 0.5767
119 131 0.6062 0.4905 0.2643 0.2643
120 121 0.4905 0.5767 0.5767 0.4905
120 132 0.4905 0.2643 0.2643 0.6062
121 122 0.2643 0.4905 0.6062 0.4905
121 133 0.4905 0.6062 0.6062 0.2643
122 123 0.6062 0.4905 0.2643 0.2643
122 134 0.5767 0.6062 0.5767 0.5767
123 124 0.6062 0.6062 0.6062 0.5767
123 135 0.4905 0.4905 0.2643 0.6062
124 125 0.6062 0.5767 0.5767 0.5767
124 136 0.6062 0.5767 0.2643 0.2643
125 126 0.4905 0.5767 0.5767 0.5767
125 137 0.4905 0.6062 0.4905 0.2643
126 127 0.4905 0.2643 0.5767 0.2643
126 138 0.5767 0.4905 0.4905 0.4905
127 128 0.4905 0.2643 0.5767 0.4905
127 139 0.4905 0.6062 0.4905 0.6062
128 129 0.2643 0.2643 0.4905 0.6062
128 140 0.6062 0.4905 0.2643 0.6062
129 130 0.4905 0.6062 0.6062 0.2643
129 141 0.4905 0.4905 0.4905 0.6062
130 131 0.4905 0.5767 0.2643 0.6062
130 142 0.5767 0.4905 0.4905 0.4905
131 120 0.6062 0.4905 0.5767 0.2643
131 011 0.4905 0.6062 0.2643 0.2643
132 133 0.2643 0.2643 0.6062 0.6062
132 000 0.5767 0.6062 0.5767 0.4905
133 134 0.6062 0.2643 0.2643 0.5767
133 001 0.2643 0.2643 0.6062 0.6062
134 135 0.4905 0.6062 0.6062 0.4905
134 002 0.6062 0.2643 0.6062 0.6062
135 136 0.2643 0.5767 0.4905 0.5767
135 003 0.6062 0.2643 0.4905 0.4905
136 137 0.6062 0.2643 0.4905 0.2643
136 004 0.6062 0.6062 0.2643 0.4905
137 138 0.2643 0.4905 0.6062 0.2643
137 005 0.6062 0.4905 0.2643 0.5767
138 139 0.6062 0.6062 0.6062 0.4905
138 006 0.5767 0.2643 0.4905 0.2643
139 140 0.4905 0.5767 0.5767 0.2643
139 007 0.6062 0.4905 0.6062 0.6062
140 141 0.6062 0.4905 0.2643 0.4905
140 008 0.6062 0.2643 0.4905 0.2643
141 142 0.5767 0.4905 0.5767 0.2643
141 009 0.5767 0.5767 0.5767 0.2643
142 132 0.5767 0.4905 0.2643 0.5767
142 010 0.4905 0.5767 0.4905 0.6062
