143 002556 2 286
000 001 0.7326 0.1948 0.2026 0.7326
000 012 0.1948 0.7326 0.2026 0.1830
001 002 0.7326 0.1830 0.2026 0.7326
001 013 0.1948 0.1830 0.1948 0.7326
002 003 0.1830 0.7326 0.7326 0.2026
002 014 0.1948 0.2026 0.2026 0.1830
003 004 0.7326 0.7326 0.2026 0.2026
003 015 0.7326 0.7326 0.1830 0.1830
004 005 0.7326 0.1830 0.1948 0.1948
004 016 0.1830 0.1830 0.1830 0.1830
005 006 0.2026 0.2026 0.1830 0.1830
005 017 0.2026 0.2026 0.7326 0.7326
006 007 0.2026 0.1830 0.7326 0.7326
006 018 0.1948 0.2026 0.7326 0.1830
007 008 0.1830 0.1830 0.1830 0.1948
007 019 0.1830 0.1948 0.2026 0.1830
008 009 0.7326 0.1830 0.7326 0.2026
008 020 0.1948 0.2026 0.1830 0.7326
009 010 0.1830 0.1948 0.1830 0.7326
009 021 0.7326 0.7326 0.1948 0.7326
010 011 0.7326 0.1830 0.7326 0.7326
010 022 0.1948 0.7326 0.7326 0.7326
011 000 0.1830 0.2026 0.2026 0.7326
011 023 0.1948 0.7326 0.1830 0.2026
012 013 0.1830 0.7326 0.1830 0.1830
012 024 0.2026 0.7326 0.1830 0.7326
013 014 0.7326 0.1830 0.1830 0.7326
013 025 0.2026 0.1948 0.2026 0.1948
014 015 0.1830 0.7326 0.1830 0.7326
014 026 0.2026 0.2026 0.1830 0.1948
015 016 0.1830 0.2026 0.1948 0.2026
015 027 0.2026 0.1830 0.7326 0.1948
016 017 0.2026 0.2026 0.1948 0.2026
016 028 0.1830 0.2026 0.2026 0.1948
017 018 0.1830 0.2026 0.7326 0.1948
017 029 0.1948 0.2026 0.7326 0.1830
018 019 0.2026 0.1948 0.1830 0.7326
018 030 0.1830 0.7326 0.7326 0.1948
019 020 0.1948 0.7326 0.1830 0.7326
019 031 0.1830 0.1948 0.1948 0.2026
020 021 0.1948 0.1830 0.7326 0.1948
020 032 0.2026 0.1830 0.7326 0.2026
021 022 0.2026 0.2026 0.2026 0.1948
021 033 0.7326 0.1830 0.1830 0.1948
022 023 0.2026 0.1948 0.7326 0.2026
022 034 0.1948 0.7326 0.7326 0.2026
023 012 0.1948 0.1830 0.1830 0.2026
023 035 0.1948 0.7326 0.2026 0.7326
024 025 0.7326 0.1830 0.1948 0.1830
024 036 0.1948 0.2026 0.1830 0.1948
025 026 0.1830 0.7326 0.2026 0.1948
025 037 0.7326 0.7326 0.7326 0.7326
026 027 0.2026 0.2026 0.1948 0.2026
026 038 0.2026 0.2026 0.1948 0.1948
027 028 0.1948 0.2026 0.7326 0.2026
027 039 0.1830 0.2026 0.1948 0.1948
028 029 0.1948 0.1948 0.2026 0.1830
028 040 0.2026 0.1948 0.1948 0.7326
029 030 0.1830 0.1830 0.7326 0.7326
029 041 0.2026 0.1830 0.2026 0.2026
030 031 0.1948 0.7326 0.1830 0.7326
030 042 0.1830 0.1830 0.2026 0.1948
031 032 0.2026 0.2026 0.1830 0.7326
031 043 0.2026 0.7326 0.7326 0.7326
032 033 0.1948 0.1948 0.2026 0.7326
032 044 0.1830 0.7326 0.2026 0.1830
033 034 0.1948 0.1830 0.1948 0.2026
033 045 0.7326 0.2026 0.2026 0.1830
034 035 0.1830 0.7326 0.1948 0.1830
034 046 0.1830 0.1830 0.7326 0.7326
035 024 0.1948 0.2026 0.1948 0.1948
035 047 0.2026 0.1830 0.1830 0.2026
036 037 0.1948 0.1948 0.1830 0.2026
036 048 0.2026 0.2026 0.1830 0.2026
037 038 0.7326 0.1948 0.1830 0.7326
037 049 0.1830 0.2026 0.1830 0.1948
038 039 0.1830 0.2026 0.2026 0.1948
038 050 0.1830 0.1948 0.2026 0.1948
039 040 0.7326 0.1948 0.1948 0.1830
039 051 0.7326 0.1948 0.1948 0.1948
040 041 0.7326 0.2026 0.1948 0.2026
040 052 0.1948 0.7326 0.2026 0.1830
041 042 0.1948 0.1830 0.2026 0.1830
041 053 0.2026 0.1830 0.1948 0.1830
042 043 0.2026 0.7326 0.1830 0.1948
042 054 0.1830 0.7326 0.7326 0.1830
043 044 0.1830 0.7326 0.7326 0.2026
043 055 0.7326 0.1830 0.1948 0.2026
044 045 0.2026 0.2026 0.1948 0.1948
044 056 0.2026 0.7326 0.2026 0.2026
045 046 0.1830 0.2026 0.1830 0.1830
045 057 0.7326 0.7326 0.2026 0.1948
046 047 0.1830 0.1948 0.2026 0.1830
046 058 0.7326 0.7326 0.2026 0.7326
047 036 0.1948 0.1830 0.2026 0.2026
047 059 0.1830 0.7326 0.7326 0.2026
048 049 0.2026 0.1830 0.2026 0.2026
048 060 0.1948 0.1830 0.1830 0.7326
049 050 0.1830 0.2026 0.1948 0.7326
049 061 0.1948 0.2026 0.1948 0.1948
050 051 0.2026 0.1830 0.2026 0.1830
050 062 0.1830 0.1830 0.1830 0.1948
051 052 0.7326 0.7326 0.1830 0.1948
051 063 0.2026 0.7326 0.2026 0.1948
052 053 0.1830 0.1948 0.2026 0.2026
052 064 0.2026 0.7326 0.7326 0.1830
053 054 0.2026 0.2026 0.1948 0.2026
053 065 0.1830 0.1948 0.2026 0.1830
054 055 0.1948 0.1948 0.1948 0.1830
054 066 0.1830 0.2026 0.1948 0.2026
055 056 0.1948 0.1948 0.1830 0.7326
055 067 0.1830 0.1830 0.1830 0.2026
056 057 0.2026 0.1830 0.2026 0.1830
056 068 0.2026 0.2026 0.1830 0.2026
057 058 0.2026 0.1830 0.2026 0.2026
057 069 0.7326 0.2026 0.7326 0.2026
058 059 0.7326 0.1830 0.7326 0.7326
058 070 0.1948 0.1830 0.1830 0.2026
059 048 0.1948 0.7326 0.1830 0.1948
059 071 0.1948 0.1830 0.1830 0.7326
060 061 0.7326 0.1948 0.7326 0.7326
060 072 0.1830 0.7326 0.7326 0.1948
061 062 0.7326 0.1948 0.2026 0.7326
061 073 0.7326 0.1948 0.1830 0.2026
062 063 0.7326 0.7326 0.2026 0.7326
062 074 0.1948 0.1948 0.1830 0.2026
063 064 0.1830 0.1830 0.2026 0.2026
063 075 0.1830 0.1948 0.7326 0.1948
064 065 0.7326 0.1830 0.7326 0.1948
064 076 0.7326 0.7326 0.1948 0.7326
065 066 0.1830 0.2026 0.1830 0.7326
065 077 0.1830 0.1948 0.7326 0.2026
066 067 0.1830 0.1948 0.1948 0.7326
066 078 0.2026 0.7326 0.2026 0.7326
067 068 0.7326 0.2026 0.2026 0.1830
067 079 0.2026 0.1830 0.7326 0.1948
068 069 0.1830 0.2026 0.1830 0.1830
068 080 0.7326 0.1948 0.1948 0.1830
069 070 0.7326 0.1830 0.1830 0.2026
069 081 0.1948 0.1948 0.1830 0.2026
070 071 0.1830 0.7326 0.7326 0.1830
070 082 0.1830 0.1948 0.2026 0.2026
071 060 0.7326 0.1830 0.7326 0.1830
071 083 0.2026 0.2026 0.1830 0.7326
072 073 0.1948 0.2026 0.7326 0.2026
072 084 0.2026 0.2026 0.1830 0.2026
073 074 0.1948 0.1830 0.7326 0.7326
073 085 0.2026 0.2026 0.2026 0.7326
074 075 0.1948 0.1948 0.2026 0.2026
074 086 0.1830 0.1948 0.1830 0.1830
075 076 0.7326 0.1830 0.7326 0.1948
075 087 0.1830 0.2026 0.2026 0.1830
076 077 0.1830 0.2026 0.1948 0.2026
076 088 0.1830 0.7326 0.1948 0.2026
077 078 0.1830 0.1948 0.1830 0.1830
077 089 0.7326 0.2026 0.7326 0.2026
078 079 0.2026 0.1948 0.2026 0.1830
078 090 0.1830 0.1948 0.2026 0.1948
079 080 0.1830 0.1830 0.1830 0.1830
079 091 0.1830 0.1948 0.2026 0.7326
080 081 0.1948 0.1830 0.1830 0.1830
080 092 0.1948 0.1948 0.7326 0.7326
081 082 0.2026 0.1948 0.1830 0.2026
081 093 0.7326 0.7326 0.1830 0.1830
082 083 0.1948 0.2026 0.1948 0.2026
082 094 0.2026 0.2026 0.1948 0.7326
083 072 0.2026 0.7326 0.1830 0.2026
083 095 0.1830 0.1948 0.1830 0.1830
084 085 0.1830 0.1830 0.1948 0.7326
084 096 0.1830 0.1948 0.7326 0.1830
085 086 0.1948 0.2026 0.2026 0.2026
085 097 0.7326 0.1948 0.1948 0.2026
086 087 0.1830 0.1948 0.1948 0.1948
086 098 0.1830 0.2026 0.2026 0.7326
087 088 0.1948 0.7326 0.7326 0.7326
087 099 0.7326 0.1948 0.7326 0.7326
088 089 0.2026 0.7326 0.7326 0.1948
088 100 0.1948 0.2026 0.1830 0.1830
089 090 0.2026 0.1948 0.1948 0.2026
089 101 0.2026 0.1830 0.1948 0.1830
090 091 0.1830 0.7326 0.7326 0.7326
090 102 0.7326 0.2026 0.7326 0.7326
091 092 0.2026 0.7326 0.7326 0.1948
091 103 0.1830 0.2026 0.1830 0.1948
092 093 0.2026 0.2026 0.7326 0.1830
092 104 0.1830 0.1948 0.2026 0.7326
093 094 0.7326 0.2026 0.1830 0.1830
093 105 0.1948 0.2026 0.2026 0.1948
094 095 0.7326 0.7326 0.7326 0.1830
094 106 0.1830 0.2026 0.1948 0.7326
095 084 0.1830 0.1830 0.1948 0.2026
095 107 0.7326 0.2026 0.7326 0.1948
096 097 0.7326 0.2026 0.1830 0.1830
096 108 0.1948 0.2026 0.1830 0.1948
097 098 0.1948 0.7326 0.1948 0.1830
097 109 0.1948 0.1948 0.7326 0.7326
098 099 0.1948 0.1948 0.7326 0.1948
098 110 0.7326 0.1830 0.1830 0.2026
099 100 0.7326 0.1948 0.2026 0.1948
099 111 0.1948 0.2026 0.7326 0.7326
100 101 0.2026 0.2026 0.7326 0.7326
100 112 0.2026 0.7326 0.2026 0.1948
101 102 0.7326 0.2026 0.7326 0.7326
101 113 0.7326 0.1948 0.7326 0.1830
102 103 0.1948 0.7326 0.7326 0.2026
102 114 0.1948 0.1948 0.1948 0.1948
103 104 0.1830 0.2026 0.7326 0.1830
103 115 0.1830 0.1948 0.1830 0.7326
104 105 0.1948 0.1830 0.1948 0.2026
104 116 0.1948 0.7326 0.7326 0.1948
105 106 0.7326 0.1830 0.1830 0.2026
105 117 0.1948 0.2026 0.2026 0.7326
106 107 0.1830 0.7326 0.2026 0.1830
106 118 0.1830 0.1830 0.1830 0.1830
107 096 0.1830 0.7326 0.1830 0.1948
107 119 0.2026 0.1830 0.7326 0.1830
108 109 0.2026 0.1948 0.1830 0.2026
108 120 0.1948 0.2026 0.1830 0.2026
109 110 0.7326 0.1830 0.1948 0.7326
109 121 0.1948 0.1948 0.1830 0.2026
110 111 0.2026 0.1830 0.2026 0.1948
110 122 0.1830 0.1948 0.2026 0.2026
111 112 0.7326 0.1830 0.1948 0.1948
111 123 0.7326 0.1830 0.1948 0.1830
112 113 0.1948 0.7326 0.2026 0.1830
112 124 0.2026 0.1948 0.7326 0.7326
113 114 0.1948 0.2026 0.1830 0.2026
113 125 0.1830 0.1948 0.7326 0.1830
114 115 0.7326 0.7326 0.2026 0.1948
114 126 0.1948 0.7326 0.1830 0.1830
115 116 0.1948 0.2026 0.2026 0.2026
115 127 0.2026 0.1948 0.1948 0.7326
116 117 0.1948 0.7326 0.7326 0.1948
116 128 0.2026 0.1830 0.1948 0.1948
117 118 0.1948 0.7326 0.1948 0.2026
117 129 0.2026 0.1948 0.7326 0.1830
118 119 0.7326 0.1830 0.1948 0.7326
118 130 0.1830 0.7326 0.1830 0.7326
119 108 0.2026 0.1948 0.2026 0.1830
119 131 0.2026 0.1830 0.2026 0.1948
120 121 0.1948 0.1830 0.1830 0.7326
120 132 0.7326 0.7326 0.2026 0.1948
121 122 0.2026 0.2026 0.7326 0.1830
121 133 0.1830 0.2026 0.1830 0.1830
122 123 0.2026 0.1948 0.1948 0.1830
122 134 0.7326 0.7326 0.1948 0.1948
123 124 0.1830 0.2026 0.7326 0.1948
123 135 0.1830 0.7326 0.2026 0.1830
124 125 0.7326 0.1948 0.1830 0.7326
124 136 0.7326 0.7326 0.1830 0.1948
125 126 0.7326 0.7326 0.7326 0.1948
125 137 0.2026 0.7326 0.7326 0.7326
126 127 0.1830 0.1830 0.7326 0.7326
126 138 0.2026 0.2026 0.7326 0.1948
127 128 0.7326 0.1830 0.2026 0.1948
127 139 0.7326 0.1830 0.7326 0.2026
128 129 0.7326 0.1948 0.1948 0.7326
128 140 0.1830 0.1830 0.1948 0.1830
129 130 0.7326 0.1948 0.2026 0.1830
129 141 0.1830 0.7326 0.7326 0.1948
130 131 0.1948 0.7326 0.1830 0.7326
130 142 0.2026 0.7326 0.7326 0.7326
131 120 0.1830 0.2026 0.7326 0.1948
131 011 0.1830 0.7326 0.1830 0.1830
132 133 0.7326 0.1948 0.1830 0.7326
132 000 0.1830 0.2026 0.2026 0.1948
133 134 0.1948 0.1948 0.1830 0.2026
133 001 0.7326 0.1830 0.2026 0.7326
134 135 0.1948 0.7326 0.1948 0.7326
134 002 0.1830 0.7326 0.7326 0.2026
135 136 0.2026 0.1948 0.2026 0.2026
135 003 0.1830 0.1948 0.1830 0.7326
136 137 0.2026 0.7326 0.1948 0.7326
136 004 0.1830 0.1948 0.1830 0.2026
137 138 0.1830 0.7326 0.1830 0.7326
137 005 0.2026 0.7326 0.1830 0.7326
138 139 0.7326 0.2026 0.1948 0.1948
138 006 0.2026 0.2026 0.7326 0.1948
139 140 0.1830 0.7326 0.1948 0.7326
139 007 0.2026 0.2026 0.7326 0.2026
140 141 0.1830 0.1948 0.7326 0.7326
140 008 0.7326 0.7326 0.7326 0.7326
141 142 0.2026 0.7326 0.7326 0.2026
141 009 0.2026 0.2026 0.1830 0.7326
142 132 0.1948 0.1830 0.1948 0.2026
142 010 0.7326 0.2026 0.1830 0.2026
