143 002556 2 286
000 001 0.6370 0.4941 0.6370 0.6370
000 012 0.4885 0.4885 0.2939 0.2939
001 002 0.6370 0.2939 0.4941 0.6370
001 013 0.4941 0.2939 0.4885 0.4941
002 003 0.6370 0.6370 0.2939 0.6370
002 014 0.2939 0.2939 0.4941 0.6370
003 004 0.4941 0.6370 0.6370 0.4885
003 015 0.6370 0.2939 0.6370 0.4885
004 005 0.4885 0.6370 0.6370 0.2939
004 016 0.6370 0.4885 0.6370 0.6370
005 006 0.2939 0.2939 0.4885 0.4941
005 017 0.6370 0.4885 0.4885 0.4885
006 007 0.2939 0.4885 0.2939 0.2939
006 018 0.4941 0.4941 0.2939 0.6370
007 008 0.2939 0.4885 0.4941 0.2939
007 019 0.4941 0.6370 0.6370 0.4885
008 009 0.4941 0.2939 0.2939 0.2939
008 020 0.4885 0.6370 0.2939 0.2939
009 010 0.4941 0.4941 0.4941 0.2939
009 021 0.4941 0.4885 0.6370 0.6370
010 011 0.4885 0.4885 0.2939 0.4941
010 022 0.2939 0.4941 0.2939 0.4941
011 000 0.4885 0.4885 0.4885 0.4885
011 023 0.2939 0.2939 0.2939 0.2939
012 013 0.4941 0.2939 0.6370 0.4885
012 024 0.2939 0.4941 0.2939 0.2939
013 014 0.4941 0.2939 0.2939 0.2939
013 025 0.4885 0.6370 0.6370 0.2939
014 015 0.2939 0.2939 0.6370 0.4941
014 026 0.4941 0.6370 0.4941 0.6370
015 016 0.2939 0.6370 0.4885 0.6370
015 027 0.2939 0.4941 0.4885 0.2939
016 017 0.2939 0.4941 0.4941 0.4885
016 028 0.6370 0.2939 0.4885 0.2939
017 018 0.6370 0.6370 0.4941 0.2939
017 029 0.6370 0.4941 0.4941 0.6370
018 019 0.4941 0.2939 0.4885 0.2939
018 030 0.4885 0.4885 0.2939 0.6370
019 020 0.2939 0.4885 0.2939 0.6370
019 031 0.2939 0.2939 0.4885 0.4885
020 021 0.4885 0.4941 0.4885 0.4941
020 032 0.6370 0.6370 0.4941 0.6370
021 022 0.4885 0.6370 0.2939 0.2939
021 033 0.6370 0.4885 0.4941 0.2939
022 023 0.4885 0.6370 0.2939 0.4941
022 034 0.4941 0.4941 0.6370 0.4941
023 012 0.6370 0.6370 0.4885 0.6370
023 035 0.6370 0.2939 0.4941 0.2939
024 025 0.4885 0.4941 0.4941 0.4885
024 036 0.2939 0.6370 0.4941 0.2939
025 026 0.6370 0.4885 0.4941 0.4941
025 037 0.4941 0.4885 0.2939 0.6370
026 027 0.4885 0.6370 0.4885 0.2939
026 038 0.4941 0.6370 0.2939 0.4941
027 028 0.6370 0.4885 0.6370 0.6370
027 039 0.4885 0.2939 0.2939 0.2939
028 029 0.2939 0.4941 0.4885 0.2939
028 040 0.4885 0.6370 0.6370 0.2939
029 030 0.2939 0.4941 0.4885 0.4885
029 041 0.6370 0.2939 0.4941 0.4941
030 031 0.4941 0.6370 0.4885 0.2939
030 042 0.2939 0.6370 0.2939 0.2939
031 032 0.6370 0.6370 0.6370 0.4941
031 043 0.6370 0.2939 0.6370 0.6370
032 033 0.4885 0.2939 0.6370 0.6370
032 044 0.4885 0.2939 0.4885 0.4941
033 034 0.6370 0.4885 0.4941 0.4885
033 045 0.4885 0.4885 0.4941 0.4885
034 035 0.4885 0.2939 0.4941 0.4885
034 046 0.4885 0.4941 0.4885 0.4885
035 024 0.6370 0.4885 0.6370 0.4885
035 047 0.2939 0.4941 0.6370 0.4941
036 037 0.2939 0.6370 0.6370 0.4885
036 048 0.4941 0.4885 0.4885 0.4885
037 038 0.6370 0.4885 0.4941 0.2939
037 049 0.6370 0.4941 0.4941 0.2939
038 039 0.4941 0.4941 0.4885 0.4885
038 050 0.4885 0.2939 0.6370 0.2939
039 040 0.4941 0.6370 0.4885 0.4885
039 051 0.4885 0.2939 0.6370 0.2939
040 041 0.2939 0.4941 0.2939 0.4885
040 052 0.4941 0.6370 0.2939 0.6370
041 042 0.6370 0.4885 0.4885 0.4885
041 053 0.4941 0.4941 0.4885 0.2939
042 043 0.4941 0.6370 0.2939 0.2939
042 054 0.6370 0.4941 0.2939 0.6370
043 044 0.4885 0.4941 0.4885 0.2939
043 055 0.4885 0.6370 0.4885 0.4885
044 045 0.4941 0.4941 0.6370 0.6370
044 056 0.4885 0.6370 0.2939 0.4885
045 046 0.4941 0.4885 0.4885 0.2939
045 057 0.2939 0.4885 0.4941 0.2939
046 047 0.2939 0.4885 0.6370 0.4941
046 058 0.4941 0.2939 0.6370 0.2939
047 036 0.4885 0.6370 0.6370 0.2939
047 059 0.2939 0.2939 0.4941 0.2939
048 049 0.4885 0.6370 0.2939 0.4885
048 060 0.4941 0.4941 0.4885 0.4941
049 050 0.4885 0.4941 0.2939 0.6370
049 061 0.4941 0.2939 0.4941 0.4885
050 051 0.6370 0.4941 0.2939 0.4941
050 062 0.6370 0.4885 0.2939 0.6370
051 052 0.4941 0.4941 0.2939 0.4941
051 063 0.4941 0.4885 0.6370 0.6370
052 053 0.6370 0.4941 0.4941 0.2939
052 064 0.6370 0.6370 0.6370 0.2939
053 054 0.6370 0.4941 0.4941 0.2939
053 065 0.6370 0.4941 0.6370 0.2939
054 055 0.6370 0.2939 0.2939 0.4941
054 066 0.4885 0.2939 0.4941 0.2939
055 056 0.2939 0.2939 0.4941 0.6370
055 067 0.4885 0.2939 0.6370 0.2939
056 057 0.2939 0.6370 0.2939 0.4941
056 068 0.4885 0.6370 0.4941 0.4885
057 058 0.4941 0.2939 0.4941 0.6370
057 069 0.4885 0.6370 0.4941 0.6370
058 059 0.4885 0.4941 0.4941 0.2939
058 070 0.4941 0.4885 0.2939 0.2939
059 048 0.4941 0.4885 0.4941 0.6370
059 071 0.6370 0.2939 0.4885 0.2939
060 061 0.4885 0.6370 0.2939 0.2939
060 072 0.4941 0.4885 0.6370 0.4885
061 062 0.4941 0.2939 0.6370 0.6370
061 073 0.6370 0.6370 0.4885 0.2939
062 063 0.6370 0.4885 0.4941 0.6370
062 074 0.2939 0.2939 0.4885 0.6370
063 064 0.4885 0.2939 0.4885 0.4941
063 075 0.4941 0.2939 0.2939 0.6370
064 065 0.4941 0.6370 0.4941 0.2939
064 076 0.4941 0.4941 0.4941 0.4885
065 066 0.2939 0.4941 0.2939 0.2939
065 077 0.2939 0.4885 0.6370 0.6370
066 067 0.4885 0.2939 0.4885 0.2939
066 078 0.6370 0.2939 0.2939 0.6370
067 068 0.4941 0.2939 0.6370 0.4941
067 079 0.4941 0.2939 0.4885 0.4885
068 069 0.2939 0.4885 0.4941 0.4885
068 080 0.2939 0.2939 0.4885 0.4885
069 070 0.4885 0.2939 0.4941 0.4941
069 081 0.6370 0.4885 0.4941 0.2939
070 071 0.6370 0.4941 0.4885 0.2939
070 082 0.4941 0.4885 0.2939 0.2939
071 060 0.4885 0.6370 0.4885 0.6370
071 083 0.6370 0.6370 0.4941 0.4885
072 073 0.4885 0.4885 0.4885 0.2939
072 084 0.6370 0.4941 0.4885 0.2939
073 074 0.2939 0.6370 0.4941 0.2939
073 085 0.4885 0.2939 0.4941 0.4885
074 075 0.4941 0.4885 0.6370 0.4885
074 086 0.6370 0.4885 0.2939 0.2939
075 076 0.6370 0.6370 0.4885 0.4885
075 087 0.6370 0.6370 0.4941 0.4941
076 077 0.2939 0.4941 0.4885 0.6370
076 088 0.4885 0.2939 0.4941 0.2939
077 078 0.4885 0.6370 0.4885 0.4941
077 089 0.4941 0.4885 0.2939 0.4941
078 079 0.4941 0.2939 0.2939 0.2939
078 090 0.2939 0.4941 0.4941 0.2939
079 080 0.4885 0.2939 0.6370 0.2939
079 091 0.4941 0.4941 0.4885 0.2939
080 081 0.4885 0.2939 0.2939 0.4941
080 092 0.2939 0.2939 0.6370 0.4885
081 082 0.2939 0.4885 0.4885 0.6370
081 093 0.6370 0.4941 0.4885 0.2939
082 083 0.4885 0.6370 0.2939 0.4941
082 094 0.4885 0.6370 0.4885 0.4885
083 072 0.4885 0.2939 0.4941 0.4885
083 095 0.6370 0.4941 0.2939 0.4885
084 085 0.4885 0.4885 0.2939 0.4885
084 096 0.4885 0.4941 0.2939 0.4941
085 086 0.6370 0.4941 0.4941 0.4885
085 097 0.4941 0.6370 0.4885 0.6370
086 087 0.4885 0.4941 0.4885 0.4941
086 098 0.4941 0.2939 0.4885 0.6370
087 088 0.4941 0.4941 0.6370 0.4885
087 099 0.4941 0.6370 0.2939 0.4885
088 089 0.2939 0.4885 0.4941 0.6370
088 100 0.4941 0.4941 0.6370 0.4941
089 090 0.4885 0.2939 0.6370 0.4941
089 101 0.4885 0.4941 0.6370 0.4885
090 091 0.2939 0.4885 0.4941 0.4941
090 102 0.6370 0.4885 0.4941 0.4885
091 092 0.4885 0.4941 0.6370 0.6370
091 103 0.4885 0.6370 0.6370 0.6370
092 093 0.4941 0.6370 0.4941 0.2939
092 104 0.2939 0.6370 0.2939 0.4885
093 094 0.2939 0.6370 0.4885 0.6370
093 105 0.4885 0.6370 0.6370 0.2939
094 095 0.6370 0.6370 0.4885 0.4941
094 106 0.4885 0.4885 0.4885 0.4885
095 084 0.4885 0.6370 0.6370 0.6370
095 107 0.4885 0.6370 0.4941 0.4885
096 097 0.2939 0.6370 0.4885 0.4885
096 108 0.4941 0.4941 0.2939 0.6370
097 098 0.2939 0.2939 0.4941 0.4885
097 109 0.6370 0.4885 0.4885 0.4941
098 099 0.6370 0.2939 0.4941 0.6370
098 110 0.4941 0.4885 0.4941 0.4941
099 100 0.4885 0.4941 0.4941 0.2939
099 111 0.2939 0.6370 0.4941 0.4885
100 101 0.2939 0.4885 0.6370 0.6370
100 112 0.6370 0.6370 0.2939 0.4885
101 102 0.4885 0.6370 0.4885 0.6370
101 113 0.4941 0.4885 0.2939 0.4941
102 103 0.2939 0.2939 0.4941 0.4885
102 114 0.4885 0.4941 0.4941 0.2939
103 104 0.2939 0.4941 0.4941 0.4885
103 115 0.4885 0.4885 0.2939 0.2939
104 105 0.4885 0.6370 0.6370 0.6370
104 116 0.4885 0.6370 0.4885 0.6370
105 106 0.4885 0.4941 0.4885 0.6370
105 117 0.4941 0.6370 0.2939 0.4885
106 107 0.6370 0.4885 0.6370 0.4941
106 118 0.6370 0.4885 0.6370 0.4941
107 096 0.4941 0.4941 0.4941 0.6370
107 119 0.6370 0.4885 0.6370 0.4941
108 109 0.2939 0.4885 0.4885 0.6370
108 120 0.6370 0.2939 0.4885 0.4885
109 110 0.2939 0.6370 0.2939 0.6370
109 121 0.2939 0.2939 0.4885 0.4941
110 111 0.4941 0.4885 0.4941 0.4941
110 122 0.2939 0.4885 0.4885 0.4941
111 112 0.4941 0.4885 0.6370 0.2939
111 123 0.2939 0.4885 0.6370 0.4941
112 113 0.4885 0.4941 0.2939 0.4941
112 124 0.2939 0.4885 0.4941 0.4941
113 114 0.2939 0.4885 0.4941 0.4885
113 125 0.4885 0.4885 0.6370 0.6370
114 115 0.4941 0.4885 0.4885 0.4941
114 126 0.4941 0.2939 0.4941 0.4885
115 116 0.2939 0.4941 0.4885 0.4941
115 127 0.4941 0.2939 0.6370 0.4885
116 117 0.4885 0.4885 0.2939 0.4885
116 128 0.4941 0.2939 0.2939 0.2939
117 118 0.4885 0.6370 0.6370 0.4885
117 129 0.6370 0.4885 0.2939 0.6370
118 119 0.2939 0.2939 0.6370 0.4885
118 130 0.6370 0.2939 0.4885 0.4885
119 108 0.2939 0.2939 0.6370 0.6370
119 131 0.4885 0.2939 0.2939 0.2939
120 121 0.2939 0.4941 0.4941 0.2939
120 132 0.2939 0.2939 0.2939 0.4941
121 122 0.2939 0.4885 0.2939 0.6370
121 133 0.6370 0.2939 0.6370 0.6370
122 123 0.6370 0.4885 0.4885 0.4885
122 134 0.4885 0.4885 0.4885 0.6370
123 124 0.6370 0.4885 0.4885 0.6370
123 135 0.4941 0.4885 0.2939 0.2939
124 125 0.2939 0.2939 0.6370 0.4885
124 136 0.4885 0.4885 0.2939 0.6370
125 126 0.2939 0.6370 0.6370 0.2939
125 137 0.2939 0.2939 0.6370 0.4941
126 127 0.6370 0.4941 0.6370 0.4941
126 138 0.6370 0.4941 0.4885 0.6370
127 128 0.6370 0.2939 0.2939 0.4941
127 139 0.2939 0.4941 0.4885 0.4941
128 129 0.4941 0.2939 0.2939 0.4941
128 140 0.2939 0.2939 0.4941 0.6370
129 130 0.4941 0.2939 0.2939 0.2939
129 141 0.6370 0.4941 0.2939 0.6370
130 131 0.4885 0.2939 0.4885 0.6370
130 142 0.4941 0.2939 0.4941 0.6370
131 120 0.6370 0.2939 0.2939 0.4941
131 011 0.2939 0.2939 0.6370 0.2939
132 133 0.4941 0.4885 0.2939 0.4885
132 000 0.4885 0.2939 0.6370 0.4941
133 134 0.2939 0.4941 0.4941 0.2939
133 001 0.4885 0.4941 0.4885 0.4885
134 135 0.6370 0.4885 0.6370 0.2939
134 002 0.6370 0.4941 0.4885 0.6370
135 136 0.6370 0.2939 0.2939 0.4885
135 003 0.2939 0.6370 0.2939 0.2939
136 137 0.2939 0.4941 0.4885 0.4885
136 004 0.2939 0.6370 0.2939 0.6370
137 138 0.4941 0.2939 0.4885 0.6370
137 005 0.4885 0.4885 0.4885 0.4885
138 139 0.4941 0.4885 0.6370 0.4885
138 006 0.6370 0.4941 0.4885 0.4941
139 140 0.2939 0.2939 0.4885 0.6370
139 007 0.2939 0.2939 0.4941 0.4941
140 141 0.6370 0.6370 0.6370 0.6370
140 008 0.4941 0.4885 0.2939 0.6370
141 142 0.6370 0.2939 0.4941 0.6370
141 009 0.4941 0.6370 0.6370 0.4941
142 132 0.6370 0.4941 0.6370 0.2939
142 010 0.2939 0.4941 0.4885 0.4941
