143 002556 2 286
000 001 0.9195 0.9195 0.9195 0.9195
000 012 0.1979 0.1979 0.1979 0.1979
001 002 0.1979 0.3640 0.9195 0.1979
001 013 0.9195 0.3640 0.3640 0.1979
002 003 0.3640 0.3640 0.1979 0.3640
002 014 0.9195 0.9653 0.9195 0.3640
003 004 0.3640 0.9195 0.9195 0.3640
003 015 0.1979 0.9653 0.3640 0.1979
004 005 0.9653 0.9653 0.9653 0.9653
004 016 0.3640 0.9653 0.9653 0.3640
005 006 0.3640 0.3640 0.9653 0.9195
005 017 0.3640 0.9195 0.3640 0.3640
006 007 0.1979 0.9195 0.9653 0.9195
006 018 0.9195 0.3640 0.9195 0.3640
007 008 0.9653 0.9195 0.9653 0.9195
007 019 0.9653 0.3640 0.1979 0.1979
008 009 0.9195 0.9195 0.3640 0.3640
008 020 0.9195 0.9195 0.9195 0.3640
009 010 0.9195 0.3640 0.3640 0.9653
009 021 0.3640 0.1979 0.3640 0.9653
010 011 0.1979 0.9653 0.1979 0.3640
010 022 0.9653 0.1979 0.9653 0.1979
011 000 0.9653 0.1979 0.9653 0.9195
011 023 0.3640 0.9653 0.1979 0.9195
012 013 0.3640 0.9653 0.3640 0.9653
012 024 0.1979 0.9195 0.9195 0.3640
013 014 0.9653 0.3640 0.9653 0.9653
013 025 0.9195 0.9653 0.3640 0.9653
014 015 0.3640 0.3640 0.9195 0.1979
014 026 0.3640 0.3640 0.9195 0.1979
015 016 0.9653 0.9653 0.1979 0.1979
015 027 0.9653 0.3640 0.1979 0.1979
016 017 0.3640 0.9195 0.9653 0.9195
016 028 0.1979 0.3640 0.1979 0.9195
017 018 0.3640 0.1979 0.9195 0.1979
017 029 0.9195 0.9653 0.1979 0.9195
018 019 0.9195 0.9195 0.1979 0.3640
018 030 0.9195 0.9653 0.9195 0.3640
019 020 0.1979 0.3640 0.9195 0.1979
019 031 0.9653 0.9653 0.1979 0.3640
020 021 0.3640 0.3640 0.9195 0.9653
020 032 0.9195 0.1979 0.9653 0.1979
021 022 0.9653 0.3640 0.3640 0.9195
021 033 0.3640 0.9195 0.9653 0.3640
022 023 0.9195 0.9195 0.3640 0.9195
022 034 0.9653 0.9653 0.9195 0.3640
023 012 0.1979 0.1979 0.3640 0.9653
023 035 0.3640 0.3640 0.9195 0.1979
024 025 0.3640 0.9195 0.9653 0.3640
024 036 0.9653 0.9195 0.9195 0.9195
025 026 0.3640 0.1979 0.1979 0.9195
025 037 0.9195 0.1979 0.3640 0.1979
026 027 0.9195 0.9195 0.9653 0.1979
026 038 0.1979 0.9653 0.9653 0.3640
027 028 0.9653 0.3640 0.1979 0.9653
027 039 0.9195 0.9195 0.1979 0.9195
028 029 0.1979 0.9195 0.1979 0.3640
028 040 0.1979 0.1979 0.3640 0.1979
029 030 0.3640 0.9195 0.9653 0.3640
029 041 0.3640 0.1979 0.9195 0.9195
030 031 0.9653 0.3640 0.9653 0.9653
030 042 0.9195 0.1979 0.9195 0.1979
031 032 0.9195 0.3640 0.3640 0.9195
031 043 0.9195 0.9195 0.9653 0.3640
032 033 0.3640 0.3640 0.3640 0.9195
032 044 0.3640 0.1979 0.9653 0.1979
033 034 0.1979 0.3640 0.9195 0.9653
033 045 0.1979 0.3640 0.9195 0.9195
034 035 0.9653 0.9195 0.3640 0.1979
034 046 0.1979 0.9195 0.9653 0.9653
035 024 0.1979 0.9653 0.9653 0.9653
035 047 0.3640 0.9195 0.9653 0.9653
036 037 0.1979 0.9195 0.3640 0.9195
036 048 0.9195 0.9653 0.3640 0.1979
037 038 0.1979 0.9195 0.9195 0.9653
037 049 0.3640 0.3640 0.1979 0.9653
038 039 0.1979 0.9195 0.9653 0.1979
038 050 0.3640 0.9195 0.3640 0.1979
039 040 0.3640 0.3640 0.3640 0.3640
039 051 0.9195 0.3640 0.1979 0.3640
040 041 0.9195 0.1979 0.9195 0.3640
040 052 0.1979 0.1979 0.1979 0.3640
041 042 0.3640 0.1979 0.3640 0.1979
041 053 0.3640 0.3640 0.1979 0.9195
042 043 0.1979 0.3640 0.1979 0.9195
042 054 0.1979 0.9653 0.3640 0.9195
043 044 0.1979 0.3640 0.9653 0.3640
043 055 0.1979 0.1979 0.1979 0.3640
044 045 0.9195 0.9653 0.1979 0.9653
044 056 0.9195 0.3640 0.9653 0.9653
045 046 0.1979 0.9195 0.9195 0.9195
045 057 0.1979 0.1979 0.3640 0.9195
046 047 0.3640 0.3640 0.9653 0.1979
046 058 0.9195 0.3640 0.9195 0.1979
047 036 0.3640 0.1979 0.9653 0.1979
047 059 0.3640 0.1979 0.1979 0.9195
048 049 0.3640 0.9653 0.1979 0.9653
048 060 0.9195 0.9195 0.9653 0.9653
049 050 0.1979 0.1979 0.1979 0.9653
049 061 0.1979 0.3640 0.9653 0.9653
050 051 0.9195 0.9195 0.1979 0.1979
050 062 0.1979 0.1979 0.3640 0.1979
051 052 0.9195 0.9653 0.1979 0.9653
051 063 0.1979 0.9195 0.3640 0.1979
052 053 0.9653 0.1979 0.3640 0.9653
052 064 0.3640 0.1979 0.3640 0.9653
053 054 0.9653 0.9195 0.9653 0.3640
053 065 0.3640 0.9653 0.1979 0.1979
054 055 0.9653 0.9653 0.3640 0.3640
054 066 0.1979 0.9653 0.3640 0.1979
055 056 0.1979 0.9653 0.9195 0.3640
055 067 0.9195 0.9653 0.3640 0.3640
056 057 0.9195 0.9653 0.9653 0.3640
056 068 0.9653 0.9653 0.9653 0.1979
057 058 0.1979 0.1979 0.9195 0.9653
057 069 0.9195 0.9653 0.9653 0.3640
058 059 0.1979 0.9195 0.1979 0.1979
058 070 0.1979 0.3640 0.9195 0.3640
059 048 0.9653 0.9653 0.9195 0.9195
059 071 0.3640 0.1979 0.1979 0.9653
060 061 0.9195 0.3640 0.9195 0.1979
060 072 0.3640 0.3640 0.1979 0.9195
061 062 0.9195 0.3640 0.9195 0.1979
061 073 0.3640 0.3640 0.9653 0.9653
062 063 0.1979 0.3640 0.1979 0.3640
062 074 0.9653 0.3640 0.1979 0.9195
063 064 0.9653 0.1979 0.9653 0.1979
063 075 0.1979 0.9195 0.9195 0.1979
064 065 0.9195 0.9195 0.9653 0.9195
064 076 0.3640 0.1979 0.3640 0.9195
065 066 0.9653 0.3640 0.1979 0.3640
065 077 0.9195 0.9653 0.3640 0.3640
066 067 0.1979 0.1979 0.1979 0.3640
066 078 0.9653 0.3640 0.1979 0.1979
067 068 0.3640 0.3640 0.3640 0.1979
067 079 0.9195 0.9653 0.3640 0.9195
068 069 0.3640 0.9653 0.9653 0.3640
068 080 0.9195 0.1979 0.9653 0.9195
069 070 0.3640 0.9195 0.9653 0.1979
069 081 0.9195 0.1979 0.9653 0.9195
070 071 0.9653 0.3640 0.3640 0.1979
070 082 0.3640 0.1979 0.3640 0.9195
071 060 0.3640 0.3640 0.9653 0.3640
071 083 0.9195 0.3640 0.3640 0.1979
072 073 0.9195 0.9195 0.1979 0.3640
072 084 0.9195 0.1979 0.3640 0.3640
073 074 0.1979 0.1979 0.3640 0.3640
073 085 0.3640 0.1979 0.9653 0.9653
074 075 0.9195 0.3640 0.9653 0.1979
074 086 0.1979 0.3640 0.9653 0.9653
075 076 0.1979 0.9195 0.9653 0.9195
075 087 0.3640 0.9195 0.9195 0.3640
076 077 0.9195 0.9195 0.9653 0.9653
076 088 0.9195 0.9195 0.9195 0.3640
077 078 0.1979 0.9195 0.3640 0.9195
077 089 0.1979 0.1979 0.9195 0.1979
078 079 0.9195 0.1979 0.1979 0.3640
078 090 0.3640 0.3640 0.9653 0.1979
079 080 0.3640 0.3640 0.9653 0.3640
079 091 0.9195 0.9653 0.9653 0.3640
080 081 0.1979 0.9195 0.1979 0.1979
080 092 0.1979 0.9195 0.9653 0.3640
081 082 0.9653 0.3640 0.9195 0.1979
081 093 0.9653 0.1979 0.9195 0.9195
082 083 0.9195 0.3640 0.9653 0.1979
082 094 0.9195 0.9653 0.1979 0.9195
083 072 0.9195 0.9653 0.3640 0.9653
083 095 0.9195 0.9195 0.9653 0.1979
084 085 0.9195 0.9195 0.9195 0.3640
084 096 0.3640 0.9195 0.9195 0.9195
085 086 0.9653 0.1979 0.9653 0.9195
085 097 0.3640 0.9653 0.9195 0.1979
086 087 0.3640 0.9195 0.9653 0.9195
086 098 0.1979 0.9653 0.1979 0.3640
087 088 0.9195 0.9195 0.9195 0.9195
087 099 0.9653 0.9653 0.9195 0.1979
088 089 0.9195 0.3640 0.9195 0.1979
088 100 0.9195 0.9195 0.3640 0.3640
089 090 0.9653 0.3640 0.3640 0.9653
089 101 0.9195 0.9653 0.3640 0.9195
090 091 0.3640 0.9195 0.9195 0.9653
090 102 0.9195 0.9653 0.1979 0.1979
091 092 0.9195 0.3640 0.9195 0.1979
091 103 0.9195 0.1979 0.9653 0.9195
092 093 0.3640 0.9195 0.1979 0.3640
092 104 0.9653 0.9195 0.1979 0.9653
093 094 0.9195 0.3640 0.1979 0.3640
093 105 0.1979 0.9195 0.1979 0.9653
094 095 0.3640 0.9195 0.3640 0.1979
094 106 0.9195 0.1979 0.9653 0.9195
095 084 0.9653 0.3640 0.9195 0.9195
095 107 0.9195 0.9195 0.9195 0.9195
096 097 0.1979 0.3640 0.9653 0.9653
096 108 0.1979 0.3640 0.9195 0.3640
097 098 0.1979 0.3640 0.3640 0.3640
097 109 0.9653 0.3640 0.9195 0.3640
098 099 0.9195 0.3640 0.1979 0.9653
098 110 0.9195 0.9195 0.9195 0.9653
099 100 0.9653 0.9653 0.9653 0.9653
099 111 0.9195 0.3640 0.3640 0.9653
100 101 0.1979 0.9653 0.1979 0.9195
100 112 0.1979 0.3640 0.3640 0.9653
101 102 0.9653 0.9195 0.9195 0.9653
101 113 0.1979 0.1979 0.9195 0.9653
102 103 0.9195 0.9195 0.9195 0.1979
102 114 0.9653 0.3640 0.9653 0.1979
103 104 0.9195 0.9195 0.9653 0.1979
103 115 0.9653 0.9653 0.9653 0.3640
104 105 0.3640 0.9195 0.1979 0.3640
104 116 0.3640 0.3640 0.3640 0.1979
105 106 0.3640 0.9653 0.1979 0.9653
105 117 0.3640 0.3640 0.9653 0.1979
106 107 0.9653 0.1979 0.3640 0.9195
106 118 0.1979 0.9653 0.3640 0.9653
107 096 0.1979 0.9653 0.9653 0.1979
107 119 0.9653 0.1979 0.3640 0.9195
108 109 0.9653 0.3640 0.9195 0.9653
108 120 0.1979 0.3640 0.3640 0.9195
109 110 0.1979 0.9653 0.9195 0.1979
109 121 0.1979 0.9195 0.9653 0.1979
110 111 0.9195 0.3640 0.9653 0.3640
110 122 0.9653 0.9653 0.9195 0.9195
111 112 0.1979 0.9195 0.3640 0.3640
111 123 0.3640 0.1979 0.9195 0.9653
112 113 0.3640 0.1979 0.9195 0.9653
112 124 0.1979 0.3640 0.9653 0.9653
113 114 0.9195 0.9653 0.9195 0.1979
113 125 0.1979 0.9653 0.9195 0.1979
114 115 0.9195 0.9653 0.9653 0.1979
114 126 0.3640 0.1979 0.9195 0.1979
115 116 0.9653 0.1979 0.1979 0.9653
115 127 0.1979 0.9653 0.3640 0.9653
116 117 0.1979 0.1979 0.9653 0.9195
116 128 0.1979 0.9653 0.9195 0.3640
117 118 0.3640 0.9653 0.3640 0.3640
117 129 0.9653 0.3640 0.9653 0.1979
118 119 0.1979 0.3640 0.1979 0.9195
118 130 0.3640 0.3640 0.9195 0.1979
119 108 0.3640 0.9653 0.3640 0.3640
119 131 0.9195 0.1979 0.3640 0.1979
120 121 0.3640 0.1979 0.9653 0.9653
120 132 0.1979 0.1979 0.3640 0.3640
121 122 0.1979 0.9653 0.1979 0.9653
121 133 0.9653 0.9653 0.9195 0.3640
122 123 0.3640 0.3640 0.1979 0.3640
122 134 0.9653 0.1979 0.9195 0.1979
123 124 0.1979 0.9195 0.9653 0.1979
123 135 0.1979 0.9195 0.3640 0.9195
124 125 0.9195 0.3640 0.3640 0.9653
124 136 0.3640 0.9195 0.3640 0.3640
125 126 0.1979 0.9653 0.3640 0.3640
125 137 0.3640 0.9653 0.9653 0.3640
126 127 0.1979 0.3640 0.9653 0.1979
126 138 0.9195 0.9195 0.9195 0.9653
127 128 0.3640 0.9653 0.9653 0.3640
127 139 0.9195 0.9653 0.3640 0.3640
128 129 0.1979 0.3640 0.9653 0.3640
128 140 0.1979 0.3640 0.3640 0.3640
129 130 0.3640 0.1979 0.9653 0.1979
129 141 0.9653 0.9653 0.1979 0.3640
130 131 0.9195 0.9653 0.1979 0.3640
130 142 0.9195 0.9653 0.9653 0.1979
131 120 0.9195 0.9195 0.1979 0.9653
131 011 0.9195 0.3640 0.1979 0.1979
132 133 0.3640 0.9195 0.3640 0.9653
132 000 0.9653 0.9653 0.1979 0.1979
133 134 0.3640 0.3640 0.1979 0.9195
133 001 0.1979 0.9195 0.9653 0.9653
134 135 0.9195 0.3640 0.9195 0.3640
134 002 0.3640 0.1979 0.1979 0.9653
135 136 0.9195 0.1979 0.3640 0.1979
135 003 0.3640 0.1979 0.1979 0.9195
136 137 0.1979 0.9195 0.9653 0.1979
136 004 0.9195 0.9195 0.9195 0.9653
137 138 0.9195 0.1979 0.1979 0.9195
137 005 0.3640 0.3640 0.9653 0.9195
138 139 0.9653 0.9653 0.9195 0.1979
138 006 0.1979 0.9653 0.3640 0.3640
139 140 0.9653 0.1979 0.3640 0.9653
139 007 0.1979 0.3640 0.1979 0.1979
140 141 0.1979 0.9653 0.9653 0.1979
140 008 0.3640 0.3640 0.3640 0.9195
141 142 0.9195 0.9653 0.9195 0.9195
141 009 0.9195 0.9195 0.9653 0.1979
142 132 0.9195 0.1979 0.3640 0.3640
142 010 0.1979 0.1979 0.9195 0.1979
