143 002556 2 286
000 001 0.8349 0.8349 0.3361 0.5085
000 012 0.5085 0.3361 0.8349 0.8349
001 002 0.3361 0.3575 0.5085 0.8349
001 013 0.8349 0.3575 0.3361 0.5085
002 003 0.5085 0.5085 0.8349 0.3575
002 014 0.3361 0.5085 0.5085 0.3361
003 004 0.5085 0.8349 0.3575 0.3361
003 015 0.3575 0.3361 0.3575 0.3575
004 005 0.3575 0.3361 0.3575 0.3361
004 016 0.5085 0.3361 0.5085 0.3575
005 006 0.3361 0.3361 0.8349 0.5085
005 017 0.3575 0.3361 0.8349 0.3361
006 007 0.3361 0.3361 0.3361 0.5085
006 018 0.8349 0.8349 0.5085 0.3361
007 008 0.5085 0.3361 0.8349 0.3361
007 019 0.3575 0.3575 0.8349 0.5085
008 009 0.8349 0.3575 0.8349 0.5085
008 020 0.5085 0.8349 0.5085 0.5085
009 010 0.3361 0.5085 0.5085 0.3575
009 021 0.8349 0.8349 0.3575 0.5085
010 011 0.5085 0.3575 0.5085 0.8349
010 022 0.3575 0.8349 0.3575 0.8349
011 000 0.3575 0.5085 0.3575 0.3575
011 023 0.5085 0.5085 0.8349 0.3361
012 013 0.3361 0.8349 0.3361 0.5085
012 024 0.8349 0.8349 0.5085 0.3575
013 014 0.5085 0.5085 0.3575 0.3361
013 025 0.3361 0.5085 0.5085 0.5085
014 015 0.8349 0.5085 0.5085 0.3361
014 026 0.5085 0.5085 0.5085 0.5085
015 016 0.8349 0.8349 0.8349 0.5085
015 027 0.8349 0.8349 0.3575 0.3575
016 017 0.8349 0.5085 0.5085 0.3361
016 028 0.3575 0.3361 0.5085 0.5085
017 018 0.8349 0.3575 0.5085 0.8349
017 029 0.3361 0.5085 0.8349 0.3575
018 019 0.3575 0.8349 0.5085 0.8349
018 030 0.3575 0.8349 0.5085 0.3361
019 020 0.3575 0.3361 0.8349 0.3575
019 031 0.8349 0.8349 0.3575 0.8349
020 021 0.3361 0.5085 0.3361 0.5085
020 032 0.8349 0.3361 0.3361 0.8349
021 022 0.3575 0.8349 0.3361 0.3575
021 033 0.8349 0.5085 0.8349 0.5085
022 023 0.8349 0.3575 0.8349 0.8349
022 034 0.3361 0.5085 0.8349 0.3361
023 012 0.3575 0.5085 0.3575 0.3361
023 035 0.5085 0.5085 0.3575 0.3361
024 025 0.3361 0.8349 0.5085 0.5085
024 036 0.5085 0.5085 0.8349 0.3575
025 026 0.3361 0.8349 0.8349 0.8349
025 037 0.5085 0.5085 0.8349 0.5085
026 027 0.8349 0.5085 0.5085 0.3575
026 038 0.3575 0.3361 0.3361 0.8349
027 028 0.5085 0.3575 0.8349 0.3575
027 039 0.3361 0.3361 0.3361 0.3575
028 029 0.3361 0.3575 0.3575 0.8349
028 040 0.8349 0.3575 0.5085 0.5085
029 030 0.8349 0.3575 0.8349 0.3575
029 041 0.3575 0.5085 0.8349 0.3361
030 031 0.3361 0.3361 0.8349 0.5085
030 042 0.8349 0.3575 0.8349 0.5085
031 032 0.3361 0.3575 0.3361 0.8349
031 043 0.8349 0.3575 0.5085 0.5085
032 033 0.3575 0.3575 0.5085 0.3575
032 044 0.3575 0.8349 0.3361 0.5085
033 034 0.3575 0.5085 0.3575 0.3575
033 045 0.8349 0.5085 0.5085 0.3361
034 035 0.5085 0.5085 0.8349 0.8349
034 046 0.5085 0.3575 0.3575 0.8349
035 024 0.5085 0.8349 0.5085 0.3361
035 047 0.3361 0.3361 0.3575 0.8349
036 037 0.5085 0.8349 0.8349 0.3575
036 048 0.8349 0.5085 0.3575 0.8349
037 038 0.3575 0.3575 0.5085 0.3575
037 049 0.3575 0.8349 0.5085 0.5085
038 039 0.5085 0.8349 0.5085 0.8349
038 050 0.5085 0.3361 0.3575 0.5085
039 040 0.3575 0.3361 0.8349 0.3361
039 051 0.5085 0.3575 0.3575 0.3575
040 041 0.3361 0.8349 0.8349 0.3361
040 052 0.3361 0.8349 0.3575 0.3575
041 042 0.8349 0.5085 0.3575 0.5085
041 053 0.3575 0.8349 0.8349 0.3575
042 043 0.3575 0.8349 0.5085 0.5085
042 054 0.3361 0.8349 0.3575 0.5085
043 044 0.8349 0.3575 0.3361 0.3361
043 055 0.3575 0.3575 0.3361 0.3575
044 045 0.3361 0.8349 0.8349 0.8349
044 056 0.5085 0.3575 0.5085 0.3361
045 046 0.5085 0.3575 0.5085 0.5085
045 057 0.8349 0.8349 0.3361 0.3575
046 047 0.3575 0.8349 0.3361 0.3361
046 058 0.5085 0.5085 0.5085 0.3575
047 036 0.3575 0.3361 0.3361 0.5085
047 059 0.3575 0.5085 0.5085 0.8349
048 049 0.3575 0.3361 0.5085 0.5085
048 060 0.3575 0.5085 0.3361 0.3361
049 050 0.3575 0.3575 0.5085 0.3575
049 061 0.3361 0.3361 0.8349 0.3361
050 051 0.3575 0.3361 0.5085 0.3361
050 062 0.3361 0.3361 0.3575 0.3575
051 052 0.3575 0.8349 0.5085 0.5085
051 063 0.8349 0.3575 0.3575 0.3575
052 053 0.5085 0.8349 0.3361 0.8349
052 064 0.5085 0.8349 0.8349 0.8349
053 054 0.3575 0.8349 0.8349 0.5085
053 065 0.8349 0.3361 0.3575 0.8349
054 055 0.3575 0.3361 0.5085 0.8349
054 066 0.3361 0.3575 0.8349 0.3361
055 056 0.5085 0.8349 0.3361 0.8349
055 067 0.3361 0.3575 0.8349 0.3575
056 057 0.3575 0.8349 0.3361 0.3575
056 068 0.3575 0.8349 0.5085 0.3575
057 058 0.3361 0.3575 0.8349 0.3361
057 069 0.3361 0.3575 0.5085 0.8349
058 059 0.3575 0.3575 0.8349 0.3361
058 070 0.3361 0.8349 0.3575 0.8349
059 048 0.3575 0.5085 0.3575 0.3575
059 071 0.3361 0.8349 0.3361 0.3575
060 061 0.3575 0.8349 0.3361 0.3575
060 072 0.5085 0.5085 0.3361 0.5085
061 062 0.3575 0.3361 0.3575 0.3575
061 073 0.5085 0.8349 0.3575 0.3361
062 063 0.8349 0.8349 0.3361 0.5085
062 074 0.5085 0.8349 0.5085 0.3361
063 064 0.3575 0.3575 0.3361 0.3361
063 075 0.3575 0.8349 0.3361 0.5085
064 065 0.5085 0.5085 0.5085 0.8349
064 076 0.5085 0.3575 0.3575 0.8349
065 066 0.8349 0.8349 0.5085 0.5085
065 077 0.3575 0.8349 0.3361 0.5085
066 067 0.3575 0.3361 0.8349 0.3361
066 078 0.8349 0.8349 0.3361 0.8349
067 068 0.8349 0.3361 0.5085 0.3575
067 079 0.8349 0.3575 0.3575 0.8349
068 069 0.5085 0.8349 0.3575 0.3575
068 080 0.5085 0.5085 0.3575 0.8349
069 070 0.3361 0.8349 0.8349 0.3361
069 081 0.5085 0.3575 0.5085 0.3361
070 071 0.5085 0.3575 0.8349 0.5085
070 082 0.8349 0.5085 0.8349 0.8349
071 060 0.5085 0.3361 0.3361 0.3361
071 083 0.8349 0.8349 0.3575 0.5085
072 073 0.3575 0.5085 0.3575 0.3361
072 084 0.5085 0.3575 0.3575 0.3575
073 074 0.3575 0.8349 0.8349 0.5085
073 085 0.3361 0.3361 0.3575 0.3361
074 075 0.3575 0.5085 0.5085 0.3361
074 086 0.8349 0.5085 0.3575 0.5085
075 076 0.8349 0.8349 0.3575 0.5085
075 087 0.5085 0.5085 0.5085 0.3575
076 077 0.5085 0.3361 0.5085 0.3575
076 088 0.3575 0.3575 0.3361 0.3575
077 078 0.8349 0.8349 0.3575 0.8349
077 089 0.3361 0.3575 0.3361 0.3361
078 079 0.5085 0.8349 0.3575 0.3361
078 090 0.3575 0.3361 0.3361 0.8349
079 080 0.3361 0.3575 0.3575 0.3575
079 091 0.3575 0.5085 0.3575 0.3575
080 081 0.3575 0.5085 0.3575 0.5085
080 092 0.3361 0.8349 0.3361 0.3361
081 082 0.3575 0.3361 0.3361 0.5085
081 093 0.8349 0.5085 0.3361 0.3361
082 083 0.8349 0.8349 0.3575 0.5085
082 094 0.3575 0.5085 0.5085 0.8349
083 072 0.3361 0.5085 0.3361 0.5085
083 095 0.5085 0.8349 0.5085 0.3575
084 085 0.3575 0.3575 0.5085 0.3575
084 096 0.3361 0.5085 0.5085 0.5085
085 086 0.5085 0.3575 0.5085 0.8349
085 097 0.3575 0.3361 0.3361 0.8349
086 087 0.8349 0.3575 0.5085 0.5085
086 098 0.8349 0.8349 0.3361 0.5085
087 088 0.3575 0.3575 0.3361 0.3361
087 099 0.3361 0.3361 0.5085 0.3575
088 089 0.3575 0.5085 0.3575 0.3361
088 100 0.5085 0.5085 0.5085 0.5085
089 090 0.5085 0.8349 0.3575 0.5085
089 101 0.8349 0.8349 0.8349 0.3575
090 091 0.5085 0.8349 0.3575 0.5085
090 102 0.3575 0.8349 0.8349 0.8349
091 092 0.8349 0.3361 0.3575 0.8349
091 103 0.3361 0.3361 0.5085 0.8349
092 093 0.5085 0.5085 0.5085 0.8349
092 104 0.3575 0.3361 0.3361 0.3575
093 094 0.3361 0.3575 0.5085 0.3575
093 105 0.5085 0.3361 0.3575 0.5085
094 095 0.8349 0.3361 0.8349 0.3361
094 106 0.8349 0.5085 0.3361 0.5085
095 084 0.3361 0.8349 0.3361 0.8349
095 107 0.8349 0.8349 0.5085 0.8349
096 097 0.5085 0.5085 0.3361 0.3575
096 108 0.3575 0.8349 0.3575 0.3361
097 098 0.8349 0.5085 0.5085 0.3575
097 109 0.5085 0.3575 0.8349 0.8349
098 099 0.3361 0.8349 0.3575 0.3361
098 110 0.5085 0.3575 0.8349 0.5085
099 100 0.3575 0.5085 0.8349 0.5085
099 111 0.5085 0.8349 0.5085 0.3361
100 101 0.8349 0.3575 0.8349 0.3575
100 112 0.3575 0.8349 0.3575 0.5085
101 102 0.8349 0.3361 0.3361 0.8349
101 113 0.5085 0.8349 0.5085 0.8349
102 103 0.3361 0.8349 0.3361 0.3575
102 114 0.8349 0.3361 0.3361 0.3361
103 104 0.8349 0.5085 0.5085 0.3361
103 115 0.8349 0.3361 0.5085 0.8349
104 105 0.8349 0.3575 0.3575 0.5085
104 116 0.3361 0.8349 0.3361 0.8349
105 106 0.3575 0.8349 0.3361 0.3361
105 117 0.5085 0.5085 0.8349 0.5085
106 107 0.8349 0.8349 0.8349 0.5085
106 118 0.3575 0.8349 0.5085 0.3575
107 096 0.8349 0.8349 0.5085 0.3361
107 119 0.3361 0.3575 0.3575 0.3361
108 109 0.3575 0.5085 0.3575 0.5085
108 120 0.8349 0.3575 0.3575 0.3575
109 110 0.5085 0.8349 0.3361 0.3361
109 121 0.3361 0.3361 0.8349 0.5085
110 111 0.3575 0.3361 0.5085 0.8349
110 122 0.8349 0.3575 0.5085 0.8349
111 112 0.8349 0.3575 0.5085 0.8349
111 123 0.8349 0.8349 0.3361 0.3575
112 113 0.3361 0.3361 0.3361 0.5085
112 124 0.5085 0.8349 0.3361 0.3575
113 114 0.8349 0.3575 0.5085 0.3361
113 125 0.5085 0.3361 0.5085 0.5085
114 115 0.5085 0.5085 0.3361 0.5085
114 126 0.5085 0.3575 0.5085 0.3361
115 116 0.8349 0.5085 0.3575 0.3361
115 127 0.3361 0.5085 0.3575 0.8349
116 117 0.3575 0.3575 0.5085 0.5085
116 128 0.8349 0.3575 0.3575 0.3361
117 118 0.5085 0.3575 0.3361 0.3361
117 129 0.3575 0.5085 0.3361 0.3361
118 119 0.3361 0.8349 0.3575 0.3361
118 130 0.3361 0.5085 0.3361 0.3361
119 108 0.3575 0.3361 0.3575 0.3361
119 131 0.8349 0.5085 0.3575 0.5085
120 121 0.3361 0.5085 0.3575 0.8349
120 132 0.3361 0.5085 0.3361 0.3575
121 122 0.8349 0.3575 0.3575 0.8349
121 133 0.8349 0.8349 0.8349 0.5085
122 123 0.8349 0.5085 0.3361 0.3575
122 134 0.3361 0.5085 0.3575 0.8349
123 124 0.3361 0.3575 0.3575 0.3575
123 135 0.3361 0.3575 0.8349 0.3361
124 125 0.3575 0.3575 0.3361 0.3361
124 136 0.3361 0.8349 0.3575 0.3575
125 126 0.5085 0.3361 0.5085 0.8349
125 137 0.3361 0.8349 0.3361 0.3575
126 127 0.3575 0.8349 0.3575 0.3361
126 138 0.3361 0.3575 0.3361 0.8349
127 128 0.8349 0.3361 0.5085 0.8349
127 139 0.3361 0.3361 0.3361 0.3361
128 129 0.8349 0.3361 0.3575 0.8349
128 140 0.5085 0.3575 0.5085 0.3361
129 130 0.5085 0.3575 0.8349 0.8349
129 141 0.8349 0.3575 0.3361 0.3575
130 131 0.5085 0.3361 0.8349 0.3575
130 142 0.8349 0.3575 0.3575 0.3361
131 120 0.5085 0.5085 0.3575 0.5085
131 011 0.5085 0.3361 0.3575 0.3361
132 133 0.8349 0.5085 0.5085 0.3575
132 000 0.8349 0.3575 0.3361 0.8349
133 134 0.3575 0.8349 0.5085 0.8349
133 001 0.8349 0.5085 0.3575 0.5085
134 135 0.8349 0.5085 0.3575 0.5085
134 002 0.3575 0.3361 0.5085 0.3575
135 136 0.8349 0.3361 0.3361 0.5085
135 003 0.8349 0.3361 0.8349 0.3361
136 137 0.5085 0.3575 0.3575 0.3361
136 004 0.3361 0.3361 0.5085 0.8349
137 138 0.8349 0.5085 0.3361 0.8349
137 005 0.5085 0.3575 0.5085 0.3361
138 139 0.8349 0.8349 0.3361 0.8349
138 006 0.3575 0.5085 0.5085 0.5085
139 140 0.8349 0.5085 0.5085 0.5085
139 007 0.3575 0.3361 0.3361 0.3361
140 141 0.8349 0.8349 0.3575 0.3361
140 008 0.8349 0.8349 0.5085 0.3575
141 142 0.8349 0.3575 0.5085 0.3361
141 009 0.8349 0.8349 0.3361 0.8349
142 132 0.5085 0.3575 0.3575 0.8349
142 010 0.8349 0.8349 0.3575 0.3361
