143 002556 2 286
000 001 0.2922 0.2922 0.2226 0.7102
000 012 0.2226 0.4295 0.2226 0.4295
001 002 0.2922 0.4295 0.7102 0.2922
001 013 0.2922 0.7102 0.4295 0.2226
002 003 0.7102 0.2226 0.2226 0.2922
002 014 0.2922 0.2226 0.7102 0.2922
003 004 0.7102 0.4295 0.7102 0.4295
003 015 0.2226 0.7102 0.2226 0.2226
004 005 0.7102 0.2922 0.2922 0.2226
004 016 0.2922 0.2922 0.7102 0.2226
005 006 0.2226 0.7102 0.7102 0.7102
005 017 0.7102 0.2226 0.7102 0.2922
006 007 0.2922 0.2226 0.7102 0.2922
006 018 0.2226 0.7102 0.2226 0.7102
007 008 0.4295 0.4295 0.7102 0.2226
007 019 0.2226 0.4295 0.2922 0.2226
008 009 0.2922 0.4295 0.7102 0.2922
008 020 0.4295 0.2922 0.4295 0.7102
009 010 0.4295 0.7102 0.4295 0.2922
009 021 0.2922 0.7102 0.4295 0.4295
010 011 0.2922 0.7102 0.2226 0.7102
010 022 0.4295 0.2226 0.7102 0.7102
011 000 0.4295 0.4295 0.2922 0.2922
011 023 0.2922 0.2226 0.7102 0.2226
012 013 0.2226 0.4295 0.2922 0.2226
012 024 0.2922 0.2922 0.2226 0.7102
013 014 0.2922 0.2226 0.2226 0.2226
013 025 0.2226 0.2922 0.2226 0.2226
014 015 0.4295 0.7102 0.2922 0.7102
014 026 0.4295 0.2922 0.2922 0.7102
015 016 0.2922 0.4295 0.2226 0.2922
015 027 0.7102 0.4295 0.4295 0.7102
016 017 0.2226 0.2226 0.7102 0.2922
016 028 0.4295 0.2226 0.2922 0.7102
017 018 0.4295 0.4295 0.2226 0.2922
017 029 0.7102 0.2922 0.2922 0.7102
018 019 0.2922 0.2922 0.2226 0.7102
018 030 0.7102 0.7102 0.7102 0.2226
019 020 0.4295 0.2922 0.2922 0.7102
019 031 0.7102 0.2922 0.2922 0.7102
020 021 0.7102 0.2922 0.4295 0.4295
020 032 0.2922 0.2922 0.4295 0.7102
021 022 0.2922 0.2226 0.7102 0.2226
021 033 0.7102 0.2922 0.4295 0.2226
022 023 0.2922 0.2226 0.2226 0.2922
022 034 0.7102 0.2922 0.7102 0.2922
023 012 0.2922 0.4295 0.7102 0.2226
023 035 0.2922 0.2226 0.2922 0.2226
024 025 0.2226 0.7102 0.7102 0.7102
024 036 0.2226 0.4295 0.4295 0.2226
025 026 0.2922 0.2922 0.4295 0.2226
025 037 0.2226 0.2922 0.2226 0.4295
026 027 0.4295 0.4295 0.2922 0.2226
026 038 0.4295 0.2226 0.2922 0.2226
027 028 0.2922 0.2226 0.2226 0.2922
027 039 0.2922 0.2922 0.2922 0.2922
028 029 0.4295 0.2226 0.7102 0.4295
028 040 0.7102 0.4295 0.2226 0.7102
029 030 0.2226 0.4295 0.2226 0.4295
029 041 0.2922 0.2922 0.7102 0.2226
030 031 0.2226 0.7102 0.2226 0.4295
030 042 0.7102 0.2226 0.2922 0.7102
031 032 0.7102 0.2226 0.2226 0.2922
031 043 0.2226 0.4295 0.2226 0.2226
032 033 0.2226 0.2226 0.4295 0.4295
032 044 0.2922 0.2922 0.7102 0.4295
033 034 0.7102 0.4295 0.2922 0.7102
033 045 0.7102 0.4295 0.7102 0.7102
034 035 0.2226 0.2226 0.2226 0.7102
034 046 0.7102 0.7102 0.2226 0.2922
035 024 0.2922 0.2922 0.2226 0.2922
035 047 0.2922 0.7102 0.2226 0.4295
036 037 0.4295 0.4295 0.2922 0.2922
036 048 0.7102 0.2226 0.2922 0.2922
037 038 0.2226 0.2922 0.7102 0.4295
037 049 0.4295 0.2226 0.2922 0.2226
038 039 0.2922 0.2226 0.7102 0.7102
038 050 0.2922 0.2226 0.2226 0.4295
039 040 0.7102 0.4295 0.4295 0.2922
039 051 0.7102 0.2226 0.7102 0.7102
040 041 0.4295 0.2922 0.4295 0.4295
040 052 0.7102 0.2226 0.4295 0.2922
041 042 0.4295 0.4295 0.2226 0.2226
041 053 0.2922 0.4295 0.2922 0.2922
042 043 0.4295 0.7102 0.2922 0.4295
042 054 0.2922 0.2226 0.2922 0.2226
043 044 0.2922 0.2226 0.2226 0.7102
043 055 0.2226 0.2922 0.2922 0.2922
044 045 0.2226 0.4295 0.2922 0.2226
044 056 0.4295 0.2226 0.2922 0.2922
045 046 0.2922 0.2922 0.7102 0.2922
045 057 0.2922 0.4295 0.4295 0.2922
046 047 0.2226 0.4295 0.7102 0.2226
046 058 0.7102 0.2226 0.2922 0.7102
047 036 0.4295 0.2922 0.7102 0.4295
047 059 0.2922 0.2226 0.2226 0.4295
048 049 0.4295 0.4295 0.4295 0.2922
048 060 0.2226 0.7102 0.7102 0.2922
049 050 0.2922 0.4295 0.7102 0.2226
049 061 0.7102 0.4295 0.7102 0.2226
050 051 0.2226 0.2922 0.4295 0.7102
050 062 0.4295 0.2922 0.2922 0.2226
051 052 0.2922 0.4295 0.4295 0.7102
051 063 0.7102 0.2226 0.4295 0.2922
052 053 0.4295 0.2226 0.2226 0.2226
052 064 0.4295 0.2922 0.2922 0.2922
053 054 0.7102 0.2922 0.7102 0.4295
053 065 0.4295 0.4295 0.7102 0.2922
054 055 0.7102 0.2922 0.7102 0.2922
054 066 0.2226 0.7102 0.4295 0.2226
055 056 0.2226 0.7102 0.2922 0.4295
055 067 0.4295 0.2922 0.7102 0.7102
056 057 0.4295 0.4295 0.7102 0.2922
056 068 0.7102 0.4295 0.7102 0.7102
057 058 0.2226 0.2922 0.2226 0.4295
057 069 0.7102 0.7102 0.2226 0.2922
058 059 0.2226 0.2922 0.7102 0.2226
058 070 0.2226 0.2922 0.7102 0.7102
059 048 0.4295 0.7102 0.2226 0.2226
059 071 0.2922 0.4295 0.4295 0.4295
060 061 0.2226 0.7102 0.7102 0.7102
060 072 0.7102 0.7102 0.4295 0.2226
061 062 0.7102 0.4295 0.4295 0.7102
061 073 0.4295 0.2226 0.2226 0.2226
062 063 0.2922 0.7102 0.2922 0.2226
062 074 0.2226 0.4295 0.7102 0.4295
063 064 0.7102 0.7102 0.2226 0.2922
063 075 0.2922 0.7102 0.4295 0.2226
064 065 0.2922 0.4295 0.2922 0.7102
064 076 0.4295 0.2226 0.4295 0.2226
065 066 0.2226 0.2922 0.4295 0.7102
065 077 0.2922 0.7102 0.2922 0.2226
066 067 0.7102 0.7102 0.2922 0.2226
066 078 0.2922 0.4295 0.2922 0.7102
067 068 0.2922 0.2226 0.2922 0.2922
067 079 0.7102 0.7102 0.2226 0.4295
068 069 0.7102 0.2226 0.2226 0.7102
068 080 0.4295 0.7102 0.7102 0.4295
069 070 0.2922 0.7102 0.2922 0.2226
069 081 0.2226 0.7102 0.2226 0.4295
070 071 0.2922 0.2922 0.4295 0.2226
070 082 0.4295 0.4295 0.4295 0.7102
071 060 0.2922 0.4295 0.4295 0.2226
071 083 0.7102 0.7102 0.2922 0.2922
072 073 0.2226 0.7102 0.2226 0.7102
072 084 0.2226 0.2226 0.2226 0.7102
073 074 0.2226 0.7102 0.2226 0.7102
073 085 0.7102 0.4295 0.2922 0.4295
074 075 0.4295 0.2226 0.4295 0.7102
074 086 0.2226 0.4295 0.2922 0.7102
075 076 0.4295 0.2922 0.4295 0.4295
075 087 0.2226 0.4295 0.2226 0.2922
076 077 0.2922 0.7102 0.4295 0.7102
076 088 0.4295 0.2226 0.4295 0.2226
077 078 0.7102 0.7102 0.2226 0.4295
077 089 0.2226 0.2226 0.4295 0.2922
078 079 0.7102 0.7102 0.2922 0.2226
078 090 0.2922 0.7102 0.7102 0.7102
079 080 0.7102 0.2922 0.7102 0.2922
079 091 0.2922 0.7102 0.2226 0.2922
080 081 0.7102 0.7102 0.4295 0.7102
080 092 0.7102 0.2226 0.2226 0.4295
081 082 0.2922 0.7102 0.2922 0.2922
081 093 0.4295 0.7102 0.2226 0.2226
082 083 0.2922 0.7102 0.2226 0.2922
082 094 0.2922 0.7102 0.7102 0.2226
083 072 0.2922 0.2922 0.4295 0.7102
083 095 0.4295 0.2226 0.7102 0.4295
084 085 0.2226 0.7102 0.7102 0.2226
084 096 0.7102 0.4295 0.2922 0.4295
085 086 0.2922 0.2226 0.4295 0.2922
085 097 0.2226 0.2922 0.7102 0.2226
086 087 0.7102 0.2226 0.2922 0.7102
086 098 0.2226 0.2226 0.2226 0.2922
087 088 0.4295 0.2922 0.2922 0.4295
087 099 0.2226 0.4295 0.7102 0.2922
088 089 0.2226 0.7102 0.2226 0.7102
088 100 0.2226 0.4295 0.2226 0.2226
089 090 0.2922 0.7102 0.2922 0.4295
089 101 0.2226 0.2922 0.2226 0.4295
090 091 0.4295 0.4295 0.4295 0.2922
090 102 0.4295 0.7102 0.7102 0.7102
091 092 0.7102 0.7102 0.2922 0.7102
091 103 0.4295 0.4295 0.2922 0.2226
092 093 0.2922 0.2226 0.2922 0.7102
092 104 0.7102 0.4295 0.2226 0.2922
093 094 0.2922 0.4295 0.4295 0.2226
093 105 0.7102 0.4295 0.7102 0.7102
094 095 0.4295 0.2922 0.2226 0.2922
094 106 0.7102 0.2922 0.2226 0.4295
095 084 0.2922 0.4295 0.4295 0.2226
095 107 0.2922 0.2226 0.7102 0.7102
096 097 0.7102 0.2922 0.7102 0.4295
096 108 0.4295 0.2922 0.4295 0.7102
097 098 0.2226 0.7102 0.2226 0.7102
097 109 0.2226 0.2226 0.4295 0.4295
098 099 0.2922 0.2226 0.7102 0.2226
098 110 0.7102 0.4295 0.4295 0.2226
099 100 0.4295 0.2226 0.4295 0.2922
099 111 0.7102 0.2226 0.2922 0.7102
100 101 0.7102 0.7102 0.7102 0.7102
100 112 0.4295 0.7102 0.4295 0.4295
101 102 0.2226 0.2922 0.4295 0.7102
101 113 0.2922 0.2922 0.2226 0.4295
102 103 0.2922 0.2226 0.2226 0.2922
102 114 0.2922 0.4295 0.2226 0.2922
103 104 0.7102 0.2226 0.4295 0.4295
103 115 0.2226 0.2922 0.4295 0.7102
104 105 0.2922 0.2922 0.2922 0.7102
104 116 0.2226 0.7102 0.2226 0.2922
105 106 0.4295 0.7102 0.7102 0.4295
105 117 0.4295 0.2226 0.2922 0.2226
106 107 0.7102 0.2922 0.7102 0.4295
106 118 0.2922 0.4295 0.4295 0.2922
107 096 0.4295 0.2922 0.4295 0.7102
107 119 0.2922 0.2226 0.2226 0.2922
108 109 0.2922 0.2226 0.7102 0.4295
108 120 0.4295 0.4295 0.7102 0.7102
109 110 0.2922 0.4295 0.7102 0.2922
109 121 0.2226 0.7102 0.2922 0.2922
110 111 0.4295 0.2922 0.4295 0.2226
110 122 0.7102 0.4295 0.4295 0.2226
111 112 0.2226 0.2226 0.4295 0.2922
111 123 0.2922 0.2226 0.2922 0.7102
112 113 0.4295 0.2226 0.2922 0.2922
112 124 0.7102 0.2922 0.4295 0.7102
113 114 0.7102 0.4295 0.2226 0.7102
113 125 0.7102 0.4295 0.4295 0.7102
114 115 0.2922 0.2226 0.4295 0.2922
114 126 0.7102 0.4295 0.2226 0.7102
115 116 0.2922 0.7102 0.2226 0.2226
115 127 0.2922 0.2226 0.2922 0.2226
116 117 0.2226 0.2226 0.2226 0.7102
116 128 0.4295 0.2922 0.2226 0.7102
117 118 0.2922 0.4295 0.2922 0.2922
117 129 0.7102 0.7102 0.2226 0.4295
118 119 0.7102 0.7102 0.7102 0.4295
118 130 0.2922 0.7102 0.2226 0.2226
119 108 0.2226 0.7102 0.7102 0.4295
119 131 0.2922 0.2226 0.2922 0.2226
120 121 0.2922 0.2226 0.2922 0.2226
120 132 0.4295 0.2922 0.2226 0.4295
121 122 0.7102 0.4295 0.7102 0.2922
121 133 0.2922 0.7102 0.2922 0.4295
122 123 0.7102 0.2922 0.2226 0.2922
122 134 0.2226 0.2226 0.7102 0.2226
123 124 0.7102 0.2226 0.4295 0.2226
123 135 0.4295 0.2922 0.4295 0.7102
124 125 0.2922 0.2226 0.7102 0.2226
124 136 0.4295 0.2226 0.7102 0.2226
125 126 0.4295 0.2226 0.7102 0.7102
125 137 0.4295 0.4295 0.4295 0.4295
126 127 0.4295 0.2226 0.4295 0.7102
126 138 0.2226 0.7102 0.2922 0.2226
127 128 0.2922 0.2226 0.2226 0.4295
127 139 0.7102 0.2922 0.2226 0.4295
128 129 0.2226 0.2922 0.2922 0.2226
128 140 0.2922 0.2226 0.4295 0.2226
129 130 0.2226 0.7102 0.4295 0.7102
129 141 0.2226 0.2226 0.7102 0.4295
130 131 0.2226 0.2922 0.2922 0.7102
130 142 0.2922 0.7102 0.4295 0.7102
131 120 0.4295 0.2226 0.4295 0.4295
131 011 0.7102 0.2922 0.4295 0.7102
132 133 0.2226 0.7102 0.2226 0.4295
132 000 0.2226 0.4295 0.2226 0.2922
133 134 0.2922 0.2226 0.2922 0.4295
133 001 0.2922 0.2922 0.2226 0.2922
134 135 0.2922 0.2922 0.7102 0.7102
134 002 0.2922 0.4295 0.2226 0.4295
135 136 0.2922 0.7102 0.4295 0.2922
135 003 0.2922 0.2226 0.7102 0.2226
136 137 0.2922 0.7102 0.2922 0.2226
136 004 0.4295 0.4295 0.7102 0.4295
137 138 0.7102 0.7102 0.7102 0.7102
137 005 0.4295 0.2226 0.4295 0.2922
138 139 0.2226 0.2226 0.7102 0.4295
138 006 0.4295 0.4295 0.4295 0.4295
139 140 0.2922 0.2226 0.7102 0.4295
139 007 0.2226 0.7102 0.2922 0.2922
140 141 0.2922 0.2922 0.4295 0.2226
140 008 0.2922 0.7102 0.4295 0.2226
141 142 0.7102 0.4295 0.4295 0.2226
141 009 0.2226 0.7102 0.7102 0.2922
142 132 0.7102 0.4295 0.2226 0.4295
142 010 0.7102 0.2226 0.2922 0.2226
