143 002556 2 286
000 001 0.2146 0.2146 0.2308 0.2426
000 012 0.2146 0.3129 0.2308 0.2146
001 002 0.2426 0.2308 0.3129 0.2308
001 013 0.2426 0.2308 0.2308 0.3129
002 003 0.3129 0.2426 0.3129 0.2308
002 014 0.2426 0.2146 0.3129 0.2146
003 004 0.2146 0.2308 0.3129 0.2426
003 015 0.2426 0.2146 0.3129 0.2308
004 005 0.3129 0.2426 0.2308 0.2426
004 016 0.2426 0.2308 0.3129 0.2426
005 006 0.2146 0.2308 0.2426 0.3129
005 017 0.2308 0.3129 0.2426 0.2146
006 007 0.2426 0.2426 0.3129 0.2426
006 018 0.2146 0.3129 0.3129 0.2308
007 008 0.2426 0.2146 0.3129 0.2146
007 019 0.2426 0.2146 0.2426 0.2308
008 009 0.2146 0.2426 0.2426 0.2146
008 020 0.2426 0.2146 0.2426 0.2308
009 010 0.3129 0.2308 0.3129 0.2146
009 021 0.3129 0.3129 0.2308 0.2146
010 011 0.2146 0.2426 0.3129 0.2426
010 022 0.2146 0.2308 0.2426 0.2426
011 000 0.2146 0.2308 0.2308 0.2426
011 023 0.2308 0.3129 0.2426 0.3129
012 013 0.2308 0.2426 0.3129 0.2426
012 024 0.3129 0.2426 0.2426 0.2426
013 014 0.2308 0.3129 0.3129 0.2308
013 025 0.2146 0.2308 0.2426 0.2146
014 015 0.2146 0.2146 0.2426 0.2308
014 026 0.3129 0.3129 0.3129 0.2426
015 016 0.2426 0.2308 0.2308 0.3129
015 027 0.3129 0.2426 0.2308 0.2146
016 017 0.2146 0.3129 0.2308 0.3129
016 028 0.2146 0.2146 0.3129 0.2308
017 018 0.3129 0.2308 0.2146 0.2146
017 029 0.2146 0.2426 0.2426 0.2146
018 019 0.2308 0.3129 0.3129 0.2308
018 030 0.2146 0.3129 0.2308 0.3129
019 020 0.2146 0.2146 0.2426 0.2426
019 031 0.2308 0.2146 0.3129 0.2146
020 021 0.2426 0.2308 0.2146 0.3129
020 032 0.2308 0.2426 0.2426 0.3129
021 022 0.2426 0.3129 0.2146 0.2146
021 033 0.2308 0.2146 0.2426 0.3129
022 023 0.2146 0.2426 0.2308 0.3129
022 034 0.3129 0.2308 0.3129 0.2308
023 012 0.2426 0.3129 0.2308 0.3129
023 035 0.3129 0.2146 0.2426 0.2426
024 025 0.2308 0.2426 0.2146 0.2308
024 036 0.2426 0.2146 0.2146 0.2308
025 026 0.2426 0.2146 0.3129 0.2146
025 037 0.2426 0.2308 0.3129 0.2426
026 027 0.2146 0.3129 0.2426 0.2426
026 038 0.2426 0.3129 0.2426 0.2146
027 028 0.2308 0.2146 0.2146 0.2308
027 039 0.2308 0.2426 0.3129 0.2426
028 029 0.2146 0.2308 0.2426 0.3129
028 040 0.2308 0.3129 0.2308 0.2308
029 030 0.3129 0.2426 0.2308 0.3129
029 041 0.2146 0.3129 0.3129 0.2146
030 031 0.2308 0.2426 0.2146 0.3129
030 042 0.2308 0.3129 0.3129 0.2146
031 032 0.2146 0.3129 0.3129 0.3129
031 043 0.2308 0.2308 0.2426 0.2308
032 033 0.3129 0.3129 0.2426 0.2426
032 044 0.2426 0.3129 0.3129 0.2146
033 034 0.2308 0.2146 0.2426 0.2426
033 045 0.2426 0.2426 0.2308 0.2426
034 035 0.2146 0.2426 0.2308 0.2308
034 046 0.2308 0.2426 0.2146 0.3129
035 024 0.3129 0.2146 0.2146 0.2308
035 047 0.2426 0.2426 0.2426 0.2308
036 037 0.3129 0.3129 0.2426 0.2426
036 048 0.3129 0.3129 0.2146 0.2426
037 038 0.2146 0.3129 0.2426 0.2426
037 049 0.3129 0.2426 0.2146 0.3129
038 039 0.2308 0.3129 0.2426 0.2146
038 050 0.2426 0.2308 0.2146 0.2146
039 040 0.3129 0.3129 0.2146 0.3129
039 051 0.2308 0.2308 0.3129 0.2308
040 041 0.3129 0.2146 0.3129 0.3129
040 052 0.3129 0.2308 0.2426 0.2146
041 042 0.2308 0.2308 0.3129 0.2146
041 053 0.2308 0.3129 0.2308 0.2308
042 043 0.3129 0.3129 0.3129 0.2146
042 054 0.2146 0.2426 0.2308 0.3129
043 044 0.2308 0.2308 0.2308 0.2146
043 055 0.2308 0.3129 0.3129 0.2426
044 045 0.3129 0.2308 0.2308 0.3129
044 056 0.2308 0.2146 0.3129 0.3129
045 046 0.2146 0.2308 0.3129 0.2146
045 057 0.2146 0.2426 0.2308 0.2146
046 047 0.3129 0.3129 0.2308 0.2146
046 058 0.2308 0.2426 0.2426 0.2426
047 036 0.2308 0.3129 0.2146 0.2146
047 059 0.2308 0.2426 0.2426 0.2146
048 049 0.2308 0.2426 0.2426 0.3129
048 060 0.2146 0.2146 0.2308 0.2308
049 050 0.2426 0.3129 0.2426 0.2146
049 061 0.3129 0.2146 0.3129 0.2146
050 051 0.3129 0.2426 0.3129 0.3129
050 062 0.2426 0.2426 0.2146 0.2308
051 052 0.3129 0.2146 0.2146 0.2146
051 063 0.3129 0.3129 0.2146 0.3129
052 053 0.2426 0.2308 0.2308 0.2308
052 064 0.2308 0.2308 0.2308 0.3129
053 054 0.2146 0.2308 0.2146 0.2146
053 065 0.2146 0.2426 0.2146 0.2308
054 055 0.3129 0.2308 0.2308 0.3129
054 066 0.3129 0.3129 0.2426 0.2426
055 056 0.2308 0.2308 0.2426 0.2426
055 067 0.3129 0.2308 0.2426 0.2308
056 057 0.2308 0.2146 0.3129 0.2426
056 068 0.2426 0.3129 0.2426 0.2146
057 058 0.2308 0.2426 0.2146 0.3129
057 069 0.2146 0.3129 0.2308 0.2146
058 059 0.2426 0.2308 0.2308 0.2146
058 070 0.2426 0.2146 0.3129 0.2426
059 048 0.3129 0.2308 0.2426 0.2146
059 071 0.2308 0.2146 0.3129 0.2146
060 061 0.2146 0.2308 0.2426 0.2308
060 072 0.3129 0.2146 0.2308 0.2308
061 062 0.3129 0.2426 0.2426 0.2426
061 073 0.2146 0.3129 0.2426 0.3129
062 063 0.2146 0.2146 0.2308 0.2426
062 074 0.2308 0.2426 0.2146 0.2426
063 064 0.2426 0.2146 0.3129 0.2146
063 075 0.2426 0.2426 0.2146 0.2308
064 065 0.2146 0.2146 0.2426 0.2146
064 076 0.3129 0.2426 0.2308 0.2308
065 066 0.2426 0.3129 0.2146 0.3129
065 077 0.2146 0.2308 0.3129 0.3129
066 067 0.2308 0.2426 0.2146 0.3129
066 078 0.3129 0.2426 0.3129 0.2426
067 068 0.2146 0.2146 0.3129 0.2146
067 079 0.3129 0.3129 0.2426 0.2308
068 069 0.2308 0.3129 0.2426 0.2426
068 080 0.2308 0.2426 0.2308 0.3129
069 070 0.2426 0.2146 0.2426 0.2308
069 081 0.2308 0.3129 0.2426 0.2146
070 071 0.2308 0.2308 0.2426 0.2308
070 082 0.3129 0.2426 0.2146 0.2426
071 060 0.3129 0.2426 0.2308 0.2308
071 083 0.2308 0.2426 0.3129 0.2308
072 073 0.2146 0.2426 0.2426 0.2308
072 084 0.2308 0.2426 0.2308 0.2146
073 074 0.2426 0.2146 0.2308 0.2426
073 085 0.2308 0.3129 0.3129 0.2308
074 075 0.2426 0.3129 0.2308 0.2426
074 086 0.2426 0.2146 0.2426 0.2146
075 076 0.2426 0.3129 0.3129 0.2146
075 087 0.2308 0.2426 0.3129 0.2426
076 077 0.2308 0.2146 0.2426 0.3129
076 088 0.2146 0.3129 0.2426 0.2308
077 078 0.2146 0.3129 0.3129 0.2308
077 089 0.3129 0.3129 0.2426 0.3129
078 079 0.2146 0.2308 0.2426 0.2426
078 090 0.2146 0.2426 0.2426 0.2426
079 080 0.2426 0.3129 0.2308 0.2426
079 091 0.2308 0.2146 0.2426 0.2146
080 081 0.2426 0.2308 0.2426 0.3129
080 092 0.2308 0.2426 0.2146 0.3129
081 082 0.2308 0.3129 0.2146 0.2426
081 093 0.2146 0.2308 0.2146 0.3129
082 083 0.2308 0.2308 0.2426 0.2146
082 094 0.2308 0.2146 0.3129 0.2308
083 072 0.2146 0.2308 0.3129 0.3129
083 095 0.3129 0.2426 0.2308 0.2146
084 085 0.2426 0.2146 0.2146 0.2426
084 096 0.2426 0.2426 0.2146 0.2426
085 086 0.3129 0.3129 0.2308 0.2146
085 097 0.2426 0.3129 0.2308 0.3129
086 087 0.2426 0.3129 0.2146 0.3129
086 098 0.2426 0.2426 0.3129 0.2426
087 088 0.2146 0.2146 0.2308 0.2146
087 099 0.2146 0.2308 0.2426 0.2308
088 089 0.2308 0.3129 0.2146 0.2308
088 100 0.2146 0.2426 0.3129 0.2426
089 090 0.2308 0.3129 0.2426 0.2308
089 101 0.2426 0.2146 0.2426 0.3129
090 091 0.2426 0.3129 0.3129 0.3129
090 102 0.2308 0.2146 0.2426 0.2146
091 092 0.2146 0.2426 0.2426 0.2308
091 103 0.2426 0.2308 0.3129 0.2146
092 093 0.2426 0.2146 0.2146 0.2146
092 104 0.2426 0.2426 0.2146 0.2308
093 094 0.2308 0.2146 0.2426 0.3129
093 105 0.2426 0.3129 0.3129 0.2308
094 095 0.2308 0.3129 0.2146 0.2146
094 106 0.2308 0.2308 0.2146 0.2146
095 084 0.2308 0.2426 0.2308 0.2308
095 107 0.2308 0.2146 0.3129 0.2426
096 097 0.2308 0.2308 0.2146 0.2146
096 108 0.3129 0.2308 0.2308 0.2308
097 098 0.3129 0.2308 0.2308 0.2426
097 109 0.2426 0.2308 0.2426 0.2146
098 099 0.2308 0.2146 0.3129 0.2426
098 110 0.2426 0.3129 0.2426 0.2308
099 100 0.2308 0.2146 0.2426 0.3129
099 111 0.2146 0.2146 0.3129 0.2308
100 101 0.2146 0.2308 0.2426 0.2308
100 112 0.2308 0.2308 0.2426 0.3129
101 102 0.3129 0.2426 0.3129 0.2146
101 113 0.2308 0.2426 0.2308 0.2308
102 103 0.2146 0.2426 0.2426 0.3129
102 114 0.3129 0.2308 0.3129 0.2308
103 104 0.2146 0.3129 0.3129 0.2146
103 115 0.2146 0.2308 0.2308 0.2426
104 105 0.2308 0.2146 0.2426 0.3129
104 116 0.2146 0.2146 0.2146 0.2146
105 106 0.2426 0.2146 0.2426 0.2146
105 117 0.2426 0.2308 0.2146 0.2426
106 107 0.2426 0.2308 0.3129 0.2426
106 118 0.2308 0.3129 0.2308 0.2308
107 096 0.3129 0.2146 0.2146 0.2308
107 119 0.3129 0.2426 0.2426 0.2426
108 109 0.3129 0.2146 0.3129 0.3129
108 120 0.2146 0.3129 0.3129 0.3129
109 110 0.3129 0.2426 0.2146 0.3129
109 121 0.2308 0.2426 0.2308 0.2308
110 111 0.2308 0.3129 0.2146 0.3129
110 122 0.2426 0.2146 0.2426 0.2308
111 112 0.2426 0.3129 0.3129 0.2426
111 123 0.2146 0.3129 0.2426 0.2308
112 113 0.2308 0.2146 0.3129 0.3129
112 124 0.2308 0.3129 0.2308 0.3129
113 114 0.2146 0.3129 0.3129 0.2426
113 125 0.3129 0.2146 0.3129 0.3129
114 115 0.2146 0.2146 0.3129 0.2426
114 126 0.2426 0.3129 0.2308 0.3129
115 116 0.2308 0.2426 0.2308 0.2426
115 127 0.2426 0.2146 0.2146 0.2146
116 117 0.2308 0.3129 0.3129 0.2308
116 128 0.3129 0.2308 0.2426 0.2308
117 118 0.2146 0.2146 0.2308 0.2146
117 129 0.2308 0.2146 0.2426 0.2308
118 119 0.2146 0.2308 0.2308 0.2426
118 130 0.2426 0.2426 0.2308 0.3129
119 108 0.2146 0.3129 0.2426 0.3129
119 131 0.2426 0.2426 0.2146 0.3129
120 121 0.3129 0.3129 0.3129 0.3129
120 132 0.2146 0.2426 0.2146 0.2426
121 122 0.3129 0.2146 0.2426 0.3129
121 133 0.2146 0.2146 0.2146 0.3129
122 123 0.2146 0.3129 0.2426 0.3129
122 134 0.3129 0.3129 0.3129 0.3129
123 124 0.3129 0.2308 0.2426 0.2426
123 135 0.3129 0.2426 0.2426 0.2146
124 125 0.3129 0.2426 0.2308 0.3129
124 136 0.2146 0.2308 0.2308 0.2146
125 126 0.2426 0.2146 0.3129 0.3129
125 137 0.2426 0.2146 0.2146 0.3129
126 127 0.3129 0.2308 0.3129 0.2308
126 138 0.3129 0.2308 0.2308 0.2308
127 128 0.2146 0.2426 0.2308 0.2308
127 139 0.2146 0.3129 0.2146 0.3129
128 129 0.2146 0.3129 0.3129 0.2146
128 140 0.2426 0.2308 0.2426 0.2426
129 130 0.3129 0.3129 0.3129 0.3129
129 141 0.2146 0.3129 0.2146 0.2308
130 131 0.3129 0.2308 0.2426 0.3129
130 142 0.2426 0.2308 0.3129 0.2146
131 120 0.2146 0.2426 0.2308 0.2426
131 011 0.2146 0.3129 0.3129 0.2426
132 133 0.2308 0.2146 0.2146 0.3129
132 000 0.2426 0.2308 0.2308 0.2146
133 134 0.2146 0.2426 0.2308 0.3129
133 001 0.2146 0.3129 0.2426 0.3129
134 135 0.2426 0.3129 0.2146 0.2146
134 002 0.2146 0.2308 0.2426 0.2426
135 136 0.2426 0.2146 0.2146 0.2146
135 003 0.2146 0.3129 0.2308 0.3129
136 137 0.2146 0.3129 0.2308 0.2146
136 004 0.2426 0.2146 0.2146 0.3129
137 138 0.3129 0.2308 0.2308 0.2146
137 005 0.2426 0.2308 0.3129 0.3129
138 139 0.2308 0.2426 0.2146 0.2146
138 006 0.3129 0.2308 0.3129 0.2146
139 140 0.3129 0.2146 0.3129 0.3129
139 007 0.3129 0.2146 0.3129 0.2426
140 141 0.3129 0.2426 0.3129 0.2308
140 008 0.2308 0.2426 0.2308 0.2426
141 142 0.2308 0.2426 0.2308 0.2426
141 009 0.2426 0.2308 0.2146 0.2146
142 132 0.2146 0.3129 0.2146 0.3129
142 010 0.2426 0.3129 0.3129 0.2426
