143 002556 2 286
000 001 0.3985 0.3985 0.3985 0.5388
000 012 0.3985 0.5388 0.3985 0.6245
001 002 0.6245 0.3985 0.7170 0.3985
001 013 0.5388 0.7170 0.7170 0.3985
002 003 0.6245 0.7170 0.6245 0.5388
002 014 0.7170 0.6245 0.6245 0.5388
003 004 0.6245 0.7170 0.6245 0.3985
003 015 0.6245 0.7170 0.3985 0.6245
004 005 0.7170 0.3985 0.7170 0.3985
004 016 0.6245 0.3985 0.7170 0.5388
005 006 0.6245 0.6245 0.5388 0.5388
005 017 0.7170 0.5388 0.3985 0.5388
006 007 0.7170 0.7170 0.5388 0.7170
006 018 0.5388 0.6245 0.7170 0.5388
007 008 0.5388 0.3985 0.3985 0.7170
007 019 0.3985 0.5388 0.3985 0.3985
008 009 0.6245 0.7170 0.7170 0.7170
008 020 0.7170 0.6245 0.6245 0.3985
009 010 0.3985 0.3985 0.5388 0.5388
009 021 0.6245 0.5388 0.6245 0.3985
010 011 0.6245 0.3985 0.3985 0.3985
010 022 0.7170 0.3985 0.3985 0.7170
011 000 0.5388 0.3985 0.6245 0.7170
011 023 0.3985 0.6245 0.3985 0.3985
012 013 0.7170 0.5388 0.7170 0.6245
012 024 0.7170 0.5388 0.3985 0.6245
013 014 0.6245 0.5388 0.3985 0.5388
013 025 0.7170 0.3985 0.3985 0.5388
014 015 0.3985 0.7170 0.3985 0.3985
014 026 0.5388 0.7170 0.5388 0.3985
015 016 0.5388 0.3985 0.3985 0.6245
015 027 0.6245 0.3985 0.6245 0.3985
016 017 0.3985 0.3985 0.6245 0.3985
016 028 0.3985 0.3985 0.6245 0.7170
017 018 0.6245 0.6245 0.6245 0.5388
017 029 0.3985 0.7170 0.3985 0.6245
018 019 0.5388 0.6245 0.7170 0.3985
018 030 0.7170 0.7170 0.7170 0.3985
019 020 0.5388 0.6245 0.5388 0.7170
019 031 0.5388 0.5388 0.7170 0.5388
020 021 0.7170 0.5388 0.5388 0.5388
020 032 0.6245 0.7170 0.3985 0.6245
021 022 0.3985 0.6245 0.6245 0.5388
021 033 0.7170 0.6245 0.7170 0.5388
022 023 0.3985 0.3985 0.3985 0.7170
022 034 0.5388 0.3985 0.3985 0.6245
023 012 0.5388 0.5388 0.3985 0.7170
023 035 0.6245 0.7170 0.5388 0.5388
024 025 0.7170 0.3985 0.5388 0.5388
024 036 0.6245 0.7170 0.5388 0.3985
025 026 0.3985 0.7170 0.5388 0.5388
025 037 0.3985 0.5388 0.6245 0.5388
026 027 0.5388 0.3985 0.7170 0.7170
026 038 0.7170 0.7170 0.3985 0.7170
027 028 0.7170 0.5388 0.5388 0.5388
027 039 0.6245 0.5388 0.7170 0.6245
028 029 0.6245 0.3985 0.3985 0.3985
028 040 0.7170 0.6245 0.3985 0.7170
029 030 0.6245 0.6245 0.3985 0.5388
029 041 0.5388 0.3985 0.3985 0.5388
030 031 0.3985 0.7170 0.5388 0.5388
030 042 0.3985 0.6245 0.6245 0.6245
031 032 0.6245 0.6245 0.6245 0.7170
031 043 0.6245 0.3985 0.5388 0.3985
032 033 0.6245 0.3985 0.3985 0.3985
032 044 0.6245 0.7170 0.6245 0.7170
033 034 0.3985 0.5388 0.3985 0.5388
033 045 0.6245 0.3985 0.3985 0.5388
034 035 0.6245 0.3985 0.6245 0.3985
034 046 0.3985 0.3985 0.6245 0.6245
035 024 0.7170 0.5388 0.6245 0.7170
035 047 0.6245 0.7170 0.5388 0.5388
036 037 0.6245 0.3985 0.7170 0.3985
036 048 0.3985 0.6245 0.3985 0.7170
037 038 0.6245 0.7170 0.6245 0.6245
037 049 0.6245 0.6245 0.7170 0.3985
038 039 0.7170 0.3985 0.6245 0.7170
038 050 0.6245 0.5388 0.7170 0.5388
039 040 0.6245 0.7170 0.5388 0.7170
039 051 0.6245 0.7170 0.7170 0.5388
040 041 0.7170 0.3985 0.5388 0.7170
040 052 0.5388 0.5388 0.5388 0.5388
041 042 0.5388 0.3985 0.6245 0.5388
041 053 0.6245 0.7170 0.7170 0.5388
042 043 0.3985 0.3985 0.3985 0.5388
042 054 0.6245 0.7170 0.3985 0.6245
043 044 0.5388 0.6245 0.3985 0.5388
043 055 0.3985 0.3985 0.7170 0.5388
044 045 0.5388 0.6245 0.7170 0.7170
044 056 0.3985 0.3985 0.3985 0.6245
045 046 0.3985 0.3985 0.5388 0.7170
045 057 0.5388 0.5388 0.6245 0.3985
046 047 0.5388 0.7170 0.7170 0.5388
046 058 0.3985 0.5388 0.7170 0.6245
047 036 0.5388 0.5388 0.3985 0.3985
047 059 0.6245 0.6245 0.7170 0.6245
048 049 0.6245 0.3985 0.6245 0.5388
048 060 0.6245 0.6245 0.7170 0.3985
049 050 0.3985 0.5388 0.6245 0.6245
049 061 0.7170 0.5388 0.5388 0.7170
050 051 0.3985 0.6245 0.7170 0.7170
050 062 0.3985 0.5388 0.7170 0.7170
051 052 0.6245 0.6245 0.5388 0.5388
051 063 0.7170 0.5388 0.7170 0.7170
052 053 0.5388 0.5388 0.7170 0.7170
052 064 0.6245 0.3985 0.5388 0.6245
053 054 0.5388 0.3985 0.5388 0.5388
053 065 0.7170 0.3985 0.7170 0.6245
054 055 0.6245 0.3985 0.7170 0.3985
054 066 0.5388 0.3985 0.5388 0.6245
055 056 0.7170 0.6245 0.6245 0.7170
055 067 0.3985 0.3985 0.7170 0.5388
056 057 0.5388 0.7170 0.6245 0.7170
056 068 0.6245 0.5388 0.5388 0.3985
057 058 0.3985 0.5388 0.7170 0.3985
057 069 0.7170 0.5388 0.5388 0.6245
058 059 0.3985 0.7170 0.7170 0.3985
058 070 0.6245 0.7170 0.3985 0.6245
059 048 0.5388 0.6245 0.6245 0.6245
059 071 0.7170 0.3985 0.7170 0.5388
060 061 0.3985 0.6245 0.6245 0.7170
060 072 0.7170 0.7170 0.6245 0.7170
061 062 0.6245 0.5388 0.7170 0.3985
061 073 0.6245 0.7170 0.3985 0.5388
062 063 0.6245 0.5388 0.7170 0.5388
062 074 0.3985 0.6245 0.5388 0.7170
063 064 0.5388 0.7170 0.3985 0.7170
063 075 0.3985 0.3985 0.6245 0.7170
064 065 0.7170 0.7170 0.7170 0.3985
064 076 0.6245 0.5388 0.6245 0.6245
065 066 0.6245 0.3985 0.7170 0.5388
065 077 0.5388 0.3985 0.7170 0.7170
066 067 0.7170 0.3985 0.5388 0.3985
066 078 0.7170 0.6245 0.7170 0.7170
067 068 0.6245 0.5388 0.5388 0.3985
067 079 0.6245 0.7170 0.7170 0.3985
068 069 0.7170 0.5388 0.6245 0.3985
068 080 0.3985 0.5388 0.3985 0.3985
069 070 0.6245 0.7170 0.7170 0.6245
069 081 0.7170 0.6245 0.6245 0.7170
070 071 0.3985 0.5388 0.7170 0.7170
070 082 0.7170 0.7170 0.5388 0.3985
071 060 0.7170 0.6245 0.6245 0.5388
071 083 0.5388 0.6245 0.5388 0.6245
072 073 0.3985 0.3985 0.5388 0.7170
072 084 0.7170 0.3985 0.6245 0.6245
073 074 0.7170 0.6245 0.5388 0.7170
073 085 0.7170 0.7170 0.7170 0.5388
074 075 0.5388 0.5388 0.6245 0.6245
074 086 0.7170 0.5388 0.5388 0.5388
075 076 0.3985 0.3985 0.7170 0.3985
075 087 0.6245 0.3985 0.5388 0.5388
076 077 0.7170 0.7170 0.6245 0.5388
076 088 0.3985 0.3985 0.3985 0.6245
077 078 0.3985 0.3985 0.6245 0.3985
077 089 0.7170 0.3985 0.7170 0.6245
078 079 0.6245 0.6245 0.7170 0.6245
078 090 0.7170 0.7170 0.6245 0.6245
079 080 0.6245 0.3985 0.5388 0.7170
079 091 0.6245 0.7170 0.6245 0.7170
080 081 0.7170 0.5388 0.3985 0.7170
080 092 0.7170 0.7170 0.6245 0.3985
081 082 0.3985 0.7170 0.5388 0.6245
081 093 0.3985 0.5388 0.3985 0.7170
082 083 0.7170 0.7170 0.3985 0.7170
082 094 0.3985 0.3985 0.6245 0.7170
083 072 0.6245 0.5388 0.3985 0.7170
083 095 0.3985 0.7170 0.6245 0.6245
084 085 0.5388 0.6245 0.3985 0.3985
084 096 0.3985 0.6245 0.3985 0.7170
085 086 0.5388 0.5388 0.6245 0.7170
085 097 0.5388 0.5388 0.3985 0.5388
086 087 0.5388 0.5388 0.7170 0.3985
086 098 0.6245 0.7170 0.3985 0.3985
087 088 0.5388 0.5388 0.5388 0.3985
087 099 0.5388 0.6245 0.6245 0.3985
088 089 0.7170 0.7170 0.5388 0.7170
088 100 0.6245 0.5388 0.7170 0.3985
089 090 0.6245 0.6245 0.7170 0.5388
089 101 0.6245 0.7170 0.3985 0.5388
090 091 0.7170 0.6245 0.3985 0.3985
090 102 0.6245 0.6245 0.6245 0.3985
091 092 0.3985 0.3985 0.7170 0.7170
091 103 0.3985 0.6245 0.5388 0.6245
092 093 0.3985 0.7170 0.5388 0.5388
092 104 0.6245 0.5388 0.7170 0.6245
093 094 0.5388 0.5388 0.3985 0.5388
093 105 0.5388 0.3985 0.5388 0.5388
094 095 0.5388 0.5388 0.6245 0.7170
094 106 0.7170 0.6245 0.5388 0.7170
095 084 0.3985 0.3985 0.6245 0.5388
095 107 0.5388 0.3985 0.6245 0.3985
096 097 0.6245 0.3985 0.3985 0.6245
096 108 0.7170 0.5388 0.3985 0.3985
097 098 0.3985 0.3985 0.6245 0.6245
097 109 0.6245 0.3985 0.5388 0.5388
098 099 0.7170 0.3985 0.6245 0.3985
098 110 0.5388 0.7170 0.7170 0.3985
099 100 0.6245 0.3985 0.7170 0.6245
099 111 0.6245 0.5388 0.6245 0.5388
100 101 0.6245 0.3985 0.6245 0.5388
100 112 0.6245 0.7170 0.7170 0.6245
101 102 0.5388 0.3985 0.5388 0.6245
101 113 0.3985 0.3985 0.7170 0.6245
102 103 0.3985 0.5388 0.6245 0.7170
102 114 0.6245 0.6245 0.5388 0.3985
103 104 0.5388 0.7170 0.6245 0.6245
103 115 0.3985 0.5388 0.6245 0.5388
104 105 0.3985 0.7170 0.6245 0.3985
104 116 0.5388 0.6245 0.7170 0.6245
105 106 0.6245 0.6245 0.6245 0.7170
105 117 0.5388 0.6245 0.6245 0.3985
106 107 0.3985 0.6245 0.3985 0.7170
106 118 0.5388 0.7170 0.3985 0.3985
107 096 0.7170 0.5388 0.5388 0.3985
107 119 0.7170 0.7170 0.3985 0.3985
108 109 0.6245 0.5388 0.7170 0.5388
108 120 0.6245 0.5388 0.3985 0.6245
109 110 0.5388 0.3985 0.3985 0.7170
109 121 0.6245 0.7170 0.7170 0.7170
110 111 0.3985 0.7170 0.5388 0.7170
110 122 0.3985 0.7170 0.7170 0.7170
111 112 0.6245 0.5388 0.7170 0.7170
111 123 0.5388 0.5388 0.7170 0.3985
112 113 0.3985 0.6245 0.5388 0.5388
112 124 0.3985 0.3985 0.3985 0.6245
113 114 0.6245 0.7170 0.6245 0.5388
113 125 0.5388 0.7170 0.6245 0.5388
114 115 0.5388 0.3985 0.6245 0.7170
114 126 0.7170 0.3985 0.7170 0.3985
115 116 0.7170 0.7170 0.6245 0.5388
115 127 0.7170 0.3985 0.5388 0.3985
116 117 0.5388 0.5388 0.7170 0.3985
116 128 0.3985 0.6245 0.7170 0.7170
117 118 0.7170 0.3985 0.7170 0.6245
117 129 0.3985 0.5388 0.7170 0.6245
118 119 0.6245 0.7170 0.6245 0.5388
118 130 0.6245 0.5388 0.5388 0.3985
119 108 0.7170 0.5388 0.3985 0.3985
119 131 0.3985 0.3985 0.3985 0.3985
120 121 0.6245 0.7170 0.7170 0.5388
120 132 0.6245 0.6245 0.5388 0.7170
121 122 0.3985 0.6245 0.6245 0.5388
121 133 0.7170 0.5388 0.6245 0.5388
122 123 0.6245 0.6245 0.5388 0.5388
122 134 0.3985 0.7170 0.6245 0.5388
123 124 0.6245 0.5388 0.3985 0.7170
123 135 0.6245 0.6245 0.6245 0.5388
124 125 0.5388 0.7170 0.6245 0.3985
124 136 0.3985 0.5388 0.7170 0.7170
125 126 0.5388 0.5388 0.6245 0.6245
125 137 0.6245 0.7170 0.7170 0.6245
126 127 0.5388 0.7170 0.5388 0.3985
126 138 0.3985 0.6245 0.6245 0.6245
127 128 0.5388 0.7170 0.5388 0.5388
127 139 0.7170 0.5388 0.7170 0.6245
128 129 0.6245 0.5388 0.7170 0.6245
128 140 0.6245 0.3985 0.3985 0.3985
129 130 0.6245 0.5388 0.6245 0.6245
129 141 0.7170 0.6245 0.3985 0.6245
130 131 0.7170 0.6245 0.6245 0.5388
130 142 0.6245 0.7170 0.7170 0.5388
131 120 0.7170 0.6245 0.7170 0.5388
131 011 0.6245 0.7170 0.5388 0.3985
132 133 0.5388 0.6245 0.5388 0.7170
132 000 0.3985 0.5388 0.7170 0.7170
133 134 0.3985 0.3985 0.3985 0.5388
133 001 0.7170 0.5388 0.3985 0.7170
134 135 0.7170 0.3985 0.7170 0.7170
134 002 0.5388 0.6245 0.3985 0.5388
135 136 0.3985 0.3985 0.7170 0.7170
135 003 0.5388 0.6245 0.6245 0.5388
136 137 0.5388 0.6245 0.3985 0.7170
136 004 0.7170 0.5388 0.5388 0.6245
137 138 0.5388 0.3985 0.5388 0.7170
137 005 0.3985 0.7170 0.5388 0.3985
138 139 0.6245 0.7170 0.7170 0.5388
138 006 0.6245 0.5388 0.6245 0.3985
139 140 0.3985 0.3985 0.7170 0.3985
139 007 0.5388 0.6245 0.7170 0.6245
140 141 0.5388 0.3985 0.7170 0.6245
140 008 0.6245 0.5388 0.6245 0.5388
141 142 0.6245 0.7170 0.7170 0.5388
141 009 0.7170 0.6245 0.6245 0.3985
142 132 0.3985 0.6245 0.3985 0.6245
142 010 0.5388 0.6245 0.3985 0.5388
