143 002556 2 286
000 001 0.5072 0.1779 0.5072 0.6865
000 012 0.6865 0.5072 0.1779 0.1779
001 002 0.1779 0.6865 0.5601 0.1779
001 013 0.5601 0.5072 0.6865 0.1779
002 003 0.1779 0.5072 0.5601 0.6865
002 014 0.1779 0.5601 0.1779 0.6865
003 004 0.1779 0.1779 0.5072 0.5072
003 015 0.1779 0.5601 0.6865 0.1779
004 005 0.1779 0.6865 0.5072 0.6865
004 016 0.5072 0.5072 0.5601 0.1779
005 006 0.6865 0.5072 0.6865 0.1779
005 017 0.5601 0.5072 0.5601 0.1779
006 007 0.6865 0.5072 0.6865 0.5601
006 018 0.6865 0.5072 0.6865 0.5601
007 008 0.6865 0.1779 0.5072 0.6865
007 019 0.5601 0.5072 0.5072 0.5072
008 009 0.5601 0.5601 0.6865 0.6865
008 020 0.5601 0.5072 0.5601 0.5072
009 010 0.5601 0.5072 0.6865 0.5072
009 021 0.5601 0.5601 0.6865 0.6865
010 011 0.6865 0.1779 0.6865 0.1779
010 022 0.1779 0.1779 0.5072 0.5601
011 000 0.1779 0.1779 0.1779 0.1779
011 023 0.6865 0.5072 0.6865 0.5072
012 013 0.5601 0.5072 0.5601 0.5601
012 024 0.6865 0.1779 0.1779 0.1779
013 014 0.5072 0.5601 0.5601 0.1779
013 025 0.1779 0.6865 0.6865 0.1779
014 015 0.1779 0.1779 0.1779 0.1779
014 026 0.1779 0.5072 0.5072 0.1779
015 016 0.5601 0.1779 0.6865 0.1779
015 027 0.1779 0.1779 0.1779 0.5601
016 017 0.1779 0.5072 0.5601 0.5072
016 028 0.1779 0.5072 0.6865 0.5072
017 018 0.6865 0.5601 0.5072 0.1779
017 029 0.6865 0.5601 0.5601 0.5072
018 019 0.6865 0.5072 0.6865 0.6865
018 030 0.6865 0.1779 0.6865 0.5072
019 020 0.5601 0.6865 0.6865 0.1779
019 031 0.1779 0.6865 0.6865 0.5072
020 021 0.5072 0.1779 0.6865 0.5601
020 032 0.6865 0.1779 0.5072 0.6865
021 022 0.6865 0.6865 0.6865 0.5601
021 033 0.1779 0.5072 0.5072 0.6865
022 023 0.1779 0.1779 0.1779 0.6865
022 034 0.5601 0.5601 0.5601 0.5072
023 012 0.6865 0.5601 0.1779 0.6865
023 035 0.6865 0.6865 0.5072 0.5601
024 025 0.5072 0.1779 0.5072 0.5072
024 036 0.5601 0.5601 0.5601 0.5601
025 026 0.5072 0.5072 0.5601 0.1779
025 037 0.1779 0.6865 0.5601 0.6865
026 027 0.6865 0.1779 0.5601 0.5601
026 038 0.5601 0.1779 0.5601 0.1779
027 028 0.5072 0.1779 0.5072 0.5072
027 039 0.1779 0.6865 0.1779 0.5601
028 029 0.6865 0.6865 0.6865 0.6865
028 040 0.5072 0.5601 0.1779 0.5072
029 030 0.1779 0.6865 0.5601 0.6865
029 041 0.6865 0.5601 0.1779 0.1779
030 031 0.5072 0.1779 0.1779 0.5601
030 042 0.1779 0.5601 0.5601 0.1779
031 032 0.5601 0.1779 0.1779 0.5601
031 043 0.5072 0.5601 0.5072 0.1779
032 033 0.5072 0.5601 0.6865 0.1779
032 044 0.6865 0.6865 0.1779 0.1779
033 034 0.6865 0.1779 0.5601 0.1779
033 045 0.5601 0.5601 0.6865 0.1779
034 035 0.1779 0.5072 0.6865 0.5072
034 046 0.6865 0.1779 0.1779 0.5601
035 024 0.1779 0.1779 0.1779 0.5601
035 047 0.5601 0.5601 0.6865 0.1779
036 037 0.5601 0.5601 0.1779 0.5072
036 048 0.1779 0.1779 0.5072 0.5072
037 038 0.6865 0.5601 0.5072 0.5072
037 049 0.1779 0.6865 0.1779 0.5601
038 039 0.6865 0.1779 0.5601 0.5601
038 050 0.6865 0.1779 0.6865 0.5601
039 040 0.5072 0.5601 0.6865 0.6865
039 051 0.6865 0.6865 0.5072 0.5072
040 041 0.5601 0.1779 0.6865 0.5601
040 052 0.5072 0.1779 0.5601 0.5601
041 042 0.5601 0.6865 0.6865 0.6865
041 053 0.6865 0.1779 0.5072 0.5601
042 043 0.1779 0.5072 0.5072 0.6865
042 054 0.5072 0.6865 0.5601 0.5072
043 044 0.1779 0.6865 0.1779 0.6865
043 055 0.5072 0.6865 0.1779 0.1779
044 045 0.6865 0.1779 0.5601 0.5072
044 056 0.5072 0.1779 0.5601 0.6865
045 046 0.5601 0.1779 0.6865 0.6865
045 057 0.6865 0.1779 0.1779 0.6865
046 047 0.5072 0.1779 0.1779 0.6865
046 058 0.6865 0.5072 0.6865 0.5072
047 036 0.1779 0.6865 0.1779 0.5601
047 059 0.5601 0.1779 0.5601 0.5072
048 049 0.5072 0.6865 0.6865 0.5601
048 060 0.1779 0.6865 0.5072 0.6865
049 050 0.1779 0.1779 0.6865 0.5601
049 061 0.5601 0.5601 0.1779 0.1779
050 051 0.5601 0.5601 0.6865 0.5072
050 062 0.5072 0.5072 0.5072 0.5601
051 052 0.5601 0.6865 0.5601 0.5072
051 063 0.1779 0.5601 0.6865 0.1779
052 053 0.1779 0.6865 0.6865 0.6865
052 064 0.5072 0.6865 0.6865 0.5072
053 054 0.1779 0.6865 0.1779 0.5601
053 065 0.1779 0.1779 0.1779 0.5601
054 055 0.6865 0.5072 0.6865 0.5072
054 066 0.6865 0.5601 0.5601 0.5072
055 056 0.5072 0.5601 0.1779 0.6865
055 067 0.6865 0.1779 0.5072 0.5072
056 057 0.6865 0.1779 0.6865 0.5072
056 068 0.5601 0.5601 0.6865 0.6865
057 058 0.5601 0.1779 0.5601 0.5601
057 069 0.1779 0.6865 0.6865 0.5072
058 059 0.5072 0.5601 0.1779 0.5072
058 070 0.6865 0.5072 0.5072 0.6865
059 048 0.5072 0.5601 0.5601 0.1779
059 071 0.5601 0.5601 0.5072 0.6865
060 061 0.1779 0.1779 0.5072 0.5072
060 072 0.1779 0.1779 0.5601 0.5072
061 062 0.6865 0.1779 0.1779 0.5601
061 073 0.5601 0.6865 0.1779 0.5601
062 063 0.1779 0.1779 0.5601 0.5072
062 074 0.5601 0.5072 0.1779 0.5072
063 064 0.5601 0.5072 0.6865 0.6865
063 075 0.6865 0.5601 0.5601 0.5072
064 065 0.5072 0.5072 0.6865 0.1779
064 076 0.5072 0.5072 0.5072 0.5601
065 066 0.5072 0.5601 0.1779 0.5072
065 077 0.5601 0.5601 0.5601 0.5601
066 067 0.1779 0.5601 0.5601 0.1779
066 078 0.6865 0.6865 0.6865 0.6865
067 068 0.1779 0.5072 0.1779 0.5601
067 079 0.6865 0.5072 0.5601 0.5072
068 069 0.6865 0.1779 0.5072 0.5601
068 080 0.5072 0.1779 0.5601 0.5601
069 070 0.6865 0.1779 0.6865 0.1779
069 081 0.5601 0.1779 0.5072 0.5601
070 071 0.1779 0.6865 0.5601 0.5601
070 082 0.6865 0.5072 0.6865 0.5601
071 060 0.6865 0.5072 0.5072 0.6865
071 083 0.5072 0.5601 0.5601 0.5601
072 073 0.5601 0.5601 0.1779 0.6865
072 084 0.1779 0.1779 0.6865 0.1779
073 074 0.6865 0.5072 0.1779 0.6865
073 085 0.6865 0.5072 0.5601 0.5601
074 075 0.5601 0.1779 0.1779 0.5601
074 086 0.1779 0.5072 0.5072 0.5072
075 076 0.1779 0.6865 0.1779 0.5072
075 087 0.5601 0.1779 0.1779 0.6865
076 077 0.6865 0.6865 0.5601 0.6865
076 088 0.5601 0.5601 0.5601 0.1779
077 078 0.1779 0.1779 0.6865 0.5601
077 089 0.5072 0.5601 0.5601 0.1779
078 079 0.5072 0.5601 0.5601 0.5601
078 090 0.5072 0.5601 0.1779 0.6865
079 080 0.6865 0.5072 0.5601 0.1779
079 091 0.5601 0.6865 0.6865 0.1779
080 081 0.5072 0.1779 0.5072 0.1779
080 092 0.5072 0.5072 0.5072 0.5072
081 082 0.5601 0.5072 0.5601 0.1779
081 093 0.6865 0.6865 0.5601 0.1779
082 083 0.5072 0.5601 0.5072 0.1779
082 094 0.5601 0.5072 0.6865 0.5072
083 072 0.5601 0.5072 0.5072 0.5601
083 095 0.1779 0.5072 0.5601 0.1779
084 085 0.5072 0.5072 0.5601 0.6865
084 096 0.6865 0.6865 0.5601 0.6865
085 086 0.6865 0.5072 0.5601 0.6865
085 097 0.5072 0.6865 0.5072 0.6865
086 087 0.5601 0.1779 0.5072 0.1779
086 098 0.5072 0.5072 0.6865 0.1779
087 088 0.5072 0.1779 0.5601 0.1779
087 099 0.6865 0.5601 0.6865 0.5601
088 089 0.6865 0.5601 0.1779 0.1779
088 100 0.5601 0.5072 0.5072 0.6865
089 090 0.6865 0.1779 0.6865 0.5072
089 101 0.5072 0.6865 0.5072 0.6865
090 091 0.1779 0.5072 0.5072 0.6865
090 102 0.5601 0.6865 0.6865 0.1779
091 092 0.6865 0.5072 0.1779 0.1779
091 103 0.5072 0.1779 0.1779 0.5072
092 093 0.5072 0.5601 0.5601 0.5072
092 104 0.5601 0.6865 0.1779 0.6865
093 094 0.1779 0.1779 0.5601 0.5072
093 105 0.5072 0.1779 0.5601 0.6865
094 095 0.6865 0.6865 0.5072 0.1779
094 106 0.1779 0.1779 0.5601 0.5601
095 084 0.1779 0.1779 0.5601 0.5601
095 107 0.5072 0.5072 0.5601 0.5601
096 097 0.5601 0.1779 0.5601 0.1779
096 108 0.5601 0.5601 0.1779 0.1779
097 098 0.5072 0.1779 0.6865 0.6865
097 109 0.5072 0.1779 0.6865 0.6865
098 099 0.5072 0.5601 0.5601 0.1779
098 110 0.5601 0.6865 0.5601 0.5072
099 100 0.6865 0.6865 0.6865 0.5601
099 111 0.5072 0.6865 0.5601 0.6865
100 101 0.1779 0.5072 0.1779 0.1779
100 112 0.1779 0.5601 0.5601 0.6865
101 102 0.5601 0.1779 0.1779 0.5072
101 113 0.1779 0.5601 0.1779 0.5601
102 103 0.5072 0.1779 0.1779 0.5072
102 114 0.5601 0.5072 0.5072 0.1779
103 104 0.5072 0.5072 0.5072 0.5601
103 115 0.6865 0.1779 0.5601 0.1779
104 105 0.1779 0.6865 0.5072 0.6865
104 116 0.6865 0.5601 0.1779 0.5072
105 106 0.5601 0.1779 0.6865 0.5601
105 117 0.5072 0.6865 0.6865 0.6865
106 107 0.5072 0.5072 0.5072 0.6865
106 118 0.5072 0.6865 0.5072 0.6865
107 096 0.5072 0.5072 0.5601 0.5072
107 119 0.5601 0.5601 0.5072 0.6865
108 109 0.5072 0.5601 0.1779 0.5601
108 120 0.6865 0.6865 0.6865 0.5601
109 110 0.5601 0.6865 0.5072 0.5601
109 121 0.5601 0.1779 0.1779 0.6865
110 111 0.5601 0.1779 0.5601 0.1779
110 122 0.6865 0.5601 0.6865 0.5601
111 112 0.6865 0.5601 0.5601 0.5601
111 123 0.5072 0.5601 0.6865 0.1779
112 113 0.1779 0.1779 0.6865 0.5072
112 124 0.6865 0.5601 0.5072 0.6865
113 114 0.1779 0.5601 0.5601 0.5072
113 125 0.5072 0.6865 0.1779 0.5072
114 115 0.1779 0.5072 0.5072 0.5072
114 126 0.1779 0.5072 0.1779 0.6865
115 116 0.6865 0.5601 0.5601 0.1779
115 127 0.6865 0.6865 0.5601 0.6865
116 117 0.1779 0.1779 0.6865 0.5072
116 128 0.6865 0.1779 0.1779 0.6865
117 118 0.6865 0.6865 0.5601 0.5072
117 129 0.6865 0.5601 0.6865 0.5601
118 119 0.5072 0.1779 0.6865 0.5601
118 130 0.5601 0.5072 0.1779 0.1779
119 108 0.5072 0.5601 0.1779 0.1779
119 131 0.5072 0.5072 0.1779 0.5072
120 121 0.5601 0.5601 0.6865 0.6865
120 132 0.6865 0.1779 0.5601 0.5601
121 122 0.1779 0.5072 0.6865 0.6865
121 133 0.1779 0.1779 0.6865 0.6865
122 123 0.1779 0.1779 0.1779 0.6865
122 134 0.1779 0.1779 0.1779 0.5072
123 124 0.1779 0.1779 0.1779 0.5601
123 135 0.5072 0.5072 0.5072 0.1779
124 125 0.6865 0.5072 0.5601 0.6865
124 136 0.1779 0.1779 0.5072 0.6865
125 126 0.1779 0.5072 0.6865 0.5072
125 137 0.5601 0.5072 0.1779 0.6865
126 127 0.6865 0.5072 0.1779 0.5072
126 138 0.5601 0.6865 0.5072 0.5072
127 128 0.1779 0.6865 0.1779 0.6865
127 139 0.1779 0.5072 0.6865 0.5601
128 129 0.5072 0.6865 0.6865 0.6865
128 140 0.5601 0.6865 0.5072 0.1779
129 130 0.6865 0.5072 0.1779 0.6865
129 141 0.5601 0.5072 0.5601 0.5072
130 131 0.5601 0.5601 0.1779 0.6865
130 142 0.5601 0.1779 0.6865 0.6865
131 120 0.5072 0.5601 0.5601 0.5072
131 011 0.6865 0.5072 0.5072 0.6865
132 133 0.6865 0.6865 0.5072 0.1779
132 000 0.5601 0.6865 0.6865 0.1779
133 134 0.5601 0.5072 0.6865 0.1779
133 001 0.1779 0.1779 0.5072 0.5072
134 135 0.5601 0.1779 0.1779 0.5072
134 002 0.5601 0.6865 0.1779 0.1779
135 136 0.5601 0.1779 0.5601 0.5601
135 003 0.1779 0.5072 0.6865 0.6865
136 137 0.5072 0.5601 0.5601 0.1779
136 004 0.5072 0.1779 0.1779 0.1779
137 138 0.5601 0.1779 0.5072 0.1779
137 005 0.6865 0.6865 0.6865 0.5072
138 139 0.1779 0.6865 0.6865 0.6865
138 006 0.5601 0.5072 0.1779 0.5601
139 140 0.6865 0.6865 0.6865 0.6865
139 007 0.5072 0.6865 0.5072 0.1779
140 141 0.6865 0.6865 0.5601 0.5601
140 008 0.1779 0.5601 0.5072 0.5072
141 142 0.5601 0.5072 0.6865 0.6865
141 009 0.6865 0.5072 0.5601 0.1779
142 132 0.6865 0.1779 0.6865 0.5072
142 010 0.5072 0.5601 0.6865 0.6865
