143 002556 2 286
000 001 0.8219 0.8095 0.8095 0.6065
000 012 0.6065 0.8095 0.6065 0.8219
001 002 0.2916 0.6065 0.6065 0.6065
001 013 0.8219 0.8219 0.6065 0.6065
002 003 0.2916 0.6065 0.2916 0.8219
002 014 0.8219 0.8219 0.6065 0.6065
003 004 0.8219 0.6065 0.6065 0.8095
003 015 0.2916 0.6065 0.8219 0.2916
004 005 0.2916 0.2916 0.8095 0.2916
004 016 0.8219 0.6065 0.8219 0.2916
005 006 0.2916 0.8219 0.2916 0.8219
005 017 0.8219 0.8095 0.8095 0.8095
006 007 0.6065 0.6065 0.8219 0.6065
006 018 0.2916 0.2916 0.2916 0.8219
007 008 0.8219 0.8095 0.8219 0.8095
007 019 0.8219 0.2916 0.6065 0.2916
008 009 0.2916 0.8219 0.6065 0.6065
008 020 0.8095 0.8219 0.8095 0.2916
009 010 0.8219 0.6065 0.6065 0.2916
009 021 0.8219 0.8095 0.8095 0.8219
010 011 0.6065 0.6065 0.8219 0.2916
010 022 0.2916 0.6065 0.6065 0.2916
011 000 0.2916 0.8219 0.8095 0.8095
011 023 0.6065 0.6065 0.8095 0.6065
012 013 0.8095 0.8095 0.8095 0.8095
012 024 0.6065 0.8219 0.2916 0.2916
013 014 0.8095 0.8219 0.8095 0.2916
013 025 0.6065 0.8219 0.2916 0.8219
014 015 0.8219 0.6065 0.8095 0.6065
014 026 0.6065 0.8095 0.8219 0.8219
015 016 0.8095 0.6065 0.8095 0.8095
015 027 0.6065 0.2916 0.8095 0.6065
016 017 0.8219 0.6065 0.8095 0.8095
016 028 0.8095 0.2916 0.8095 0.8095
017 018 0.6065 0.8219 0.8219 0.6065
017 029 0.8095 0.6065 0.2916 0.6065
018 019 0.8095 0.2916 0.8219 0.2916
018 030 0.6065 0.6065 0.8095 0.2916
019 020 0.6065 0.8095 0.8219 0.2916
019 031 0.2916 0.8095 0.8095 0.8219
020 021 0.8095 0.2916 0.6065 0.8095
020 032 0.6065 0.6065 0.8095 0.8219
021 022 0.2916 0.8219 0.2916 0.8095
021 033 0.2916 0.8095 0.8095 0.8095
022 023 0.6065 0.2916 0.2916 0.8095
022 034 0.6065 0.6065 0.6065 0.8219
023 012 0.2916 0.8219 0.8095 0.6065
023 035 0.8095 0.8219 0.8219 0.8219
024 025 0.8219 0.6065 0.8219 0.8095
024 036 0.8219 0.8095 0.8219 0.2916
025 026 0.2916 0.2916 0.2916 0.6065
025 037 0.6065 0.8219 0.6065 0.8219
026 027 0.2916 0.8095 0.6065 0.2916
026 038 0.8219 0.6065 0.8095 0.8095
027 028 0.2916 0.8095 0.6065 0.8219
027 039 0.8095 0.6065 0.8095 0.8095
028 029 0.8219 0.8095 0.6065 0.8219
028 040 0.2916 0.2916 0.6065 0.2916
029 030 0.8219 0.8095 0.6065 0.6065
029 041 0.8219 0.8219 0.2916 0.8219
030 031 0.6065 0.6065 0.8095 0.8095
030 042 0.8095 0.6065 0.8219 0.8095
031 032 0.2916 0.8219 0.8219 0.2916
031 043 0.6065 0.8219 0.8095 0.6065
032 033 0.8095 0.8219 0.8219 0.8095
032 044 0.2916 0.8095 0.6065 0.8095
033 034 0.8095 0.8219 0.8219 0.2916
033 045 0.6065 0.8219 0.8095 0.8095
034 035 0.8219 0.6065 0.8095 0.8095
034 046 0.8095 0.2916 0.2916 0.8095
035 024 0.8219 0.6065 0.8095 0.2916
035 047 0.6065 0.8219 0.8095 0.6065
036 037 0.2916 0.2916 0.8219 0.2916
036 048 0.8219 0.8219 0.6065 0.8095
037 038 0.8219 0.8219 0.8095 0.8095
037 049 0.2916 0.6065 0.2916 0.8095
038 039 0.8219 0.8219 0.8219 0.8095
038 050 0.6065 0.6065 0.8219 0.8219
039 040 0.8219 0.8095 0.6065 0.6065
039 051 0.8219 0.6065 0.8219 0.8095
040 041 0.6065 0.2916 0.2916 0.8095
040 052 0.6065 0.8095 0.8219 0.8095
041 042 0.6065 0.8095 0.8219 0.8219
041 053 0.6065 0.6065 0.2916 0.6065
042 043 0.8095 0.2916 0.8219 0.8095
042 054 0.6065 0.6065 0.2916 0.2916
043 044 0.8095 0.6065 0.6065 0.8095
043 055 0.2916 0.8095 0.6065 0.8095
044 045 0.6065 0.2916 0.2916 0.2916
044 056 0.6065 0.2916 0.2916 0.8219
045 046 0.8219 0.8219 0.8095 0.6065
045 057 0.2916 0.8219 0.6065 0.8219
046 047 0.8219 0.2916 0.2916 0.8219
046 058 0.6065 0.8219 0.8219 0.8095
047 036 0.8219 0.2916 0.8095 0.8219
047 059 0.8219 0.2916 0.8219 0.8095
048 049 0.8095 0.8095 0.8219 0.6065
048 060 0.6065 0.8095 0.8219 0.6065
049 050 0.6065 0.8219 0.8219 0.8095
049 061 0.6065 0.8095 0.8095 0.8219
050 051 0.8219 0.8095 0.8219 0.2916
050 062 0.2916 0.6065 0.6065 0.2916
051 052 0.8219 0.6065 0.8219 0.8219
051 063 0.6065 0.2916 0.8219 0.8219
052 053 0.2916 0.6065 0.2916 0.8095
052 064 0.8219 0.8219 0.8219 0.2916
053 054 0.2916 0.8219 0.8095 0.8219
053 065 0.2916 0.2916 0.2916 0.6065
054 055 0.8095 0.2916 0.6065 0.8219
054 066 0.8095 0.2916 0.8219 0.6065
055 056 0.8095 0.6065 0.2916 0.8219
055 067 0.2916 0.8219 0.6065 0.8095
056 057 0.8095 0.6065 0.8095 0.2916
056 068 0.2916 0.8219 0.8219 0.8095
057 058 0.2916 0.6065 0.8095 0.2916
057 069 0.8095 0.6065 0.8095 0.8219
058 059 0.8219 0.8219 0.8219 0.8095
058 070 0.2916 0.8095 0.2916 0.6065
059 048 0.8219 0.6065 0.8095 0.8219
059 071 0.8219 0.6065 0.2916 0.8095
060 061 0.2916 0.2916 0.2916 0.8095
060 072 0.8095 0.2916 0.2916 0.6065
061 062 0.2916 0.6065 0.8095 0.8095
061 073 0.8219 0.2916 0.8095 0.8219
062 063 0.6065 0.8095 0.8095 0.8095
062 074 0.2916 0.6065 0.8219 0.6065
063 064 0.6065 0.8095 0.2916 0.2916
063 075 0.8219 0.2916 0.8095 0.2916
064 065 0.6065 0.8219 0.8095 0.8219
064 076 0.8095 0.2916 0.6065 0.8095
065 066 0.8219 0.6065 0.6065 0.8095
065 077 0.8095 0.8219 0.8219 0.2916
066 067 0.2916 0.8219 0.2916 0.8219
066 078 0.2916 0.8095 0.6065 0.8095
067 068 0.2916 0.2916 0.8095 0.6065
067 079 0.8095 0.8219 0.8095 0.6065
068 069 0.8219 0.2916 0.8219 0.8095
068 080 0.8219 0.8219 0.6065 0.6065
069 070 0.8095 0.8219 0.6065 0.6065
069 081 0.8219 0.8095 0.8095 0.6065
070 071 0.6065 0.8095 0.2916 0.8095
070 082 0.8219 0.8219 0.6065 0.8095
071 060 0.8095 0.8095 0.8095 0.6065
071 083 0.6065 0.8219 0.8095 0.2916
072 073 0.2916 0.8095 0.8219 0.8095
072 084 0.8219 0.2916 0.2916 0.8219
073 074 0.2916 0.8095 0.2916 0.6065
073 085 0.2916 0.2916 0.8095 0.2916
074 075 0.8219 0.8219 0.8219 0.8095
074 086 0.2916 0.2916 0.8095 0.2916
075 076 0.2916 0.6065 0.6065 0.8219
075 087 0.2916 0.2916 0.6065 0.2916
076 077 0.8219 0.8095 0.6065 0.8219
076 088 0.6065 0.8095 0.8219 0.2916
077 078 0.6065 0.2916 0.8095 0.8095
077 089 0.2916 0.2916 0.2916 0.6065
078 079 0.8095 0.2916 0.2916 0.2916
078 090 0.6065 0.2916 0.6065 0.6065
079 080 0.2916 0.2916 0.8095 0.8219
079 091 0.6065 0.8219 0.2916 0.8095
080 081 0.6065 0.2916 0.2916 0.8219
080 092 0.6065 0.8095 0.2916 0.8095
081 082 0.6065 0.6065 0.2916 0.8095
081 093 0.8095 0.6065 0.6065 0.2916
082 083 0.8219 0.2916 0.2916 0.6065
082 094 0.2916 0.2916 0.2916 0.8219
083 072 0.8095 0.6065 0.8219 0.6065
083 095 0.2916 0.8219 0.8095 0.8219
084 085 0.2916 0.2916 0.2916 0.6065
084 096 0.8095 0.8219 0.2916 0.8095
085 086 0.8095 0.6065 0.8219 0.8095
085 097 0.8219 0.6065 0.8219 0.8219
086 087 0.2916 0.8095 0.8219 0.8095
086 098 0.2916 0.8095 0.6065 0.8095
087 088 0.8095 0.8095 0.2916 0.6065
087 099 0.6065 0.8095 0.8095 0.8219
088 089 0.2916 0.8095 0.8095 0.6065
088 100 0.8095 0.6065 0.8095 0.6065
089 090 0.8095 0.8219 0.8095 0.6065
089 101 0.2916 0.8095 0.2916 0.6065
090 091 0.8219 0.8219 0.2916 0.6065
090 102 0.6065 0.2916 0.2916 0.8095
091 092 0.8219 0.6065 0.2916 0.8219
091 103 0.2916 0.8095 0.2916 0.2916
092 093 0.8219 0.2916 0.8219 0.8219
092 104 0.2916 0.6065 0.8095 0.8219
093 094 0.8095 0.8219 0.8219 0.6065
093 105 0.6065 0.2916 0.8095 0.2916
094 095 0.2916 0.2916 0.8219 0.6065
094 106 0.8095 0.8219 0.2916 0.2916
095 084 0.6065 0.8219 0.6065 0.8219
095 107 0.6065 0.8095 0.8095 0.2916
096 097 0.6065 0.8219 0.8219 0.8219
096 108 0.2916 0.6065 0.2916 0.8095
097 098 0.2916 0.8219 0.6065 0.2916
097 109 0.2916 0.8219 0.8219 0.6065
098 099 0.2916 0.2916 0.2916 0.8219
098 110 0.8219 0.6065 0.6065 0.8095
099 100 0.8095 0.8095 0.8095 0.8095
099 111 0.8219 0.2916 0.8219 0.2916
100 101 0.8219 0.8095 0.8095 0.8095
100 112 0.6065 0.6065 0.8095 0.8095
101 102 0.6065 0.8219 0.8095 0.8219
101 113 0.6065 0.2916 0.6065 0.6065
102 103 0.8095 0.8095 0.6065 0.8219
102 114 0.2916 0.2916 0.8095 0.8219
103 104 0.6065 0.6065 0.8095 0.2916
103 115 0.8095 0.8095 0.8095 0.8095
104 105 0.6065 0.6065 0.8095 0.2916
104 116 0.2916 0.6065 0.8219 0.6065
105 106 0.6065 0.8095 0.6065 0.8095
105 117 0.2916 0.2916 0.2916 0.8219
106 107 0.8219 0.6065 0.8095 0.8095
106 118 0.2916 0.8095 0.8219 0.8219
107 096 0.2916 0.6065 0.8095 0.8219
107 119 0.6065 0.2916 0.6065 0.6065
108 109 0.8095 0.8219 0.6065 0.8219
108 120 0.6065 0.8219 0.6065 0.8095
109 110 0.8095 0.8095 0.2916 0.8219
109 121 0.6065 0.8095 0.8095 0.6065
110 111 0.8095 0.6065 0.8095 0.6065
110 122 0.8219 0.2916 0.8219 0.8219
111 112 0.2916 0.2916 0.2916 0.2916
111 123 0.8219 0.6065 0.2916 0.8219
112 113 0.8095 0.6065 0.6065 0.2916
112 124 0.2916 0.6065 0.8095 0.8219
113 114 0.8219 0.6065 0.8219 0.8219
113 125 0.8095 0.6065 0.8095 0.8095
114 115 0.2916 0.6065 0.6065 0.6065
114 126 0.6065 0.6065 0.2916 0.6065
115 116 0.8095 0.8219 0.8095 0.2916
115 127 0.8219 0.8219 0.8095 0.8219
116 117 0.8095 0.8219 0.2916 0.2916
116 128 0.8219 0.2916 0.8219 0.8095
117 118 0.8095 0.8095 0.6065 0.8095
117 129 0.8095 0.8219 0.8095 0.2916
118 119 0.8219 0.8095 0.8219 0.8219
118 130 0.2916 0.6065 0.2916 0.8219
119 108 0.8095 0.8095 0.6065 0.8095
119 131 0.2916 0.8095 0.6065 0.8219
120 121 0.6065 0.6065 0.8095 0.6065
120 132 0.8095 0.8095 0.8219 0.8219
121 122 0.8095 0.8219 0.8095 0.8095
121 133 0.8219 0.6065 0.8095 0.8219
122 123 0.2916 0.8219 0.6065 0.6065
122 134 0.8095 0.8219 0.2916 0.6065
123 124 0.2916 0.8219 0.6065 0.8095
123 135 0.2916 0.6065 0.8219 0.8095
124 125 0.8095 0.6065 0.6065 0.8219
124 136 0.6065 0.2916 0.8219 0.8219
125 126 0.8219 0.2916 0.8219 0.8095
125 137 0.8095 0.6065 0.8219 0.6065
126 127 0.8219 0.2916 0.8095 0.2916
126 138 0.2916 0.6065 0.6065 0.2916
127 128 0.8095 0.2916 0.6065 0.6065
127 139 0.2916 0.2916 0.8219 0.8219
128 129 0.2916 0.8095 0.2916 0.8219
128 140 0.8095 0.8095 0.8095 0.8219
129 130 0.2916 0.8095 0.2916 0.2916
129 141 0.8095 0.8219 0.2916 0.8095
130 131 0.2916 0.6065 0.6065 0.2916
130 142 0.2916 0.2916 0.6065 0.8095
131 120 0.6065 0.8219 0.6065 0.8095
131 011 0.2916 0.8095 0.8219 0.2916
132 133 0.2916 0.8219 0.6065 0.8219
132 000 0.6065 0.8095 0.2916 0.8219
133 134 0.8095 0.8219 0.8095 0.6065
133 001 0.8095 0.6065 0.6065 0.6065
134 135 0.8219 0.2916 0.2916 0.6065
134 002 0.2916 0.8219 0.8095 0.6065
135 136 0.8095 0.2916 0.8095 0.8219
135 003 0.8219 0.6065 0.6065 0.8095
136 137 0.2916 0.6065 0.6065 0.2916
136 004 0.8219 0.8219 0.6065 0.2916
137 138 0.8095 0.8095 0.6065 0.8095
137 005 0.2916 0.8095 0.6065 0.6065
138 139 0.8219 0.8219 0.8095 0.6065
138 006 0.2916 0.2916 0.2916 0.8095
139 140 0.8095 0.2916 0.2916 0.2916
139 007 0.2916 0.2916 0.8095 0.8095
140 141 0.6065 0.8095 0.2916 0.8219
140 008 0.8219 0.6065 0.8219 0.8219
141 142 0.2916 0.2916 0.2916 0.8219
141 009 0.2916 0.2916 0.8095 0.6065
142 132 0.8095 0.2916 0.6065 0.8219
142 010 0.6065 0.8219 0.6065 0.2916
