143 002556 2 286
000 001 0.9014 0.4727 0.2132 0.4727
000 012 0.2132 0.2474 0.4727 0.9014
001 002 0.2474 0.2474 0.4727 0.2474
001 013 0.4727 0.2474 0.4727 0.2474
002 003 0.2132 0.4727 0.9014 0.2132
002 014 0.2474 0.9014 0.2132 0.9014
003 004 0.2132 0.4727 0.4727 0.2132
003 015 0.2132 0.9014 0.9014 0.2132
004 005 0.4727 0.9014 0.2474 0.9014
004 016 0.9014 0.2132 0.2132 0.2132
005 006 0.4727 0.9014 0.2474 0.2132
005 017 0.4727 0.9014 0.9014 0.2474
006 007 0.4727 0.4727 0.2132 0.2474
006 018 0.2474 0.9014 0.4727 0.4727
007 008 0.9014 0.2132 0.2132 0.2474
007 019 0.4727 0.2132 0.2132 0.9014
008 009 0.2132 0.2474 0.9014 0.2474
008 020 0.9014 0.4727 0.2474 0.9014
009 010 0.4727 0.2132 0.9014 0.2474
009 021 0.2132 0.9014 0.9014 0.4727
010 011 0.4727 0.2474 0.4727 0.4727
010 022 0.9014 0.9014 0.2132 0.9014
011 000 0.9014 0.4727 0.2132 0.2132
011 023 0.2474 0.2132 0.9014 0.4727
012 013 0.4727 0.2132 0.2474 0.4727
012 024 0.2474 0.9014 0.2474 0.4727
013 014 0.4727 0.2132 0.4727 0.9014
013 025 0.9014 0.9014 0.4727 0.2474
014 015 0.2132 0.4727 0.4727 0.4727
014 026 0.9014 0.2474 0.4727 0.9014
015 016 0.2132 0.2132 0.2474 0.4727
015 027 0.2474 0.2474 0.2474 0.2132
016 017 0.2474 0.4727 0.2474 0.4727
016 028 0.9014 0.4727 0.2132 0.9014
017 018 0.9014 0.2132 0.9014 0.2132
017 029 0.9014 0.4727 0.4727 0.2474
018 019 0.2132 0.4727 0.2474 0.4727
018 030 0.4727 0.2132 0.2132 0.4727
019 020 0.2132 0.4727 0.2474 0.4727
019 031 0.2132 0.2474 0.2132 0.2132
020 021 0.4727 0.9014 0.2132 0.2474
020 032 0.2132 0.4727 0.9014 0.4727
021 022 0.9014 0.4727 0.2474 0.2132
021 033 0.4727 0.2474 0.2132 0.2132
022 023 0.2474 0.9014 0.2474 0.9014
022 034 0.2132 0.4727 0.2132 0.2132
023 012 0.2132 0.2474 0.2474 0.2474
023 035 0.2474 0.2474 0.4727 0.2474
024 025 0.2474 0.9014 0.4727 0.9014
024 036 0.9014 0.9014 0.2474 0.4727
025 026 0.2474 0.9014 0.4727 0.4727
025 037 0.9014 0.9014 0.4727 0.2474
026 027 0.9014 0.2474 0.2474 0.2474
026 038 0.2132 0.9014 0.4727 0.4727
027 028 0.2474 0.4727 0.9014 0.4727
027 039 0.2132 0.4727 0.9014 0.2132
028 029 0.4727 0.9014 0.2474 0.2474
028 040 0.2474 0.2474 0.2474 0.4727
029 030 0.9014 0.4727 0.2474 0.2474
029 041 0.9014 0.4727 0.2474 0.2132
030 031 0.4727 0.4727 0.2474 0.9014
030 042 0.4727 0.2132 0.9014 0.2474
031 032 0.2474 0.2132 0.4727 0.9014
031 043 0.2474 0.4727 0.2132 0.2132
032 033 0.2474 0.2474 0.2474 0.2132
032 044 0.2474 0.9014 0.4727 0.2132
033 034 0.2474 0.2474 0.2474 0.2474
033 045 0.9014 0.9014 0.9014 0.4727
034 035 0.4727 0.4727 0.2132 0.2474
034 046 0.2132 0.9014 0.2132 0.2132
035 024 0.4727 0.4727 0.4727 0.2132
035 047 0.4727 0.2132 0.4727 0.2132
036 037 0.2474 0.2474 0.2474 0.9014
036 048 0.2474 0.9014 0.9014 0.2132
037 038 0.2132 0.9014 0.2132 0.2474
037 049 0.2474 0.2132 0.4727 0.2474
038 039 0.9014 0.2132 0.2132 0.9014
038 050 0.2132 0.2132 0.2474 0.2474
039 040 0.2474 0.4727 0.4727 0.4727
039 051 0.9014 0.2132 0.4727 0.9014
040 041 0.9014 0.4727 0.2132 0.2474
040 052 0.2474 0.2474 0.2474 0.2132
041 042 0.4727 0.9014 0.2474 0.4727
041 053 0.2132 0.4727 0.2474 0.2474
042 043 0.2132 0.2474 0.2132 0.2132
042 054 0.4727 0.2132 0.2132 0.4727
043 044 0.2474 0.9014 0.4727 0.9014
043 055 0.4727 0.4727 0.2132 0.2132
044 045 0.9014 0.9014 0.9014 0.2474
044 056 0.2132 0.2132 0.9014 0.4727
045 046 0.2474 0.2474 0.9014 0.2474
045 057 0.4727 0.9014 0.2132 0.4727
046 047 0.9014 0.2132 0.2132 0.2132
046 058 0.2474 0.2132 0.9014 0.9014
047 036 0.2132 0.9014 0.2132 0.9014
047 059 0.9014 0.2132 0.4727 0.2132
048 049 0.4727 0.4727 0.9014 0.9014
048 060 0.4727 0.2132 0.2474 0.2474
049 050 0.2474 0.2132 0.2474 0.2132
049 061 0.4727 0.4727 0.4727 0.9014
050 051 0.2474 0.4727 0.4727 0.4727
050 062 0.9014 0.2132 0.4727 0.9014
051 052 0.2474 0.4727 0.2474 0.4727
051 063 0.2474 0.9014 0.4727 0.2474
052 053 0.9014 0.2132 0.9014 0.4727
052 064 0.2474 0.2132 0.2132 0.9014
053 054 0.4727 0.9014 0.4727 0.2132
053 065 0.9014 0.4727 0.2474 0.4727
054 055 0.9014 0.2132 0.9014 0.2474
054 066 0.2132 0.2474 0.9014 0.4727
055 056 0.4727 0.9014 0.9014 0.2474
055 067 0.2474 0.2132 0.9014 0.4727
056 057 0.2132 0.9014 0.4727 0.2132
056 068 0.4727 0.9014 0.2132 0.2474
057 058 0.2132 0.2132 0.9014 0.2132
057 069 0.2474 0.2474 0.4727 0.2474
058 059 0.2474 0.4727 0.9014 0.2474
058 070 0.2132 0.2132 0.9014 0.2474
059 048 0.9014 0.4727 0.9014 0.4727
059 071 0.2474 0.2474 0.9014 0.2132
060 061 0.2474 0.4727 0.2474 0.4727
060 072 0.9014 0.9014 0.2132 0.4727
061 062 0.2132 0.2474 0.9014 0.2132
061 073 0.4727 0.9014 0.2132 0.2132
062 063 0.4727 0.9014 0.9014 0.2132
062 074 0.4727 0.2132 0.2474 0.4727
063 064 0.4727 0.2474 0.2132 0.4727
063 075 0.2132 0.2132 0.2132 0.4727
064 065 0.4727 0.2132 0.9014 0.2132
064 076 0.2474 0.9014 0.2474 0.2474
065 066 0.2474 0.2132 0.2132 0.2474
065 077 0.2132 0.2474 0.4727 0.9014
066 067 0.4727 0.4727 0.9014 0.9014
066 078 0.2132 0.9014 0.2474 0.2474
067 068 0.2132 0.4727 0.2132 0.9014
067 079 0.2132 0.2132 0.9014 0.2474
068 069 0.9014 0.2474 0.2474 0.9014
068 080 0.2474 0.2132 0.9014 0.4727
069 070 0.4727 0.2474 0.4727 0.2474
069 081 0.4727 0.2132 0.9014 0.9014
070 071 0.9014 0.9014 0.2132 0.2474
070 082 0.2474 0.9014 0.4727 0.2474
071 060 0.9014 0.4727 0.2132 0.4727
071 083 0.4727 0.2474 0.2132 0.4727
072 073 0.2474 0.9014 0.2132 0.4727
072 084 0.2132 0.9014 0.4727 0.9014
073 074 0.4727 0.9014 0.2132 0.9014
073 085 0.2474 0.2474 0.9014 0.9014
074 075 0.9014 0.9014 0.2474 0.2132
074 086 0.2132 0.9014 0.2474 0.2474
075 076 0.2132 0.9014 0.9014 0.9014
075 087 0.2474 0.9014 0.4727 0.9014
076 077 0.2474 0.9014 0.2132 0.9014
076 088 0.4727 0.2474 0.2132 0.2474
077 078 0.2132 0.9014 0.9014 0.4727
077 089 0.9014 0.2132 0.9014 0.2132
078 079 0.4727 0.9014 0.9014 0.2474
078 090 0.9014 0.9014 0.4727 0.9014
079 080 0.2132 0.9014 0.4727 0.4727
079 091 0.9014 0.9014 0.4727 0.2474
080 081 0.9014 0.4727 0.2132 0.9014
080 092 0.9014 0.2474 0.4727 0.4727
081 082 0.2132 0.4727 0.2474 0.9014
081 093 0.9014 0.9014 0.2132 0.4727
082 083 0.9014 0.9014 0.2474 0.9014
082 094 0.2132 0.2474 0.9014 0.2474
083 072 0.9014 0.9014 0.4727 0.2132
083 095 0.4727 0.2474 0.4727 0.2474
084 085 0.2474 0.9014 0.2474 0.2132
084 096 0.9014 0.2132 0.2132 0.4727
085 086 0.2132 0.4727 0.4727 0.9014
085 097 0.2474 0.2132 0.2474 0.4727
086 087 0.2474 0.4727 0.2132 0.2132
086 098 0.9014 0.2132 0.2474 0.4727
087 088 0.2132 0.2132 0.2474 0.2132
087 099 0.2132 0.4727 0.9014 0.2474
088 089 0.9014 0.2474 0.2132 0.2474
088 100 0.2132 0.2132 0.2474 0.9014
089 090 0.2132 0.2474 0.2474 0.2132
089 101 0.2132 0.2132 0.2474 0.2474
090 091 0.9014 0.2132 0.4727 0.9014
090 102 0.2474 0.2132 0.2474 0.2474
091 092 0.2474 0.4727 0.9014 0.4727
091 103 0.4727 0.2474 0.2474 0.4727
092 093 0.9014 0.9014 0.4727 0.9014
092 104 0.9014 0.2474 0.9014 0.9014
093 094 0.9014 0.9014 0.4727 0.2474
093 105 0.9014 0.2474 0.4727 0.9014
094 095 0.2132 0.2474 0.2474 0.2474
094 106 0.9014 0.2474 0.4727 0.9014
095 084 0.2132 0.2132 0.9014 0.9014
095 107 0.2132 0.2132 0.2474 0.9014
096 097 0.2132 0.2132 0.9014 0.9014
096 108 0.2474 0.9014 0.9014 0.2132
097 098 0.9014 0.2132 0.4727 0.2132
097 109 0.9014 0.9014 0.2132 0.4727
098 099 0.9014 0.2474 0.4727 0.4727
098 110 0.2132 0.2132 0.2132 0.4727
099 100 0.2474 0.2474 0.9014 0.2474
099 111 0.2474 0.2132 0.9014 0.4727
100 101 0.2474 0.2474 0.9014 0.9014
100 112 0.2474 0.2132 0.9014 0.9014
101 102 0.9014 0.9014 0.9014 0.9014
101 113 0.9014 0.9014 0.2474 0.2474
102 103 0.4727 0.2474 0.2474 0.2474
102 114 0.2474 0.4727 0.2474 0.4727
103 104 0.9014 0.2132 0.2132 0.4727
103 115 0.9014 0.2474 0.2474 0.9014
104 105 0.2132 0.4727 0.9014 0.2474
104 116 0.4727 0.4727 0.2132 0.9014
105 106 0.2474 0.4727 0.2474 0.9014
105 117 0.2132 0.4727 0.2474 0.9014
106 107 0.2132 0.2132 0.2474 0.2132
106 118 0.2474 0.2132 0.9014 0.2474
107 096 0.2474 0.9014 0.9014 0.4727
107 119 0.2474 0.2132 0.2474 0.2474
108 109 0.2474 0.2474 0.4727 0.2474
108 120 0.9014 0.2474 0.2132 0.4727
109 110 0.2474 0.2132 0.2132 0.9014
109 121 0.4727 0.9014 0.9014 0.4727
110 111 0.9014 0.9014 0.2474 0.4727
110 122 0.2132 0.2132 0.2132 0.9014
111 112 0.2132 0.9014 0.4727 0.9014
111 123 0.2474 0.2474 0.9014 0.4727
112 113 0.2474 0.2132 0.2132 0.9014
112 124 0.4727 0.9014 0.4727 0.4727
113 114 0.2474 0.2474 0.9014 0.2474
113 125 0.4727 0.2474 0.9014 0.2474
114 115 0.2474 0.2132 0.4727 0.2474
114 126 0.4727 0.9014 0.4727 0.4727
115 116 0.4727 0.2132 0.4727 0.2474
115 127 0.4727 0.2474 0.4727 0.4727
116 117 0.4727 0.4727 0.2474 0.4727
116 128 0.2132 0.9014 0.9014 0.4727
117 118 0.2132 0.4727 0.2474 0.2474
117 129 0.2474 0.2132 0.9014 0.9014
118 119 0.9014 0.4727 0.4727 0.2132
118 130 0.4727 0.2474 0.2132 0.2474
119 108 0.4727 0.2132 0.2474 0.2132
119 131 0.2132 0.4727 0.2132 0.9014
120 121 0.2132 0.9014 0.2132 0.2474
120 132 0.2474 0.2132 0.4727 0.4727
121 122 0.2474 0.9014 0.9014 0.9014
121 133 0.4727 0.9014 0.2474 0.4727
122 123 0.4727 0.4727 0.2132 0.2474
122 134 0.2132 0.2474 0.2132 0.2474
123 124 0.2132 0.2132 0.9014 0.4727
123 135 0.2132 0.4727 0.2474 0.2132
124 125 0.2474 0.4727 0.4727 0.2474
124 136 0.4727 0.2132 0.2132 0.2474
125 126 0.2474 0.9014 0.4727 0.9014
125 137 0.9014 0.2132 0.9014 0.9014
126 127 0.9014 0.2474 0.9014 0.2132
126 138 0.2132 0.2474 0.2132 0.9014
127 128 0.2474 0.9014 0.4727 0.4727
127 139 0.9014 0.4727 0.9014 0.2132
128 129 0.9014 0.2474 0.9014 0.2474
128 140 0.2132 0.2474 0.2474 0.4727
129 130 0.9014 0.2474 0.2132 0.2474
129 141 0.2132 0.9014 0.2474 0.2474
130 131 0.2474 0.2132 0.2474 0.9014
130 142 0.2474 0.2474 0.4727 0.2132
131 120 0.9014 0.2474 0.2132 0.2474
131 011 0.2132 0.2132 0.9014 0.2132
132 133 0.4727 0.2474 0.4727 0.2132
132 000 0.2132 0.4727 0.2132 0.9014
133 134 0.2474 0.2474 0.2474 0.9014
133 001 0.2474 0.4727 0.2474 0.2132
134 135 0.2474 0.2132 0.4727 0.9014
134 002 0.2132 0.2474 0.2132 0.2132
135 136 0.2474 0.4727 0.2474 0.2474
135 003 0.2132 0.9014 0.2474 0.4727
136 137 0.4727 0.2132 0.2474 0.2132
136 004 0.2474 0.4727 0.2474 0.4727
137 138 0.2474 0.2132 0.2132 0.2474
137 005 0.9014 0.2474 0.9014 0.9014
138 139 0.2474 0.2474 0.2132 0.2132
138 006 0.2474 0.2474 0.2474 0.2132
139 140 0.4727 0.4727 0.9014 0.9014
139 007 0.4727 0.2132 0.2132 0.4727
140 141 0.2132 0.4727 0.4727 0.2132
140 008 0.4727 0.9014 0.2474 0.4727
141 142 0.9014 0.2132 0.9014 0.2474
141 009 0.4727 0.2474 0.9014 0.9014
142 132 0.4727 0.2474 0.9014 0.2132
142 010 0.2474 0.4727 0.2132 0.4727
