143 002556 2 286
000 001 0.6222 0.6222 0.8327 0.6222
000 012 0.7923 0.7923 0.6222 0.2777
001 002 0.6222 0.8327 0.2777 0.7923
001 013 0.7923 0.6222 0.7923 0.8327
002 003 0.8327 0.6222 0.8327 0.2777
002 014 0.7923 0.8327 0.6222 0.8327
003 004 0.2777 0.6222 0.7923 0.6222
003 015 0.2777 0.7923 0.2777 0.2777
004 005 0.2777 0.6222 0.7923 0.2777
004 016 0.8327 0.6222 0.6222 0.7923
005 006 0.8327 0.6222 0.8327 0.8327
005 017 0.7923 0.7923 0.6222 0.6222
006 007 0.8327 0.6222 0.2777 0.2777
006 018 0.7923 0.7923 0.8327 0.7923
007 008 0.8327 0.6222 0.7923 0.6222
007 019 0.8327 0.7923 0.8327 0.7923
008 009 0.2777 0.2777 0.6222 0.7923
008 020 0.6222 0.7923 0.7923 0.6222
009 010 0.2777 0.6222 0.8327 0.8327
009 021 0.7923 0.2777 0.8327 0.2777
010 011 0.2777 0.2777 0.7923 0.2777
010 022 0.2777 0.8327 0.8327 0.2777
011 000 0.7923 0.6222 0.7923 0.6222
011 023 0.2777 0.6222 0.8327 0.7923
012 013 0.8327 0.8327 0.8327 0.7923
012 024 0.7923 0.2777 0.6222 0.8327
013 014 0.6222 0.7923 0.2777 0.2777
013 025 0.2777 0.7923 0.6222 0.2777
014 015 0.8327 0.6222 0.8327 0.8327
014 026 0.7923 0.6222 0.7923 0.7923
015 016 0.2777 0.8327 0.2777 0.8327
015 027 0.7923 0.6222 0.7923 0.2777
016 017 0.7923 0.2777 0.2777 0.7923
016 028 0.8327 0.8327 0.8327 0.6222
017 018 0.6222 0.7923 0.2777 0.7923
017 029 0.8327 0.7923 0.2777 0.8327
018 019 0.2777 0.2777 0.6222 0.7923
018 030 0.7923 0.8327 0.7923 0.6222
019 020 0.8327 0.7923 0.7923 0.2777
019 031 0.7923 0.2777 0.2777 0.2777
020 021 0.6222 0.7923 0.7923 0.7923
020 032 0.7923 0.2777 0.7923 0.7923
021 022 0.6222 0.7923 0.6222 0.2777
021 033 0.8327 0.8327 0.6222 0.8327
022 023 0.8327 0.7923 0.8327 0.2777
022 034 0.7923 0.2777 0.8327 0.7923
023 012 0.8327 0.6222 0.8327 0.8327
023 035 0.7923 0.8327 0.6222 0.2777
024 025 0.6222 0.6222 0.7923 0.2777
024 036 0.2777 0.2777 0.6222 0.6222
025 026 0.2777 0.7923 0.6222 0.7923
025 037 0.7923 0.2777 0.7923 0.7923
026 027 0.6222 0.8327 0.8327 0.7923
026 038 0.6222 0.6222 0.2777 0.2777
027 028 0.6222 0.7923 0.6222 0.7923
027 039 0.7923 0.8327 0.8327 0.8327
028 029 0.6222 0.7923 0.2777 0.6222
028 040 0.8327 0.6222 0.8327 0.8327
029 030 0.2777 0.7923 0.7923 0.8327
029 041 0.8327 0.7923 0.6222 0.6222
030 031 0.8327 0.6222 0.7923 0.7923
030 042 0.7923 0.6222 0.7923 0.7923
031 032 0.6222 0.2777 0.8327 0.6222
031 043 0.6222 0.2777 0.8327 0.6222
032 033 0.6222 0.2777 0.2777 0.7923
032 044 0.8327 0.7923 0.2777 0.8327
033 034 0.8327 0.6222 0.6222 0.8327
033 045 0.7923 0.8327 0.8327 0.6222
034 035 0.8327 0.8327 0.6222 0.8327
034 046 0.7923 0.2777 0.7923 0.8327
035 024 0.2777 0.7923 0.2777 0.6222
035 047 0.8327 0.7923 0.8327 0.2777
036 037 0.7923 0.2777 0.7923 0.2777
036 048 0.7923 0.8327 0.8327 0.8327
037 038 0.7923 0.6222 0.2777 0.7923
037 049 0.7923 0.7923 0.6222 0.8327
038 039 0.6222 0.8327 0.6222 0.8327
038 050 0.8327 0.6222 0.8327 0.6222
039 040 0.8327 0.6222 0.8327 0.2777
039 051 0.2777 0.2777 0.2777 0.7923
040 041 0.2777 0.8327 0.7923 0.6222
040 052 0.8327 0.8327 0.8327 0.6222
041 042 0.2777 0.6222 0.6222 0.7923
041 053 0.2777 0.7923 0.6222 0.6222
042 043 0.7923 0.7923 0.6222 0.2777
042 054 0.7923 0.6222 0.2777 0.7923
043 044 0.2777 0.7923 0.6222 0.7923
043 055 0.8327 0.7923 0.2777 0.2777
044 045 0.6222 0.2777 0.2777 0.7923
044 056 0.6222 0.7923 0.7923 0.2777
045 046 0.7923 0.2777 0.6222 0.8327
045 057 0.8327 0.7923 0.6222 0.6222
046 047 0.6222 0.2777 0.6222 0.7923
046 058 0.2777 0.2777 0.2777 0.8327
047 036 0.7923 0.2777 0.7923 0.8327
047 059 0.6222 0.6222 0.8327 0.2777
048 049 0.8327 0.8327 0.8327 0.6222
048 060 0.6222 0.8327 0.8327 0.2777
049 050 0.7923 0.7923 0.2777 0.8327
049 061 0.6222 0.2777 0.2777 0.7923
050 051 0.8327 0.6222 0.6222 0.6222
050 062 0.2777 0.8327 0.8327 0.2777
051 052 0.8327 0.8327 0.6222 0.2777
051 063 0.7923 0.7923 0.8327 0.8327
052 053 0.2777 0.6222 0.8327 0.6222
052 064 0.8327 0.6222 0.6222 0.2777
053 054 0.6222 0.6222 0.2777 0.6222
053 065 0.7923 0.8327 0.2777 0.8327
054 055 0.8327 0.7923 0.7923 0.2777
054 066 0.2777 0.7923 0.2777 0.7923
055 056 0.6222 0.6222 0.8327 0.2777
055 067 0.8327 0.2777 0.8327 0.7923
056 057 0.7923 0.6222 0.7923 0.6222
056 068 0.7923 0.6222 0.7923 0.7923
057 058 0.2777 0.8327 0.6222 0.2777
057 069 0.6222 0.6222 0.2777 0.8327
058 059 0.7923 0.2777 0.6222 0.2777
058 070 0.8327 0.7923 0.2777 0.2777
059 048 0.2777 0.2777 0.2777 0.7923
059 071 0.6222 0.8327 0.8327 0.8327
060 061 0.7923 0.2777 0.6222 0.7923
060 072 0.7923 0.7923 0.7923 0.6222
061 062 0.6222 0.6222 0.6222 0.8327
061 073 0.7923 0.7923 0.8327 0.7923
062 063 0.2777 0.7923 0.7923 0.8327
062 074 0.2777 0.8327 0.8327 0.7923
063 064 0.8327 0.6222 0.8327 0.6222
063 075 0.8327 0.8327 0.8327 0.2777
064 065 0.7923 0.6222 0.6222 0.8327
064 076 0.8327 0.8327 0.7923 0.8327
065 066 0.7923 0.8327 0.8327 0.8327
065 077 0.6222 0.6222 0.7923 0.8327
066 067 0.8327 0.6222 0.6222 0.2777
066 078 0.6222 0.7923 0.2777 0.2777
067 068 0.8327 0.7923 0.8327 0.7923
067 079 0.7923 0.6222 0.8327 0.7923
068 069 0.2777 0.7923 0.6222 0.6222
068 080 0.2777 0.7923 0.6222 0.7923
069 070 0.7923 0.2777 0.7923 0.8327
069 081 0.2777 0.2777 0.7923 0.2777
070 071 0.6222 0.8327 0.8327 0.8327
070 082 0.2777 0.2777 0.2777 0.2777
071 060 0.7923 0.8327 0.7923 0.2777
071 083 0.6222 0.8327 0.2777 0.6222
072 073 0.7923 0.2777 0.8327 0.2777
072 084 0.7923 0.6222 0.8327 0.8327
073 074 0.2777 0.7923 0.7923 0.6222
073 085 0.7923 0.8327 0.2777 0.8327
074 075 0.2777 0.8327 0.6222 0.8327
074 086 0.6222 0.2777 0.6222 0.7923
075 076 0.6222 0.6222 0.7923 0.8327
075 087 0.2777 0.8327 0.8327 0.8327
076 077 0.6222 0.7923 0.6222 0.6222
076 088 0.7923 0.6222 0.7923 0.6222
077 078 0.8327 0.6222 0.2777 0.8327
077 089 0.2777 0.2777 0.2777 0.6222
078 079 0.2777 0.8327 0.6222 0.8327
078 090 0.2777 0.7923 0.8327 0.8327
079 080 0.6222 0.2777 0.2777 0.2777
079 091 0.8327 0.2777 0.2777 0.7923
080 081 0.7923 0.7923 0.2777 0.6222
080 092 0.6222 0.7923 0.6222 0.7923
081 082 0.7923 0.8327 0.7923 0.7923
081 093 0.2777 0.7923 0.2777 0.7923
082 083 0.8327 0.2777 0.2777 0.6222
082 094 0.2777 0.7923 0.2777 0.7923
083 072 0.8327 0.2777 0.8327 0.7923
083 095 0.7923 0.7923 0.8327 0.6222
084 085 0.8327 0.6222 0.6222 0.7923
084 096 0.2777 0.7923 0.6222 0.2777
085 086 0.2777 0.6222 0.7923 0.8327
085 097 0.6222 0.8327 0.2777 0.8327
086 087 0.7923 0.6222 0.6222 0.7923
086 098 0.2777 0.7923 0.6222 0.7923
087 088 0.2777 0.6222 0.6222 0.8327
087 099 0.8327 0.6222 0.7923 0.8327
088 089 0.8327 0.6222 0.8327 0.6222
088 100 0.8327 0.7923 0.7923 0.8327
089 090 0.7923 0.2777 0.7923 0.8327
089 101 0.7923 0.7923 0.2777 0.6222
090 091 0.7923 0.2777 0.7923 0.6222
090 102 0.6222 0.6222 0.7923 0.6222
091 092 0.6222 0.2777 0.2777 0.7923
091 103 0.7923 0.8327 0.6222 0.6222
092 093 0.2777 0.6222 0.2777 0.7923
092 104 0.7923 0.2777 0.7923 0.2777
093 094 0.6222 0.2777 0.2777 0.7923
093 105 0.7923 0.2777 0.7923 0.2777
094 095 0.6222 0.7923 0.7923 0.7923
094 106 0.6222 0.2777 0.7923 0.6222
095 084 0.2777 0.2777 0.2777 0.2777
095 107 0.6222 0.7923 0.6222 0.8327
096 097 0.7923 0.2777 0.8327 0.6222
096 108 0.2777 0.8327 0.7923 0.8327
097 098 0.7923 0.7923 0.8327 0.8327
097 109 0.8327 0.6222 0.7923 0.7923
098 099 0.2777 0.2777 0.7923 0.7923
098 110 0.2777 0.8327 0.7923 0.7923
099 100 0.7923 0.2777 0.2777 0.8327
099 111 0.2777 0.2777 0.6222 0.8327
100 101 0.8327 0.8327 0.7923 0.7923
100 112 0.6222 0.2777 0.8327 0.6222
101 102 0.8327 0.6222 0.8327 0.8327
101 113 0.8327 0.2777 0.6222 0.6222
102 103 0.7923 0.6222 0.2777 0.7923
102 114 0.2777 0.6222 0.8327 0.8327
103 104 0.6222 0.7923 0.8327 0.2777
103 115 0.6222 0.8327 0.6222 0.8327
104 105 0.2777 0.8327 0.7923 0.6222
104 116 0.8327 0.2777 0.8327 0.8327
105 106 0.8327 0.8327 0.7923 0.6222
105 117 0.8327 0.7923 0.7923 0.6222
106 107 0.2777 0.6222 0.2777 0.6222
106 118 0.6222 0.6222 0.8327 0.8327
107 096 0.7923 0.8327 0.6222 0.7923
107 119 0.6222 0.2777 0.6222 0.2777
108 109 0.8327 0.8327 0.7923 0.7923
108 120 0.6222 0.6222 0.8327 0.6222
109 110 0.6222 0.8327 0.7923 0.7923
109 121 0.7923 0.6222 0.2777 0.8327
110 111 0.7923 0.6222 0.2777 0.6222
110 122 0.6222 0.7923 0.8327 0.7923
111 112 0.2777 0.7923 0.8327 0.6222
111 123 0.2777 0.7923 0.6222 0.2777
112 113 0.6222 0.6222 0.6222 0.8327
112 124 0.8327 0.2777 0.8327 0.6222
113 114 0.7923 0.2777 0.6222 0.8327
113 125 0.2777 0.6222 0.2777 0.7923
114 115 0.6222 0.6222 0.8327 0.7923
114 126 0.6222 0.7923 0.7923 0.8327
115 116 0.7923 0.2777 0.7923 0.7923
115 127 0.7923 0.7923 0.7923 0.6222
116 117 0.2777 0.7923 0.2777 0.2777
116 128 0.8327 0.2777 0.2777 0.2777
117 118 0.2777 0.7923 0.7923 0.2777
117 129 0.8327 0.6222 0.8327 0.7923
118 119 0.2777 0.2777 0.6222 0.7923
118 130 0.8327 0.8327 0.6222 0.7923
119 108 0.6222 0.7923 0.8327 0.6222
119 131 0.2777 0.6222 0.6222 0.8327
120 121 0.2777 0.7923 0.7923 0.2777
120 132 0.8327 0.2777 0.6222 0.7923
121 122 0.2777 0.6222 0.8327 0.7923
121 133 0.8327 0.6222 0.2777 0.2777
122 123 0.2777 0.8327 0.7923 0.6222
122 134 0.6222 0.2777 0.7923 0.6222
123 124 0.7923 0.2777 0.2777 0.8327
123 135 0.6222 0.2777 0.8327 0.6222
124 125 0.6222 0.6222 0.7923 0.6222
124 136 0.6222 0.7923 0.2777 0.6222
125 126 0.8327 0.6222 0.2777 0.2777
125 137 0.6222 0.8327 0.8327 0.6222
126 127 0.8327 0.8327 0.7923 0.7923
126 138 0.6222 0.2777 0.6222 0.6222
127 128 0.2777 0.7923 0.6222 0.7923
127 139 0.8327 0.8327 0.2777 0.8327
128 129 0.2777 0.6222 0.8327 0.8327
128 140 0.2777 0.7923 0.7923 0.8327
129 130 0.7923 0.7923 0.6222 0.6222
129 141 0.8327 0.7923 0.6222 0.8327
130 131 0.2777 0.7923 0.2777 0.6222
130 142 0.2777 0.8327 0.8327 0.8327
131 120 0.8327 0.8327 0.8327 0.6222
131 011 0.6222 0.2777 0.8327 0.8327
132 133 0.8327 0.6222 0.7923 0.7923
132 000 0.6222 0.2777 0.7923 0.6222
133 134 0.8327 0.8327 0.6222 0.6222
133 001 0.2777 0.6222 0.2777 0.7923
134 135 0.6222 0.7923 0.8327 0.6222
134 002 0.7923 0.2777 0.6222 0.7923
135 136 0.8327 0.8327 0.2777 0.7923
135 003 0.2777 0.2777 0.2777 0.8327
136 137 0.7923 0.2777 0.8327 0.8327
136 004 0.6222 0.6222 0.2777 0.2777
137 138 0.6222 0.2777 0.7923 0.2777
137 005 0.7923 0.8327 0.2777 0.8327
138 139 0.7923 0.2777 0.6222 0.2777
138 006 0.8327 0.8327 0.2777 0.2777
139 140 0.6222 0.7923 0.8327 0.6222
139 007 0.7923 0.8327 0.6222 0.8327
140 141 0.8327 0.7923 0.7923 0.8327
140 008 0.8327 0.7923 0.7923 0.6222
141 142 0.6222 0.7923 0.7923 0.6222
141 009 0.7923 0.2777 0.2777 0.7923
142 132 0.8327 0.2777 0.6222 0.2777
142 010 0.8327 0.6222 0.7923 0.7923
