143 002556 2 286
000 001 0.5358 0.1874 0.9007 0.9007
000 012 0.6936 0.9007 0.6936 0.6936
001 002 0.6936 0.5358 0.1874 0.5358
001 013 0.9007 0.9007 0.1874 0.5358
002 003 0.9007 0.9007 0.6936 0.5358
002 014 0.9007 0.9007 0.9007 0.1874
003 004 0.9007 0.1874 0.6936 0.9007
003 015 0.1874 0.6936 0.6936 0.5358
004 005 0.1874 0.9007 0.5358 0.6936
004 016 0.1874 0.5358 0.9007 0.6936
005 006 0.5358 0.9007 0.6936 0.5358
005 017 0.5358 0.6936 0.5358 0.5358
006 007 0.5358 0.1874 0.5358 0.6936
006 018 0.1874 0.1874 0.5358 0.6936
007 008 0.5358 0.9007 0.9007 0.5358
007 019 0.5358 0.6936 0.5358 0.6936
008 009 0.9007 0.5358 0.5358 0.1874
008 020 0.5358 0.5358 0.9007 0.5358
009 010 0.1874 0.6936 0.6936 0.5358
009 021 0.6936 0.1874 0.9007 0.9007
010 011 0.9007 0.1874 0.9007 0.9007
010 022 0.5358 0.5358 0.1874 0.9007
011 000 0.9007 0.6936 0.9007 0.9007
011 023 0.9007 0.5358 0.6936 0.9007
012 013 0.1874 0.6936 0.1874 0.5358
012 024 0.1874 0.1874 0.1874 0.6936
013 014 0.6936 0.1874 0.1874 0.9007
013 025 0.9007 0.1874 0.9007 0.5358
014 015 0.9007 0.6936 0.9007 0.1874
014 026 0.6936 0.1874 0.9007 0.1874
015 016 0.6936 0.1874 0.9007 0.5358
015 027 0.1874 0.6936 0.5358 0.5358
016 017 0.6936 0.9007 0.1874 0.9007
016 028 0.6936 0.1874 0.1874 0.1874
017 018 0.5358 0.9007 0.6936 0.1874
017 029 0.1874 0.6936 0.6936 0.9007
018 019 0.1874 0.5358 0.1874 0.5358
018 030 0.5358 0.9007 0.5358 0.6936
019 020 0.9007 0.6936 0.9007 0.5358
019 031 0.5358 0.1874 0.1874 0.6936
020 021 0.1874 0.1874 0.5358 0.6936
020 032 0.5358 0.1874 0.1874 0.5358
021 022 0.5358 0.5358 0.6936 0.1874
021 033 0.6936 0.1874 0.1874 0.6936
022 023 0.1874 0.9007 0.9007 0.5358
022 034 0.6936 0.9007 0.1874 0.9007
023 012 0.9007 0.5358 0.9007 0.1874
023 035 0.9007 0.5358 0.1874 0.5358
024 025 0.9007 0.5358 0.6936 0.1874
024 036 0.9007 0.6936 0.1874 0.1874
025 026 0.1874 0.6936 0.9007 0.9007
025 037 0.1874 0.1874 0.6936 0.1874
026 027 0.1874 0.5358 0.1874 0.1874
026 038 0.5358 0.5358 0.5358 0.5358
027 028 0.9007 0.9007 0.1874 0.9007
027 039 0.6936 0.9007 0.9007 0.6936
028 029 0.6936 0.9007 0.9007 0.9007
028 040 0.1874 0.1874 0.6936 0.6936
029 030 0.6936 0.6936 0.6936 0.9007
029 041 0.9007 0.5358 0.5358 0.5358
030 031 0.9007 0.9007 0.1874 0.9007
030 042 0.5358 0.1874 0.9007 0.5358
031 032 0.6936 0.5358 0.5358 0.1874
031 043 0.6936 0.1874 0.6936 0.5358
032 033 0.6936 0.5358 0.1874 0.6936
032 044 0.5358 0.9007 0.5358 0.6936
033 034 0.6936 0.1874 0.6936 0.6936
033 045 0.1874 0.5358 0.9007 0.5358
034 035 0.5358 0.9007 0.5358 0.6936
034 046 0.5358 0.6936 0.6936 0.5358
035 024 0.6936 0.5358 0.1874 0.5358
035 047 0.6936 0.6936 0.1874 0.5358
036 037 0.5358 0.6936 0.5358 0.5358
036 048 0.6936 0.1874 0.5358 0.1874
037 038 0.9007 0.5358 0.5358 0.5358
037 049 0.6936 0.1874 0.1874 0.6936
038 039 0.9007 0.9007 0.9007 0.1874
038 050 0.9007 0.1874 0.1874 0.6936
039 040 0.6936 0.5358 0.5358 0.1874
039 051 0.6936 0.5358 0.9007 0.5358
040 041 0.9007 0.5358 0.9007 0.1874
040 052 0.1874 0.6936 0.6936 0.1874
041 042 0.9007 0.9007 0.6936 0.1874
041 053 0.1874 0.1874 0.1874 0.9007
042 043 0.6936 0.9007 0.1874 0.1874
042 054 0.1874 0.1874 0.1874 0.5358
043 044 0.6936 0.5358 0.5358 0.6936
043 055 0.1874 0.6936 0.1874 0.6936
044 045 0.9007 0.6936 0.9007 0.5358
044 056 0.5358 0.9007 0.9007 0.5358
045 046 0.9007 0.1874 0.9007 0.1874
045 057 0.1874 0.9007 0.9007 0.6936
046 047 0.5358 0.6936 0.9007 0.5358
046 058 0.9007 0.5358 0.9007 0.5358
047 036 0.6936 0.5358 0.5358 0.6936
047 059 0.5358 0.1874 0.1874 0.9007
048 049 0.5358 0.6936 0.9007 0.6936
048 060 0.6936 0.1874 0.5358 0.1874
049 050 0.1874 0.9007 0.6936 0.6936
049 061 0.1874 0.1874 0.9007 0.9007
050 051 0.1874 0.1874 0.5358 0.1874
050 062 0.9007 0.6936 0.1874 0.9007
051 052 0.5358 0.9007 0.5358 0.9007
051 063 0.1874 0.6936 0.9007 0.1874
052 053 0.9007 0.6936 0.1874 0.1874
052 064 0.5358 0.9007 0.1874 0.6936
053 054 0.9007 0.1874 0.1874 0.9007
053 065 0.9007 0.9007 0.1874 0.1874
054 055 0.6936 0.5358 0.6936 0.9007
054 066 0.6936 0.5358 0.1874 0.9007
055 056 0.5358 0.9007 0.6936 0.6936
055 067 0.6936 0.5358 0.5358 0.9007
056 057 0.6936 0.5358 0.6936 0.9007
056 068 0.6936 0.6936 0.1874 0.5358
057 058 0.9007 0.9007 0.5358 0.1874
057 069 0.9007 0.5358 0.9007 0.6936
058 059 0.1874 0.1874 0.6936 0.9007
058 070 0.1874 0.1874 0.5358 0.6936
059 048 0.1874 0.5358 0.1874 0.1874
059 071 0.6936 0.9007 0.1874 0.9007
060 061 0.6936 0.6936 0.5358 0.1874
060 072 0.6936 0.5358 0.5358 0.6936
061 062 0.5358 0.1874 0.5358 0.9007
061 073 0.9007 0.1874 0.9007 0.6936
062 063 0.1874 0.1874 0.6936 0.6936
062 074 0.5358 0.9007 0.5358 0.6936
063 064 0.6936 0.1874 0.5358 0.1874
063 075 0.6936 0.9007 0.1874 0.1874
064 065 0.6936 0.5358 0.1874 0.5358
064 076 0.5358 0.1874 0.5358 0.6936
065 066 0.5358 0.1874 0.1874 0.5358
065 077 0.9007 0.6936 0.5358 0.1874
066 067 0.1874 0.6936 0.6936 0.9007
066 078 0.9007 0.9007 0.1874 0.9007
067 068 0.9007 0.1874 0.1874 0.5358
067 079 0.6936 0.6936 0.5358 0.9007
068 069 0.5358 0.9007 0.1874 0.1874
068 080 0.9007 0.5358 0.9007 0.9007
069 070 0.5358 0.5358 0.9007 0.9007
069 081 0.6936 0.9007 0.5358 0.5358
070 071 0.6936 0.5358 0.6936 0.5358
070 082 0.6936 0.5358 0.9007 0.1874
071 060 0.6936 0.1874 0.1874 0.9007
071 083 0.6936 0.5358 0.6936 0.1874
072 073 0.9007 0.9007 0.9007 0.1874
072 084 0.5358 0.9007 0.5358 0.1874
073 074 0.9007 0.1874 0.9007 0.5358
073 085 0.9007 0.1874 0.5358 0.1874
074 075 0.1874 0.6936 0.1874 0.6936
074 086 0.6936 0.5358 0.5358 0.6936
075 076 0.5358 0.9007 0.9007 0.6936
075 087 0.9007 0.1874 0.5358 0.6936
076 077 0.5358 0.9007 0.9007 0.5358
076 088 0.6936 0.9007 0.6936 0.5358
077 078 0.9007 0.6936 0.6936 0.6936
077 089 0.6936 0.6936 0.9007 0.9007
078 079 0.5358 0.6936 0.9007 0.5358
078 090 0.5358 0.1874 0.6936 0.9007
079 080 0.6936 0.6936 0.5358 0.1874
079 091 0.1874 0.1874 0.5358 0.9007
080 081 0.1874 0.9007 0.5358 0.5358
080 092 0.9007 0.1874 0.6936 0.9007
081 082 0.1874 0.1874 0.5358 0.1874
081 093 0.9007 0.1874 0.6936 0.1874
082 083 0.1874 0.5358 0.5358 0.6936
082 094 0.1874 0.5358 0.5358 0.5358
083 072 0.5358 0.9007 0.5358 0.5358
083 095 0.5358 0.5358 0.9007 0.6936
084 085 0.9007 0.9007 0.9007 0.5358
084 096 0.6936 0.1874 0.6936 0.1874
085 086 0.5358 0.6936 0.9007 0.5358
085 097 0.6936 0.9007 0.6936 0.6936
086 087 0.5358 0.1874 0.9007 0.6936
086 098 0.9007 0.5358 0.1874 0.5358
087 088 0.5358 0.1874 0.1874 0.5358
087 099 0.1874 0.5358 0.6936 0.5358
088 089 0.6936 0.5358 0.1874 0.6936
088 100 0.9007 0.6936 0.1874 0.5358
089 090 0.1874 0.5358 0.1874 0.6936
089 101 0.1874 0.1874 0.1874 0.6936
090 091 0.1874 0.5358 0.5358 0.9007
090 102 0.5358 0.9007 0.9007 0.9007
091 092 0.6936 0.1874 0.1874 0.5358
091 103 0.1874 0.5358 0.9007 0.1874
092 093 0.9007 0.6936 0.9007 0.6936
092 104 0.5358 0.9007 0.5358 0.5358
093 094 0.1874 0.9007 0.6936 0.5358
093 105 0.9007 0.5358 0.1874 0.6936
094 095 0.6936 0.9007 0.9007 0.1874
094 106 0.9007 0.6936 0.9007 0.1874
095 084 0.5358 0.5358 0.9007 0.9007
095 107 0.5358 0.9007 0.6936 0.1874
096 097 0.5358 0.6936 0.5358 0.5358
096 108 0.5358 0.9007 0.6936 0.1874
097 098 0.5358 0.5358 0.9007 0.5358
097 109 0.5358 0.1874 0.1874 0.6936
098 099 0.6936 0.9007 0.9007 0.5358
098 110 0.5358 0.5358 0.5358 0.5358
099 100 0.5358 0.6936 0.1874 0.9007
099 111 0.5358 0.5358 0.6936 0.5358
100 101 0.9007 0.1874 0.9007 0.5358
100 112 0.6936 0.9007 0.9007 0.6936
101 102 0.1874 0.9007 0.9007 0.9007
101 113 0.5358 0.1874 0.9007 0.6936
102 103 0.1874 0.9007 0.1874 0.9007
102 114 0.6936 0.9007 0.1874 0.1874
103 104 0.9007 0.6936 0.5358 0.6936
103 115 0.1874 0.1874 0.1874 0.9007
104 105 0.9007 0.5358 0.6936 0.9007
104 116 0.5358 0.5358 0.9007 0.1874
105 106 0.9007 0.5358 0.1874 0.5358
105 117 0.1874 0.5358 0.5358 0.5358
106 107 0.1874 0.9007 0.6936 0.1874
106 118 0.9007 0.1874 0.6936 0.6936
107 096 0.5358 0.9007 0.1874 0.1874
107 119 0.9007 0.9007 0.6936 0.9007
108 109 0.5358 0.5358 0.1874 0.6936
108 120 0.9007 0.1874 0.5358 0.6936
109 110 0.6936 0.5358 0.1874 0.5358
109 121 0.9007 0.1874 0.5358 0.6936
110 111 0.5358 0.5358 0.5358 0.9007
110 122 0.5358 0.5358 0.9007 0.9007
111 112 0.9007 0.1874 0.5358 0.6936
111 123 0.1874 0.5358 0.9007 0.6936
112 113 0.5358 0.1874 0.6936 0.9007
112 124 0.9007 0.1874 0.1874 0.6936
113 114 0.5358 0.1874 0.6936 0.5358
113 125 0.1874 0.6936 0.1874 0.9007
114 115 0.5358 0.6936 0.1874 0.1874
114 126 0.9007 0.9007 0.5358 0.6936
115 116 0.6936 0.6936 0.1874 0.6936
115 127 0.6936 0.1874 0.6936 0.5358
116 117 0.6936 0.1874 0.5358 0.6936
116 128 0.6936 0.6936 0.5358 0.1874
117 118 0.1874 0.1874 0.6936 0.1874
117 129 0.1874 0.5358 0.6936 0.6936
118 119 0.1874 0.5358 0.5358 0.9007
118 130 0.1874 0.1874 0.9007 0.9007
119 108 0.9007 0.1874 0.6936 0.6936
119 131 0.1874 0.6936 0.9007 0.1874
120 121 0.6936 0.6936 0.9007 0.6936
120 132 0.5358 0.9007 0.9007 0.1874
121 122 0.9007 0.1874 0.1874 0.5358
121 133 0.6936 0.5358 0.9007 0.1874
122 123 0.1874 0.6936 0.5358 0.1874
122 134 0.9007 0.5358 0.1874 0.5358
123 124 0.6936 0.5358 0.9007 0.5358
123 135 0.9007 0.1874 0.6936 0.6936
124 125 0.1874 0.1874 0.9007 0.9007
124 136 0.9007 0.5358 0.6936 0.1874
125 126 0.6936 0.1874 0.5358 0.5358
125 137 0.9007 0.5358 0.6936 0.9007
126 127 0.6936 0.5358 0.5358 0.9007
126 138 0.6936 0.1874 0.1874 0.5358
127 128 0.6936 0.1874 0.5358 0.1874
127 139 0.1874 0.1874 0.1874 0.6936
128 129 0.5358 0.1874 0.6936 0.1874
128 140 0.1874 0.1874 0.1874 0.1874
129 130 0.5358 0.9007 0.6936 0.1874
129 141 0.9007 0.1874 0.9007 0.6936
130 131 0.1874 0.9007 0.6936 0.6936
130 142 0.9007 0.1874 0.1874 0.5358
131 120 0.5358 0.9007 0.6936 0.9007
131 011 0.9007 0.6936 0.9007 0.9007
132 133 0.6936 0.9007 0.6936 0.6936
132 000 0.6936 0.6936 0.9007 0.6936
133 134 0.1874 0.1874 0.9007 0.5358
133 001 0.1874 0.5358 0.5358 0.1874
134 135 0.5358 0.9007 0.6936 0.5358
134 002 0.9007 0.9007 0.5358 0.1874
135 136 0.9007 0.6936 0.5358 0.9007
135 003 0.6936 0.6936 0.9007 0.9007
136 137 0.5358 0.6936 0.6936 0.6936
136 004 0.5358 0.9007 0.5358 0.6936
137 138 0.6936 0.6936 0.1874 0.1874
137 005 0.9007 0.5358 0.5358 0.5358
138 139 0.9007 0.6936 0.9007 0.6936
138 006 0.9007 0.6936 0.1874 0.1874
139 140 0.1874 0.6936 0.1874 0.9007
139 007 0.1874 0.6936 0.6936 0.6936
140 141 0.9007 0.9007 0.1874 0.6936
140 008 0.6936 0.5358 0.9007 0.1874
141 142 0.1874 0.9007 0.1874 0.6936
141 009 0.9007 0.6936 0.9007 0.9007
142 132 0.6936 0.1874 0.5358 0.5358
142 010 0.5358 0.6936 0.9007 0.9007
