143 002556 2 286
000 001 0.1587 0.6002 0.1587 0.6002
000 012 0.6312 0.6312 0.6002 0.2145
001 002 0.2145 0.1587 0.1587 0.2145
001 013 0.6312 0.1587 0.2145 0.6002
002 003 0.6002 0.1587 0.1587 0.2145
002 014 0.6312 0.1587 0.2145 0.1587
003 004 0.6312 0.6002 0.1587 0.1587
003 015 0.1587 0.6002 0.6312 0.1587
004 005 0.1587 0.1587 0.2145 0.1587
004 016 0.6312 0.6002 0.6002 0.1587
005 006 0.2145 0.1587 0.6312 0.6002
005 017 0.2145 0.2145 0.6312 0.6312
006 007 0.2145 0.6002 0.1587 0.2145
006 018 0.2145 0.6312 0.6312 0.2145
007 008 0.1587 0.1587 0.1587 0.6002
007 019 0.6002 0.6312 0.6312 0.6312
008 009 0.6002 0.2145 0.6312 0.6002
008 020 0.6002 0.6312 0.6002 0.2145
009 010 0.6312 0.1587 0.6002 0.6312
009 021 0.6312 0.2145 0.2145 0.6002
010 011 0.1587 0.2145 0.1587 0.6312
010 022 0.6312 0.2145 0.2145 0.6312
011 000 0.6312 0.2145 0.2145 0.2145
011 023 0.6312 0.6002 0.6002 0.1587
012 013 0.1587 0.2145 0.6312 0.2145
012 024 0.6002 0.6002 0.6312 0.1587
013 014 0.6312 0.1587 0.1587 0.2145
013 025 0.6312 0.2145 0.1587 0.2145
014 015 0.1587 0.1587 0.2145 0.6002
014 026 0.1587 0.6002 0.6312 0.6312
015 016 0.6002 0.6312 0.6312 0.2145
015 027 0.1587 0.6312 0.2145 0.6002
016 017 0.1587 0.2145 0.1587 0.1587
016 028 0.2145 0.2145 0.6312 0.6002
017 018 0.2145 0.6312 0.1587 0.1587
017 029 0.6002 0.1587 0.6002 0.6002
018 019 0.1587 0.6312 0.1587 0.2145
018 030 0.1587 0.2145 0.6312 0.2145
019 020 0.6312 0.6312 0.1587 0.6312
019 031 0.2145 0.6312 0.6002 0.1587
020 021 0.6312 0.6002 0.1587 0.6312
020 032 0.6312 0.1587 0.6002 0.6312
021 022 0.1587 0.6312 0.2145 0.6312
021 033 0.6312 0.2145 0.1587 0.6312
022 023 0.1587 0.1587 0.6002 0.6312
022 034 0.2145 0.6002 0.1587 0.1587
023 012 0.6002 0.2145 0.6312 0.6002
023 035 0.6002 0.6002 0.6002 0.2145
024 025 0.2145 0.1587 0.1587 0.6002
024 036 0.1587 0.6002 0.2145 0.6002
025 026 0.6312 0.6002 0.2145 0.1587
025 037 0.6312 0.6002 0.1587 0.1587
026 027 0.1587 0.6002 0.6312 0.2145
026 038 0.2145 0.2145 0.6312 0.1587
027 028 0.1587 0.2145 0.2145 0.6312
027 039 0.6312 0.6002 0.6312 0.1587
028 029 0.6002 0.6002 0.1587 0.2145
028 040 0.2145 0.6002 0.1587 0.1587
029 030 0.1587 0.6312 0.6312 0.1587
029 041 0.1587 0.1587 0.2145 0.2145
030 031 0.1587 0.6002 0.6312 0.6002
030 042 0.2145 0.6312 0.1587 0.6312
031 032 0.2145 0.6002 0.1587 0.2145
031 043 0.1587 0.2145 0.6312 0.2145
032 033 0.2145 0.6312 0.1587 0.2145
032 044 0.6002 0.2145 0.2145 0.2145
033 034 0.6312 0.1587 0.6312 0.2145
033 045 0.2145 0.6002 0.6002 0.6002
034 035 0.2145 0.6312 0.6002 0.6312
034 046 0.1587 0.6312 0.1587 0.2145
035 024 0.6002 0.2145 0.2145 0.1587
035 047 0.2145 0.2145 0.6002 0.6002
036 037 0.2145 0.6312 0.6002 0.6002
036 048 0.6312 0.6312 0.6312 0.6002
037 038 0.6002 0.2145 0.6312 0.1587
037 049 0.1587 0.1587 0.6002 0.6312
038 039 0.6312 0.6312 0.1587 0.6002
038 050 0.1587 0.2145 0.6002 0.1587
039 040 0.6312 0.2145 0.1587 0.6312
039 051 0.1587 0.1587 0.6002 0.6312
040 041 0.2145 0.2145 0.2145 0.2145
040 052 0.2145 0.1587 0.1587 0.2145
041 042 0.1587 0.6002 0.2145 0.6002
041 053 0.1587 0.6312 0.6002 0.6312
042 043 0.6002 0.1587 0.6002 0.6002
042 054 0.6002 0.6002 0.1587 0.2145
043 044 0.6312 0.1587 0.2145 0.6312
043 055 0.1587 0.1587 0.6002 0.6002
044 045 0.1587 0.1587 0.2145 0.6312
044 056 0.2145 0.6312 0.1587 0.6002
045 046 0.2145 0.6312 0.6312 0.6002
045 057 0.6002 0.1587 0.6002 0.6312
046 047 0.1587 0.2145 0.6312 0.1587
046 058 0.6312 0.1587 0.1587 0.6312
047 036 0.2145 0.1587 0.2145 0.2145
047 059 0.2145 0.6002 0.2145 0.2145
048 049 0.6002 0.6002 0.2145 0.6002
048 060 0.1587 0.6002 0.6312 0.6312
049 050 0.2145 0.1587 0.2145 0.1587
049 061 0.1587 0.1587 0.1587 0.6002
050 051 0.2145 0.6002 0.1587 0.2145
050 062 0.6312 0.6002 0.6312 0.1587
051 052 0.6002 0.2145 0.6312 0.6002
051 063 0.1587 0.6002 0.1587 0.6002
052 053 0.6002 0.1587 0.6312 0.6312
052 064 0.2145 0.2145 0.6002 0.6312
053 054 0.6002 0.1587 0.1587 0.6312
053 065 0.6002 0.1587 0.1587 0.6312
054 055 0.6312 0.1587 0.2145 0.6002
054 066 0.1587 0.6002 0.2145 0.6002
055 056 0.1587 0.2145 0.6002 0.6312
055 067 0.6312 0.1587 0.6002 0.2145
056 057 0.6002 0.2145 0.6312 0.2145
056 068 0.6312 0.6312 0.6312 0.1587
057 058 0.6002 0.2145 0.2145 0.1587
057 069 0.6002 0.2145 0.2145 0.6312
058 059 0.2145 0.2145 0.6002 0.6002
058 070 0.2145 0.2145 0.1587 0.1587
059 048 0.1587 0.6312 0.6002 0.6002
059 071 0.2145 0.6002 0.2145 0.6312
060 061 0.6002 0.6002 0.6002 0.6002
060 072 0.1587 0.2145 0.2145 0.2145
061 062 0.2145 0.2145 0.6002 0.6002
061 073 0.6312 0.6002 0.6002 0.6312
062 063 0.2145 0.6002 0.1587 0.1587
062 074 0.1587 0.2145 0.6312 0.1587
063 064 0.2145 0.1587 0.1587 0.6002
063 075 0.6312 0.6312 0.1587 0.6312
064 065 0.1587 0.6312 0.2145 0.6312
064 076 0.2145 0.6312 0.6002 0.6002
065 066 0.6312 0.6312 0.2145 0.6002
065 077 0.6002 0.6002 0.2145 0.1587
066 067 0.6312 0.2145 0.1587 0.6002
066 078 0.1587 0.6312 0.6002 0.1587
067 068 0.6002 0.1587 0.6002 0.6002
067 079 0.6002 0.6312 0.2145 0.6312
068 069 0.2145 0.2145 0.1587 0.1587
068 080 0.6312 0.6002 0.6002 0.6002
069 070 0.1587 0.6312 0.2145 0.2145
069 081 0.2145 0.1587 0.2145 0.6002
070 071 0.2145 0.1587 0.6002 0.6002
070 082 0.1587 0.1587 0.1587 0.6002
071 060 0.6312 0.2145 0.2145 0.1587
071 083 0.6312 0.6312 0.1587 0.1587
072 073 0.2145 0.6002 0.2145 0.6312
072 084 0.1587 0.6002 0.6312 0.6312
073 074 0.1587 0.2145 0.1587 0.2145
073 085 0.6312 0.6312 0.6002 0.6002
074 075 0.1587 0.6312 0.6002 0.6312
074 086 0.6002 0.2145 0.2145 0.1587
075 076 0.6312 0.6002 0.6312 0.6312
075 087 0.1587 0.6312 0.6002 0.6312
076 077 0.6312 0.6312 0.1587 0.6002
076 088 0.1587 0.2145 0.6002 0.6002
077 078 0.1587 0.6002 0.6312 0.6002
077 089 0.6002 0.6312 0.6002 0.6312
078 079 0.6312 0.2145 0.1587 0.1587
078 090 0.1587 0.2145 0.6312 0.2145
079 080 0.2145 0.1587 0.6312 0.6002
079 091 0.6312 0.2145 0.6312 0.1587
080 081 0.1587 0.6312 0.2145 0.6312
080 092 0.6312 0.6002 0.1587 0.6002
081 082 0.1587 0.2145 0.6002 0.6002
081 093 0.1587 0.1587 0.6312 0.1587
082 083 0.2145 0.6312 0.2145 0.2145
082 094 0.6002 0.6002 0.2145 0.1587
083 072 0.6312 0.2145 0.6312 0.1587
083 095 0.2145 0.1587 0.2145 0.2145
084 085 0.6002 0.6312 0.6312 0.6312
084 096 0.1587 0.6312 0.6312 0.1587
085 086 0.6002 0.6312 0.2145 0.6002
085 097 0.6312 0.6312 0.6002 0.2145
086 087 0.6312 0.1587 0.1587 0.1587
086 098 0.2145 0.1587 0.1587 0.6312
087 088 0.6002 0.2145 0.6312 0.6312
087 099 0.1587 0.6312 0.6002 0.6312
088 089 0.6002 0.6002 0.2145 0.6312
088 100 0.6002 0.6312 0.2145 0.2145
089 090 0.2145 0.1587 0.1587 0.2145
089 101 0.6002 0.2145 0.2145 0.6312
090 091 0.2145 0.6002 0.2145 0.6002
090 102 0.2145 0.6312 0.2145 0.2145
091 092 0.1587 0.1587 0.6312 0.2145
091 103 0.6312 0.6002 0.2145 0.6312
092 093 0.6312 0.1587 0.1587 0.1587
092 104 0.1587 0.1587 0.2145 0.6002
093 094 0.6002 0.1587 0.6312 0.6312
093 105 0.1587 0.6312 0.2145 0.1587
094 095 0.6002 0.2145 0.1587 0.1587
094 106 0.2145 0.6312 0.6002 0.6312
095 084 0.6002 0.6312 0.2145 0.1587
095 107 0.1587 0.6002 0.1587 0.6312
096 097 0.6002 0.6312 0.1587 0.2145
096 108 0.6312 0.6002 0.1587 0.6312
097 098 0.6002 0.1587 0.6002 0.6002
097 109 0.1587 0.2145 0.6002 0.6002
098 099 0.6312 0.1587 0.6002 0.2145
098 110 0.1587 0.2145 0.6312 0.1587
099 100 0.6002 0.1587 0.2145 0.6002
099 111 0.6002 0.2145 0.2145 0.6312
100 101 0.6312 0.6312 0.6002 0.1587
100 112 0.1587 0.6002 0.1587 0.6002
101 102 0.6002 0.6312 0.1587 0.1587
101 113 0.1587 0.2145 0.6312 0.1587
102 103 0.6002 0.1587 0.6002 0.6312
102 114 0.6312 0.1587 0.2145 0.1587
103 104 0.2145 0.1587 0.2145 0.6312
103 115 0.1587 0.6002 0.1587 0.2145
104 105 0.6312 0.2145 0.6312 0.2145
104 116 0.6312 0.6002 0.1587 0.1587
105 106 0.6002 0.6002 0.2145 0.1587
105 117 0.2145 0.6002 0.6312 0.2145
106 107 0.6312 0.6002 0.1587 0.1587
106 118 0.1587 0.1587 0.6002 0.6002
107 096 0.6002 0.1587 0.6312 0.6002
107 119 0.6002 0.6312 0.6312 0.1587
108 109 0.2145 0.6312 0.1587 0.6002
108 120 0.6312 0.6002 0.6312 0.1587
109 110 0.6312 0.6312 0.6002 0.6002
109 121 0.6002 0.6002 0.6312 0.1587
110 111 0.6312 0.1587 0.6312 0.1587
110 122 0.6312 0.6002 0.6312 0.2145
111 112 0.6002 0.2145 0.1587 0.2145
111 123 0.2145 0.6002 0.2145 0.6312
112 113 0.6002 0.1587 0.1587 0.2145
112 124 0.6002 0.1587 0.6312 0.6312
113 114 0.6002 0.1587 0.2145 0.6312
113 125 0.1587 0.6002 0.2145 0.6312
114 115 0.6002 0.6002 0.6312 0.6312
114 126 0.6312 0.1587 0.6002 0.2145
115 116 0.2145 0.1587 0.1587 0.1587
115 127 0.6312 0.1587 0.2145 0.6002
116 117 0.2145 0.1587 0.6312 0.6002
116 128 0.1587 0.2145 0.2145 0.6312
117 118 0.6312 0.2145 0.6312 0.6002
117 129 0.6312 0.6312 0.1587 0.1587
118 119 0.2145 0.2145 0.1587 0.2145
118 130 0.2145 0.2145 0.1587 0.6002
119 108 0.1587 0.1587 0.6312 0.1587
119 131 0.6312 0.6002 0.1587 0.1587
120 121 0.1587 0.6312 0.6002 0.1587
120 132 0.6312 0.2145 0.1587 0.6312
121 122 0.6002 0.6002 0.6002 0.6312
121 133 0.2145 0.6312 0.6312 0.1587
122 123 0.2145 0.6312 0.6312 0.2145
122 134 0.6002 0.6002 0.6312 0.2145
123 124 0.6312 0.6002 0.6002 0.6312
123 135 0.1587 0.6002 0.6002 0.2145
124 125 0.1587 0.2145 0.2145 0.1587
124 136 0.1587 0.6312 0.1587 0.2145
125 126 0.6312 0.6002 0.6002 0.6312
125 137 0.1587 0.6312 0.2145 0.6312
126 127 0.6312 0.1587 0.2145 0.6312
126 138 0.6312 0.1587 0.6312 0.1587
127 128 0.1587 0.2145 0.1587 0.2145
127 139 0.6002 0.2145 0.2145 0.6002
128 129 0.2145 0.2145 0.1587 0.6002
128 140 0.6312 0.1587 0.6002 0.6312
129 130 0.6312 0.2145 0.6002 0.1587
129 141 0.6002 0.6312 0.6002 0.1587
130 131 0.6002 0.2145 0.6002 0.6312
130 142 0.6312 0.2145 0.6312 0.6002
131 120 0.6002 0.6312 0.1587 0.6002
131 011 0.2145 0.2145 0.2145 0.1587
132 133 0.2145 0.2145 0.6312 0.6002
132 000 0.6312 0.6312 0.6312 0.1587
133 134 0.2145 0.6312 0.2145 0.6002
133 001 0.6002 0.6312 0.2145 0.1587
134 135 0.6312 0.6312 0.2145 0.6002
134 002 0.2145 0.6312 0.6312 0.6002
135 136 0.6312 0.2145 0.1587 0.6002
135 003 0.6002 0.2145 0.6312 0.6002
136 137 0.2145 0.1587 0.1587 0.6312
136 004 0.2145 0.2145 0.6002 0.6002
137 138 0.2145 0.6002 0.6312 0.6002
137 005 0.1587 0.2145 0.1587 0.6002
138 139 0.1587 0.6002 0.1587 0.2145
138 006 0.1587 0.1587 0.2145 0.6312
139 140 0.1587 0.6312 0.6002 0.6312
139 007 0.6312 0.6312 0.6002 0.6002
140 141 0.6002 0.6312 0.1587 0.6002
140 008 0.1587 0.1587 0.1587 0.2145
141 142 0.6312 0.6312 0.1587 0.1587
141 009 0.1587 0.2145 0.6312 0.6312
142 132 0.1587 0.2145 0.6002 0.2145
142 010 0.1587 0.2145 0.6312 0.6312
