143 002556 2 286
000 001 0.8901 0.7415 0.5575 0.7208
000 012 0.8901 0.7415 0.5575 0.5575
001 002 0.8901 0.7208 0.7208 0.7415
001 013 0.7415 0.7208 0.5575 0.8901
002 003 0.5575 0.8901 0.8901 0.7208
002 014 0.7415 0.7415 0.8901 0.5575
003 004 0.7415 0.7208 0.8901 0.8901
003 015 0.5575 0.7415 0.7208 0.5575
004 005 0.8901 0.7415 0.8901 0.7415
004 016 0.7208 0.7415 0.8901 0.7415
005 006 0.5575 0.8901 0.5575 0.5575
005 017 0.7415 0.7415 0.7415 0.8901
006 007 0.5575 0.8901 0.8901 0.8901
006 018 0.8901 0.5575 0.7208 0.5575
007 008 0.5575 0.8901 0.8901 0.5575
007 019 0.8901 0.5575 0.7208 0.5575
008 009 0.5575 0.7208 0.8901 0.7208
008 020 0.7415 0.5575 0.7415 0.7415
009 010 0.8901 0.5575 0.8901 0.8901
009 021 0.5575 0.7208 0.7208 0.7208
010 011 0.5575 0.7415 0.7415 0.7415
010 022 0.8901 0.5575 0.7208 0.5575
011 000 0.5575 0.7208 0.7208 0.7415
011 023 0.7415 0.5575 0.8901 0.8901
012 013 0.7208 0.8901 0.7415 0.7208
012 024 0.8901 0.7415 0.8901 0.7208
013 014 0.7208 0.8901 0.7415 0.7415
013 025 0.8901 0.7208 0.7415 0.5575
014 015 0.8901 0.7415 0.8901 0.7208
014 026 0.5575 0.7415 0.5575 0.5575
015 016 0.7415 0.7415 0.7415 0.7415
015 027 0.7415 0.7208 0.5575 0.7415
016 017 0.7415 0.5575 0.8901 0.5575
016 028 0.7208 0.8901 0.8901 0.7208
017 018 0.7208 0.5575 0.5575 0.7208
017 029 0.7208 0.8901 0.8901 0.8901
018 019 0.8901 0.8901 0.7415 0.8901
018 030 0.8901 0.5575 0.5575 0.7415
019 020 0.7208 0.7208 0.5575 0.8901
019 031 0.8901 0.7415 0.8901 0.5575
020 021 0.7415 0.5575 0.5575 0.7208
020 032 0.7415 0.7208 0.7208 0.8901
021 022 0.8901 0.5575 0.8901 0.7415
021 033 0.7415 0.7208 0.7208 0.7415
022 023 0.7208 0.7208 0.7415 0.7208
022 034 0.5575 0.7208 0.8901 0.5575
023 012 0.7415 0.7415 0.7415 0.7208
023 035 0.7208 0.7415 0.8901 0.5575
024 025 0.7415 0.7208 0.7208 0.8901
024 036 0.8901 0.7208 0.8901 0.7415
025 026 0.8901 0.8901 0.5575 0.7415
025 037 0.5575 0.7415 0.7415 0.7208
026 027 0.5575 0.8901 0.8901 0.5575
026 038 0.7208 0.8901 0.8901 0.8901
027 028 0.8901 0.7415 0.5575 0.5575
027 039 0.5575 0.8901 0.7208 0.7415
028 029 0.7415 0.7415 0.7415 0.5575
028 040 0.8901 0.5575 0.7415 0.7208
029 030 0.7208 0.7208 0.7208 0.7208
029 041 0.7208 0.8901 0.5575 0.5575
030 031 0.8901 0.8901 0.5575 0.7208
030 042 0.7415 0.7208 0.5575 0.5575
031 032 0.7208 0.8901 0.7415 0.8901
031 043 0.5575 0.5575 0.7208 0.7415
032 033 0.5575 0.8901 0.7415 0.5575
032 044 0.5575 0.7415 0.5575 0.7208
033 034 0.5575 0.7208 0.5575 0.8901
033 045 0.8901 0.7415 0.7415 0.7208
034 035 0.7415 0.5575 0.5575 0.8901
034 046 0.5575 0.7415 0.7415 0.8901
035 024 0.5575 0.8901 0.8901 0.7208
035 047 0.8901 0.8901 0.7415 0.7208
036 037 0.7415 0.8901 0.7415 0.7415
036 048 0.7208 0.5575 0.7415 0.5575
037 038 0.7415 0.7415 0.5575 0.8901
037 049 0.5575 0.8901 0.7415 0.8901
038 039 0.7208 0.8901 0.8901 0.5575
038 050 0.5575 0.5575 0.7415 0.7415
039 040 0.7415 0.8901 0.7208 0.8901
039 051 0.8901 0.7208 0.8901 0.7415
040 041 0.5575 0.5575 0.8901 0.5575
040 052 0.7415 0.5575 0.5575 0.7415
041 042 0.7208 0.7208 0.5575 0.8901
041 053 0.8901 0.7415 0.7208 0.7415
042 043 0.5575 0.8901 0.8901 0.7208
042 054 0.5575 0.7208 0.7208 0.7208
043 044 0.5575 0.7415 0.7415 0.8901
043 055 0.7208 0.5575 0.7208 0.7208
044 045 0.5575 0.8901 0.7208 0.7208
044 056 0.7415 0.5575 0.7208 0.8901
045 046 0.7208 0.5575 0.7208 0.7415
045 057 0.8901 0.7415 0.7208 0.5575
046 047 0.5575 0.7415 0.8901 0.7415
046 058 0.7415 0.8901 0.7415 0.5575
047 036 0.7208 0.5575 0.7415 0.5575
047 059 0.7415 0.8901 0.7415 0.8901
048 049 0.7415 0.5575 0.8901 0.8901
048 060 0.5575 0.7208 0.7208 0.7415
049 050 0.7415 0.5575 0.8901 0.7415
049 061 0.7208 0.8901 0.7208 0.5575
050 051 0.7208 0.7415 0.7415 0.7415
050 062 0.7415 0.7415 0.7415 0.5575
051 052 0.7208 0.7415 0.7415 0.7415
051 063 0.7208 0.7208 0.7208 0.5575
052 053 0.7208 0.7415 0.7415 0.8901
052 064 0.7208 0.5575 0.5575 0.8901
053 054 0.5575 0.8901 0.7415 0.5575
053 065 0.8901 0.8901 0.7208 0.5575
054 055 0.7208 0.8901 0.7415 0.7208
054 066 0.7415 0.7415 0.8901 0.7208
055 056 0.7208 0.7208 0.7208 0.5575
055 067 0.8901 0.8901 0.8901 0.7415
056 057 0.8901 0.8901 0.7415 0.8901
056 068 0.7415 0.8901 0.5575 0.7415
057 058 0.5575 0.7415 0.7208 0.7208
057 069 0.7208 0.5575 0.8901 0.7415
058 059 0.7415 0.8901 0.8901 0.8901
058 070 0.5575 0.5575 0.7208 0.7208
059 048 0.8901 0.5575 0.8901 0.5575
059 071 0.8901 0.7208 0.8901 0.8901
060 061 0.7415 0.5575 0.7208 0.7415
060 072 0.7415 0.5575 0.7415 0.8901
061 062 0.8901 0.7415 0.8901 0.7415
061 073 0.7415 0.7415 0.5575 0.8901
062 063 0.7415 0.8901 0.7415 0.7415
062 074 0.7415 0.7208 0.7415 0.5575
063 064 0.7208 0.5575 0.7208 0.7415
063 075 0.7415 0.5575 0.8901 0.7415
064 065 0.8901 0.8901 0.5575 0.7208
064 076 0.5575 0.8901 0.5575 0.8901
065 066 0.7415 0.5575 0.7208 0.7415
065 077 0.8901 0.7208 0.7415 0.8901
066 067 0.7208 0.5575 0.7415 0.5575
066 078 0.7208 0.5575 0.5575 0.8901
067 068 0.7208 0.5575 0.5575 0.7208
067 079 0.5575 0.7415 0.7415 0.5575
068 069 0.8901 0.8901 0.8901 0.7208
068 080 0.5575 0.7208 0.7208 0.7415
069 070 0.8901 0.8901 0.5575 0.7415
069 081 0.8901 0.8901 0.8901 0.7208
070 071 0.7415 0.5575 0.7208 0.7415
070 082 0.7208 0.7415 0.7208 0.7208
071 060 0.7208 0.7208 0.5575 0.7415
071 083 0.7415 0.5575 0.7208 0.8901
072 073 0.5575 0.8901 0.5575 0.8901
072 084 0.8901 0.7415 0.8901 0.5575
073 074 0.7208 0.5575 0.7208 0.5575
073 085 0.7415 0.7415 0.7208 0.8901
074 075 0.5575 0.7415 0.5575 0.7415
074 086 0.7208 0.7208 0.5575 0.7208
075 076 0.7415 0.5575 0.7208 0.7415
075 087 0.7415 0.7415 0.7208 0.5575
076 077 0.7415 0.5575 0.7415 0.8901
076 088 0.7415 0.7415 0.7415 0.7208
077 078 0.5575 0.7415 0.5575 0.5575
077 089 0.7415 0.7208 0.7415 0.8901
078 079 0.7208 0.7415 0.5575 0.5575
078 090 0.5575 0.5575 0.8901 0.5575
079 080 0.8901 0.7208 0.5575 0.7208
079 091 0.7415 0.8901 0.7208 0.8901
080 081 0.7415 0.7208 0.5575 0.8901
080 092 0.8901 0.7208 0.8901 0.8901
081 082 0.5575 0.8901 0.5575 0.7415
081 093 0.7415 0.5575 0.7208 0.7415
082 083 0.7208 0.7208 0.7208 0.7415
082 094 0.7208 0.7208 0.7415 0.7415
083 072 0.5575 0.7208 0.7208 0.5575
083 095 0.5575 0.7208 0.8901 0.7415
084 085 0.8901 0.7415 0.5575 0.7415
084 096 0.8901 0.8901 0.7208 0.5575
085 086 0.5575 0.7208 0.5575 0.7208
085 097 0.7208 0.5575 0.7208 0.7415
086 087 0.7415 0.7208 0.7415 0.7415
086 098 0.8901 0.8901 0.5575 0.7415
087 088 0.7208 0.7208 0.7415 0.8901
087 099 0.5575 0.7208 0.5575 0.7208
088 089 0.7415 0.5575 0.7208 0.5575
088 100 0.8901 0.8901 0.8901 0.7208
089 090 0.5575 0.7415 0.5575 0.5575
089 101 0.7415 0.5575 0.7415 0.5575
090 091 0.5575 0.8901 0.7208 0.7415
090 102 0.8901 0.5575 0.8901 0.7415
091 092 0.8901 0.8901 0.7415 0.7415
091 103 0.5575 0.5575 0.7415 0.7208
092 093 0.5575 0.7415 0.7415 0.5575
092 104 0.7415 0.5575 0.7208 0.7208
093 094 0.8901 0.7208 0.8901 0.5575
093 105 0.7415 0.8901 0.5575 0.8901
094 095 0.5575 0.5575 0.7208 0.5575
094 106 0.8901 0.5575 0.7415 0.8901
095 084 0.5575 0.8901 0.7415 0.7415
095 107 0.7415 0.7415 0.7208 0.8901
096 097 0.7208 0.7208 0.5575 0.8901
096 108 0.5575 0.7415 0.5575 0.7208
097 098 0.5575 0.7208 0.5575 0.5575
097 109 0.8901 0.7208 0.5575 0.7415
098 099 0.8901 0.7208 0.8901 0.8901
098 110 0.5575 0.8901 0.7208 0.8901
099 100 0.7208 0.5575 0.7415 0.5575
099 111 0.7208 0.8901 0.8901 0.5575
100 101 0.8901 0.5575 0.7415 0.7415
100 112 0.7208 0.5575 0.5575 0.7415
101 102 0.7208 0.8901 0.7208 0.7208
101 113 0.7415 0.7415 0.7208 0.7415
102 103 0.8901 0.8901 0.8901 0.8901
102 114 0.5575 0.5575 0.7208 0.5575
103 104 0.7415 0.7415 0.7415 0.8901
103 115 0.7415 0.7415 0.5575 0.7208
104 105 0.7415 0.7208 0.5575 0.7208
104 116 0.7415 0.5575 0.5575 0.7208
105 106 0.8901 0.8901 0.5575 0.7415
105 117 0.7415 0.5575 0.8901 0.7415
106 107 0.5575 0.7208 0.7208 0.5575
106 118 0.7415 0.8901 0.7415 0.8901
107 096 0.8901 0.5575 0.7415 0.7415
107 119 0.5575 0.7208 0.7208 0.5575
108 109 0.8901 0.5575 0.5575 0.7415
108 120 0.7208 0.7415 0.7415 0.5575
109 110 0.7208 0.7415 0.7415 0.7415
109 121 0.8901 0.5575 0.8901 0.8901
110 111 0.7208 0.5575 0.7208 0.8901
110 122 0.8901 0.8901 0.7415 0.8901
111 112 0.7208 0.5575 0.7415 0.7415
111 123 0.5575 0.5575 0.7415 0.7208
112 113 0.7208 0.8901 0.5575 0.5575
112 124 0.7415 0.8901 0.7415 0.5575
113 114 0.7415 0.5575 0.7208 0.5575
113 125 0.5575 0.5575 0.5575 0.7208
114 115 0.7208 0.7208 0.7415 0.5575
114 126 0.5575 0.8901 0.7415 0.5575
115 116 0.5575 0.7208 0.7208 0.8901
115 127 0.5575 0.5575 0.7208 0.8901
116 117 0.7208 0.8901 0.7208 0.8901
116 128 0.7415 0.7415 0.8901 0.7415
117 118 0.7208 0.7208 0.5575 0.8901
117 129 0.7208 0.5575 0.5575 0.8901
118 119 0.7415 0.7415 0.7208 0.8901
118 130 0.7415 0.7208 0.5575 0.8901
119 108 0.8901 0.7208 0.7208 0.5575
119 131 0.5575 0.8901 0.8901 0.5575
120 121 0.7415 0.5575 0.8901 0.7208
120 132 0.7208 0.7415 0.8901 0.8901
121 122 0.7415 0.5575 0.7208 0.7208
121 133 0.7415 0.5575 0.5575 0.7208
122 123 0.8901 0.7208 0.7415 0.5575
122 134 0.8901 0.7415 0.5575 0.7208
123 124 0.5575 0.8901 0.8901 0.7415
123 135 0.7415 0.7415 0.7415 0.8901
124 125 0.7415 0.8901 0.5575 0.7415
124 136 0.7208 0.7208 0.7415 0.7208
125 126 0.8901 0.8901 0.7208 0.5575
125 137 0.7415 0.5575 0.7208 0.5575
126 127 0.7208 0.5575 0.7415 0.7415
126 138 0.7415 0.7208 0.7415 0.8901
127 128 0.5575 0.7415 0.7415 0.7208
127 139 0.7208 0.7415 0.7415 0.5575
128 129 0.7208 0.7208 0.8901 0.7415
128 140 0.7415 0.8901 0.7415 0.7208
129 130 0.8901 0.7208 0.8901 0.7208
129 141 0.7415 0.7208 0.8901 0.7208
130 131 0.8901 0.7415 0.7208 0.7208
130 142 0.7415 0.7415 0.8901 0.7415
131 120 0.8901 0.7415 0.5575 0.7208
131 011 0.8901 0.7415 0.5575 0.7415
132 133 0.7208 0.7208 0.5575 0.8901
132 000 0.7415 0.7208 0.8901 0.7208
133 134 0.5575 0.5575 0.8901 0.7208
133 001 0.8901 0.7415 0.7208 0.7208
134 135 0.7415 0.8901 0.7208 0.8901
134 002 0.5575 0.5575 0.8901 0.5575
135 136 0.8901 0.5575 0.7415 0.8901
135 003 0.7415 0.5575 0.7208 0.8901
136 137 0.8901 0.5575 0.7415 0.7208
136 004 0.7208 0.5575 0.7415 0.7208
137 138 0.8901 0.7415 0.7415 0.7208
137 005 0.7415 0.7208 0.7415 0.7415
138 139 0.7208 0.8901 0.8901 0.7208
138 006 0.5575 0.5575 0.5575 0.7208
139 140 0.7415 0.7208 0.8901 0.8901
139 007 0.7415 0.7208 0.5575 0.7415
140 141 0.8901 0.8901 0.7208 0.5575
140 008 0.5575 0.5575 0.7415 0.5575
141 142 0.7208 0.7208 0.8901 0.7208
141 009 0.8901 0.7208 0.7415 0.7208
142 132 0.7208 0.8901 0.5575 0.5575
142 010 0.7415 0.5575 0.7208 0.7208
