143 002556 2 286
000 001 0.2561 0.2375 0.2561 0.9207
000 012 0.9207 0.2375 0.9207 0.9207
001 002 0.2561 0.2375 0.2708 0.2375
001 013 0.2708 0.9207 0.2561 0.2561
002 003 0.2708 0.2708 0.9207 0.2708
002 014 0.9207 0.2561 0.2708 0.2708
003 004 0.2708 0.9207 0.2375 0.9207
003 015 0.2375 0.2708 0.2561 0.9207
004 005 0.2375 0.2375 0.9207 0.9207
004 016 0.2708 0.2708 0.2708 0.9207
005 006 0.2561 0.9207 0.2708 0.2561
005 017 0.2375 0.9207 0.2561 0.2561
006 007 0.2375 0.2561 0.2708 0.9207
006 018 0.2708 0.2375 0.2375 0.2375
007 008 0.9207 0.9207 0.2561 0.2561
007 019 0.9207 0.9207 0.9207 0.2708
008 009 0.9207 0.2375 0.2708 0.2708
008 020 0.2375 0.2375 0.2375 0.2375
009 010 0.2375 0.2375 0.9207 0.2561
009 021 0.2561 0.9207 0.2375 0.2375
010 011 0.9207 0.2561 0.9207 0.2375
010 022 0.2708 0.2708 0.2561 0.2708
011 000 0.2708 0.2561 0.9207 0.2375
011 023 0.9207 0.2375 0.9207 0.2708
012 013 0.2561 0.2708 0.2708 0.9207
012 024 0.2708 0.9207 0.2708 0.2375
013 014 0.2375 0.2375 0.9207 0.2708
013 025 0.2708 0.2561 0.9207 0.9207
014 015 0.2561 0.9207 0.2561 0.2708
014 026 0.2561 0.2708 0.2375 0.9207
015 016 0.2375 0.2375 0.2708 0.2708
015 027 0.2375 0.9207 0.2375 0.9207
016 017 0.2708 0.9207 0.2561 0.2375
016 028 0.2561 0.2375 0.2375 0.2375
017 018 0.2375 0.9207 0.9207 0.2561
017 029 0.2708 0.2375 0.2561 0.9207
018 019 0.2708 0.2375 0.2561 0.2561
018 030 0.9207 0.2375 0.2708 0.2375
019 020 0.2708 0.2561 0.2561 0.2561
019 031 0.2561 0.2708 0.2375 0.9207
020 021 0.2561 0.2561 0.2708 0.2708
020 032 0.2375 0.9207 0.2708 0.2708
021 022 0.2561 0.2375 0.9207 0.2708
021 033 0.2561 0.2375 0.9207 0.9207
022 023 0.9207 0.2561 0.9207 0.9207
022 034 0.9207 0.9207 0.2708 0.2375
023 012 0.2561 0.2375 0.2561 0.2561
023 035 0.2708 0.2708 0.2375 0.2375
024 025 0.9207 0.2561 0.2375 0.2708
024 036 0.2708 0.2708 0.9207 0.2708
025 026 0.2375 0.2561 0.2375 0.9207
025 037 0.2708 0.2708 0.9207 0.9207
026 027 0.9207 0.2708 0.2375 0.9207
026 038 0.9207 0.9207 0.9207 0.9207
027 028 0.2561 0.2561 0.2708 0.2561
027 039 0.2561 0.2375 0.2561 0.2561
028 029 0.9207 0.2375 0.2708 0.2708
028 040 0.2708 0.2708 0.2708 0.2708
029 030 0.2375 0.2561 0.2708 0.2708
029 041 0.2561 0.2708 0.2561 0.9207
030 031 0.9207 0.2708 0.2561 0.9207
030 042 0.2375 0.2375 0.9207 0.2561
031 032 0.2708 0.2561 0.9207 0.9207
031 043 0.2708 0.2561 0.2561 0.2561
032 033 0.2561 0.2375 0.2375 0.9207
032 044 0.2375 0.2708 0.2561 0.2375
033 034 0.2708 0.9207 0.2375 0.2708
033 045 0.2561 0.2708 0.2708 0.2708
034 035 0.2375 0.9207 0.2375 0.9207
034 046 0.2375 0.2708 0.9207 0.2561
035 024 0.9207 0.2561 0.2561 0.2708
035 047 0.2708 0.2375 0.2708 0.2708
036 037 0.2561 0.2708 0.2375 0.2375
036 048 0.9207 0.2375 0.2708 0.2375
037 038 0.9207 0.2708 0.2561 0.2375
037 049 0.2708 0.2375 0.2708 0.2375
038 039 0.2561 0.9207 0.9207 0.2708
038 050 0.9207 0.2708 0.2561 0.2561
039 040 0.2708 0.2708 0.2708 0.2708
039 051 0.2708 0.2375 0.2375 0.2561
040 041 0.2708 0.2708 0.9207 0.9207
040 052 0.2375 0.2375 0.2375 0.9207
041 042 0.2561 0.9207 0.2708 0.2375
041 053 0.2561 0.2708 0.2708 0.2375
042 043 0.2561 0.2375 0.9207 0.2708
042 054 0.2561 0.2708 0.2708 0.2708
043 044 0.9207 0.9207 0.2708 0.2561
043 055 0.2375 0.2561 0.2375 0.9207
044 045 0.2708 0.2561 0.2375 0.2375
044 056 0.2708 0.2375 0.2561 0.2561
045 046 0.9207 0.2708 0.9207 0.9207
045 057 0.2375 0.2375 0.9207 0.2375
046 047 0.2561 0.2375 0.2375 0.2375
046 058 0.9207 0.2708 0.2375 0.9207
047 036 0.2561 0.9207 0.2375 0.2375
047 059 0.2708 0.2708 0.2708 0.9207
048 049 0.2708 0.9207 0.2375 0.9207
048 060 0.9207 0.2708 0.2375 0.2561
049 050 0.2708 0.2561 0.2375 0.2708
049 061 0.2708 0.2561 0.2561 0.2375
050 051 0.2561 0.9207 0.2375 0.2561
050 062 0.2375 0.2561 0.9207 0.2708
051 052 0.2708 0.2708 0.2708 0.9207
051 063 0.2561 0.2708 0.2375 0.2561
052 053 0.2708 0.2708 0.9207 0.2708
052 064 0.2375 0.2561 0.9207 0.2708
053 054 0.9207 0.9207 0.2561 0.9207
053 065 0.2708 0.2561 0.2561 0.2561
054 055 0.2375 0.2708 0.2375 0.2375
054 066 0.9207 0.2375 0.2561 0.2708
055 056 0.2561 0.2561 0.2708 0.2375
055 067 0.2561 0.2708 0.2708 0.2708
056 057 0.2708 0.2375 0.2375 0.9207
056 068 0.2561 0.9207 0.2375 0.9207
057 058 0.2375 0.2561 0.9207 0.2561
057 069 0.2561 0.2561 0.2561 0.2561
058 059 0.9207 0.2708 0.2375 0.2375
058 070 0.9207 0.2708 0.2375 0.2375
059 048 0.2561 0.2561 0.2561 0.2375
059 071 0.2708 0.2561 0.9207 0.2708
060 061 0.2708 0.2708 0.9207 0.2708
060 072 0.9207 0.2561 0.9207 0.9207
061 062 0.2375 0.2561 0.2708 0.2375
061 073 0.9207 0.2708 0.2375 0.2708
062 063 0.2561 0.2375 0.2561 0.2561
062 074 0.2561 0.2375 0.2561 0.2375
063 064 0.9207 0.2375 0.2375 0.2708
063 075 0.2561 0.2375 0.2561 0.9207
064 065 0.2708 0.2708 0.2375 0.9207
064 076 0.2708 0.2375 0.2561 0.2561
065 066 0.9207 0.9207 0.2375 0.2375
065 077 0.2561 0.2708 0.9207 0.2375
066 067 0.2375 0.2561 0.2375 0.2561
066 078 0.9207 0.2708 0.2375 0.9207
067 068 0.2375 0.9207 0.9207 0.2375
067 079 0.2708 0.2375 0.9207 0.2561
068 069 0.2375 0.2375 0.2375 0.2708
068 080 0.9207 0.9207 0.9207 0.2375
069 070 0.2561 0.2561 0.2708 0.2375
069 081 0.2708 0.2561 0.2561 0.9207
070 071 0.9207 0.2375 0.2561 0.2561
070 082 0.2375 0.2375 0.9207 0.9207
071 060 0.2375 0.2561 0.2375 0.2708
071 083 0.9207 0.2561 0.2375 0.2375
072 073 0.2561 0.2375 0.2708 0.2375
072 084 0.2708 0.9207 0.2375 0.2561
073 074 0.2708 0.2561 0.2561 0.9207
073 085 0.9207 0.2708 0.2561 0.2375
074 075 0.2561 0.9207 0.2375 0.2375
074 086 0.2375 0.9207 0.2375 0.2708
075 076 0.2375 0.2561 0.2375 0.2708
075 087 0.2561 0.2561 0.2708 0.9207
076 077 0.9207 0.9207 0.2708 0.2375
076 088 0.2375 0.2708 0.2561 0.2708
077 078 0.9207 0.2375 0.9207 0.2708
077 089 0.2708 0.2708 0.2561 0.2375
078 079 0.2375 0.2561 0.2708 0.2708
078 090 0.9207 0.2561 0.2561 0.2375
079 080 0.2375 0.2561 0.2561 0.2375
079 091 0.2561 0.2375 0.2375 0.2561
080 081 0.2375 0.2375 0.9207 0.2375
080 092 0.2561 0.2375 0.2375 0.2375
081 082 0.2708 0.9207 0.2708 0.2561
081 093 0.2708 0.2561 0.2561 0.9207
082 083 0.2561 0.9207 0.2375 0.2375
082 094 0.2708 0.2708 0.9207 0.9207
083 072 0.2708 0.9207 0.2561 0.9207
083 095 0.9207 0.2561 0.2708 0.2708
084 085 0.2375 0.2708 0.2561 0.9207
084 096 0.9207 0.2708 0.2561 0.2375
085 086 0.2561 0.9207 0.2561 0.2708
085 097 0.2708 0.9207 0.9207 0.2561
086 087 0.2375 0.2561 0.9207 0.9207
086 098 0.9207 0.2375 0.9207 0.2708
087 088 0.9207 0.2375 0.9207 0.2375
087 099 0.2561 0.9207 0.9207 0.9207
088 089 0.2375 0.2561 0.2561 0.2375
088 100 0.2561 0.2708 0.2375 0.2375
089 090 0.2708 0.2375 0.9207 0.9207
089 101 0.2708 0.2561 0.9207 0.2375
090 091 0.2561 0.9207 0.2708 0.2375
090 102 0.9207 0.2561 0.9207 0.9207
091 092 0.2708 0.2375 0.2375 0.2708
091 103 0.9207 0.2375 0.2708 0.2375
092 093 0.2375 0.9207 0.2708 0.2375
092 104 0.2375 0.2375 0.2375 0.2561
093 094 0.9207 0.2561 0.9207 0.9207
093 105 0.2375 0.2561 0.2561 0.9207
094 095 0.2708 0.2561 0.2561 0.2375
094 106 0.9207 0.2708 0.2561 0.9207
095 084 0.2708 0.2561 0.2375 0.9207
095 107 0.2561 0.2375 0.2708 0.2561
096 097 0.2561 0.2375 0.2561 0.2708
096 108 0.2375 0.9207 0.2708 0.9207
097 098 0.2561 0.9207 0.2561 0.9207
097 109 0.2375 0.9207 0.2561 0.9207
098 099 0.2375 0.2375 0.9207 0.2561
098 110 0.9207 0.9207 0.9207 0.2375
099 100 0.2561 0.9207 0.2561 0.9207
099 111 0.2561 0.2708 0.9207 0.2561
100 101 0.2708 0.2708 0.2561 0.2375
100 112 0.2561 0.2561 0.2375 0.2708
101 102 0.2375 0.2561 0.2708 0.2561
101 113 0.2708 0.2561 0.2375 0.2708
102 103 0.2561 0.2561 0.2561 0.2561
102 114 0.9207 0.2561 0.2561 0.2561
103 104 0.2708 0.9207 0.9207 0.9207
103 115 0.2561 0.2561 0.2561 0.2561
104 105 0.2561 0.9207 0.2561 0.2561
104 116 0.2561 0.2561 0.2561 0.9207
105 106 0.2375 0.2375 0.2561 0.2375
105 117 0.2375 0.2375 0.2561 0.2708
106 107 0.2708 0.9207 0.9207 0.2708
106 118 0.2561 0.2375 0.2375 0.2375
107 096 0.2708 0.9207 0.2708 0.2561
107 119 0.2708 0.9207 0.2561 0.2708
108 109 0.9207 0.2375 0.9207 0.9207
108 120 0.2561 0.2375 0.9207 0.2708
109 110 0.2708 0.2561 0.2708 0.9207
109 121 0.2708 0.2561 0.2561 0.2708
110 111 0.2561 0.2708 0.9207 0.2561
110 122 0.2375 0.9207 0.9207 0.2375
111 112 0.2561 0.2375 0.2375 0.2708
111 123 0.2708 0.2708 0.2708 0.2561
112 113 0.2708 0.9207 0.2561 0.2708
112 124 0.9207 0.9207 0.2375 0.2561
113 114 0.9207 0.2375 0.2708 0.9207
113 125 0.2708 0.2708 0.9207 0.9207
114 115 0.2561 0.2375 0.2561 0.2561
114 126 0.2708 0.2708 0.2708 0.2375
115 116 0.2561 0.2561 0.9207 0.9207
115 127 0.9207 0.9207 0.2708 0.2375
116 117 0.2561 0.2708 0.9207 0.2375
116 128 0.2561 0.9207 0.2375 0.2708
117 118 0.2375 0.2708 0.2375 0.2375
117 129 0.2561 0.2375 0.2561 0.2561
118 119 0.9207 0.2561 0.2375 0.2708
118 130 0.2561 0.9207 0.9207 0.2708
119 108 0.2375 0.2561 0.2561 0.2375
119 131 0.2561 0.2375 0.2708 0.2561
120 121 0.2375 0.2708 0.2708 0.9207
120 132 0.2561 0.9207 0.9207 0.2375
121 122 0.9207 0.2375 0.2375 0.2375
121 133 0.2375 0.2561 0.2561 0.2561
122 123 0.9207 0.9207 0.2708 0.2561
122 134 0.2708 0.2708 0.2561 0.2708
123 124 0.9207 0.2708 0.2561 0.2375
123 135 0.2561 0.2375 0.2561 0.9207
124 125 0.2561 0.2561 0.2708 0.2561
124 136 0.9207 0.2375 0.2561 0.9207
125 126 0.2708 0.2561 0.2708 0.2561
125 137 0.9207 0.2375 0.9207 0.2708
126 127 0.9207 0.2561 0.2375 0.2375
126 138 0.2375 0.2708 0.2708 0.9207
127 128 0.2375 0.2708 0.2708 0.2708
127 139 0.9207 0.2561 0.2375 0.2708
128 129 0.2708 0.9207 0.2708 0.9207
128 140 0.2375 0.2375 0.2561 0.2561
129 130 0.9207 0.2375 0.9207 0.2561
129 141 0.2561 0.9207 0.9207 0.2708
130 131 0.2708 0.9207 0.2561 0.2375
130 142 0.2375 0.2708 0.2708 0.9207
131 120 0.9207 0.9207 0.2561 0.2375
131 011 0.2708 0.2375 0.2708 0.2561
132 133 0.2375 0.2375 0.2375 0.2561
132 000 0.2561 0.2561 0.9207 0.9207
133 134 0.2375 0.2708 0.2561 0.2561
133 001 0.2708 0.2375 0.2561 0.2375
134 135 0.2561 0.2375 0.2375 0.2708
134 002 0.2375 0.2375 0.2375 0.2375
135 136 0.2561 0.2561 0.2375 0.2708
135 003 0.9207 0.2375 0.2708 0.2708
136 137 0.2561 0.2561 0.2561 0.2561
136 004 0.2708 0.9207 0.2708 0.2561
137 138 0.9207 0.2375 0.2561 0.9207
137 005 0.2708 0.2708 0.9207 0.2708
138 139 0.2708 0.2561 0.2708 0.2708
138 006 0.9207 0.2708 0.9207 0.2708
139 140 0.2708 0.2375 0.9207 0.2708
139 007 0.2561 0.2561 0.2375 0.2561
140 141 0.2561 0.2708 0.9207 0.2561
140 008 0.2561 0.2708 0.9207 0.9207
141 142 0.2561 0.2561 0.2375 0.2375
141 009 0.2708 0.2375 0.2375 0.2375
142 132 0.2561 0.2561 0.9207 0.2561
142 010 0.9207 0.9207 0.2561 0.2375
