143 002556 2 286
000 001 0.5329 0.3468 0.1844 0.1844
000 012 0.1844 0.8872 0.8872 0.1844
001 002 0.1844 0.1844 0.1844 0.1844
001 013 0.1844 0.5329 0.5329 0.3468
002 003 0.5329 0.5329 0.8872 0.5329
002 014 0.3468 0.5329 0.1844 0.8872
003 004 0.5329 0.8872 0.5329 0.1844
003 015 0.8872 0.5329 0.5329 0.3468
004 005 0.3468 0.3468 0.1844 0.3468
004 016 0.8872 0.3468 0.8872 0.8872
005 006 0.5329 0.1844 0.8872 0.1844
005 017 0.8872 0.5329 0.5329 0.1844
006 007 0.1844 0.1844 0.3468 0.5329
006 018 0.5329 0.3468 0.8872 0.3468
007 008 0.1844 0.5329 0.3468 0.3468
007 019 0.5329 0.5329 0.1844 0.1844
008 009 0.3468 0.1844 0.5329 0.3468
008 020 0.8872 0.3468 0.8872 0.3468
009 010 0.1844 0.5329 0.8872 0.8872
009 021 0.5329 0.3468 0.5329 0.8872
010 011 0.3468 0.5329 0.8872 0.5329
010 022 0.1844 0.5329 0.5329 0.8872
011 000 0.5329 0.3468 0.5329 0.8872
011 023 0.1844 0.1844 0.3468 0.5329
012 013 0.3468 0.8872 0.3468 0.5329
012 024 0.5329 0.3468 0.8872 0.8872
013 014 0.5329 0.5329 0.5329 0.5329
013 025 0.3468 0.5329 0.8872 0.5329
014 015 0.5329 0.1844 0.3468 0.1844
014 026 0.8872 0.8872 0.3468 0.8872
015 016 0.1844 0.5329 0.1844 0.3468
015 027 0.1844 0.8872 0.5329 0.8872
016 017 0.3468 0.3468 0.5329 0.1844
016 028 0.5329 0.8872 0.5329 0.8872
017 018 0.8872 0.3468 0.3468 0.5329
017 029 0.3468 0.3468 0.5329 0.8872
018 019 0.1844 0.5329 0.5329 0.3468
018 030 0.3468 0.1844 0.5329 0.1844
019 020 0.3468 0.5329 0.5329 0.3468
019 031 0.8872 0.1844 0.5329 0.5329
020 021 0.3468 0.5329 0.3468 0.8872
020 032 0.3468 0.8872 0.3468 0.3468
021 022 0.3468 0.3468 0.3468 0.8872
021 033 0.3468 0.1844 0.3468 0.3468
022 023 0.1844 0.1844 0.3468 0.8872
022 034 0.5329 0.8872 0.1844 0.1844
023 012 0.3468 0.5329 0.8872 0.5329
023 035 0.8872 0.1844 0.3468 0.1844
024 025 0.3468 0.8872 0.1844 0.5329
024 036 0.1844 0.5329 0.5329 0.3468
025 026 0.8872 0.8872 0.3468 0.3468
025 037 0.8872 0.8872 0.5329 0.5329
026 027 0.3468 0.8872 0.8872 0.1844
026 038 0.5329 0.5329 0.3468 0.1844
027 028 0.5329 0.5329 0.3468 0.5329
027 039 0.8872 0.5329 0.3468 0.3468
028 029 0.1844 0.1844 0.8872 0.5329
028 040 0.5329 0.1844 0.3468 0.5329
029 030 0.1844 0.5329 0.1844 0.8872
029 041 0.3468 0.8872 0.3468 0.8872
030 031 0.8872 0.5329 0.8872 0.5329
030 042 0.8872 0.8872 0.8872 0.1844
031 032 0.3468 0.5329 0.8872 0.3468
031 043 0.3468 0.1844 0.8872 0.3468
032 033 0.5329 0.8872 0.3468 0.8872
032 044 0.1844 0.1844 0.8872 0.5329
033 034 0.8872 0.3468 0.8872 0.8872
033 045 0.5329 0.1844 0.5329 0.5329
034 035 0.5329 0.8872 0.1844 0.8872
034 046 0.5329 0.3468 0.5329 0.3468
035 024 0.8872 0.3468 0.1844 0.5329
035 047 0.8872 0.5329 0.1844 0.5329
036 037 0.3468 0.1844 0.5329 0.3468
036 048 0.8872 0.1844 0.1844 0.1844
037 038 0.5329 0.8872 0.1844 0.8872
037 049 0.8872 0.8872 0.1844 0.5329
038 039 0.3468 0.1844 0.3468 0.8872
038 050 0.8872 0.5329 0.1844 0.8872
039 040 0.3468 0.5329 0.3468 0.1844
039 051 0.8872 0.1844 0.5329 0.8872
040 041 0.1844 0.1844 0.5329 0.5329
040 052 0.1844 0.8872 0.8872 0.5329
041 042 0.5329 0.5329 0.1844 0.5329
041 053 0.5329 0.8872 0.3468 0.1844
042 043 0.3468 0.1844 0.5329 0.8872
042 054 0.3468 0.8872 0.1844 0.8872
043 044 0.3468 0.1844 0.5329 0.8872
043 055 0.3468 0.8872 0.1844 0.8872
044 045 0.5329 0.5329 0.1844 0.3468
044 056 0.8872 0.3468 0.3468 0.8872
045 046 0.3468 0.8872 0.3468 0.8872
045 057 0.1844 0.3468 0.3468 0.3468
046 047 0.3468 0.8872 0.8872 0.3468
046 058 0.3468 0.5329 0.3468 0.5329
047 036 0.8872 0.3468 0.1844 0.1844
047 059 0.1844 0.3468 0.1844 0.1844
048 049 0.8872 0.1844 0.5329 0.1844
048 060 0.8872 0.5329 0.1844 0.8872
049 050 0.5329 0.5329 0.8872 0.1844
049 061 0.8872 0.5329 0.1844 0.1844
050 051 0.3468 0.8872 0.5329 0.8872
050 062 0.1844 0.8872 0.5329 0.8872
051 052 0.1844 0.5329 0.5329 0.1844
051 063 0.8872 0.1844 0.1844 0.1844
052 053 0.1844 0.1844 0.3468 0.3468
052 064 0.3468 0.3468 0.1844 0.1844
053 054 0.8872 0.5329 0.1844 0.3468
053 065 0.1844 0.5329 0.5329 0.1844
054 055 0.5329 0.3468 0.3468 0.1844
054 066 0.5329 0.1844 0.3468 0.1844
055 056 0.8872 0.8872 0.1844 0.8872
055 067 0.3468 0.8872 0.8872 0.5329
056 057 0.8872 0.8872 0.8872 0.1844
056 068 0.8872 0.5329 0.8872 0.1844
057 058 0.3468 0.1844 0.8872 0.8872
057 069 0.1844 0.8872 0.1844 0.8872
058 059 0.3468 0.1844 0.3468 0.8872
058 070 0.1844 0.5329 0.3468 0.5329
059 048 0.1844 0.1844 0.8872 0.1844
059 071 0.8872 0.5329 0.1844 0.5329
060 061 0.8872 0.5329 0.1844 0.1844
060 072 0.5329 0.1844 0.3468 0.3468
061 062 0.1844 0.8872 0.8872 0.5329
061 073 0.8872 0.3468 0.3468 0.3468
062 063 0.8872 0.1844 0.3468 0.5329
062 074 0.8872 0.8872 0.1844 0.1844
063 064 0.5329 0.8872 0.1844 0.3468
063 075 0.1844 0.3468 0.5329 0.3468
064 065 0.5329 0.1844 0.5329 0.5329
064 076 0.3468 0.1844 0.3468 0.1844
065 066 0.1844 0.1844 0.3468 0.8872
065 077 0.3468 0.8872 0.3468 0.3468
066 067 0.3468 0.3468 0.5329 0.1844
066 078 0.5329 0.5329 0.8872 0.3468
067 068 0.3468 0.8872 0.1844 0.5329
067 079 0.1844 0.1844 0.5329 0.3468
068 069 0.5329 0.3468 0.1844 0.8872
068 080 0.8872 0.3468 0.8872 0.8872
069 070 0.1844 0.5329 0.8872 0.1844
069 081 0.8872 0.1844 0.3468 0.8872
070 071 0.3468 0.5329 0.1844 0.1844
070 082 0.8872 0.8872 0.8872 0.5329
071 060 0.8872 0.5329 0.1844 0.3468
071 083 0.3468 0.1844 0.5329 0.8872
072 073 0.1844 0.1844 0.5329 0.3468
072 084 0.5329 0.8872 0.8872 0.1844
073 074 0.1844 0.8872 0.8872 0.5329
073 085 0.8872 0.5329 0.8872 0.3468
074 075 0.5329 0.1844 0.1844 0.1844
074 086 0.5329 0.1844 0.8872 0.1844
075 076 0.3468 0.3468 0.3468 0.3468
075 087 0.1844 0.1844 0.3468 0.5329
076 077 0.8872 0.1844 0.1844 0.8872
076 088 0.1844 0.3468 0.5329 0.8872
077 078 0.1844 0.8872 0.5329 0.3468
077 089 0.3468 0.8872 0.1844 0.3468
078 079 0.5329 0.3468 0.8872 0.1844
078 090 0.5329 0.1844 0.5329 0.3468
079 080 0.3468 0.8872 0.5329 0.8872
079 091 0.3468 0.5329 0.5329 0.5329
080 081 0.1844 0.5329 0.8872 0.5329
080 092 0.5329 0.5329 0.8872 0.3468
081 082 0.5329 0.3468 0.5329 0.5329
081 093 0.5329 0.3468 0.1844 0.5329
082 083 0.5329 0.3468 0.5329 0.1844
082 094 0.1844 0.3468 0.1844 0.5329
083 072 0.5329 0.3468 0.5329 0.3468
083 095 0.1844 0.8872 0.8872 0.1844
084 085 0.1844 0.1844 0.5329 0.8872
084 096 0.3468 0.3468 0.1844 0.3468
085 086 0.5329 0.8872 0.8872 0.1844
085 097 0.5329 0.1844 0.5329 0.1844
086 087 0.1844 0.1844 0.8872 0.1844
086 098 0.3468 0.8872 0.8872 0.8872
087 088 0.1844 0.8872 0.3468 0.1844
087 099 0.5329 0.1844 0.1844 0.3468
088 089 0.3468 0.3468 0.1844 0.5329
088 100 0.8872 0.3468 0.5329 0.5329
089 090 0.8872 0.8872 0.8872 0.5329
089 101 0.8872 0.1844 0.8872 0.3468
090 091 0.8872 0.1844 0.5329 0.8872
090 102 0.8872 0.3468 0.3468 0.8872
091 092 0.8872 0.5329 0.3468 0.8872
091 103 0.8872 0.5329 0.3468 0.3468
092 093 0.1844 0.3468 0.5329 0.8872
092 104 0.8872 0.3468 0.5329 0.5329
093 094 0.5329 0.1844 0.5329 0.1844
093 105 0.8872 0.5329 0.3468 0.1844
094 095 0.1844 0.8872 0.3468 0.1844
094 106 0.5329 0.1844 0.8872 0.3468
095 084 0.5329 0.3468 0.1844 0.8872
095 107 0.8872 0.3468 0.1844 0.5329
096 097 0.3468 0.1844 0.8872 0.1844
096 108 0.5329 0.8872 0.3468 0.8872
097 098 0.3468 0.3468 0.5329 0.8872
097 109 0.5329 0.8872 0.8872 0.8872
098 099 0.1844 0.1844 0.5329 0.3468
098 110 0.3468 0.5329 0.5329 0.5329
099 100 0.5329 0.3468 0.3468 0.1844
099 111 0.5329 0.1844 0.3468 0.1844
100 101 0.5329 0.5329 0.1844 0.8872
100 112 0.3468 0.8872 0.1844 0.5329
101 102 0.5329 0.3468 0.5329 0.1844
101 113 0.1844 0.3468 0.5329 0.5329
102 103 0.8872 0.3468 0.8872 0.3468
102 114 0.3468 0.8872 0.5329 0.5329
103 104 0.5329 0.3468 0.8872 0.1844
103 115 0.5329 0.8872 0.5329 0.1844
104 105 0.3468 0.5329 0.3468 0.3468
104 116 0.5329 0.8872 0.8872 0.5329
105 106 0.8872 0.1844 0.8872 0.5329
105 117 0.1844 0.5329 0.1844 0.1844
106 107 0.5329 0.8872 0.5329 0.1844
106 118 0.3468 0.5329 0.8872 0.3468
107 096 0.3468 0.1844 0.8872 0.3468
107 119 0.3468 0.5329 0.3468 0.3468
108 109 0.8872 0.3468 0.3468 0.1844
108 120 0.8872 0.1844 0.3468 0.5329
109 110 0.8872 0.1844 0.8872 0.3468
109 121 0.1844 0.1844 0.1844 0.8872
110 111 0.1844 0.3468 0.8872 0.3468
110 122 0.3468 0.1844 0.1844 0.1844
111 112 0.3468 0.3468 0.3468 0.5329
111 123 0.5329 0.8872 0.3468 0.5329
112 113 0.1844 0.5329 0.3468 0.5329
112 124 0.8872 0.8872 0.1844 0.8872
113 114 0.5329 0.5329 0.8872 0.5329
113 125 0.5329 0.3468 0.5329 0.8872
114 115 0.8872 0.5329 0.5329 0.5329
114 126 0.1844 0.1844 0.5329 0.8872
115 116 0.5329 0.1844 0.1844 0.8872
115 127 0.3468 0.5329 0.3468 0.3468
116 117 0.5329 0.5329 0.3468 0.8872
116 128 0.1844 0.8872 0.8872 0.5329
117 118 0.1844 0.5329 0.3468 0.5329
117 129 0.1844 0.1844 0.3468 0.1844
118 119 0.5329 0.3468 0.5329 0.8872
118 130 0.3468 0.3468 0.8872 0.8872
119 108 0.8872 0.3468 0.1844 0.1844
119 131 0.1844 0.5329 0.3468 0.8872
120 121 0.5329 0.8872 0.3468 0.1844
120 132 0.1844 0.5329 0.5329 0.8872
121 122 0.3468 0.8872 0.8872 0.3468
121 133 0.3468 0.1844 0.5329 0.1844
122 123 0.3468 0.8872 0.5329 0.3468
122 134 0.5329 0.8872 0.3468 0.3468
123 124 0.8872 0.5329 0.5329 0.5329
123 135 0.3468 0.1844 0.3468 0.3468
124 125 0.5329 0.1844 0.3468 0.1844
124 136 0.8872 0.8872 0.5329 0.1844
125 126 0.3468 0.3468 0.3468 0.5329
125 137 0.1844 0.1844 0.8872 0.3468
126 127 0.5329 0.1844 0.1844 0.8872
126 138 0.5329 0.1844 0.1844 0.5329
127 128 0.5329 0.8872 0.5329 0.5329
127 139 0.8872 0.1844 0.1844 0.8872
128 129 0.1844 0.8872 0.5329 0.5329
128 140 0.8872 0.1844 0.8872 0.5329
129 130 0.5329 0.5329 0.1844 0.3468
129 141 0.1844 0.8872 0.8872 0.1844
130 131 0.8872 0.1844 0.5329 0.5329
130 142 0.3468 0.5329 0.8872 0.3468
131 120 0.5329 0.8872 0.3468 0.1844
131 011 0.3468 0.3468 0.8872 0.1844
132 133 0.3468 0.1844 0.3468 0.3468
132 000 0.5329 0.3468 0.8872 0.8872
133 134 0.3468 0.5329 0.8872 0.1844
133 001 0.3468 0.5329 0.8872 0.5329
134 135 0.5329 0.5329 0.8872 0.5329
134 002 0.5329 0.3468 0.5329 0.1844
135 136 0.1844 0.8872 0.1844 0.8872
135 003 0.3468 0.3468 0.1844 0.8872
136 137 0.8872 0.3468 0.5329 0.5329
136 004 0.1844 0.8872 0.3468 0.1844
137 138 0.8872 0.3468 0.8872 0.8872
137 005 0.1844 0.1844 0.1844 0.3468
138 139 0.8872 0.5329 0.3468 0.5329
138 006 0.5329 0.1844 0.3468 0.1844
139 140 0.5329 0.1844 0.5329 0.3468
139 007 0.1844 0.5329 0.5329 0.8872
140 141 0.1844 0.1844 0.8872 0.8872
140 008 0.3468 0.1844 0.3468 0.3468
141 142 0.8872 0.8872 0.5329 0.8872
141 009 0.5329 0.5329 0.3468 0.8872
142 132 0.1844 0.1844 0.3468 0.8872
142 010 0.3468 0.3468 0.8872 0.5329
