143 002556 2 286
000 001 0.7161 0.7161 0.6586 0.6666
000 012 0.6666 0.6666 0.6586 0.7161
001 002 0.7161 0.1874 0.7161 0.1874
001 013 0.1874 0.6586 0.7161 0.7161
002 003 0.1874 0.6586 0.7161 0.6666
002 014 0.6666 0.6586 0.7161 0.7161
003 004 0.6586 0.6666 0.6586 0.6586
003 015 0.7161 0.1874 0.6666 0.6586
004 005 0.6666 0.6586 0.1874 0.7161
004 016 0.6666 0.1874 0.6586 0.1874
005 006 0.7161 0.6586 0.7161 0.6666
005 017 0.7161 0.6586 0.6586 0.6586
006 007 0.6666 0.6586 0.1874 0.6666
006 018 0.1874 0.6666 0.6586 0.1874
007 008 0.1874 0.7161 0.7161 0.6666
007 019 0.1874 0.6666 0.6586 0.1874
008 009 0.6586 0.6666 0.6586 0.1874
008 020 0.1874 0.6586 0.6586 0.6666
009 010 0.7161 0.1874 0.7161 0.6666
009 021 0.6586 0.6586 0.6586 0.7161
010 011 0.1874 0.7161 0.1874 0.7161
010 022 0.6586 0.6586 0.6666 0.7161
011 000 0.7161 0.1874 0.6666 0.7161
011 023 0.6586 0.7161 0.7161 0.7161
012 013 0.6666 0.1874 0.7161 0.1874
012 024 0.1874 0.6586 0.7161 0.7161
013 014 0.6586 0.6586 0.7161 0.1874
013 025 0.1874 0.6586 0.7161 0.1874
014 015 0.7161 0.7161 0.6586 0.6586
014 026 0.6666 0.6586 0.1874 0.7161
015 016 0.7161 0.1874 0.6586 0.1874
015 027 0.6586 0.1874 0.1874 0.6666
016 017 0.1874 0.7161 0.6666 0.7161
016 028 0.6666 0.6666 0.6586 0.7161
017 018 0.6666 0.1874 0.1874 0.6666
017 029 0.1874 0.7161 0.6666 0.6586
018 019 0.6586 0.6586 0.6586 0.1874
018 030 0.7161 0.7161 0.6586 0.1874
019 020 0.1874 0.6586 0.7161 0.7161
019 031 0.6586 0.6666 0.7161 0.1874
020 021 0.7161 0.6666 0.6586 0.7161
020 032 0.6586 0.6666 0.6586 0.6586
021 022 0.6586 0.1874 0.1874 0.6666
021 033 0.6666 0.6666 0.6586 0.1874
022 023 0.7161 0.7161 0.7161 0.1874
022 034 0.6586 0.6666 0.7161 0.6666
023 012 0.6586 0.6666 0.6586 0.6666
023 035 0.7161 0.6666 0.6666 0.6586
024 025 0.1874 0.7161 0.1874 0.1874
024 036 0.7161 0.6586 0.1874 0.1874
025 026 0.6586 0.7161 0.6666 0.6586
025 037 0.1874 0.6586 0.6666 0.6586
026 027 0.7161 0.7161 0.7161 0.6586
026 038 0.6666 0.6666 0.7161 0.6586
027 028 0.6666 0.7161 0.7161 0.1874
027 039 0.7161 0.6586 0.6666 0.6666
028 029 0.1874 0.6666 0.6586 0.7161
028 040 0.1874 0.6586 0.6666 0.6666
029 030 0.6666 0.6666 0.1874 0.6586
029 041 0.6586 0.1874 0.7161 0.1874
030 031 0.7161 0.6586 0.1874 0.1874
030 042 0.6586 0.6586 0.7161 0.6666
031 032 0.6666 0.1874 0.6666 0.6586
031 043 0.1874 0.7161 0.1874 0.1874
032 033 0.6586 0.7161 0.6666 0.6666
032 044 0.6666 0.6586 0.7161 0.6666
033 034 0.6586 0.1874 0.6586 0.6586
033 045 0.1874 0.6586 0.7161 0.1874
034 035 0.6586 0.6586 0.1874 0.1874
034 046 0.6586 0.6666 0.6586 0.7161
035 024 0.7161 0.6586 0.1874 0.7161
035 047 0.7161 0.1874 0.6666 0.1874
036 037 0.6586 0.7161 0.7161 0.7161
036 048 0.6666 0.7161 0.6666 0.7161
037 038 0.6586 0.6586 0.7161 0.1874
037 049 0.6586 0.1874 0.6586 0.1874
038 039 0.1874 0.1874 0.6666 0.1874
038 050 0.7161 0.6586 0.7161 0.7161
039 040 0.1874 0.6666 0.7161 0.1874
039 051 0.6666 0.1874 0.7161 0.6586
040 041 0.6666 0.7161 0.1874 0.6666
040 052 0.1874 0.1874 0.7161 0.6586
041 042 0.6666 0.6586 0.6666 0.7161
041 053 0.7161 0.7161 0.7161 0.6586
042 043 0.1874 0.6666 0.6666 0.6666
042 054 0.6586 0.1874 0.6586 0.1874
043 044 0.6586 0.7161 0.6666 0.7161
043 055 0.7161 0.7161 0.1874 0.1874
044 045 0.6666 0.1874 0.1874 0.7161
044 056 0.6666 0.1874 0.7161 0.1874
045 046 0.6666 0.6666 0.6666 0.1874
045 057 0.7161 0.6666 0.6666 0.7161
046 047 0.7161 0.1874 0.6586 0.6586
046 058 0.1874 0.6666 0.6586 0.6586
047 036 0.1874 0.6586 0.6666 0.7161
047 059 0.7161 0.7161 0.6666 0.1874
048 049 0.7161 0.7161 0.6666 0.1874
048 060 0.6586 0.1874 0.6666 0.6586
049 050 0.7161 0.6586 0.1874 0.6666
049 061 0.6586 0.7161 0.1874 0.1874
050 051 0.6666 0.7161 0.6586 0.1874
050 062 0.6586 0.7161 0.6666 0.6586
051 052 0.6586 0.6586 0.6586 0.6586
051 063 0.6586 0.6666 0.1874 0.6586
052 053 0.6666 0.6586 0.7161 0.7161
052 064 0.1874 0.7161 0.6666 0.6586
053 054 0.6666 0.1874 0.6586 0.1874
053 065 0.6666 0.6666 0.7161 0.1874
054 055 0.1874 0.7161 0.6586 0.1874
054 066 0.1874 0.6586 0.7161 0.6666
055 056 0.7161 0.7161 0.7161 0.7161
055 067 0.1874 0.7161 0.6586 0.7161
056 057 0.6666 0.6666 0.7161 0.1874
056 068 0.6586 0.7161 0.7161 0.6666
057 058 0.6666 0.6666 0.7161 0.1874
057 069 0.1874 0.6586 0.7161 0.1874
058 059 0.6666 0.6586 0.6586 0.6666
058 070 0.1874 0.6586 0.7161 0.6586
059 048 0.1874 0.7161 0.1874 0.6586
059 071 0.6586 0.6586 0.6586 0.6586
060 061 0.6666 0.1874 0.6666 0.6666
060 072 0.6586 0.6666 0.6666 0.1874
061 062 0.6666 0.7161 0.7161 0.6586
061 073 0.1874 0.6666 0.7161 0.6586
062 063 0.1874 0.7161 0.7161 0.6586
062 074 0.6666 0.1874 0.6666 0.6666
063 064 0.6586 0.6586 0.6666 0.7161
063 075 0.7161 0.6586 0.6586 0.1874
064 065 0.7161 0.7161 0.1874 0.7161
064 076 0.6666 0.1874 0.1874 0.6666
065 066 0.6586 0.1874 0.6586 0.7161
065 077 0.7161 0.6666 0.7161 0.7161
066 067 0.6586 0.1874 0.1874 0.6586
066 078 0.6586 0.6586 0.7161 0.1874
067 068 0.7161 0.6666 0.1874 0.7161
067 079 0.7161 0.6666 0.6586 0.1874
068 069 0.1874 0.1874 0.7161 0.1874
068 080 0.7161 0.6586 0.6586 0.6586
069 070 0.6586 0.6666 0.7161 0.1874
069 081 0.6666 0.7161 0.7161 0.1874
070 071 0.6666 0.6666 0.6666 0.6586
070 082 0.1874 0.7161 0.6666 0.6666
071 060 0.6586 0.1874 0.6666 0.6666
071 083 0.7161 0.6586 0.7161 0.6666
072 073 0.6586 0.1874 0.6586 0.7161
072 084 0.6666 0.6666 0.1874 0.7161
073 074 0.1874 0.1874 0.6586 0.1874
073 085 0.6666 0.7161 0.1874 0.1874
074 075 0.6666 0.7161 0.6586 0.6666
074 086 0.7161 0.6666 0.1874 0.6586
075 076 0.7161 0.1874 0.7161 0.1874
075 087 0.7161 0.7161 0.1874 0.6586
076 077 0.6586 0.7161 0.6666 0.6586
076 088 0.6586 0.7161 0.6586 0.6666
077 078 0.1874 0.6666 0.6586 0.7161
077 089 0.6666 0.6666 0.7161 0.6666
078 079 0.6586 0.7161 0.7161 0.1874
078 090 0.6586 0.1874 0.6586 0.6666
079 080 0.7161 0.6586 0.6586 0.7161
079 091 0.1874 0.6586 0.6666 0.6666
080 081 0.6666 0.6586 0.6666 0.7161
080 092 0.1874 0.7161 0.6666 0.6586
081 082 0.6666 0.6586 0.1874 0.6586
081 093 0.1874 0.6586 0.6586 0.6666
082 083 0.1874 0.1874 0.6666 0.1874
082 094 0.6586 0.6666 0.6666 0.6586
083 072 0.6666 0.6586 0.1874 0.6666
083 095 0.6586 0.6586 0.6666 0.6666
084 085 0.6586 0.1874 0.1874 0.6586
084 096 0.1874 0.7161 0.1874 0.6586
085 086 0.6666 0.7161 0.6586 0.7161
085 097 0.1874 0.7161 0.7161 0.7161
086 087 0.1874 0.6586 0.7161 0.6666
086 098 0.1874 0.6586 0.6586 0.6666
087 088 0.1874 0.1874 0.6666 0.6666
087 099 0.7161 0.1874 0.6666 0.6586
088 089 0.1874 0.7161 0.7161 0.6586
088 100 0.1874 0.6586 0.7161 0.1874
089 090 0.6666 0.1874 0.6586 0.6666
089 101 0.1874 0.6586 0.1874 0.6586
090 091 0.6666 0.6586 0.6586 0.6666
090 102 0.6586 0.7161 0.7161 0.1874
091 092 0.7161 0.6586 0.7161 0.6666
091 103 0.1874 0.7161 0.7161 0.7161
092 093 0.1874 0.1874 0.6666 0.1874
092 104 0.1874 0.6586 0.1874 0.6586
093 094 0.6586 0.7161 0.1874 0.1874
093 105 0.6666 0.7161 0.6586 0.1874
094 095 0.6666 0.1874 0.6666 0.7161
094 106 0.7161 0.1874 0.6586 0.1874
095 084 0.1874 0.7161 0.1874 0.1874
095 107 0.1874 0.7161 0.6666 0.6586
096 097 0.6666 0.6666 0.7161 0.6586
096 108 0.7161 0.6666 0.1874 0.1874
097 098 0.6666 0.6586 0.7161 0.7161
097 109 0.6666 0.1874 0.6586 0.7161
098 099 0.7161 0.1874 0.6586 0.6666
098 110 0.6586 0.1874 0.7161 0.6666
099 100 0.6666 0.7161 0.6586 0.1874
099 111 0.6666 0.7161 0.7161 0.7161
100 101 0.1874 0.1874 0.6586 0.6666
100 112 0.6666 0.6586 0.6666 0.1874
101 102 0.6666 0.1874 0.6586 0.6666
101 113 0.1874 0.6586 0.6586 0.1874
102 103 0.1874 0.1874 0.7161 0.6586
102 114 0.7161 0.6666 0.6666 0.1874
103 104 0.6666 0.1874 0.6586 0.1874
103 115 0.1874 0.6586 0.1874 0.6586
104 105 0.1874 0.7161 0.7161 0.6586
104 116 0.6666 0.6586 0.1874 0.6666
105 106 0.7161 0.7161 0.7161 0.7161
105 117 0.1874 0.7161 0.1874 0.7161
106 107 0.6666 0.7161 0.6666 0.6666
106 118 0.6666 0.7161 0.1874 0.1874
107 096 0.1874 0.6586 0.6666 0.7161
107 119 0.6586 0.6666 0.6666 0.1874
108 109 0.6666 0.1874 0.6586 0.6666
108 120 0.1874 0.1874 0.1874 0.6586
109 110 0.6666 0.6586 0.1874 0.6586
109 121 0.7161 0.6666 0.6666 0.6586
110 111 0.7161 0.6586 0.1874 0.7161
110 122 0.7161 0.1874 0.6666 0.1874
111 112 0.6586 0.6666 0.7161 0.6666
111 123 0.6666 0.1874 0.7161 0.1874
112 113 0.1874 0.7161 0.6666 0.6666
112 124 0.6586 0.1874 0.7161 0.6586
113 114 0.7161 0.6586 0.1874 0.6666
113 125 0.1874 0.6666 0.7161 0.6666
114 115 0.1874 0.6666 0.6666 0.6666
114 126 0.6666 0.1874 0.7161 0.1874
115 116 0.1874 0.6586 0.1874 0.7161
115 127 0.6586 0.6666 0.6586 0.7161
116 117 0.7161 0.1874 0.7161 0.1874
116 128 0.7161 0.1874 0.1874 0.7161
117 118 0.6586 0.7161 0.6586 0.7161
117 129 0.6586 0.1874 0.1874 0.1874
118 119 0.7161 0.6666 0.1874 0.6666
118 130 0.7161 0.6666 0.1874 0.6666
119 108 0.6666 0.7161 0.1874 0.6666
119 131 0.7161 0.7161 0.7161 0.1874
120 121 0.1874 0.6586 0.7161 0.6666
120 132 0.6586 0.6666 0.6666 0.6586
121 122 0.1874 0.7161 0.6666 0.7161
121 133 0.1874 0.6666 0.7161 0.7161
122 123 0.7161 0.6666 0.6666 0.7161
122 134 0.6666 0.7161 0.6586 0.6586
123 124 0.1874 0.6586 0.6666 0.6666
123 135 0.6586 0.6586 0.6666 0.6666
124 125 0.6666 0.7161 0.6666 0.1874
124 136 0.6586 0.1874 0.1874 0.7161
125 126 0.1874 0.6586 0.6666 0.7161
125 137 0.1874 0.6586 0.6666 0.1874
126 127 0.1874 0.6586 0.6666 0.7161
126 138 0.7161 0.7161 0.6586 0.6586
127 128 0.1874 0.6666 0.6666 0.6666
127 139 0.6586 0.1874 0.7161 0.6666
128 129 0.7161 0.6666 0.6586 0.6666
128 140 0.7161 0.6586 0.7161 0.7161
129 130 0.6586 0.6586 0.7161 0.1874
129 141 0.6666 0.6586 0.6586 0.1874
130 131 0.7161 0.6586 0.1874 0.6586
130 142 0.6666 0.1874 0.6586 0.1874
131 120 0.7161 0.6586 0.6666 0.6586
131 011 0.6586 0.7161 0.7161 0.7161
132 133 0.6666 0.1874 0.6586 0.7161
132 000 0.7161 0.6586 0.1874 0.6586
133 134 0.1874 0.6666 0.6586 0.6666
133 001 0.7161 0.6586 0.1874 0.6586
134 135 0.6666 0.6586 0.6666 0.6586
134 002 0.6666 0.6666 0.7161 0.7161
135 136 0.6586 0.1874 0.7161 0.7161
135 003 0.1874 0.6586 0.6666 0.7161
136 137 0.6666 0.1874 0.6586 0.1874
136 004 0.6586 0.1874 0.6666 0.7161
137 138 0.6666 0.1874 0.6666 0.1874
137 005 0.1874 0.6586 0.6666 0.7161
138 139 0.7161 0.1874 0.1874 0.1874
138 006 0.6586 0.6666 0.6666 0.6586
139 140 0.6586 0.6586 0.7161 0.7161
139 007 0.7161 0.1874 0.7161 0.7161
140 141 0.6666 0.1874 0.6586 0.6666
140 008 0.1874 0.6586 0.1874 0.1874
141 142 0.6586 0.1874 0.6666 0.7161
141 009 0.7161 0.6666 0.6586 0.6586
142 132 0.1874 0.6666 0.6586 0.7161
142 010 0.6666 0.6586 0.6666 0.1874
