143 002556 2 286
000 001 0.5925 0.1578 0.5925 0.5925
000 012 0.7292 0.1578 0.7292 0.5925
001 002 0.1578 0.1578 0.5925 0.1578
001 013 0.5925 0.7292 0.1578 0.7292
002 003 0.7292 0.1578 0.7292 0.5925
002 014 0.7292 0.7292 0.1578 0.3453
003 004 0.3453 0.3453 0.1578 0.3453
003 015 0.1578 0.1578 0.5925 0.7292
004 005 0.1578 0.1578 0.7292 0.1578
004 016 0.7292 0.1578 0.7292 0.3453
005 006 0.5925 0.5925 0.5925 0.5925
005 017 0.7292 0.5925 0.7292 0.3453
006 007 0.7292 0.1578 0.5925 0.3453
006 018 0.3453 0.7292 0.1578 0.1578
007 008 0.5925 0.5925 0.7292 0.1578
007 019 0.5925 0.1578 0.1578 0.5925
008 009 0.3453 0.3453 0.1578 0.1578
008 020 0.7292 0.7292 0.1578 0.1578
009 010 0.7292 0.1578 0.3453 0.7292
009 021 0.7292 0.3453 0.3453 0.3453
010 011 0.3453 0.1578 0.3453 0.7292
010 022 0.7292 0.1578 0.5925 0.7292
011 000 0.1578 0.7292 0.1578 0.7292
011 023 0.1578 0.1578 0.3453 0.1578
012 013 0.3453 0.1578 0.1578 0.7292
012 024 0.7292 0.5925 0.5925 0.1578
013 014 0.3453 0.5925 0.1578 0.5925
013 025 0.5925 0.3453 0.1578 0.7292
014 015 0.1578 0.7292 0.1578 0.3453
014 026 0.7292 0.3453 0.3453 0.1578
015 016 0.5925 0.5925 0.5925 0.5925
015 027 0.1578 0.5925 0.1578 0.7292
016 017 0.5925 0.7292 0.7292 0.5925
016 028 0.3453 0.7292 0.1578 0.1578
017 018 0.3453 0.5925 0.1578 0.3453
017 029 0.5925 0.5925 0.3453 0.3453
018 019 0.5925 0.5925 0.7292 0.7292
018 030 0.5925 0.7292 0.1578 0.1578
019 020 0.7292 0.5925 0.1578 0.3453
019 031 0.5925 0.3453 0.1578 0.7292
020 021 0.7292 0.3453 0.3453 0.7292
020 032 0.3453 0.1578 0.1578 0.7292
021 022 0.5925 0.7292 0.1578 0.5925
021 033 0.1578 0.1578 0.3453 0.7292
022 023 0.3453 0.7292 0.5925 0.5925
022 034 0.5925 0.5925 0.5925 0.3453
023 012 0.5925 0.1578 0.7292 0.7292
023 035 0.1578 0.3453 0.7292 0.1578
024 025 0.1578 0.1578 0.7292 0.3453
024 036 0.3453 0.1578 0.1578 0.3453
025 026 0.7292 0.1578 0.5925 0.1578
025 037 0.1578 0.5925 0.1578 0.1578
026 027 0.3453 0.5925 0.5925 0.5925
026 038 0.5925 0.5925 0.1578 0.3453
027 028 0.7292 0.3453 0.7292 0.5925
027 039 0.3453 0.3453 0.5925 0.5925
028 029 0.3453 0.7292 0.5925 0.1578
028 040 0.7292 0.5925 0.5925 0.3453
029 030 0.1578 0.5925 0.1578 0.3453
029 041 0.5925 0.5925 0.3453 0.3453
030 031 0.5925 0.3453 0.1578 0.3453
030 042 0.3453 0.5925 0.7292 0.3453
031 032 0.5925 0.1578 0.7292 0.1578
031 043 0.1578 0.3453 0.5925 0.1578
032 033 0.7292 0.7292 0.3453 0.5925
032 044 0.5925 0.5925 0.1578 0.5925
033 034 0.1578 0.5925 0.1578 0.5925
033 045 0.7292 0.3453 0.7292 0.1578
034 035 0.3453 0.1578 0.1578 0.7292
034 046 0.3453 0.7292 0.1578 0.7292
035 024 0.1578 0.3453 0.1578 0.1578
035 047 0.7292 0.7292 0.7292 0.1578
036 037 0.5925 0.1578 0.5925 0.7292
036 048 0.1578 0.3453 0.7292 0.7292
037 038 0.3453 0.5925 0.3453 0.7292
037 049 0.7292 0.1578 0.7292 0.7292
038 039 0.3453 0.7292 0.5925 0.7292
038 050 0.7292 0.7292 0.7292 0.5925
039 040 0.1578 0.1578 0.7292 0.5925
039 051 0.7292 0.7292 0.3453 0.3453
040 041 0.1578 0.1578 0.1578 0.3453
040 052 0.5925 0.7292 0.5925 0.7292
041 042 0.1578 0.5925 0.1578 0.1578
041 053 0.5925 0.7292 0.5925 0.7292
042 043 0.5925 0.1578 0.7292 0.7292
042 054 0.3453 0.3453 0.1578 0.5925
043 044 0.3453 0.3453 0.3453 0.5925
043 055 0.7292 0.3453 0.7292 0.5925
044 045 0.7292 0.3453 0.3453 0.1578
044 056 0.1578 0.3453 0.7292 0.5925
045 046 0.3453 0.7292 0.1578 0.3453
045 057 0.3453 0.1578 0.3453 0.1578
046 047 0.7292 0.5925 0.7292 0.1578
046 058 0.3453 0.7292 0.7292 0.1578
047 036 0.3453 0.3453 0.7292 0.7292
047 059 0.5925 0.1578 0.3453 0.5925
048 049 0.5925 0.1578 0.5925 0.1578
048 060 0.5925 0.7292 0.5925 0.1578
049 050 0.1578 0.7292 0.3453 0.5925
049 061 0.3453 0.5925 0.5925 0.7292
050 051 0.5925 0.5925 0.3453 0.1578
050 062 0.7292 0.3453 0.7292 0.3453
051 052 0.5925 0.1578 0.5925 0.5925
051 063 0.7292 0.1578 0.1578 0.1578
052 053 0.3453 0.1578 0.1578 0.1578
052 064 0.3453 0.7292 0.3453 0.7292
053 054 0.1578 0.5925 0.3453 0.3453
053 065 0.3453 0.7292 0.5925 0.5925
054 055 0.1578 0.1578 0.5925 0.3453
054 066 0.5925 0.1578 0.7292 0.5925
055 056 0.7292 0.5925 0.3453 0.3453
055 067 0.5925 0.5925 0.3453 0.1578
056 057 0.5925 0.5925 0.5925 0.3453
056 068 0.5925 0.1578 0.7292 0.1578
057 058 0.7292 0.1578 0.5925 0.1578
057 069 0.7292 0.7292 0.7292 0.5925
058 059 0.3453 0.1578 0.7292 0.7292
058 070 0.7292 0.3453 0.5925 0.3453
059 048 0.5925 0.7292 0.3453 0.3453
059 071 0.7292 0.7292 0.5925 0.5925
060 061 0.3453 0.3453 0.3453 0.5925
060 072 0.7292 0.1578 0.1578 0.3453
061 062 0.7292 0.5925 0.7292 0.5925
061 073 0.3453 0.3453 0.1578 0.5925
062 063 0.3453 0.1578 0.1578 0.3453
062 074 0.7292 0.5925 0.1578 0.1578
063 064 0.7292 0.3453 0.1578 0.5925
063 075 0.3453 0.7292 0.5925 0.7292
064 065 0.3453 0.1578 0.5925 0.5925
064 076 0.5925 0.3453 0.5925 0.7292
065 066 0.1578 0.5925 0.5925 0.3453
065 077 0.5925 0.7292 0.5925 0.1578
066 067 0.3453 0.7292 0.3453 0.7292
066 078 0.1578 0.5925 0.7292 0.1578
067 068 0.3453 0.7292 0.3453 0.3453
067 079 0.3453 0.1578 0.7292 0.5925
068 069 0.1578 0.1578 0.5925 0.1578
068 080 0.1578 0.3453 0.5925 0.5925
069 070 0.7292 0.5925 0.5925 0.3453
069 081 0.7292 0.1578 0.5925 0.7292
070 071 0.7292 0.3453 0.1578 0.5925
070 082 0.3453 0.7292 0.1578 0.1578
071 060 0.3453 0.7292 0.3453 0.5925
071 083 0.1578 0.5925 0.5925 0.7292
072 073 0.5925 0.7292 0.7292 0.1578
072 084 0.1578 0.5925 0.5925 0.5925
073 074 0.7292 0.1578 0.5925 0.3453
073 085 0.7292 0.5925 0.5925 0.7292
074 075 0.3453 0.1578 0.5925 0.1578
074 086 0.5925 0.1578 0.5925 0.1578
075 076 0.3453 0.1578 0.5925 0.1578
075 087 0.3453 0.1578 0.1578 0.7292
076 077 0.1578 0.3453 0.7292 0.7292
076 088 0.3453 0.5925 0.3453 0.7292
077 078 0.3453 0.5925 0.7292 0.7292
077 089 0.5925 0.7292 0.7292 0.3453
078 079 0.1578 0.1578 0.1578 0.7292
078 090 0.7292 0.7292 0.7292 0.3453
079 080 0.3453 0.7292 0.5925 0.1578
079 091 0.3453 0.7292 0.7292 0.3453
080 081 0.1578 0.7292 0.3453 0.3453
080 092 0.7292 0.5925 0.7292 0.3453
081 082 0.1578 0.5925 0.5925 0.1578
081 093 0.5925 0.5925 0.5925 0.3453
082 083 0.5925 0.7292 0.3453 0.7292
082 094 0.7292 0.5925 0.7292 0.3453
083 072 0.3453 0.1578 0.5925 0.7292
083 095 0.1578 0.7292 0.5925 0.5925
084 085 0.3453 0.3453 0.5925 0.7292
084 096 0.1578 0.7292 0.3453 0.5925
085 086 0.7292 0.7292 0.3453 0.1578
085 097 0.5925 0.7292 0.1578 0.7292
086 087 0.5925 0.1578 0.1578 0.1578
086 098 0.5925 0.1578 0.1578 0.3453
087 088 0.3453 0.7292 0.5925 0.5925
087 099 0.3453 0.5925 0.7292 0.3453
088 089 0.7292 0.5925 0.7292 0.1578
088 100 0.3453 0.3453 0.5925 0.5925
089 090 0.7292 0.7292 0.3453 0.3453
089 101 0.1578 0.1578 0.5925 0.7292
090 091 0.7292 0.3453 0.3453 0.5925
090 102 0.5925 0.7292 0.1578 0.3453
091 092 0.7292 0.3453 0.5925 0.3453
091 103 0.3453 0.1578 0.1578 0.3453
092 093 0.5925 0.5925 0.3453 0.3453
092 104 0.1578 0.5925 0.7292 0.3453
093 094 0.1578 0.1578 0.3453 0.7292
093 105 0.7292 0.3453 0.5925 0.7292
094 095 0.7292 0.5925 0.5925 0.5925
094 106 0.5925 0.3453 0.3453 0.3453
095 084 0.3453 0.5925 0.3453 0.7292
095 107 0.5925 0.1578 0.3453 0.3453
096 097 0.7292 0.7292 0.1578 0.5925
096 108 0.5925 0.5925 0.3453 0.3453
097 098 0.7292 0.3453 0.5925 0.3453
097 109 0.7292 0.7292 0.5925 0.7292
098 099 0.7292 0.7292 0.5925 0.5925
098 110 0.1578 0.1578 0.1578 0.3453
099 100 0.7292 0.1578 0.1578 0.3453
099 111 0.1578 0.7292 0.1578 0.1578
100 101 0.3453 0.7292 0.5925 0.7292
100 112 0.5925 0.7292 0.3453 0.5925
101 102 0.5925 0.1578 0.3453 0.7292
101 113 0.7292 0.3453 0.7292 0.3453
102 103 0.3453 0.7292 0.1578 0.1578
102 114 0.7292 0.3453 0.1578 0.1578
103 104 0.7292 0.1578 0.1578 0.1578
103 115 0.7292 0.3453 0.5925 0.7292
104 105 0.7292 0.5925 0.7292 0.7292
104 116 0.7292 0.7292 0.1578 0.5925
105 106 0.3453 0.5925 0.5925 0.1578
105 117 0.5925 0.1578 0.3453 0.5925
106 107 0.3453 0.3453 0.3453 0.1578
106 118 0.5925 0.7292 0.7292 0.3453
107 096 0.3453 0.5925 0.5925 0.5925
107 119 0.7292 0.3453 0.3453 0.3453
108 109 0.3453 0.1578 0.1578 0.7292
108 120 0.5925 0.1578 0.3453 0.7292
109 110 0.5925 0.3453 0.3453 0.5925
109 121 0.1578 0.3453 0.1578 0.5925
110 111 0.1578 0.7292 0.7292 0.5925
110 122 0.1578 0.5925 0.5925 0.7292
111 112 0.5925 0.5925 0.7292 0.7292
111 123 0.3453 0.3453 0.7292 0.1578
112 113 0.7292 0.1578 0.7292 0.5925
112 124 0.7292 0.5925 0.5925 0.1578
113 114 0.1578 0.1578 0.1578 0.5925
113 125 0.3453 0.1578 0.5925 0.5925
114 115 0.1578 0.1578 0.5925 0.7292
114 126 0.1578 0.5925 0.3453 0.5925
115 116 0.1578 0.7292 0.5925 0.3453
115 127 0.3453 0.5925 0.7292 0.7292
116 117 0.1578 0.1578 0.5925 0.7292
116 128 0.5925 0.7292 0.3453 0.3453
117 118 0.5925 0.5925 0.5925 0.1578
117 129 0.5925 0.3453 0.5925 0.5925
118 119 0.5925 0.1578 0.1578 0.5925
118 130 0.5925 0.1578 0.5925 0.1578
119 108 0.3453 0.5925 0.1578 0.1578
119 131 0.1578 0.7292 0.5925 0.1578
120 121 0.1578 0.3453 0.7292 0.7292
120 132 0.3453 0.5925 0.1578 0.3453
121 122 0.1578 0.1578 0.1578 0.7292
121 133 0.3453 0.3453 0.1578 0.5925
122 123 0.5925 0.7292 0.7292 0.1578
122 134 0.3453 0.7292 0.7292 0.5925
123 124 0.5925 0.1578 0.5925 0.7292
123 135 0.5925 0.7292 0.7292 0.1578
124 125 0.5925 0.3453 0.1578 0.3453
124 136 0.5925 0.7292 0.5925 0.3453
125 126 0.5925 0.1578 0.3453 0.5925
125 137 0.3453 0.5925 0.5925 0.5925
126 127 0.5925 0.5925 0.3453 0.1578
126 138 0.7292 0.5925 0.7292 0.1578
127 128 0.1578 0.3453 0.5925 0.1578
127 139 0.3453 0.3453 0.7292 0.7292
128 129 0.5925 0.7292 0.7292 0.1578
128 140 0.3453 0.5925 0.5925 0.1578
129 130 0.1578 0.5925 0.5925 0.1578
129 141 0.5925 0.1578 0.1578 0.1578
130 131 0.5925 0.7292 0.5925 0.5925
130 142 0.3453 0.7292 0.1578 0.5925
131 120 0.3453 0.1578 0.1578 0.7292
131 011 0.3453 0.5925 0.1578 0.1578
132 133 0.7292 0.3453 0.5925 0.5925
132 000 0.1578 0.1578 0.5925 0.7292
133 134 0.1578 0.3453 0.1578 0.5925
133 001 0.1578 0.1578 0.7292 0.1578
134 135 0.5925 0.1578 0.1578 0.7292
134 002 0.7292 0.5925 0.1578 0.1578
135 136 0.7292 0.7292 0.3453 0.1578
135 003 0.7292 0.7292 0.1578 0.3453
136 137 0.7292 0.3453 0.3453 0.7292
136 004 0.7292 0.3453 0.5925 0.5925
137 138 0.3453 0.1578 0.1578 0.5925
137 005 0.7292 0.1578 0.5925 0.5925
138 139 0.1578 0.5925 0.3453 0.5925
138 006 0.1578 0.7292 0.3453 0.7292
139 140 0.3453 0.1578 0.1578 0.5925
139 007 0.5925 0.1578 0.7292 0.1578
140 141 0.7292 0.3453 0.3453 0.3453
140 008 0.5925 0.7292 0.3453 0.5925
141 142 0.3453 0.1578 0.5925 0.5925
141 009 0.3453 0.5925 0.7292 0.5925
142 132 0.5925 0.1578 0.3453 0.5925
142 010 0.1578 0.3453 0.5925 0.1578
