143 002556 2 286
000 001 0.7571 0.2119 0.4063 0.4003
000 012 0.4063 0.4063 0.4003 0.4003
001 002 0.2119 0.4063 0.2119 0.2119
001 013 0.2119 0.4063 0.2119 0.2119
002 003 0.4003 0.4003 0.4063 0.7571
002 014 0.4003 0.4003 0.2119 0.4063
003 004 0.4063 0.2119 0.4003 0.4003
003 015 0.4063 0.2119 0.4063 0.4003
004 005 0.7571 0.4063 0.2119 0.4003
004 016 0.7571 0.7571 0.2119 0.4063
005 006 0.4003 0.7571 0.4003 0.2119
005 017 0.2119 0.4063 0.4003 0.4063
006 007 0.4003 0.4003 0.7571 0.4063
006 018 0.4063 0.4003 0.7571 0.2119
007 008 0.7571 0.7571 0.7571 0.2119
007 019 0.7571 0.2119 0.4003 0.4003
008 009 0.4003 0.4063 0.2119 0.2119
008 020 0.7571 0.2119 0.4063 0.7571
009 010 0.7571 0.4003 0.4063 0.4063
009 021 0.2119 0.7571 0.7571 0.4063
010 011 0.4063 0.7571 0.7571 0.2119
010 022 0.2119 0.4003 0.4003 0.4063
011 000 0.2119 0.4063 0.4003 0.4003
011 023 0.4003 0.4063 0.2119 0.4063
012 013 0.4003 0.4003 0.4063 0.4003
012 024 0.4063 0.4003 0.4063 0.4003
013 014 0.7571 0.7571 0.2119 0.4003
013 025 0.4003 0.4003 0.4003 0.4003
014 015 0.2119 0.7571 0.4003 0.7571
014 026 0.7571 0.4003 0.2119 0.4003
015 016 0.4063 0.4003 0.2119 0.4003
015 027 0.4003 0.4003 0.4063 0.4003
016 017 0.4003 0.7571 0.4063 0.7571
016 028 0.4063 0.4003 0.4063 0.2119
017 018 0.4063 0.7571 0.7571 0.2119
017 029 0.4003 0.7571 0.4063 0.7571
018 019 0.4063 0.7571 0.4003 0.2119
018 030 0.7571 0.4003 0.4063 0.4063
019 020 0.4003 0.4063 0.2119 0.7571
019 031 0.4063 0.4063 0.4003 0.4063
020 021 0.2119 0.7571 0.2119 0.7571
020 032 0.4003 0.4063 0.7571 0.4003
021 022 0.4063 0.2119 0.4063 0.4063
021 033 0.4003 0.2119 0.4063 0.4063
022 023 0.7571 0.2119 0.7571 0.4063
022 034 0.4003 0.2119 0.4003 0.4003
023 012 0.4063 0.4063 0.2119 0.4003
023 035 0.7571 0.7571 0.7571 0.2119
024 025 0.4063 0.7571 0.7571 0.4003
024 036 0.4063 0.4063 0.4063 0.4003
025 026 0.4003 0.4063 0.4003 0.2119
025 037 0.7571 0.7571 0.4063 0.4063
026 027 0.4003 0.4063 0.4063 0.7571
026 038 0.4003 0.4063 0.7571 0.2119
027 028 0.4063 0.4003 0.4003 0.7571
027 039 0.4063 0.7571 0.4003 0.4063
028 029 0.2119 0.4063 0.2119 0.7571
028 040 0.7571 0.2119 0.2119 0.4063
029 030 0.7571 0.7571 0.2119 0.2119
029 041 0.7571 0.7571 0.2119 0.7571
030 031 0.4003 0.7571 0.2119 0.4003
030 042 0.4003 0.4003 0.4003 0.2119
031 032 0.7571 0.4003 0.7571 0.4003
031 043 0.4063 0.4003 0.2119 0.4003
032 033 0.4063 0.4003 0.4003 0.7571
032 044 0.4063 0.2119 0.2119 0.4063
033 034 0.7571 0.4003 0.7571 0.7571
033 045 0.2119 0.2119 0.4003 0.7571
034 035 0.2119 0.7571 0.4063 0.2119
034 046 0.4003 0.7571 0.4063 0.2119
035 024 0.2119 0.2119 0.7571 0.4063
035 047 0.2119 0.2119 0.4003 0.4003
036 037 0.4063 0.4003 0.7571 0.2119
036 048 0.4003 0.2119 0.7571 0.4003
037 038 0.2119 0.7571 0.4003 0.4003
037 049 0.2119 0.4003 0.4003 0.7571
038 039 0.4003 0.4063 0.2119 0.4003
038 050 0.2119 0.4003 0.4063 0.2119
039 040 0.4003 0.4003 0.7571 0.4003
039 051 0.4063 0.2119 0.7571 0.2119
040 041 0.2119 0.4063 0.2119 0.4063
040 052 0.4063 0.4063 0.4003 0.4003
041 042 0.4063 0.4063 0.4003 0.2119
041 053 0.4003 0.7571 0.4003 0.7571
042 043 0.4003 0.4063 0.7571 0.4003
042 054 0.4003 0.7571 0.2119 0.7571
043 044 0.4003 0.2119 0.4063 0.4003
043 055 0.4063 0.4003 0.2119 0.4003
044 045 0.4063 0.4063 0.4063 0.7571
044 056 0.4003 0.2119 0.2119 0.7571
045 046 0.2119 0.4003 0.4003 0.4003
045 057 0.2119 0.7571 0.7571 0.2119
046 047 0.4063 0.4063 0.4003 0.7571
046 058 0.7571 0.2119 0.7571 0.2119
047 036 0.4063 0.4003 0.2119 0.4003
047 059 0.2119 0.4063 0.7571 0.2119
048 049 0.7571 0.2119 0.4003 0.2119
048 060 0.7571 0.2119 0.4003 0.4003
049 050 0.2119 0.7571 0.7571 0.4063
049 061 0.7571 0.4003 0.4063 0.2119
050 051 0.2119 0.4063 0.7571 0.4003
050 062 0.4003 0.4003 0.7571 0.4063
051 052 0.2119 0.4063 0.4063 0.2119
051 063 0.7571 0.4063 0.2119 0.7571
052 053 0.4063 0.4003 0.4063 0.2119
052 064 0.2119 0.2119 0.4003 0.2119
053 054 0.4003 0.2119 0.7571 0.4063
053 065 0.4003 0.2119 0.4003 0.7571
054 055 0.7571 0.4003 0.4003 0.2119
054 066 0.2119 0.7571 0.7571 0.7571
055 056 0.4003 0.4003 0.7571 0.4003
055 067 0.4063 0.7571 0.2119 0.2119
056 057 0.2119 0.4003 0.4063 0.4063
056 068 0.4063 0.4003 0.4003 0.2119
057 058 0.4003 0.7571 0.4063 0.4003
057 069 0.2119 0.4003 0.4003 0.2119
058 059 0.7571 0.4003 0.4063 0.4003
058 070 0.2119 0.7571 0.4003 0.2119
059 048 0.4003 0.4003 0.4063 0.4003
059 071 0.4003 0.4003 0.4063 0.2119
060 061 0.7571 0.4063 0.2119 0.4003
060 072 0.4003 0.4063 0.7571 0.4063
061 062 0.4063 0.7571 0.4063 0.7571
061 073 0.2119 0.2119 0.2119 0.4003
062 063 0.7571 0.4063 0.4063 0.4063
062 074 0.4063 0.4063 0.4063 0.4003
063 064 0.2119 0.4063 0.4003 0.7571
063 075 0.4003 0.4003 0.2119 0.7571
064 065 0.4063 0.4003 0.4003 0.7571
064 076 0.4003 0.4003 0.2119 0.4063
065 066 0.4003 0.4003 0.4003 0.4063
065 077 0.4003 0.4063 0.4063 0.4063
066 067 0.7571 0.4063 0.2119 0.2119
066 078 0.4003 0.4063 0.4003 0.4063
067 068 0.4063 0.2119 0.4003 0.4063
067 079 0.7571 0.4063 0.4003 0.4003
068 069 0.4003 0.7571 0.4063 0.4063
068 080 0.7571 0.4063 0.4063 0.4063
069 070 0.2119 0.4063 0.7571 0.4003
069 081 0.2119 0.4063 0.4063 0.7571
070 071 0.7571 0.4003 0.7571 0.2119
070 082 0.4063 0.2119 0.2119 0.2119
071 060 0.4063 0.7571 0.4003 0.2119
071 083 0.7571 0.4063 0.4003 0.4063
072 073 0.4003 0.4063 0.4063 0.4063
072 084 0.4003 0.4063 0.2119 0.4063
073 074 0.2119 0.4063 0.7571 0.7571
073 085 0.4063 0.7571 0.4003 0.4003
074 075 0.4063 0.2119 0.4063 0.7571
074 086 0.4003 0.7571 0.2119 0.4003
075 076 0.4063 0.7571 0.7571 0.4063
075 087 0.4003 0.4003 0.4003 0.7571
076 077 0.2119 0.4063 0.4003 0.7571
076 088 0.4003 0.7571 0.7571 0.4063
077 078 0.2119 0.4003 0.4063 0.4003
077 089 0.7571 0.2119 0.4003 0.4063
078 079 0.2119 0.7571 0.4063 0.4003
078 090 0.4003 0.2119 0.2119 0.4003
079 080 0.4003 0.7571 0.2119 0.2119
079 091 0.2119 0.7571 0.2119 0.7571
080 081 0.2119 0.7571 0.7571 0.4063
080 092 0.4003 0.2119 0.2119 0.4063
081 082 0.4063 0.2119 0.2119 0.4063
081 093 0.2119 0.4003 0.7571 0.7571
082 083 0.7571 0.7571 0.7571 0.4003
082 094 0.4003 0.7571 0.7571 0.4063
083 072 0.4003 0.4003 0.7571 0.4003
083 095 0.2119 0.4003 0.4063 0.4003
084 085 0.4003 0.4063 0.2119 0.4003
084 096 0.4003 0.4003 0.7571 0.4063
085 086 0.4003 0.4063 0.2119 0.4063
085 097 0.4063 0.4063 0.2119 0.4063
086 087 0.4003 0.4003 0.4063 0.4063
086 098 0.2119 0.4063 0.4063 0.2119
087 088 0.4063 0.4063 0.2119 0.7571
087 099 0.2119 0.2119 0.2119 0.2119
088 089 0.7571 0.2119 0.4063 0.7571
088 100 0.7571 0.2119 0.2119 0.7571
089 090 0.2119 0.4003 0.4063 0.7571
089 101 0.4063 0.4063 0.4063 0.2119
090 091 0.2119 0.4063 0.2119 0.7571
090 102 0.4063 0.2119 0.4063 0.4003
091 092 0.7571 0.7571 0.2119 0.4063
091 103 0.4003 0.4003 0.7571 0.4003
092 093 0.4063 0.4003 0.4063 0.7571
092 104 0.4003 0.2119 0.4063 0.4003
093 094 0.2119 0.2119 0.4063 0.2119
093 105 0.4003 0.7571 0.4003 0.2119
094 095 0.4003 0.4003 0.2119 0.7571
094 106 0.4063 0.2119 0.2119 0.7571
095 084 0.4063 0.4063 0.2119 0.4003
095 107 0.2119 0.2119 0.7571 0.4063
096 097 0.7571 0.4003 0.4003 0.4063
096 108 0.4063 0.4003 0.4063 0.2119
097 098 0.4063 0.7571 0.7571 0.4003
097 109 0.4003 0.4063 0.7571 0.4063
098 099 0.4003 0.2119 0.7571 0.2119
098 110 0.2119 0.4003 0.4063 0.4003
099 100 0.2119 0.2119 0.2119 0.4003
099 111 0.4063 0.4003 0.4003 0.7571
100 101 0.2119 0.2119 0.7571 0.2119
100 112 0.4003 0.7571 0.4063 0.2119
101 102 0.7571 0.7571 0.4003 0.2119
101 113 0.2119 0.4063 0.7571 0.7571
102 103 0.4063 0.7571 0.7571 0.4003
102 114 0.2119 0.2119 0.2119 0.2119
103 104 0.7571 0.4063 0.4003 0.2119
103 115 0.4063 0.4063 0.2119 0.4063
104 105 0.4063 0.4003 0.2119 0.4003
104 116 0.4063 0.7571 0.4003 0.2119
105 106 0.7571 0.4003 0.2119 0.7571
105 117 0.4063 0.2119 0.4063 0.4003
106 107 0.7571 0.7571 0.4063 0.7571
106 118 0.4063 0.2119 0.2119 0.4003
107 096 0.4003 0.2119 0.2119 0.2119
107 119 0.4003 0.2119 0.7571 0.2119
108 109 0.4003 0.4003 0.4003 0.4003
108 120 0.7571 0.7571 0.4003 0.2119
109 110 0.4063 0.4003 0.7571 0.4003
109 121 0.7571 0.7571 0.4003 0.7571
110 111 0.4063 0.7571 0.4003 0.4063
110 122 0.2119 0.7571 0.2119 0.7571
111 112 0.4063 0.4003 0.7571 0.7571
111 123 0.4003 0.7571 0.4003 0.2119
112 113 0.4063 0.4003 0.7571 0.4003
112 124 0.7571 0.4003 0.7571 0.7571
113 114 0.4063 0.7571 0.2119 0.4063
113 125 0.4063 0.4063 0.4003 0.2119
114 115 0.7571 0.4003 0.2119 0.4063
114 126 0.4063 0.4003 0.4003 0.2119
115 116 0.2119 0.4063 0.4003 0.4063
115 127 0.2119 0.4003 0.2119 0.4063
116 117 0.2119 0.4003 0.4063 0.7571
116 128 0.4003 0.4063 0.7571 0.4063
117 118 0.2119 0.2119 0.4003 0.4063
117 129 0.7571 0.7571 0.7571 0.7571
118 119 0.4003 0.7571 0.2119 0.7571
118 130 0.7571 0.4003 0.4003 0.2119
119 108 0.4003 0.4003 0.4003 0.4063
119 131 0.4063 0.2119 0.2119 0.2119
120 121 0.4003 0.4003 0.4063 0.2119
120 132 0.4003 0.2119 0.4063 0.4003
121 122 0.4063 0.4003 0.2119 0.2119
121 133 0.7571 0.4063 0.4063 0.4063
122 123 0.4003 0.4063 0.2119 0.7571
122 134 0.7571 0.7571 0.4003 0.7571
123 124 0.4063 0.7571 0.7571 0.2119
123 135 0.2119 0.2119 0.4063 0.4003
124 125 0.4003 0.4003 0.4063 0.4063
124 136 0.4063 0.4003 0.2119 0.4063
125 126 0.4003 0.2119 0.7571 0.2119
125 137 0.4003 0.7571 0.4063 0.2119
126 127 0.2119 0.4003 0.2119 0.4003
126 138 0.2119 0.2119 0.4063 0.7571
127 128 0.7571 0.2119 0.7571 0.2119
127 139 0.4003 0.2119 0.2119 0.7571
128 129 0.4063 0.2119 0.7571 0.2119
128 140 0.4063 0.7571 0.4063 0.2119
129 130 0.4003 0.4063 0.4003 0.7571
129 141 0.4003 0.4063 0.4003 0.4063
130 131 0.2119 0.4003 0.7571 0.4063
130 142 0.2119 0.4003 0.2119 0.2119
131 120 0.4003 0.2119 0.2119 0.2119
131 011 0.2119 0.4063 0.4003 0.4063
132 133 0.4003 0.4003 0.2119 0.7571
132 000 0.2119 0.7571 0.4003 0.2119
133 134 0.2119 0.2119 0.2119 0.4063
133 001 0.4003 0.7571 0.4003 0.7571
134 135 0.2119 0.2119 0.4003 0.4063
134 002 0.2119 0.2119 0.7571 0.7571
135 136 0.7571 0.4063 0.2119 0.7571
135 003 0.4003 0.7571 0.4063 0.7571
136 137 0.2119 0.7571 0.4063 0.7571
136 004 0.2119 0.4003 0.7571 0.2119
137 138 0.2119 0.4003 0.4003 0.4003
137 005 0.7571 0.2119 0.4003 0.4063
138 139 0.4063 0.4063 0.4003 0.2119
138 006 0.7571 0.7571 0.4003 0.4063
139 140 0.2119 0.4063 0.4003 0.2119
139 007 0.4003 0.7571 0.2119 0.7571
140 141 0.4003 0.4063 0.4063 0.7571
140 008 0.4003 0.4063 0.7571 0.4063
141 142 0.4063 0.2119 0.2119 0.2119
141 009 0.4003 0.4003 0.2119 0.2119
142 132 0.2119 0.2119 0.2119 0.7571
142 010 0.7571 0.7571 0.7571 0.2119
