143 002556 2 286
000 001 0.3792 0.2745 0.6748 0.3080
000 012 0.2745 0.2745 0.6748 0.6748
001 002 0.2745 0.3792 0.3792 0.6748
001 013 0.3792 0.3080 0.2745 0.3080
002 003 0.3080 0.6748 0.2745 0.3792
002 014 0.6748 0.2745 0.3792 0.3080
003 004 0.3080 0.3080 0.3792 0.3080
003 015 0.2745 0.6748 0.2745 0.3080
004 005 0.3080 0.3080 0.3080 0.3080
004 016 0.6748 0.3080 0.3792 0.3792
005 006 0.3792 0.2745 0.6748 0.3792
005 017 0.3080 0.2745 0.3080 0.6748
006 007 0.3792 0.3080 0.6748 0.2745
006 018 0.2745 0.3080 0.2745 0.3792
007 008 0.6748 0.2745 0.3792 0.3080
007 019 0.3080 0.2745 0.3792 0.3792
008 009 0.2745 0.3792 0.6748 0.3080
008 020 0.3080 0.3792 0.6748 0.6748
009 010 0.6748 0.3792 0.3792 0.2745
009 021 0.2745 0.3792 0.2745 0.3792
010 011 0.6748 0.3080 0.3792 0.6748
010 022 0.6748 0.3080 0.6748 0.3080
011 000 0.6748 0.3792 0.3792 0.2745
011 023 0.3792 0.2745 0.2745 0.3792
012 013 0.3080 0.6748 0.2745 0.6748
012 024 0.6748 0.3080 0.2745 0.6748
013 014 0.6748 0.3792 0.2745 0.3080
013 025 0.6748 0.2745 0.6748 0.3792
014 015 0.3792 0.6748 0.2745 0.3080
014 026 0.2745 0.3080 0.3792 0.6748
015 016 0.2745 0.3080 0.2745 0.3080
015 027 0.6748 0.3792 0.3080 0.2745
016 017 0.2745 0.6748 0.3080 0.3080
016 028 0.3080 0.2745 0.3792 0.6748
017 018 0.2745 0.3080 0.6748 0.6748
017 029 0.2745 0.3080 0.3792 0.6748
018 019 0.6748 0.6748 0.2745 0.2745
018 030 0.3080 0.3792 0.3792 0.3080
019 020 0.6748 0.3080 0.3080 0.2745
019 031 0.3080 0.3792 0.3080 0.3080
020 021 0.3792 0.3792 0.3080 0.3080
020 032 0.3080 0.2745 0.3080 0.3080
021 022 0.3080 0.2745 0.2745 0.2745
021 033 0.6748 0.3080 0.2745 0.3792
022 023 0.2745 0.6748 0.3792 0.2745
022 034 0.2745 0.3080 0.3792 0.6748
023 012 0.2745 0.2745 0.2745 0.6748
023 035 0.3080 0.2745 0.6748 0.3080
024 025 0.2745 0.6748 0.3080 0.3080
024 036 0.3792 0.2745 0.2745 0.6748
025 026 0.3080 0.3080 0.6748 0.3792
025 037 0.6748 0.3792 0.3792 0.3792
026 027 0.3792 0.6748 0.3792 0.2745
026 038 0.3792 0.3792 0.3080 0.3080
027 028 0.3792 0.6748 0.6748 0.2745
027 039 0.6748 0.6748 0.2745 0.6748
028 029 0.3792 0.6748 0.2745 0.3792
028 040 0.3080 0.2745 0.3080 0.2745
029 030 0.3792 0.3080 0.6748 0.2745
029 041 0.6748 0.2745 0.2745 0.3080
030 031 0.2745 0.2745 0.6748 0.6748
030 042 0.3080 0.3080 0.6748 0.6748
031 032 0.2745 0.3792 0.3792 0.2745
031 043 0.2745 0.6748 0.3792 0.6748
032 033 0.6748 0.2745 0.3792 0.3080
032 044 0.6748 0.3080 0.2745 0.3080
033 034 0.6748 0.2745 0.6748 0.2745
033 045 0.3792 0.3080 0.6748 0.3080
034 035 0.2745 0.6748 0.6748 0.6748
034 046 0.3792 0.2745 0.3792 0.3792
035 024 0.3080 0.2745 0.3080 0.3792
035 047 0.3080 0.3792 0.3792 0.3080
036 037 0.2745 0.6748 0.3792 0.6748
036 048 0.3080 0.2745 0.2745 0.3792
037 038 0.3792 0.3080 0.3792 0.6748
037 049 0.6748 0.3792 0.3080 0.3792
038 039 0.6748 0.6748 0.2745 0.3080
038 050 0.2745 0.3080 0.2745 0.6748
039 040 0.3792 0.2745 0.6748 0.6748
039 051 0.2745 0.6748 0.3080 0.3792
040 041 0.3792 0.3080 0.3080 0.3792
040 052 0.3792 0.3792 0.6748 0.3080
041 042 0.2745 0.6748 0.3080 0.6748
041 053 0.3080 0.3080 0.3080 0.3080
042 043 0.6748 0.6748 0.3792 0.3080
042 054 0.3792 0.6748 0.3080 0.2745
043 044 0.3792 0.2745 0.2745 0.2745
043 055 0.3792 0.6748 0.2745 0.3792
044 045 0.3792 0.3792 0.6748 0.3792
044 056 0.6748 0.2745 0.6748 0.3080
045 046 0.3792 0.3080 0.6748 0.3792
045 057 0.3792 0.3792 0.3792 0.3080
046 047 0.6748 0.3792 0.6748 0.2745
046 058 0.2745 0.3792 0.2745 0.3080
047 036 0.2745 0.3792 0.6748 0.2745
047 059 0.6748 0.6748 0.3080 0.6748
048 049 0.3080 0.6748 0.3080 0.3792
048 060 0.3792 0.2745 0.3080 0.3792
049 050 0.2745 0.6748 0.6748 0.2745
049 061 0.3080 0.6748 0.2745 0.2745
050 051 0.6748 0.6748 0.3080 0.6748
050 062 0.2745 0.2745 0.2745 0.3792
051 052 0.2745 0.3080 0.3080 0.3792
051 063 0.3792 0.2745 0.2745 0.3080
052 053 0.3792 0.3080 0.2745 0.3080
052 064 0.3792 0.2745 0.3792 0.3080
053 054 0.3792 0.2745 0.3080 0.2745
053 065 0.6748 0.6748 0.2745 0.3792
054 055 0.2745 0.6748 0.3080 0.2745
054 066 0.6748 0.6748 0.6748 0.3080
055 056 0.3792 0.2745 0.3792 0.6748
055 067 0.3080 0.2745 0.2745 0.2745
056 057 0.3080 0.3080 0.3080 0.3792
056 068 0.3792 0.3080 0.2745 0.6748
057 058 0.3080 0.3080 0.3080 0.6748
057 069 0.6748 0.6748 0.6748 0.2745
058 059 0.3792 0.6748 0.2745 0.3792
058 070 0.3792 0.2745 0.3080 0.2745
059 048 0.2745 0.3792 0.2745 0.3792
059 071 0.2745 0.2745 0.3792 0.6748
060 061 0.3792 0.3792 0.2745 0.6748
060 072 0.6748 0.6748 0.3080 0.6748
061 062 0.2745 0.2745 0.3792 0.6748
061 073 0.2745 0.3080 0.3792 0.6748
062 063 0.3792 0.6748 0.6748 0.3792
062 074 0.6748 0.2745 0.6748 0.3792
063 064 0.2745 0.3080 0.3792 0.6748
063 075 0.3792 0.6748 0.3792 0.3792
064 065 0.2745 0.6748 0.3792 0.6748
064 076 0.6748 0.3080 0.3792 0.2745
065 066 0.3080 0.2745 0.2745 0.6748
065 077 0.3080 0.2745 0.6748 0.2745
066 067 0.3080 0.3792 0.3080 0.3792
066 078 0.3792 0.2745 0.6748 0.6748
067 068 0.3080 0.3080 0.6748 0.6748
067 079 0.6748 0.3792 0.3792 0.3792
068 069 0.6748 0.2745 0.3080 0.6748
068 080 0.2745 0.2745 0.2745 0.2745
069 070 0.3080 0.3080 0.3080 0.3080
069 081 0.3080 0.6748 0.6748 0.3080
070 071 0.2745 0.3792 0.2745 0.3792
070 082 0.6748 0.6748 0.3080 0.3792
071 060 0.3792 0.6748 0.3792 0.3080
071 083 0.3792 0.2745 0.2745 0.6748
072 073 0.6748 0.3080 0.2745 0.3080
072 084 0.3080 0.3080 0.2745 0.6748
073 074 0.2745 0.3792 0.3792 0.6748
073 085 0.3792 0.6748 0.3792 0.2745
074 075 0.3080 0.3792 0.3792 0.2745
074 086 0.3080 0.6748 0.2745 0.2745
075 076 0.2745 0.6748 0.6748 0.6748
075 087 0.6748 0.6748 0.3792 0.6748
076 077 0.2745 0.2745 0.6748 0.6748
076 088 0.3080 0.6748 0.6748 0.2745
077 078 0.6748 0.3792 0.3080 0.6748
077 089 0.6748 0.3792 0.6748 0.3080
078 079 0.3792 0.2745 0.6748 0.2745
078 090 0.6748 0.3792 0.3792 0.3080
079 080 0.6748 0.6748 0.3792 0.2745
079 091 0.2745 0.2745 0.6748 0.3080
080 081 0.2745 0.3080 0.3080 0.3792
080 092 0.2745 0.3080 0.2745 0.6748
081 082 0.3080 0.2745 0.6748 0.3080
081 093 0.3792 0.2745 0.3792 0.2745
082 083 0.3080 0.3080 0.3792 0.3080
082 094 0.3080 0.3080 0.3792 0.2745
083 072 0.6748 0.3080 0.3080 0.3792
083 095 0.6748 0.3080 0.6748 0.3792
084 085 0.6748 0.6748 0.6748 0.2745
084 096 0.2745 0.2745 0.6748 0.3080
085 086 0.3792 0.2745 0.3792 0.6748
085 097 0.3792 0.6748 0.3080 0.6748
086 087 0.6748 0.3080 0.3080 0.3080
086 098 0.6748 0.6748 0.2745 0.6748
087 088 0.6748 0.2745 0.2745 0.2745
087 099 0.3792 0.6748 0.3792 0.6748
088 089 0.3792 0.6748 0.2745 0.6748
088 100 0.3792 0.3792 0.3080 0.6748
089 090 0.2745 0.3792 0.3080 0.2745
089 101 0.3792 0.3792 0.3792 0.3080
090 091 0.3080 0.2745 0.6748 0.3080
090 102 0.6748 0.3792 0.3080 0.3080
091 092 0.3792 0.2745 0.3792 0.3080
091 103 0.3792 0.6748 0.3792 0.3792
092 093 0.3792 0.3080 0.3792 0.3080
092 104 0.2745 0.3792 0.2745 0.3080
093 094 0.2745 0.2745 0.2745 0.6748
093 105 0.3792 0.3792 0.3080 0.3080
094 095 0.2745 0.6748 0.3080 0.6748
094 106 0.6748 0.6748 0.6748 0.6748
095 084 0.3792 0.3080 0.3792 0.6748
095 107 0.6748 0.3792 0.3792 0.3080
096 097 0.6748 0.3080 0.3792 0.3792
096 108 0.6748 0.2745 0.2745 0.3080
097 098 0.3792 0.3792 0.2745 0.3792
097 109 0.6748 0.3080 0.3792 0.6748
098 099 0.6748 0.3792 0.3792 0.3792
098 110 0.6748 0.3792 0.3080 0.3792
099 100 0.3080 0.6748 0.2745 0.3080
099 111 0.6748 0.6748 0.3080 0.3792
100 101 0.3080 0.2745 0.3792 0.3792
100 112 0.2745 0.3080 0.6748 0.2745
101 102 0.3792 0.3792 0.3080 0.2745
101 113 0.3792 0.2745 0.3792 0.6748
102 103 0.3792 0.2745 0.3080 0.3792
102 114 0.3080 0.2745 0.3080 0.3792
103 104 0.2745 0.3080 0.3080 0.3080
103 115 0.3792 0.6748 0.6748 0.6748
104 105 0.3792 0.3792 0.3080 0.3792
104 116 0.3080 0.3792 0.2745 0.2745
105 106 0.6748 0.2745 0.6748 0.6748
105 117 0.3792 0.3080 0.6748 0.6748
106 107 0.3080 0.2745 0.3080 0.3792
106 118 0.3792 0.2745 0.3792 0.3792
107 096 0.3792 0.3080 0.2745 0.3080
107 119 0.3792 0.6748 0.3080 0.2745
108 109 0.2745 0.6748 0.3792 0.3080
108 120 0.6748 0.2745 0.3080 0.2745
109 110 0.2745 0.3080 0.3080 0.3792
109 121 0.2745 0.6748 0.3080 0.3080
110 111 0.6748 0.3080 0.2745 0.6748
110 122 0.6748 0.3080 0.3792 0.3792
111 112 0.2745 0.2745 0.3792 0.3080
111 123 0.3080 0.6748 0.3792 0.6748
112 113 0.3792 0.3080 0.3792 0.3792
112 124 0.3792 0.3792 0.2745 0.6748
113 114 0.6748 0.2745 0.3080 0.3792
113 125 0.3080 0.3080 0.3080 0.3080
114 115 0.3080 0.3792 0.6748 0.3792
114 126 0.3080 0.6748 0.3792 0.2745
115 116 0.3792 0.2745 0.6748 0.3792
115 127 0.3080 0.6748 0.2745 0.2745
116 117 0.3792 0.2745 0.6748 0.2745
116 128 0.2745 0.3080 0.2745 0.3792
117 118 0.2745 0.3792 0.3792 0.3080
117 129 0.3792 0.3080 0.3792 0.3792
118 119 0.6748 0.2745 0.3080 0.6748
118 130 0.3792 0.3080 0.2745 0.6748
119 108 0.2745 0.2745 0.3080 0.2745
119 131 0.3080 0.3792 0.3792 0.3080
120 121 0.3792 0.6748 0.3792 0.3792
120 132 0.2745 0.2745 0.3080 0.6748
121 122 0.6748 0.3080 0.2745 0.6748
121 133 0.2745 0.6748 0.6748 0.6748
122 123 0.2745 0.6748 0.3792 0.2745
122 134 0.3080 0.2745 0.6748 0.6748
123 124 0.2745 0.6748 0.2745 0.2745
123 135 0.3792 0.2745 0.2745 0.3080
124 125 0.2745 0.6748 0.2745 0.3080
124 136 0.3080 0.2745 0.3080 0.3080
125 126 0.2745 0.2745 0.3792 0.3080
125 137 0.2745 0.3792 0.6748 0.3080
126 127 0.3080 0.3792 0.2745 0.3080
126 138 0.3080 0.2745 0.6748 0.6748
127 128 0.3080 0.6748 0.6748 0.2745
127 139 0.2745 0.6748 0.3080 0.6748
128 129 0.2745 0.3792 0.2745 0.3080
128 140 0.6748 0.3792 0.3792 0.2745
129 130 0.2745 0.3792 0.6748 0.3792
129 141 0.6748 0.6748 0.2745 0.3792
130 131 0.3792 0.3792 0.3080 0.6748
130 142 0.6748 0.6748 0.3792 0.6748
131 120 0.2745 0.6748 0.6748 0.3080
131 011 0.2745 0.3792 0.6748 0.2745
132 133 0.2745 0.3792 0.2745 0.6748
132 000 0.2745 0.6748 0.3792 0.2745
133 134 0.3080 0.6748 0.6748 0.2745
133 001 0.6748 0.6748 0.6748 0.2745
134 135 0.6748 0.3080 0.3080 0.3792
134 002 0.6748 0.3792 0.2745 0.3080
135 136 0.3080 0.2745 0.3080 0.6748
135 003 0.6748 0.3080 0.2745 0.2745
136 137 0.2745 0.3080 0.3792 0.6748
136 004 0.2745 0.3792 0.6748 0.2745
137 138 0.2745 0.3792 0.3792 0.3080
137 005 0.3080 0.2745 0.2745 0.6748
138 139 0.3080 0.3792 0.3792 0.3080
138 006 0.3080 0.3080 0.6748 0.3080
139 140 0.6748 0.3080 0.3080 0.2745
139 007 0.3080 0.6748 0.3080 0.6748
140 141 0.2745 0.3792 0.2745 0.2745
140 008 0.6748 0.3792 0.2745 0.6748
141 142 0.2745 0.6748 0.3792 0.6748
141 009 0.6748 0.3792 0.3792 0.2745
142 132 0.6748 0.3792 0.6748 0.3792
142 010 0.2745 0.6748 0.3792 0.2745
