143 002556 2 286
000 001 0.9956 0.3566 0.4529 0.3566
000 012 0.7625 0.9956 0.3566 0.3566
001 002 0.4529 0.4529 0.3566 0.3566
001 013 0.9956 0.7625 0.4529 0.3566
002 003 0.4529 0.7625 0.9956 0.4529
002 014 0.7625 0.7625 0.9956 0.4529
003 004 0.7625 0.3566 0.7625 0.3566
003 015 0.4529 0.4529 0.9956 0.9956
004 005 0.9956 0.4529 0.4529 0.7625
004 016 0.9956 0.9956 0.7625 0.4529
005 006 0.4529 0.4529 0.4529 0.3566
005 017 0.3566 0.7625 0.3566 0.9956
006 007 0.7625 0.7625 0.3566 0.7625
006 018 0.9956 0.4529 0.9956 0.3566
007 008 0.3566 0.3566 0.7625 0.4529
007 019 0.9956 0.4529 0.9956 0.3566
008 009 0.7625 0.4529 0.4529 0.7625
008 020 0.3566 0.7625 0.9956 0.9956
009 010 0.9956 0.7625 0.7625 0.3566
009 021 0.7625 0.3566 0.3566 0.3566
010 011 0.7625 0.9956 0.9956 0.9956
010 022 0.9956 0.3566 0.9956 0.9956
011 000 0.9956 0.9956 0.7625 0.9956
011 023 0.3566 0.4529 0.3566 0.9956
012 013 0.3566 0.3566 0.7625 0.4529
012 024 0.3566 0.9956 0.9956 0.9956
013 014 0.9956 0.7625 0.7625 0.9956
013 025 0.9956 0.3566 0.4529 0.4529
014 015 0.3566 0.4529 0.7625 0.7625
014 026 0.3566 0.9956 0.3566 0.3566
015 016 0.3566 0.9956 0.3566 0.7625
015 027 0.4529 0.4529 0.7625 0.7625
016 017 0.9956 0.4529 0.7625 0.4529
016 028 0.3566 0.7625 0.3566 0.7625
017 018 0.9956 0.3566 0.3566 0.4529
017 029 0.7625 0.3566 0.9956 0.3566
018 019 0.9956 0.4529 0.7625 0.3566
018 030 0.7625 0.9956 0.7625 0.3566
019 020 0.4529 0.4529 0.3566 0.9956
019 031 0.3566 0.3566 0.7625 0.3566
020 021 0.9956 0.7625 0.4529 0.7625
020 032 0.7625 0.7625 0.4529 0.7625
021 022 0.7625 0.3566 0.7625 0.4529
021 033 0.9956 0.7625 0.7625 0.9956
022 023 0.7625 0.9956 0.3566 0.3566
022 034 0.9956 0.9956 0.7625 0.9956
023 012 0.3566 0.7625 0.4529 0.7625
023 035 0.9956 0.4529 0.7625 0.4529
024 025 0.4529 0.7625 0.7625 0.4529
024 036 0.3566 0.7625 0.9956 0.4529
025 026 0.4529 0.3566 0.9956 0.4529
025 037 0.9956 0.3566 0.7625 0.3566
026 027 0.9956 0.4529 0.3566 0.7625
026 038 0.4529 0.9956 0.9956 0.3566
027 028 0.9956 0.3566 0.9956 0.3566
027 039 0.3566 0.3566 0.9956 0.9956
028 029 0.9956 0.9956 0.9956 0.4529
028 040 0.9956 0.4529 0.9956 0.9956
029 030 0.7625 0.9956 0.7625 0.9956
029 041 0.7625 0.7625 0.3566 0.4529
030 031 0.3566 0.3566 0.4529 0.4529
030 042 0.9956 0.9956 0.3566 0.3566
031 032 0.4529 0.4529 0.4529 0.4529
031 043 0.9956 0.9956 0.3566 0.3566
032 033 0.3566 0.3566 0.9956 0.4529
032 044 0.3566 0.7625 0.9956 0.3566
033 034 0.7625 0.7625 0.3566 0.9956
033 045 0.4529 0.9956 0.4529 0.9956
034 035 0.4529 0.3566 0.9956 0.4529
034 046 0.9956 0.4529 0.9956 0.3566
035 024 0.7625 0.4529 0.3566 0.7625
035 047 0.3566 0.7625 0.4529 0.7625
036 037 0.7625 0.4529 0.3566 0.4529
036 048 0.4529 0.4529 0.4529 0.4529
037 038 0.4529 0.9956 0.3566 0.9956
037 049 0.4529 0.3566 0.7625 0.4529
038 039 0.7625 0.7625 0.4529 0.3566
038 050 0.7625 0.9956 0.3566 0.3566
039 040 0.3566 0.7625 0.3566 0.9956
039 051 0.7625 0.3566 0.7625 0.7625
040 041 0.4529 0.4529 0.3566 0.4529
040 052 0.4529 0.9956 0.7625 0.9956
041 042 0.9956 0.7625 0.4529 0.3566
041 053 0.9956 0.3566 0.9956 0.9956
042 043 0.7625 0.3566 0.7625 0.3566
042 054 0.4529 0.3566 0.3566 0.7625
043 044 0.9956 0.4529 0.3566 0.4529
043 055 0.7625 0.4529 0.4529 0.7625
044 045 0.9956 0.3566 0.9956 0.7625
044 056 0.7625 0.7625 0.3566 0.3566
045 046 0.3566 0.3566 0.3566 0.4529
045 057 0.9956 0.7625 0.7625 0.7625
046 047 0.7625 0.4529 0.9956 0.7625
046 058 0.4529 0.9956 0.3566 0.3566
047 036 0.7625 0.7625 0.3566 0.3566
047 059 0.7625 0.4529 0.4529 0.9956
048 049 0.9956 0.3566 0.3566 0.3566
048 060 0.9956 0.4529 0.4529 0.7625
049 050 0.3566 0.3566 0.4529 0.4529
049 061 0.7625 0.3566 0.9956 0.9956
050 051 0.4529 0.9956 0.9956 0.3566
050 062 0.9956 0.3566 0.4529 0.4529
051 052 0.7625 0.3566 0.9956 0.7625
051 063 0.4529 0.4529 0.4529 0.3566
052 053 0.3566 0.3566 0.3566 0.9956
052 064 0.9956 0.9956 0.7625 0.9956
053 054 0.9956 0.3566 0.7625 0.7625
053 065 0.4529 0.4529 0.7625 0.9956
054 055 0.3566 0.4529 0.3566 0.4529
054 066 0.4529 0.9956 0.9956 0.3566
055 056 0.4529 0.9956 0.3566 0.3566
055 067 0.3566 0.7625 0.3566 0.4529
056 057 0.9956 0.9956 0.7625 0.7625
056 068 0.3566 0.4529 0.3566 0.7625
057 058 0.9956 0.3566 0.7625 0.3566
057 069 0.3566 0.4529 0.3566 0.9956
058 059 0.3566 0.3566 0.7625 0.4529
058 070 0.3566 0.3566 0.7625 0.9956
059 048 0.9956 0.4529 0.3566 0.3566
059 071 0.7625 0.3566 0.9956 0.7625
060 061 0.3566 0.4529 0.7625 0.4529
060 072 0.9956 0.3566 0.9956 0.3566
061 062 0.7625 0.7625 0.3566 0.3566
061 073 0.3566 0.4529 0.9956 0.7625
062 063 0.9956 0.3566 0.3566 0.9956
062 074 0.9956 0.7625 0.4529 0.7625
063 064 0.7625 0.7625 0.4529 0.3566
063 075 0.7625 0.9956 0.9956 0.7625
064 065 0.4529 0.3566 0.7625 0.4529
064 076 0.9956 0.4529 0.7625 0.7625
065 066 0.9956 0.7625 0.7625 0.4529
065 077 0.3566 0.3566 0.4529 0.9956
066 067 0.7625 0.7625 0.9956 0.4529
066 078 0.4529 0.4529 0.7625 0.3566
067 068 0.4529 0.9956 0.7625 0.4529
067 079 0.9956 0.9956 0.9956 0.7625
068 069 0.4529 0.4529 0.4529 0.3566
068 080 0.4529 0.4529 0.3566 0.9956
069 070 0.3566 0.4529 0.7625 0.3566
069 081 0.4529 0.9956 0.4529 0.7625
070 071 0.4529 0.3566 0.9956 0.7625
070 082 0.9956 0.9956 0.3566 0.7625
071 060 0.3566 0.9956 0.9956 0.3566
071 083 0.4529 0.4529 0.9956 0.4529
072 073 0.3566 0.3566 0.7625 0.9956
072 084 0.7625 0.4529 0.4529 0.4529
073 074 0.7625 0.9956 0.4529 0.3566
073 085 0.9956 0.4529 0.4529 0.3566
074 075 0.4529 0.3566 0.7625 0.9956
074 086 0.3566 0.3566 0.7625 0.7625
075 076 0.7625 0.9956 0.3566 0.7625
075 087 0.7625 0.4529 0.3566 0.7625
076 077 0.7625 0.7625 0.9956 0.3566
076 088 0.7625 0.9956 0.4529 0.7625
077 078 0.4529 0.9956 0.9956 0.3566
077 089 0.4529 0.7625 0.4529 0.3566
078 079 0.9956 0.7625 0.3566 0.7625
078 090 0.9956 0.4529 0.4529 0.4529
079 080 0.7625 0.4529 0.7625 0.3566
079 091 0.7625 0.7625 0.4529 0.4529
080 081 0.3566 0.9956 0.3566 0.7625
080 092 0.4529 0.9956 0.3566 0.4529
081 082 0.7625 0.3566 0.9956 0.9956
081 093 0.7625 0.7625 0.4529 0.3566
082 083 0.7625 0.4529 0.4529 0.9956
082 094 0.7625 0.4529 0.9956 0.3566
083 072 0.4529 0.7625 0.7625 0.3566
083 095 0.9956 0.9956 0.9956 0.3566
084 085 0.4529 0.4529 0.9956 0.9956
084 096 0.7625 0.3566 0.7625 0.4529
085 086 0.7625 0.9956 0.3566 0.7625
085 097 0.3566 0.9956 0.4529 0.7625
086 087 0.9956 0.4529 0.9956 0.9956
086 098 0.4529 0.3566 0.3566 0.3566
087 088 0.9956 0.7625 0.4529 0.4529
087 099 0.4529 0.7625 0.4529 0.9956
088 089 0.9956 0.3566 0.3566 0.3566
088 100 0.3566 0.7625 0.9956 0.9956
089 090 0.3566 0.3566 0.9956 0.7625
089 101 0.7625 0.3566 0.7625 0.4529
090 091 0.7625 0.3566 0.4529 0.3566
090 102 0.3566 0.3566 0.3566 0.7625
091 092 0.3566 0.9956 0.9956 0.7625
091 103 0.3566 0.9956 0.4529 0.4529
092 093 0.4529 0.7625 0.3566 0.3566
092 104 0.9956 0.9956 0.7625 0.3566
093 094 0.9956 0.3566 0.9956 0.3566
093 105 0.7625 0.4529 0.3566 0.4529
094 095 0.9956 0.4529 0.9956 0.9956
094 106 0.7625 0.7625 0.4529 0.3566
095 084 0.3566 0.9956 0.3566 0.4529
095 107 0.4529 0.3566 0.9956 0.7625
096 097 0.9956 0.4529 0.9956 0.4529
096 108 0.9956 0.7625 0.3566 0.4529
097 098 0.4529 0.9956 0.9956 0.7625
097 109 0.4529 0.3566 0.7625 0.9956
098 099 0.4529 0.4529 0.9956 0.4529
098 110 0.4529 0.3566 0.9956 0.3566
099 100 0.9956 0.4529 0.7625 0.9956
099 111 0.7625 0.7625 0.9956 0.7625
100 101 0.4529 0.9956 0.3566 0.4529
100 112 0.3566 0.4529 0.3566 0.3566
101 102 0.4529 0.3566 0.9956 0.9956
101 113 0.3566 0.4529 0.4529 0.4529
102 103 0.3566 0.9956 0.7625 0.3566
102 114 0.7625 0.4529 0.7625 0.9956
103 104 0.7625 0.4529 0.9956 0.9956
103 115 0.4529 0.3566 0.7625 0.9956
104 105 0.7625 0.9956 0.4529 0.7625
104 116 0.4529 0.3566 0.4529 0.4529
105 106 0.9956 0.3566 0.3566 0.7625
105 117 0.4529 0.9956 0.7625 0.4529
106 107 0.4529 0.4529 0.4529 0.7625
106 118 0.4529 0.4529 0.7625 0.9956
107 096 0.7625 0.4529 0.3566 0.9956
107 119 0.9956 0.9956 0.4529 0.7625
108 109 0.7625 0.3566 0.4529 0.7625
108 120 0.7625 0.4529 0.3566 0.9956
109 110 0.7625 0.9956 0.3566 0.7625
109 121 0.9956 0.9956 0.4529 0.7625
110 111 0.7625 0.3566 0.7625 0.3566
110 122 0.7625 0.4529 0.9956 0.9956
111 112 0.9956 0.4529 0.3566 0.7625
111 123 0.7625 0.4529 0.7625 0.7625
112 113 0.9956 0.7625 0.3566 0.9956
112 124 0.4529 0.7625 0.3566 0.9956
113 114 0.7625 0.7625 0.3566 0.9956
113 125 0.7625 0.3566 0.4529 0.9956
114 115 0.9956 0.9956 0.3566 0.7625
114 126 0.9956 0.4529 0.3566 0.9956
115 116 0.7625 0.9956 0.9956 0.9956
115 127 0.3566 0.9956 0.3566 0.9956
116 117 0.9956 0.7625 0.9956 0.9956
116 128 0.3566 0.4529 0.9956 0.7625
117 118 0.4529 0.4529 0.9956 0.4529
117 129 0.9956 0.9956 0.4529 0.7625
118 119 0.9956 0.3566 0.9956 0.9956
118 130 0.7625 0.3566 0.9956 0.4529
119 108 0.4529 0.9956 0.9956 0.4529
119 131 0.4529 0.7625 0.7625 0.4529
120 121 0.7625 0.3566 0.4529 0.9956
120 132 0.9956 0.7625 0.3566 0.9956
121 122 0.4529 0.3566 0.7625 0.3566
121 133 0.3566 0.7625 0.7625 0.9956
122 123 0.9956 0.9956 0.4529 0.7625
122 134 0.3566 0.9956 0.9956 0.7625
123 124 0.4529 0.4529 0.7625 0.7625
123 135 0.3566 0.4529 0.4529 0.9956
124 125 0.7625 0.7625 0.3566 0.7625
124 136 0.3566 0.3566 0.4529 0.3566
125 126 0.3566 0.3566 0.4529 0.3566
125 137 0.9956 0.9956 0.4529 0.3566
126 127 0.4529 0.4529 0.9956 0.3566
126 138 0.4529 0.9956 0.4529 0.7625
127 128 0.4529 0.3566 0.9956 0.4529
127 139 0.9956 0.4529 0.4529 0.7625
128 129 0.3566 0.7625 0.7625 0.3566
128 140 0.3566 0.3566 0.3566 0.4529
129 130 0.3566 0.4529 0.9956 0.3566
129 141 0.9956 0.4529 0.7625 0.4529
130 131 0.4529 0.3566 0.7625 0.4529
130 142 0.3566 0.4529 0.3566 0.4529
131 120 0.7625 0.7625 0.7625 0.3566
131 011 0.9956 0.3566 0.7625 0.3566
132 133 0.4529 0.7625 0.3566 0.7625
132 000 0.3566 0.3566 0.3566 0.9956
133 134 0.9956 0.4529 0.9956 0.4529
133 001 0.7625 0.7625 0.3566 0.4529
134 135 0.3566 0.7625 0.4529 0.9956
134 002 0.7625 0.9956 0.4529 0.3566
135 136 0.9956 0.9956 0.3566 0.3566
135 003 0.9956 0.3566 0.9956 0.9956
136 137 0.4529 0.4529 0.7625 0.7625
136 004 0.4529 0.3566 0.4529 0.3566
137 138 0.9956 0.7625 0.3566 0.7625
137 005 0.4529 0.7625 0.7625 0.3566
138 139 0.4529 0.7625 0.4529 0.9956
138 006 0.7625 0.7625 0.7625 0.4529
139 140 0.3566 0.9956 0.9956 0.3566
139 007 0.7625 0.3566 0.4529 0.4529
140 141 0.7625 0.7625 0.3566 0.7625
140 008 0.4529 0.7625 0.3566 0.3566
141 142 0.7625 0.4529 0.4529 0.7625
141 009 0.4529 0.3566 0.3566 0.7625
142 132 0.9956 0.9956 0.3566 0.4529
142 010 0.4529 0.4529 0.9956 0.7625
