143 002556 2 286
000 001 0.5467 0.2939 0.3659 0.4576
000 012 0.3659 0.3659 0.4576 0.5467
001 002 0.4576 0.5467 0.4576 0.4576
001 013 0.2939 0.3659 0.3659 0.4576
002 003 0.4576 0.5467 0.2939 0.4576
002 014 0.5467 0.3659 0.4576 0.3659
003 004 0.2939 0.4576 0.2939 0.4576
003 015 0.3659 0.3659 0.2939 0.3659
004 005 0.2939 0.4576 0.5467 0.2939
004 016 0.5467 0.3659 0.5467 0.5467
005 006 0.2939 0.2939 0.3659 0.2939
005 017 0.3659 0.5467 0.2939 0.4576
006 007 0.3659 0.5467 0.2939 0.4576
006 018 0.5467 0.4576 0.3659 0.2939
007 008 0.4576 0.5467 0.2939 0.5467
007 019 0.2939 0.5467 0.5467 0.4576
008 009 0.3659 0.2939 0.2939 0.5467
008 020 0.3659 0.2939 0.5467 0.2939
009 010 0.2939 0.2939 0.3659 0.2939
009 021 0.3659 0.2939 0.3659 0.5467
010 011 0.5467 0.5467 0.5467 0.4576
010 022 0.5467 0.5467 0.4576 0.4576
011 000 0.4576 0.3659 0.5467 0.5467
011 023 0.2939 0.4576 0.3659 0.5467
012 013 0.4576 0.3659 0.2939 0.3659
012 024 0.2939 0.2939 0.5467 0.5467
013 014 0.5467 0.4576 0.3659 0.5467
013 025 0.4576 0.3659 0.3659 0.5467
014 015 0.5467 0.5467 0.3659 0.3659
014 026 0.4576 0.5467 0.3659 0.5467
015 016 0.2939 0.2939 0.3659 0.4576
015 027 0.2939 0.2939 0.4576 0.5467
016 017 0.4576 0.2939 0.2939 0.4576
016 028 0.4576 0.2939 0.2939 0.3659
017 018 0.4576 0.3659 0.3659 0.2939
017 029 0.2939 0.3659 0.3659 0.5467
018 019 0.3659 0.4576 0.4576 0.3659
018 030 0.2939 0.4576 0.2939 0.4576
019 020 0.4576 0.5467 0.4576 0.3659
019 031 0.2939 0.4576 0.4576 0.3659
020 021 0.3659 0.4576 0.3659 0.5467
020 032 0.5467 0.2939 0.2939 0.3659
021 022 0.3659 0.4576 0.2939 0.3659
021 033 0.5467 0.4576 0.3659 0.2939
022 023 0.4576 0.4576 0.4576 0.5467
022 034 0.2939 0.4576 0.4576 0.2939
023 012 0.4576 0.3659 0.3659 0.5467
023 035 0.5467 0.4576 0.4576 0.3659
024 025 0.3659 0.2939 0.5467 0.3659
024 036 0.2939 0.2939 0.5467 0.2939
025 026 0.5467 0.3659 0.2939 0.2939
025 037 0.5467 0.2939 0.4576 0.3659
026 027 0.3659 0.3659 0.5467 0.3659
026 038 0.2939 0.4576 0.5467 0.4576
027 028 0.4576 0.2939 0.3659 0.3659
027 039 0.3659 0.4576 0.4576 0.3659
028 029 0.5467 0.4576 0.5467 0.3659
028 040 0.4576 0.3659 0.5467 0.3659
029 030 0.3659 0.5467 0.5467 0.4576
029 041 0.2939 0.2939 0.3659 0.3659
030 031 0.4576 0.2939 0.5467 0.3659
030 042 0.4576 0.2939 0.4576 0.5467
031 032 0.2939 0.2939 0.5467 0.3659
031 043 0.2939 0.5467 0.5467 0.2939
032 033 0.2939 0.4576 0.5467 0.2939
032 044 0.5467 0.2939 0.4576 0.2939
033 034 0.2939 0.4576 0.2939 0.5467
033 045 0.5467 0.3659 0.2939 0.4576
034 035 0.2939 0.3659 0.3659 0.4576
034 046 0.5467 0.5467 0.3659 0.5467
035 024 0.4576 0.2939 0.5467 0.2939
035 047 0.5467 0.5467 0.4576 0.3659
036 037 0.2939 0.5467 0.3659 0.3659
036 048 0.4576 0.4576 0.4576 0.5467
037 038 0.4576 0.2939 0.4576 0.2939
037 049 0.3659 0.5467 0.4576 0.4576
038 039 0.4576 0.3659 0.4576 0.3659
038 050 0.5467 0.3659 0.5467 0.5467
039 040 0.2939 0.4576 0.2939 0.2939
039 051 0.3659 0.4576 0.3659 0.2939
040 041 0.4576 0.2939 0.2939 0.4576
040 052 0.4576 0.3659 0.2939 0.4576
041 042 0.3659 0.4576 0.3659 0.2939
041 053 0.4576 0.5467 0.5467 0.2939
042 043 0.4576 0.2939 0.3659 0.5467
042 054 0.5467 0.2939 0.4576 0.5467
043 044 0.3659 0.5467 0.5467 0.2939
043 055 0.3659 0.3659 0.4576 0.3659
044 045 0.2939 0.3659 0.3659 0.3659
044 056 0.3659 0.4576 0.4576 0.5467
045 046 0.4576 0.4576 0.4576 0.4576
045 057 0.3659 0.5467 0.4576 0.2939
046 047 0.5467 0.5467 0.5467 0.4576
046 058 0.4576 0.2939 0.2939 0.4576
047 036 0.5467 0.3659 0.3659 0.2939
047 059 0.4576 0.4576 0.4576 0.5467
048 049 0.4576 0.5467 0.3659 0.2939
048 060 0.4576 0.5467 0.3659 0.3659
049 050 0.3659 0.2939 0.5467 0.5467
049 061 0.4576 0.3659 0.5467 0.3659
050 051 0.2939 0.5467 0.4576 0.5467
050 062 0.4576 0.5467 0.2939 0.5467
051 052 0.4576 0.2939 0.5467 0.3659
051 063 0.4576 0.3659 0.5467 0.2939
052 053 0.5467 0.3659 0.5467 0.3659
052 064 0.4576 0.2939 0.5467 0.3659
053 054 0.4576 0.5467 0.4576 0.3659
053 065 0.3659 0.3659 0.3659 0.3659
054 055 0.3659 0.4576 0.3659 0.4576
054 066 0.3659 0.2939 0.3659 0.3659
055 056 0.3659 0.3659 0.4576 0.2939
055 067 0.4576 0.4576 0.4576 0.2939
056 057 0.5467 0.3659 0.4576 0.5467
056 068 0.5467 0.5467 0.5467 0.2939
057 058 0.2939 0.2939 0.2939 0.2939
057 069 0.3659 0.2939 0.5467 0.4576
058 059 0.3659 0.4576 0.4576 0.3659
058 070 0.5467 0.4576 0.2939 0.3659
059 048 0.5467 0.5467 0.3659 0.2939
059 071 0.2939 0.4576 0.2939 0.4576
060 061 0.5467 0.4576 0.5467 0.2939
060 072 0.3659 0.3659 0.3659 0.5467
061 062 0.4576 0.5467 0.4576 0.2939
061 073 0.2939 0.3659 0.2939 0.3659
062 063 0.5467 0.5467 0.4576 0.5467
062 074 0.2939 0.5467 0.5467 0.4576
063 064 0.5467 0.4576 0.3659 0.3659
063 075 0.5467 0.3659 0.3659 0.2939
064 065 0.3659 0.5467 0.4576 0.2939
064 076 0.5467 0.5467 0.3659 0.5467
065 066 0.3659 0.2939 0.2939 0.2939
065 077 0.2939 0.5467 0.3659 0.4576
066 067 0.2939 0.2939 0.5467 0.4576
066 078 0.5467 0.3659 0.4576 0.3659
067 068 0.5467 0.2939 0.2939 0.4576
067 079 0.2939 0.4576 0.3659 0.5467
068 069 0.3659 0.2939 0.5467 0.2939
068 080 0.5467 0.5467 0.2939 0.4576
069 070 0.2939 0.2939 0.5467 0.5467
069 081 0.2939 0.4576 0.2939 0.4576
070 071 0.2939 0.3659 0.5467 0.3659
070 082 0.3659 0.2939 0.5467 0.5467
071 060 0.3659 0.4576 0.5467 0.3659
071 083 0.4576 0.3659 0.2939 0.4576
072 073 0.4576 0.5467 0.3659 0.4576
072 084 0.4576 0.2939 0.4576 0.4576
073 074 0.4576 0.4576 0.2939 0.4576
073 085 0.4576 0.4576 0.5467 0.4576
074 075 0.3659 0.2939 0.2939 0.5467
074 086 0.5467 0.4576 0.3659 0.5467
075 076 0.4576 0.2939 0.3659 0.4576
075 087 0.2939 0.3659 0.4576 0.5467
076 077 0.2939 0.2939 0.5467 0.4576
076 088 0.5467 0.3659 0.4576 0.5467
077 078 0.4576 0.3659 0.3659 0.2939
077 089 0.2939 0.3659 0.5467 0.5467
078 079 0.4576 0.2939 0.4576 0.3659
078 090 0.4576 0.2939 0.2939 0.2939
079 080 0.3659 0.5467 0.4576 0.2939
079 091 0.3659 0.4576 0.2939 0.5467
080 081 0.4576 0.5467 0.3659 0.3659
080 092 0.3659 0.2939 0.3659 0.4576
081 082 0.4576 0.3659 0.2939 0.4576
081 093 0.4576 0.5467 0.2939 0.5467
082 083 0.5467 0.5467 0.2939 0.2939
082 094 0.4576 0.4576 0.4576 0.2939
083 072 0.4576 0.2939 0.4576 0.3659
083 095 0.4576 0.2939 0.2939 0.4576
084 085 0.4576 0.2939 0.4576 0.3659
084 096 0.2939 0.3659 0.5467 0.3659
085 086 0.2939 0.4576 0.2939 0.3659
085 097 0.4576 0.4576 0.4576 0.3659
086 087 0.2939 0.2939 0.5467 0.4576
086 098 0.5467 0.4576 0.2939 0.2939
087 088 0.3659 0.2939 0.3659 0.2939
087 099 0.5467 0.3659 0.2939 0.2939
088 089 0.4576 0.4576 0.4576 0.2939
088 100 0.5467 0.3659 0.3659 0.4576
089 090 0.3659 0.5467 0.3659 0.3659
089 101 0.2939 0.4576 0.2939 0.4576
090 091 0.3659 0.3659 0.3659 0.3659
090 102 0.2939 0.3659 0.5467 0.4576
091 092 0.2939 0.3659 0.4576 0.4576
091 103 0.2939 0.5467 0.5467 0.2939
092 093 0.5467 0.2939 0.4576 0.2939
092 104 0.5467 0.5467 0.2939 0.4576
093 094 0.3659 0.5467 0.3659 0.2939
093 105 0.3659 0.2939 0.5467 0.4576
094 095 0.2939 0.5467 0.2939 0.3659
094 106 0.3659 0.3659 0.2939 0.5467
095 084 0.3659 0.3659 0.3659 0.4576
095 107 0.3659 0.2939 0.2939 0.2939
096 097 0.3659 0.2939 0.3659 0.2939
096 108 0.3659 0.3659 0.5467 0.5467
097 098 0.2939 0.2939 0.2939 0.3659
097 109 0.4576 0.5467 0.4576 0.5467
098 099 0.5467 0.4576 0.3659 0.3659
098 110 0.3659 0.5467 0.5467 0.5467
099 100 0.5467 0.4576 0.4576 0.4576
099 111 0.5467 0.3659 0.3659 0.4576
100 101 0.5467 0.4576 0.5467 0.3659
100 112 0.4576 0.2939 0.5467 0.2939
101 102 0.4576 0.4576 0.5467 0.2939
101 113 0.2939 0.5467 0.2939 0.4576
102 103 0.4576 0.4576 0.3659 0.2939
102 114 0.3659 0.5467 0.5467 0.5467
103 104 0.4576 0.5467 0.3659 0.3659
103 115 0.4576 0.4576 0.3659 0.2939
104 105 0.3659 0.2939 0.3659 0.4576
104 116 0.5467 0.4576 0.5467 0.4576
105 106 0.2939 0.3659 0.2939 0.5467
105 117 0.5467 0.4576 0.5467 0.2939
106 107 0.5467 0.3659 0.2939 0.3659
106 118 0.5467 0.2939 0.3659 0.5467
107 096 0.2939 0.4576 0.2939 0.5467
107 119 0.3659 0.5467 0.4576 0.4576
108 109 0.3659 0.2939 0.3659 0.2939
108 120 0.4576 0.2939 0.2939 0.5467
109 110 0.5467 0.5467 0.3659 0.4576
109 121 0.5467 0.4576 0.2939 0.5467
110 111 0.2939 0.5467 0.4576 0.2939
110 122 0.4576 0.5467 0.3659 0.4576
111 112 0.4576 0.5467 0.3659 0.3659
111 123 0.3659 0.5467 0.4576 0.2939
112 113 0.2939 0.2939 0.2939 0.5467
112 124 0.2939 0.2939 0.2939 0.5467
113 114 0.3659 0.2939 0.4576 0.5467
113 125 0.3659 0.2939 0.4576 0.3659
114 115 0.2939 0.4576 0.4576 0.4576
114 126 0.5467 0.2939 0.4576 0.4576
115 116 0.4576 0.2939 0.3659 0.4576
115 127 0.3659 0.4576 0.2939 0.3659
116 117 0.2939 0.4576 0.3659 0.2939
116 128 0.2939 0.2939 0.2939 0.5467
117 118 0.5467 0.3659 0.3659 0.4576
117 129 0.3659 0.5467 0.5467 0.4576
118 119 0.4576 0.5467 0.3659 0.3659
118 130 0.3659 0.3659 0.4576 0.2939
119 108 0.5467 0.5467 0.5467 0.3659
119 131 0.2939 0.2939 0.4576 0.3659
120 121 0.3659 0.5467 0.2939 0.5467
120 132 0.3659 0.3659 0.3659 0.5467
121 122 0.2939 0.2939 0.3659 0.4576
121 133 0.4576 0.2939 0.3659 0.5467
122 123 0.4576 0.3659 0.2939 0.4576
122 134 0.2939 0.5467 0.5467 0.4576
123 124 0.2939 0.2939 0.5467 0.2939
123 135 0.3659 0.2939 0.5467 0.4576
124 125 0.3659 0.5467 0.2939 0.3659
124 136 0.5467 0.2939 0.5467 0.4576
125 126 0.4576 0.3659 0.3659 0.5467
125 137 0.3659 0.4576 0.5467 0.3659
126 127 0.4576 0.2939 0.3659 0.3659
126 138 0.5467 0.2939 0.2939 0.5467
127 128 0.4576 0.3659 0.5467 0.5467
127 139 0.2939 0.5467 0.2939 0.2939
128 129 0.4576 0.2939 0.4576 0.2939
128 140 0.5467 0.4576 0.3659 0.5467
129 130 0.4576 0.5467 0.5467 0.2939
129 141 0.5467 0.4576 0.5467 0.2939
130 131 0.5467 0.5467 0.2939 0.4576
130 142 0.5467 0.4576 0.3659 0.4576
131 120 0.4576 0.4576 0.2939 0.5467
131 011 0.5467 0.4576 0.2939 0.3659
132 133 0.3659 0.2939 0.5467 0.3659
132 000 0.5467 0.3659 0.3659 0.3659
133 134 0.4576 0.2939 0.3659 0.3659
133 001 0.4576 0.4576 0.5467 0.2939
134 135 0.2939 0.5467 0.5467 0.5467
134 002 0.3659 0.5467 0.3659 0.2939
135 136 0.4576 0.3659 0.4576 0.4576
135 003 0.3659 0.5467 0.2939 0.4576
136 137 0.2939 0.3659 0.4576 0.3659
136 004 0.5467 0.5467 0.3659 0.4576
137 138 0.2939 0.2939 0.5467 0.4576
137 005 0.5467 0.4576 0.5467 0.4576
138 139 0.5467 0.2939 0.5467 0.5467
138 006 0.2939 0.4576 0.2939 0.5467
139 140 0.4576 0.4576 0.5467 0.4576
139 007 0.4576 0.2939 0.3659 0.5467
140 141 0.2939 0.4576 0.2939 0.4576
140 008 0.5467 0.4576 0.4576 0.3659
141 142 0.5467 0.3659 0.4576 0.4576
141 009 0.3659 0.4576 0.2939 0.4576
142 132 0.2939 0.5467 0.4576 0.5467
142 010 0.2939 0.2939 0.5467 0.4576
