143 002556 2 286
000 001 0.2911 0.2683 0.2467 0.5588
000 012 0.2683 0.2467 0.2467 0.2911
001 002 0.2467 0.2467 0.2467 0.2683
001 013 0.2911 0.5588 0.2683 0.2467
002 003 0.2683 0.2911 0.2911 0.5588
002 014 0.2683 0.2467 0.2467 0.2467
003 004 0.2683 0.2467 0.2911 0.2467
003 015 0.2911 0.5588 0.2911 0.2911
004 005 0.2467 0.5588 0.5588 0.2467
004 016 0.2467 0.2911 0.2467 0.2911
005 006 0.2467 0.2683 0.5588 0.5588
005 017 0.2911 0.2911 0.5588 0.2467
006 007 0.2911 0.2683 0.5588 0.5588
006 018 0.2683 0.5588 0.2683 0.2467
007 008 0.2911 0.2911 0.2911 0.2467
007 019 0.2467 0.5588 0.2911 0.2911
008 009 0.2467 0.2911 0.2467 0.2467
008 020 0.2467 0.2911 0.5588 0.2467
009 010 0.2467 0.2911 0.2683 0.2683
009 021 0.5588 0.5588 0.5588 0.2683
010 011 0.2467 0.5588 0.5588 0.5588
010 022 0.2683 0.2683 0.2683 0.2683
011 000 0.5588 0.2911 0.2683 0.2911
011 023 0.2467 0.2467 0.2683 0.2683
012 013 0.5588 0.2911 0.5588 0.2911
012 024 0.5588 0.2467 0.2683 0.2683
013 014 0.2911 0.2467 0.5588 0.2683
013 025 0.2467 0.2467 0.5588 0.2467
014 015 0.2467 0.2467 0.2911 0.2683
014 026 0.2467 0.2467 0.5588 0.2911
015 016 0.2683 0.2467 0.2467 0.2683
015 027 0.2911 0.2467 0.2911 0.2683
016 017 0.2911 0.2467 0.2467 0.5588
016 028 0.2683 0.2467 0.5588 0.2683
017 018 0.2467 0.2683 0.2683 0.2911
017 029 0.2911 0.2911 0.2467 0.2467
018 019 0.2911 0.2911 0.2911 0.5588
018 030 0.2467 0.2467 0.2683 0.2911
019 020 0.2467 0.2467 0.5588 0.2683
019 031 0.2467 0.5588 0.2467 0.2683
020 021 0.2467 0.2467 0.5588 0.5588
020 032 0.2683 0.5588 0.5588 0.2911
021 022 0.5588 0.5588 0.2467 0.5588
021 033 0.2911 0.5588 0.2467 0.5588
022 023 0.5588 0.5588 0.5588 0.2911
022 034 0.2683 0.5588 0.2683 0.2467
023 012 0.2683 0.2911 0.2911 0.5588
023 035 0.2911 0.2911 0.2683 0.2911
024 025 0.2467 0.2911 0.2683 0.2911
024 036 0.2467 0.5588 0.2467 0.2911
025 026 0.2683 0.5588 0.5588 0.2683
025 037 0.2911 0.2911 0.2467 0.2467
026 027 0.2467 0.5588 0.2911 0.2683
026 038 0.2911 0.5588 0.2683 0.2683
027 028 0.2911 0.2911 0.2683 0.2467
027 039 0.2683 0.2683 0.5588 0.5588
028 029 0.2467 0.2467 0.2911 0.5588
028 040 0.2911 0.2683 0.5588 0.5588
029 030 0.2467 0.5588 0.5588 0.2683
029 041 0.2911 0.2683 0.2467 0.2911
030 031 0.2683 0.2683 0.2911 0.5588
030 042 0.5588 0.2911 0.2467 0.5588
031 032 0.2467 0.2467 0.2911 0.2683
031 043 0.2683 0.2467 0.2467 0.2683
032 033 0.5588 0.5588 0.5588 0.2467
032 044 0.2911 0.5588 0.5588 0.2467
033 034 0.5588 0.5588 0.2683 0.2911
033 045 0.2683 0.5588 0.2467 0.2683
034 035 0.2911 0.2467 0.2911 0.5588
034 046 0.2683 0.2683 0.2467 0.5588
035 024 0.5588 0.5588 0.2467 0.2467
035 047 0.2911 0.2683 0.5588 0.5588
036 037 0.2683 0.2467 0.5588 0.2683
036 048 0.2683 0.5588 0.2467 0.2911
037 038 0.2467 0.2467 0.2683 0.5588
037 049 0.5588 0.2683 0.2911 0.2911
038 039 0.2911 0.2467 0.5588 0.2911
038 050 0.2467 0.2911 0.2683 0.5588
039 040 0.2911 0.2683 0.2911 0.5588
039 051 0.5588 0.2911 0.5588 0.2911
040 041 0.2911 0.2467 0.2911 0.2911
040 052 0.2911 0.2683 0.2911 0.5588
041 042 0.5588 0.2911 0.2911 0.2683
041 053 0.2911 0.2911 0.2467 0.2683
042 043 0.2911 0.2911 0.2911 0.5588
042 054 0.5588 0.2911 0.2911 0.2683
043 044 0.2467 0.2683 0.2467 0.2467
043 055 0.2683 0.5588 0.5588 0.2911
044 045 0.2911 0.2911 0.2911 0.2467
044 056 0.2467 0.2467 0.5588 0.2911
045 046 0.2911 0.2467 0.5588 0.5588
045 057 0.2467 0.5588 0.2683 0.5588
046 047 0.2683 0.2911 0.2683 0.2683
046 058 0.5588 0.5588 0.2467 0.2467
047 036 0.2467 0.2911 0.2683 0.5588
047 059 0.2467 0.2683 0.2683 0.2683
048 049 0.2467 0.2467 0.5588 0.5588
048 060 0.2911 0.2467 0.2911 0.2467
049 050 0.2467 0.2911 0.2911 0.2911
049 061 0.2683 0.2911 0.2911 0.2911
050 051 0.2467 0.5588 0.2911 0.2911
050 062 0.5588 0.5588 0.2683 0.2683
051 052 0.2683 0.2911 0.2467 0.2911
051 063 0.2683 0.2467 0.2467 0.2911
052 053 0.5588 0.5588 0.5588 0.2467
052 064 0.2467 0.2683 0.2467 0.2911
053 054 0.5588 0.5588 0.5588 0.2911
053 065 0.2683 0.2467 0.2911 0.2467
054 055 0.5588 0.2683 0.2683 0.5588
054 066 0.5588 0.2911 0.2467 0.2911
055 056 0.2683 0.5588 0.2683 0.5588
055 067 0.2911 0.2467 0.2911 0.2467
056 057 0.5588 0.5588 0.2683 0.2467
056 068 0.5588 0.2683 0.5588 0.2911
057 058 0.2911 0.2683 0.2467 0.5588
057 069 0.2683 0.5588 0.2683 0.2911
058 059 0.2911 0.5588 0.2911 0.2683
058 070 0.2683 0.2683 0.2911 0.2911
059 048 0.2911 0.2467 0.2911 0.5588
059 071 0.2683 0.5588 0.5588 0.2683
060 061 0.2683 0.2683 0.2911 0.5588
060 072 0.2467 0.2467 0.2911 0.5588
061 062 0.2683 0.2911 0.2911 0.5588
061 073 0.2683 0.2683 0.2911 0.5588
062 063 0.2467 0.2467 0.2467 0.2683
062 074 0.5588 0.5588 0.2467 0.2683
063 064 0.2683 0.2467 0.2683 0.2911
063 075 0.2683 0.5588 0.5588 0.2683
064 065 0.2911 0.5588 0.2467 0.2911
064 076 0.2911 0.5588 0.2467 0.2911
065 066 0.2911 0.2683 0.2467 0.2683
065 077 0.2683 0.2911 0.5588 0.2683
066 067 0.2911 0.5588 0.2467 0.5588
066 078 0.5588 0.2911 0.2467 0.2911
067 068 0.5588 0.2467 0.2911 0.2683
067 079 0.5588 0.2683 0.2467 0.2911
068 069 0.5588 0.2467 0.2467 0.2467
068 080 0.2683 0.2467 0.2683 0.2683
069 070 0.5588 0.2683 0.2911 0.2683
069 081 0.2467 0.2683 0.5588 0.2683
070 071 0.5588 0.2683 0.2467 0.5588
070 082 0.2683 0.2467 0.2683 0.2683
071 060 0.2911 0.5588 0.5588 0.5588
071 083 0.2467 0.2683 0.5588 0.5588
072 073 0.2683 0.2911 0.5588 0.2911
072 084 0.2683 0.2467 0.2467 0.2467
073 074 0.2683 0.5588 0.5588 0.5588
073 085 0.2683 0.5588 0.5588 0.5588
074 075 0.2683 0.5588 0.2467 0.2467
074 086 0.5588 0.5588 0.2467 0.2911
075 076 0.2467 0.2911 0.2467 0.2467
075 087 0.5588 0.2683 0.5588 0.2911
076 077 0.5588 0.2911 0.5588 0.2911
076 088 0.2911 0.2467 0.5588 0.5588
077 078 0.2911 0.5588 0.2911 0.2911
077 089 0.2683 0.2467 0.2467 0.2683
078 079 0.5588 0.5588 0.5588 0.2467
078 090 0.2683 0.2683 0.2683 0.2683
079 080 0.2467 0.2467 0.2911 0.2911
079 091 0.5588 0.5588 0.2683 0.2911
080 081 0.2467 0.2683 0.2467 0.2467
080 092 0.2467 0.2683 0.2683 0.2683
081 082 0.2683 0.2683 0.2467 0.2911
081 093 0.2911 0.2911 0.2911 0.2911
082 083 0.2467 0.2467 0.2911 0.2683
082 094 0.2467 0.2467 0.2683 0.2911
083 072 0.5588 0.2467 0.5588 0.2683
083 095 0.2683 0.5588 0.5588 0.2683
084 085 0.5588 0.2683 0.2683 0.5588
084 096 0.2683 0.2683 0.5588 0.2467
085 086 0.2683 0.2683 0.5588 0.2911
085 097 0.2683 0.2683 0.2911 0.2911
086 087 0.5588 0.2911 0.5588 0.2467
086 098 0.2467 0.2683 0.2467 0.2467
087 088 0.2467 0.2911 0.2467 0.2911
087 099 0.2911 0.5588 0.2911 0.2467
088 089 0.5588 0.5588 0.2467 0.2911
088 100 0.2911 0.5588 0.2467 0.2911
089 090 0.2467 0.5588 0.2911 0.5588
089 101 0.2911 0.5588 0.2683 0.5588
090 091 0.2911 0.2467 0.2911 0.2683
090 102 0.5588 0.2683 0.2911 0.5588
091 092 0.2683 0.5588 0.5588 0.2683
091 103 0.2683 0.2683 0.2683 0.2911
092 093 0.2911 0.2683 0.5588 0.2467
092 104 0.2683 0.2467 0.2683 0.2683
093 094 0.5588 0.2683 0.5588 0.5588
093 105 0.5588 0.2911 0.2911 0.2467
094 095 0.2911 0.2683 0.2911 0.2467
094 106 0.5588 0.2683 0.5588 0.5588
095 084 0.2683 0.2467 0.2467 0.5588
095 107 0.2467 0.2467 0.2683 0.2911
096 097 0.5588 0.5588 0.2911 0.2683
096 108 0.2683 0.2683 0.2683 0.2683
097 098 0.5588 0.2683 0.5588 0.2911
097 109 0.2467 0.2911 0.2911 0.2467
098 099 0.5588 0.2683 0.2683 0.5588
098 110 0.2683 0.2467 0.5588 0.2911
099 100 0.2467 0.5588 0.2683 0.5588
099 111 0.2683 0.2911 0.2911 0.2683
100 101 0.2911 0.2467 0.2911 0.2467
100 112 0.5588 0.2683 0.2683 0.2467
101 102 0.2911 0.2467 0.2911 0.5588
101 113 0.5588 0.2467 0.2467 0.5588
102 103 0.2683 0.5588 0.2683 0.2683
102 114 0.5588 0.5588 0.2467 0.2683
103 104 0.2683 0.2467 0.2467 0.2911
103 115 0.2911 0.2683 0.2467 0.2467
104 105 0.5588 0.2467 0.5588 0.2911
104 116 0.5588 0.5588 0.2467 0.5588
105 106 0.2683 0.2683 0.5588 0.5588
105 117 0.5588 0.2911 0.5588 0.2683
106 107 0.5588 0.2467 0.2911 0.2911
106 118 0.2467 0.2683 0.5588 0.5588
107 096 0.2911 0.2683 0.2467 0.2683
107 119 0.2683 0.2911 0.5588 0.5588
108 109 0.2911 0.2683 0.2683 0.5588
108 120 0.2911 0.5588 0.2683 0.2467
109 110 0.2911 0.2911 0.5588 0.5588
109 121 0.2467 0.5588 0.5588 0.2911
110 111 0.2911 0.2911 0.2911 0.2911
110 122 0.5588 0.2467 0.2911 0.2467
111 112 0.2467 0.5588 0.2467 0.2467
111 123 0.2683 0.2467 0.2911 0.2683
112 113 0.2683 0.2911 0.2911 0.5588
112 124 0.5588 0.2467 0.2683 0.2683
113 114 0.2683 0.2467 0.5588 0.2911
113 125 0.2467 0.2911 0.5588 0.2911
114 115 0.2911 0.2911 0.2911 0.2683
114 126 0.2467 0.2911 0.5588 0.2911
115 116 0.2911 0.2911 0.2467 0.2683
115 127 0.5588 0.2911 0.5588 0.2911
116 117 0.2683 0.5588 0.2911 0.5588
116 128 0.2467 0.5588 0.2467 0.2467
117 118 0.5588 0.2683 0.2467 0.2683
117 129 0.2467 0.2467 0.2683 0.5588
118 119 0.2911 0.2467 0.5588 0.5588
118 130 0.5588 0.2467 0.5588 0.5588
119 108 0.2911 0.2683 0.2467 0.2467
119 131 0.2911 0.5588 0.2467 0.5588
120 121 0.5588 0.2683 0.2683 0.2467
120 132 0.5588 0.2911 0.2683 0.2911
121 122 0.2467 0.2911 0.2683 0.2467
121 133 0.2683 0.5588 0.2467 0.5588
122 123 0.2683 0.5588 0.2911 0.2911
122 134 0.2467 0.2467 0.2911 0.2683
123 124 0.2911 0.2911 0.2683 0.2467
123 135 0.5588 0.2911 0.2467 0.5588
124 125 0.2683 0.2467 0.5588 0.2683
124 136 0.2683 0.2683 0.5588 0.2911
125 126 0.2911 0.2911 0.2467 0.5588
125 137 0.2683 0.2911 0.2911 0.2683
126 127 0.5588 0.2911 0.5588 0.5588
126 138 0.2911 0.2911 0.2467 0.5588
127 128 0.2911 0.2683 0.2683 0.2683
127 139 0.2683 0.2467 0.2467 0.2683
128 129 0.2683 0.2911 0.5588 0.2683
128 140 0.2683 0.5588 0.2911 0.2911
129 130 0.2467 0.2683 0.2683 0.5588
129 141 0.2683 0.2683 0.2911 0.2467
130 131 0.2683 0.5588 0.2467 0.2911
130 142 0.5588 0.2683 0.2911 0.2467
131 120 0.2467 0.2467 0.5588 0.5588
131 011 0.2911 0.5588 0.5588 0.5588
132 133 0.2467 0.5588 0.2467 0.2911
132 000 0.2467 0.5588 0.2683 0.5588
133 134 0.5588 0.5588 0.2467 0.2467
133 001 0.2467 0.2683 0.2911 0.5588
134 135 0.2911 0.2467 0.2467 0.2467
134 002 0.5588 0.2683 0.2683 0.2683
135 136 0.2467 0.2467 0.5588 0.5588
135 003 0.2683 0.5588 0.2911 0.5588
136 137 0.5588 0.2467 0.2467 0.2467
136 004 0.5588 0.5588 0.5588 0.2467
137 138 0.5588 0.2911 0.2467 0.2911
137 005 0.5588 0.2911 0.5588 0.2911
138 139 0.2467 0.2911 0.2467 0.2911
138 006 0.2683 0.5588 0.2683 0.2683
139 140 0.2911 0.2911 0.5588 0.2467
139 007 0.2467 0.2467 0.5588 0.2683
140 141 0.2467 0.2467 0.2683 0.5588
140 008 0.5588 0.5588 0.2683 0.5588
141 142 0.2467 0.2467 0.2467 0.2683
141 009 0.2467 0.2911 0.2683 0.2683
142 132 0.2467 0.2911 0.2683 0.2911
142 010 0.2683 0.2467 0.2911 0.5588
