143 002556 2 286
000 001 0.8972 0.8155 0.8972 0.6635
000 012 0.6635 0.8972 0.8155 0.8155
001 002 0.8972 0.8155 0.7467 0.8972
001 013 0.7467 0.8155 0.7467 0.7467
002 003 0.6635 0.8155 0.8972 0.8972
002 014 0.8972 0.7467 0.6635 0.8972
003 004 0.8972 0.7467 0.7467 0.8972
003 015 0.6635 0.8155 0.8155 0.8155
004 005 0.8155 0.8972 0.8155 0.7467
004 016 0.6635 0.6635 0.8155 0.6635
005 006 0.6635 0.7467 0.7467 0.7467
005 017 0.8155 0.7467 0.6635 0.8972
006 007 0.6635 0.8972 0.8972 0.7467
006 018 0.8155 0.8972 0.7467 0.7467
007 008 0.8972 0.8972 0.8155 0.8972
007 019 0.7467 0.6635 0.7467 0.6635
008 009 0.7467 0.7467 0.8972 0.6635
008 020 0.8972 0.8972 0.6635 0.7467
009 010 0.6635 0.8972 0.8155 0.8972
009 021 0.7467 0.8972 0.6635 0.6635
010 011 0.8155 0.8972 0.7467 0.8972
010 022 0.8972 0.8972 0.8155 0.8155
011 000 0.6635 0.6635 0.8972 0.6635
011 023 0.7467 0.6635 0.7467 0.8155
012 013 0.8155 0.8972 0.7467 0.8972
012 024 0.8155 0.6635 0.8972 0.7467
013 014 0.8155 0.6635 0.8972 0.8155
013 025 0.7467 0.8155 0.8972 0.6635
014 015 0.8972 0.8972 0.7467 0.6635
014 026 0.7467 0.8972 0.8972 0.7467
015 016 0.6635 0.8972 0.8155 0.6635
015 027 0.8972 0.6635 0.7467 0.7467
016 017 0.8155 0.7467 0.8155 0.7467
016 028 0.8972 0.7467 0.7467 0.8155
017 018 0.8972 0.8155 0.8972 0.8972
017 029 0.7467 0.6635 0.8155 0.8155
018 019 0.7467 0.7467 0.7467 0.8155
018 030 0.8155 0.8972 0.6635 0.6635
019 020 0.6635 0.7467 0.7467 0.8972
019 031 0.8972 0.6635 0.7467 0.8972
020 021 0.8972 0.6635 0.8155 0.8972
020 032 0.8155 0.6635 0.8972 0.8972
021 022 0.8155 0.6635 0.8972 0.8155
021 033 0.8972 0.8155 0.8155 0.6635
022 023 0.8972 0.8155 0.7467 0.7467
022 034 0.8155 0.7467 0.7467 0.6635
023 012 0.8972 0.7467 0.8155 0.6635
023 035 0.8155 0.6635 0.8972 0.6635
024 025 0.8155 0.8972 0.6635 0.8155
024 036 0.7467 0.8972 0.8972 0.8972
025 026 0.8155 0.8155 0.7467 0.8972
025 037 0.8972 0.8155 0.7467 0.7467
026 027 0.6635 0.8155 0.6635 0.8972
026 038 0.8972 0.8155 0.8972 0.6635
027 028 0.8972 0.8155 0.8155 0.8972
027 039 0.6635 0.7467 0.6635 0.7467
028 029 0.8155 0.6635 0.7467 0.7467
028 040 0.6635 0.7467 0.8155 0.7467
029 030 0.7467 0.6635 0.7467 0.8972
029 041 0.6635 0.8155 0.8155 0.8972
030 031 0.6635 0.6635 0.6635 0.8155
030 042 0.8155 0.8972 0.6635 0.8155
031 032 0.8972 0.6635 0.8155 0.6635
031 043 0.8155 0.8972 0.7467 0.6635
032 033 0.7467 0.8155 0.6635 0.7467
032 044 0.8972 0.8972 0.7467 0.6635
033 034 0.8972 0.8972 0.8972 0.8155
033 045 0.6635 0.7467 0.6635 0.8155
034 035 0.8155 0.7467 0.7467 0.6635
034 046 0.8972 0.6635 0.6635 0.6635
035 024 0.6635 0.7467 0.6635 0.6635
035 047 0.6635 0.8972 0.8972 0.8972
036 037 0.6635 0.6635 0.6635 0.7467
036 048 0.8155 0.8155 0.8155 0.7467
037 038 0.8155 0.8155 0.7467 0.6635
037 049 0.8972 0.6635 0.8972 0.8972
038 039 0.7467 0.8155 0.7467 0.8972
038 050 0.8972 0.7467 0.7467 0.7467
039 040 0.6635 0.7467 0.8155 0.8155
039 051 0.6635 0.7467 0.7467 0.7467
040 041 0.8155 0.7467 0.7467 0.8155
040 052 0.6635 0.8155 0.8155 0.6635
041 042 0.8972 0.8972 0.7467 0.6635
041 053 0.7467 0.7467 0.7467 0.6635
042 043 0.6635 0.7467 0.6635 0.8972
042 054 0.6635 0.7467 0.6635 0.8155
043 044 0.7467 0.6635 0.8155 0.7467
043 055 0.8972 0.6635 0.8972 0.8155
044 045 0.6635 0.6635 0.8972 0.7467
044 056 0.7467 0.6635 0.6635 0.7467
045 046 0.8155 0.8972 0.8972 0.8972
045 057 0.8972 0.6635 0.8972 0.8155
046 047 0.6635 0.7467 0.6635 0.6635
046 058 0.8155 0.7467 0.8155 0.6635
047 036 0.8972 0.7467 0.8155 0.8155
047 059 0.8972 0.8972 0.8155 0.8155
048 049 0.8972 0.8155 0.6635 0.8972
048 060 0.6635 0.8155 0.6635 0.8972
049 050 0.8972 0.7467 0.6635 0.7467
049 061 0.8972 0.6635 0.6635 0.8155
050 051 0.6635 0.7467 0.6635 0.8972
050 062 0.8972 0.6635 0.8155 0.7467
051 052 0.6635 0.6635 0.7467 0.7467
051 063 0.7467 0.7467 0.6635 0.6635
052 053 0.8155 0.7467 0.8155 0.6635
052 064 0.6635 0.8972 0.6635 0.8155
053 054 0.7467 0.8155 0.8972 0.7467
053 065 0.8972 0.8972 0.7467 0.6635
054 055 0.8972 0.7467 0.6635 0.7467
054 066 0.7467 0.7467 0.8972 0.8155
055 056 0.8155 0.8155 0.8972 0.7467
055 067 0.8972 0.8155 0.8155 0.6635
056 057 0.7467 0.6635 0.7467 0.8972
056 068 0.6635 0.7467 0.8972 0.8155
057 058 0.8155 0.8972 0.7467 0.8972
057 069 0.7467 0.7467 0.7467 0.8972
058 059 0.7467 0.8972 0.8972 0.6635
058 070 0.8972 0.8155 0.8155 0.7467
059 048 0.7467 0.8155 0.7467 0.8155
059 071 0.8155 0.8155 0.7467 0.8972
060 061 0.8972 0.6635 0.7467 0.8972
060 072 0.6635 0.8972 0.8155 0.6635
061 062 0.6635 0.8972 0.6635 0.6635
061 073 0.7467 0.8155 0.6635 0.6635
062 063 0.8972 0.8155 0.6635 0.8972
062 074 0.8155 0.7467 0.7467 0.8972
063 064 0.7467 0.8155 0.6635 0.8972
063 075 0.6635 0.8155 0.7467 0.8972
064 065 0.6635 0.6635 0.6635 0.8155
064 076 0.7467 0.7467 0.6635 0.6635
065 066 0.7467 0.7467 0.8972 0.8972
065 077 0.7467 0.8972 0.6635 0.8155
066 067 0.7467 0.7467 0.6635 0.8155
066 078 0.8972 0.8972 0.7467 0.8972
067 068 0.8155 0.6635 0.8155 0.7467
067 079 0.8972 0.7467 0.8155 0.6635
068 069 0.6635 0.6635 0.8972 0.8155
068 080 0.6635 0.7467 0.8972 0.8972
069 070 0.8155 0.7467 0.6635 0.6635
069 081 0.8972 0.8155 0.8155 0.7467
070 071 0.8972 0.6635 0.7467 0.8155
070 082 0.8972 0.6635 0.8155 0.6635
071 060 0.8155 0.8972 0.7467 0.8972
071 083 0.8972 0.8155 0.8155 0.8155
072 073 0.8155 0.8155 0.8972 0.7467
072 084 0.6635 0.6635 0.8155 0.8972
073 074 0.6635 0.8972 0.8972 0.8155
073 085 0.6635 0.6635 0.8155 0.8972
074 075 0.6635 0.8155 0.7467 0.8155
074 086 0.8155 0.8155 0.8155 0.6635
075 076 0.6635 0.8155 0.6635 0.8972
075 087 0.8155 0.8972 0.6635 0.7467
076 077 0.7467 0.6635 0.7467 0.6635
076 088 0.6635 0.6635 0.6635 0.8155
077 078 0.7467 0.6635 0.8155 0.6635
077 089 0.6635 0.6635 0.7467 0.6635
078 079 0.8972 0.7467 0.7467 0.7467
078 090 0.8972 0.6635 0.8972 0.6635
079 080 0.8972 0.7467 0.8155 0.7467
079 091 0.8155 0.8155 0.7467 0.8972
080 081 0.7467 0.8155 0.8155 0.7467
080 092 0.8155 0.6635 0.8155 0.8155
081 082 0.8972 0.7467 0.7467 0.6635
081 093 0.6635 0.7467 0.7467 0.8972
082 083 0.8155 0.8155 0.8155 0.8972
082 094 0.6635 0.8155 0.8972 0.8155
083 072 0.6635 0.7467 0.8972 0.6635
083 095 0.7467 0.8972 0.8155 0.7467
084 085 0.7467 0.7467 0.6635 0.7467
084 096 0.6635 0.7467 0.6635 0.8155
085 086 0.8155 0.8155 0.6635 0.8155
085 097 0.8972 0.6635 0.7467 0.8155
086 087 0.8972 0.6635 0.8972 0.6635
086 098 0.7467 0.8155 0.8155 0.7467
087 088 0.6635 0.8155 0.6635 0.6635
087 099 0.8972 0.6635 0.7467 0.6635
088 089 0.8972 0.7467 0.8972 0.8972
088 100 0.8972 0.8155 0.8972 0.8972
089 090 0.8155 0.7467 0.7467 0.8972
089 101 0.6635 0.8972 0.8155 0.6635
090 091 0.6635 0.8972 0.8972 0.7467
090 102 0.6635 0.7467 0.8155 0.6635
091 092 0.6635 0.8155 0.8972 0.8972
091 103 0.8972 0.6635 0.6635 0.6635
092 093 0.6635 0.6635 0.7467 0.8155
092 104 0.7467 0.8972 0.8155 0.8972
093 094 0.8155 0.8155 0.7467 0.6635
093 105 0.6635 0.7467 0.6635 0.7467
094 095 0.8972 0.8972 0.8972 0.8972
094 106 0.8155 0.6635 0.8972 0.8155
095 084 0.8972 0.8155 0.8155 0.8972
095 107 0.7467 0.6635 0.8972 0.8972
096 097 0.6635 0.8155 0.8155 0.8972
096 108 0.6635 0.6635 0.8972 0.8155
097 098 0.8155 0.6635 0.6635 0.8972
097 109 0.6635 0.6635 0.6635 0.8155
098 099 0.6635 0.7467 0.8155 0.7467
098 110 0.8972 0.8972 0.6635 0.6635
099 100 0.8155 0.6635 0.6635 0.8972
099 111 0.7467 0.7467 0.8972 0.6635
100 101 0.8155 0.8155 0.8155 0.7467
100 112 0.8155 0.8972 0.7467 0.8972
101 102 0.6635 0.8972 0.8972 0.8155
101 113 0.8155 0.7467 0.8972 0.8972
102 103 0.8155 0.8972 0.7467 0.6635
102 114 0.6635 0.8972 0.6635 0.8155
103 104 0.8972 0.6635 0.7467 0.7467
103 115 0.7467 0.7467 0.6635 0.6635
104 105 0.8155 0.8155 0.7467 0.7467
104 116 0.8155 0.8155 0.8972 0.8155
105 106 0.8972 0.7467 0.6635 0.7467
105 117 0.6635 0.6635 0.8972 0.7467
106 107 0.8155 0.7467 0.6635 0.8155
106 118 0.8155 0.6635 0.8972 0.6635
107 096 0.7467 0.8972 0.6635 0.8972
107 119 0.7467 0.8972 0.7467 0.7467
108 109 0.8972 0.8972 0.8972 0.8155
108 120 0.7467 0.7467 0.7467 0.7467
109 110 0.8155 0.8155 0.6635 0.8155
109 121 0.6635 0.7467 0.6635 0.7467
110 111 0.6635 0.6635 0.8972 0.7467
110 122 0.8972 0.7467 0.7467 0.8972
111 112 0.8972 0.6635 0.7467 0.8155
111 123 0.8972 0.6635 0.7467 0.6635
112 113 0.7467 0.8155 0.6635 0.8972
112 124 0.6635 0.8972 0.7467 0.8972
113 114 0.7467 0.7467 0.7467 0.8155
113 125 0.7467 0.7467 0.8972 0.6635
114 115 0.8972 0.8155 0.7467 0.8155
114 126 0.8155 0.8155 0.8155 0.8155
115 116 0.6635 0.8155 0.7467 0.8972
115 127 0.8972 0.7467 0.8155 0.8155
116 117 0.8972 0.8155 0.7467 0.8155
116 128 0.8972 0.8155 0.8155 0.7467
117 118 0.6635 0.8155 0.7467 0.6635
117 129 0.8972 0.8972 0.7467 0.7467
118 119 0.7467 0.8972 0.8155 0.8155
118 130 0.6635 0.7467 0.8155 0.8972
119 108 0.6635 0.8155 0.6635 0.6635
119 131 0.7467 0.8972 0.8972 0.7467
120 121 0.8972 0.6635 0.6635 0.6635
120 132 0.8972 0.8155 0.7467 0.6635
121 122 0.8155 0.6635 0.8155 0.8155
121 133 0.8155 0.7467 0.6635 0.8972
122 123 0.6635 0.6635 0.8155 0.8972
122 134 0.8155 0.8972 0.6635 0.7467
123 124 0.7467 0.6635 0.8155 0.7467
123 135 0.8972 0.6635 0.8155 0.6635
124 125 0.8155 0.8155 0.8972 0.8972
124 136 0.7467 0.6635 0.6635 0.6635
125 126 0.6635 0.8972 0.7467 0.8972
125 137 0.7467 0.7467 0.8155 0.8155
126 127 0.6635 0.8155 0.8972 0.8972
126 138 0.6635 0.8155 0.8972 0.8972
127 128 0.8972 0.8972 0.8155 0.6635
127 139 0.7467 0.8155 0.6635 0.7467
128 129 0.6635 0.6635 0.8972 0.6635
128 140 0.8972 0.6635 0.7467 0.8972
129 130 0.8972 0.7467 0.8972 0.8155
129 141 0.7467 0.7467 0.8155 0.6635
130 131 0.8155 0.7467 0.8972 0.6635
130 142 0.7467 0.7467 0.7467 0.7467
131 120 0.8972 0.6635 0.6635 0.8972
131 011 0.8972 0.8972 0.7467 0.6635
132 133 0.6635 0.8972 0.6635 0.6635
132 000 0.8155 0.7467 0.8972 0.6635
133 134 0.7467 0.6635 0.7467 0.7467
133 001 0.6635 0.8155 0.8972 0.7467
134 135 0.7467 0.7467 0.7467 0.8972
134 002 0.6635 0.8972 0.7467 0.8155
135 136 0.8155 0.6635 0.8972 0.8155
135 003 0.7467 0.8972 0.6635 0.8972
136 137 0.6635 0.6635 0.8972 0.6635
136 004 0.8972 0.8155 0.8155 0.8972
137 138 0.8155 0.7467 0.7467 0.7467
137 005 0.8155 0.8155 0.6635 0.8155
138 139 0.6635 0.8155 0.6635 0.7467
138 006 0.7467 0.8972 0.8972 0.6635
139 140 0.8155 0.7467 0.8972 0.7467
139 007 0.8155 0.8972 0.8155 0.8155
140 141 0.7467 0.7467 0.8972 0.7467
140 008 0.7467 0.8972 0.6635 0.8972
141 142 0.7467 0.8972 0.8972 0.8155
141 009 0.8972 0.8155 0.8155 0.8972
142 132 0.8155 0.6635 0.6635 0.6635
142 010 0.6635 0.8972 0.6635 0.7467
