143 002556 2 286
000 001 0.9361 0.2524 0.2524 0.4370
000 012 0.3002 0.4370 0.2524 0.3002
001 002 0.4370 0.4370 0.9361 0.9361
001 013 0.3002 0.3002 0.2524 0.9361
002 003 0.3002 0.4370 0.2524 0.9361
002 014 0.2524 0.2524 0.9361 0.2524
003 004 0.3002 0.2524 0.9361 0.3002
003 015 0.4370 0.9361 0.4370 0.2524
004 005 0.3002 0.2524 0.2524 0.3002
004 016 0.4370 0.4370 0.4370 0.2524
005 006 0.3002 0.3002 0.3002 0.3002
005 017 0.4370 0.2524 0.3002 0.9361
006 007 0.3002 0.2524 0.3002 0.4370
006 018 0.9361 0.3002 0.3002 0.4370
007 008 0.9361 0.9361 0.2524 0.9361
007 019 0.4370 0.2524 0.2524 0.3002
008 009 0.4370 0.2524 0.9361 0.4370
008 020 0.4370 0.3002 0.9361 0.4370
009 010 0.3002 0.4370 0.2524 0.9361
009 021 0.2524 0.9361 0.9361 0.9361
010 011 0.9361 0.2524 0.9361 0.9361
010 022 0.3002 0.9361 0.9361 0.2524
011 000 0.9361 0.2524 0.2524 0.3002
011 023 0.3002 0.9361 0.9361 0.2524
012 013 0.4370 0.4370 0.3002 0.9361
012 024 0.4370 0.4370 0.2524 0.3002
013 014 0.3002 0.4370 0.2524 0.3002
013 025 0.4370 0.3002 0.4370 0.2524
014 015 0.9361 0.2524 0.2524 0.4370
014 026 0.2524 0.4370 0.3002 0.9361
015 016 0.9361 0.9361 0.4370 0.2524
015 027 0.2524 0.2524 0.4370 0.2524
016 017 0.3002 0.2524 0.3002 0.4370
016 028 0.9361 0.9361 0.3002 0.9361
017 018 0.9361 0.4370 0.4370 0.2524
017 029 0.4370 0.3002 0.4370 0.9361
018 019 0.2524 0.2524 0.2524 0.2524
018 030 0.3002 0.3002 0.9361 0.9361
019 020 0.2524 0.3002 0.3002 0.3002
019 031 0.2524 0.4370 0.2524 0.9361
020 021 0.4370 0.3002 0.2524 0.3002
020 032 0.2524 0.9361 0.2524 0.9361
021 022 0.9361 0.2524 0.9361 0.3002
021 033 0.3002 0.9361 0.3002 0.2524
022 023 0.9361 0.3002 0.4370 0.4370
022 034 0.4370 0.4370 0.4370 0.2524
023 012 0.4370 0.9361 0.3002 0.3002
023 035 0.9361 0.9361 0.2524 0.3002
024 025 0.9361 0.2524 0.3002 0.4370
024 036 0.2524 0.3002 0.4370 0.9361
025 026 0.4370 0.3002 0.4370 0.3002
025 037 0.4370 0.9361 0.9361 0.9361
026 027 0.2524 0.9361 0.2524 0.4370
026 038 0.3002 0.4370 0.9361 0.3002
027 028 0.2524 0.2524 0.9361 0.9361
027 039 0.2524 0.3002 0.9361 0.2524
028 029 0.9361 0.3002 0.4370 0.4370
028 040 0.3002 0.9361 0.2524 0.3002
029 030 0.2524 0.9361 0.9361 0.4370
029 041 0.2524 0.9361 0.4370 0.2524
030 031 0.4370 0.9361 0.9361 0.3002
030 042 0.4370 0.3002 0.3002 0.4370
031 032 0.9361 0.2524 0.3002 0.2524
031 043 0.2524 0.2524 0.4370 0.2524
032 033 0.2524 0.2524 0.2524 0.4370
032 044 0.9361 0.9361 0.9361 0.3002
033 034 0.4370 0.2524 0.3002 0.9361
033 045 0.2524 0.9361 0.3002 0.3002
034 035 0.2524 0.3002 0.2524 0.9361
034 046 0.2524 0.2524 0.2524 0.2524
035 024 0.4370 0.3002 0.3002 0.9361
035 047 0.2524 0.4370 0.2524 0.9361
036 037 0.4370 0.2524 0.2524 0.2524
036 048 0.4370 0.9361 0.4370 0.2524
037 038 0.3002 0.2524 0.4370 0.9361
037 049 0.3002 0.2524 0.4370 0.9361
038 039 0.9361 0.9361 0.9361 0.9361
038 050 0.3002 0.3002 0.4370 0.2524
039 040 0.2524 0.9361 0.4370 0.9361
039 051 0.4370 0.3002 0.2524 0.9361
040 041 0.3002 0.4370 0.2524 0.3002
040 052 0.2524 0.4370 0.2524 0.4370
041 042 0.2524 0.9361 0.4370 0.9361
041 053 0.2524 0.9361 0.9361 0.4370
042 043 0.3002 0.3002 0.3002 0.2524
042 054 0.2524 0.3002 0.2524 0.9361
043 044 0.2524 0.4370 0.2524 0.2524
043 055 0.2524 0.3002 0.3002 0.9361
044 045 0.9361 0.9361 0.9361 0.2524
044 056 0.9361 0.4370 0.3002 0.2524
045 046 0.9361 0.2524 0.3002 0.3002
045 057 0.4370 0.3002 0.9361 0.2524
046 047 0.2524 0.3002 0.2524 0.4370
046 058 0.2524 0.2524 0.9361 0.2524
047 036 0.2524 0.3002 0.9361 0.9361
047 059 0.2524 0.4370 0.9361 0.3002
048 049 0.4370 0.3002 0.4370 0.4370
048 060 0.3002 0.3002 0.9361 0.4370
049 050 0.9361 0.9361 0.2524 0.3002
049 061 0.3002 0.3002 0.9361 0.3002
050 051 0.2524 0.9361 0.3002 0.4370
050 062 0.3002 0.4370 0.4370 0.9361
051 052 0.4370 0.9361 0.9361 0.9361
051 063 0.4370 0.2524 0.4370 0.2524
052 053 0.9361 0.3002 0.9361 0.9361
052 064 0.3002 0.4370 0.2524 0.9361
053 054 0.9361 0.9361 0.4370 0.2524
053 065 0.4370 0.3002 0.3002 0.9361
054 055 0.9361 0.2524 0.2524 0.2524
054 066 0.9361 0.4370 0.9361 0.3002
055 056 0.2524 0.9361 0.4370 0.2524
055 067 0.9361 0.4370 0.9361 0.9361
056 057 0.4370 0.4370 0.9361 0.4370
056 068 0.3002 0.3002 0.3002 0.9361
057 058 0.2524 0.9361 0.9361 0.3002
057 069 0.4370 0.9361 0.4370 0.2524
058 059 0.4370 0.3002 0.2524 0.3002
058 070 0.2524 0.4370 0.3002 0.4370
059 048 0.9361 0.4370 0.3002 0.4370
059 071 0.3002 0.9361 0.3002 0.4370
060 061 0.2524 0.4370 0.3002 0.4370
060 072 0.9361 0.4370 0.4370 0.2524
061 062 0.9361 0.3002 0.9361 0.9361
061 073 0.4370 0.3002 0.9361 0.9361
062 063 0.9361 0.3002 0.2524 0.2524
062 074 0.3002 0.2524 0.3002 0.4370
063 064 0.9361 0.2524 0.2524 0.9361
063 075 0.9361 0.9361 0.3002 0.2524
064 065 0.4370 0.9361 0.4370 0.4370
064 076 0.4370 0.4370 0.9361 0.3002
065 066 0.3002 0.3002 0.4370 0.2524
065 077 0.3002 0.4370 0.3002 0.3002
066 067 0.9361 0.3002 0.4370 0.2524
066 078 0.9361 0.4370 0.2524 0.3002
067 068 0.4370 0.9361 0.9361 0.3002
067 079 0.4370 0.9361 0.4370 0.4370
068 069 0.3002 0.3002 0.2524 0.4370
068 080 0.2524 0.3002 0.9361 0.3002
069 070 0.3002 0.4370 0.2524 0.4370
069 081 0.9361 0.9361 0.2524 0.2524
070 071 0.2524 0.4370 0.2524 0.3002
070 082 0.9361 0.9361 0.3002 0.4370
071 060 0.9361 0.9361 0.9361 0.9361
071 083 0.2524 0.2524 0.9361 0.9361
072 073 0.4370 0.3002 0.3002 0.9361
072 084 0.9361 0.3002 0.2524 0.4370
073 074 0.4370 0.9361 0.4370 0.4370
073 085 0.9361 0.9361 0.3002 0.9361
074 075 0.4370 0.4370 0.4370 0.3002
074 086 0.9361 0.2524 0.9361 0.4370
075 076 0.2524 0.3002 0.9361 0.4370
075 087 0.9361 0.3002 0.4370 0.9361
076 077 0.2524 0.2524 0.9361 0.2524
076 088 0.2524 0.2524 0.4370 0.9361
077 078 0.3002 0.9361 0.4370 0.4370
077 089 0.9361 0.3002 0.3002 0.2524
078 079 0.4370 0.2524 0.2524 0.2524
078 090 0.4370 0.4370 0.3002 0.4370
079 080 0.3002 0.3002 0.3002 0.4370
079 091 0.4370 0.2524 0.3002 0.3002
080 081 0.2524 0.2524 0.4370 0.3002
080 092 0.9361 0.3002 0.2524 0.3002
081 082 0.2524 0.9361 0.9361 0.2524
081 093 0.4370 0.4370 0.4370 0.2524
082 083 0.2524 0.9361 0.3002 0.2524
082 094 0.9361 0.9361 0.9361 0.3002
083 072 0.9361 0.4370 0.9361 0.2524
083 095 0.3002 0.2524 0.3002 0.9361
084 085 0.4370 0.2524 0.3002 0.3002
084 096 0.9361 0.4370 0.3002 0.3002
085 086 0.4370 0.4370 0.2524 0.3002
085 097 0.3002 0.2524 0.4370 0.4370
086 087 0.2524 0.3002 0.2524 0.2524
086 098 0.9361 0.9361 0.3002 0.4370
087 088 0.4370 0.4370 0.3002 0.4370
087 099 0.4370 0.4370 0.9361 0.3002
088 089 0.4370 0.2524 0.3002 0.4370
088 100 0.4370 0.3002 0.9361 0.4370
089 090 0.4370 0.2524 0.9361 0.4370
089 101 0.3002 0.2524 0.4370 0.2524
090 091 0.3002 0.2524 0.2524 0.3002
090 102 0.2524 0.2524 0.4370 0.4370
091 092 0.4370 0.2524 0.4370 0.9361
091 103 0.4370 0.3002 0.2524 0.9361
092 093 0.2524 0.2524 0.3002 0.2524
092 104 0.9361 0.3002 0.9361 0.4370
093 094 0.4370 0.3002 0.9361 0.4370
093 105 0.3002 0.9361 0.4370 0.4370
094 095 0.4370 0.9361 0.2524 0.9361
094 106 0.3002 0.9361 0.9361 0.4370
095 084 0.2524 0.3002 0.2524 0.2524
095 107 0.9361 0.3002 0.4370 0.3002
096 097 0.4370 0.9361 0.9361 0.4370
096 108 0.9361 0.9361 0.2524 0.9361
097 098 0.2524 0.2524 0.2524 0.4370
097 109 0.4370 0.9361 0.2524 0.9361
098 099 0.3002 0.2524 0.3002 0.4370
098 110 0.3002 0.2524 0.9361 0.4370
099 100 0.4370 0.9361 0.2524 0.3002
099 111 0.3002 0.3002 0.3002 0.3002
100 101 0.2524 0.3002 0.9361 0.9361
100 112 0.2524 0.4370 0.2524 0.3002
101 102 0.4370 0.3002 0.4370 0.4370
101 113 0.3002 0.4370 0.9361 0.3002
102 103 0.2524 0.2524 0.3002 0.4370
102 114 0.4370 0.3002 0.4370 0.4370
103 104 0.4370 0.2524 0.2524 0.2524
103 115 0.4370 0.9361 0.4370 0.4370
104 105 0.3002 0.2524 0.3002 0.9361
104 116 0.4370 0.9361 0.2524 0.2524
105 106 0.3002 0.4370 0.2524 0.3002
105 117 0.4370 0.2524 0.4370 0.9361
106 107 0.2524 0.3002 0.3002 0.3002
106 118 0.4370 0.9361 0.3002 0.2524
107 096 0.9361 0.3002 0.4370 0.3002
107 119 0.9361 0.9361 0.9361 0.3002
108 109 0.2524 0.2524 0.3002 0.9361
108 120 0.4370 0.9361 0.3002 0.9361
109 110 0.4370 0.4370 0.9361 0.4370
109 121 0.2524 0.3002 0.2524 0.4370
110 111 0.9361 0.4370 0.9361 0.2524
110 122 0.9361 0.9361 0.4370 0.4370
111 112 0.2524 0.3002 0.4370 0.4370
111 123 0.9361 0.9361 0.3002 0.2524
112 113 0.2524 0.4370 0.9361 0.3002
112 124 0.3002 0.4370 0.3002 0.2524
113 114 0.9361 0.2524 0.9361 0.3002
113 125 0.2524 0.3002 0.2524 0.4370
114 115 0.3002 0.2524 0.3002 0.3002
114 126 0.3002 0.4370 0.9361 0.4370
115 116 0.4370 0.9361 0.3002 0.4370
115 127 0.4370 0.2524 0.3002 0.9361
116 117 0.2524 0.2524 0.2524 0.3002
116 128 0.3002 0.9361 0.4370 0.4370
117 118 0.3002 0.4370 0.4370 0.3002
117 129 0.3002 0.3002 0.9361 0.2524
118 119 0.2524 0.9361 0.2524 0.4370
118 130 0.2524 0.3002 0.3002 0.9361
119 108 0.2524 0.3002 0.3002 0.9361
119 131 0.2524 0.2524 0.3002 0.3002
120 121 0.3002 0.4370 0.3002 0.3002
120 132 0.2524 0.9361 0.4370 0.9361
121 122 0.9361 0.2524 0.4370 0.4370
121 133 0.2524 0.9361 0.4370 0.2524
122 123 0.9361 0.9361 0.4370 0.2524
122 134 0.9361 0.2524 0.2524 0.9361
123 124 0.2524 0.3002 0.9361 0.4370
123 135 0.3002 0.9361 0.9361 0.3002
124 125 0.2524 0.9361 0.3002 0.2524
124 136 0.2524 0.4370 0.2524 0.4370
125 126 0.3002 0.9361 0.4370 0.2524
125 137 0.4370 0.2524 0.3002 0.3002
126 127 0.2524 0.2524 0.9361 0.3002
126 138 0.2524 0.4370 0.3002 0.4370
127 128 0.4370 0.4370 0.3002 0.2524
127 139 0.3002 0.3002 0.4370 0.2524
128 129 0.2524 0.2524 0.4370 0.4370
128 140 0.4370 0.4370 0.3002 0.3002
129 130 0.3002 0.2524 0.4370 0.9361
129 141 0.3002 0.3002 0.2524 0.9361
130 131 0.9361 0.9361 0.4370 0.3002
130 142 0.3002 0.4370 0.9361 0.4370
131 120 0.2524 0.9361 0.2524 0.2524
131 011 0.3002 0.2524 0.4370 0.3002
132 133 0.9361 0.9361 0.9361 0.2524
132 000 0.9361 0.2524 0.4370 0.9361
133 134 0.3002 0.2524 0.9361 0.4370
133 001 0.4370 0.9361 0.2524 0.4370
134 135 0.9361 0.4370 0.9361 0.2524
134 002 0.9361 0.4370 0.4370 0.4370
135 136 0.3002 0.9361 0.9361 0.2524
135 003 0.2524 0.3002 0.3002 0.9361
136 137 0.4370 0.9361 0.4370 0.2524
136 004 0.9361 0.2524 0.9361 0.2524
137 138 0.4370 0.2524 0.2524 0.3002
137 005 0.3002 0.2524 0.9361 0.9361
138 139 0.2524 0.3002 0.3002 0.9361
138 006 0.4370 0.2524 0.9361 0.9361
139 140 0.2524 0.2524 0.2524 0.9361
139 007 0.9361 0.2524 0.3002 0.4370
140 141 0.3002 0.3002 0.2524 0.3002
140 008 0.4370 0.9361 0.4370 0.3002
141 142 0.2524 0.9361 0.4370 0.3002
141 009 0.2524 0.4370 0.2524 0.2524
142 132 0.2524 0.4370 0.4370 0.2524
142 010 0.3002 0.9361 0.3002 0.2524
