143 002556 2 286
000 001 0.6482 0.3658 0.6482 0.8415
000 012 0.6482 0.3658 0.6482 0.3658
001 002 0.6482 0.4300 0.4300 0.6482
001 013 0.3658 0.4300 0.3658 0.4300
002 003 0.3658 0.3658 0.8415 0.3658
002 014 0.3658 0.8415 0.6482 0.6482
003 004 0.4300 0.4300 0.8415 0.4300
003 015 0.3658 0.3658 0.3658 0.8415
004 005 0.4300 0.6482 0.4300 0.3658
004 016 0.3658 0.6482 0.3658 0.3658
005 006 0.4300 0.3658 0.4300 0.4300
005 017 0.3658 0.3658 0.4300 0.3658
006 007 0.6482 0.6482 0.4300 0.3658
006 018 0.8415 0.3658 0.6482 0.6482
007 008 0.6482 0.6482 0.8415 0.8415
007 019 0.4300 0.8415 0.4300 0.3658
008 009 0.6482 0.6482 0.8415 0.6482
008 020 0.6482 0.4300 0.3658 0.3658
009 010 0.3658 0.3658 0.8415 0.3658
009 021 0.8415 0.4300 0.3658 0.8415
010 011 0.4300 0.3658 0.6482 0.4300
010 022 0.3658 0.8415 0.4300 0.3658
011 000 0.8415 0.8415 0.3658 0.6482
011 023 0.4300 0.3658 0.6482 0.3658
012 013 0.3658 0.6482 0.8415 0.6482
012 024 0.6482 0.4300 0.4300 0.6482
013 014 0.3658 0.8415 0.3658 0.3658
013 025 0.8415 0.6482 0.8415 0.3658
014 015 0.6482 0.6482 0.6482 0.3658
014 026 0.6482 0.3658 0.4300 0.4300
015 016 0.8415 0.8415 0.6482 0.3658
015 027 0.4300 0.3658 0.8415 0.3658
016 017 0.6482 0.3658 0.6482 0.8415
016 028 0.3658 0.4300 0.8415 0.3658
017 018 0.3658 0.8415 0.6482 0.4300
017 029 0.4300 0.8415 0.8415 0.6482
018 019 0.8415 0.6482 0.6482 0.3658
018 030 0.3658 0.8415 0.8415 0.3658
019 020 0.3658 0.8415 0.4300 0.6482
019 031 0.6482 0.8415 0.3658 0.8415
020 021 0.6482 0.4300 0.6482 0.6482
020 032 0.3658 0.8415 0.6482 0.4300
021 022 0.6482 0.8415 0.8415 0.8415
021 033 0.3658 0.8415 0.3658 0.6482
022 023 0.6482 0.4300 0.6482 0.4300
022 034 0.3658 0.6482 0.3658 0.8415
023 012 0.3658 0.3658 0.8415 0.8415
023 035 0.8415 0.3658 0.8415 0.4300
024 025 0.4300 0.3658 0.8415 0.3658
024 036 0.8415 0.6482 0.6482 0.8415
025 026 0.6482 0.8415 0.3658 0.8415
025 037 0.6482 0.6482 0.8415 0.3658
026 027 0.6482 0.8415 0.6482 0.3658
026 038 0.8415 0.4300 0.6482 0.4300
027 028 0.3658 0.6482 0.3658 0.8415
027 039 0.3658 0.3658 0.6482 0.4300
028 029 0.6482 0.6482 0.4300 0.3658
028 040 0.4300 0.3658 0.6482 0.8415
029 030 0.3658 0.4300 0.6482 0.8415
029 041 0.6482 0.3658 0.8415 0.6482
030 031 0.6482 0.3658 0.6482 0.3658
030 042 0.6482 0.6482 0.4300 0.4300
031 032 0.8415 0.4300 0.4300 0.3658
031 043 0.4300 0.8415 0.6482 0.6482
032 033 0.8415 0.3658 0.3658 0.6482
032 044 0.6482 0.3658 0.4300 0.8415
033 034 0.3658 0.8415 0.4300 0.8415
033 045 0.8415 0.6482 0.8415 0.8415
034 035 0.6482 0.6482 0.3658 0.4300
034 046 0.3658 0.4300 0.4300 0.3658
035 024 0.3658 0.4300 0.6482 0.3658
035 047 0.4300 0.8415 0.3658 0.3658
036 037 0.3658 0.6482 0.6482 0.3658
036 048 0.3658 0.3658 0.4300 0.4300
037 038 0.8415 0.3658 0.3658 0.6482
037 049 0.8415 0.4300 0.4300 0.3658
038 039 0.4300 0.3658 0.6482 0.4300
038 050 0.3658 0.6482 0.3658 0.8415
039 040 0.6482 0.6482 0.4300 0.6482
039 051 0.4300 0.6482 0.6482 0.6482
040 041 0.6482 0.6482 0.3658 0.3658
040 052 0.4300 0.3658 0.3658 0.3658
041 042 0.8415 0.6482 0.8415 0.6482
041 053 0.4300 0.3658 0.6482 0.3658
042 043 0.3658 0.8415 0.3658 0.4300
042 054 0.8415 0.8415 0.6482 0.4300
043 044 0.6482 0.8415 0.3658 0.3658
043 055 0.8415 0.4300 0.6482 0.4300
044 045 0.6482 0.6482 0.3658 0.6482
044 056 0.8415 0.4300 0.4300 0.4300
045 046 0.8415 0.6482 0.8415 0.4300
045 057 0.4300 0.3658 0.8415 0.3658
046 047 0.3658 0.8415 0.4300 0.8415
046 058 0.6482 0.8415 0.4300 0.8415
047 036 0.6482 0.3658 0.8415 0.8415
047 059 0.4300 0.8415 0.3658 0.4300
048 049 0.6482 0.6482 0.4300 0.8415
048 060 0.8415 0.8415 0.6482 0.8415
049 050 0.8415 0.4300 0.4300 0.6482
049 061 0.3658 0.6482 0.3658 0.6482
050 051 0.3658 0.6482 0.6482 0.8415
050 062 0.4300 0.8415 0.3658 0.6482
051 052 0.4300 0.4300 0.3658 0.6482
051 063 0.6482 0.3658 0.6482 0.8415
052 053 0.4300 0.4300 0.4300 0.8415
052 064 0.3658 0.4300 0.6482 0.8415
053 054 0.3658 0.3658 0.3658 0.4300
053 065 0.4300 0.3658 0.3658 0.3658
054 055 0.6482 0.6482 0.4300 0.8415
054 066 0.6482 0.6482 0.3658 0.3658
055 056 0.3658 0.3658 0.8415 0.3658
055 067 0.4300 0.6482 0.4300 0.8415
056 057 0.3658 0.4300 0.3658 0.8415
056 068 0.6482 0.8415 0.6482 0.4300
057 058 0.4300 0.3658 0.4300 0.6482
057 069 0.8415 0.8415 0.3658 0.3658
058 059 0.3658 0.8415 0.4300 0.3658
058 070 0.6482 0.4300 0.8415 0.8415
059 048 0.8415 0.4300 0.4300 0.6482
059 071 0.4300 0.6482 0.4300 0.3658
060 061 0.6482 0.8415 0.6482 0.3658
060 072 0.8415 0.8415 0.4300 0.4300
061 062 0.3658 0.4300 0.6482 0.8415
061 073 0.8415 0.3658 0.3658 0.4300
062 063 0.3658 0.6482 0.3658 0.8415
062 074 0.3658 0.8415 0.4300 0.8415
063 064 0.4300 0.3658 0.6482 0.4300
063 075 0.3658 0.3658 0.8415 0.3658
064 065 0.4300 0.6482 0.8415 0.6482
064 076 0.8415 0.4300 0.6482 0.4300
065 066 0.8415 0.3658 0.6482 0.6482
065 077 0.8415 0.3658 0.4300 0.6482
066 067 0.4300 0.6482 0.6482 0.8415
066 078 0.6482 0.6482 0.8415 0.3658
067 068 0.3658 0.3658 0.3658 0.3658
067 079 0.6482 0.8415 0.4300 0.4300
068 069 0.8415 0.3658 0.8415 0.3658
068 080 0.3658 0.6482 0.4300 0.8415
069 070 0.6482 0.3658 0.4300 0.4300
069 081 0.6482 0.3658 0.6482 0.8415
070 071 0.3658 0.4300 0.6482 0.6482
070 082 0.4300 0.3658 0.8415 0.8415
071 060 0.4300 0.6482 0.8415 0.8415
071 083 0.6482 0.3658 0.4300 0.8415
072 073 0.4300 0.8415 0.6482 0.4300
072 084 0.3658 0.3658 0.6482 0.4300
073 074 0.6482 0.3658 0.8415 0.4300
073 085 0.6482 0.3658 0.3658 0.8415
074 075 0.6482 0.4300 0.8415 0.3658
074 086 0.3658 0.4300 0.3658 0.6482
075 076 0.3658 0.6482 0.8415 0.8415
075 087 0.4300 0.8415 0.6482 0.8415
076 077 0.6482 0.8415 0.4300 0.8415
076 088 0.3658 0.3658 0.8415 0.3658
077 078 0.6482 0.6482 0.6482 0.6482
077 089 0.6482 0.8415 0.3658 0.4300
078 079 0.4300 0.8415 0.4300 0.3658
078 090 0.8415 0.6482 0.3658 0.3658
079 080 0.8415 0.3658 0.3658 0.4300
079 091 0.6482 0.6482 0.6482 0.6482
080 081 0.3658 0.4300 0.6482 0.8415
080 092 0.6482 0.8415 0.3658 0.8415
081 082 0.3658 0.6482 0.8415 0.8415
081 093 0.8415 0.3658 0.6482 0.4300
082 083 0.6482 0.3658 0.4300 0.3658
082 094 0.3658 0.3658 0.4300 0.8415
083 072 0.3658 0.8415 0.8415 0.6482
083 095 0.4300 0.8415 0.8415 0.8415
084 085 0.4300 0.6482 0.8415 0.6482
084 096 0.4300 0.6482 0.8415 0.8415
085 086 0.6482 0.6482 0.4300 0.8415
085 097 0.3658 0.6482 0.8415 0.4300
086 087 0.8415 0.3658 0.4300 0.8415
086 098 0.6482 0.8415 0.3658 0.6482
087 088 0.8415 0.6482 0.4300 0.8415
087 099 0.4300 0.3658 0.4300 0.3658
088 089 0.4300 0.8415 0.6482 0.8415
088 100 0.4300 0.3658 0.3658 0.8415
089 090 0.6482 0.4300 0.6482 0.8415
089 101 0.6482 0.8415 0.6482 0.8415
090 091 0.8415 0.8415 0.4300 0.8415
090 102 0.3658 0.3658 0.8415 0.6482
091 092 0.3658 0.8415 0.8415 0.6482
091 103 0.4300 0.8415 0.3658 0.8415
092 093 0.6482 0.3658 0.4300 0.6482
092 104 0.6482 0.4300 0.8415 0.8415
093 094 0.8415 0.8415 0.3658 0.8415
093 105 0.4300 0.3658 0.4300 0.6482
094 095 0.8415 0.8415 0.8415 0.4300
094 106 0.4300 0.6482 0.4300 0.6482
095 084 0.6482 0.6482 0.8415 0.3658
095 107 0.8415 0.8415 0.6482 0.4300
096 097 0.4300 0.8415 0.3658 0.8415
096 108 0.3658 0.3658 0.6482 0.8415
097 098 0.3658 0.4300 0.3658 0.8415
097 109 0.3658 0.3658 0.4300 0.8415
098 099 0.8415 0.3658 0.4300 0.3658
098 110 0.6482 0.6482 0.8415 0.4300
099 100 0.6482 0.4300 0.8415 0.3658
099 111 0.6482 0.3658 0.3658 0.6482
100 101 0.6482 0.4300 0.8415 0.4300
100 112 0.3658 0.3658 0.3658 0.6482
101 102 0.8415 0.4300 0.3658 0.6482
101 113 0.6482 0.8415 0.3658 0.6482
102 103 0.3658 0.6482 0.4300 0.6482
102 114 0.6482 0.6482 0.4300 0.6482
103 104 0.8415 0.8415 0.4300 0.6482
103 115 0.6482 0.4300 0.6482 0.3658
104 105 0.3658 0.8415 0.6482 0.6482
104 116 0.4300 0.3658 0.3658 0.6482
105 106 0.8415 0.4300 0.8415 0.4300
105 117 0.3658 0.8415 0.8415 0.4300
106 107 0.4300 0.3658 0.4300 0.3658
106 118 0.3658 0.3658 0.6482 0.4300
107 096 0.4300 0.8415 0.6482 0.3658
107 119 0.6482 0.6482 0.8415 0.6482
108 109 0.8415 0.4300 0.3658 0.3658
108 120 0.8415 0.6482 0.4300 0.6482
109 110 0.6482 0.4300 0.6482 0.8415
109 121 0.8415 0.6482 0.8415 0.3658
110 111 0.8415 0.6482 0.6482 0.4300
110 122 0.6482 0.8415 0.6482 0.8415
111 112 0.4300 0.3658 0.4300 0.6482
111 123 0.6482 0.8415 0.4300 0.6482
112 113 0.8415 0.4300 0.3658 0.8415
112 124 0.6482 0.8415 0.4300 0.8415
113 114 0.8415 0.3658 0.6482 0.4300
113 125 0.8415 0.8415 0.8415 0.4300
114 115 0.8415 0.4300 0.3658 0.3658
114 126 0.4300 0.6482 0.4300 0.6482
115 116 0.6482 0.8415 0.4300 0.6482
115 127 0.4300 0.6482 0.8415 0.8415
116 117 0.6482 0.8415 0.3658 0.6482
116 128 0.3658 0.3658 0.4300 0.3658
117 118 0.3658 0.3658 0.3658 0.3658
117 129 0.6482 0.4300 0.6482 0.6482
118 119 0.6482 0.3658 0.6482 0.6482
118 130 0.8415 0.6482 0.4300 0.4300
119 108 0.4300 0.6482 0.6482 0.3658
119 131 0.8415 0.6482 0.4300 0.3658
120 121 0.6482 0.6482 0.3658 0.3658
120 132 0.8415 0.6482 0.8415 0.8415
121 122 0.4300 0.6482 0.3658 0.3658
121 133 0.6482 0.8415 0.4300 0.6482
122 123 0.3658 0.8415 0.3658 0.3658
122 134 0.8415 0.3658 0.3658 0.6482
123 124 0.6482 0.8415 0.3658 0.8415
123 135 0.8415 0.8415 0.6482 0.8415
124 125 0.8415 0.8415 0.3658 0.6482
124 136 0.8415 0.6482 0.8415 0.6482
125 126 0.4300 0.8415 0.3658 0.6482
125 137 0.8415 0.8415 0.8415 0.8415
126 127 0.6482 0.6482 0.6482 0.6482
126 138 0.4300 0.4300 0.6482 0.4300
127 128 0.8415 0.8415 0.3658 0.3658
127 139 0.8415 0.8415 0.3658 0.8415
128 129 0.4300 0.6482 0.6482 0.8415
128 140 0.6482 0.3658 0.3658 0.3658
129 130 0.4300 0.6482 0.8415 0.4300
129 141 0.8415 0.8415 0.6482 0.4300
130 131 0.3658 0.8415 0.6482 0.6482
130 142 0.3658 0.3658 0.3658 0.3658
131 120 0.6482 0.3658 0.4300 0.3658
131 011 0.8415 0.6482 0.6482 0.3658
132 133 0.4300 0.8415 0.6482 0.8415
132 000 0.4300 0.4300 0.4300 0.3658
133 134 0.8415 0.8415 0.3658 0.3658
133 001 0.6482 0.8415 0.4300 0.3658
134 135 0.4300 0.8415 0.6482 0.3658
134 002 0.8415 0.3658 0.6482 0.8415
135 136 0.8415 0.4300 0.6482 0.8415
135 003 0.3658 0.6482 0.8415 0.6482
136 137 0.8415 0.8415 0.4300 0.4300
136 004 0.8415 0.8415 0.6482 0.6482
137 138 0.3658 0.4300 0.4300 0.8415
137 005 0.3658 0.4300 0.8415 0.8415
138 139 0.4300 0.3658 0.6482 0.6482
138 006 0.4300 0.3658 0.8415 0.8415
139 140 0.6482 0.3658 0.8415 0.4300
139 007 0.8415 0.8415 0.4300 0.4300
140 141 0.4300 0.8415 0.6482 0.3658
140 008 0.8415 0.3658 0.4300 0.4300
141 142 0.3658 0.8415 0.4300 0.6482
141 009 0.8415 0.4300 0.3658 0.4300
142 132 0.6482 0.4300 0.6482 0.4300
142 010 0.6482 0.6482 0.3658 0.3658
