143 002556 2 286
000 001 0.3459 0.8709 0.5832 0.8709
000 012 0.3459 0.2754 0.8709 0.8709
001 002 0.3459 0.8709 0.2754 0.2754
001 013 0.8709 0.2754 0.2754 0.2754
002 003 0.2754 0.5832 0.3459 0.8709
002 014 0.2754 0.3459 0.3459 0.8709
003 004 0.8709 0.3459 0.2754 0.3459
003 015 0.8709 0.3459 0.3459 0.3459
004 005 0.8709 0.3459 0.5832 0.5832
004 016 0.5832 0.3459 0.8709 0.5832
005 006 0.3459 0.3459 0.3459 0.2754
005 017 0.5832 0.2754 0.3459 0.5832
006 007 0.3459 0.2754 0.2754 0.8709
006 018 0.2754 0.2754 0.2754 0.5832
007 008 0.8709 0.8709 0.3459 0.5832
007 019 0.5832 0.2754 0.2754 0.8709
008 009 0.2754 0.2754 0.2754 0.2754
008 020 0.2754 0.2754 0.3459 0.2754
009 010 0.3459 0.8709 0.2754 0.3459
009 021 0.5832 0.2754 0.8709 0.5832
010 011 0.8709 0.5832 0.5832 0.2754
010 022 0.8709 0.2754 0.3459 0.3459
011 000 0.2754 0.3459 0.5832 0.2754
011 023 0.8709 0.5832 0.2754 0.8709
012 013 0.3459 0.5832 0.3459 0.5832
012 024 0.5832 0.2754 0.3459 0.5832
013 014 0.3459 0.5832 0.2754 0.8709
013 025 0.3459 0.2754 0.5832 0.5832
014 015 0.8709 0.3459 0.2754 0.3459
014 026 0.5832 0.8709 0.3459 0.5832
015 016 0.5832 0.5832 0.8709 0.8709
015 027 0.2754 0.2754 0.5832 0.8709
016 017 0.5832 0.3459 0.8709 0.5832
016 028 0.8709 0.2754 0.2754 0.5832
017 018 0.5832 0.2754 0.3459 0.8709
017 029 0.3459 0.3459 0.3459 0.5832
018 019 0.5832 0.3459 0.8709 0.2754
018 030 0.3459 0.5832 0.8709 0.3459
019 020 0.5832 0.8709 0.8709 0.2754
019 031 0.3459 0.5832 0.8709 0.8709
020 021 0.8709 0.5832 0.3459 0.3459
020 032 0.8709 0.8709 0.3459 0.2754
021 022 0.2754 0.2754 0.3459 0.3459
021 033 0.8709 0.2754 0.3459 0.5832
022 023 0.2754 0.8709 0.2754 0.2754
022 034 0.2754 0.5832 0.2754 0.8709
023 012 0.5832 0.5832 0.2754 0.8709
023 035 0.8709 0.2754 0.3459 0.5832
024 025 0.5832 0.8709 0.3459 0.3459
024 036 0.5832 0.2754 0.8709 0.5832
025 026 0.3459 0.3459 0.3459 0.3459
025 037 0.3459 0.8709 0.5832 0.5832
026 027 0.5832 0.5832 0.2754 0.3459
026 038 0.2754 0.5832 0.3459 0.3459
027 028 0.2754 0.3459 0.2754 0.3459
027 039 0.2754 0.3459 0.2754 0.2754
028 029 0.3459 0.8709 0.8709 0.3459
028 040 0.3459 0.5832 0.8709 0.8709
029 030 0.5832 0.3459 0.8709 0.3459
029 041 0.5832 0.2754 0.8709 0.8709
030 031 0.8709 0.3459 0.3459 0.2754
030 042 0.2754 0.2754 0.8709 0.2754
031 032 0.5832 0.8709 0.5832 0.2754
031 043 0.3459 0.2754 0.8709 0.2754
032 033 0.8709 0.2754 0.5832 0.2754
032 044 0.5832 0.3459 0.2754 0.8709
033 034 0.2754 0.5832 0.8709 0.2754
033 045 0.8709 0.3459 0.8709 0.3459
034 035 0.2754 0.2754 0.2754 0.3459
034 046 0.8709 0.2754 0.3459 0.5832
035 024 0.8709 0.2754 0.3459 0.3459
035 047 0.8709 0.8709 0.3459 0.3459
036 037 0.2754 0.5832 0.5832 0.2754
036 048 0.5832 0.8709 0.5832 0.8709
037 038 0.8709 0.2754 0.2754 0.5832
037 049 0.5832 0.3459 0.3459 0.3459
038 039 0.8709 0.5832 0.2754 0.2754
038 050 0.2754 0.3459 0.3459 0.5832
039 040 0.5832 0.8709 0.5832 0.8709
039 051 0.8709 0.8709 0.5832 0.8709
040 041 0.2754 0.8709 0.5832 0.8709
040 052 0.8709 0.2754 0.5832 0.8709
041 042 0.3459 0.2754 0.2754 0.8709
041 053 0.3459 0.8709 0.3459 0.2754
042 043 0.2754 0.2754 0.2754 0.5832
042 054 0.5832 0.3459 0.3459 0.5832
043 044 0.8709 0.8709 0.2754 0.8709
043 055 0.2754 0.3459 0.8709 0.5832
044 045 0.5832 0.5832 0.8709 0.2754
044 056 0.2754 0.2754 0.8709 0.3459
045 046 0.5832 0.5832 0.3459 0.8709
045 057 0.5832 0.8709 0.2754 0.3459
046 047 0.8709 0.8709 0.5832 0.8709
046 058 0.2754 0.5832 0.8709 0.3459
047 036 0.5832 0.5832 0.8709 0.8709
047 059 0.3459 0.2754 0.3459 0.8709
048 049 0.2754 0.2754 0.5832 0.2754
048 060 0.8709 0.8709 0.8709 0.2754
049 050 0.5832 0.5832 0.2754 0.3459
049 061 0.3459 0.3459 0.5832 0.3459
050 051 0.8709 0.5832 0.8709 0.3459
050 062 0.3459 0.8709 0.3459 0.3459
051 052 0.5832 0.3459 0.8709 0.5832
051 063 0.8709 0.8709 0.8709 0.3459
052 053 0.3459 0.2754 0.3459 0.3459
052 064 0.8709 0.5832 0.5832 0.3459
053 054 0.8709 0.2754 0.3459 0.2754
053 065 0.5832 0.5832 0.2754 0.8709
054 055 0.3459 0.3459 0.5832 0.3459
054 066 0.5832 0.8709 0.3459 0.2754
055 056 0.5832 0.2754 0.8709 0.5832
055 067 0.2754 0.2754 0.3459 0.3459
056 057 0.8709 0.3459 0.5832 0.5832
056 068 0.8709 0.5832 0.5832 0.2754
057 058 0.8709 0.5832 0.3459 0.2754
057 069 0.2754 0.2754 0.3459 0.3459
058 059 0.8709 0.2754 0.5832 0.5832
058 070 0.5832 0.8709 0.8709 0.5832
059 048 0.8709 0.5832 0.3459 0.8709
059 071 0.3459 0.8709 0.5832 0.3459
060 061 0.2754 0.2754 0.5832 0.5832
060 072 0.3459 0.8709 0.3459 0.2754
061 062 0.2754 0.8709 0.2754 0.3459
061 073 0.3459 0.2754 0.5832 0.5832
062 063 0.8709 0.8709 0.5832 0.8709
062 074 0.5832 0.5832 0.3459 0.3459
063 064 0.3459 0.5832 0.8709 0.5832
063 075 0.5832 0.2754 0.3459 0.2754
064 065 0.3459 0.3459 0.2754 0.5832
064 076 0.5832 0.5832 0.8709 0.8709
065 066 0.3459 0.5832 0.5832 0.8709
065 077 0.3459 0.5832 0.2754 0.3459
066 067 0.2754 0.2754 0.2754 0.5832
066 078 0.5832 0.5832 0.8709 0.8709
067 068 0.5832 0.3459 0.5832 0.2754
067 079 0.5832 0.5832 0.5832 0.3459
068 069 0.2754 0.2754 0.8709 0.2754
068 080 0.5832 0.3459 0.8709 0.5832
069 070 0.5832 0.3459 0.3459 0.2754
069 081 0.8709 0.8709 0.2754 0.5832
070 071 0.8709 0.3459 0.5832 0.8709
070 082 0.8709 0.3459 0.3459 0.5832
071 060 0.2754 0.5832 0.3459 0.3459
071 083 0.5832 0.3459 0.8709 0.3459
072 073 0.8709 0.3459 0.3459 0.8709
072 084 0.8709 0.8709 0.5832 0.3459
073 074 0.3459 0.2754 0.5832 0.5832
073 085 0.5832 0.8709 0.2754 0.2754
074 075 0.2754 0.8709 0.2754 0.5832
074 086 0.5832 0.2754 0.2754 0.8709
075 076 0.2754 0.3459 0.8709 0.3459
075 087 0.3459 0.5832 0.3459 0.8709
076 077 0.8709 0.2754 0.2754 0.5832
076 088 0.5832 0.3459 0.5832 0.2754
077 078 0.8709 0.5832 0.8709 0.8709
077 089 0.5832 0.2754 0.3459 0.3459
078 079 0.8709 0.8709 0.3459 0.2754
078 090 0.3459 0.3459 0.2754 0.5832
079 080 0.3459 0.5832 0.5832 0.5832
079 091 0.5832 0.8709 0.5832 0.5832
080 081 0.5832 0.5832 0.5832 0.2754
080 092 0.3459 0.3459 0.8709 0.2754
081 082 0.2754 0.8709 0.8709 0.5832
081 093 0.2754 0.2754 0.8709 0.5832
082 083 0.5832 0.3459 0.5832 0.2754
082 094 0.2754 0.2754 0.2754 0.2754
083 072 0.5832 0.5832 0.2754 0.2754
083 095 0.5832 0.2754 0.5832 0.8709
084 085 0.8709 0.5832 0.5832 0.3459
084 096 0.2754 0.8709 0.2754 0.2754
085 086 0.5832 0.5832 0.5832 0.3459
085 097 0.5832 0.8709 0.2754 0.8709
086 087 0.5832 0.5832 0.8709 0.5832
086 098 0.5832 0.8709 0.5832 0.2754
087 088 0.3459 0.3459 0.2754 0.5832
087 099 0.2754 0.5832 0.5832 0.5832
088 089 0.5832 0.2754 0.8709 0.5832
088 100 0.5832 0.3459 0.2754 0.5832
089 090 0.3459 0.2754 0.8709 0.8709
089 101 0.3459 0.8709 0.8709 0.8709
090 091 0.5832 0.3459 0.2754 0.5832
090 102 0.3459 0.8709 0.5832 0.3459
091 092 0.2754 0.3459 0.3459 0.5832
091 103 0.8709 0.3459 0.2754 0.2754
092 093 0.3459 0.2754 0.5832 0.8709
092 104 0.5832 0.8709 0.8709 0.3459
093 094 0.3459 0.2754 0.5832 0.8709
093 105 0.5832 0.3459 0.8709 0.2754
094 095 0.3459 0.3459 0.8709 0.5832
094 106 0.8709 0.3459 0.8709 0.5832
095 084 0.3459 0.5832 0.3459 0.2754
095 107 0.5832 0.2754 0.3459 0.5832
096 097 0.5832 0.8709 0.8709 0.5832
096 108 0.5832 0.2754 0.8709 0.5832
097 098 0.8709 0.5832 0.8709 0.5832
097 109 0.5832 0.8709 0.8709 0.5832
098 099 0.8709 0.8709 0.8709 0.5832
098 110 0.3459 0.5832 0.2754 0.3459
099 100 0.8709 0.2754 0.5832 0.3459
099 111 0.3459 0.3459 0.5832 0.2754
100 101 0.3459 0.2754 0.3459 0.2754
100 112 0.5832 0.2754 0.2754 0.8709
101 102 0.2754 0.3459 0.2754 0.2754
101 113 0.5832 0.5832 0.2754 0.2754
102 103 0.8709 0.5832 0.5832 0.2754
102 114 0.8709 0.5832 0.8709 0.5832
103 104 0.2754 0.2754 0.5832 0.3459
103 115 0.3459 0.2754 0.2754 0.8709
104 105 0.3459 0.2754 0.2754 0.2754
104 116 0.2754 0.5832 0.5832 0.3459
105 106 0.3459 0.8709 0.5832 0.5832
105 117 0.5832 0.8709 0.3459 0.3459
106 107 0.5832 0.2754 0.3459 0.5832
106 118 0.8709 0.5832 0.8709 0.3459
107 096 0.5832 0.5832 0.3459 0.2754
107 119 0.3459 0.8709 0.8709 0.3459
108 109 0.3459 0.5832 0.3459 0.3459
108 120 0.3459 0.2754 0.2754 0.8709
109 110 0.2754 0.3459 0.5832 0.5832
109 121 0.3459 0.5832 0.3459 0.2754
110 111 0.2754 0.8709 0.2754 0.8709
110 122 0.8709 0.8709 0.8709 0.2754
111 112 0.8709 0.3459 0.3459 0.2754
111 123 0.2754 0.2754 0.8709 0.5832
112 113 0.5832 0.5832 0.3459 0.2754
112 124 0.3459 0.8709 0.2754 0.2754
113 114 0.5832 0.2754 0.8709 0.5832
113 125 0.3459 0.2754 0.8709 0.3459
114 115 0.8709 0.2754 0.8709 0.5832
114 126 0.5832 0.5832 0.8709 0.5832
115 116 0.8709 0.8709 0.3459 0.5832
115 127 0.3459 0.3459 0.8709 0.8709
116 117 0.5832 0.2754 0.3459 0.3459
116 128 0.8709 0.3459 0.2754 0.8709
117 118 0.2754 0.2754 0.3459 0.2754
117 129 0.2754 0.2754 0.8709 0.8709
118 119 0.3459 0.5832 0.8709 0.3459
118 130 0.3459 0.8709 0.2754 0.5832
119 108 0.2754 0.8709 0.2754 0.3459
119 131 0.2754 0.2754 0.8709 0.5832
120 121 0.3459 0.8709 0.3459 0.2754
120 132 0.3459 0.3459 0.3459 0.8709
121 122 0.8709 0.5832 0.2754 0.2754
121 133 0.3459 0.3459 0.8709 0.8709
122 123 0.2754 0.5832 0.2754 0.8709
122 134 0.3459 0.5832 0.3459 0.3459
123 124 0.2754 0.5832 0.8709 0.8709
123 135 0.3459 0.2754 0.5832 0.8709
124 125 0.5832 0.5832 0.3459 0.8709
124 136 0.8709 0.5832 0.8709 0.2754
125 126 0.3459 0.3459 0.2754 0.3459
125 137 0.8709 0.3459 0.2754 0.8709
126 127 0.3459 0.2754 0.5832 0.2754
126 138 0.8709 0.5832 0.3459 0.5832
127 128 0.2754 0.3459 0.5832 0.5832
127 139 0.5832 0.5832 0.2754 0.5832
128 129 0.5832 0.5832 0.5832 0.3459
128 140 0.8709 0.5832 0.8709 0.2754
129 130 0.5832 0.2754 0.5832 0.2754
129 141 0.3459 0.5832 0.5832 0.2754
130 131 0.8709 0.2754 0.2754 0.3459
130 142 0.2754 0.2754 0.3459 0.2754
131 120 0.3459 0.2754 0.8709 0.2754
131 011 0.2754 0.8709 0.2754 0.8709
132 133 0.8709 0.5832 0.2754 0.2754
132 000 0.8709 0.5832 0.3459 0.5832
133 134 0.3459 0.5832 0.5832 0.2754
133 001 0.5832 0.3459 0.8709 0.8709
134 135 0.8709 0.8709 0.8709 0.8709
134 002 0.8709 0.5832 0.2754 0.3459
135 136 0.8709 0.5832 0.8709 0.8709
135 003 0.3459 0.5832 0.5832 0.2754
136 137 0.2754 0.2754 0.8709 0.8709
136 004 0.3459 0.8709 0.2754 0.5832
137 138 0.3459 0.8709 0.2754 0.5832
137 005 0.8709 0.5832 0.2754 0.5832
138 139 0.8709 0.2754 0.8709 0.2754
138 006 0.3459 0.8709 0.5832 0.5832
139 140 0.5832 0.2754 0.8709 0.8709
139 007 0.3459 0.3459 0.5832 0.3459
140 141 0.2754 0.3459 0.5832 0.2754
140 008 0.8709 0.3459 0.3459 0.3459
141 142 0.3459 0.8709 0.8709 0.2754
141 009 0.5832 0.3459 0.5832 0.3459
142 132 0.3459 0.8709 0.3459 0.3459
142 010 0.2754 0.2754 0.3459 0.5832
