143 002556 2 286
000 001 0.2009 0.6309 0.5593 0.6309
000 012 0.2009 0.5593 0.2009 0.2009
001 002 0.5593 0.5207 0.6309 0.6309
001 013 0.5207 0.5593 0.5593 0.2009
002 003 0.6309 0.2009 0.5207 0.2009
002 014 0.2009 0.6309 0.2009 0.6309
003 004 0.5207 0.2009 0.6309 0.2009
003 015 0.6309 0.6309 0.5207 0.2009
004 005 0.2009 0.5207 0.2009 0.2009
004 016 0.2009 0.6309 0.6309 0.5593
005 006 0.2009 0.5207 0.6309 0.5593
005 017 0.6309 0.2009 0.5207 0.6309
006 007 0.5593 0.5593 0.5207 0.5207
006 018 0.6309 0.6309 0.6309 0.2009
007 008 0.5207 0.5593 0.5207 0.5593
007 019 0.5593 0.6309 0.5593 0.6309
008 009 0.6309 0.5207 0.5207 0.5593
008 020 0.5207 0.5593 0.5207 0.6309
009 010 0.6309 0.2009 0.5593 0.2009
009 021 0.5207 0.6309 0.5593 0.6309
010 011 0.5207 0.6309 0.2009 0.5593
010 022 0.5593 0.2009 0.5207 0.5207
011 000 0.2009 0.5207 0.5207 0.2009
011 023 0.5593 0.2009 0.5593 0.2009
012 013 0.2009 0.5593 0.5207 0.6309
012 024 0.6309 0.5593 0.5593 0.2009
013 014 0.5593 0.6309 0.5593 0.2009
013 025 0.5593 0.5593 0.5207 0.6309
014 015 0.5207 0.2009 0.5207 0.2009
014 026 0.5207 0.5207 0.5207 0.5593
015 016 0.2009 0.5207 0.2009 0.2009
015 027 0.5207 0.2009 0.6309 0.5593
016 017 0.5593 0.2009 0.6309 0.5207
016 028 0.2009 0.2009 0.6309 0.5207
017 018 0.6309 0.5593 0.5593 0.5207
017 029 0.5207 0.5207 0.5207 0.5593
018 019 0.6309 0.2009 0.2009 0.5593
018 030 0.5207 0.6309 0.6309 0.6309
019 020 0.6309 0.5207 0.2009 0.6309
019 031 0.2009 0.2009 0.5207 0.5207
020 021 0.2009 0.5593 0.5207 0.2009
020 032 0.2009 0.2009 0.2009 0.2009
021 022 0.6309 0.6309 0.6309 0.5593
021 033 0.5207 0.2009 0.2009 0.5207
022 023 0.6309 0.5593 0.5207 0.5593
022 034 0.6309 0.5207 0.5207 0.5593
023 012 0.5593 0.2009 0.5593 0.5207
023 035 0.6309 0.6309 0.5207 0.6309
024 025 0.5593 0.2009 0.6309 0.6309
024 036 0.2009 0.5593 0.2009 0.6309
025 026 0.6309 0.5207 0.5593 0.2009
025 037 0.2009 0.5207 0.5207 0.6309
026 027 0.5207 0.6309 0.5593 0.5593
026 038 0.5593 0.2009 0.5593 0.5593
027 028 0.5207 0.5593 0.6309 0.6309
027 039 0.2009 0.6309 0.5593 0.5593
028 029 0.6309 0.6309 0.5207 0.6309
028 040 0.5207 0.5207 0.6309 0.5593
029 030 0.5207 0.6309 0.2009 0.6309
029 041 0.5207 0.6309 0.2009 0.5207
030 031 0.5207 0.6309 0.5207 0.5207
030 042 0.5593 0.6309 0.6309 0.5207
031 032 0.6309 0.5207 0.5593 0.2009
031 043 0.2009 0.2009 0.2009 0.6309
032 033 0.2009 0.2009 0.2009 0.2009
032 044 0.5593 0.5207 0.5593 0.6309
033 034 0.2009 0.5593 0.5207 0.6309
033 045 0.6309 0.2009 0.2009 0.2009
034 035 0.2009 0.2009 0.5593 0.5593
034 046 0.6309 0.5593 0.5207 0.5207
035 024 0.2009 0.5593 0.5593 0.5593
035 047 0.5207 0.2009 0.5593 0.5207
036 037 0.6309 0.5207 0.5207 0.2009
036 048 0.2009 0.6309 0.2009 0.5207
037 038 0.6309 0.5593 0.2009 0.6309
037 049 0.5593 0.5593 0.5207 0.5207
038 039 0.5593 0.5207 0.5593 0.5593
038 050 0.6309 0.5207 0.6309 0.5593
039 040 0.5207 0.2009 0.2009 0.5593
039 051 0.5593 0.2009 0.5593 0.5207
040 041 0.6309 0.6309 0.5207 0.6309
040 052 0.6309 0.5593 0.5207 0.5593
041 042 0.5593 0.5207 0.6309 0.5207
041 053 0.2009 0.5207 0.2009 0.5593
042 043 0.2009 0.6309 0.5593 0.2009
042 054 0.6309 0.6309 0.2009 0.2009
043 044 0.5593 0.5207 0.5593 0.6309
043 055 0.6309 0.5593 0.2009 0.5593
044 045 0.5207 0.5207 0.6309 0.6309
044 056 0.6309 0.5593 0.6309 0.5593
045 046 0.6309 0.6309 0.5207 0.6309
045 057 0.6309 0.6309 0.2009 0.2009
046 047 0.5207 0.2009 0.5593 0.6309
046 058 0.2009 0.2009 0.5207 0.6309
047 036 0.5207 0.5207 0.5207 0.5593
047 059 0.2009 0.5207 0.6309 0.2009
048 049 0.2009 0.5593 0.5593 0.5207
048 060 0.5207 0.5207 0.5593 0.2009
049 050 0.6309 0.6309 0.2009 0.6309
049 061 0.5593 0.5593 0.2009 0.2009
050 051 0.2009 0.5207 0.2009 0.6309
050 062 0.5207 0.6309 0.2009 0.2009
051 052 0.6309 0.5593 0.5593 0.5593
051 063 0.2009 0.5207 0.5207 0.6309
052 053 0.5207 0.5207 0.5207 0.2009
052 064 0.5207 0.5593 0.6309 0.5593
053 054 0.5593 0.5207 0.6309 0.5593
053 065 0.5207 0.6309 0.5593 0.5593
054 055 0.5593 0.2009 0.2009 0.5207
054 066 0.5593 0.5593 0.5593 0.5207
055 056 0.5593 0.2009 0.2009 0.2009
055 067 0.2009 0.6309 0.2009 0.2009
056 057 0.5593 0.6309 0.5593 0.2009
056 068 0.2009 0.6309 0.6309 0.5207
057 058 0.5593 0.2009 0.5207 0.6309
057 069 0.5593 0.2009 0.6309 0.5593
058 059 0.2009 0.6309 0.5207 0.5207
058 070 0.2009 0.2009 0.5207 0.5207
059 048 0.5593 0.2009 0.2009 0.6309
059 071 0.5207 0.2009 0.6309 0.5593
060 061 0.6309 0.5593 0.5207 0.2009
060 072 0.6309 0.5593 0.2009 0.5207
061 062 0.5207 0.2009 0.5207 0.6309
061 073 0.5207 0.6309 0.6309 0.6309
062 063 0.2009 0.5207 0.2009 0.5593
062 074 0.2009 0.2009 0.2009 0.5207
063 064 0.5593 0.6309 0.5207 0.6309
063 075 0.5593 0.2009 0.6309 0.2009
064 065 0.6309 0.6309 0.2009 0.2009
064 076 0.5593 0.5593 0.6309 0.6309
065 066 0.5593 0.5593 0.6309 0.5207
065 077 0.2009 0.5207 0.5207 0.5207
066 067 0.6309 0.6309 0.5593 0.2009
066 078 0.2009 0.5593 0.5207 0.5593
067 068 0.6309 0.5207 0.6309 0.5207
067 079 0.5593 0.2009 0.6309 0.5207
068 069 0.2009 0.5593 0.2009 0.5593
068 080 0.6309 0.5207 0.5207 0.2009
069 070 0.2009 0.6309 0.6309 0.5593
069 081 0.5593 0.2009 0.5593 0.2009
070 071 0.5593 0.5207 0.5593 0.5593
070 082 0.5207 0.5207 0.5593 0.2009
071 060 0.5593 0.2009 0.5593 0.5207
071 083 0.5207 0.6309 0.6309 0.5593
072 073 0.2009 0.6309 0.5593 0.5593
072 084 0.5207 0.2009 0.6309 0.5207
073 074 0.6309 0.5593 0.5207 0.6309
073 085 0.5207 0.2009 0.6309 0.6309
074 075 0.5207 0.5207 0.6309 0.5593
074 086 0.2009 0.5207 0.6309 0.5593
075 076 0.2009 0.5593 0.5207 0.5593
075 087 0.5593 0.2009 0.2009 0.2009
076 077 0.6309 0.5593 0.2009 0.5207
076 088 0.6309 0.5593 0.5207 0.5593
077 078 0.5593 0.6309 0.5593 0.2009
077 089 0.5207 0.5593 0.5593 0.2009
078 079 0.2009 0.5593 0.6309 0.2009
078 090 0.2009 0.5593 0.5593 0.6309
079 080 0.5593 0.6309 0.5593 0.5207
079 091 0.6309 0.5207 0.5207 0.6309
080 081 0.5207 0.6309 0.5593 0.2009
080 092 0.2009 0.2009 0.2009 0.5593
081 082 0.5207 0.2009 0.5593 0.5207
081 093 0.5207 0.5207 0.6309 0.5593
082 083 0.5593 0.2009 0.6309 0.6309
082 094 0.2009 0.6309 0.2009 0.5207
083 072 0.6309 0.5593 0.6309 0.2009
083 095 0.2009 0.2009 0.5593 0.5593
084 085 0.6309 0.5593 0.2009 0.5593
084 096 0.5207 0.5207 0.5207 0.2009
085 086 0.5593 0.6309 0.5207 0.2009
085 097 0.5207 0.6309 0.6309 0.5207
086 087 0.5207 0.5593 0.2009 0.5593
086 098 0.2009 0.5593 0.5593 0.6309
087 088 0.5207 0.5593 0.5593 0.5593
087 099 0.5207 0.2009 0.6309 0.2009
088 089 0.6309 0.2009 0.5593 0.5593
088 100 0.5593 0.2009 0.5593 0.6309
089 090 0.6309 0.6309 0.2009 0.6309
089 101 0.2009 0.6309 0.5593 0.5207
090 091 0.5207 0.6309 0.5207 0.6309
090 102 0.2009 0.6309 0.2009 0.5593
091 092 0.6309 0.5593 0.5593 0.6309
091 103 0.2009 0.5207 0.5593 0.5207
092 093 0.5207 0.5207 0.6309 0.2009
092 104 0.5593 0.6309 0.6309 0.2009
093 094 0.5207 0.5593 0.5593 0.2009
093 105 0.5593 0.2009 0.5593 0.6309
094 095 0.6309 0.5593 0.5207 0.2009
094 106 0.2009 0.6309 0.5207 0.5593
095 084 0.5207 0.2009 0.6309 0.5207
095 107 0.5207 0.2009 0.2009 0.2009
096 097 0.5207 0.5593 0.2009 0.2009
096 108 0.5207 0.5207 0.5207 0.6309
097 098 0.6309 0.2009 0.6309 0.5207
097 109 0.2009 0.2009 0.5207 0.6309
098 099 0.6309 0.6309 0.2009 0.5207
098 110 0.5593 0.5207 0.5207 0.2009
099 100 0.5207 0.2009 0.5207 0.2009
099 111 0.5593 0.2009 0.5207 0.5207
100 101 0.5207 0.2009 0.6309 0.5593
100 112 0.2009 0.5207 0.5207 0.2009
101 102 0.5207 0.5207 0.2009 0.5593
101 113 0.5593 0.6309 0.5593 0.5207
102 103 0.5207 0.5207 0.6309 0.6309
102 114 0.2009 0.2009 0.5207 0.2009
103 104 0.2009 0.5207 0.6309 0.5593
103 115 0.5593 0.2009 0.5207 0.5593
104 105 0.6309 0.5593 0.2009 0.5207
104 116 0.6309 0.2009 0.5207 0.5593
105 106 0.5207 0.2009 0.6309 0.5207
105 117 0.5207 0.6309 0.2009 0.5593
106 107 0.5593 0.5207 0.5207 0.2009
106 118 0.5207 0.2009 0.6309 0.5593
107 096 0.6309 0.6309 0.2009 0.6309
107 119 0.5593 0.2009 0.2009 0.5207
108 109 0.6309 0.5207 0.5593 0.2009
108 120 0.5207 0.2009 0.5207 0.5207
109 110 0.5593 0.6309 0.5593 0.2009
109 121 0.2009 0.5207 0.6309 0.2009
110 111 0.5593 0.6309 0.5593 0.5593
110 122 0.2009 0.6309 0.2009 0.2009
111 112 0.6309 0.5207 0.5207 0.2009
111 123 0.2009 0.6309 0.5207 0.5207
112 113 0.6309 0.6309 0.5207 0.5207
112 124 0.2009 0.2009 0.6309 0.5207
113 114 0.5207 0.6309 0.5593 0.5593
113 125 0.5207 0.5207 0.6309 0.6309
114 115 0.6309 0.5207 0.6309 0.5207
114 126 0.5593 0.2009 0.2009 0.2009
115 116 0.6309 0.2009 0.2009 0.6309
115 127 0.2009 0.5207 0.5207 0.5593
116 117 0.2009 0.6309 0.5207 0.5593
116 128 0.5207 0.5207 0.5593 0.5593
117 118 0.2009 0.5593 0.6309 0.5207
117 129 0.2009 0.5207 0.5207 0.6309
118 119 0.2009 0.2009 0.6309 0.6309
118 130 0.2009 0.5207 0.5207 0.5207
119 108 0.5593 0.6309 0.6309 0.5207
119 131 0.5593 0.2009 0.5593 0.2009
120 121 0.6309 0.2009 0.6309 0.2009
120 132 0.5593 0.2009 0.6309 0.5207
121 122 0.5207 0.2009 0.5207 0.5207
121 133 0.6309 0.2009 0.6309 0.6309
122 123 0.2009 0.5593 0.6309 0.2009
122 134 0.5593 0.5593 0.5593 0.5593
123 124 0.5593 0.6309 0.5207 0.2009
123 135 0.6309 0.2009 0.5207 0.5207
124 125 0.2009 0.6309 0.6309 0.6309
124 136 0.5593 0.2009 0.2009 0.5593
125 126 0.5593 0.2009 0.5593 0.2009
125 137 0.5207 0.2009 0.5593 0.5207
126 127 0.5207 0.2009 0.6309 0.6309
126 138 0.2009 0.2009 0.5207 0.2009
127 128 0.5593 0.2009 0.2009 0.5207
127 139 0.5207 0.5207 0.6309 0.5207
128 129 0.5207 0.5593 0.5593 0.5207
128 140 0.5593 0.5593 0.6309 0.5207
129 130 0.5207 0.5207 0.2009 0.2009
129 141 0.5593 0.2009 0.6309 0.5593
130 131 0.5207 0.6309 0.2009 0.6309
130 142 0.2009 0.5593 0.5593 0.5207
131 120 0.5593 0.5593 0.5207 0.2009
131 011 0.5207 0.5593 0.6309 0.5207
132 133 0.5207 0.5207 0.6309 0.5593
132 000 0.5207 0.6309 0.5593 0.5593
133 134 0.6309 0.2009 0.6309 0.5207
133 001 0.5593 0.5207 0.2009 0.5593
134 135 0.2009 0.2009 0.5207 0.6309
134 002 0.5207 0.2009 0.5207 0.5593
135 136 0.5207 0.5207 0.6309 0.6309
135 003 0.6309 0.6309 0.6309 0.6309
136 137 0.2009 0.5593 0.5593 0.2009
136 004 0.2009 0.6309 0.5207 0.6309
137 138 0.2009 0.2009 0.5207 0.2009
137 005 0.5207 0.6309 0.5593 0.5207
138 139 0.5593 0.5593 0.6309 0.2009
138 006 0.5207 0.2009 0.5207 0.6309
139 140 0.5207 0.2009 0.6309 0.6309
139 007 0.2009 0.5593 0.6309 0.2009
140 141 0.2009 0.6309 0.5593 0.6309
140 008 0.6309 0.5593 0.5207 0.6309
141 142 0.5593 0.6309 0.2009 0.5207
141 009 0.5593 0.5593 0.5207 0.2009
142 132 0.5207 0.2009 0.5207 0.6309
142 010 0.6309 0.5207 0.2009 0.2009
