143 002556 2 286
000 001 0.1955 0.8065 0.8065 0.1969
000 012 0.1955 0.1955 0.1955 0.1969
001 002 0.6719 0.1969 0.1955 0.1969
001 013 0.8065 0.8065 0.8065 0.1955
002 003 0.1969 0.8065 0.1969 0.1969
002 014 0.6719 0.6719 0.8065 0.1969
003 004 0.1969 0.1955 0.6719 0.6719
003 015 0.1955 0.1969 0.6719 0.6719
004 005 0.1955 0.1955 0.1955 0.1955
004 016 0.1955 0.6719 0.6719 0.1969
005 006 0.1969 0.8065 0.6719 0.1969
005 017 0.6719 0.1955 0.8065 0.8065
006 007 0.8065 0.6719 0.1969 0.1969
006 018 0.1969 0.1955 0.1969 0.1955
007 008 0.6719 0.6719 0.1969 0.1969
007 019 0.6719 0.8065 0.8065 0.1969
008 009 0.6719 0.6719 0.8065 0.1969
008 020 0.1969 0.1955 0.1969 0.8065
009 010 0.1969 0.8065 0.8065 0.1955
009 021 0.8065 0.6719 0.6719 0.8065
010 011 0.1969 0.1955 0.1969 0.1969
010 022 0.6719 0.1969 0.6719 0.6719
011 000 0.1969 0.1955 0.1955 0.1955
011 023 0.1969 0.1955 0.1969 0.8065
012 013 0.1955 0.1955 0.1955 0.8065
012 024 0.1955 0.1955 0.1955 0.6719
013 014 0.1955 0.8065 0.1969 0.6719
013 025 0.6719 0.8065 0.8065 0.6719
014 015 0.1969 0.1955 0.6719 0.1969
014 026 0.1969 0.1969 0.6719 0.1955
015 016 0.6719 0.8065 0.1969 0.1955
015 027 0.8065 0.8065 0.1955 0.1969
016 017 0.1969 0.6719 0.1955 0.1969
016 028 0.1969 0.1969 0.1969 0.6719
017 018 0.8065 0.1955 0.8065 0.6719
017 029 0.8065 0.8065 0.6719 0.8065
018 019 0.1969 0.1969 0.8065 0.6719
018 030 0.8065 0.6719 0.1969 0.6719
019 020 0.1969 0.6719 0.1955 0.6719
019 031 0.1955 0.8065 0.8065 0.1955
020 021 0.6719 0.1955 0.8065 0.1955
020 032 0.1969 0.1955 0.6719 0.8065
021 022 0.8065 0.1955 0.8065 0.1955
021 033 0.1969 0.8065 0.8065 0.6719
022 023 0.8065 0.1969 0.1969 0.1969
022 034 0.1969 0.8065 0.1969 0.1969
023 012 0.6719 0.1955 0.1969 0.8065
023 035 0.1955 0.1955 0.6719 0.1955
024 025 0.1955 0.1955 0.6719 0.6719
024 036 0.1969 0.1955 0.6719 0.8065
025 026 0.8065 0.8065 0.6719 0.1955
025 037 0.1955 0.1969 0.1969 0.1969
026 027 0.1955 0.6719 0.8065 0.1955
026 038 0.6719 0.1969 0.6719 0.6719
027 028 0.1955 0.8065 0.6719 0.8065
027 039 0.6719 0.8065 0.8065 0.8065
028 029 0.8065 0.8065 0.1969 0.1969
028 040 0.8065 0.8065 0.6719 0.1955
029 030 0.6719 0.1969 0.8065 0.8065
029 041 0.8065 0.6719 0.6719 0.1969
030 031 0.1969 0.1969 0.1955 0.8065
030 042 0.1969 0.6719 0.6719 0.8065
031 032 0.1969 0.6719 0.1955 0.6719
031 043 0.6719 0.1969 0.8065 0.1969
032 033 0.6719 0.1955 0.6719 0.6719
032 044 0.1955 0.1969 0.1969 0.1969
033 034 0.8065 0.1955 0.8065 0.8065
033 045 0.1969 0.1955 0.8065 0.1969
034 035 0.6719 0.8065 0.8065 0.6719
034 046 0.1955 0.1955 0.1969 0.8065
035 024 0.1969 0.1955 0.1955 0.6719
035 047 0.8065 0.8065 0.1955 0.1969
036 037 0.6719 0.6719 0.1955 0.8065
036 048 0.1955 0.1955 0.6719 0.1955
037 038 0.8065 0.8065 0.6719 0.6719
037 049 0.1955 0.1969 0.1955 0.1955
038 039 0.1955 0.1969 0.6719 0.1955
038 050 0.1955 0.6719 0.1969 0.1955
039 040 0.1955 0.1955 0.6719 0.6719
039 051 0.1969 0.6719 0.8065 0.8065
040 041 0.1955 0.1955 0.6719 0.1955
040 052 0.6719 0.1969 0.8065 0.8065
041 042 0.8065 0.1969 0.1955 0.1955
041 053 0.1969 0.1969 0.8065 0.6719
042 043 0.1969 0.8065 0.8065 0.8065
042 054 0.1955 0.1969 0.8065 0.1969
043 044 0.8065 0.8065 0.1969 0.1969
043 055 0.6719 0.1969 0.1955 0.1969
044 045 0.8065 0.6719 0.6719 0.1955
044 056 0.1969 0.1955 0.1955 0.1955
045 046 0.1969 0.6719 0.8065 0.8065
045 057 0.1955 0.8065 0.1955 0.8065
046 047 0.6719 0.1955 0.1955 0.1969
046 058 0.8065 0.8065 0.1955 0.1969
047 036 0.1969 0.8065 0.8065 0.1969
047 059 0.1955 0.6719 0.8065 0.1969
048 049 0.1955 0.6719 0.1969 0.1955
048 060 0.6719 0.1969 0.8065 0.6719
049 050 0.1969 0.1969 0.1969 0.1955
049 061 0.1955 0.6719 0.8065 0.8065
050 051 0.6719 0.1969 0.6719 0.6719
050 062 0.1969 0.1955 0.1969 0.1955
051 052 0.1969 0.6719 0.1955 0.1955
051 063 0.6719 0.1969 0.6719 0.1969
052 053 0.1955 0.8065 0.6719 0.1969
052 064 0.1955 0.1955 0.8065 0.1955
053 054 0.8065 0.1969 0.8065 0.6719
053 065 0.1955 0.1969 0.1969 0.1955
054 055 0.1969 0.6719 0.6719 0.6719
054 066 0.8065 0.8065 0.8065 0.1955
055 056 0.8065 0.1969 0.1969 0.8065
055 067 0.1969 0.6719 0.1969 0.1969
056 057 0.6719 0.1955 0.6719 0.6719
056 068 0.8065 0.6719 0.1955 0.1969
057 058 0.1969 0.6719 0.1955 0.8065
057 069 0.1969 0.8065 0.8065 0.1969
058 059 0.6719 0.1955 0.1969 0.1955
058 070 0.8065 0.1955 0.1969 0.6719
059 048 0.1969 0.1955 0.6719 0.8065
059 071 0.1955 0.1955 0.6719 0.8065
060 061 0.1955 0.1969 0.1969 0.1955
060 072 0.1969 0.6719 0.8065 0.1969
061 062 0.1955 0.8065 0.1955 0.6719
061 073 0.1969 0.6719 0.6719 0.6719
062 063 0.1955 0.1969 0.1955 0.1955
062 074 0.1955 0.1969 0.1955 0.8065
063 064 0.1969 0.1969 0.1969 0.1969
063 075 0.1969 0.1969 0.1969 0.8065
064 065 0.8065 0.1969 0.1969 0.1955
064 076 0.1969 0.8065 0.1969 0.8065
065 066 0.1955 0.1969 0.1955 0.1969
065 077 0.6719 0.1969 0.6719 0.8065
066 067 0.1955 0.6719 0.6719 0.6719
066 078 0.1955 0.1955 0.1955 0.6719
067 068 0.1955 0.8065 0.1969 0.6719
067 079 0.6719 0.8065 0.6719 0.8065
068 069 0.6719 0.1955 0.6719 0.6719
068 080 0.1955 0.1969 0.8065 0.1955
069 070 0.1969 0.1955 0.1955 0.1969
069 081 0.6719 0.1955 0.1969 0.8065
070 071 0.1969 0.6719 0.1955 0.6719
070 082 0.6719 0.1955 0.8065 0.6719
071 060 0.8065 0.8065 0.6719 0.8065
071 083 0.1955 0.6719 0.1955 0.6719
072 073 0.1955 0.6719 0.1955 0.1955
072 084 0.6719 0.6719 0.1955 0.1955
073 074 0.1955 0.1955 0.6719 0.1969
073 085 0.1969 0.1955 0.1955 0.8065
074 075 0.6719 0.8065 0.6719 0.1969
074 086 0.6719 0.1969 0.6719 0.1969
075 076 0.1969 0.1969 0.6719 0.1969
075 087 0.6719 0.6719 0.1955 0.8065
076 077 0.8065 0.1969 0.1969 0.8065
076 088 0.8065 0.6719 0.8065 0.1955
077 078 0.8065 0.1955 0.6719 0.6719
077 089 0.1955 0.1955 0.1955 0.1969
078 079 0.6719 0.8065 0.1969 0.1969
078 090 0.8065 0.8065 0.1969 0.6719
079 080 0.8065 0.8065 0.6719 0.1969
079 091 0.1955 0.1955 0.6719 0.1955
080 081 0.8065 0.6719 0.8065 0.6719
080 092 0.6719 0.1955 0.6719 0.1969
081 082 0.1969 0.1969 0.8065 0.8065
081 093 0.6719 0.1969 0.6719 0.1955
082 083 0.1969 0.8065 0.1955 0.6719
082 094 0.1955 0.1955 0.8065 0.8065
083 072 0.8065 0.8065 0.6719 0.8065
083 095 0.6719 0.8065 0.1969 0.1969
084 085 0.8065 0.8065 0.1955 0.1955
084 096 0.1955 0.1955 0.1969 0.1955
085 086 0.1969 0.1969 0.6719 0.1955
085 097 0.6719 0.8065 0.1955 0.6719
086 087 0.6719 0.1955 0.1955 0.1969
086 098 0.1955 0.1969 0.8065 0.1955
087 088 0.6719 0.8065 0.6719 0.1969
087 099 0.6719 0.8065 0.6719 0.6719
088 089 0.1955 0.6719 0.6719 0.8065
088 100 0.1969 0.8065 0.1969 0.1955
089 090 0.1955 0.1955 0.8065 0.1955
089 101 0.6719 0.6719 0.6719 0.6719
090 091 0.8065 0.6719 0.6719 0.1955
090 102 0.1955 0.6719 0.6719 0.1969
091 092 0.1969 0.1969 0.8065 0.1955
091 103 0.1969 0.1955 0.1969 0.1969
092 093 0.8065 0.1969 0.1955 0.1969
092 104 0.1955 0.1955 0.8065 0.1955
093 094 0.6719 0.1969 0.1955 0.1955
093 105 0.1955 0.1955 0.6719 0.6719
094 095 0.1969 0.6719 0.6719 0.1955
094 106 0.6719 0.8065 0.6719 0.1955
095 084 0.1969 0.8065 0.1955 0.6719
095 107 0.8065 0.1969 0.1969 0.8065
096 097 0.1969 0.6719 0.6719 0.1969
096 108 0.6719 0.1955 0.1955 0.6719
097 098 0.1955 0.8065 0.1955 0.6719
097 109 0.6719 0.1969 0.6719 0.1969
098 099 0.6719 0.1969 0.1969 0.8065
098 110 0.6719 0.1969 0.6719 0.8065
099 100 0.1969 0.1969 0.1969 0.1969
099 111 0.1969 0.6719 0.1955 0.8065
100 101 0.6719 0.6719 0.6719 0.8065
100 112 0.1955 0.8065 0.6719 0.8065
101 102 0.1955 0.8065 0.6719 0.1969
101 113 0.8065 0.6719 0.8065 0.1969
102 103 0.1955 0.1955 0.1969 0.8065
102 114 0.1969 0.1955 0.6719 0.1969
103 104 0.1955 0.1955 0.1969 0.8065
103 115 0.1969 0.6719 0.1969 0.6719
104 105 0.1955 0.6719 0.1955 0.6719
104 116 0.1969 0.1969 0.6719 0.8065
105 106 0.8065 0.1955 0.6719 0.8065
105 117 0.1969 0.1955 0.6719 0.6719
106 107 0.6719 0.1969 0.1969 0.1955
106 118 0.6719 0.1955 0.1955 0.8065
107 096 0.6719 0.1969 0.6719 0.8065
107 119 0.1955 0.8065 0.1969 0.1955
108 109 0.1955 0.6719 0.8065 0.1969
108 120 0.1955 0.6719 0.6719 0.1955
109 110 0.1955 0.1969 0.6719 0.1969
109 121 0.1955 0.1955 0.6719 0.8065
110 111 0.1955 0.8065 0.6719 0.6719
110 122 0.1969 0.1969 0.1955 0.1969
111 112 0.1955 0.8065 0.1969 0.8065
111 123 0.6719 0.1969 0.8065 0.1955
112 113 0.1955 0.8065 0.8065 0.8065
112 124 0.1955 0.1955 0.6719 0.1955
113 114 0.6719 0.1969 0.6719 0.6719
113 125 0.1955 0.1969 0.8065 0.6719
114 115 0.8065 0.1969 0.6719 0.8065
114 126 0.1969 0.1969 0.1955 0.6719
115 116 0.6719 0.1955 0.8065 0.8065
115 127 0.1969 0.1955 0.6719 0.1969
116 117 0.8065 0.1969 0.8065 0.1955
116 128 0.8065 0.6719 0.1955 0.6719
117 118 0.1955 0.1969 0.8065 0.6719
117 129 0.8065 0.6719 0.8065 0.8065
118 119 0.8065 0.8065 0.6719 0.1969
118 130 0.1969 0.6719 0.1969 0.1969
119 108 0.1969 0.1969 0.1955 0.6719
119 131 0.6719 0.6719 0.1955 0.1969
120 121 0.1955 0.6719 0.8065 0.1969
120 132 0.8065 0.6719 0.1955 0.8065
121 122 0.6719 0.8065 0.1969 0.1969
121 133 0.1955 0.1969 0.1969 0.8065
122 123 0.8065 0.6719 0.6719 0.1955
122 134 0.1955 0.6719 0.8065 0.8065
123 124 0.1955 0.8065 0.6719 0.1955
123 135 0.6719 0.6719 0.1969 0.6719
124 125 0.8065 0.1955 0.1969 0.1955
124 136 0.1955 0.1955 0.8065 0.8065
125 126 0.6719 0.1969 0.1969 0.6719
125 137 0.8065 0.1955 0.6719 0.6719
126 127 0.8065 0.1969 0.1969 0.6719
126 138 0.1955 0.6719 0.8065 0.6719
127 128 0.1955 0.8065 0.1969 0.1969
127 139 0.1969 0.1969 0.1955 0.1969
128 129 0.6719 0.8065 0.1955 0.6719
128 140 0.6719 0.1955 0.1955 0.1969
129 130 0.1955 0.8065 0.1969 0.1955
129 141 0.1955 0.1955 0.6719 0.1969
130 131 0.6719 0.8065 0.8065 0.1969
130 142 0.1969 0.6719 0.8065 0.6719
131 120 0.6719 0.1969 0.1969 0.1955
131 011 0.8065 0.1955 0.1955 0.1969
132 133 0.8065 0.8065 0.1969 0.6719
132 000 0.8065 0.8065 0.8065 0.8065
133 134 0.8065 0.8065 0.1955 0.8065
133 001 0.1955 0.1969 0.1969 0.6719
134 135 0.6719 0.1955 0.1969 0.1955
134 002 0.8065 0.1969 0.8065 0.1955
135 136 0.8065 0.1969 0.1969 0.6719
135 003 0.1969 0.1969 0.8065 0.8065
136 137 0.1955 0.8065 0.8065 0.6719
136 004 0.8065 0.6719 0.6719 0.8065
137 138 0.1969 0.1969 0.6719 0.1969
137 005 0.8065 0.1955 0.1955 0.1955
138 139 0.8065 0.8065 0.1955 0.6719
138 006 0.8065 0.1969 0.6719 0.1955
139 140 0.8065 0.8065 0.8065 0.1969
139 007 0.6719 0.1955 0.8065 0.1955
140 141 0.8065 0.1969 0.1955 0.1969
140 008 0.1955 0.6719 0.1955 0.6719
141 142 0.1969 0.1955 0.1969 0.1955
141 009 0.1955 0.1955 0.8065 0.6719
142 132 0.8065 0.1969 0.1955 0.8065
142 010 0.6719 0.6719 0.6719 0.6719
