143 002556 2 286
000 001 0.6776 0.6776 0.2197 0.3990
000 012 0.3990 0.3990 0.2197 0.4133
001 002 0.3990 0.4133 0.4133 0.6776
001 013 0.6776 0.6776 0.4133 0.2197
002 003 0.3990 0.2197 0.3990 0.4133
002 014 0.3990 0.4133 0.2197 0.6776
003 004 0.6776 0.6776 0.2197 0.2197
003 015 0.4133 0.3990 0.2197 0.6776
004 005 0.6776 0.4133 0.6776 0.2197
004 016 0.2197 0.6776 0.4133 0.3990
005 006 0.2197 0.4133 0.4133 0.3990
005 017 0.6776 0.3990 0.6776 0.2197
006 007 0.4133 0.4133 0.6776 0.6776
006 018 0.4133 0.3990 0.2197 0.4133
007 008 0.3990 0.4133 0.6776 0.2197
007 019 0.6776 0.4133 0.4133 0.3990
008 009 0.3990 0.2197 0.4133 0.6776
008 020 0.6776 0.2197 0.6776 0.4133
009 010 0.6776 0.3990 0.3990 0.3990
009 021 0.3990 0.2197 0.2197 0.6776
010 011 0.4133 0.2197 0.3990 0.6776
010 022 0.4133 0.6776 0.3990 0.6776
011 000 0.4133 0.4133 0.6776 0.2197
011 023 0.3990 0.6776 0.4133 0.2197
012 013 0.6776 0.6776 0.6776 0.6776
012 024 0.2197 0.3990 0.2197 0.6776
013 014 0.3990 0.4133 0.2197 0.6776
013 025 0.4133 0.2197 0.3990 0.3990
014 015 0.4133 0.4133 0.3990 0.2197
014 026 0.6776 0.2197 0.3990 0.2197
015 016 0.6776 0.4133 0.2197 0.2197
015 027 0.6776 0.6776 0.4133 0.2197
016 017 0.3990 0.4133 0.6776 0.2197
016 028 0.4133 0.3990 0.6776 0.4133
017 018 0.3990 0.4133 0.4133 0.4133
017 029 0.6776 0.2197 0.3990 0.6776
018 019 0.4133 0.2197 0.2197 0.2197
018 030 0.4133 0.3990 0.4133 0.2197
019 020 0.4133 0.6776 0.6776 0.2197
019 031 0.3990 0.6776 0.3990 0.4133
020 021 0.3990 0.4133 0.2197 0.3990
020 032 0.3990 0.4133 0.4133 0.3990
021 022 0.6776 0.3990 0.2197 0.4133
021 033 0.3990 0.4133 0.4133 0.2197
022 023 0.6776 0.3990 0.6776 0.6776
022 034 0.6776 0.2197 0.4133 0.2197
023 012 0.2197 0.2197 0.2197 0.6776
023 035 0.2197 0.2197 0.6776 0.3990
024 025 0.3990 0.6776 0.6776 0.3990
024 036 0.6776 0.3990 0.4133 0.3990
025 026 0.4133 0.4133 0.3990 0.3990
025 037 0.6776 0.4133 0.6776 0.6776
026 027 0.3990 0.4133 0.2197 0.6776
026 038 0.6776 0.4133 0.3990 0.4133
027 028 0.3990 0.2197 0.2197 0.2197
027 039 0.6776 0.6776 0.6776 0.6776
028 029 0.4133 0.3990 0.3990 0.6776
028 040 0.4133 0.2197 0.4133 0.6776
029 030 0.3990 0.6776 0.2197 0.4133
029 041 0.6776 0.2197 0.3990 0.2197
030 031 0.6776 0.6776 0.4133 0.4133
030 042 0.3990 0.2197 0.6776 0.6776
031 032 0.6776 0.3990 0.3990 0.4133
031 043 0.2197 0.4133 0.4133 0.6776
032 033 0.3990 0.2197 0.2197 0.2197
032 044 0.6776 0.2197 0.4133 0.2197
033 034 0.6776 0.2197 0.3990 0.2197
033 045 0.4133 0.3990 0.4133 0.3990
034 035 0.4133 0.3990 0.4133 0.4133
034 046 0.4133 0.4133 0.2197 0.2197
035 024 0.3990 0.2197 0.6776 0.4133
035 047 0.2197 0.2197 0.2197 0.4133
036 037 0.2197 0.2197 0.4133 0.3990
036 048 0.6776 0.4133 0.3990 0.3990
037 038 0.4133 0.2197 0.6776 0.6776
037 049 0.2197 0.2197 0.6776 0.4133
038 039 0.6776 0.6776 0.6776 0.2197
038 050 0.6776 0.4133 0.6776 0.6776
039 040 0.6776 0.6776 0.4133 0.4133
039 051 0.3990 0.2197 0.3990 0.2197
040 041 0.4133 0.3990 0.4133 0.4133
040 052 0.2197 0.4133 0.6776 0.6776
041 042 0.3990 0.4133 0.3990 0.4133
041 053 0.4133 0.3990 0.2197 0.2197
042 043 0.4133 0.2197 0.2197 0.3990
042 054 0.3990 0.2197 0.2197 0.4133
043 044 0.2197 0.4133 0.2197 0.4133
043 055 0.2197 0.4133 0.2197 0.2197
044 045 0.4133 0.3990 0.6776 0.4133
044 056 0.4133 0.3990 0.2197 0.3990
045 046 0.2197 0.6776 0.3990 0.2197
045 057 0.3990 0.6776 0.4133 0.6776
046 047 0.2197 0.2197 0.4133 0.6776
046 058 0.2197 0.3990 0.4133 0.3990
047 036 0.3990 0.4133 0.4133 0.2197
047 059 0.3990 0.6776 0.6776 0.6776
048 049 0.2197 0.3990 0.2197 0.4133
048 060 0.4133 0.2197 0.3990 0.2197
049 050 0.4133 0.4133 0.3990 0.4133
049 061 0.2197 0.2197 0.6776 0.2197
050 051 0.6776 0.3990 0.3990 0.2197
050 062 0.6776 0.2197 0.4133 0.6776
051 052 0.6776 0.6776 0.3990 0.2197
051 063 0.4133 0.4133 0.2197 0.6776
052 053 0.4133 0.6776 0.3990 0.6776
052 064 0.6776 0.4133 0.4133 0.3990
053 054 0.2197 0.6776 0.3990 0.3990
053 065 0.3990 0.3990 0.6776 0.6776
054 055 0.2197 0.4133 0.2197 0.2197
054 066 0.4133 0.2197 0.2197 0.3990
055 056 0.6776 0.6776 0.3990 0.4133
055 067 0.6776 0.3990 0.3990 0.4133
056 057 0.2197 0.2197 0.2197 0.3990
056 068 0.6776 0.4133 0.4133 0.6776
057 058 0.6776 0.4133 0.2197 0.6776
057 069 0.3990 0.2197 0.3990 0.4133
058 059 0.2197 0.3990 0.4133 0.3990
058 070 0.3990 0.6776 0.4133 0.6776
059 048 0.2197 0.2197 0.4133 0.2197
059 071 0.6776 0.3990 0.2197 0.3990
060 061 0.6776 0.4133 0.4133 0.6776
060 072 0.6776 0.4133 0.4133 0.2197
061 062 0.3990 0.3990 0.3990 0.6776
061 073 0.2197 0.2197 0.6776 0.3990
062 063 0.4133 0.3990 0.2197 0.3990
062 074 0.6776 0.6776 0.2197 0.6776
063 064 0.6776 0.3990 0.4133 0.4133
063 075 0.3990 0.2197 0.3990 0.2197
064 065 0.2197 0.2197 0.3990 0.3990
064 076 0.3990 0.4133 0.4133 0.4133
065 066 0.3990 0.6776 0.4133 0.3990
065 077 0.2197 0.4133 0.6776 0.4133
066 067 0.2197 0.2197 0.6776 0.2197
066 078 0.6776 0.2197 0.3990 0.4133
067 068 0.4133 0.2197 0.6776 0.3990
067 079 0.6776 0.3990 0.3990 0.6776
068 069 0.2197 0.2197 0.6776 0.3990
068 080 0.3990 0.3990 0.6776 0.2197
069 070 0.6776 0.4133 0.3990 0.6776
069 081 0.3990 0.2197 0.4133 0.4133
070 071 0.4133 0.4133 0.3990 0.4133
070 082 0.4133 0.6776 0.3990 0.6776
071 060 0.3990 0.2197 0.6776 0.6776
071 083 0.2197 0.4133 0.3990 0.2197
072 073 0.4133 0.6776 0.4133 0.6776
072 084 0.6776 0.4133 0.6776 0.3990
073 074 0.4133 0.6776 0.4133 0.3990
073 085 0.3990 0.4133 0.6776 0.4133
074 075 0.4133 0.2197 0.3990 0.2197
074 086 0.6776 0.6776 0.3990 0.4133
075 076 0.6776 0.4133 0.2197 0.2197
075 087 0.6776 0.3990 0.3990 0.3990
076 077 0.2197 0.2197 0.2197 0.6776
076 088 0.2197 0.4133 0.6776 0.3990
077 078 0.2197 0.3990 0.6776 0.4133
077 089 0.6776 0.2197 0.2197 0.4133
078 079 0.6776 0.3990 0.3990 0.4133
078 090 0.3990 0.4133 0.3990 0.2197
079 080 0.3990 0.3990 0.3990 0.3990
079 091 0.3990 0.6776 0.6776 0.6776
080 081 0.4133 0.4133 0.6776 0.6776
080 092 0.3990 0.2197 0.4133 0.3990
081 082 0.2197 0.4133 0.6776 0.3990
081 093 0.6776 0.3990 0.6776 0.3990
082 083 0.3990 0.4133 0.4133 0.6776
082 094 0.6776 0.4133 0.4133 0.6776
083 072 0.4133 0.2197 0.6776 0.3990
083 095 0.6776 0.6776 0.3990 0.6776
084 085 0.4133 0.6776 0.4133 0.3990
084 096 0.2197 0.4133 0.2197 0.4133
085 086 0.6776 0.3990 0.2197 0.6776
085 097 0.6776 0.6776 0.2197 0.3990
086 087 0.2197 0.2197 0.2197 0.6776
086 098 0.3990 0.2197 0.2197 0.2197
087 088 0.4133 0.6776 0.2197 0.4133
087 099 0.3990 0.3990 0.4133 0.2197
088 089 0.6776 0.2197 0.3990 0.6776
088 100 0.4133 0.4133 0.4133 0.2197
089 090 0.3990 0.3990 0.4133 0.6776
089 101 0.3990 0.6776 0.6776 0.3990
090 091 0.6776 0.6776 0.6776 0.6776
090 102 0.3990 0.3990 0.4133 0.3990
091 092 0.4133 0.2197 0.6776 0.2197
091 103 0.3990 0.3990 0.3990 0.6776
092 093 0.4133 0.2197 0.2197 0.6776
092 104 0.6776 0.6776 0.6776 0.2197
093 094 0.4133 0.2197 0.3990 0.2197
093 105 0.3990 0.4133 0.4133 0.4133
094 095 0.4133 0.4133 0.4133 0.4133
094 106 0.4133 0.6776 0.2197 0.4133
095 084 0.6776 0.6776 0.2197 0.3990
095 107 0.3990 0.3990 0.2197 0.3990
096 097 0.3990 0.6776 0.2197 0.2197
096 108 0.2197 0.6776 0.2197 0.4133
097 098 0.2197 0.2197 0.2197 0.4133
097 109 0.2197 0.3990 0.6776 0.2197
098 099 0.6776 0.6776 0.3990 0.6776
098 110 0.2197 0.6776 0.3990 0.4133
099 100 0.3990 0.6776 0.6776 0.3990
099 111 0.2197 0.4133 0.4133 0.2197
100 101 0.4133 0.3990 0.3990 0.6776
100 112 0.3990 0.2197 0.4133 0.2197
101 102 0.6776 0.6776 0.2197 0.2197
101 113 0.4133 0.3990 0.2197 0.3990
102 103 0.3990 0.6776 0.4133 0.2197
102 114 0.3990 0.3990 0.3990 0.2197
103 104 0.4133 0.6776 0.2197 0.4133
103 115 0.6776 0.6776 0.3990 0.4133
104 105 0.3990 0.2197 0.3990 0.4133
104 116 0.6776 0.2197 0.6776 0.2197
105 106 0.3990 0.3990 0.4133 0.3990
105 117 0.2197 0.3990 0.3990 0.3990
106 107 0.6776 0.4133 0.6776 0.4133
106 118 0.6776 0.6776 0.4133 0.2197
107 096 0.2197 0.3990 0.4133 0.4133
107 119 0.4133 0.3990 0.4133 0.2197
108 109 0.2197 0.3990 0.6776 0.4133
108 120 0.2197 0.6776 0.6776 0.2197
109 110 0.6776 0.4133 0.4133 0.2197
109 121 0.6776 0.2197 0.4133 0.2197
110 111 0.6776 0.6776 0.2197 0.4133
110 122 0.6776 0.3990 0.4133 0.6776
111 112 0.2197 0.3990 0.3990 0.4133
111 123 0.4133 0.2197 0.4133 0.2197
112 113 0.4133 0.4133 0.4133 0.2197
112 124 0.6776 0.6776 0.2197 0.3990
113 114 0.2197 0.4133 0.3990 0.2197
113 125 0.2197 0.3990 0.2197 0.3990
114 115 0.6776 0.4133 0.3990 0.3990
114 126 0.2197 0.4133 0.3990 0.3990
115 116 0.6776 0.4133 0.3990 0.3990
115 127 0.2197 0.4133 0.2197 0.3990
116 117 0.2197 0.3990 0.3990 0.3990
116 128 0.3990 0.6776 0.6776 0.4133
117 118 0.6776 0.3990 0.2197 0.4133
117 129 0.3990 0.2197 0.3990 0.3990
118 119 0.2197 0.4133 0.4133 0.6776
118 130 0.6776 0.3990 0.6776 0.4133
119 108 0.2197 0.3990 0.6776 0.2197
119 131 0.4133 0.4133 0.3990 0.4133
120 121 0.2197 0.4133 0.2197 0.6776
120 132 0.4133 0.2197 0.2197 0.2197
121 122 0.4133 0.6776 0.4133 0.4133
121 133 0.6776 0.3990 0.2197 0.6776
122 123 0.2197 0.3990 0.4133 0.3990
122 134 0.3990 0.4133 0.3990 0.2197
123 124 0.6776 0.2197 0.4133 0.6776
123 135 0.6776 0.2197 0.3990 0.6776
124 125 0.4133 0.4133 0.3990 0.3990
124 136 0.4133 0.6776 0.6776 0.4133
125 126 0.6776 0.6776 0.2197 0.3990
125 137 0.2197 0.3990 0.2197 0.4133
126 127 0.4133 0.4133 0.3990 0.2197
126 138 0.4133 0.2197 0.6776 0.4133
127 128 0.4133 0.3990 0.6776 0.6776
127 139 0.6776 0.2197 0.6776 0.3990
128 129 0.4133 0.4133 0.6776 0.3990
128 140 0.6776 0.2197 0.6776 0.2197
129 130 0.2197 0.4133 0.4133 0.3990
129 141 0.6776 0.2197 0.6776 0.2197
130 131 0.6776 0.3990 0.6776 0.2197
130 142 0.4133 0.3990 0.4133 0.3990
131 120 0.3990 0.6776 0.4133 0.6776
131 011 0.3990 0.3990 0.2197 0.6776
132 133 0.6776 0.3990 0.6776 0.6776
132 000 0.4133 0.6776 0.3990 0.6776
133 134 0.4133 0.4133 0.2197 0.6776
133 001 0.4133 0.6776 0.2197 0.6776
134 135 0.4133 0.2197 0.6776 0.6776
134 002 0.2197 0.3990 0.2197 0.6776
135 136 0.4133 0.4133 0.6776 0.6776
135 003 0.3990 0.3990 0.4133 0.2197
136 137 0.4133 0.3990 0.3990 0.2197
136 004 0.4133 0.2197 0.4133 0.3990
137 138 0.4133 0.2197 0.6776 0.6776
137 005 0.2197 0.6776 0.6776 0.6776
138 139 0.2197 0.2197 0.2197 0.2197
138 006 0.4133 0.4133 0.2197 0.3990
139 140 0.6776 0.6776 0.2197 0.3990
139 007 0.2197 0.2197 0.2197 0.3990
140 141 0.3990 0.3990 0.6776 0.3990
140 008 0.3990 0.2197 0.4133 0.6776
141 142 0.2197 0.3990 0.6776 0.6776
141 009 0.4133 0.4133 0.3990 0.2197
142 132 0.6776 0.6776 0.4133 0.4133
142 010 0.6776 0.4133 0.3990 0.6776
