143 002556 2 286
000 001 0.1746 0.2046 0.4066 0.2046
000 012 0.1746 0.4066 0.4066 0.1746
001 002 0.4066 0.2046 0.2046 0.2046
001 013 0.1746 0.2046 0.2376 0.4066
002 003 0.1746 0.1746 0.2046 0.2046
002 014 0.2376 0.2046 0.2376 0.2376
003 004 0.2046 0.1746 0.1746 0.2046
003 015 0.2376 0.2046 0.4066 0.4066
004 005 0.4066 0.1746 0.4066 0.1746
004 016 0.2046 0.2046 0.2376 0.2046
005 006 0.4066 0.2376 0.1746 0.2376
005 017 0.2046 0.2376 0.2376 0.4066
006 007 0.2376 0.2046 0.2046 0.2046
006 018 0.4066 0.2376 0.4066 0.2376
007 008 0.4066 0.1746 0.1746 0.2046
007 019 0.2046 0.2046 0.4066 0.2376
008 009 0.1746 0.2046 0.2376 0.2046
008 020 0.2046 0.2046 0.1746 0.2046
009 010 0.2376 0.4066 0.4066 0.1746
009 021 0.2376 0.2376 0.2046 0.1746
010 011 0.2046 0.2376 0.2046 0.1746
010 022 0.1746 0.2376 0.1746 0.2376
011 000 0.2376 0.2376 0.2376 0.1746
011 023 0.2376 0.2376 0.2046 0.2376
012 013 0.2376 0.1746 0.2046 0.2376
012 024 0.2376 0.4066 0.4066 0.2046
013 014 0.1746 0.2046 0.1746 0.2046
013 025 0.2376 0.2046 0.2046 0.4066
014 015 0.2046 0.2046 0.4066 0.2376
014 026 0.1746 0.2046 0.4066 0.4066
015 016 0.1746 0.1746 0.2046 0.2046
015 027 0.2376 0.1746 0.1746 0.4066
016 017 0.1746 0.2046 0.2376 0.2046
016 028 0.4066 0.2046 0.4066 0.2376
017 018 0.2376 0.1746 0.4066 0.1746
017 029 0.1746 0.2376 0.2046 0.1746
018 019 0.2046 0.4066 0.2376 0.1746
018 030 0.2046 0.2046 0.1746 0.2376
019 020 0.1746 0.2046 0.2046 0.4066
019 031 0.2376 0.4066 0.2046 0.4066
020 021 0.2376 0.2376 0.4066 0.2046
020 032 0.4066 0.2376 0.2376 0.4066
021 022 0.1746 0.2376 0.2376 0.2046
021 033 0.1746 0.4066 0.2376 0.2046
022 023 0.2046 0.2376 0.2376 0.2046
022 034 0.2376 0.2046 0.1746 0.2376
023 012 0.4066 0.1746 0.2046 0.2376
023 035 0.2376 0.2376 0.4066 0.2376
024 025 0.1746 0.2046 0.2046 0.4066
024 036 0.4066 0.2046 0.4066 0.1746
025 026 0.2046 0.4066 0.4066 0.1746
025 037 0.1746 0.2046 0.1746 0.2376
026 027 0.1746 0.2046 0.2046 0.1746
026 038 0.2046 0.1746 0.4066 0.4066
027 028 0.1746 0.2376 0.4066 0.1746
027 039 0.4066 0.1746 0.2376 0.1746
028 029 0.1746 0.1746 0.2376 0.4066
028 040 0.1746 0.2046 0.1746 0.2046
029 030 0.4066 0.1746 0.2376 0.1746
029 041 0.2376 0.2046 0.2046 0.1746
030 031 0.4066 0.4066 0.1746 0.2376
030 042 0.4066 0.2046 0.1746 0.2376
031 032 0.4066 0.2376 0.4066 0.2376
031 043 0.1746 0.4066 0.2376 0.1746
032 033 0.4066 0.4066 0.2376 0.4066
032 044 0.2376 0.2046 0.4066 0.1746
033 034 0.1746 0.1746 0.2376 0.1746
033 045 0.1746 0.4066 0.1746 0.2376
034 035 0.2376 0.1746 0.2376 0.2046
034 046 0.2376 0.4066 0.1746 0.2376
035 024 0.4066 0.2046 0.4066 0.4066
035 047 0.2376 0.2376 0.4066 0.1746
036 037 0.2046 0.2376 0.1746 0.4066
036 048 0.2376 0.1746 0.2376 0.2376
037 038 0.4066 0.2376 0.1746 0.1746
037 049 0.1746 0.2046 0.2046 0.2376
038 039 0.2376 0.2046 0.2046 0.1746
038 050 0.1746 0.2376 0.2376 0.4066
039 040 0.4066 0.1746 0.4066 0.2046
039 051 0.4066 0.1746 0.2046 0.1746
040 041 0.2376 0.4066 0.4066 0.4066
040 052 0.2376 0.2046 0.1746 0.2046
041 042 0.2376 0.2376 0.2046 0.1746
041 053 0.4066 0.2046 0.1746 0.2046
042 043 0.1746 0.4066 0.1746 0.4066
042 054 0.2046 0.2376 0.2376 0.2046
043 044 0.2046 0.2046 0.2376 0.2046
043 055 0.1746 0.2046 0.4066 0.2046
044 045 0.4066 0.4066 0.4066 0.2376
044 056 0.2046 0.2046 0.4066 0.4066
045 046 0.2376 0.1746 0.1746 0.4066
045 057 0.4066 0.4066 0.2376 0.1746
046 047 0.1746 0.4066 0.2376 0.4066
046 058 0.1746 0.1746 0.4066 0.1746
047 036 0.2376 0.1746 0.4066 0.1746
047 059 0.1746 0.2046 0.1746 0.2046
048 049 0.4066 0.2376 0.2376 0.2046
048 060 0.1746 0.2046 0.2046 0.1746
049 050 0.4066 0.1746 0.1746 0.4066
049 061 0.2376 0.2046 0.4066 0.4066
050 051 0.2046 0.1746 0.4066 0.2376
050 062 0.1746 0.4066 0.1746 0.2376
051 052 0.1746 0.4066 0.2046 0.2376
051 063 0.1746 0.2376 0.4066 0.2376
052 053 0.1746 0.1746 0.1746 0.1746
052 064 0.4066 0.4066 0.2046 0.4066
053 054 0.2046 0.2046 0.1746 0.2046
053 065 0.2046 0.2376 0.1746 0.4066
054 055 0.1746 0.2376 0.4066 0.4066
054 066 0.2376 0.2046 0.2376 0.1746
055 056 0.1746 0.2046 0.2376 0.4066
055 067 0.2376 0.4066 0.4066 0.2376
056 057 0.2376 0.2046 0.2046 0.2046
056 068 0.2376 0.2046 0.1746 0.2376
057 058 0.2046 0.4066 0.2376 0.2046
057 069 0.1746 0.1746 0.2046 0.1746
058 059 0.1746 0.2376 0.1746 0.2376
058 070 0.2376 0.2046 0.4066 0.1746
059 048 0.2046 0.2376 0.4066 0.2046
059 071 0.2046 0.4066 0.4066 0.4066
060 061 0.2376 0.2376 0.1746 0.1746
060 072 0.2046 0.1746 0.2046 0.2046
061 062 0.2376 0.2376 0.4066 0.1746
061 073 0.1746 0.2046 0.2046 0.1746
062 063 0.4066 0.4066 0.1746 0.4066
062 074 0.4066 0.2376 0.2376 0.4066
063 064 0.1746 0.2376 0.1746 0.1746
063 075 0.1746 0.2046 0.1746 0.1746
064 065 0.1746 0.2376 0.2376 0.4066
064 076 0.2046 0.1746 0.2376 0.4066
065 066 0.2376 0.4066 0.2046 0.2376
065 077 0.2046 0.4066 0.1746 0.4066
066 067 0.4066 0.2046 0.1746 0.4066
066 078 0.1746 0.2046 0.4066 0.2046
067 068 0.4066 0.2376 0.2376 0.4066
067 079 0.1746 0.2376 0.1746 0.1746
068 069 0.4066 0.4066 0.4066 0.2046
068 080 0.2376 0.1746 0.4066 0.2046
069 070 0.4066 0.2376 0.2376 0.2046
069 081 0.2376 0.1746 0.2046 0.2376
070 071 0.2376 0.1746 0.4066 0.2046
070 082 0.2376 0.1746 0.1746 0.1746
071 060 0.4066 0.4066 0.4066 0.2046
071 083 0.1746 0.4066 0.2046 0.4066
072 073 0.2376 0.2376 0.1746 0.1746
072 084 0.2046 0.4066 0.2376 0.1746
073 074 0.2046 0.2046 0.1746 0.1746
073 085 0.4066 0.2376 0.4066 0.2046
074 075 0.2376 0.2376 0.2376 0.1746
074 086 0.2376 0.2376 0.1746 0.2376
075 076 0.1746 0.1746 0.1746 0.1746
075 087 0.2046 0.2376 0.1746 0.1746
076 077 0.4066 0.2046 0.4066 0.2046
076 088 0.4066 0.1746 0.4066 0.1746
077 078 0.2046 0.4066 0.1746 0.1746
077 089 0.2046 0.4066 0.1746 0.2046
078 079 0.1746 0.1746 0.4066 0.4066
078 090 0.2376 0.2046 0.4066 0.2376
079 080 0.2376 0.4066 0.2376 0.1746
079 091 0.2046 0.2376 0.2046 0.2376
080 081 0.4066 0.2376 0.1746 0.2046
080 092 0.2376 0.2046 0.2046 0.2376
081 082 0.1746 0.4066 0.1746 0.4066
081 093 0.2046 0.2376 0.1746 0.4066
082 083 0.4066 0.4066 0.4066 0.1746
082 094 0.4066 0.2046 0.1746 0.2046
083 072 0.4066 0.2376 0.2046 0.1746
083 095 0.2046 0.1746 0.2376 0.1746
084 085 0.1746 0.4066 0.4066 0.1746
084 096 0.4066 0.2046 0.1746 0.2376
085 086 0.2376 0.2376 0.1746 0.2046
085 097 0.4066 0.1746 0.2376 0.2046
086 087 0.4066 0.2376 0.2376 0.2046
086 098 0.2376 0.1746 0.1746 0.4066
087 088 0.2376 0.1746 0.2046 0.4066
087 099 0.2376 0.2376 0.2046 0.2046
088 089 0.4066 0.1746 0.1746 0.1746
088 100 0.1746 0.2376 0.2376 0.1746
089 090 0.1746 0.2046 0.2376 0.2376
089 101 0.2376 0.4066 0.2376 0.2376
090 091 0.4066 0.2046 0.2376 0.2376
090 102 0.1746 0.2046 0.4066 0.4066
091 092 0.4066 0.2046 0.1746 0.2046
091 103 0.4066 0.2046 0.2376 0.2046
092 093 0.4066 0.2046 0.2376 0.4066
092 104 0.4066 0.2046 0.2046 0.2046
093 094 0.2376 0.2376 0.2376 0.2376
093 105 0.2046 0.4066 0.2046 0.4066
094 095 0.4066 0.1746 0.2376 0.4066
094 106 0.1746 0.2046 0.4066 0.2046
095 084 0.1746 0.2376 0.1746 0.4066
095 107 0.4066 0.2376 0.1746 0.4066
096 097 0.2046 0.1746 0.4066 0.2046
096 108 0.1746 0.2046 0.1746 0.4066
097 098 0.1746 0.2046 0.2376 0.2046
097 109 0.2376 0.1746 0.4066 0.4066
098 099 0.2376 0.1746 0.1746 0.2046
098 110 0.4066 0.1746 0.2376 0.1746
099 100 0.1746 0.1746 0.2376 0.1746
099 111 0.4066 0.4066 0.2376 0.2376
100 101 0.2376 0.1746 0.1746 0.1746
100 112 0.2376 0.4066 0.1746 0.2376
101 102 0.4066 0.2046 0.2376 0.2046
101 113 0.1746 0.4066 0.2376 0.4066
102 103 0.2376 0.2046 0.2046 0.2376
102 114 0.2046 0.2376 0.1746 0.2376
103 104 0.2046 0.2376 0.1746 0.1746
103 115 0.2376 0.2046 0.1746 0.2046
104 105 0.4066 0.2376 0.2046 0.4066
104 116 0.2376 0.2376 0.2376 0.4066
105 106 0.4066 0.1746 0.4066 0.2046
105 117 0.2046 0.2376 0.1746 0.4066
106 107 0.4066 0.1746 0.4066 0.4066
106 118 0.4066 0.2376 0.1746 0.2046
107 096 0.2046 0.1746 0.1746 0.4066
107 119 0.1746 0.2376 0.2376 0.4066
108 109 0.1746 0.4066 0.2376 0.4066
108 120 0.4066 0.2046 0.2046 0.1746
109 110 0.1746 0.2376 0.2376 0.1746
109 121 0.1746 0.2046 0.4066 0.2376
110 111 0.4066 0.2046 0.4066 0.2046
110 122 0.2376 0.4066 0.2046 0.1746
111 112 0.2046 0.1746 0.2376 0.4066
111 123 0.2046 0.2046 0.1746 0.2046
112 113 0.4066 0.4066 0.2046 0.4066
112 124 0.2046 0.1746 0.2376 0.1746
113 114 0.2376 0.2376 0.2376 0.4066
113 125 0.2046 0.4066 0.2046 0.2046
114 115 0.4066 0.4066 0.2046 0.4066
114 126 0.1746 0.2046 0.2376 0.2376
115 116 0.2046 0.2046 0.2046 0.4066
115 127 0.2376 0.4066 0.2046 0.2376
116 117 0.2046 0.2046 0.1746 0.4066
116 128 0.2376 0.2046 0.4066 0.4066
117 118 0.2376 0.1746 0.2376 0.1746
117 129 0.2376 0.1746 0.4066 0.2046
118 119 0.2046 0.2046 0.4066 0.1746
118 130 0.2046 0.4066 0.2046 0.1746
119 108 0.2376 0.1746 0.2046 0.4066
119 131 0.2046 0.4066 0.2376 0.2046
120 121 0.4066 0.2376 0.4066 0.2046
120 132 0.1746 0.2046 0.2046 0.4066
121 122 0.2046 0.2376 0.2046 0.1746
121 133 0.2376 0.1746 0.4066 0.2376
122 123 0.4066 0.2046 0.2046 0.1746
122 134 0.4066 0.1746 0.2046 0.4066
123 124 0.1746 0.4066 0.4066 0.2376
123 135 0.2046 0.2046 0.2046 0.2046
124 125 0.2376 0.1746 0.1746 0.2046
124 136 0.2376 0.4066 0.4066 0.4066
125 126 0.2376 0.4066 0.2046 0.1746
125 137 0.4066 0.1746 0.1746 0.1746
126 127 0.1746 0.4066 0.4066 0.4066
126 138 0.2376 0.2046 0.2376 0.2046
127 128 0.1746 0.4066 0.1746 0.2046
127 139 0.1746 0.1746 0.4066 0.4066
128 129 0.2376 0.2376 0.2046 0.2376
128 140 0.2046 0.2376 0.1746 0.4066
129 130 0.1746 0.2376 0.1746 0.2046
129 141 0.1746 0.2376 0.2376 0.1746
130 131 0.2046 0.1746 0.2376 0.4066
130 142 0.2376 0.2376 0.1746 0.2376
131 120 0.2046 0.1746 0.2046 0.2376
131 011 0.1746 0.2376 0.2046 0.2376
132 133 0.2376 0.2376 0.4066 0.1746
132 000 0.2376 0.1746 0.4066 0.2376
133 134 0.1746 0.2376 0.2376 0.4066
133 001 0.1746 0.1746 0.4066 0.2046
134 135 0.1746 0.1746 0.2376 0.2376
134 002 0.1746 0.1746 0.4066 0.1746
135 136 0.2046 0.1746 0.2376 0.2046
135 003 0.4066 0.4066 0.1746 0.4066
136 137 0.1746 0.2376 0.1746 0.2376
136 004 0.4066 0.2046 0.2376 0.4066
137 138 0.1746 0.2376 0.2376 0.1746
137 005 0.2376 0.1746 0.2046 0.2376
138 139 0.1746 0.4066 0.1746 0.2376
138 006 0.2376 0.2376 0.2376 0.1746
139 140 0.2376 0.1746 0.1746 0.4066
139 007 0.2046 0.4066 0.2046 0.1746
140 141 0.2046 0.2376 0.2376 0.2376
140 008 0.1746 0.2046 0.4066 0.2046
141 142 0.1746 0.4066 0.1746 0.1746
141 009 0.2376 0.2376 0.2376 0.2046
142 132 0.2046 0.4066 0.4066 0.4066
142 010 0.2046 0.2046 0.2046 0.2046
