143 002556 2 286
000 001 0.2334 0.2334 0.7597 0.7597
000 012 0.7597 0.3894 0.2334 0.7604
001 002 0.2334 0.7604 0.3894 0.2334
001 013 0.7597 0.7597 0.2334 0.3894
002 003 0.2334 0.7597 0.7604 0.2334
002 014 0.2334 0.2334 0.7604 0.7597
003 004 0.7604 0.3894 0.7597 0.2334
003 015 0.7604 0.3894 0.3894 0.3894
004 005 0.7604 0.7604 0.2334 0.2334
004 016 0.7604 0.3894 0.3894 0.7597
005 006 0.7604 0.7604 0.2334 0.3894
005 017 0.7597 0.7604 0.2334 0.2334
006 007 0.7604 0.2334 0.2334 0.7597
006 018 0.7597 0.7597 0.7597 0.7597
007 008 0.7604 0.7597 0.3894 0.3894
007 019 0.7597 0.2334 0.7597 0.7604
008 009 0.7597 0.7604 0.7604 0.2334
008 020 0.2334 0.7597 0.2334 0.2334
009 010 0.7597 0.2334 0.7604 0.7597
009 021 0.3894 0.7604 0.7597 0.7604
010 011 0.2334 0.2334 0.3894 0.7597
010 022 0.2334 0.2334 0.7604 0.3894
011 000 0.7604 0.7597 0.2334 0.7604
011 023 0.3894 0.7604 0.7604 0.7597
012 013 0.2334 0.7604 0.7604 0.3894
012 024 0.2334 0.2334 0.7597 0.7604
013 014 0.7604 0.7604 0.3894 0.3894
013 025 0.7604 0.3894 0.2334 0.3894
014 015 0.7604 0.7604 0.3894 0.7604
014 026 0.7597 0.7604 0.7604 0.7604
015 016 0.7604 0.3894 0.7597 0.3894
015 027 0.7604 0.7604 0.7604 0.7597
016 017 0.7597 0.3894 0.2334 0.2334
016 028 0.7597 0.3894 0.3894 0.3894
017 018 0.2334 0.7597 0.3894 0.2334
017 029 0.2334 0.2334 0.7604 0.7604
018 019 0.3894 0.7604 0.2334 0.2334
018 030 0.7604 0.3894 0.3894 0.7604
019 020 0.3894 0.2334 0.7597 0.7604
019 031 0.7604 0.2334 0.3894 0.7597
020 021 0.7597 0.7597 0.2334 0.7604
020 032 0.2334 0.7604 0.2334 0.7597
021 022 0.3894 0.7604 0.2334 0.7597
021 033 0.3894 0.3894 0.2334 0.7604
022 023 0.3894 0.3894 0.3894 0.7604
022 034 0.2334 0.7597 0.3894 0.7604
023 012 0.2334 0.7597 0.3894 0.7604
023 035 0.7604 0.3894 0.7597 0.7604
024 025 0.7604 0.7604 0.2334 0.7597
024 036 0.7597 0.7597 0.3894 0.7597
025 026 0.7597 0.2334 0.2334 0.7604
025 037 0.7597 0.3894 0.7597 0.7597
026 027 0.3894 0.7597 0.2334 0.7604
026 038 0.7604 0.7604 0.7604 0.2334
027 028 0.2334 0.7597 0.7604 0.3894
027 039 0.3894 0.7597 0.7604 0.7597
028 029 0.3894 0.2334 0.7604 0.2334
028 040 0.7604 0.3894 0.3894 0.7604
029 030 0.7604 0.7604 0.7604 0.3894
029 041 0.3894 0.3894 0.3894 0.7604
030 031 0.7597 0.2334 0.7597 0.3894
030 042 0.7597 0.2334 0.3894 0.2334
031 032 0.2334 0.2334 0.7597 0.3894
031 043 0.7597 0.7597 0.7597 0.7604
032 033 0.7604 0.7604 0.7604 0.7604
032 044 0.2334 0.7597 0.3894 0.7597
033 034 0.7597 0.2334 0.7597 0.7597
033 045 0.7604 0.2334 0.3894 0.7597
034 035 0.7597 0.2334 0.3894 0.7597
034 046 0.2334 0.7597 0.2334 0.7597
035 024 0.2334 0.2334 0.7597 0.7604
035 047 0.7604 0.3894 0.7597 0.7604
036 037 0.7604 0.3894 0.2334 0.7604
036 048 0.2334 0.7604 0.3894 0.2334
037 038 0.7597 0.3894 0.7604 0.3894
037 049 0.7604 0.7604 0.3894 0.7597
038 039 0.7597 0.3894 0.7597 0.2334
038 050 0.7597 0.7604 0.2334 0.2334
039 040 0.7597 0.7597 0.7597 0.7604
039 051 0.7597 0.2334 0.2334 0.7604
040 041 0.2334 0.2334 0.2334 0.7604
040 052 0.7604 0.2334 0.3894 0.3894
041 042 0.7604 0.2334 0.7604 0.2334
041 053 0.2334 0.3894 0.7604 0.7597
042 043 0.3894 0.7604 0.3894 0.2334
042 054 0.2334 0.3894 0.7597 0.7597
043 044 0.7604 0.7604 0.3894 0.3894
043 055 0.7604 0.7604 0.2334 0.7597
044 045 0.3894 0.7597 0.7597 0.7597
044 056 0.7604 0.7604 0.3894 0.7597
045 046 0.7597 0.3894 0.7604 0.7604
045 057 0.7604 0.3894 0.2334 0.3894
046 047 0.7604 0.3894 0.2334 0.2334
046 058 0.3894 0.7604 0.2334 0.7597
047 036 0.7604 0.7597 0.7604 0.7597
047 059 0.7604 0.3894 0.7604 0.3894
048 049 0.7604 0.7597 0.2334 0.7597
048 060 0.7604 0.2334 0.7597 0.7597
049 050 0.2334 0.7604 0.2334 0.2334
049 061 0.7604 0.7597 0.2334 0.3894
050 051 0.3894 0.7604 0.7597 0.3894
050 062 0.7597 0.2334 0.7597 0.3894
051 052 0.7604 0.7604 0.2334 0.3894
051 063 0.2334 0.2334 0.2334 0.3894
052 053 0.7604 0.7604 0.2334 0.7597
052 064 0.7604 0.2334 0.2334 0.7604
053 054 0.3894 0.7597 0.2334 0.7597
053 065 0.7604 0.2334 0.3894 0.2334
054 055 0.2334 0.7597 0.7604 0.7597
054 066 0.2334 0.7597 0.3894 0.7597
055 056 0.3894 0.7604 0.7604 0.7604
055 067 0.7597 0.2334 0.3894 0.7604
056 057 0.7597 0.2334 0.3894 0.2334
056 068 0.7597 0.2334 0.7604 0.3894
057 058 0.2334 0.7604 0.7597 0.2334
057 069 0.3894 0.3894 0.2334 0.3894
058 059 0.7597 0.2334 0.2334 0.7604
058 070 0.3894 0.7604 0.7597 0.3894
059 048 0.7604 0.7604 0.3894 0.7604
059 071 0.7604 0.7597 0.7597 0.3894
060 061 0.7604 0.2334 0.2334 0.7597
060 072 0.7597 0.2334 0.7604 0.7604
061 062 0.7604 0.2334 0.2334 0.7604
061 073 0.7597 0.7604 0.3894 0.3894
062 063 0.7597 0.7604 0.7597 0.2334
062 074 0.3894 0.2334 0.7604 0.7604
063 064 0.2334 0.3894 0.2334 0.7604
063 075 0.3894 0.7604 0.3894 0.3894
064 065 0.7604 0.7597 0.7604 0.2334
064 076 0.7604 0.7604 0.2334 0.2334
065 066 0.7597 0.7604 0.7597 0.2334
065 077 0.7597 0.2334 0.7604 0.7604
066 067 0.3894 0.3894 0.2334 0.7604
066 078 0.7604 0.3894 0.7604 0.7604
067 068 0.2334 0.3894 0.2334 0.3894
067 079 0.7604 0.7597 0.7604 0.2334
068 069 0.7597 0.7604 0.2334 0.3894
068 080 0.7597 0.3894 0.7597 0.7597
069 070 0.7604 0.2334 0.7604 0.2334
069 081 0.3894 0.7597 0.3894 0.3894
070 071 0.7597 0.2334 0.7597 0.7604
070 082 0.2334 0.7597 0.3894 0.2334
071 060 0.7604 0.2334 0.7597 0.3894
071 083 0.3894 0.7604 0.3894 0.3894
072 073 0.7597 0.3894 0.7604 0.7597
072 084 0.7604 0.7604 0.7604 0.2334
073 074 0.7597 0.2334 0.7604 0.2334
073 085 0.3894 0.3894 0.7604 0.3894
074 075 0.3894 0.2334 0.7597 0.7604
074 086 0.7604 0.7597 0.3894 0.2334
075 076 0.3894 0.7604 0.3894 0.7597
075 087 0.7597 0.7604 0.2334 0.7597
076 077 0.7597 0.3894 0.3894 0.7604
076 088 0.2334 0.3894 0.3894 0.2334
077 078 0.7604 0.7597 0.7604 0.2334
077 089 0.7597 0.2334 0.7597 0.3894
078 079 0.7597 0.7604 0.7604 0.7597
078 090 0.7604 0.7604 0.7597 0.3894
079 080 0.3894 0.7597 0.7604 0.3894
079 091 0.7604 0.7604 0.3894 0.7597
080 081 0.7604 0.7604 0.7597 0.7604
080 092 0.7597 0.2334 0.2334 0.2334
081 082 0.7604 0.3894 0.3894 0.7604
081 093 0.3894 0.2334 0.7597 0.3894
082 083 0.7604 0.2334 0.2334 0.7604
082 094 0.7604 0.7604 0.7597 0.3894
083 072 0.7604 0.2334 0.3894 0.7604
083 095 0.2334 0.3894 0.7604 0.7604
084 085 0.3894 0.7604 0.7604 0.7604
084 096 0.3894 0.7604 0.3894 0.3894
085 086 0.7604 0.7604 0.3894 0.2334
085 097 0.2334 0.3894 0.3894 0.2334
086 087 0.3894 0.3894 0.3894 0.7597
086 098 0.2334 0.3894 0.7604 0.2334
087 088 0.3894 0.3894 0.7604 0.7604
087 099 0.7604 0.2334 0.7597 0.3894
088 089 0.3894 0.7604 0.7597 0.3894
088 100 0.2334 0.3894 0.2334 0.3894
089 090 0.2334 0.7604 0.7597 0.3894
089 101 0.3894 0.7597 0.7604 0.3894
090 091 0.7604 0.7604 0.7597 0.7604
090 102 0.7604 0.3894 0.7597 0.7597
091 092 0.3894 0.2334 0.7604 0.2334
091 103 0.7604 0.2334 0.2334 0.3894
092 093 0.2334 0.7597 0.7597 0.2334
092 104 0.3894 0.7597 0.3894 0.7604
093 094 0.3894 0.7597 0.7597 0.3894
093 105 0.7597 0.2334 0.3894 0.7597
094 095 0.7597 0.7604 0.7604 0.7597
094 106 0.3894 0.7604 0.7597 0.7597
095 084 0.2334 0.7597 0.7604 0.7604
095 107 0.7604 0.7604 0.2334 0.7604
096 097 0.7604 0.7604 0.7604 0.7597
096 108 0.2334 0.7604 0.7597 0.7604
097 098 0.2334 0.7604 0.3894 0.7597
097 109 0.3894 0.2334 0.3894 0.2334
098 099 0.3894 0.7597 0.7604 0.2334
098 110 0.2334 0.2334 0.7604 0.2334
099 100 0.7604 0.7604 0.7597 0.7604
099 111 0.7604 0.7597 0.3894 0.3894
100 101 0.2334 0.7597 0.3894 0.3894
100 112 0.7597 0.2334 0.2334 0.2334
101 102 0.7597 0.7597 0.7604 0.2334
101 113 0.2334 0.7597 0.7604 0.3894
102 103 0.7604 0.7604 0.2334 0.7604
102 114 0.7604 0.2334 0.3894 0.7604
103 104 0.7604 0.7597 0.7604 0.2334
103 115 0.3894 0.7604 0.2334 0.3894
104 105 0.2334 0.7604 0.7597 0.7597
104 116 0.3894 0.7604 0.3894 0.3894
105 106 0.7597 0.7597 0.2334 0.2334
105 117 0.2334 0.7597 0.7597 0.2334
106 107 0.3894 0.7604 0.7597 0.2334
106 118 0.7604 0.2334 0.2334 0.2334
107 096 0.2334 0.2334 0.3894 0.7597
107 119 0.3894 0.3894 0.7604 0.7604
108 109 0.2334 0.7604 0.2334 0.7604
108 120 0.7597 0.7604 0.7604 0.7597
109 110 0.7604 0.2334 0.3894 0.7597
109 121 0.7597 0.2334 0.3894 0.7604
110 111 0.7604 0.7604 0.7604 0.2334
110 122 0.7604 0.7597 0.7597 0.7597
111 112 0.2334 0.7597 0.3894 0.3894
111 123 0.7604 0.7597 0.2334 0.7604
112 113 0.2334 0.7597 0.7597 0.7604
112 124 0.7597 0.7604 0.7597 0.2334
113 114 0.7597 0.2334 0.2334 0.7597
113 125 0.3894 0.2334 0.3894 0.3894
114 115 0.7597 0.3894 0.3894 0.2334
114 126 0.3894 0.7597 0.7604 0.7597
115 116 0.2334 0.2334 0.7597 0.2334
115 127 0.7604 0.3894 0.3894 0.3894
116 117 0.7604 0.7597 0.2334 0.2334
116 128 0.7597 0.7597 0.7604 0.7597
117 118 0.7604 0.7604 0.3894 0.3894
117 129 0.7597 0.7597 0.2334 0.7604
118 119 0.7597 0.7604 0.7604 0.3894
118 130 0.3894 0.2334 0.7604 0.3894
119 108 0.7597 0.2334 0.7597 0.7597
119 131 0.7604 0.7604 0.2334 0.2334
120 121 0.7604 0.7597 0.7597 0.7604
120 132 0.2334 0.7597 0.2334 0.3894
121 122 0.2334 0.7604 0.3894 0.3894
121 133 0.3894 0.7597 0.3894 0.2334
122 123 0.3894 0.3894 0.2334 0.7597
122 134 0.7604 0.3894 0.7597 0.7597
123 124 0.3894 0.7597 0.7604 0.7604
123 135 0.2334 0.7597 0.2334 0.7597
124 125 0.7604 0.2334 0.3894 0.7597
124 136 0.3894 0.3894 0.7597 0.2334
125 126 0.2334 0.7604 0.7597 0.7597
125 137 0.7597 0.2334 0.2334 0.3894
126 127 0.7597 0.7604 0.2334 0.7597
126 138 0.2334 0.7604 0.7604 0.2334
127 128 0.7597 0.2334 0.7597 0.7597
127 139 0.2334 0.7604 0.7604 0.3894
128 129 0.2334 0.3894 0.7597 0.7604
128 140 0.3894 0.7604 0.7604 0.7597
129 130 0.7597 0.3894 0.2334 0.3894
129 141 0.3894 0.7597 0.3894 0.7604
130 131 0.2334 0.3894 0.3894 0.7604
130 142 0.7604 0.3894 0.7597 0.2334
131 120 0.7604 0.7597 0.7604 0.3894
131 011 0.2334 0.3894 0.7597 0.7597
132 133 0.3894 0.3894 0.7604 0.2334
132 000 0.3894 0.7597 0.7604 0.3894
133 134 0.7604 0.3894 0.7597 0.2334
133 001 0.3894 0.2334 0.3894 0.2334
134 135 0.7597 0.3894 0.7604 0.3894
134 002 0.7604 0.3894 0.3894 0.7604
135 136 0.3894 0.7597 0.7597 0.3894
135 003 0.2334 0.2334 0.7597 0.7597
136 137 0.2334 0.7604 0.2334 0.7604
136 004 0.7597 0.7597 0.7604 0.7597
137 138 0.3894 0.7604 0.3894 0.2334
137 005 0.3894 0.7604 0.7604 0.7597
138 139 0.7597 0.3894 0.7604 0.2334
138 006 0.7597 0.7597 0.2334 0.7597
139 140 0.2334 0.7597 0.7597 0.7597
139 007 0.7604 0.3894 0.3894 0.7604
140 141 0.2334 0.7604 0.7597 0.7597
140 008 0.3894 0.3894 0.3894 0.3894
141 142 0.7597 0.7597 0.2334 0.7604
141 009 0.7597 0.2334 0.3894 0.2334
142 132 0.7604 0.7597 0.7604 0.3894
142 010 0.7604 0.7597 0.7604 0.2334
