143 002556 2 286
000 001 0.7685 0.8912 0.5346 0.8912
000 012 0.7685 0.7685 0.7685 0.8912
001 002 0.7685 0.8912 0.7685 0.8912
001 013 0.2476 0.7685 0.5346 0.2476
002 003 0.2476 0.2476 0.8912 0.5346
002 014 0.8912 0.7685 0.2476 0.5346
003 004 0.2476 0.7685 0.7685 0.7685
003 015 0.2476 0.5346 0.7685 0.5346
004 005 0.2476 0.8912 0.5346 0.7685
004 016 0.5346 0.5346 0.5346 0.8912
005 006 0.2476 0.8912 0.2476 0.2476
005 017 0.7685 0.2476 0.2476 0.2476
006 007 0.8912 0.2476 0.7685 0.8912
006 018 0.7685 0.2476 0.2476 0.5346
007 008 0.5346 0.2476 0.7685 0.7685
007 019 0.7685 0.5346 0.2476 0.5346
008 009 0.2476 0.8912 0.7685 0.5346
008 020 0.7685 0.5346 0.2476 0.7685
009 010 0.8912 0.8912 0.7685 0.2476
009 021 0.2476 0.2476 0.8912 0.5346
010 011 0.2476 0.2476 0.5346 0.2476
010 022 0.7685 0.5346 0.2476 0.7685
011 000 0.5346 0.2476 0.2476 0.8912
011 023 0.2476 0.2476 0.8912 0.8912
012 013 0.8912 0.8912 0.8912 0.8912
012 024 0.5346 0.8912 0.8912 0.7685
013 014 0.2476 0.5346 0.7685 0.8912
013 025 0.7685 0.2476 0.8912 0.8912
014 015 0.2476 0.8912 0.8912 0.8912
014 026 0.8912 0.2476 0.5346 0.5346
015 016 0.7685 0.2476 0.7685 0.2476
015 027 0.5346 0.8912 0.2476 0.2476
016 017 0.8912 0.5346 0.5346 0.5346
016 028 0.7685 0.5346 0.7685 0.8912
017 018 0.2476 0.8912 0.7685 0.5346
017 029 0.8912 0.8912 0.8912 0.8912
018 019 0.8912 0.5346 0.8912 0.8912
018 030 0.8912 0.2476 0.2476 0.5346
019 020 0.5346 0.7685 0.2476 0.5346
019 031 0.2476 0.2476 0.5346 0.8912
020 021 0.8912 0.2476 0.2476 0.2476
020 032 0.7685 0.7685 0.5346 0.7685
021 022 0.7685 0.5346 0.7685 0.7685
021 033 0.5346 0.8912 0.2476 0.5346
022 023 0.7685 0.5346 0.5346 0.8912
022 034 0.5346 0.2476 0.7685 0.7685
023 012 0.2476 0.8912 0.2476 0.5346
023 035 0.7685 0.5346 0.5346 0.2476
024 025 0.8912 0.7685 0.7685 0.8912
024 036 0.7685 0.8912 0.5346 0.2476
025 026 0.7685 0.8912 0.8912 0.2476
025 037 0.2476 0.8912 0.2476 0.7685
026 027 0.5346 0.7685 0.7685 0.7685
026 038 0.7685 0.7685 0.5346 0.7685
027 028 0.7685 0.5346 0.7685 0.2476
027 039 0.2476 0.2476 0.5346 0.7685
028 029 0.7685 0.7685 0.8912 0.5346
028 040 0.8912 0.5346 0.8912 0.5346
029 030 0.8912 0.2476 0.7685 0.5346
029 041 0.7685 0.7685 0.7685 0.5346
030 031 0.7685 0.2476 0.2476 0.2476
030 042 0.8912 0.8912 0.2476 0.5346
031 032 0.2476 0.8912 0.2476 0.2476
031 043 0.5346 0.7685 0.7685 0.7685
032 033 0.2476 0.2476 0.7685 0.8912
032 044 0.2476 0.7685 0.5346 0.7685
033 034 0.7685 0.5346 0.7685 0.5346
033 045 0.2476 0.8912 0.5346 0.7685
034 035 0.2476 0.5346 0.2476 0.7685
034 046 0.2476 0.8912 0.2476 0.2476
035 024 0.5346 0.8912 0.8912 0.2476
035 047 0.2476 0.7685 0.7685 0.5346
036 037 0.7685 0.7685 0.8912 0.2476
036 048 0.7685 0.5346 0.2476 0.7685
037 038 0.7685 0.8912 0.8912 0.7685
037 049 0.7685 0.5346 0.5346 0.5346
038 039 0.5346 0.2476 0.7685 0.8912
038 050 0.8912 0.7685 0.5346 0.5346
039 040 0.2476 0.7685 0.2476 0.2476
039 051 0.5346 0.8912 0.2476 0.8912
040 041 0.5346 0.2476 0.8912 0.2476
040 052 0.5346 0.2476 0.8912 0.8912
041 042 0.2476 0.5346 0.5346 0.2476
041 053 0.5346 0.8912 0.2476 0.2476
042 043 0.5346 0.2476 0.8912 0.2476
042 054 0.7685 0.7685 0.5346 0.2476
043 044 0.7685 0.8912 0.8912 0.8912
043 055 0.7685 0.8912 0.5346 0.5346
044 045 0.7685 0.2476 0.8912 0.7685
044 056 0.5346 0.8912 0.2476 0.5346
045 046 0.7685 0.2476 0.5346 0.8912
045 057 0.5346 0.2476 0.7685 0.8912
046 047 0.5346 0.2476 0.2476 0.8912
046 058 0.2476 0.5346 0.7685 0.7685
047 036 0.5346 0.5346 0.2476 0.8912
047 059 0.2476 0.8912 0.5346 0.8912
048 049 0.5346 0.2476 0.7685 0.5346
048 060 0.7685 0.8912 0.8912 0.8912
049 050 0.2476 0.2476 0.8912 0.2476
049 061 0.8912 0.8912 0.5346 0.7685
050 051 0.8912 0.5346 0.2476 0.8912
050 062 0.7685 0.7685 0.5346 0.2476
051 052 0.2476 0.2476 0.7685 0.8912
051 063 0.7685 0.2476 0.7685 0.8912
052 053 0.7685 0.8912 0.2476 0.2476
052 064 0.5346 0.2476 0.2476 0.8912
053 054 0.8912 0.5346 0.8912 0.7685
053 065 0.5346 0.7685 0.8912 0.8912
054 055 0.5346 0.7685 0.7685 0.8912
054 066 0.8912 0.2476 0.7685 0.2476
055 056 0.7685 0.2476 0.2476 0.2476
055 067 0.5346 0.8912 0.5346 0.2476
056 057 0.7685 0.8912 0.8912 0.5346
056 068 0.7685 0.5346 0.5346 0.5346
057 058 0.7685 0.5346 0.5346 0.5346
057 069 0.8912 0.2476 0.8912 0.7685
058 059 0.2476 0.5346 0.7685 0.2476
058 070 0.8912 0.7685 0.2476 0.7685
059 048 0.2476 0.8912 0.2476 0.5346
059 071 0.5346 0.7685 0.2476 0.2476
060 061 0.7685 0.2476 0.7685 0.7685
060 072 0.7685 0.7685 0.5346 0.7685
061 062 0.7685 0.7685 0.7685 0.7685
061 073 0.7685 0.2476 0.7685 0.2476
062 063 0.2476 0.5346 0.2476 0.5346
062 074 0.5346 0.8912 0.8912 0.2476
063 064 0.2476 0.2476 0.7685 0.7685
063 075 0.2476 0.8912 0.7685 0.2476
064 065 0.5346 0.8912 0.8912 0.7685
064 076 0.8912 0.2476 0.5346 0.7685
065 066 0.7685 0.7685 0.5346 0.2476
065 077 0.5346 0.8912 0.8912 0.7685
066 067 0.8912 0.5346 0.5346 0.7685
066 078 0.5346 0.5346 0.7685 0.7685
067 068 0.2476 0.8912 0.5346 0.7685
067 079 0.8912 0.7685 0.8912 0.7685
068 069 0.7685 0.2476 0.5346 0.7685
068 080 0.2476 0.8912 0.7685 0.7685
069 070 0.2476 0.5346 0.7685 0.7685
069 081 0.5346 0.8912 0.5346 0.2476
070 071 0.8912 0.2476 0.7685 0.5346
070 082 0.7685 0.7685 0.2476 0.2476
071 060 0.5346 0.7685 0.7685 0.7685
071 083 0.7685 0.5346 0.7685 0.7685
072 073 0.2476 0.8912 0.5346 0.7685
072 084 0.2476 0.2476 0.7685 0.8912
073 074 0.5346 0.8912 0.8912 0.2476
073 085 0.8912 0.5346 0.2476 0.5346
074 075 0.7685 0.5346 0.7685 0.8912
074 086 0.2476 0.5346 0.5346 0.5346
075 076 0.7685 0.7685 0.7685 0.8912
075 087 0.8912 0.8912 0.7685 0.8912
076 077 0.7685 0.2476 0.5346 0.7685
076 088 0.8912 0.2476 0.2476 0.7685
077 078 0.7685 0.7685 0.2476 0.7685
077 089 0.2476 0.5346 0.8912 0.7685
078 079 0.7685 0.2476 0.7685 0.5346
078 090 0.8912 0.2476 0.8912 0.8912
079 080 0.2476 0.7685 0.8912 0.5346
079 091 0.2476 0.7685 0.8912 0.5346
080 081 0.7685 0.5346 0.8912 0.7685
080 092 0.8912 0.5346 0.8912 0.8912
081 082 0.8912 0.8912 0.5346 0.2476
081 093 0.8912 0.8912 0.5346 0.2476
082 083 0.7685 0.7685 0.2476 0.5346
082 094 0.5346 0.2476 0.5346 0.8912
083 072 0.7685 0.8912 0.8912 0.8912
083 095 0.7685 0.2476 0.2476 0.8912
084 085 0.8912 0.8912 0.7685 0.2476
084 096 0.7685 0.5346 0.2476 0.7685
085 086 0.8912 0.2476 0.8912 0.2476
085 097 0.5346 0.5346 0.7685 0.2476
086 087 0.2476 0.8912 0.8912 0.7685
086 098 0.5346 0.8912 0.5346 0.5346
087 088 0.8912 0.7685 0.7685 0.8912
087 099 0.2476 0.8912 0.2476 0.8912
088 089 0.2476 0.5346 0.5346 0.5346
088 100 0.5346 0.7685 0.8912 0.5346
089 090 0.7685 0.5346 0.7685 0.5346
089 101 0.5346 0.2476 0.2476 0.5346
090 091 0.2476 0.5346 0.7685 0.2476
090 102 0.8912 0.8912 0.8912 0.2476
091 092 0.8912 0.2476 0.2476 0.2476
091 103 0.2476 0.2476 0.2476 0.5346
092 093 0.2476 0.8912 0.5346 0.2476
092 104 0.2476 0.7685 0.8912 0.8912
093 094 0.2476 0.2476 0.2476 0.8912
093 105 0.8912 0.5346 0.2476 0.5346
094 095 0.2476 0.7685 0.5346 0.2476
094 106 0.5346 0.2476 0.8912 0.7685
095 084 0.2476 0.8912 0.5346 0.7685
095 107 0.7685 0.5346 0.5346 0.2476
096 097 0.8912 0.8912 0.5346 0.2476
096 108 0.5346 0.8912 0.7685 0.2476
097 098 0.2476 0.5346 0.8912 0.7685
097 109 0.2476 0.2476 0.7685 0.8912
098 099 0.7685 0.2476 0.8912 0.2476
098 110 0.7685 0.7685 0.5346 0.8912
099 100 0.8912 0.7685 0.5346 0.2476
099 111 0.8912 0.7685 0.7685 0.8912
100 101 0.2476 0.5346 0.5346 0.8912
100 112 0.8912 0.8912 0.5346 0.7685
101 102 0.5346 0.2476 0.8912 0.5346
101 113 0.7685 0.5346 0.7685 0.5346
102 103 0.2476 0.2476 0.8912 0.7685
102 114 0.7685 0.7685 0.8912 0.5346
103 104 0.5346 0.2476 0.2476 0.2476
103 115 0.8912 0.2476 0.8912 0.2476
104 105 0.7685 0.7685 0.8912 0.7685
104 116 0.5346 0.8912 0.5346 0.2476
105 106 0.7685 0.2476 0.5346 0.8912
105 117 0.2476 0.7685 0.5346 0.5346
106 107 0.2476 0.2476 0.2476 0.2476
106 118 0.5346 0.8912 0.5346 0.8912
107 096 0.5346 0.2476 0.7685 0.7685
107 119 0.8912 0.2476 0.8912 0.8912
108 109 0.2476 0.7685 0.2476 0.2476
108 120 0.7685 0.2476 0.2476 0.7685
109 110 0.5346 0.2476 0.5346 0.8912
109 121 0.7685 0.2476 0.7685 0.8912
110 111 0.5346 0.7685 0.2476 0.2476
110 122 0.7685 0.8912 0.5346 0.2476
111 112 0.5346 0.7685 0.7685 0.5346
111 123 0.5346 0.5346 0.8912 0.5346
112 113 0.5346 0.5346 0.7685 0.2476
112 124 0.5346 0.5346 0.2476 0.7685
113 114 0.5346 0.2476 0.8912 0.5346
113 125 0.8912 0.5346 0.2476 0.7685
114 115 0.5346 0.2476 0.2476 0.8912
114 126 0.7685 0.8912 0.5346 0.5346
115 116 0.2476 0.8912 0.5346 0.7685
115 127 0.8912 0.8912 0.7685 0.7685
116 117 0.7685 0.7685 0.5346 0.7685
116 128 0.7685 0.7685 0.7685 0.5346
117 118 0.2476 0.8912 0.2476 0.8912
117 129 0.8912 0.2476 0.5346 0.8912
118 119 0.8912 0.7685 0.2476 0.5346
118 130 0.2476 0.5346 0.5346 0.5346
119 108 0.8912 0.8912 0.8912 0.5346
119 131 0.2476 0.2476 0.2476 0.5346
120 121 0.5346 0.5346 0.7685 0.7685
120 132 0.2476 0.2476 0.5346 0.8912
121 122 0.5346 0.2476 0.8912 0.2476
121 133 0.7685 0.7685 0.8912 0.8912
122 123 0.7685 0.7685 0.8912 0.5346
122 134 0.2476 0.8912 0.5346 0.7685
123 124 0.2476 0.8912 0.8912 0.7685
123 135 0.5346 0.7685 0.8912 0.8912
124 125 0.2476 0.2476 0.7685 0.8912
124 136 0.8912 0.5346 0.7685 0.8912
125 126 0.2476 0.8912 0.8912 0.8912
125 137 0.5346 0.8912 0.2476 0.2476
126 127 0.5346 0.8912 0.8912 0.8912
126 138 0.8912 0.8912 0.8912 0.7685
127 128 0.7685 0.2476 0.2476 0.7685
127 139 0.2476 0.5346 0.2476 0.8912
128 129 0.5346 0.2476 0.5346 0.8912
128 140 0.5346 0.5346 0.5346 0.2476
129 130 0.8912 0.7685 0.2476 0.7685
129 141 0.5346 0.8912 0.2476 0.2476
130 131 0.2476 0.2476 0.2476 0.7685
130 142 0.8912 0.8912 0.5346 0.5346
131 120 0.7685 0.8912 0.8912 0.2476
131 011 0.7685 0.8912 0.7685 0.8912
132 133 0.2476 0.7685 0.5346 0.8912
132 000 0.7685 0.8912 0.2476 0.8912
133 134 0.7685 0.2476 0.2476 0.7685
133 001 0.8912 0.5346 0.7685 0.8912
134 135 0.8912 0.7685 0.7685 0.7685
134 002 0.7685 0.2476 0.7685 0.8912
135 136 0.8912 0.7685 0.2476 0.5346
135 003 0.2476 0.7685 0.5346 0.5346
136 137 0.8912 0.2476 0.7685 0.2476
136 004 0.7685 0.7685 0.2476 0.2476
137 138 0.7685 0.8912 0.5346 0.5346
137 005 0.2476 0.7685 0.5346 0.7685
138 139 0.5346 0.5346 0.8912 0.2476
138 006 0.8912 0.5346 0.2476 0.2476
139 140 0.2476 0.7685 0.5346 0.7685
139 007 0.5346 0.2476 0.5346 0.8912
140 141 0.5346 0.8912 0.2476 0.8912
140 008 0.2476 0.8912 0.7685 0.5346
141 142 0.2476 0.7685 0.5346 0.8912
141 009 0.5346 0.2476 0.8912 0.5346
142 132 0.7685 0.7685 0.8912 0.8912
142 010 0.2476 0.8912 0.5346 0.2476
