143 002556 2 286
000 001 0.8341 0.3976 0.8341 0.8341
000 012 0.4099 0.4099 0.1877 0.1877
001 002 0.1877 0.1877 0.4099 0.8341
001 013 0.1877 0.4099 0.1877 0.8341
002 003 0.8341 0.3976 0.3976 0.3976
002 014 0.4099 0.8341 0.3976 0.3976
003 004 0.8341 0.3976 0.1877 0.4099
003 015 0.3976 0.8341 0.3976 0.3976
004 005 0.8341 0.3976 0.3976 0.4099
004 016 0.4099 0.3976 0.4099 0.3976
005 006 0.8341 0.3976 0.3976 0.4099
005 017 0.8341 0.8341 0.1877 0.3976
006 007 0.3976 0.1877 0.4099 0.4099
006 018 0.3976 0.1877 0.3976 0.1877
007 008 0.3976 0.1877 0.8341 0.1877
007 019 0.3976 0.4099 0.1877 0.1877
008 009 0.3976 0.8341 0.1877 0.1877
008 020 0.3976 0.1877 0.8341 0.4099
009 010 0.4099 0.8341 0.1877 0.3976
009 021 0.4099 0.3976 0.3976 0.1877
010 011 0.1877 0.1877 0.4099 0.8341
010 022 0.8341 0.1877 0.1877 0.1877
011 000 0.8341 0.3976 0.3976 0.8341
011 023 0.1877 0.1877 0.8341 0.4099
012 013 0.4099 0.1877 0.4099 0.4099
012 024 0.8341 0.8341 0.4099 0.4099
013 014 0.4099 0.8341 0.4099 0.4099
013 025 0.4099 0.1877 0.4099 0.3976
014 015 0.8341 0.1877 0.8341 0.1877
014 026 0.8341 0.1877 0.8341 0.1877
015 016 0.3976 0.8341 0.1877 0.3976
015 027 0.8341 0.1877 0.1877 0.8341
016 017 0.3976 0.3976 0.8341 0.8341
016 028 0.4099 0.3976 0.1877 0.1877
017 018 0.3976 0.4099 0.1877 0.4099
017 029 0.4099 0.4099 0.1877 0.8341
018 019 0.8341 0.1877 0.3976 0.4099
018 030 0.3976 0.8341 0.4099 0.3976
019 020 0.4099 0.8341 0.8341 0.8341
019 031 0.4099 0.8341 0.4099 0.4099
020 021 0.3976 0.4099 0.8341 0.8341
020 032 0.4099 0.8341 0.8341 0.1877
021 022 0.1877 0.8341 0.1877 0.4099
021 033 0.8341 0.3976 0.1877 0.3976
022 023 0.4099 0.8341 0.4099 0.4099
022 034 0.1877 0.8341 0.1877 0.8341
023 012 0.1877 0.1877 0.1877 0.4099
023 035 0.8341 0.8341 0.4099 0.4099
024 025 0.3976 0.1877 0.8341 0.8341
024 036 0.8341 0.8341 0.1877 0.3976
025 026 0.3976 0.1877 0.4099 0.8341
025 037 0.8341 0.4099 0.4099 0.4099
026 027 0.3976 0.4099 0.3976 0.8341
026 038 0.4099 0.4099 0.4099 0.4099
027 028 0.1877 0.3976 0.4099 0.1877
027 039 0.3976 0.8341 0.1877 0.4099
028 029 0.1877 0.1877 0.8341 0.8341
028 040 0.1877 0.8341 0.1877 0.3976
029 030 0.1877 0.3976 0.8341 0.3976
029 041 0.3976 0.1877 0.8341 0.8341
030 031 0.1877 0.3976 0.4099 0.3976
030 042 0.4099 0.1877 0.3976 0.8341
031 032 0.3976 0.1877 0.3976 0.3976
031 043 0.1877 0.4099 0.1877 0.1877
032 033 0.8341 0.4099 0.8341 0.4099
032 044 0.4099 0.1877 0.1877 0.8341
033 034 0.4099 0.1877 0.3976 0.8341
033 045 0.3976 0.1877 0.3976 0.8341
034 035 0.3976 0.1877 0.3976 0.8341
034 046 0.3976 0.1877 0.1877 0.1877
035 024 0.4099 0.8341 0.8341 0.3976
035 047 0.1877 0.3976 0.8341 0.1877
036 037 0.3976 0.4099 0.8341 0.4099
036 048 0.4099 0.1877 0.3976 0.4099
037 038 0.4099 0.4099 0.4099 0.4099
037 049 0.1877 0.4099 0.3976 0.3976
038 039 0.8341 0.4099 0.1877 0.1877
038 050 0.4099 0.3976 0.4099 0.4099
039 040 0.1877 0.8341 0.4099 0.3976
039 051 0.3976 0.8341 0.3976 0.1877
040 041 0.8341 0.1877 0.1877 0.4099
040 052 0.3976 0.1877 0.8341 0.4099
041 042 0.4099 0.4099 0.4099 0.8341
041 053 0.8341 0.1877 0.4099 0.8341
042 043 0.4099 0.8341 0.1877 0.1877
042 054 0.3976 0.4099 0.3976 0.8341
043 044 0.8341 0.8341 0.3976 0.3976
043 055 0.8341 0.3976 0.3976 0.4099
044 045 0.1877 0.3976 0.1877 0.8341
044 056 0.8341 0.1877 0.1877 0.8341
045 046 0.3976 0.1877 0.3976 0.4099
045 057 0.4099 0.4099 0.4099 0.4099
046 047 0.1877 0.3976 0.8341 0.8341
046 058 0.1877 0.1877 0.3976 0.3976
047 036 0.3976 0.8341 0.4099 0.8341
047 059 0.4099 0.8341 0.3976 0.8341
048 049 0.8341 0.4099 0.8341 0.8341
048 060 0.4099 0.3976 0.1877 0.4099
049 050 0.4099 0.3976 0.8341 0.3976
049 061 0.8341 0.4099 0.8341 0.3976
050 051 0.1877 0.4099 0.3976 0.3976
050 062 0.8341 0.8341 0.1877 0.8341
051 052 0.1877 0.8341 0.3976 0.8341
051 063 0.1877 0.1877 0.1877 0.1877
052 053 0.3976 0.8341 0.1877 0.8341
052 064 0.1877 0.1877 0.4099 0.1877
053 054 0.1877 0.1877 0.1877 0.1877
053 065 0.1877 0.3976 0.4099 0.1877
054 055 0.4099 0.4099 0.1877 0.8341
054 066 0.4099 0.8341 0.8341 0.3976
055 056 0.8341 0.3976 0.4099 0.3976
055 067 0.3976 0.8341 0.4099 0.1877
056 057 0.8341 0.3976 0.4099 0.8341
056 068 0.4099 0.3976 0.3976 0.8341
057 058 0.8341 0.1877 0.4099 0.3976
057 069 0.1877 0.8341 0.8341 0.1877
058 059 0.3976 0.3976 0.1877 0.8341
058 070 0.3976 0.4099 0.8341 0.1877
059 048 0.4099 0.1877 0.8341 0.8341
059 071 0.4099 0.4099 0.4099 0.8341
060 061 0.1877 0.3976 0.4099 0.1877
060 072 0.3976 0.3976 0.3976 0.8341
061 062 0.1877 0.8341 0.1877 0.3976
061 073 0.8341 0.4099 0.8341 0.8341
062 063 0.8341 0.1877 0.3976 0.8341
062 074 0.1877 0.4099 0.4099 0.8341
063 064 0.8341 0.3976 0.3976 0.4099
063 075 0.1877 0.1877 0.8341 0.1877
064 065 0.3976 0.3976 0.8341 0.4099
064 076 0.1877 0.3976 0.4099 0.8341
065 066 0.8341 0.3976 0.3976 0.1877
065 077 0.3976 0.1877 0.1877 0.1877
066 067 0.4099 0.1877 0.8341 0.1877
066 078 0.4099 0.1877 0.4099 0.3976
067 068 0.3976 0.4099 0.1877 0.4099
067 079 0.4099 0.4099 0.3976 0.8341
068 069 0.3976 0.4099 0.8341 0.1877
068 080 0.4099 0.1877 0.3976 0.8341
069 070 0.1877 0.4099 0.4099 0.1877
069 081 0.3976 0.4099 0.1877 0.4099
070 071 0.3976 0.1877 0.4099 0.1877
070 082 0.8341 0.1877 0.4099 0.4099
071 060 0.1877 0.8341 0.4099 0.1877
071 083 0.3976 0.3976 0.1877 0.1877
072 073 0.3976 0.1877 0.3976 0.3976
072 084 0.1877 0.1877 0.1877 0.4099
073 074 0.8341 0.4099 0.8341 0.3976
073 085 0.8341 0.1877 0.4099 0.1877
074 075 0.3976 0.8341 0.1877 0.4099
074 086 0.4099 0.1877 0.4099 0.3976
075 076 0.4099 0.4099 0.8341 0.8341
075 087 0.1877 0.1877 0.1877 0.4099
076 077 0.8341 0.1877 0.8341 0.4099
076 088 0.8341 0.1877 0.4099 0.3976
077 078 0.8341 0.1877 0.4099 0.3976
077 089 0.4099 0.3976 0.8341 0.8341
078 079 0.4099 0.4099 0.4099 0.4099
078 090 0.1877 0.3976 0.4099 0.3976
079 080 0.8341 0.8341 0.1877 0.8341
079 091 0.1877 0.3976 0.3976 0.4099
080 081 0.3976 0.3976 0.1877 0.3976
080 092 0.8341 0.3976 0.1877 0.3976
081 082 0.3976 0.8341 0.1877 0.8341
081 093 0.3976 0.3976 0.3976 0.3976
082 083 0.3976 0.3976 0.4099 0.8341
082 094 0.8341 0.4099 0.3976 0.8341
083 072 0.4099 0.4099 0.4099 0.1877
083 095 0.1877 0.1877 0.3976 0.4099
084 085 0.3976 0.8341 0.4099 0.8341
084 096 0.8341 0.8341 0.4099 0.1877
085 086 0.3976 0.1877 0.4099 0.3976
085 097 0.3976 0.8341 0.1877 0.1877
086 087 0.1877 0.3976 0.8341 0.4099
086 098 0.4099 0.8341 0.4099 0.1877
087 088 0.8341 0.8341 0.3976 0.3976
087 099 0.8341 0.4099 0.3976 0.4099
088 089 0.1877 0.4099 0.4099 0.3976
088 100 0.4099 0.1877 0.4099 0.3976
089 090 0.3976 0.1877 0.3976 0.1877
089 101 0.1877 0.3976 0.3976 0.1877
090 091 0.1877 0.4099 0.4099 0.3976
090 102 0.3976 0.3976 0.4099 0.8341
091 092 0.8341 0.4099 0.1877 0.1877
091 103 0.3976 0.8341 0.3976 0.4099
092 093 0.8341 0.1877 0.3976 0.1877
092 104 0.3976 0.8341 0.3976 0.8341
093 094 0.4099 0.3976 0.4099 0.1877
093 105 0.3976 0.4099 0.8341 0.8341
094 095 0.4099 0.4099 0.3976 0.3976
094 106 0.4099 0.1877 0.4099 0.1877
095 084 0.8341 0.3976 0.3976 0.1877
095 107 0.3976 0.4099 0.8341 0.1877
096 097 0.8341 0.1877 0.3976 0.1877
096 108 0.8341 0.8341 0.1877 0.4099
097 098 0.1877 0.1877 0.4099 0.4099
097 109 0.4099 0.4099 0.1877 0.8341
098 099 0.8341 0.4099 0.3976 0.4099
098 110 0.3976 0.1877 0.3976 0.8341
099 100 0.1877 0.3976 0.4099 0.8341
099 111 0.4099 0.3976 0.8341 0.4099
100 101 0.1877 0.4099 0.3976 0.4099
100 112 0.3976 0.3976 0.8341 0.4099
101 102 0.8341 0.1877 0.8341 0.3976
101 113 0.1877 0.1877 0.8341 0.3976
102 103 0.8341 0.8341 0.3976 0.3976
102 114 0.4099 0.8341 0.4099 0.4099
103 104 0.3976 0.8341 0.1877 0.3976
103 115 0.1877 0.8341 0.4099 0.1877
104 105 0.4099 0.1877 0.8341 0.4099
104 116 0.8341 0.8341 0.1877 0.1877
105 106 0.4099 0.1877 0.1877 0.4099
105 117 0.3976 0.3976 0.8341 0.4099
106 107 0.1877 0.4099 0.1877 0.3976
106 118 0.4099 0.8341 0.8341 0.4099
107 096 0.1877 0.1877 0.3976 0.8341
107 119 0.1877 0.8341 0.8341 0.8341
108 109 0.3976 0.8341 0.8341 0.8341
108 120 0.8341 0.4099 0.3976 0.8341
109 110 0.8341 0.1877 0.3976 0.3976
109 121 0.1877 0.4099 0.1877 0.8341
110 111 0.1877 0.4099 0.1877 0.8341
110 122 0.8341 0.3976 0.1877 0.4099
111 112 0.1877 0.4099 0.1877 0.1877
111 123 0.8341 0.4099 0.8341 0.3976
112 113 0.8341 0.8341 0.1877 0.4099
112 124 0.1877 0.1877 0.3976 0.8341
113 114 0.3976 0.4099 0.1877 0.4099
113 125 0.3976 0.3976 0.1877 0.3976
114 115 0.1877 0.4099 0.1877 0.4099
114 126 0.8341 0.1877 0.8341 0.1877
115 116 0.1877 0.1877 0.8341 0.4099
115 127 0.4099 0.3976 0.1877 0.3976
116 117 0.3976 0.3976 0.8341 0.3976
116 128 0.1877 0.1877 0.8341 0.8341
117 118 0.4099 0.8341 0.8341 0.4099
117 129 0.4099 0.4099 0.8341 0.1877
118 119 0.1877 0.8341 0.8341 0.4099
118 130 0.4099 0.3976 0.4099 0.3976
119 108 0.1877 0.8341 0.3976 0.8341
119 131 0.1877 0.1877 0.4099 0.3976
120 121 0.1877 0.1877 0.4099 0.8341
120 132 0.4099 0.8341 0.1877 0.3976
121 122 0.4099 0.8341 0.4099 0.1877
121 133 0.8341 0.4099 0.1877 0.1877
122 123 0.4099 0.8341 0.1877 0.4099
122 134 0.4099 0.4099 0.8341 0.3976
123 124 0.3976 0.3976 0.4099 0.3976
123 135 0.3976 0.3976 0.4099 0.3976
124 125 0.1877 0.8341 0.4099 0.4099
124 136 0.8341 0.4099 0.4099 0.8341
125 126 0.3976 0.4099 0.1877 0.8341
125 137 0.1877 0.4099 0.4099 0.4099
126 127 0.3976 0.4099 0.1877 0.3976
126 138 0.4099 0.1877 0.4099 0.3976
127 128 0.4099 0.8341 0.8341 0.8341
127 139 0.3976 0.8341 0.1877 0.8341
128 129 0.4099 0.8341 0.1877 0.8341
128 140 0.4099 0.8341 0.1877 0.8341
129 130 0.8341 0.3976 0.8341 0.8341
129 141 0.1877 0.4099 0.4099 0.8341
130 131 0.8341 0.1877 0.1877 0.1877
130 142 0.1877 0.1877 0.4099 0.3976
131 120 0.1877 0.1877 0.1877 0.1877
131 011 0.3976 0.8341 0.4099 0.4099
132 133 0.3976 0.1877 0.1877 0.1877
132 000 0.1877 0.4099 0.1877 0.8341
133 134 0.8341 0.3976 0.8341 0.8341
133 001 0.3976 0.4099 0.8341 0.1877
134 135 0.4099 0.1877 0.4099 0.1877
134 002 0.8341 0.1877 0.3976 0.1877
135 136 0.1877 0.1877 0.4099 0.8341
135 003 0.8341 0.4099 0.4099 0.1877
136 137 0.3976 0.8341 0.4099 0.1877
136 004 0.8341 0.1877 0.1877 0.4099
137 138 0.3976 0.4099 0.8341 0.1877
137 005 0.8341 0.8341 0.1877 0.3976
138 139 0.4099 0.1877 0.4099 0.3976
138 006 0.3976 0.3976 0.1877 0.4099
139 140 0.8341 0.8341 0.4099 0.8341
139 007 0.1877 0.3976 0.8341 0.8341
140 141 0.1877 0.8341 0.1877 0.3976
140 008 0.4099 0.3976 0.8341 0.8341
141 142 0.8341 0.3976 0.3976 0.1877
141 009 0.1877 0.3976 0.4099 0.1877
142 132 0.3976 0.3976 0.4099 0.1877
142 010 0.3976 0.4099 0.4099 0.4099
