143 002556 2 286
000 001 0.5637 0.2134 0.5637 0.5272
000 012 0.5272 0.5272 0.2134 0.5637
001 002 0.5272 0.5637 0.5637 0.1674
001 013 0.1674 0.5637 0.5272 0.5637
002 003 0.1674 0.2134 0.2134 0.1674
002 014 0.5272 0.2134 0.5637 0.5272
003 004 0.5637 0.2134 0.5637 0.5637
003 015 0.5272 0.2134 0.2134 0.2134
004 005 0.2134 0.5272 0.5272 0.1674
004 016 0.5637 0.2134 0.1674 0.5637
005 006 0.5272 0.2134 0.5272 0.5272
005 017 0.5272 0.5637 0.5637 0.2134
006 007 0.5637 0.1674 0.2134 0.5637
006 018 0.2134 0.5272 0.1674 0.5272
007 008 0.5272 0.5272 0.2134 0.5272
007 019 0.1674 0.1674 0.5272 0.1674
008 009 0.5272 0.5637 0.2134 0.5272
008 020 0.5272 0.5272 0.2134 0.2134
009 010 0.5637 0.5637 0.2134 0.2134
009 021 0.1674 0.5637 0.2134 0.1674
010 011 0.2134 0.1674 0.5272 0.5272
010 022 0.2134 0.1674 0.5637 0.5637
011 000 0.5637 0.5637 0.5272 0.5272
011 023 0.2134 0.1674 0.2134 0.1674
012 013 0.1674 0.2134 0.2134 0.1674
012 024 0.1674 0.2134 0.5272 0.5272
013 014 0.5272 0.1674 0.2134 0.5272
013 025 0.5637 0.2134 0.5637 0.1674
014 015 0.5637 0.2134 0.1674 0.1674
014 026 0.1674 0.2134 0.5272 0.5272
015 016 0.2134 0.5637 0.1674 0.5637
015 027 0.1674 0.1674 0.1674 0.1674
016 017 0.1674 0.5637 0.1674 0.1674
016 028 0.1674 0.1674 0.2134 0.1674
017 018 0.5272 0.2134 0.5637 0.5637
017 029 0.5637 0.2134 0.2134 0.5272
018 019 0.1674 0.2134 0.2134 0.1674
018 030 0.5637 0.1674 0.1674 0.5637
019 020 0.5637 0.2134 0.5272 0.5272
019 031 0.5272 0.2134 0.1674 0.5637
020 021 0.5272 0.1674 0.1674 0.1674
020 032 0.5637 0.2134 0.1674 0.5637
021 022 0.5637 0.5637 0.5272 0.5637
021 033 0.2134 0.2134 0.5272 0.2134
022 023 0.5272 0.1674 0.1674 0.2134
022 034 0.5272 0.1674 0.1674 0.5637
023 012 0.5272 0.5637 0.5637 0.5272
023 035 0.5637 0.5272 0.1674 0.5272
024 025 0.2134 0.1674 0.5637 0.1674
024 036 0.1674 0.5272 0.5272 0.2134
025 026 0.5272 0.5637 0.1674 0.2134
025 037 0.2134 0.5272 0.5272 0.5637
026 027 0.1674 0.5272 0.5637 0.1674
026 038 0.5637 0.2134 0.2134 0.5272
027 028 0.5272 0.5637 0.5272 0.1674
027 039 0.5637 0.2134 0.5637 0.1674
028 029 0.5637 0.2134 0.5272 0.5637
028 040 0.2134 0.5272 0.2134 0.5637
029 030 0.1674 0.5637 0.5637 0.5272
029 041 0.2134 0.2134 0.5272 0.5637
030 031 0.1674 0.2134 0.2134 0.5637
030 042 0.2134 0.2134 0.5637 0.1674
031 032 0.2134 0.1674 0.5272 0.5637
031 043 0.2134 0.5272 0.2134 0.1674
032 033 0.2134 0.2134 0.2134 0.5637
032 044 0.5272 0.5637 0.1674 0.5637
033 034 0.5637 0.5637 0.5272 0.5637
033 045 0.2134 0.5272 0.5637 0.5272
034 035 0.1674 0.1674 0.5637 0.5272
034 046 0.2134 0.2134 0.5272 0.2134
035 024 0.5272 0.5637 0.1674 0.2134
035 047 0.5272 0.5637 0.2134 0.2134
036 037 0.5272 0.1674 0.2134 0.1674
036 048 0.2134 0.1674 0.5637 0.5272
037 038 0.5637 0.5637 0.2134 0.5637
037 049 0.1674 0.1674 0.5637 0.2134
038 039 0.5637 0.2134 0.5637 0.5272
038 050 0.2134 0.1674 0.1674 0.1674
039 040 0.2134 0.5637 0.5637 0.1674
039 051 0.5637 0.5637 0.1674 0.5637
040 041 0.1674 0.2134 0.5272 0.1674
040 052 0.5272 0.5272 0.2134 0.5272
041 042 0.5272 0.2134 0.2134 0.1674
041 053 0.5272 0.2134 0.2134 0.5637
042 043 0.5272 0.5272 0.2134 0.5272
042 054 0.2134 0.5637 0.1674 0.5637
043 044 0.5272 0.5637 0.5637 0.1674
043 055 0.1674 0.5272 0.5637 0.5637
044 045 0.2134 0.5272 0.5272 0.5272
044 056 0.2134 0.5637 0.1674 0.5637
045 046 0.1674 0.2134 0.1674 0.5637
045 057 0.5272 0.2134 0.1674 0.2134
046 047 0.1674 0.2134 0.2134 0.1674
046 058 0.2134 0.5637 0.5637 0.2134
047 036 0.5272 0.5272 0.2134 0.5272
047 059 0.5272 0.1674 0.2134 0.1674
048 049 0.5272 0.5637 0.5637 0.1674
048 060 0.2134 0.5272 0.5637 0.2134
049 050 0.1674 0.5637 0.5637 0.5637
049 061 0.1674 0.5272 0.2134 0.5637
050 051 0.1674 0.2134 0.1674 0.1674
050 062 0.5272 0.5637 0.5637 0.1674
051 052 0.2134 0.5272 0.5272 0.5272
051 063 0.2134 0.1674 0.5272 0.2134
052 053 0.5272 0.2134 0.1674 0.2134
052 064 0.1674 0.5637 0.1674 0.5272
053 054 0.2134 0.1674 0.5272 0.5272
053 065 0.1674 0.2134 0.5637 0.5637
054 055 0.5637 0.2134 0.5637 0.1674
054 066 0.5272 0.5637 0.1674 0.5272
055 056 0.5272 0.5637 0.1674 0.5637
055 067 0.5272 0.5637 0.5637 0.5272
056 057 0.5637 0.5637 0.2134 0.2134
056 068 0.5637 0.2134 0.5637 0.1674
057 058 0.2134 0.5272 0.2134 0.5272
057 069 0.5272 0.1674 0.2134 0.1674
058 059 0.5637 0.5637 0.2134 0.5637
058 070 0.5637 0.1674 0.1674 0.1674
059 048 0.5637 0.1674 0.5637 0.5637
059 071 0.2134 0.1674 0.5637 0.2134
060 061 0.2134 0.5272 0.5272 0.2134
060 072 0.5637 0.5272 0.1674 0.5272
061 062 0.2134 0.1674 0.5637 0.1674
061 073 0.5637 0.2134 0.5637 0.5637
062 063 0.5637 0.5637 0.2134 0.1674
062 074 0.5272 0.5272 0.2134 0.2134
063 064 0.1674 0.5272 0.2134 0.1674
063 075 0.2134 0.5637 0.1674 0.1674
064 065 0.5637 0.1674 0.5637 0.2134
064 076 0.1674 0.2134 0.5637 0.5637
065 066 0.1674 0.5272 0.5272 0.5272
065 077 0.5637 0.5272 0.5272 0.5272
066 067 0.5637 0.1674 0.5272 0.2134
066 078 0.5272 0.5637 0.2134 0.1674
067 068 0.1674 0.1674 0.1674 0.1674
067 079 0.1674 0.2134 0.2134 0.5272
068 069 0.1674 0.1674 0.5637 0.1674
068 080 0.1674 0.2134 0.5272 0.5637
069 070 0.5637 0.5637 0.5272 0.1674
069 081 0.5637 0.2134 0.5272 0.5637
070 071 0.5272 0.1674 0.2134 0.2134
070 082 0.1674 0.5272 0.5637 0.5637
071 060 0.5637 0.2134 0.5637 0.2134
071 083 0.5637 0.2134 0.2134 0.5272
072 073 0.5272 0.1674 0.2134 0.2134
072 084 0.5637 0.2134 0.5272 0.5272
073 074 0.5637 0.5637 0.2134 0.5272
073 085 0.1674 0.1674 0.5272 0.5637
074 075 0.1674 0.1674 0.5272 0.1674
074 086 0.5272 0.1674 0.2134 0.1674
075 076 0.5272 0.5637 0.5637 0.2134
075 087 0.2134 0.5272 0.2134 0.5637
076 077 0.2134 0.1674 0.5272 0.2134
076 088 0.5637 0.2134 0.1674 0.1674
077 078 0.2134 0.5272 0.5272 0.5637
077 089 0.5637 0.2134 0.1674 0.1674
078 079 0.5637 0.2134 0.2134 0.1674
078 090 0.5272 0.2134 0.5272 0.1674
079 080 0.5272 0.5637 0.5637 0.2134
079 091 0.1674 0.2134 0.2134 0.1674
080 081 0.2134 0.5637 0.5637 0.1674
080 092 0.1674 0.5637 0.2134 0.2134
081 082 0.5637 0.5272 0.2134 0.2134
081 093 0.2134 0.1674 0.5637 0.1674
082 083 0.5272 0.1674 0.5272 0.5637
082 094 0.1674 0.1674 0.5272 0.5637
083 072 0.1674 0.5637 0.1674 0.2134
083 095 0.1674 0.2134 0.5272 0.2134
084 085 0.5272 0.5272 0.2134 0.2134
084 096 0.2134 0.5637 0.2134 0.5637
085 086 0.5272 0.5637 0.2134 0.2134
085 097 0.5272 0.1674 0.1674 0.1674
086 087 0.2134 0.5637 0.1674 0.1674
086 098 0.2134 0.1674 0.5272 0.5272
087 088 0.5637 0.2134 0.2134 0.5272
087 099 0.5637 0.5272 0.5272 0.2134
088 089 0.1674 0.2134 0.5637 0.5637
088 100 0.5272 0.1674 0.2134 0.5637
089 090 0.5272 0.1674 0.1674 0.2134
089 101 0.1674 0.2134 0.1674 0.1674
090 091 0.1674 0.1674 0.1674 0.5637
090 102 0.2134 0.5272 0.2134 0.5637
091 092 0.1674 0.5272 0.5637 0.2134
091 103 0.2134 0.5272 0.5272 0.5637
092 093 0.1674 0.2134 0.5637 0.5272
092 104 0.5272 0.5637 0.1674 0.5272
093 094 0.1674 0.5272 0.5272 0.5272
093 105 0.1674 0.2134 0.5637 0.1674
094 095 0.5637 0.5272 0.2134 0.5272
094 106 0.5637 0.1674 0.5272 0.2134
095 084 0.5637 0.1674 0.2134 0.2134
095 107 0.5272 0.5272 0.5637 0.2134
096 097 0.2134 0.1674 0.2134 0.1674
096 108 0.5637 0.5637 0.5272 0.1674
097 098 0.1674 0.2134 0.2134 0.1674
097 109 0.2134 0.5637 0.5637 0.2134
098 099 0.1674 0.5637 0.5272 0.5637
098 110 0.1674 0.1674 0.2134 0.2134
099 100 0.5637 0.1674 0.5272 0.5637
099 111 0.5272 0.1674 0.5272 0.5272
100 101 0.5637 0.2134 0.2134 0.2134
100 112 0.1674 0.1674 0.1674 0.5272
101 102 0.5272 0.5637 0.5272 0.1674
101 113 0.1674 0.2134 0.1674 0.1674
102 103 0.5637 0.5272 0.2134 0.1674
102 114 0.2134 0.1674 0.5272 0.2134
103 104 0.5272 0.1674 0.5637 0.5272
103 115 0.2134 0.1674 0.5272 0.5272
104 105 0.5637 0.1674 0.2134 0.2134
104 116 0.5637 0.5637 0.5637 0.5637
105 106 0.5637 0.2134 0.2134 0.1674
105 117 0.5272 0.1674 0.1674 0.5272
106 107 0.1674 0.5637 0.1674 0.2134
106 118 0.2134 0.5272 0.5272 0.5272
107 096 0.1674 0.5272 0.5637 0.5637
107 119 0.5272 0.1674 0.5272 0.2134
108 109 0.1674 0.2134 0.1674 0.5272
108 120 0.2134 0.1674 0.5272 0.2134
109 110 0.5272 0.5272 0.1674 0.1674
109 121 0.2134 0.5637 0.5272 0.2134
110 111 0.5272 0.5637 0.2134 0.5272
110 122 0.5272 0.1674 0.1674 0.5272
111 112 0.5637 0.2134 0.5637 0.2134
111 123 0.1674 0.2134 0.1674 0.5272
112 113 0.5637 0.5637 0.2134 0.2134
112 124 0.2134 0.2134 0.1674 0.5637
113 114 0.2134 0.5637 0.1674 0.5272
113 125 0.1674 0.5637 0.1674 0.5637
114 115 0.5272 0.1674 0.5272 0.5272
114 126 0.5272 0.5637 0.1674 0.2134
115 116 0.5272 0.2134 0.1674 0.2134
115 127 0.5272 0.5272 0.1674 0.5637
116 117 0.5637 0.1674 0.2134 0.5272
116 128 0.1674 0.2134 0.1674 0.5637
117 118 0.5272 0.2134 0.5637 0.5272
117 129 0.5272 0.5637 0.1674 0.1674
118 119 0.1674 0.5272 0.2134 0.5272
118 130 0.5637 0.5637 0.5272 0.5637
119 108 0.2134 0.5637 0.5272 0.5637
119 131 0.1674 0.2134 0.2134 0.2134
120 121 0.1674 0.2134 0.5637 0.2134
120 132 0.5272 0.1674 0.2134 0.5637
121 122 0.5637 0.2134 0.5637 0.2134
121 133 0.2134 0.5272 0.5272 0.2134
122 123 0.5272 0.2134 0.2134 0.2134
122 134 0.5272 0.5272 0.5637 0.2134
123 124 0.2134 0.5272 0.1674 0.2134
123 135 0.1674 0.5637 0.5272 0.5272
124 125 0.5272 0.2134 0.5272 0.5272
124 136 0.1674 0.1674 0.2134 0.2134
125 126 0.1674 0.1674 0.5272 0.5637
125 137 0.2134 0.1674 0.5637 0.5637
126 127 0.5272 0.1674 0.5637 0.5272
126 138 0.5637 0.5637 0.5637 0.2134
127 128 0.1674 0.5272 0.5272 0.5637
127 139 0.5637 0.2134 0.2134 0.2134
128 129 0.1674 0.1674 0.5272 0.2134
128 140 0.2134 0.5637 0.5272 0.5272
129 130 0.5637 0.5272 0.5272 0.1674
129 141 0.2134 0.5272 0.5637 0.5272
130 131 0.2134 0.2134 0.5637 0.1674
130 142 0.1674 0.2134 0.5272 0.2134
131 120 0.5272 0.5637 0.5272 0.2134
131 011 0.5637 0.5637 0.2134 0.5637
132 133 0.2134 0.5272 0.5272 0.5272
132 000 0.2134 0.1674 0.2134 0.5637
133 134 0.2134 0.1674 0.5637 0.1674
133 001 0.2134 0.2134 0.5272 0.5637
134 135 0.2134 0.5272 0.5637 0.2134
134 002 0.5637 0.5272 0.5272 0.5637
135 136 0.5637 0.1674 0.5637 0.5272
135 003 0.5272 0.5272 0.2134 0.5637
136 137 0.5272 0.5637 0.5272 0.1674
136 004 0.1674 0.5272 0.5272 0.2134
137 138 0.5272 0.5637 0.5637 0.2134
137 005 0.5637 0.1674 0.5637 0.5272
138 139 0.5272 0.2134 0.2134 0.2134
138 006 0.5272 0.1674 0.5272 0.2134
139 140 0.2134 0.1674 0.5637 0.5637
139 007 0.1674 0.2134 0.2134 0.5637
140 141 0.2134 0.2134 0.5637 0.2134
140 008 0.5272 0.1674 0.1674 0.5637
141 142 0.5637 0.5272 0.5637 0.5272
141 009 0.2134 0.5272 0.5272 0.5272
142 132 0.1674 0.1674 0.5272 0.5272
142 010 0.2134 0.1674 0.5272 0.5637
