143 002556 2 286
000 001 0.6910 0.4888 0.3947 0.6910
000 012 0.3947 0.3947 0.4544 0.4888
001 002 0.4888 0.3947 0.4544 0.3947
001 013 0.3947 0.4888 0.6910 0.4544
002 003 0.3947 0.4544 0.6910 0.4888
002 014 0.4888 0.4544 0.4544 0.3947
003 004 0.4544 0.3947 0.3947 0.6910
003 015 0.4544 0.4544 0.6910 0.4888
004 005 0.4544 0.4544 0.6910 0.3947
004 016 0.6910 0.4888 0.4888 0.4888
005 006 0.4888 0.3947 0.4544 0.4888
005 017 0.3947 0.4544 0.6910 0.4544
006 007 0.4888 0.4544 0.4888 0.4888
006 018 0.6910 0.4888 0.4544 0.4888
007 008 0.6910 0.4544 0.4544 0.4544
007 019 0.6910 0.4888 0.4544 0.3947
008 009 0.4544 0.4544 0.4544 0.3947
008 020 0.4888 0.6910 0.3947 0.4544
009 010 0.4888 0.6910 0.3947 0.6910
009 021 0.6910 0.6910 0.6910 0.4544
010 011 0.4888 0.3947 0.3947 0.3947
010 022 0.6910 0.4544 0.3947 0.6910
011 000 0.4544 0.4888 0.4544 0.6910
011 023 0.4544 0.3947 0.4544 0.4888
012 013 0.4888 0.6910 0.4544 0.3947
012 024 0.4544 0.6910 0.3947 0.4888
013 014 0.6910 0.4888 0.4888 0.6910
013 025 0.4544 0.4888 0.6910 0.3947
014 015 0.4888 0.6910 0.4544 0.4544
014 026 0.3947 0.3947 0.4544 0.3947
015 016 0.3947 0.4888 0.4544 0.4888
015 027 0.4544 0.4544 0.6910 0.4888
016 017 0.4888 0.3947 0.3947 0.4544
016 028 0.3947 0.3947 0.6910 0.4888
017 018 0.4888 0.4544 0.4888 0.6910
017 029 0.4888 0.4888 0.4888 0.4888
018 019 0.6910 0.3947 0.6910 0.6910
018 030 0.6910 0.3947 0.4544 0.4888
019 020 0.3947 0.3947 0.4888 0.4888
019 031 0.4544 0.3947 0.3947 0.6910
020 021 0.4888 0.4544 0.6910 0.4544
020 032 0.3947 0.4544 0.4888 0.4888
021 022 0.4888 0.6910 0.4544 0.4888
021 033 0.4544 0.3947 0.4544 0.4544
022 023 0.4544 0.4544 0.3947 0.3947
022 034 0.3947 0.3947 0.6910 0.4888
023 012 0.6910 0.6910 0.4544 0.4544
023 035 0.6910 0.4888 0.4888 0.3947
024 025 0.4888 0.4544 0.6910 0.4544
024 036 0.4888 0.3947 0.6910 0.6910
025 026 0.3947 0.4888 0.6910 0.6910
025 037 0.4544 0.6910 0.4544 0.4544
026 027 0.4544 0.3947 0.3947 0.3947
026 038 0.4888 0.4888 0.3947 0.3947
027 028 0.6910 0.4888 0.3947 0.3947
027 039 0.3947 0.4544 0.4544 0.6910
028 029 0.4888 0.4888 0.3947 0.3947
028 040 0.4544 0.4544 0.4888 0.4888
029 030 0.4544 0.4544 0.3947 0.4544
029 041 0.4544 0.4888 0.4888 0.4888
030 031 0.4888 0.6910 0.4888 0.3947
030 042 0.4544 0.6910 0.3947 0.4888
031 032 0.4544 0.4544 0.4888 0.4544
031 043 0.4544 0.4888 0.4888 0.4544
032 033 0.4544 0.4544 0.4544 0.4544
032 044 0.4888 0.4888 0.6910 0.3947
033 034 0.4544 0.6910 0.3947 0.3947
033 045 0.3947 0.4544 0.6910 0.3947
034 035 0.3947 0.6910 0.6910 0.3947
034 046 0.6910 0.4888 0.4544 0.6910
035 024 0.3947 0.3947 0.3947 0.6910
035 047 0.4888 0.4544 0.3947 0.3947
036 037 0.4888 0.4888 0.6910 0.4544
036 048 0.4544 0.6910 0.6910 0.6910
037 038 0.3947 0.4544 0.4888 0.4888
037 049 0.3947 0.4888 0.4888 0.6910
038 039 0.3947 0.4544 0.4544 0.4544
038 050 0.3947 0.4888 0.6910 0.6910
039 040 0.3947 0.6910 0.4544 0.4888
039 051 0.3947 0.3947 0.4544 0.4544
040 041 0.4888 0.6910 0.6910 0.4888
040 052 0.4544 0.6910 0.4544 0.3947
041 042 0.4544 0.6910 0.6910 0.4544
041 053 0.4544 0.3947 0.3947 0.6910
042 043 0.6910 0.3947 0.4544 0.4888
042 054 0.3947 0.4888 0.6910 0.3947
043 044 0.4544 0.4544 0.6910 0.4888
043 055 0.4888 0.6910 0.4888 0.3947
044 045 0.4544 0.4544 0.6910 0.4888
044 056 0.6910 0.3947 0.6910 0.6910
045 046 0.3947 0.4544 0.3947 0.6910
045 057 0.3947 0.4544 0.6910 0.4544
046 047 0.3947 0.4888 0.4544 0.4888
046 058 0.4888 0.3947 0.3947 0.4888
047 036 0.4544 0.3947 0.3947 0.4544
047 059 0.4544 0.4544 0.4888 0.6910
048 049 0.4888 0.4544 0.3947 0.4888
048 060 0.4888 0.4888 0.4544 0.3947
049 050 0.4544 0.4544 0.3947 0.4888
049 061 0.4544 0.6910 0.4544 0.4888
050 051 0.6910 0.4888 0.4544 0.4544
050 062 0.3947 0.4544 0.4888 0.4544
051 052 0.3947 0.3947 0.4888 0.6910
051 063 0.4544 0.6910 0.3947 0.3947
052 053 0.3947 0.3947 0.6910 0.4544
052 064 0.4544 0.6910 0.6910 0.6910
053 054 0.4544 0.4544 0.4544 0.3947
053 065 0.4544 0.4888 0.4888 0.4888
054 055 0.4544 0.6910 0.6910 0.4544
054 066 0.3947 0.4544 0.4544 0.4544
055 056 0.6910 0.4544 0.6910 0.4544
055 067 0.6910 0.4888 0.6910 0.6910
056 057 0.6910 0.3947 0.3947 0.6910
056 068 0.6910 0.6910 0.4888 0.3947
057 058 0.4888 0.6910 0.3947 0.4544
057 069 0.4888 0.4544 0.6910 0.4544
058 059 0.4888 0.4888 0.6910 0.4888
058 070 0.6910 0.4544 0.6910 0.4544
059 048 0.4888 0.3947 0.3947 0.4544
059 071 0.4888 0.6910 0.3947 0.3947
060 061 0.6910 0.3947 0.4544 0.3947
060 072 0.3947 0.4544 0.4544 0.4544
061 062 0.6910 0.4888 0.3947 0.6910
061 073 0.6910 0.6910 0.4888 0.4544
062 063 0.6910 0.4888 0.4544 0.3947
062 074 0.4544 0.3947 0.6910 0.3947
063 064 0.3947 0.4544 0.4544 0.6910
063 075 0.4544 0.4888 0.4544 0.4544
064 065 0.3947 0.4888 0.3947 0.3947
064 076 0.4544 0.4544 0.3947 0.4888
065 066 0.6910 0.3947 0.3947 0.6910
065 077 0.4888 0.4544 0.3947 0.4888
066 067 0.3947 0.6910 0.3947 0.3947
066 078 0.4888 0.6910 0.3947 0.4888
067 068 0.4888 0.4888 0.4544 0.4544
067 079 0.3947 0.3947 0.6910 0.6910
068 069 0.4888 0.4888 0.4544 0.4544
068 080 0.6910 0.3947 0.4544 0.4888
069 070 0.6910 0.4544 0.3947 0.4888
069 081 0.6910 0.3947 0.6910 0.4544
070 071 0.3947 0.6910 0.6910 0.4544
070 082 0.6910 0.3947 0.4544 0.3947
071 060 0.3947 0.6910 0.3947 0.4544
071 083 0.4544 0.4544 0.4544 0.4888
072 073 0.4544 0.4888 0.6910 0.6910
072 084 0.6910 0.4544 0.6910 0.3947
073 074 0.4544 0.4888 0.6910 0.4544
073 085 0.3947 0.4888 0.4544 0.4888
074 075 0.3947 0.4544 0.4544 0.4888
074 086 0.4544 0.4888 0.4888 0.6910
075 076 0.4888 0.6910 0.4544 0.4544
075 087 0.6910 0.4888 0.4544 0.4544
076 077 0.3947 0.3947 0.4544 0.4544
076 088 0.3947 0.3947 0.3947 0.3947
077 078 0.3947 0.3947 0.4544 0.4544
077 089 0.6910 0.3947 0.4888 0.4544
078 079 0.4888 0.3947 0.6910 0.3947
078 090 0.6910 0.4888 0.4544 0.6910
079 080 0.4544 0.6910 0.3947 0.6910
079 091 0.6910 0.4888 0.4888 0.6910
080 081 0.4544 0.4888 0.6910 0.6910
080 092 0.6910 0.6910 0.3947 0.6910
081 082 0.4888 0.3947 0.6910 0.6910
081 093 0.4888 0.3947 0.4888 0.6910
082 083 0.4888 0.6910 0.6910 0.6910
082 094 0.3947 0.4544 0.6910 0.6910
083 072 0.6910 0.4544 0.6910 0.3947
083 095 0.6910 0.6910 0.4888 0.3947
084 085 0.6910 0.4544 0.4888 0.4544
084 096 0.4888 0.6910 0.6910 0.4888
085 086 0.6910 0.6910 0.4544 0.4544
085 097 0.3947 0.6910 0.6910 0.6910
086 087 0.4888 0.4544 0.4544 0.3947
086 098 0.6910 0.3947 0.3947 0.4544
087 088 0.6910 0.4888 0.4888 0.3947
087 099 0.3947 0.6910 0.6910 0.4544
088 089 0.3947 0.3947 0.4888 0.6910
088 100 0.3947 0.3947 0.4888 0.6910
089 090 0.4544 0.4544 0.6910 0.4888
089 101 0.6910 0.4544 0.4888 0.3947
090 091 0.6910 0.3947 0.4888 0.3947
090 102 0.4888 0.4544 0.6910 0.3947
091 092 0.4544 0.4544 0.4544 0.4544
091 103 0.6910 0.4544 0.4888 0.4888
092 093 0.6910 0.3947 0.6910 0.4888
092 104 0.4544 0.3947 0.3947 0.4888
093 094 0.4888 0.6910 0.4888 0.6910
093 105 0.3947 0.4888 0.6910 0.3947
094 095 0.4544 0.4888 0.4888 0.3947
094 106 0.4544 0.3947 0.6910 0.4544
095 084 0.4544 0.6910 0.6910 0.6910
095 107 0.4544 0.4544 0.3947 0.4888
096 097 0.4544 0.3947 0.4888 0.3947
096 108 0.4544 0.3947 0.4544 0.4544
097 098 0.3947 0.4888 0.3947 0.6910
097 109 0.4888 0.4888 0.4888 0.4888
098 099 0.4544 0.4888 0.4544 0.4544
098 110 0.4544 0.6910 0.3947 0.6910
099 100 0.3947 0.6910 0.6910 0.4888
099 111 0.3947 0.4544 0.6910 0.4888
100 101 0.4544 0.3947 0.3947 0.4544
100 112 0.4888 0.6910 0.6910 0.4888
101 102 0.4888 0.4888 0.4888 0.6910
101 113 0.3947 0.4888 0.4888 0.4888
102 103 0.4544 0.6910 0.6910 0.6910
102 114 0.4888 0.4544 0.4888 0.4544
103 104 0.6910 0.4888 0.3947 0.4544
103 115 0.4888 0.4888 0.4888 0.4544
104 105 0.4544 0.4888 0.4544 0.4544
104 116 0.6910 0.4544 0.6910 0.4544
105 106 0.4544 0.6910 0.4888 0.4544
105 117 0.3947 0.4888 0.6910 0.3947
106 107 0.6910 0.3947 0.4888 0.3947
106 118 0.4888 0.4888 0.4888 0.6910
107 096 0.6910 0.3947 0.6910 0.6910
107 119 0.4544 0.4544 0.3947 0.4544
108 109 0.6910 0.3947 0.4544 0.3947
108 120 0.3947 0.3947 0.4544 0.6910
109 110 0.4888 0.4888 0.3947 0.4544
109 121 0.3947 0.4544 0.4544 0.4888
110 111 0.4544 0.3947 0.3947 0.4544
110 122 0.3947 0.3947 0.4544 0.4544
111 112 0.4888 0.4888 0.4544 0.3947
111 123 0.3947 0.4888 0.4888 0.4888
112 113 0.4544 0.3947 0.4544 0.6910
112 124 0.4544 0.4888 0.3947 0.4544
113 114 0.4888 0.4544 0.4888 0.3947
113 125 0.3947 0.4544 0.4544 0.4544
114 115 0.4544 0.4544 0.3947 0.4544
114 126 0.6910 0.4888 0.3947 0.3947
115 116 0.6910 0.4544 0.4544 0.6910
115 127 0.3947 0.4888 0.6910 0.4544
116 117 0.3947 0.3947 0.6910 0.3947
116 128 0.6910 0.6910 0.4888 0.3947
117 118 0.4888 0.4544 0.4544 0.4888
117 129 0.4888 0.3947 0.3947 0.3947
118 119 0.6910 0.4544 0.4888 0.4544
118 130 0.4888 0.6910 0.3947 0.3947
119 108 0.3947 0.3947 0.4888 0.6910
119 131 0.6910 0.4888 0.3947 0.6910
120 121 0.6910 0.4544 0.4888 0.4544
120 132 0.4544 0.4888 0.3947 0.4888
121 122 0.6910 0.4544 0.4544 0.3947
121 133 0.4888 0.3947 0.6910 0.3947
122 123 0.3947 0.3947 0.3947 0.3947
122 134 0.4544 0.6910 0.4888 0.4888
123 124 0.4888 0.4888 0.3947 0.3947
123 135 0.6910 0.3947 0.6910 0.3947
124 125 0.3947 0.4544 0.6910 0.3947
124 136 0.4544 0.4544 0.3947 0.4544
125 126 0.6910 0.4888 0.6910 0.4544
125 137 0.4888 0.4544 0.6910 0.4888
126 127 0.4888 0.4888 0.4888 0.3947
126 138 0.4544 0.3947 0.4544 0.6910
127 128 0.4544 0.3947 0.4544 0.4544
127 139 0.4888 0.6910 0.4544 0.3947
128 129 0.4544 0.4888 0.4544 0.4888
128 140 0.6910 0.3947 0.4544 0.4544
129 130 0.4544 0.4544 0.6910 0.6910
129 141 0.4544 0.4544 0.4888 0.4544
130 131 0.4544 0.4888 0.3947 0.4888
130 142 0.4888 0.4544 0.6910 0.6910
131 120 0.4544 0.4544 0.3947 0.3947
131 011 0.4544 0.4544 0.4888 0.4544
132 133 0.4544 0.4888 0.3947 0.4888
132 000 0.3947 0.4888 0.4544 0.4544
133 134 0.4544 0.4888 0.4888 0.3947
133 001 0.4544 0.4888 0.3947 0.4544
134 135 0.6910 0.4888 0.4544 0.6910
134 002 0.4544 0.4888 0.4888 0.6910
135 136 0.4544 0.3947 0.6910 0.3947
135 003 0.4544 0.4544 0.4544 0.3947
136 137 0.4888 0.4888 0.4888 0.3947
136 004 0.4888 0.6910 0.4888 0.4544
137 138 0.6910 0.4544 0.4888 0.4544
137 005 0.6910 0.4888 0.4888 0.4888
138 139 0.6910 0.4888 0.4544 0.6910
138 006 0.3947 0.4888 0.4888 0.4544
139 140 0.4544 0.6910 0.4544 0.6910
139 007 0.6910 0.3947 0.4888 0.3947
140 141 0.3947 0.4888 0.3947 0.3947
140 008 0.6910 0.4888 0.4888 0.4544
141 142 0.4888 0.6910 0.3947 0.3947
141 009 0.6910 0.4888 0.4888 0.4888
142 132 0.4544 0.4888 0.4544 0.4544
142 010 0.6910 0.4544 0.4544 0.4888
