143 002556 2 286
000 001 0.4291 0.4080 0.4250 0.4080
000 012 0.9823 0.4291 0.4080 0.4080
001 002 0.4250 0.4080 0.4080 0.4250
001 013 0.4291 0.4250 0.4291 0.4291
002 003 0.4080 0.4291 0.4080 0.4291
002 014 0.4250 0.4291 0.4291 0.4250
003 004 0.4080 0.9823 0.4291 0.4250
003 015 0.9823 0.4080 0.4080 0.4250
004 005 0.4291 0.4291 0.4250 0.4080
004 016 0.4291 0.4291 0.4080 0.9823
005 006 0.4250 0.4080 0.4080 0.4250
005 017 0.4291 0.4291 0.4250 0.4291
006 007 0.4080 0.9823 0.4291 0.4250
006 018 0.9823 0.4250 0.4250 0.4291
007 008 0.4080 0.9823 0.4250 0.9823
007 019 0.9823 0.4291 0.4080 0.4080
008 009 0.4291 0.4250 0.4080 0.4250
008 020 0.9823 0.9823 0.4250 0.4080
009 010 0.9823 0.4291 0.9823 0.4080
009 021 0.9823 0.4080 0.9823 0.4080
010 011 0.4080 0.4291 0.4250 0.4291
010 022 0.4080 0.9823 0.4291 0.4250
011 000 0.4291 0.4250 0.4291 0.4291
011 023 0.4291 0.4250 0.4291 0.4080
012 013 0.4291 0.4250 0.4080 0.4250
012 024 0.4291 0.9823 0.4080 0.4250
013 014 0.9823 0.9823 0.4080 0.4250
013 025 0.4080 0.4291 0.4250 0.4291
014 015 0.4250 0.9823 0.9823 0.4291
014 026 0.4080 0.4250 0.4250 0.4080
015 016 0.4291 0.4080 0.4080 0.4080
015 027 0.4250 0.4291 0.4291 0.4080
016 017 0.4250 0.4250 0.4080 0.4080
016 028 0.4291 0.4080 0.4250 0.9823
017 018 0.4250 0.4080 0.9823 0.4250
017 029 0.4080 0.4291 0.4291 0.4080
018 019 0.4250 0.4080 0.9823 0.4250
018 030 0.9823 0.4250 0.4080 0.9823
019 020 0.9823 0.4080 0.4080 0.9823
019 031 0.4250 0.9823 0.4080 0.9823
020 021 0.4250 0.4080 0.4291 0.9823
020 032 0.4080 0.4250 0.4250 0.4291
021 022 0.4250 0.4080 0.9823 0.4080
021 033 0.9823 0.4291 0.4080 0.4250
022 023 0.4250 0.4080 0.4250 0.9823
022 034 0.9823 0.4291 0.4250 0.9823
023 012 0.4080 0.4250 0.4250 0.4291
023 035 0.4250 0.4250 0.4291 0.4250
024 025 0.4080 0.4250 0.4250 0.4291
024 036 0.9823 0.4080 0.4291 0.4250
025 026 0.4250 0.4080 0.9823 0.4250
025 037 0.9823 0.4080 0.4080 0.4080
026 027 0.4291 0.4291 0.9823 0.4291
026 038 0.4291 0.4291 0.4291 0.4291
027 028 0.9823 0.9823 0.4080 0.4291
027 039 0.4250 0.4250 0.4250 0.9823
028 029 0.4250 0.4250 0.9823 0.4080
028 040 0.4291 0.4250 0.9823 0.4291
029 030 0.9823 0.9823 0.4080 0.4291
029 041 0.9823 0.4080 0.4080 0.9823
030 031 0.9823 0.4250 0.9823 0.4250
030 042 0.9823 0.4250 0.4250 0.4291
031 032 0.4250 0.4080 0.4080 0.4250
031 043 0.4250 0.4080 0.4080 0.4250
032 033 0.4080 0.4291 0.9823 0.9823
032 044 0.9823 0.4250 0.4250 0.4291
033 034 0.4291 0.9823 0.4250 0.4080
033 045 0.4291 0.4291 0.4080 0.4291
034 035 0.9823 0.4080 0.4291 0.4080
034 046 0.4291 0.4291 0.4291 0.4080
035 024 0.4291 0.4250 0.9823 0.4250
035 047 0.4291 0.4080 0.4250 0.4291
036 037 0.4250 0.4291 0.4250 0.9823
036 048 0.4250 0.4291 0.9823 0.4291
037 038 0.9823 0.4291 0.4291 0.4080
037 049 0.9823 0.9823 0.4250 0.4250
038 039 0.4250 0.4291 0.9823 0.4250
038 050 0.4291 0.4291 0.4080 0.9823
039 040 0.9823 0.4080 0.4080 0.4250
039 051 0.4250 0.4291 0.9823 0.4250
040 041 0.4291 0.4291 0.4291 0.4080
040 052 0.4291 0.4250 0.4080 0.4250
041 042 0.4080 0.4291 0.9823 0.9823
041 053 0.4291 0.4080 0.9823 0.4250
042 043 0.4291 0.9823 0.9823 0.4080
042 054 0.4291 0.9823 0.9823 0.4250
043 044 0.4250 0.4291 0.4291 0.4080
043 055 0.4291 0.4250 0.4291 0.4080
044 045 0.4250 0.4291 0.9823 0.4291
044 056 0.4080 0.4291 0.4080 0.4291
045 046 0.9823 0.4291 0.9823 0.4080
045 057 0.4080 0.4250 0.4080 0.9823
046 047 0.4291 0.4250 0.4080 0.4250
046 058 0.4250 0.9823 0.9823 0.4291
047 036 0.9823 0.4291 0.9823 0.9823
047 059 0.4250 0.4291 0.4250 0.9823
048 049 0.9823 0.9823 0.4291 0.4080
048 060 0.4250 0.4291 0.4250 0.4080
049 050 0.9823 0.4080 0.4250 0.9823
049 061 0.9823 0.9823 0.4250 0.4250
050 051 0.4080 0.4291 0.9823 0.4080
050 062 0.4080 0.4291 0.9823 0.4080
051 052 0.4080 0.4250 0.4250 0.9823
051 063 0.4291 0.4250 0.9823 0.4080
052 053 0.9823 0.4291 0.4080 0.9823
052 064 0.4291 0.4250 0.4250 0.4080
053 054 0.9823 0.4291 0.4080 0.4250
053 065 0.4250 0.4080 0.4080 0.4080
054 055 0.9823 0.9823 0.4250 0.4291
054 066 0.4291 0.4291 0.9823 0.4080
055 056 0.9823 0.9823 0.4291 0.4250
055 067 0.4250 0.4291 0.4250 0.9823
056 057 0.4080 0.9823 0.4250 0.4291
056 068 0.9823 0.4250 0.9823 0.4291
057 058 0.4291 0.4291 0.9823 0.4080
057 069 0.4291 0.9823 0.9823 0.4291
058 059 0.9823 0.9823 0.4291 0.4080
058 070 0.4291 0.9823 0.4250 0.4080
059 048 0.4080 0.9823 0.4080 0.4291
059 071 0.4291 0.4250 0.4080 0.4291
060 061 0.4291 0.9823 0.4250 0.4250
060 072 0.4250 0.4291 0.4250 0.9823
061 062 0.4080 0.9823 0.9823 0.9823
061 073 0.4291 0.4291 0.4250 0.9823
062 063 0.4080 0.4250 0.9823 0.9823
062 074 0.4291 0.4080 0.4250 0.4291
063 064 0.4250 0.4291 0.4291 0.9823
063 075 0.4250 0.4291 0.4250 0.9823
064 065 0.4080 0.4080 0.4250 0.4250
064 076 0.9823 0.4250 0.4291 0.4080
065 066 0.4080 0.4250 0.4291 0.4080
065 077 0.4291 0.9823 0.4250 0.9823
066 067 0.9823 0.9823 0.4080 0.4250
066 078 0.4080 0.4291 0.4080 0.9823
067 068 0.4291 0.4250 0.4080 0.9823
067 079 0.4291 0.4250 0.4291 0.4080
068 069 0.9823 0.4250 0.4080 0.4291
068 080 0.4250 0.9823 0.4291 0.4291
069 070 0.9823 0.9823 0.4250 0.4080
069 081 0.4250 0.4250 0.9823 0.4080
070 071 0.4080 0.4291 0.4291 0.4250
070 082 0.4291 0.4250 0.4250 0.4250
071 060 0.9823 0.4291 0.9823 0.4291
071 083 0.4250 0.4080 0.4250 0.9823
072 073 0.9823 0.4080 0.9823 0.4080
072 084 0.4080 0.4291 0.9823 0.4080
073 074 0.9823 0.4080 0.4291 0.4250
073 085 0.4291 0.4291 0.9823 0.4080
074 075 0.4291 0.4250 0.4080 0.9823
074 086 0.4250 0.4291 0.9823 0.9823
075 076 0.4250 0.4291 0.4291 0.4291
075 087 0.9823 0.4250 0.4291 0.9823
076 077 0.9823 0.4250 0.4291 0.9823
076 088 0.9823 0.4250 0.4080 0.4080
077 078 0.9823 0.4080 0.9823 0.9823
077 089 0.9823 0.4291 0.9823 0.4080
078 079 0.4080 0.4291 0.4291 0.4250
078 090 0.4291 0.9823 0.4291 0.9823
079 080 0.4250 0.4250 0.4250 0.4080
079 091 0.9823 0.9823 0.4080 0.9823
080 081 0.4250 0.4291 0.9823 0.4291
080 092 0.9823 0.4250 0.4250 0.9823
081 082 0.4250 0.4080 0.9823 0.4250
081 093 0.4080 0.4250 0.4250 0.9823
082 083 0.4250 0.4291 0.4080 0.9823
082 094 0.4291 0.4250 0.4250 0.4291
083 072 0.4250 0.9823 0.9823 0.4291
083 095 0.4250 0.9823 0.9823 0.4080
084 085 0.4291 0.9823 0.4291 0.9823
084 096 0.4080 0.4250 0.4080 0.4250
085 086 0.4250 0.4250 0.9823 0.4291
085 097 0.9823 0.4080 0.4080 0.4080
086 087 0.4291 0.9823 0.4291 0.9823
086 098 0.9823 0.4291 0.9823 0.4080
087 088 0.4080 0.4250 0.4250 0.4080
087 099 0.4250 0.4080 0.4250 0.4291
088 089 0.4080 0.4291 0.4080 0.4250
088 100 0.4291 0.4080 0.4250 0.4250
089 090 0.4250 0.9823 0.4291 0.4291
089 101 0.4250 0.9823 0.4080 0.4291
090 091 0.4250 0.9823 0.4250 0.4080
090 102 0.9823 0.4250 0.9823 0.9823
091 092 0.9823 0.4080 0.4250 0.4080
091 103 0.9823 0.4291 0.4080 0.4250
092 093 0.9823 0.9823 0.4080 0.9823
092 104 0.4291 0.4291 0.4291 0.9823
093 094 0.4080 0.9823 0.4080 0.4080
093 105 0.9823 0.9823 0.4080 0.9823
094 095 0.4250 0.4250 0.4291 0.9823
094 106 0.4080 0.4080 0.4250 0.9823
095 084 0.4291 0.4250 0.9823 0.4250
095 107 0.4080 0.4250 0.4250 0.4250
096 097 0.4080 0.4291 0.9823 0.4250
096 108 0.4291 0.9823 0.4080 0.4250
097 098 0.9823 0.4250 0.4250 0.4291
097 109 0.9823 0.4250 0.4291 0.4080
098 099 0.4291 0.4291 0.4291 0.4291
098 110 0.4080 0.4250 0.4291 0.9823
099 100 0.4291 0.9823 0.4250 0.4080
099 111 0.9823 0.4080 0.4080 0.4080
100 101 0.4291 0.9823 0.4080 0.4250
100 112 0.9823 0.4250 0.4080 0.9823
101 102 0.4080 0.4291 0.4291 0.4080
101 113 0.4080 0.4291 0.4291 0.4250
102 103 0.4291 0.4080 0.9823 0.4080
102 114 0.4250 0.4080 0.4291 0.9823
103 104 0.9823 0.4291 0.9823 0.9823
103 115 0.9823 0.9823 0.4291 0.4291
104 105 0.4291 0.4291 0.4250 0.9823
104 116 0.4291 0.4291 0.4250 0.4080
105 106 0.4080 0.9823 0.4080 0.9823
105 117 0.4080 0.4250 0.4080 0.4250
106 107 0.4291 0.4291 0.4080 0.4080
106 118 0.4250 0.9823 0.4291 0.9823
107 096 0.4291 0.9823 0.4080 0.4291
107 119 0.4080 0.9823 0.4080 0.4080
108 109 0.4080 0.4291 0.9823 0.4250
108 120 0.4080 0.4291 0.9823 0.4080
109 110 0.4250 0.4250 0.4250 0.4080
109 121 0.4250 0.4291 0.9823 0.4250
110 111 0.4291 0.4250 0.4291 0.9823
110 122 0.4250 0.4250 0.9823 0.4080
111 112 0.4080 0.9823 0.4291 0.4291
111 123 0.4080 0.4080 0.4080 0.4291
112 113 0.9823 0.4080 0.4080 0.9823
112 124 0.4250 0.4291 0.9823 0.4291
113 114 0.9823 0.9823 0.9823 0.4250
113 125 0.4291 0.4250 0.4250 0.9823
114 115 0.4291 0.4250 0.4080 0.4291
114 126 0.4250 0.9823 0.4291 0.4291
115 116 0.4291 0.9823 0.4250 0.4080
115 127 0.4080 0.4080 0.4250 0.4080
116 117 0.4291 0.4080 0.9823 0.9823
116 128 0.4080 0.4080 0.9823 0.4250
117 118 0.4080 0.4080 0.4291 0.4080
117 129 0.4250 0.4080 0.4291 0.9823
118 119 0.4291 0.4291 0.9823 0.4291
118 130 0.9823 0.4291 0.4291 0.4250
119 108 0.4080 0.4080 0.4291 0.4250
119 131 0.4250 0.4291 0.4250 0.4250
120 121 0.9823 0.4291 0.4250 0.4080
120 132 0.4080 0.4250 0.4250 0.4080
121 122 0.4291 0.9823 0.4291 0.9823
121 133 0.4080 0.9823 0.4250 0.9823
122 123 0.9823 0.9823 0.4250 0.4291
122 134 0.4291 0.4250 0.9823 0.4291
123 124 0.4291 0.4250 0.4080 0.9823
123 135 0.4080 0.4291 0.4291 0.4080
124 125 0.4250 0.4250 0.4250 0.4291
124 136 0.4291 0.4080 0.4250 0.4080
125 126 0.9823 0.4080 0.4291 0.4080
125 137 0.4250 0.4080 0.4291 0.4080
126 127 0.4080 0.4250 0.4250 0.4250
126 138 0.9823 0.4080 0.4291 0.4080
127 128 0.9823 0.4250 0.4080 0.4080
127 139 0.4291 0.9823 0.4250 0.4291
128 129 0.4080 0.4291 0.4250 0.4291
128 140 0.4080 0.4291 0.4080 0.4250
129 130 0.4291 0.4291 0.4080 0.4080
129 141 0.4291 0.4080 0.9823 0.4291
130 131 0.9823 0.4080 0.4080 0.4080
130 142 0.9823 0.4080 0.4291 0.4291
131 120 0.4080 0.4080 0.4291 0.4250
131 011 0.4291 0.9823 0.4250 0.9823
132 133 0.4080 0.4080 0.4250 0.4080
132 000 0.4291 0.9823 0.4291 0.4250
133 134 0.4291 0.9823 0.4250 0.4250
133 001 0.4250 0.4080 0.4250 0.4080
134 135 0.4080 0.4080 0.4291 0.9823
134 002 0.4250 0.9823 0.4291 0.4250
135 136 0.9823 0.4291 0.4291 0.4250
135 003 0.4080 0.4080 0.4291 0.4250
136 137 0.4080 0.9823 0.4250 0.4080
136 004 0.4080 0.4250 0.4291 0.4080
137 138 0.4250 0.9823 0.4291 0.4291
137 005 0.4080 0.9823 0.9823 0.4250
138 139 0.4080 0.4291 0.4291 0.4080
138 006 0.9823 0.4291 0.4250 0.4250
139 140 0.4250 0.4080 0.4080 0.4250
139 007 0.9823 0.4080 0.4080 0.4080
140 141 0.4250 0.4250 0.4250 0.4291
140 008 0.4291 0.4291 0.4080 0.4250
141 142 0.9823 0.9823 0.4250 0.4080
141 009 0.4291 0.4250 0.9823 0.9823
142 132 0.4291 0.4080 0.9823 0.4080
142 010 0.4080 0.4250 0.4080 0.4250
