143 002556 2 286
000 001 0.1892 0.3834 0.3834 0.1892
000 012 0.3834 0.3834 0.3439 0.1892
001 002 0.3439 0.1892 0.3439 0.3439
001 013 0.1892 0.1892 0.4119 0.3834
002 003 0.4119 0.4119 0.4119 0.1892
002 014 0.4119 0.3834 0.3834 0.4119
003 004 0.3834 0.1892 0.3439 0.4119
003 015 0.1892 0.4119 0.3834 0.4119
004 005 0.3834 0.1892 0.3439 0.4119
004 016 0.3834 0.3439 0.1892 0.3834
005 006 0.1892 0.1892 0.3439 0.3439
005 017 0.1892 0.3834 0.3439 0.1892
006 007 0.1892 0.3834 0.3439 0.3439
006 018 0.1892 0.4119 0.1892 0.3439
007 008 0.3834 0.4119 0.4119 0.1892
007 019 0.4119 0.4119 0.3439 0.1892
008 009 0.3439 0.3834 0.3834 0.3439
008 020 0.3834 0.1892 0.3834 0.4119
009 010 0.4119 0.1892 0.3439 0.3439
009 021 0.1892 0.3834 0.3834 0.1892
010 011 0.3439 0.3439 0.3834 0.1892
010 022 0.4119 0.1892 0.4119 0.4119
011 000 0.3834 0.3439 0.4119 0.3439
011 023 0.3834 0.3439 0.3834 0.3834
012 013 0.3439 0.4119 0.1892 0.3439
012 024 0.1892 0.4119 0.3439 0.3834
013 014 0.1892 0.4119 0.1892 0.3439
013 025 0.3834 0.3834 0.3834 0.3834
014 015 0.4119 0.4119 0.4119 0.1892
014 026 0.4119 0.3834 0.3439 0.1892
015 016 0.1892 0.3834 0.1892 0.1892
015 027 0.3834 0.3439 0.3439 0.4119
016 017 0.1892 0.4119 0.4119 0.4119
016 028 0.4119 0.1892 0.4119 0.3439
017 018 0.3834 0.3439 0.1892 0.3439
017 029 0.1892 0.3834 0.3439 0.3439
018 019 0.4119 0.3834 0.3834 0.1892
018 030 0.3834 0.3439 0.1892 0.3439
019 020 0.3834 0.4119 0.3439 0.3439
019 031 0.3834 0.1892 0.3834 0.4119
020 021 0.4119 0.4119 0.3439 0.3834
020 032 0.1892 0.1892 0.3439 0.1892
021 022 0.3439 0.1892 0.3834 0.1892
021 033 0.3834 0.4119 0.3439 0.3439
022 023 0.3834 0.1892 0.3439 0.4119
022 034 0.3439 0.3439 0.4119 0.3834
023 012 0.1892 0.3834 0.4119 0.3439
023 035 0.3834 0.4119 0.4119 0.4119
024 025 0.3834 0.3834 0.3439 0.1892
024 036 0.4119 0.4119 0.1892 0.3834
025 026 0.1892 0.1892 0.4119 0.3834
025 037 0.3834 0.4119 0.3834 0.3439
026 027 0.4119 0.3834 0.3834 0.1892
026 038 0.4119 0.4119 0.3439 0.3834
027 028 0.4119 0.1892 0.4119 0.4119
027 039 0.1892 0.1892 0.1892 0.3439
028 029 0.3834 0.1892 0.4119 0.1892
028 040 0.4119 0.3834 0.3439 0.1892
029 030 0.1892 0.3834 0.3834 0.1892
029 041 0.3439 0.3439 0.3439 0.3439
030 031 0.1892 0.1892 0.1892 0.4119
030 042 0.3439 0.1892 0.1892 0.1892
031 032 0.3834 0.4119 0.1892 0.3834
031 043 0.3439 0.1892 0.3834 0.4119
032 033 0.1892 0.3834 0.3834 0.3834
032 044 0.3439 0.4119 0.1892 0.1892
033 034 0.3834 0.3834 0.3834 0.3834
033 045 0.1892 0.3439 0.1892 0.3834
034 035 0.4119 0.3439 0.1892 0.3834
034 046 0.4119 0.4119 0.1892 0.3439
035 024 0.4119 0.4119 0.1892 0.4119
035 047 0.3439 0.1892 0.1892 0.3834
036 037 0.4119 0.3439 0.3834 0.4119
036 048 0.4119 0.3439 0.3834 0.1892
037 038 0.4119 0.1892 0.4119 0.3834
037 049 0.3834 0.3439 0.4119 0.1892
038 039 0.1892 0.1892 0.3834 0.4119
038 050 0.3834 0.3834 0.1892 0.1892
039 040 0.4119 0.3439 0.3834 0.3834
039 051 0.3834 0.3439 0.3834 0.3834
040 041 0.3439 0.3439 0.4119 0.1892
040 052 0.1892 0.1892 0.4119 0.1892
041 042 0.3439 0.1892 0.3439 0.3834
041 053 0.1892 0.4119 0.3834 0.3439
042 043 0.3439 0.3439 0.4119 0.4119
042 054 0.3439 0.3834 0.3439 0.1892
043 044 0.3834 0.3834 0.3439 0.1892
043 055 0.1892 0.3439 0.3439 0.3834
044 045 0.1892 0.1892 0.3834 0.3439
044 056 0.1892 0.3834 0.3439 0.3834
045 046 0.3439 0.1892 0.3439 0.3834
045 057 0.3834 0.3834 0.3834 0.1892
046 047 0.4119 0.4119 0.3834 0.3834
046 058 0.4119 0.3439 0.3834 0.3439
047 036 0.4119 0.3439 0.3834 0.3439
047 059 0.3439 0.3439 0.4119 0.4119
048 049 0.1892 0.3439 0.1892 0.4119
048 060 0.3834 0.3439 0.3439 0.3834
049 050 0.3439 0.3439 0.3439 0.3439
049 061 0.4119 0.1892 0.1892 0.3439
050 051 0.4119 0.3439 0.3834 0.3834
050 062 0.1892 0.3439 0.1892 0.4119
051 052 0.4119 0.4119 0.4119 0.3439
051 063 0.3834 0.4119 0.3834 0.3439
052 053 0.4119 0.3834 0.1892 0.3834
052 064 0.1892 0.3439 0.4119 0.3439
053 054 0.3439 0.4119 0.1892 0.1892
053 065 0.4119 0.3439 0.1892 0.3439
054 055 0.3834 0.3834 0.1892 0.1892
054 066 0.4119 0.1892 0.1892 0.3834
055 056 0.3439 0.4119 0.3439 0.4119
055 067 0.1892 0.3439 0.3439 0.1892
056 057 0.4119 0.4119 0.3439 0.3439
056 068 0.4119 0.3834 0.3439 0.4119
057 058 0.3834 0.4119 0.3834 0.4119
057 069 0.3834 0.3439 0.3439 0.3439
058 059 0.1892 0.3834 0.3439 0.3439
058 070 0.3834 0.3439 0.1892 0.3439
059 048 0.3439 0.1892 0.3834 0.3834
059 071 0.3834 0.1892 0.3834 0.3439
060 061 0.3439 0.1892 0.3834 0.3834
060 072 0.3834 0.4119 0.4119 0.3439
061 062 0.4119 0.3834 0.1892 0.3834
061 073 0.4119 0.3834 0.3834 0.3439
062 063 0.3439 0.3834 0.1892 0.3834
062 074 0.4119 0.1892 0.4119 0.1892
063 064 0.3834 0.1892 0.4119 0.3439
063 075 0.3439 0.3834 0.4119 0.1892
064 065 0.3439 0.3439 0.4119 0.4119
064 076 0.3834 0.3834 0.3834 0.4119
065 066 0.3439 0.3834 0.3834 0.4119
065 077 0.3834 0.3439 0.3439 0.3439
066 067 0.3834 0.3439 0.1892 0.4119
066 078 0.3834 0.1892 0.1892 0.3439
067 068 0.1892 0.1892 0.4119 0.4119
067 079 0.4119 0.3439 0.3834 0.4119
068 069 0.1892 0.3834 0.3834 0.3439
068 080 0.1892 0.3834 0.4119 0.3834
069 070 0.3439 0.4119 0.1892 0.1892
069 081 0.1892 0.4119 0.4119 0.4119
070 071 0.3834 0.1892 0.1892 0.4119
070 082 0.1892 0.4119 0.4119 0.4119
071 060 0.3834 0.4119 0.3439 0.4119
071 083 0.1892 0.3834 0.1892 0.1892
072 073 0.3439 0.1892 0.3439 0.4119
072 084 0.3834 0.1892 0.3439 0.3834
073 074 0.1892 0.3439 0.3439 0.3834
073 085 0.1892 0.3439 0.1892 0.1892
074 075 0.1892 0.3834 0.3834 0.3439
074 086 0.3439 0.3834 0.1892 0.1892
075 076 0.1892 0.3834 0.3834 0.3834
075 087 0.4119 0.3834 0.3439 0.1892
076 077 0.1892 0.3834 0.1892 0.3439
076 088 0.4119 0.3834 0.1892 0.3439
077 078 0.4119 0.4119 0.1892 0.1892
077 089 0.1892 0.1892 0.3834 0.3834
078 079 0.4119 0.1892 0.1892 0.3834
078 090 0.4119 0.1892 0.3834 0.4119
079 080 0.4119 0.4119 0.1892 0.4119
079 091 0.4119 0.4119 0.3439 0.3439
080 081 0.1892 0.3439 0.4119 0.4119
080 092 0.3439 0.4119 0.1892 0.1892
081 082 0.3834 0.4119 0.1892 0.3834
081 093 0.3834 0.4119 0.3834 0.4119
082 083 0.4119 0.3439 0.4119 0.1892
082 094 0.3834 0.4119 0.3439 0.4119
083 072 0.3834 0.1892 0.3834 0.3439
083 095 0.3439 0.4119 0.4119 0.3439
084 085 0.3439 0.3439 0.4119 0.3834
084 096 0.1892 0.3439 0.4119 0.3439
085 086 0.3834 0.1892 0.3834 0.3834
085 097 0.1892 0.3834 0.3439 0.3834
086 087 0.3439 0.4119 0.3834 0.1892
086 098 0.3439 0.3439 0.1892 0.4119
087 088 0.3439 0.1892 0.3439 0.1892
087 099 0.3834 0.3834 0.3834 0.3439
088 089 0.4119 0.4119 0.4119 0.4119
088 100 0.3834 0.1892 0.4119 0.1892
089 090 0.3834 0.3439 0.3439 0.1892
089 101 0.3439 0.4119 0.1892 0.3439
090 091 0.3834 0.4119 0.3834 0.1892
090 102 0.1892 0.3834 0.1892 0.4119
091 092 0.1892 0.1892 0.4119 0.3439
091 103 0.3834 0.3834 0.4119 0.3439
092 093 0.4119 0.3439 0.4119 0.1892
092 104 0.4119 0.3439 0.1892 0.3834
093 094 0.1892 0.3439 0.3834 0.3834
093 105 0.4119 0.3834 0.4119 0.4119
094 095 0.3439 0.3439 0.4119 0.1892
094 106 0.4119 0.3439 0.4119 0.3834
095 084 0.3834 0.4119 0.4119 0.1892
095 107 0.1892 0.4119 0.3439 0.4119
096 097 0.3439 0.3834 0.4119 0.3834
096 108 0.1892 0.4119 0.3439 0.3834
097 098 0.3439 0.3439 0.4119 0.1892
097 109 0.4119 0.4119 0.1892 0.3439
098 099 0.4119 0.3834 0.4119 0.3439
098 110 0.3834 0.4119 0.3439 0.3834
099 100 0.3834 0.1892 0.1892 0.4119
099 111 0.4119 0.1892 0.1892 0.4119
100 101 0.4119 0.3834 0.3834 0.1892
100 112 0.1892 0.3439 0.3439 0.3834
101 102 0.4119 0.1892 0.3439 0.3834
101 113 0.3834 0.3834 0.3439 0.4119
102 103 0.3439 0.1892 0.3439 0.4119
102 114 0.3439 0.3439 0.3834 0.3834
103 104 0.3439 0.4119 0.4119 0.4119
103 115 0.1892 0.3834 0.4119 0.1892
104 105 0.4119 0.3834 0.4119 0.3439
104 116 0.3834 0.3439 0.3439 0.3834
105 106 0.3439 0.4119 0.1892 0.4119
105 117 0.3439 0.3834 0.3439 0.1892
106 107 0.3834 0.1892 0.1892 0.3834
106 118 0.3834 0.3439 0.3834 0.1892
107 096 0.3834 0.3834 0.4119 0.3834
107 119 0.4119 0.3439 0.3834 0.3439
108 109 0.1892 0.1892 0.3834 0.4119
108 120 0.1892 0.1892 0.3439 0.3439
109 110 0.4119 0.1892 0.4119 0.3834
109 121 0.3439 0.3834 0.4119 0.3439
110 111 0.3439 0.4119 0.3834 0.1892
110 122 0.3439 0.4119 0.3834 0.1892
111 112 0.4119 0.4119 0.3834 0.3834
111 123 0.3834 0.4119 0.4119 0.3834
112 113 0.1892 0.1892 0.4119 0.4119
112 124 0.1892 0.3439 0.3439 0.3834
113 114 0.3834 0.3834 0.1892 0.3834
113 125 0.3834 0.3834 0.3834 0.3439
114 115 0.4119 0.3439 0.1892 0.4119
114 126 0.3439 0.1892 0.1892 0.1892
115 116 0.3439 0.4119 0.3439 0.1892
115 127 0.3439 0.3834 0.3834 0.3439
116 117 0.4119 0.1892 0.3834 0.3834
116 128 0.4119 0.1892 0.1892 0.4119
117 118 0.3439 0.3834 0.3439 0.1892
117 129 0.4119 0.4119 0.1892 0.4119
118 119 0.4119 0.3439 0.3439 0.1892
118 130 0.3834 0.1892 0.3834 0.3439
119 108 0.1892 0.3439 0.1892 0.4119
119 131 0.3439 0.3834 0.4119 0.3834
120 121 0.3834 0.3834 0.4119 0.1892
120 132 0.1892 0.3834 0.4119 0.3439
121 122 0.1892 0.3439 0.3439 0.3439
121 133 0.4119 0.3834 0.4119 0.4119
122 123 0.1892 0.4119 0.1892 0.3834
122 134 0.3834 0.3834 0.3439 0.3439
123 124 0.4119 0.1892 0.4119 0.3834
123 135 0.3834 0.4119 0.1892 0.3834
124 125 0.3834 0.4119 0.4119 0.3834
124 136 0.3834 0.3439 0.1892 0.4119
125 126 0.3834 0.3439 0.3439 0.1892
125 137 0.3439 0.1892 0.3439 0.3834
126 127 0.4119 0.3439 0.1892 0.4119
126 138 0.4119 0.4119 0.3439 0.4119
127 128 0.3439 0.4119 0.3834 0.3834
127 139 0.1892 0.4119 0.3834 0.3834
128 129 0.1892 0.3834 0.3834 0.3834
128 140 0.3439 0.4119 0.3439 0.4119
129 130 0.3834 0.4119 0.4119 0.1892
129 141 0.3834 0.3439 0.3834 0.3834
130 131 0.3834 0.3439 0.3834 0.4119
130 142 0.3439 0.3439 0.4119 0.3834
131 120 0.4119 0.4119 0.1892 0.4119
131 011 0.4119 0.3439 0.3439 0.3834
132 133 0.3439 0.4119 0.3834 0.1892
132 000 0.3439 0.4119 0.3834 0.1892
133 134 0.3439 0.1892 0.4119 0.3834
133 001 0.1892 0.4119 0.3834 0.3439
134 135 0.1892 0.4119 0.4119 0.4119
134 002 0.3834 0.4119 0.1892 0.1892
135 136 0.3834 0.4119 0.1892 0.4119
135 003 0.1892 0.3439 0.3439 0.3834
136 137 0.1892 0.1892 0.3834 0.3439
136 004 0.1892 0.3439 0.3834 0.1892
137 138 0.4119 0.3439 0.3834 0.3439
137 005 0.1892 0.3834 0.4119 0.4119
138 139 0.3439 0.1892 0.3834 0.1892
138 006 0.3834 0.3439 0.3439 0.3439
139 140 0.1892 0.4119 0.3439 0.3834
139 007 0.1892 0.3834 0.3439 0.3834
140 141 0.1892 0.3439 0.3439 0.3439
140 008 0.3834 0.1892 0.1892 0.3439
141 142 0.1892 0.3439 0.3439 0.4119
141 009 0.3834 0.3439 0.1892 0.1892
142 132 0.3834 0.3439 0.4119 0.4119
142 010 0.3834 0.3834 0.3834 0.3439
