143 002556 2 286
000 001 0.3497 0.2236 0.2866 0.4295
000 012 0.3497 0.2236 0.3497 0.2236
001 002 0.4295 0.2236 0.2866 0.4295
001 013 0.2866 0.2866 0.2866 0.4295
002 003 0.4295 0.2236 0.3497 0.2866
002 014 0.3497 0.3497 0.2236 0.2866
003 004 0.2236 0.4295 0.2866 0.3497
003 015 0.2866 0.2236 0.2236 0.4295
004 005 0.3497 0.3497 0.4295 0.3497
004 016 0.2866 0.2866 0.4295 0.2236
005 006 0.2866 0.2866 0.4295 0.2866
005 017 0.2236 0.2866 0.3497 0.2866
006 007 0.4295 0.4295 0.3497 0.3497
006 018 0.2236 0.4295 0.2866 0.2236
007 008 0.4295 0.3497 0.2236 0.3497
007 019 0.4295 0.2236 0.3497 0.2866
008 009 0.2866 0.4295 0.3497 0.3497
008 020 0.2866 0.4295 0.4295 0.3497
009 010 0.2236 0.3497 0.3497 0.2866
009 021 0.2236 0.4295 0.3497 0.4295
010 011 0.4295 0.3497 0.3497 0.2236
010 022 0.3497 0.2236 0.3497 0.2236
011 000 0.3497 0.2866 0.2236 0.3497
011 023 0.3497 0.4295 0.3497 0.2866
012 013 0.2236 0.2866 0.4295 0.4295
012 024 0.2866 0.3497 0.3497 0.2866
013 014 0.2236 0.2236 0.2866 0.2866
013 025 0.3497 0.2236 0.3497 0.2866
014 015 0.3497 0.4295 0.4295 0.3497
014 026 0.2866 0.2866 0.4295 0.2866
015 016 0.2236 0.2866 0.3497 0.2866
015 027 0.2866 0.4295 0.2236 0.2866
016 017 0.2866 0.2866 0.2236 0.3497
016 028 0.2866 0.2866 0.4295 0.3497
017 018 0.3497 0.4295 0.3497 0.4295
017 029 0.2236 0.3497 0.2866 0.3497
018 019 0.4295 0.3497 0.4295 0.4295
018 030 0.4295 0.3497 0.2236 0.4295
019 020 0.4295 0.2866 0.3497 0.4295
019 031 0.4295 0.4295 0.4295 0.2236
020 021 0.2866 0.4295 0.2236 0.4295
020 032 0.3497 0.2866 0.4295 0.4295
021 022 0.2866 0.3497 0.2236 0.3497
021 033 0.2236 0.2866 0.3497 0.3497
022 023 0.2866 0.3497 0.4295 0.2866
022 034 0.2866 0.2236 0.2866 0.4295
023 012 0.4295 0.2236 0.2866 0.2866
023 035 0.4295 0.3497 0.3497 0.4295
024 025 0.4295 0.4295 0.2236 0.2866
024 036 0.4295 0.2866 0.2866 0.2866
025 026 0.3497 0.3497 0.2866 0.2866
025 037 0.3497 0.3497 0.4295 0.2236
026 027 0.4295 0.4295 0.4295 0.2236
026 038 0.3497 0.2866 0.4295 0.3497
027 028 0.4295 0.3497 0.2866 0.2866
027 039 0.3497 0.2236 0.3497 0.3497
028 029 0.3497 0.4295 0.3497 0.4295
028 040 0.3497 0.2866 0.2236 0.3497
029 030 0.4295 0.2866 0.4295 0.2236
029 041 0.2866 0.3497 0.3497 0.4295
030 031 0.2236 0.3497 0.4295 0.2236
030 042 0.3497 0.4295 0.3497 0.4295
031 032 0.4295 0.2236 0.2866 0.3497
031 043 0.3497 0.3497 0.2866 0.4295
032 033 0.2866 0.4295 0.3497 0.3497
032 044 0.3497 0.3497 0.2236 0.4295
033 034 0.2866 0.2866 0.2236 0.2236
033 045 0.4295 0.2866 0.4295 0.2866
034 035 0.2236 0.2236 0.4295 0.4295
034 046 0.4295 0.3497 0.3497 0.2236
035 024 0.3497 0.4295 0.2866 0.2236
035 047 0.2236 0.3497 0.2866 0.4295
036 037 0.2236 0.2866 0.2866 0.2236
036 048 0.2236 0.2866 0.2866 0.2866
037 038 0.4295 0.2866 0.2236 0.3497
037 049 0.4295 0.3497 0.3497 0.2866
038 039 0.3497 0.2236 0.4295 0.4295
038 050 0.2236 0.2866 0.3497 0.2866
039 040 0.2866 0.2866 0.4295 0.4295
039 051 0.3497 0.2236 0.4295 0.4295
040 041 0.2866 0.2866 0.2236 0.2866
040 052 0.4295 0.3497 0.4295 0.2236
041 042 0.2866 0.3497 0.2866 0.3497
041 053 0.3497 0.2866 0.2236 0.3497
042 043 0.2236 0.2236 0.2866 0.2236
042 054 0.3497 0.3497 0.4295 0.2866
043 044 0.2866 0.2866 0.2866 0.2866
043 055 0.2236 0.2236 0.2236 0.2866
044 045 0.2866 0.4295 0.3497 0.2236
044 056 0.2866 0.2866 0.4295 0.3497
045 046 0.4295 0.2236 0.2236 0.2866
045 057 0.2866 0.3497 0.2236 0.4295
046 047 0.3497 0.4295 0.3497 0.3497
046 058 0.2866 0.2866 0.2236 0.2866
047 036 0.3497 0.4295 0.3497 0.3497
047 059 0.2236 0.4295 0.2236 0.2866
048 049 0.2866 0.2866 0.4295 0.2236
048 060 0.2866 0.2236 0.3497 0.3497
049 050 0.3497 0.2236 0.2866 0.4295
049 061 0.2236 0.4295 0.2236 0.2236
050 051 0.2866 0.3497 0.2866 0.2236
050 062 0.2866 0.2236 0.2866 0.4295
051 052 0.3497 0.2236 0.3497 0.2866
051 063 0.3497 0.2866 0.3497 0.4295
052 053 0.3497 0.2236 0.4295 0.2236
052 064 0.4295 0.3497 0.2866 0.4295
053 054 0.2236 0.3497 0.4295 0.3497
053 065 0.2866 0.3497 0.3497 0.3497
054 055 0.2866 0.3497 0.2866 0.3497
054 066 0.4295 0.2866 0.2866 0.3497
055 056 0.2236 0.2866 0.3497 0.2236
055 067 0.2866 0.3497 0.3497 0.3497
056 057 0.4295 0.2866 0.3497 0.2236
056 068 0.4295 0.4295 0.2236 0.2866
057 058 0.3497 0.3497 0.2866 0.2236
057 069 0.3497 0.4295 0.4295 0.3497
058 059 0.2866 0.4295 0.2866 0.3497
058 070 0.4295 0.4295 0.2236 0.3497
059 048 0.4295 0.3497 0.4295 0.4295
059 071 0.4295 0.2236 0.2236 0.3497
060 061 0.2866 0.2236 0.2866 0.2236
060 072 0.3497 0.2866 0.3497 0.2236
061 062 0.2236 0.2236 0.2236 0.3497
061 073 0.2236 0.4295 0.2236 0.2236
062 063 0.4295 0.4295 0.4295 0.2866
062 074 0.2236 0.2236 0.2866 0.4295
063 064 0.2866 0.2236 0.3497 0.3497
063 075 0.4295 0.4295 0.3497 0.2866
064 065 0.3497 0.3497 0.3497 0.3497
064 076 0.2236 0.2236 0.3497 0.3497
065 066 0.3497 0.2236 0.2236 0.2866
065 077 0.2236 0.3497 0.4295 0.4295
066 067 0.4295 0.3497 0.4295 0.4295
066 078 0.2236 0.2236 0.3497 0.2866
067 068 0.3497 0.3497 0.4295 0.4295
067 079 0.4295 0.3497 0.2236 0.2236
068 069 0.2236 0.2236 0.3497 0.4295
068 080 0.4295 0.3497 0.2236 0.2866
069 070 0.2866 0.2236 0.2866 0.4295
069 081 0.2866 0.2866 0.4295 0.2236
070 071 0.2236 0.2866 0.4295 0.3497
070 082 0.3497 0.3497 0.4295 0.3497
071 060 0.2866 0.3497 0.2236 0.2866
071 083 0.3497 0.3497 0.3497 0.3497
072 073 0.2236 0.3497 0.3497 0.2236
072 084 0.4295 0.2236 0.3497 0.4295
073 074 0.3497 0.2866 0.4295 0.2236
073 085 0.3497 0.3497 0.2866 0.2866
074 075 0.3497 0.2236 0.4295 0.2866
074 086 0.2866 0.2866 0.4295 0.2236
075 076 0.2866 0.2236 0.2236 0.3497
075 087 0.3497 0.3497 0.4295 0.2866
076 077 0.2866 0.4295 0.2866 0.2236
076 088 0.4295 0.4295 0.2866 0.2866
077 078 0.2866 0.2866 0.2866 0.2866
077 089 0.2236 0.3497 0.4295 0.2236
078 079 0.2236 0.4295 0.4295 0.3497
078 090 0.2236 0.4295 0.3497 0.4295
079 080 0.3497 0.4295 0.2866 0.2866
079 091 0.2866 0.2236 0.4295 0.3497
080 081 0.4295 0.2866 0.2866 0.3497
080 092 0.2236 0.4295 0.2236 0.4295
081 082 0.4295 0.4295 0.3497 0.4295
081 093 0.3497 0.4295 0.2236 0.4295
082 083 0.4295 0.3497 0.4295 0.2866
082 094 0.2866 0.2236 0.4295 0.3497
083 072 0.2866 0.3497 0.4295 0.4295
083 095 0.2866 0.4295 0.4295 0.2236
084 085 0.2236 0.4295 0.2236 0.4295
084 096 0.2866 0.2236 0.2236 0.2236
085 086 0.2866 0.4295 0.2866 0.3497
085 097 0.2236 0.4295 0.3497 0.2866
086 087 0.3497 0.2236 0.2866 0.3497
086 098 0.2236 0.2866 0.2866 0.3497
087 088 0.2236 0.2866 0.4295 0.4295
087 099 0.3497 0.2236 0.2236 0.2866
088 089 0.3497 0.3497 0.2236 0.2866
088 100 0.4295 0.4295 0.2866 0.3497
089 090 0.2866 0.2236 0.2866 0.2866
089 101 0.2866 0.4295 0.4295 0.2236
090 091 0.2236 0.3497 0.3497 0.2236
090 102 0.3497 0.2236 0.3497 0.4295
091 092 0.3497 0.2866 0.2866 0.3497
091 103 0.3497 0.4295 0.4295 0.2866
092 093 0.2866 0.4295 0.4295 0.2866
092 104 0.2236 0.4295 0.2866 0.3497
093 094 0.2866 0.2236 0.2236 0.3497
093 105 0.4295 0.4295 0.4295 0.2866
094 095 0.2236 0.3497 0.3497 0.3497
094 106 0.2236 0.3497 0.2236 0.2866
095 084 0.2866 0.2866 0.4295 0.2866
095 107 0.2236 0.2236 0.4295 0.3497
096 097 0.3497 0.4295 0.3497 0.2236
096 108 0.3497 0.4295 0.2236 0.4295
097 098 0.2866 0.4295 0.3497 0.4295
097 109 0.3497 0.4295 0.3497 0.2236
098 099 0.3497 0.4295 0.2236 0.2866
098 110 0.4295 0.4295 0.2236 0.4295
099 100 0.2236 0.4295 0.2236 0.2866
099 111 0.3497 0.2866 0.4295 0.2866
100 101 0.2236 0.2866 0.2236 0.2236
100 112 0.2236 0.2866 0.3497 0.4295
101 102 0.4295 0.4295 0.4295 0.4295
101 113 0.2236 0.3497 0.4295 0.2866
102 103 0.2236 0.2236 0.4295 0.2866
102 114 0.4295 0.2866 0.4295 0.3497
103 104 0.4295 0.3497 0.2236 0.2866
103 115 0.2236 0.2236 0.3497 0.4295
104 105 0.3497 0.4295 0.2866 0.4295
104 116 0.2236 0.3497 0.2866 0.2866
105 106 0.2236 0.2236 0.4295 0.4295
105 117 0.3497 0.3497 0.2866 0.4295
106 107 0.2236 0.2236 0.4295 0.3497
106 118 0.3497 0.2236 0.3497 0.2866
107 096 0.4295 0.2236 0.2236 0.2866
107 119 0.2236 0.3497 0.2236 0.4295
108 109 0.2866 0.3497 0.4295 0.2866
108 120 0.3497 0.3497 0.2236 0.3497
109 110 0.2236 0.4295 0.3497 0.2236
109 121 0.2866 0.3497 0.4295 0.2866
110 111 0.2866 0.3497 0.2866 0.4295
110 122 0.4295 0.3497 0.2866 0.3497
111 112 0.4295 0.3497 0.4295 0.4295
111 123 0.2866 0.4295 0.4295 0.4295
112 113 0.2866 0.4295 0.3497 0.2236
112 124 0.2236 0.3497 0.4295 0.4295
113 114 0.4295 0.2236 0.3497 0.3497
113 125 0.2236 0.2236 0.2866 0.2236
114 115 0.2236 0.4295 0.2866 0.4295
114 126 0.3497 0.4295 0.4295 0.4295
115 116 0.3497 0.2866 0.4295 0.2866
115 127 0.3497 0.4295 0.2866 0.2866
116 117 0.2866 0.2866 0.2236 0.2866
116 128 0.4295 0.2236 0.3497 0.3497
117 118 0.2236 0.2866 0.2236 0.3497
117 129 0.3497 0.2236 0.2866 0.3497
118 119 0.4295 0.3497 0.2866 0.4295
118 130 0.4295 0.2866 0.4295 0.4295
119 108 0.4295 0.2236 0.2866 0.3497
119 131 0.2866 0.2866 0.2236 0.2866
120 121 0.2866 0.4295 0.2866 0.2236
120 132 0.2236 0.3497 0.3497 0.2236
121 122 0.4295 0.2866 0.2866 0.2236
121 133 0.4295 0.2866 0.2866 0.3497
122 123 0.3497 0.4295 0.2236 0.2236
122 134 0.2236 0.4295 0.3497 0.3497
123 124 0.2236 0.4295 0.3497 0.2236
123 135 0.3497 0.2236 0.2236 0.2236
124 125 0.2866 0.4295 0.3497 0.2236
124 136 0.2236 0.4295 0.2236 0.4295
125 126 0.2866 0.2236 0.4295 0.2236
125 137 0.4295 0.2866 0.2866 0.2866
126 127 0.2236 0.4295 0.3497 0.4295
126 138 0.2236 0.4295 0.4295 0.2866
127 128 0.2236 0.3497 0.2236 0.2866
127 139 0.2866 0.3497 0.3497 0.3497
128 129 0.2866 0.3497 0.2866 0.3497
128 140 0.4295 0.2866 0.2866 0.2236
129 130 0.3497 0.2866 0.3497 0.2236
129 141 0.4295 0.3497 0.2866 0.2236
130 131 0.4295 0.2866 0.3497 0.4295
130 142 0.2866 0.2866 0.2236 0.2866
131 120 0.2236 0.2236 0.3497 0.2236
131 011 0.3497 0.2236 0.2866 0.4295
132 133 0.4295 0.4295 0.2236 0.3497
132 000 0.2866 0.2236 0.2866 0.2236
133 134 0.4295 0.4295 0.3497 0.4295
133 001 0.3497 0.3497 0.4295 0.4295
134 135 0.4295 0.4295 0.4295 0.2236
134 002 0.4295 0.2236 0.2236 0.4295
135 136 0.4295 0.3497 0.3497 0.2866
135 003 0.3497 0.2236 0.2236 0.2866
136 137 0.3497 0.3497 0.2236 0.2866
136 004 0.3497 0.2236 0.2866 0.2866
137 138 0.2866 0.2866 0.2866 0.2236
137 005 0.4295 0.2866 0.4295 0.4295
138 139 0.3497 0.2866 0.3497 0.2866
138 006 0.2236 0.4295 0.4295 0.4295
139 140 0.2866 0.3497 0.3497 0.2866
139 007 0.2866 0.4295 0.2236 0.3497
140 141 0.2236 0.2236 0.4295 0.2236
140 008 0.2236 0.4295 0.2866 0.4295
141 142 0.2236 0.2236 0.3497 0.4295
141 009 0.2866 0.2236 0.4295 0.4295
142 132 0.2866 0.3497 0.2866 0.2236
142 010 0.2236 0.2866 0.2236 0.3497
