143 002556 2 286
000 001 0.9616 0.8021 0.9616 0.9616
000 012 0.1896 0.1896 0.2467 0.2467
001 002 0.2467 0.2467 0.8021 0.1896
001 013 0.2467 0.9616 0.2467 0.2467
002 003 0.1896 0.2467 0.2467 0.2467
002 014 0.2467 0.2467 0.9616 0.8021
003 004 0.8021 0.2467 0.9616 0.2467
003 015 0.8021 0.8021 0.9616 0.8021
004 005 0.1896 0.1896 0.1896 0.9616
004 016 0.8021 0.8021 0.9616 0.1896
005 006 0.1896 0.1896 0.8021 0.9616
005 017 0.2467 0.9616 0.2467 0.9616
006 007 0.2467 0.1896 0.8021 0.8021
006 018 0.2467 0.8021 0.1896 0.1896
007 008 0.2467 0.9616 0.2467 0.2467
007 019 0.9616 0.2467 0.8021 0.2467
008 009 0.1896 0.2467 0.1896 0.2467
008 020 0.8021 0.1896 0.8021 0.8021
009 010 0.8021 0.2467 0.9616 0.9616
009 021 0.8021 0.1896 0.8021 0.9616
010 011 0.8021 0.9616 0.2467 0.8021
010 022 0.2467 0.8021 0.1896 0.1896
011 000 0.9616 0.1896 0.8021 0.2467
011 023 0.9616 0.9616 0.2467 0.9616
012 013 0.2467 0.8021 0.2467 0.1896
012 024 0.1896 0.9616 0.1896 0.9616
013 014 0.2467 0.9616 0.1896 0.1896
013 025 0.2467 0.1896 0.9616 0.8021
014 015 0.9616 0.1896 0.8021 0.2467
014 026 0.1896 0.8021 0.1896 0.2467
015 016 0.2467 0.9616 0.1896 0.1896
015 027 0.2467 0.9616 0.2467 0.2467
016 017 0.8021 0.1896 0.2467 0.9616
016 028 0.9616 0.2467 0.1896 0.8021
017 018 0.8021 0.9616 0.9616 0.8021
017 029 0.2467 0.9616 0.8021 0.9616
018 019 0.1896 0.9616 0.2467 0.2467
018 030 0.8021 0.8021 0.1896 0.9616
019 020 0.2467 0.8021 0.1896 0.9616
019 031 0.2467 0.8021 0.8021 0.2467
020 021 0.9616 0.2467 0.2467 0.1896
020 032 0.1896 0.2467 0.2467 0.1896
021 022 0.8021 0.8021 0.1896 0.1896
021 033 0.2467 0.2467 0.9616 0.2467
022 023 0.2467 0.2467 0.1896 0.8021
022 034 0.2467 0.8021 0.1896 0.2467
023 012 0.2467 0.9616 0.1896 0.2467
023 035 0.8021 0.8021 0.1896 0.9616
024 025 0.1896 0.1896 0.1896 0.8021
024 036 0.2467 0.8021 0.2467 0.9616
025 026 0.2467 0.8021 0.8021 0.1896
025 037 0.2467 0.9616 0.8021 0.1896
026 027 0.1896 0.9616 0.9616 0.2467
026 038 0.8021 0.2467 0.9616 0.1896
027 028 0.2467 0.1896 0.9616 0.8021
027 039 0.2467 0.2467 0.8021 0.1896
028 029 0.9616 0.1896 0.2467 0.2467
028 040 0.2467 0.2467 0.2467 0.9616
029 030 0.8021 0.8021 0.9616 0.9616
029 041 0.9616 0.8021 0.8021 0.8021
030 031 0.2467 0.1896 0.2467 0.2467
030 042 0.2467 0.9616 0.2467 0.8021
031 032 0.8021 0.8021 0.1896 0.8021
031 043 0.9616 0.2467 0.2467 0.2467
032 033 0.9616 0.1896 0.1896 0.8021
032 044 0.9616 0.8021 0.1896 0.8021
033 034 0.1896 0.2467 0.8021 0.2467
033 045 0.1896 0.2467 0.2467 0.9616
034 035 0.8021 0.8021 0.9616 0.1896
034 046 0.2467 0.9616 0.8021 0.9616
035 024 0.2467 0.8021 0.1896 0.2467
035 047 0.1896 0.8021 0.1896 0.8021
036 037 0.9616 0.1896 0.1896 0.8021
036 048 0.1896 0.2467 0.8021 0.8021
037 038 0.2467 0.2467 0.8021 0.9616
037 049 0.1896 0.1896 0.8021 0.2467
038 039 0.2467 0.2467 0.9616 0.1896
038 050 0.9616 0.2467 0.1896 0.2467
039 040 0.9616 0.9616 0.1896 0.2467
039 051 0.2467 0.2467 0.1896 0.2467
040 041 0.8021 0.8021 0.2467 0.1896
040 052 0.9616 0.8021 0.9616 0.9616
041 042 0.8021 0.2467 0.2467 0.9616
041 053 0.8021 0.2467 0.8021 0.9616
042 043 0.2467 0.2467 0.8021 0.9616
042 054 0.8021 0.8021 0.1896 0.8021
043 044 0.1896 0.8021 0.9616 0.1896
043 055 0.2467 0.1896 0.9616 0.8021
044 045 0.1896 0.2467 0.9616 0.1896
044 056 0.9616 0.1896 0.8021 0.8021
045 046 0.8021 0.2467 0.8021 0.2467
045 057 0.8021 0.8021 0.1896 0.1896
046 047 0.2467 0.1896 0.1896 0.2467
046 058 0.1896 0.1896 0.1896 0.9616
047 036 0.8021 0.9616 0.1896 0.8021
047 059 0.1896 0.2467 0.9616 0.1896
048 049 0.8021 0.1896 0.2467 0.2467
048 060 0.9616 0.9616 0.8021 0.8021
049 050 0.1896 0.8021 0.9616 0.9616
049 061 0.8021 0.1896 0.2467 0.2467
050 051 0.1896 0.1896 0.9616 0.2467
050 062 0.9616 0.8021 0.2467 0.1896
051 052 0.8021 0.8021 0.2467 0.9616
051 063 0.9616 0.8021 0.8021 0.1896
052 053 0.1896 0.1896 0.2467 0.8021
052 064 0.2467 0.2467 0.8021 0.2467
053 054 0.1896 0.9616 0.8021 0.8021
053 065 0.1896 0.2467 0.9616 0.2467
054 055 0.2467 0.9616 0.8021 0.1896
054 066 0.9616 0.1896 0.1896 0.2467
055 056 0.1896 0.8021 0.2467 0.9616
055 067 0.1896 0.2467 0.8021 0.2467
056 057 0.1896 0.8021 0.9616 0.9616
056 068 0.1896 0.2467 0.8021 0.1896
057 058 0.8021 0.1896 0.9616 0.9616
057 069 0.1896 0.2467 0.1896 0.2467
058 059 0.9616 0.1896 0.8021 0.1896
058 070 0.2467 0.2467 0.1896 0.2467
059 048 0.2467 0.9616 0.8021 0.1896
059 071 0.2467 0.1896 0.8021 0.2467
060 061 0.2467 0.8021 0.2467 0.1896
060 072 0.1896 0.8021 0.1896 0.1896
061 062 0.8021 0.9616 0.9616 0.2467
061 073 0.9616 0.9616 0.2467 0.9616
062 063 0.2467 0.2467 0.2467 0.1896
062 074 0.1896 0.8021 0.9616 0.2467
063 064 0.9616 0.2467 0.9616 0.1896
063 075 0.9616 0.1896 0.9616 0.1896
064 065 0.1896 0.9616 0.8021 0.2467
064 076 0.9616 0.9616 0.9616 0.2467
065 066 0.2467 0.8021 0.9616 0.2467
065 077 0.8021 0.2467 0.1896 0.9616
066 067 0.8021 0.9616 0.9616 0.8021
066 078 0.1896 0.8021 0.8021 0.8021
067 068 0.8021 0.1896 0.1896 0.9616
067 079 0.2467 0.1896 0.2467 0.9616
068 069 0.9616 0.2467 0.2467 0.2467
068 080 0.9616 0.2467 0.9616 0.8021
069 070 0.2467 0.2467 0.8021 0.9616
069 081 0.1896 0.2467 0.2467 0.8021
070 071 0.8021 0.8021 0.2467 0.1896
070 082 0.9616 0.1896 0.9616 0.2467
071 060 0.2467 0.8021 0.2467 0.9616
071 083 0.2467 0.1896 0.2467 0.8021
072 073 0.9616 0.8021 0.9616 0.2467
072 084 0.2467 0.8021 0.9616 0.1896
073 074 0.2467 0.2467 0.9616 0.9616
073 085 0.1896 0.8021 0.2467 0.9616
074 075 0.9616 0.8021 0.1896 0.8021
074 086 0.8021 0.1896 0.2467 0.9616
075 076 0.2467 0.9616 0.1896 0.9616
075 087 0.1896 0.1896 0.2467 0.1896
076 077 0.8021 0.2467 0.2467 0.1896
076 088 0.2467 0.9616 0.9616 0.8021
077 078 0.1896 0.9616 0.1896 0.9616
077 089 0.1896 0.2467 0.9616 0.8021
078 079 0.8021 0.2467 0.8021 0.1896
078 090 0.8021 0.2467 0.8021 0.1896
079 080 0.8021 0.2467 0.2467 0.8021
079 091 0.1896 0.9616 0.9616 0.1896
080 081 0.9616 0.8021 0.2467 0.2467
080 092 0.9616 0.9616 0.1896 0.1896
081 082 0.9616 0.2467 0.2467 0.8021
081 093 0.8021 0.2467 0.8021 0.8021
082 083 0.8021 0.8021 0.8021 0.9616
082 094 0.2467 0.8021 0.2467 0.2467
083 072 0.9616 0.9616 0.9616 0.8021
083 095 0.2467 0.2467 0.2467 0.1896
084 085 0.1896 0.2467 0.2467 0.2467
084 096 0.2467 0.1896 0.9616 0.9616
085 086 0.8021 0.1896 0.9616 0.9616
085 097 0.9616 0.1896 0.8021 0.9616
086 087 0.8021 0.2467 0.8021 0.9616
086 098 0.9616 0.2467 0.9616 0.2467
087 088 0.1896 0.8021 0.8021 0.8021
087 099 0.9616 0.8021 0.2467 0.9616
088 089 0.1896 0.8021 0.9616 0.1896
088 100 0.9616 0.8021 0.1896 0.2467
089 090 0.2467 0.8021 0.1896 0.1896
089 101 0.2467 0.8021 0.1896 0.1896
090 091 0.2467 0.1896 0.1896 0.1896
090 102 0.8021 0.9616 0.8021 0.8021
091 092 0.1896 0.1896 0.2467 0.8021
091 103 0.1896 0.9616 0.2467 0.2467
092 093 0.9616 0.1896 0.8021 0.2467
092 104 0.2467 0.8021 0.8021 0.2467
093 094 0.1896 0.1896 0.8021 0.9616
093 105 0.1896 0.8021 0.8021 0.2467
094 095 0.1896 0.9616 0.8021 0.9616
094 106 0.9616 0.1896 0.9616 0.2467
095 084 0.8021 0.1896 0.2467 0.8021
095 107 0.2467 0.2467 0.9616 0.1896
096 097 0.1896 0.1896 0.9616 0.8021
096 108 0.1896 0.9616 0.2467 0.1896
097 098 0.9616 0.1896 0.8021 0.2467
097 109 0.8021 0.9616 0.8021 0.8021
098 099 0.2467 0.2467 0.9616 0.1896
098 110 0.1896 0.2467 0.8021 0.2467
099 100 0.9616 0.9616 0.8021 0.2467
099 111 0.8021 0.1896 0.2467 0.2467
100 101 0.1896 0.2467 0.8021 0.8021
100 112 0.9616 0.9616 0.8021 0.8021
101 102 0.1896 0.2467 0.9616 0.2467
101 113 0.9616 0.1896 0.8021 0.9616
102 103 0.2467 0.8021 0.1896 0.2467
102 114 0.8021 0.9616 0.2467 0.8021
103 104 0.2467 0.1896 0.1896 0.1896
103 115 0.9616 0.1896 0.8021 0.2467
104 105 0.1896 0.9616 0.8021 0.8021
104 116 0.1896 0.9616 0.8021 0.1896
105 106 0.2467 0.1896 0.2467 0.1896
105 117 0.2467 0.9616 0.8021 0.9616
106 107 0.2467 0.1896 0.9616 0.2467
106 118 0.1896 0.9616 0.9616 0.9616
107 096 0.9616 0.9616 0.8021 0.1896
107 119 0.8021 0.1896 0.1896 0.8021
108 109 0.9616 0.9616 0.1896 0.8021
108 120 0.2467 0.8021 0.9616 0.8021
109 110 0.8021 0.9616 0.8021 0.1896
109 121 0.8021 0.1896 0.2467 0.8021
110 111 0.2467 0.9616 0.8021 0.8021
110 122 0.2467 0.8021 0.2467 0.1896
111 112 0.1896 0.9616 0.8021 0.2467
111 123 0.2467 0.8021 0.1896 0.2467
112 113 0.9616 0.8021 0.8021 0.8021
112 124 0.2467 0.9616 0.9616 0.9616
113 114 0.9616 0.8021 0.9616 0.1896
113 125 0.2467 0.8021 0.8021 0.2467
114 115 0.1896 0.2467 0.8021 0.8021
114 126 0.1896 0.9616 0.8021 0.1896
115 116 0.8021 0.9616 0.2467 0.9616
115 127 0.1896 0.9616 0.8021 0.2467
116 117 0.9616 0.1896 0.8021 0.1896
116 128 0.2467 0.1896 0.9616 0.1896
117 118 0.9616 0.2467 0.2467 0.8021
117 129 0.9616 0.8021 0.1896 0.9616
118 119 0.9616 0.1896 0.2467 0.1896
118 130 0.8021 0.1896 0.8021 0.9616
119 108 0.9616 0.8021 0.8021 0.9616
119 131 0.9616 0.2467 0.1896 0.9616
120 121 0.2467 0.8021 0.1896 0.1896
120 132 0.8021 0.1896 0.8021 0.9616
121 122 0.8021 0.2467 0.8021 0.8021
121 133 0.9616 0.2467 0.9616 0.9616
122 123 0.2467 0.2467 0.1896 0.1896
122 134 0.1896 0.9616 0.9616 0.2467
123 124 0.9616 0.8021 0.8021 0.9616
123 135 0.8021 0.2467 0.1896 0.1896
124 125 0.9616 0.9616 0.1896 0.9616
124 136 0.9616 0.8021 0.8021 0.9616
125 126 0.9616 0.1896 0.9616 0.2467
125 137 0.9616 0.1896 0.2467 0.8021
126 127 0.8021 0.9616 0.2467 0.1896
126 138 0.2467 0.2467 0.1896 0.1896
127 128 0.8021 0.1896 0.2467 0.8021
127 139 0.8021 0.2467 0.2467 0.9616
128 129 0.1896 0.2467 0.2467 0.2467
128 140 0.8021 0.8021 0.2467 0.2467
129 130 0.8021 0.1896 0.9616 0.2467
129 141 0.8021 0.1896 0.9616 0.1896
130 131 0.2467 0.8021 0.2467 0.1896
130 142 0.1896 0.9616 0.9616 0.8021
131 120 0.1896 0.8021 0.1896 0.2467
131 011 0.2467 0.2467 0.8021 0.8021
132 133 0.1896 0.1896 0.2467 0.9616
132 000 0.1896 0.9616 0.2467 0.1896
133 134 0.1896 0.1896 0.1896 0.2467
133 001 0.2467 0.1896 0.2467 0.9616
134 135 0.9616 0.1896 0.8021 0.8021
134 002 0.2467 0.2467 0.8021 0.8021
135 136 0.2467 0.2467 0.1896 0.8021
135 003 0.1896 0.1896 0.8021 0.1896
136 137 0.1896 0.9616 0.9616 0.8021
136 004 0.9616 0.2467 0.9616 0.8021
137 138 0.9616 0.1896 0.9616 0.2467
137 005 0.9616 0.9616 0.9616 0.2467
138 139 0.8021 0.2467 0.8021 0.1896
138 006 0.2467 0.8021 0.2467 0.1896
139 140 0.8021 0.9616 0.9616 0.8021
139 007 0.2467 0.1896 0.8021 0.1896
140 141 0.8021 0.1896 0.8021 0.1896
140 008 0.2467 0.1896 0.8021 0.2467
141 142 0.2467 0.9616 0.2467 0.2467
141 009 0.8021 0.8021 0.9616 0.9616
142 132 0.2467 0.1896 0.1896 0.1896
142 010 0.8021 0.1896 0.1896 0.1896
