143 002556 2 286
000 001 0.6167 0.2789 0.6167 0.4541
000 012 0.6167 0.2789 0.1663 0.6167
001 002 0.6167 0.4541 0.4541 0.6167
001 013 0.4541 0.1663 0.1663 0.1663
002 003 0.4541 0.4541 0.4541 0.6167
002 014 0.2789 0.1663 0.2789 0.6167
003 004 0.6167 0.6167 0.2789 0.6167
003 015 0.2789 0.6167 0.4541 0.2789
004 005 0.4541 0.4541 0.1663 0.4541
004 016 0.2789 0.4541 0.1663 0.6167
005 006 0.2789 0.4541 0.6167 0.1663
005 017 0.2789 0.4541 0.1663 0.2789
006 007 0.4541 0.2789 0.4541 0.4541
006 018 0.6167 0.2789 0.4541 0.2789
007 008 0.2789 0.2789 0.2789 0.4541
007 019 0.4541 0.6167 0.4541 0.4541
008 009 0.2789 0.2789 0.6167 0.2789
008 020 0.4541 0.4541 0.1663 0.1663
009 010 0.6167 0.4541 0.2789 0.6167
009 021 0.4541 0.4541 0.1663 0.2789
010 011 0.6167 0.2789 0.2789 0.6167
010 022 0.6167 0.1663 0.2789 0.1663
011 000 0.2789 0.2789 0.4541 0.2789
011 023 0.4541 0.6167 0.2789 0.4541
012 013 0.6167 0.4541 0.6167 0.2789
012 024 0.4541 0.4541 0.1663 0.6167
013 014 0.4541 0.6167 0.2789 0.1663
013 025 0.6167 0.1663 0.6167 0.6167
014 015 0.4541 0.1663 0.1663 0.6167
014 026 0.4541 0.4541 0.6167 0.1663
015 016 0.6167 0.1663 0.1663 0.1663
015 027 0.6167 0.4541 0.4541 0.1663
016 017 0.2789 0.6167 0.6167 0.4541
016 028 0.4541 0.1663 0.4541 0.4541
017 018 0.2789 0.4541 0.2789 0.6167
017 029 0.4541 0.4541 0.2789 0.6167
018 019 0.6167 0.1663 0.1663 0.6167
018 030 0.1663 0.2789 0.6167 0.2789
019 020 0.2789 0.4541 0.2789 0.1663
019 031 0.2789 0.6167 0.1663 0.6167
020 021 0.1663 0.4541 0.2789 0.4541
020 032 0.4541 0.1663 0.6167 0.4541
021 022 0.6167 0.2789 0.2789 0.4541
021 033 0.4541 0.6167 0.6167 0.1663
022 023 0.1663 0.6167 0.6167 0.1663
022 034 0.4541 0.1663 0.2789 0.4541
023 012 0.1663 0.6167 0.6167 0.6167
023 035 0.4541 0.2789 0.4541 0.4541
024 025 0.4541 0.6167 0.1663 0.4541
024 036 0.1663 0.1663 0.6167 0.4541
025 026 0.2789 0.4541 0.1663 0.6167
025 037 0.2789 0.1663 0.4541 0.1663
026 027 0.1663 0.1663 0.4541 0.1663
026 038 0.4541 0.1663 0.1663 0.6167
027 028 0.2789 0.1663 0.4541 0.2789
027 039 0.1663 0.1663 0.6167 0.4541
028 029 0.2789 0.4541 0.6167 0.4541
028 040 0.6167 0.1663 0.1663 0.1663
029 030 0.2789 0.1663 0.2789 0.4541
029 041 0.1663 0.2789 0.4541 0.1663
030 031 0.2789 0.4541 0.4541 0.6167
030 042 0.2789 0.2789 0.1663 0.1663
031 032 0.4541 0.6167 0.6167 0.2789
031 043 0.6167 0.2789 0.1663 0.4541
032 033 0.2789 0.1663 0.1663 0.1663
032 044 0.4541 0.6167 0.6167 0.4541
033 034 0.6167 0.4541 0.6167 0.6167
033 045 0.4541 0.1663 0.2789 0.1663
034 035 0.2789 0.4541 0.1663 0.6167
034 046 0.6167 0.4541 0.4541 0.4541
035 024 0.6167 0.2789 0.1663 0.1663
035 047 0.6167 0.2789 0.1663 0.6167
036 037 0.1663 0.4541 0.4541 0.6167
036 048 0.4541 0.2789 0.4541 0.6167
037 038 0.1663 0.1663 0.6167 0.1663
037 049 0.6167 0.4541 0.6167 0.1663
038 039 0.4541 0.1663 0.6167 0.2789
038 050 0.6167 0.4541 0.1663 0.2789
039 040 0.6167 0.1663 0.6167 0.6167
039 051 0.2789 0.4541 0.2789 0.2789
040 041 0.2789 0.2789 0.2789 0.2789
040 052 0.1663 0.1663 0.4541 0.2789
041 042 0.1663 0.2789 0.1663 0.6167
041 053 0.6167 0.1663 0.4541 0.1663
042 043 0.6167 0.1663 0.6167 0.6167
042 054 0.2789 0.2789 0.1663 0.6167
043 044 0.6167 0.2789 0.4541 0.1663
043 055 0.1663 0.4541 0.4541 0.1663
044 045 0.1663 0.2789 0.4541 0.6167
044 056 0.1663 0.4541 0.1663 0.1663
045 046 0.4541 0.6167 0.1663 0.4541
045 057 0.6167 0.4541 0.2789 0.4541
046 047 0.2789 0.2789 0.4541 0.1663
046 058 0.4541 0.2789 0.4541 0.4541
047 036 0.4541 0.6167 0.2789 0.1663
047 059 0.1663 0.2789 0.2789 0.4541
048 049 0.1663 0.4541 0.6167 0.2789
048 060 0.1663 0.4541 0.6167 0.1663
049 050 0.4541 0.1663 0.4541 0.2789
049 061 0.2789 0.1663 0.4541 0.6167
050 051 0.6167 0.2789 0.2789 0.1663
050 062 0.1663 0.1663 0.1663 0.6167
051 052 0.2789 0.2789 0.4541 0.1663
051 063 0.6167 0.1663 0.4541 0.4541
052 053 0.1663 0.6167 0.6167 0.6167
052 064 0.1663 0.4541 0.2789 0.4541
053 054 0.4541 0.2789 0.1663 0.2789
053 065 0.6167 0.6167 0.1663 0.2789
054 055 0.4541 0.4541 0.4541 0.1663
054 066 0.6167 0.4541 0.4541 0.1663
055 056 0.6167 0.6167 0.1663 0.4541
055 067 0.4541 0.1663 0.4541 0.2789
056 057 0.6167 0.2789 0.2789 0.4541
056 068 0.2789 0.1663 0.1663 0.6167
057 058 0.6167 0.4541 0.4541 0.2789
057 069 0.4541 0.6167 0.2789 0.4541
058 059 0.4541 0.2789 0.4541 0.1663
058 070 0.4541 0.2789 0.1663 0.2789
059 048 0.1663 0.2789 0.4541 0.4541
059 071 0.1663 0.6167 0.1663 0.2789
060 061 0.4541 0.1663 0.4541 0.2789
060 072 0.2789 0.6167 0.2789 0.1663
061 062 0.1663 0.6167 0.1663 0.2789
061 073 0.2789 0.6167 0.1663 0.1663
062 063 0.1663 0.1663 0.1663 0.2789
062 074 0.6167 0.2789 0.6167 0.4541
063 064 0.1663 0.1663 0.6167 0.4541
063 075 0.4541 0.1663 0.4541 0.6167
064 065 0.2789 0.6167 0.1663 0.2789
064 076 0.4541 0.4541 0.1663 0.1663
065 066 0.4541 0.6167 0.2789 0.4541
065 077 0.2789 0.4541 0.4541 0.6167
066 067 0.1663 0.1663 0.4541 0.1663
066 078 0.2789 0.2789 0.2789 0.2789
067 068 0.2789 0.2789 0.6167 0.4541
067 079 0.2789 0.4541 0.2789 0.6167
068 069 0.6167 0.6167 0.4541 0.2789
068 080 0.2789 0.2789 0.4541 0.4541
069 070 0.6167 0.2789 0.2789 0.1663
069 081 0.2789 0.4541 0.1663 0.6167
070 071 0.2789 0.4541 0.4541 0.4541
070 082 0.4541 0.1663 0.1663 0.2789
071 060 0.4541 0.2789 0.4541 0.1663
071 083 0.4541 0.2789 0.1663 0.1663
072 073 0.1663 0.1663 0.4541 0.4541
072 084 0.2789 0.6167 0.1663 0.4541
073 074 0.4541 0.6167 0.1663 0.6167
073 085 0.1663 0.6167 0.2789 0.6167
074 075 0.4541 0.4541 0.1663 0.1663
074 086 0.4541 0.2789 0.6167 0.4541
075 076 0.2789 0.6167 0.6167 0.1663
075 087 0.1663 0.6167 0.1663 0.2789
076 077 0.1663 0.4541 0.4541 0.2789
076 088 0.6167 0.2789 0.2789 0.2789
077 078 0.6167 0.4541 0.2789 0.6167
077 089 0.4541 0.6167 0.6167 0.4541
078 079 0.2789 0.6167 0.2789 0.6167
078 090 0.1663 0.2789 0.4541 0.6167
079 080 0.4541 0.1663 0.1663 0.6167
079 091 0.4541 0.1663 0.1663 0.4541
080 081 0.2789 0.2789 0.4541 0.1663
080 092 0.2789 0.1663 0.2789 0.2789
081 082 0.4541 0.4541 0.6167 0.4541
081 093 0.1663 0.2789 0.4541 0.4541
082 083 0.4541 0.6167 0.6167 0.1663
082 094 0.6167 0.6167 0.4541 0.1663
083 072 0.4541 0.1663 0.4541 0.6167
083 095 0.4541 0.6167 0.6167 0.1663
084 085 0.2789 0.1663 0.1663 0.6167
084 096 0.4541 0.4541 0.1663 0.4541
085 086 0.1663 0.2789 0.1663 0.2789
085 097 0.1663 0.6167 0.6167 0.1663
086 087 0.1663 0.2789 0.2789 0.1663
086 098 0.6167 0.2789 0.2789 0.1663
087 088 0.6167 0.4541 0.1663 0.1663
087 099 0.6167 0.2789 0.2789 0.1663
088 089 0.1663 0.1663 0.6167 0.2789
088 100 0.6167 0.1663 0.6167 0.2789
089 090 0.4541 0.2789 0.2789 0.6167
089 101 0.2789 0.2789 0.1663 0.2789
090 091 0.6167 0.4541 0.1663 0.2789
090 102 0.2789 0.2789 0.2789 0.1663
091 092 0.2789 0.1663 0.1663 0.2789
091 103 0.4541 0.2789 0.1663 0.6167
092 093 0.1663 0.4541 0.6167 0.1663
092 104 0.1663 0.2789 0.4541 0.2789
093 094 0.2789 0.1663 0.1663 0.2789
093 105 0.6167 0.1663 0.2789 0.6167
094 095 0.6167 0.2789 0.1663 0.2789
094 106 0.4541 0.2789 0.1663 0.1663
095 084 0.2789 0.1663 0.1663 0.1663
095 107 0.1663 0.2789 0.2789 0.6167
096 097 0.1663 0.4541 0.1663 0.2789
096 108 0.6167 0.6167 0.2789 0.1663
097 098 0.1663 0.1663 0.4541 0.4541
097 109 0.2789 0.6167 0.2789 0.6167
098 099 0.2789 0.2789 0.4541 0.6167
098 110 0.4541 0.1663 0.1663 0.1663
099 100 0.2789 0.6167 0.2789 0.4541
099 111 0.1663 0.2789 0.4541 0.4541
100 101 0.6167 0.6167 0.6167 0.1663
100 112 0.4541 0.1663 0.2789 0.1663
101 102 0.6167 0.2789 0.1663 0.4541
101 113 0.4541 0.4541 0.4541 0.1663
102 103 0.2789 0.6167 0.2789 0.2789
102 114 0.1663 0.1663 0.1663 0.1663
103 104 0.4541 0.6167 0.6167 0.2789
103 115 0.1663 0.1663 0.4541 0.1663
104 105 0.2789 0.1663 0.4541 0.6167
104 116 0.4541 0.2789 0.2789 0.1663
105 106 0.4541 0.6167 0.2789 0.6167
105 117 0.4541 0.2789 0.4541 0.4541
106 107 0.4541 0.4541 0.1663 0.4541
106 118 0.6167 0.4541 0.4541 0.2789
107 096 0.6167 0.6167 0.4541 0.2789
107 119 0.4541 0.2789 0.4541 0.2789
108 109 0.6167 0.2789 0.2789 0.6167
108 120 0.4541 0.2789 0.4541 0.1663
109 110 0.1663 0.1663 0.4541 0.2789
109 121 0.4541 0.4541 0.6167 0.4541
110 111 0.1663 0.6167 0.4541 0.4541
110 122 0.1663 0.1663 0.1663 0.2789
111 112 0.1663 0.4541 0.6167 0.1663
111 123 0.6167 0.6167 0.6167 0.2789
112 113 0.4541 0.4541 0.2789 0.6167
112 124 0.4541 0.4541 0.6167 0.2789
113 114 0.4541 0.6167 0.6167 0.6167
113 125 0.4541 0.6167 0.2789 0.1663
114 115 0.4541 0.2789 0.1663 0.1663
114 126 0.1663 0.2789 0.2789 0.4541
115 116 0.6167 0.4541 0.4541 0.1663
115 127 0.1663 0.1663 0.4541 0.4541
116 117 0.6167 0.1663 0.6167 0.4541
116 128 0.6167 0.4541 0.1663 0.6167
117 118 0.1663 0.2789 0.2789 0.2789
117 129 0.6167 0.2789 0.2789 0.6167
118 119 0.2789 0.2789 0.6167 0.1663
118 130 0.4541 0.4541 0.1663 0.2789
119 108 0.2789 0.1663 0.4541 0.2789
119 131 0.4541 0.4541 0.1663 0.1663
120 121 0.1663 0.6167 0.2789 0.6167
120 132 0.6167 0.1663 0.1663 0.1663
121 122 0.2789 0.4541 0.1663 0.2789
121 133 0.4541 0.1663 0.6167 0.4541
122 123 0.1663 0.6167 0.2789 0.1663
122 134 0.4541 0.4541 0.2789 0.2789
123 124 0.4541 0.6167 0.2789 0.4541
123 135 0.1663 0.1663 0.6167 0.2789
124 125 0.1663 0.2789 0.4541 0.6167
124 136 0.1663 0.2789 0.2789 0.4541
125 126 0.6167 0.1663 0.4541 0.6167
125 137 0.6167 0.2789 0.2789 0.6167
126 127 0.6167 0.2789 0.6167 0.4541
126 138 0.2789 0.2789 0.6167 0.2789
127 128 0.1663 0.2789 0.6167 0.2789
127 139 0.6167 0.4541 0.2789 0.1663
128 129 0.4541 0.2789 0.1663 0.4541
128 140 0.2789 0.4541 0.4541 0.4541
129 130 0.6167 0.4541 0.6167 0.2789
129 141 0.4541 0.1663 0.1663 0.6167
130 131 0.1663 0.6167 0.2789 0.6167
130 142 0.4541 0.4541 0.2789 0.1663
131 120 0.1663 0.2789 0.2789 0.4541
131 011 0.1663 0.1663 0.1663 0.6167
132 133 0.4541 0.1663 0.4541 0.4541
132 000 0.4541 0.4541 0.4541 0.4541
133 134 0.2789 0.2789 0.1663 0.4541
133 001 0.1663 0.4541 0.4541 0.2789
134 135 0.6167 0.6167 0.1663 0.1663
134 002 0.4541 0.2789 0.1663 0.2789
135 136 0.2789 0.1663 0.4541 0.1663
135 003 0.1663 0.1663 0.6167 0.4541
136 137 0.1663 0.6167 0.4541 0.6167
136 004 0.1663 0.6167 0.2789 0.6167
137 138 0.1663 0.6167 0.6167 0.4541
137 005 0.4541 0.4541 0.4541 0.4541
138 139 0.1663 0.1663 0.4541 0.4541
138 006 0.1663 0.6167 0.4541 0.4541
139 140 0.4541 0.2789 0.4541 0.2789
139 007 0.2789 0.6167 0.1663 0.2789
140 141 0.1663 0.1663 0.4541 0.4541
140 008 0.6167 0.6167 0.1663 0.4541
141 142 0.4541 0.2789 0.1663 0.2789
141 009 0.6167 0.2789 0.1663 0.2789
142 132 0.4541 0.1663 0.6167 0.2789
142 010 0.6167 0.6167 0.2789 0.2789
