143 002556 2 286
000 001 0.3238 0.9482 0.2813 0.9482
000 012 0.2813 0.3238 0.8974 0.8974
001 002 0.2813 0.2813 0.9482 0.2813
001 013 0.3238 0.9482 0.3238 0.8974
002 003 0.3238 0.2813 0.8974 0.2813
002 014 0.3238 0.3238 0.2813 0.8974
003 004 0.2813 0.3238 0.9482 0.2813
003 015 0.9482 0.8974 0.9482 0.9482
004 005 0.2813 0.2813 0.9482 0.8974
004 016 0.8974 0.3238 0.2813 0.9482
005 006 0.8974 0.8974 0.3238 0.8974
005 017 0.8974 0.3238 0.8974 0.3238
006 007 0.8974 0.3238 0.2813 0.8974
006 018 0.8974 0.8974 0.8974 0.8974
007 008 0.3238 0.8974 0.9482 0.8974
007 019 0.3238 0.3238 0.9482 0.9482
008 009 0.3238 0.8974 0.8974 0.9482
008 020 0.2813 0.8974 0.8974 0.8974
009 010 0.3238 0.3238 0.9482 0.9482
009 021 0.9482 0.2813 0.9482 0.2813
010 011 0.2813 0.3238 0.9482 0.3238
010 022 0.2813 0.9482 0.2813 0.8974
011 000 0.3238 0.8974 0.8974 0.9482
011 023 0.3238 0.8974 0.3238 0.3238
012 013 0.2813 0.9482 0.8974 0.8974
012 024 0.3238 0.9482 0.3238 0.8974
013 014 0.2813 0.3238 0.3238 0.2813
013 025 0.2813 0.9482 0.9482 0.3238
014 015 0.9482 0.2813 0.3238 0.3238
014 026 0.2813 0.2813 0.2813 0.3238
015 016 0.2813 0.8974 0.3238 0.9482
015 027 0.9482 0.8974 0.2813 0.3238
016 017 0.2813 0.8974 0.2813 0.3238
016 028 0.3238 0.3238 0.9482 0.8974
017 018 0.2813 0.8974 0.8974 0.2813
017 029 0.3238 0.2813 0.9482 0.8974
018 019 0.8974 0.3238 0.9482 0.8974
018 030 0.8974 0.3238 0.9482 0.9482
019 020 0.9482 0.3238 0.8974 0.3238
019 031 0.8974 0.8974 0.3238 0.8974
020 021 0.3238 0.3238 0.2813 0.9482
020 032 0.2813 0.3238 0.3238 0.8974
021 022 0.9482 0.3238 0.9482 0.3238
021 033 0.2813 0.8974 0.3238 0.3238
022 023 0.8974 0.3238 0.3238 0.3238
022 034 0.3238 0.3238 0.3238 0.2813
023 012 0.9482 0.8974 0.3238 0.8974
023 035 0.8974 0.2813 0.2813 0.2813
024 025 0.9482 0.3238 0.2813 0.3238
024 036 0.2813 0.3238 0.9482 0.2813
025 026 0.2813 0.9482 0.3238 0.3238
025 037 0.9482 0.2813 0.8974 0.2813
026 027 0.2813 0.9482 0.2813 0.8974
026 038 0.9482 0.2813 0.2813 0.3238
027 028 0.9482 0.2813 0.9482 0.8974
027 039 0.2813 0.8974 0.8974 0.3238
028 029 0.9482 0.8974 0.2813 0.3238
028 040 0.3238 0.9482 0.3238 0.3238
029 030 0.9482 0.8974 0.3238 0.8974
029 041 0.3238 0.2813 0.9482 0.3238
030 031 0.3238 0.9482 0.8974 0.9482
030 042 0.9482 0.3238 0.8974 0.3238
031 032 0.9482 0.9482 0.9482 0.8974
031 043 0.3238 0.9482 0.9482 0.9482
032 033 0.9482 0.9482 0.8974 0.2813
032 044 0.9482 0.2813 0.2813 0.9482
033 034 0.9482 0.2813 0.2813 0.3238
033 045 0.9482 0.2813 0.2813 0.8974
034 035 0.3238 0.9482 0.9482 0.9482
034 046 0.9482 0.3238 0.9482 0.2813
035 024 0.8974 0.2813 0.3238 0.2813
035 047 0.8974 0.3238 0.2813 0.9482
036 037 0.8974 0.2813 0.2813 0.2813
036 048 0.3238 0.2813 0.9482 0.8974
037 038 0.8974 0.3238 0.2813 0.3238
037 049 0.3238 0.8974 0.2813 0.8974
038 039 0.3238 0.2813 0.8974 0.2813
038 050 0.9482 0.9482 0.9482 0.2813
039 040 0.8974 0.8974 0.9482 0.3238
039 051 0.2813 0.9482 0.8974 0.8974
040 041 0.8974 0.9482 0.9482 0.3238
040 052 0.9482 0.9482 0.9482 0.9482
041 042 0.8974 0.9482 0.2813 0.8974
041 053 0.2813 0.2813 0.8974 0.2813
042 043 0.8974 0.2813 0.2813 0.3238
042 054 0.2813 0.3238 0.9482 0.8974
043 044 0.2813 0.8974 0.2813 0.8974
043 055 0.9482 0.3238 0.2813 0.9482
044 045 0.8974 0.9482 0.9482 0.9482
044 056 0.9482 0.2813 0.9482 0.2813
045 046 0.2813 0.8974 0.8974 0.3238
045 057 0.2813 0.3238 0.2813 0.3238
046 047 0.8974 0.8974 0.3238 0.2813
046 058 0.2813 0.2813 0.8974 0.8974
047 036 0.9482 0.3238 0.3238 0.9482
047 059 0.9482 0.3238 0.3238 0.8974
048 049 0.3238 0.2813 0.2813 0.2813
048 060 0.8974 0.9482 0.9482 0.3238
049 050 0.2813 0.8974 0.9482 0.8974
049 061 0.9482 0.2813 0.2813 0.9482
050 051 0.8974 0.3238 0.2813 0.8974
050 062 0.9482 0.2813 0.3238 0.2813
051 052 0.8974 0.2813 0.3238 0.8974
051 063 0.2813 0.2813 0.9482 0.2813
052 053 0.8974 0.3238 0.2813 0.8974
052 064 0.9482 0.8974 0.9482 0.8974
053 054 0.2813 0.8974 0.2813 0.2813
053 065 0.3238 0.9482 0.9482 0.2813
054 055 0.8974 0.9482 0.3238 0.2813
054 066 0.8974 0.3238 0.8974 0.3238
055 056 0.9482 0.3238 0.9482 0.3238
055 067 0.9482 0.9482 0.9482 0.9482
056 057 0.9482 0.8974 0.2813 0.9482
056 068 0.2813 0.3238 0.9482 0.2813
057 058 0.8974 0.8974 0.2813 0.3238
057 069 0.2813 0.9482 0.8974 0.2813
058 059 0.2813 0.8974 0.2813 0.9482
058 070 0.3238 0.8974 0.3238 0.3238
059 048 0.2813 0.8974 0.2813 0.2813
059 071 0.8974 0.9482 0.8974 0.9482
060 061 0.9482 0.2813 0.8974 0.2813
060 072 0.8974 0.8974 0.2813 0.9482
061 062 0.9482 0.9482 0.8974 0.3238
061 073 0.3238 0.9482 0.8974 0.8974
062 063 0.8974 0.3238 0.9482 0.8974
062 074 0.8974 0.8974 0.2813 0.2813
063 064 0.2813 0.9482 0.3238 0.2813
063 075 0.8974 0.3238 0.9482 0.2813
064 065 0.9482 0.2813 0.2813 0.3238
064 076 0.9482 0.9482 0.9482 0.2813
065 066 0.8974 0.9482 0.9482 0.9482
065 077 0.2813 0.9482 0.8974 0.8974
066 067 0.9482 0.9482 0.8974 0.2813
066 078 0.2813 0.9482 0.9482 0.2813
067 068 0.8974 0.2813 0.8974 0.9482
067 079 0.9482 0.8974 0.3238 0.3238
068 069 0.3238 0.9482 0.2813 0.3238
068 080 0.8974 0.2813 0.2813 0.8974
069 070 0.2813 0.9482 0.9482 0.8974
069 081 0.2813 0.8974 0.3238 0.2813
070 071 0.2813 0.2813 0.3238 0.3238
070 082 0.9482 0.9482 0.8974 0.9482
071 060 0.2813 0.3238 0.2813 0.9482
071 083 0.8974 0.9482 0.8974 0.9482
072 073 0.3238 0.9482 0.9482 0.2813
072 084 0.2813 0.2813 0.3238 0.3238
073 074 0.2813 0.8974 0.2813 0.3238
073 085 0.9482 0.3238 0.3238 0.8974
074 075 0.2813 0.3238 0.2813 0.2813
074 086 0.9482 0.8974 0.9482 0.2813
075 076 0.9482 0.9482 0.3238 0.2813
075 087 0.9482 0.9482 0.9482 0.9482
076 077 0.2813 0.3238 0.2813 0.3238
076 088 0.8974 0.2813 0.8974 0.3238
077 078 0.3238 0.9482 0.3238 0.3238
077 089 0.3238 0.3238 0.8974 0.2813
078 079 0.9482 0.9482 0.3238 0.2813
078 090 0.8974 0.3238 0.9482 0.3238
079 080 0.8974 0.9482 0.2813 0.8974
079 091 0.8974 0.9482 0.2813 0.2813
080 081 0.2813 0.9482 0.8974 0.3238
080 092 0.3238 0.3238 0.8974 0.8974
081 082 0.3238 0.9482 0.9482 0.9482
081 093 0.3238 0.8974 0.3238 0.8974
082 083 0.3238 0.2813 0.9482 0.8974
082 094 0.9482 0.2813 0.8974 0.3238
083 072 0.8974 0.3238 0.8974 0.3238
083 095 0.9482 0.8974 0.8974 0.9482
084 085 0.2813 0.9482 0.2813 0.8974
084 096 0.3238 0.2813 0.8974 0.9482
085 086 0.3238 0.9482 0.2813 0.3238
085 097 0.3238 0.9482 0.3238 0.3238
086 087 0.9482 0.3238 0.8974 0.2813
086 098 0.8974 0.8974 0.8974 0.3238
087 088 0.2813 0.9482 0.9482 0.9482
087 099 0.2813 0.9482 0.8974 0.3238
088 089 0.3238 0.9482 0.8974 0.8974
088 100 0.2813 0.3238 0.3238 0.2813
089 090 0.3238 0.3238 0.9482 0.2813
089 101 0.2813 0.2813 0.9482 0.2813
090 091 0.3238 0.8974 0.8974 0.2813
090 102 0.3238 0.9482 0.3238 0.8974
091 092 0.2813 0.9482 0.8974 0.9482
091 103 0.3238 0.9482 0.9482 0.8974
092 093 0.8974 0.2813 0.2813 0.3238
092 104 0.8974 0.2813 0.8974 0.8974
093 094 0.8974 0.3238 0.3238 0.9482
093 105 0.8974 0.9482 0.8974 0.3238
094 095 0.9482 0.9482 0.9482 0.8974
094 106 0.8974 0.8974 0.3238 0.3238
095 084 0.2813 0.2813 0.2813 0.8974
095 107 0.9482 0.2813 0.2813 0.9482
096 097 0.2813 0.3238 0.3238 0.8974
096 108 0.8974 0.9482 0.2813 0.3238
097 098 0.9482 0.8974 0.9482 0.8974
097 109 0.2813 0.2813 0.8974 0.2813
098 099 0.2813 0.8974 0.3238 0.9482
098 110 0.8974 0.9482 0.8974 0.9482
099 100 0.9482 0.8974 0.3238 0.2813
099 111 0.2813 0.8974 0.2813 0.9482
100 101 0.9482 0.9482 0.9482 0.2813
100 112 0.8974 0.9482 0.8974 0.2813
101 102 0.8974 0.2813 0.3238 0.2813
101 113 0.9482 0.9482 0.3238 0.8974
102 103 0.2813 0.9482 0.9482 0.8974
102 114 0.9482 0.8974 0.8974 0.9482
103 104 0.9482 0.2813 0.9482 0.9482
103 115 0.9482 0.3238 0.2813 0.3238
104 105 0.3238 0.8974 0.3238 0.2813
104 116 0.2813 0.9482 0.8974 0.8974
105 106 0.9482 0.2813 0.9482 0.8974
105 117 0.2813 0.3238 0.3238 0.9482
106 107 0.9482 0.3238 0.8974 0.3238
106 118 0.8974 0.3238 0.2813 0.9482
107 096 0.8974 0.3238 0.8974 0.2813
107 119 0.9482 0.8974 0.2813 0.8974
108 109 0.8974 0.8974 0.3238 0.2813
108 120 0.9482 0.8974 0.9482 0.2813
109 110 0.2813 0.9482 0.2813 0.2813
109 121 0.2813 0.9482 0.9482 0.9482
110 111 0.2813 0.2813 0.2813 0.3238
110 122 0.2813 0.2813 0.2813 0.3238
111 112 0.8974 0.8974 0.8974 0.8974
111 123 0.2813 0.9482 0.9482 0.3238
112 113 0.8974 0.8974 0.2813 0.3238
112 124 0.2813 0.2813 0.2813 0.9482
113 114 0.9482 0.8974 0.8974 0.2813
113 125 0.3238 0.2813 0.2813 0.9482
114 115 0.9482 0.9482 0.3238 0.2813
114 126 0.8974 0.3238 0.9482 0.2813
115 116 0.8974 0.3238 0.9482 0.2813
115 127 0.3238 0.9482 0.2813 0.9482
116 117 0.2813 0.9482 0.2813 0.3238
116 128 0.2813 0.2813 0.8974 0.3238
117 118 0.9482 0.9482 0.8974 0.2813
117 129 0.3238 0.3238 0.2813 0.3238
118 119 0.2813 0.2813 0.3238 0.9482
118 130 0.3238 0.8974 0.2813 0.8974
119 108 0.9482 0.2813 0.9482 0.8974
119 131 0.8974 0.9482 0.9482 0.9482
120 121 0.2813 0.8974 0.8974 0.8974
120 132 0.8974 0.8974 0.8974 0.8974
121 122 0.3238 0.3238 0.8974 0.2813
121 133 0.2813 0.2813 0.9482 0.3238
122 123 0.9482 0.3238 0.3238 0.9482
122 134 0.2813 0.9482 0.3238 0.9482
123 124 0.2813 0.2813 0.2813 0.3238
123 135 0.9482 0.8974 0.9482 0.8974
124 125 0.2813 0.9482 0.9482 0.2813
124 136 0.3238 0.9482 0.3238 0.9482
125 126 0.3238 0.3238 0.3238 0.8974
125 137 0.2813 0.9482 0.8974 0.8974
126 127 0.2813 0.8974 0.3238 0.2813
126 138 0.9482 0.8974 0.2813 0.3238
127 128 0.3238 0.3238 0.3238 0.8974
127 139 0.2813 0.8974 0.2813 0.9482
128 129 0.2813 0.8974 0.2813 0.8974
128 140 0.3238 0.3238 0.8974 0.3238
129 130 0.8974 0.9482 0.2813 0.2813
129 141 0.9482 0.9482 0.8974 0.2813
130 131 0.8974 0.3238 0.2813 0.9482
130 142 0.2813 0.2813 0.8974 0.2813
131 120 0.2813 0.8974 0.3238 0.3238
131 011 0.3238 0.2813 0.8974 0.9482
132 133 0.9482 0.8974 0.3238 0.8974
132 000 0.8974 0.3238 0.9482 0.2813
133 134 0.3238 0.3238 0.2813 0.8974
133 001 0.3238 0.8974 0.8974 0.2813
134 135 0.9482 0.8974 0.9482 0.9482
134 002 0.3238 0.2813 0.9482 0.3238
135 136 0.9482 0.9482 0.8974 0.2813
135 003 0.8974 0.8974 0.8974 0.3238
136 137 0.3238 0.3238 0.9482 0.2813
136 004 0.3238 0.8974 0.3238 0.3238
137 138 0.9482 0.9482 0.9482 0.3238
137 005 0.2813 0.3238 0.9482 0.2813
138 139 0.9482 0.8974 0.8974 0.2813
138 006 0.3238 0.9482 0.3238 0.3238
139 140 0.3238 0.8974 0.2813 0.8974
139 007 0.3238 0.8974 0.9482 0.9482
140 141 0.3238 0.9482 0.8974 0.8974
140 008 0.8974 0.2813 0.8974 0.8974
141 142 0.2813 0.3238 0.8974 0.8974
141 009 0.3238 0.3238 0.3238 0.8974
142 132 0.2813 0.2813 0.8974 0.8974
142 010 0.8974 0.2813 0.9482 0.9482
