143 002556 2 286
000 001 0.2055 0.2956 0.1732 0.1732
000 012 0.2055 0.3868 0.2956 0.3868
001 002 0.1732 0.2956 0.3868 0.3868
001 013 0.2956 0.1732 0.2956 0.2956
002 003 0.1732 0.1732 0.2055 0.3868
002 014 0.2055 0.1732 0.3868 0.2956
003 004 0.2055 0.2055 0.2055 0.2956
003 015 0.3868 0.3868 0.2956 0.1732
004 005 0.2055 0.3868 0.1732 0.1732
004 016 0.1732 0.2055 0.3868 0.2956
005 006 0.3868 0.2055 0.3868 0.3868
005 017 0.1732 0.2055 0.1732 0.2956
006 007 0.2055 0.1732 0.2956 0.2956
006 018 0.3868 0.1732 0.2055 0.3868
007 008 0.2956 0.2956 0.2055 0.1732
007 019 0.1732 0.2956 0.2956 0.3868
008 009 0.3868 0.3868 0.1732 0.3868
008 020 0.3868 0.3868 0.2956 0.2055
009 010 0.2055 0.2956 0.2956 0.2055
009 021 0.3868 0.1732 0.2956 0.1732
010 011 0.3868 0.1732 0.2956 0.2055
010 022 0.3868 0.2055 0.2055 0.3868
011 000 0.1732 0.1732 0.2055 0.3868
011 023 0.1732 0.3868 0.1732 0.1732
012 013 0.3868 0.1732 0.1732 0.2055
012 024 0.2055 0.3868 0.2956 0.2055
013 014 0.2956 0.3868 0.2956 0.2956
013 025 0.3868 0.1732 0.1732 0.2956
014 015 0.1732 0.1732 0.1732 0.3868
014 026 0.2956 0.2956 0.2956 0.3868
015 016 0.1732 0.2956 0.2055 0.2055
015 027 0.2956 0.1732 0.1732 0.2055
016 017 0.1732 0.2055 0.3868 0.2956
016 028 0.2956 0.2055 0.2956 0.2956
017 018 0.2055 0.3868 0.3868 0.3868
017 029 0.3868 0.2956 0.2956 0.3868
018 019 0.3868 0.2956 0.2956 0.2956
018 030 0.3868 0.2055 0.1732 0.2956
019 020 0.2956 0.3868 0.2956 0.3868
019 031 0.2055 0.2956 0.3868 0.2956
020 021 0.2956 0.1732 0.2956 0.2956
020 032 0.3868 0.2055 0.3868 0.3868
021 022 0.2956 0.1732 0.1732 0.3868
021 033 0.2956 0.3868 0.3868 0.2055
022 023 0.2956 0.2055 0.3868 0.2055
022 034 0.2055 0.3868 0.2956 0.2055
023 012 0.2055 0.3868 0.3868 0.2055
023 035 0.2956 0.1732 0.3868 0.2956
024 025 0.2956 0.2055 0.2055 0.3868
024 036 0.2055 0.1732 0.1732 0.1732
025 026 0.2956 0.2055 0.3868 0.3868
025 037 0.1732 0.2055 0.2055 0.1732
026 027 0.2055 0.3868 0.3868 0.2956
026 038 0.1732 0.1732 0.2055 0.1732
027 028 0.3868 0.2055 0.2956 0.2956
027 039 0.2956 0.2956 0.3868 0.3868
028 029 0.2055 0.3868 0.3868 0.2055
028 040 0.3868 0.3868 0.1732 0.2956
029 030 0.2956 0.3868 0.3868 0.1732
029 041 0.2956 0.2055 0.2956 0.1732
030 031 0.2956 0.2055 0.1732 0.2956
030 042 0.2055 0.1732 0.2956 0.2956
031 032 0.2956 0.2956 0.1732 0.3868
031 043 0.2055 0.2956 0.3868 0.2055
032 033 0.2956 0.2956 0.2956 0.3868
032 044 0.1732 0.2055 0.2055 0.1732
033 034 0.3868 0.2956 0.3868 0.3868
033 045 0.2956 0.2055 0.1732 0.2055
034 035 0.2956 0.2956 0.1732 0.3868
034 046 0.1732 0.2055 0.1732 0.2956
035 024 0.2055 0.3868 0.3868 0.1732
035 047 0.1732 0.3868 0.2055 0.2956
036 037 0.3868 0.2956 0.3868 0.1732
036 048 0.3868 0.3868 0.2956 0.1732
037 038 0.2956 0.3868 0.2055 0.1732
037 049 0.2956 0.2956 0.2055 0.1732
038 039 0.2956 0.3868 0.1732 0.2055
038 050 0.3868 0.3868 0.2956 0.1732
039 040 0.3868 0.2055 0.2956 0.3868
039 051 0.2956 0.1732 0.3868 0.3868
040 041 0.2956 0.2055 0.2956 0.1732
040 052 0.3868 0.2055 0.2956 0.2956
041 042 0.3868 0.2055 0.1732 0.2956
041 053 0.2956 0.1732 0.1732 0.1732
042 043 0.2055 0.2055 0.1732 0.1732
042 054 0.2956 0.2055 0.3868 0.3868
043 044 0.3868 0.1732 0.1732 0.1732
043 055 0.2055 0.2055 0.2956 0.2956
044 045 0.2055 0.2055 0.1732 0.2956
044 056 0.1732 0.2956 0.1732 0.3868
045 046 0.1732 0.3868 0.1732 0.3868
045 057 0.3868 0.2956 0.1732 0.2956
046 047 0.3868 0.3868 0.2956 0.3868
046 058 0.2956 0.1732 0.3868 0.2055
047 036 0.2055 0.2055 0.3868 0.3868
047 059 0.2055 0.1732 0.2055 0.2055
048 049 0.1732 0.2055 0.2055 0.2055
048 060 0.2956 0.2956 0.3868 0.2956
049 050 0.3868 0.3868 0.2055 0.2055
049 061 0.2956 0.3868 0.2055 0.2956
050 051 0.2055 0.1732 0.2956 0.1732
050 062 0.2956 0.3868 0.1732 0.2055
051 052 0.3868 0.2055 0.3868 0.2055
051 063 0.2055 0.3868 0.2956 0.2956
052 053 0.1732 0.2956 0.1732 0.2055
052 064 0.2055 0.2055 0.2956 0.2956
053 054 0.3868 0.1732 0.2055 0.1732
053 065 0.1732 0.1732 0.2956 0.3868
054 055 0.3868 0.3868 0.3868 0.3868
054 066 0.3868 0.3868 0.2055 0.2055
055 056 0.2055 0.2956 0.2956 0.2956
055 067 0.2055 0.2055 0.2055 0.2956
056 057 0.2055 0.1732 0.1732 0.2956
056 068 0.3868 0.2956 0.2055 0.1732
057 058 0.2055 0.3868 0.3868 0.3868
057 069 0.1732 0.1732 0.3868 0.3868
058 059 0.2055 0.3868 0.2956 0.3868
058 070 0.2055 0.1732 0.3868 0.3868
059 048 0.2956 0.1732 0.2055 0.1732
059 071 0.2055 0.1732 0.1732 0.1732
060 061 0.3868 0.1732 0.2956 0.1732
060 072 0.2956 0.2055 0.1732 0.2055
061 062 0.2956 0.2055 0.2055 0.1732
061 073 0.1732 0.1732 0.1732 0.2055
062 063 0.2055 0.2956 0.2055 0.1732
062 074 0.1732 0.3868 0.3868 0.2956
063 064 0.1732 0.1732 0.1732 0.1732
063 075 0.2956 0.2055 0.2956 0.2956
064 065 0.2956 0.2956 0.2956 0.2956
064 076 0.2055 0.1732 0.2956 0.2055
065 066 0.2956 0.2956 0.3868 0.3868
065 077 0.1732 0.2055 0.2956 0.2956
066 067 0.3868 0.1732 0.2055 0.3868
066 078 0.2055 0.2055 0.1732 0.2956
067 068 0.2956 0.3868 0.3868 0.3868
067 079 0.2956 0.1732 0.1732 0.2055
068 069 0.2956 0.2055 0.2956 0.2956
068 080 0.2956 0.3868 0.1732 0.2055
069 070 0.1732 0.1732 0.2956 0.1732
069 081 0.2956 0.2956 0.2055 0.2055
070 071 0.2956 0.1732 0.2055 0.3868
070 082 0.2055 0.2956 0.2055 0.2055
071 060 0.2956 0.2055 0.2956 0.1732
071 083 0.2956 0.2055 0.2055 0.2956
072 073 0.2956 0.1732 0.2055 0.3868
072 084 0.2956 0.2055 0.3868 0.2055
073 074 0.2055 0.2055 0.3868 0.1732
073 085 0.3868 0.1732 0.2055 0.2055
074 075 0.1732 0.2055 0.3868 0.1732
074 086 0.2956 0.2055 0.2055 0.1732
075 076 0.1732 0.3868 0.2956 0.1732
075 087 0.2956 0.3868 0.2956 0.3868
076 077 0.1732 0.2956 0.2956 0.3868
076 088 0.1732 0.2956 0.1732 0.2956
077 078 0.3868 0.3868 0.3868 0.2956
077 089 0.1732 0.2055 0.2956 0.3868
078 079 0.2956 0.2055 0.3868 0.2956
078 090 0.2055 0.1732 0.1732 0.3868
079 080 0.3868 0.3868 0.3868 0.2055
079 091 0.1732 0.2055 0.3868 0.2055
080 081 0.2956 0.1732 0.2956 0.1732
080 092 0.2055 0.2956 0.2956 0.2956
081 082 0.2055 0.2055 0.3868 0.2055
081 093 0.1732 0.2956 0.3868 0.2055
082 083 0.2956 0.3868 0.2956 0.2956
082 094 0.2055 0.3868 0.3868 0.1732
083 072 0.1732 0.1732 0.2956 0.1732
083 095 0.1732 0.3868 0.2956 0.2956
084 085 0.2055 0.1732 0.3868 0.3868
084 096 0.3868 0.3868 0.3868 0.1732
085 086 0.2956 0.1732 0.3868 0.1732
085 097 0.3868 0.2055 0.3868 0.2956
086 087 0.2055 0.1732 0.1732 0.2055
086 098 0.2055 0.3868 0.1732 0.3868
087 088 0.2055 0.3868 0.2956 0.1732
087 099 0.2055 0.2956 0.3868 0.3868
088 089 0.2055 0.2055 0.2956 0.2956
088 100 0.2055 0.2956 0.1732 0.2055
089 090 0.3868 0.3868 0.1732 0.2956
089 101 0.3868 0.2956 0.3868 0.2055
090 091 0.2956 0.2956 0.1732 0.2956
090 102 0.1732 0.1732 0.2055 0.1732
091 092 0.2055 0.3868 0.2956 0.2055
091 103 0.2055 0.1732 0.3868 0.3868
092 093 0.2055 0.2956 0.1732 0.2956
092 104 0.1732 0.1732 0.1732 0.3868
093 094 0.3868 0.3868 0.2956 0.3868
093 105 0.2956 0.2055 0.2956 0.3868
094 095 0.3868 0.1732 0.2956 0.2055
094 106 0.2956 0.2055 0.2956 0.2956
095 084 0.2956 0.3868 0.2956 0.3868
095 107 0.2055 0.2956 0.1732 0.2055
096 097 0.1732 0.2956 0.1732 0.3868
096 108 0.1732 0.1732 0.1732 0.2956
097 098 0.1732 0.2055 0.2055 0.2956
097 109 0.1732 0.2956 0.3868 0.3868
098 099 0.3868 0.1732 0.2956 0.3868
098 110 0.3868 0.1732 0.1732 0.2956
099 100 0.3868 0.3868 0.2956 0.3868
099 111 0.2055 0.1732 0.2055 0.1732
100 101 0.3868 0.2956 0.2055 0.1732
100 112 0.3868 0.2956 0.1732 0.2055
101 102 0.2956 0.2956 0.2956 0.1732
101 113 0.2956 0.3868 0.2055 0.2055
102 103 0.2956 0.3868 0.2956 0.1732
102 114 0.2055 0.2956 0.1732 0.1732
103 104 0.3868 0.1732 0.2956 0.1732
103 115 0.2055 0.3868 0.2055 0.2055
104 105 0.2055 0.2055 0.2956 0.3868
104 116 0.3868 0.2956 0.3868 0.2956
105 106 0.1732 0.3868 0.2055 0.2956
105 117 0.2956 0.1732 0.2956 0.2055
106 107 0.1732 0.2055 0.2055 0.3868
106 118 0.2055 0.2956 0.3868 0.2055
107 096 0.3868 0.3868 0.1732 0.1732
107 119 0.1732 0.3868 0.1732 0.2055
108 109 0.2956 0.2956 0.3868 0.2956
108 120 0.2956 0.2956 0.2956 0.1732
109 110 0.1732 0.1732 0.2055 0.2956
109 121 0.2956 0.1732 0.1732 0.1732
110 111 0.3868 0.3868 0.2055 0.3868
110 122 0.2055 0.1732 0.2055 0.1732
111 112 0.1732 0.2055 0.2055 0.2055
111 123 0.2956 0.1732 0.1732 0.1732
112 113 0.2956 0.2055 0.2956 0.1732
112 124 0.1732 0.2055 0.3868 0.2956
113 114 0.1732 0.2956 0.2055 0.1732
113 125 0.3868 0.3868 0.2956 0.2055
114 115 0.3868 0.2055 0.2956 0.2055
114 126 0.1732 0.3868 0.2956 0.2055
115 116 0.2055 0.2055 0.1732 0.1732
115 127 0.1732 0.2956 0.3868 0.1732
116 117 0.2956 0.1732 0.1732 0.2055
116 128 0.2055 0.2956 0.3868 0.2956
117 118 0.3868 0.2055 0.2055 0.2956
117 129 0.2055 0.1732 0.1732 0.2956
118 119 0.2956 0.2956 0.2055 0.3868
118 130 0.3868 0.3868 0.1732 0.2956
119 108 0.2055 0.2956 0.3868 0.1732
119 131 0.3868 0.2055 0.1732 0.2956
120 121 0.2956 0.1732 0.2055 0.1732
120 132 0.1732 0.2055 0.2055 0.3868
121 122 0.1732 0.1732 0.2956 0.2956
121 133 0.3868 0.1732 0.3868 0.2956
122 123 0.2956 0.3868 0.3868 0.2055
122 134 0.2956 0.2055 0.2956 0.1732
123 124 0.2055 0.3868 0.1732 0.2956
123 135 0.3868 0.2055 0.1732 0.2956
124 125 0.1732 0.1732 0.1732 0.1732
124 136 0.2055 0.1732 0.2055 0.1732
125 126 0.2055 0.2956 0.2956 0.1732
125 137 0.2055 0.2956 0.2956 0.1732
126 127 0.2055 0.1732 0.1732 0.3868
126 138 0.2055 0.2055 0.2956 0.3868
127 128 0.3868 0.2956 0.1732 0.2956
127 139 0.2055 0.2956 0.1732 0.2055
128 129 0.2956 0.2956 0.3868 0.2956
128 140 0.3868 0.1732 0.2055 0.3868
129 130 0.1732 0.2055 0.2055 0.2956
129 141 0.2956 0.1732 0.2055 0.3868
130 131 0.1732 0.1732 0.3868 0.2956
130 142 0.2956 0.3868 0.2055 0.2956
131 120 0.1732 0.2956 0.2055 0.2055
131 011 0.1732 0.2055 0.2956 0.1732
132 133 0.1732 0.2956 0.2956 0.3868
132 000 0.1732 0.2956 0.3868 0.2956
133 134 0.3868 0.1732 0.3868 0.2055
133 001 0.2055 0.2055 0.2055 0.2055
134 135 0.3868 0.2055 0.3868 0.3868
134 002 0.2055 0.3868 0.2055 0.2055
135 136 0.2055 0.2956 0.2956 0.2956
135 003 0.3868 0.1732 0.3868 0.1732
136 137 0.2055 0.1732 0.3868 0.2956
136 004 0.3868 0.2055 0.2956 0.3868
137 138 0.1732 0.3868 0.2956 0.2956
137 005 0.1732 0.3868 0.2055 0.2956
138 139 0.1732 0.3868 0.1732 0.3868
138 006 0.3868 0.3868 0.2055 0.2055
139 140 0.2956 0.1732 0.3868 0.2956
139 007 0.1732 0.2956 0.2055 0.2055
140 141 0.1732 0.1732 0.3868 0.2956
140 008 0.2956 0.2956 0.2956 0.3868
141 142 0.3868 0.2055 0.1732 0.2956
141 009 0.2055 0.1732 0.1732 0.2055
142 132 0.2055 0.2956 0.2055 0.2055
142 010 0.2055 0.2055 0.2956 0.2956
