143 002556 2 286
000 001 0.2208 0.2208 0.6263 0.2208
000 012 0.2208 0.9085 0.2208 0.9085
001 002 0.8105 0.9085 0.2208 0.9085
001 013 0.2208 0.6263 0.2208 0.2208
002 003 0.8105 0.6263 0.8105 0.2208
002 014 0.9085 0.2208 0.2208 0.8105
003 004 0.8105 0.6263 0.2208 0.2208
003 015 0.2208 0.2208 0.9085 0.9085
004 005 0.8105 0.9085 0.2208 0.8105
004 016 0.6263 0.9085 0.9085 0.9085
005 006 0.6263 0.6263 0.8105 0.9085
005 017 0.2208 0.9085 0.9085 0.9085
006 007 0.9085 0.2208 0.6263 0.2208
006 018 0.9085 0.2208 0.8105 0.2208
007 008 0.9085 0.9085 0.8105 0.8105
007 019 0.2208 0.8105 0.9085 0.9085
008 009 0.8105 0.9085 0.8105 0.9085
008 020 0.6263 0.6263 0.9085 0.8105
009 010 0.6263 0.2208 0.6263 0.8105
009 021 0.9085 0.6263 0.6263 0.8105
010 011 0.8105 0.9085 0.2208 0.8105
010 022 0.8105 0.6263 0.2208 0.9085
011 000 0.2208 0.6263 0.9085 0.9085
011 023 0.9085 0.8105 0.9085 0.8105
012 013 0.8105 0.9085 0.6263 0.8105
012 024 0.8105 0.8105 0.2208 0.2208
013 014 0.9085 0.2208 0.8105 0.2208
013 025 0.9085 0.9085 0.9085 0.9085
014 015 0.6263 0.2208 0.6263 0.2208
014 026 0.8105 0.2208 0.8105 0.6263
015 016 0.9085 0.9085 0.6263 0.6263
015 027 0.8105 0.9085 0.2208 0.6263
016 017 0.8105 0.8105 0.9085 0.6263
016 028 0.9085 0.9085 0.9085 0.6263
017 018 0.9085 0.2208 0.2208 0.6263
017 029 0.8105 0.6263 0.2208 0.9085
018 019 0.9085 0.6263 0.2208 0.9085
018 030 0.2208 0.9085 0.6263 0.2208
019 020 0.2208 0.2208 0.2208 0.2208
019 031 0.9085 0.8105 0.9085 0.8105
020 021 0.9085 0.2208 0.6263 0.9085
020 032 0.2208 0.6263 0.8105 0.2208
021 022 0.8105 0.2208 0.9085 0.9085
021 033 0.9085 0.2208 0.2208 0.9085
022 023 0.8105 0.2208 0.8105 0.2208
022 034 0.8105 0.9085 0.2208 0.6263
023 012 0.6263 0.6263 0.2208 0.6263
023 035 0.9085 0.9085 0.8105 0.2208
024 025 0.9085 0.8105 0.8105 0.8105
024 036 0.9085 0.6263 0.2208 0.2208
025 026 0.2208 0.6263 0.2208 0.8105
025 037 0.9085 0.2208 0.8105 0.6263
026 027 0.8105 0.8105 0.9085 0.2208
026 038 0.2208 0.8105 0.6263 0.6263
027 028 0.2208 0.9085 0.2208 0.9085
027 039 0.2208 0.6263 0.8105 0.9085
028 029 0.6263 0.8105 0.6263 0.2208
028 040 0.8105 0.2208 0.2208 0.6263
029 030 0.6263 0.2208 0.6263 0.9085
029 041 0.9085 0.6263 0.9085 0.6263
030 031 0.2208 0.2208 0.8105 0.9085
030 042 0.9085 0.6263 0.2208 0.8105
031 032 0.9085 0.9085 0.6263 0.6263
031 043 0.9085 0.8105 0.6263 0.6263
032 033 0.6263 0.8105 0.9085 0.9085
032 044 0.2208 0.9085 0.2208 0.2208
033 034 0.9085 0.2208 0.6263 0.2208
033 045 0.8105 0.2208 0.9085 0.8105
034 035 0.6263 0.6263 0.6263 0.6263
034 046 0.8105 0.8105 0.6263 0.8105
035 024 0.8105 0.2208 0.6263 0.2208
035 047 0.8105 0.9085 0.6263 0.9085
036 037 0.2208 0.8105 0.9085 0.6263
036 048 0.2208 0.9085 0.2208 0.9085
037 038 0.2208 0.9085 0.2208 0.9085
037 049 0.2208 0.6263 0.2208 0.9085
038 039 0.9085 0.6263 0.8105 0.9085
038 050 0.2208 0.2208 0.9085 0.6263
039 040 0.9085 0.2208 0.6263 0.2208
039 051 0.8105 0.9085 0.6263 0.9085
040 041 0.8105 0.2208 0.8105 0.2208
040 052 0.2208 0.8105 0.2208 0.2208
041 042 0.2208 0.6263 0.8105 0.9085
041 053 0.2208 0.6263 0.8105 0.2208
042 043 0.2208 0.2208 0.9085 0.9085
042 054 0.6263 0.8105 0.9085 0.6263
043 044 0.8105 0.6263 0.6263 0.9085
043 055 0.2208 0.9085 0.2208 0.2208
044 045 0.8105 0.6263 0.8105 0.8105
044 056 0.6263 0.8105 0.2208 0.9085
045 046 0.6263 0.8105 0.2208 0.9085
045 057 0.2208 0.9085 0.2208 0.8105
046 047 0.9085 0.6263 0.8105 0.2208
046 058 0.2208 0.8105 0.9085 0.9085
047 036 0.9085 0.6263 0.2208 0.6263
047 059 0.6263 0.6263 0.9085 0.8105
048 049 0.2208 0.9085 0.2208 0.2208
048 060 0.2208 0.6263 0.9085 0.9085
049 050 0.9085 0.6263 0.9085 0.8105
049 061 0.2208 0.2208 0.9085 0.9085
050 051 0.2208 0.6263 0.9085 0.6263
050 062 0.8105 0.9085 0.2208 0.6263
051 052 0.2208 0.9085 0.9085 0.2208
051 063 0.6263 0.2208 0.6263 0.2208
052 053 0.2208 0.6263 0.9085 0.9085
052 064 0.6263 0.8105 0.2208 0.2208
053 054 0.9085 0.2208 0.6263 0.2208
053 065 0.8105 0.8105 0.8105 0.2208
054 055 0.6263 0.2208 0.6263 0.2208
054 066 0.6263 0.8105 0.2208 0.9085
055 056 0.9085 0.9085 0.2208 0.2208
055 067 0.6263 0.9085 0.8105 0.6263
056 057 0.9085 0.6263 0.9085 0.8105
056 068 0.2208 0.9085 0.2208 0.2208
057 058 0.2208 0.8105 0.9085 0.9085
057 069 0.8105 0.6263 0.6263 0.6263
058 059 0.8105 0.8105 0.8105 0.6263
058 070 0.8105 0.6263 0.8105 0.9085
059 048 0.8105 0.8105 0.6263 0.9085
059 071 0.6263 0.9085 0.9085 0.2208
060 061 0.6263 0.2208 0.9085 0.8105
060 072 0.8105 0.6263 0.6263 0.2208
061 062 0.6263 0.8105 0.6263 0.2208
061 073 0.9085 0.6263 0.6263 0.6263
062 063 0.9085 0.2208 0.8105 0.8105
062 074 0.8105 0.6263 0.8105 0.8105
063 064 0.8105 0.8105 0.2208 0.2208
063 075 0.8105 0.9085 0.2208 0.8105
064 065 0.2208 0.6263 0.9085 0.6263
064 076 0.6263 0.8105 0.2208 0.8105
065 066 0.8105 0.9085 0.2208 0.8105
065 077 0.6263 0.6263 0.2208 0.8105
066 067 0.6263 0.6263 0.9085 0.2208
066 078 0.6263 0.6263 0.2208 0.2208
067 068 0.2208 0.2208 0.8105 0.8105
067 079 0.6263 0.6263 0.9085 0.9085
068 069 0.9085 0.6263 0.2208 0.2208
068 080 0.8105 0.2208 0.2208 0.2208
069 070 0.9085 0.9085 0.8105 0.9085
069 081 0.8105 0.9085 0.8105 0.6263
070 071 0.8105 0.6263 0.8105 0.6263
070 082 0.6263 0.8105 0.8105 0.9085
071 060 0.9085 0.8105 0.9085 0.8105
071 083 0.8105 0.8105 0.6263 0.9085
072 073 0.6263 0.6263 0.6263 0.8105
072 084 0.2208 0.9085 0.2208 0.8105
073 074 0.9085 0.6263 0.9085 0.2208
073 085 0.9085 0.8105 0.2208 0.9085
074 075 0.6263 0.8105 0.6263 0.9085
074 086 0.9085 0.2208 0.9085 0.2208
075 076 0.2208 0.2208 0.2208 0.9085
075 087 0.2208 0.6263 0.2208 0.2208
076 077 0.2208 0.2208 0.6263 0.2208
076 088 0.2208 0.2208 0.8105 0.8105
077 078 0.6263 0.9085 0.2208 0.2208
077 089 0.6263 0.2208 0.9085 0.6263
078 079 0.9085 0.8105 0.2208 0.6263
078 090 0.2208 0.2208 0.8105 0.6263
079 080 0.9085 0.6263 0.6263 0.9085
079 091 0.8105 0.6263 0.8105 0.9085
080 081 0.2208 0.2208 0.2208 0.2208
080 092 0.2208 0.2208 0.2208 0.6263
081 082 0.8105 0.2208 0.2208 0.6263
081 093 0.6263 0.6263 0.8105 0.9085
082 083 0.2208 0.6263 0.2208 0.2208
082 094 0.9085 0.9085 0.8105 0.6263
083 072 0.9085 0.6263 0.6263 0.9085
083 095 0.9085 0.8105 0.2208 0.8105
084 085 0.9085 0.9085 0.9085 0.9085
084 096 0.8105 0.8105 0.8105 0.8105
085 086 0.6263 0.6263 0.9085 0.9085
085 097 0.9085 0.8105 0.9085 0.2208
086 087 0.6263 0.6263 0.6263 0.2208
086 098 0.9085 0.8105 0.6263 0.9085
087 088 0.9085 0.2208 0.6263 0.8105
087 099 0.8105 0.6263 0.6263 0.9085
088 089 0.6263 0.9085 0.2208 0.2208
088 100 0.9085 0.2208 0.2208 0.2208
089 090 0.8105 0.6263 0.8105 0.9085
089 101 0.2208 0.2208 0.8105 0.9085
090 091 0.8105 0.8105 0.6263 0.8105
090 102 0.8105 0.6263 0.8105 0.6263
091 092 0.2208 0.2208 0.6263 0.8105
091 103 0.6263 0.8105 0.9085 0.6263
092 093 0.6263 0.2208 0.2208 0.8105
092 104 0.9085 0.8105 0.9085 0.6263
093 094 0.8105 0.6263 0.9085 0.8105
093 105 0.9085 0.2208 0.9085 0.2208
094 095 0.2208 0.2208 0.6263 0.9085
094 106 0.2208 0.6263 0.2208 0.2208
095 084 0.8105 0.2208 0.9085 0.8105
095 107 0.8105 0.8105 0.6263 0.2208
096 097 0.8105 0.6263 0.8105 0.9085
096 108 0.8105 0.9085 0.2208 0.8105
097 098 0.8105 0.9085 0.8105 0.8105
097 109 0.9085 0.6263 0.9085 0.9085
098 099 0.9085 0.9085 0.9085 0.8105
098 110 0.6263 0.9085 0.6263 0.9085
099 100 0.6263 0.6263 0.6263 0.9085
099 111 0.6263 0.9085 0.9085 0.9085
100 101 0.8105 0.6263 0.8105 0.9085
100 112 0.2208 0.6263 0.8105 0.8105
101 102 0.2208 0.2208 0.6263 0.8105
101 113 0.8105 0.9085 0.8105 0.9085
102 103 0.6263 0.6263 0.6263 0.8105
102 114 0.9085 0.9085 0.8105 0.8105
103 104 0.2208 0.2208 0.2208 0.9085
103 115 0.9085 0.8105 0.9085 0.2208
104 105 0.8105 0.9085 0.8105 0.6263
104 116 0.2208 0.2208 0.2208 0.2208
105 106 0.8105 0.2208 0.9085 0.2208
105 117 0.8105 0.8105 0.9085 0.9085
106 107 0.6263 0.9085 0.6263 0.6263
106 118 0.9085 0.2208 0.6263 0.2208
107 096 0.9085 0.8105 0.8105 0.2208
107 119 0.9085 0.2208 0.9085 0.9085
108 109 0.9085 0.6263 0.6263 0.8105
108 120 0.9085 0.9085 0.2208 0.2208
109 110 0.6263 0.2208 0.6263 0.9085
109 121 0.9085 0.8105 0.2208 0.2208
110 111 0.9085 0.8105 0.2208 0.9085
110 122 0.6263 0.9085 0.8105 0.9085
111 112 0.6263 0.8105 0.2208 0.9085
111 123 0.2208 0.2208 0.9085 0.8105
112 113 0.2208 0.9085 0.2208 0.8105
112 124 0.2208 0.6263 0.6263 0.9085
113 114 0.2208 0.9085 0.2208 0.2208
113 125 0.6263 0.2208 0.8105 0.8105
114 115 0.6263 0.2208 0.2208 0.8105
114 126 0.6263 0.2208 0.9085 0.8105
115 116 0.6263 0.8105 0.9085 0.9085
115 127 0.9085 0.2208 0.2208 0.2208
116 117 0.2208 0.8105 0.8105 0.6263
116 128 0.9085 0.2208 0.8105 0.8105
117 118 0.8105 0.9085 0.2208 0.8105
117 129 0.6263 0.6263 0.8105 0.9085
118 119 0.8105 0.2208 0.2208 0.9085
118 130 0.8105 0.9085 0.9085 0.2208
119 108 0.6263 0.2208 0.2208 0.8105
119 131 0.9085 0.9085 0.9085 0.2208
120 121 0.8105 0.2208 0.2208 0.8105
120 132 0.9085 0.8105 0.8105 0.8105
121 122 0.6263 0.2208 0.2208 0.8105
121 133 0.6263 0.2208 0.9085 0.9085
122 123 0.9085 0.9085 0.6263 0.9085
122 134 0.9085 0.6263 0.2208 0.8105
123 124 0.8105 0.6263 0.9085 0.9085
123 135 0.9085 0.6263 0.6263 0.8105
124 125 0.6263 0.8105 0.2208 0.8105
124 136 0.9085 0.2208 0.8105 0.2208
125 126 0.6263 0.2208 0.9085 0.9085
125 137 0.8105 0.6263 0.2208 0.2208
126 127 0.9085 0.8105 0.8105 0.2208
126 138 0.6263 0.6263 0.8105 0.2208
127 128 0.6263 0.2208 0.2208 0.8105
127 139 0.6263 0.9085 0.6263 0.6263
128 129 0.9085 0.6263 0.2208 0.2208
128 140 0.8105 0.6263 0.2208 0.8105
129 130 0.6263 0.2208 0.9085 0.8105
129 141 0.8105 0.2208 0.6263 0.8105
130 131 0.6263 0.2208 0.9085 0.2208
130 142 0.9085 0.9085 0.8105 0.6263
131 120 0.9085 0.6263 0.9085 0.2208
131 011 0.8105 0.8105 0.6263 0.8105
132 133 0.2208 0.2208 0.8105 0.6263
132 000 0.9085 0.9085 0.6263 0.8105
133 134 0.8105 0.8105 0.9085 0.6263
133 001 0.8105 0.8105 0.8105 0.9085
134 135 0.2208 0.9085 0.6263 0.6263
134 002 0.2208 0.2208 0.8105 0.9085
135 136 0.8105 0.8105 0.9085 0.8105
135 003 0.6263 0.8105 0.6263 0.9085
136 137 0.2208 0.6263 0.9085 0.2208
136 004 0.6263 0.9085 0.8105 0.8105
137 138 0.6263 0.2208 0.8105 0.6263
137 005 0.2208 0.6263 0.6263 0.6263
138 139 0.9085 0.2208 0.8105 0.8105
138 006 0.9085 0.6263 0.9085 0.2208
139 140 0.9085 0.8105 0.9085 0.2208
139 007 0.8105 0.9085 0.9085 0.8105
140 141 0.6263 0.9085 0.2208 0.9085
140 008 0.8105 0.2208 0.2208 0.2208
141 142 0.8105 0.2208 0.8105 0.9085
141 009 0.9085 0.8105 0.6263 0.6263
142 132 0.8105 0.2208 0.8105 0.8105
142 010 0.2208 0.8105 0.6263 0.8105
