135 004556 1
008 003 0.3722 0.8900 0.1645 0.8900
109 008 0.3722 0.3722 0.3722 0.1645
003 109 0.1645 0.8900 0.3722 0.8900
056 041 0.8900 0.8900 0.1645 0.3722
041 056 0.8900 0.8900 0.8900 0.1645
092 129 0.1645 0.3722 0.3722 0.3722
129 092 0.8900 0.3722 0.2820 0.8900
076 018 0.3722 0.1645 0.2820 0.3722
018 076 0.2820 0.1645 0.3722 0.3722
074 119 0.2820 0.2820 0.1645 0.3722
119 074 0.3722 0.1645 0.3722 0.2820
061 132 0.3722 0.1645 0.2820 0.3722
132 061 0.1645 0.1645 0.1645 0.2820
010 096 0.2820 0.1645 0.8900 0.1645
096 010 0.8900 0.3722 0.1645 0.1645
028 077 0.2820 0.8900 0.2820 0.8900
077 028 0.1645 0.1645 0.8900 0.2820
086 000 0.3722 0.1645 0.8900 0.2820
000 086 0.8900 0.1645 0.2820 0.3722
022 043 0.1645 0.8900 0.2820 0.2820
043 022 0.8900 0.2820 0.1645 0.3722
038 007 0.1645 0.1645 0.1645 0.2820
007 038 0.8900 0.1645 0.8900 0.1645
085 005 0.8900 0.8900 0.8900 0.2820
005 085 0.2820 0.1645 0.2820 0.2820
026 070 0.3722 0.1645 0.2820 0.2820
070 026 0.8900 0.3722 0.1645 0.2820
123 101 0.2820 0.3722 0.8900 0.3722
101 123 0.1645 0.3722 0.2820 0.1645
031 128 0.1645 0.8900 0.8900 0.2820
128 031 0.8900 0.3722 0.8900 0.1645
020 021 0.8900 0.3722 0.1645 0.8900
021 020 0.1645 0.3722 0.1645 0.8900
023 029 0.3722 0.8900 0.8900 0.3722
029 023 0.8900 0.1645 0.3722 0.3722
045 050 0.8900 0.8900 0.1645 0.3722
050 045 0.8900 0.3722 0.1645 0.1645
004 013 0.1645 0.1645 0.1645 0.3722
013 004 0.3722 0.8900 0.3722 0.3722
080 078 0.3722 0.1645 0.8900 0.3722
078 080 0.3722 0.3722 0.3722 0.3722
066 039 0.2820 0.1645 0.1645 0.3722
039 066 0.2820 0.8900 0.3722 0.3722
044 037 0.1645 0.3722 0.1645 0.1645
037 044 0.2820 0.1645 0.3722 0.2820
046 099 0.3722 0.3722 0.8900 0.8900
099 046 0.8900 0.8900 0.1645 0.2820
082 108 0.2820 0.1645 0.2820 0.1645
108 082 0.2820 0.2820 0.1645 0.3722
040 058 0.3722 0.3722 0.1645 0.1645
058 040 0.8900 0.8900 0.2820 0.3722
110 112 0.3722 0.3722 0.3722 0.8900
112 110 0.2820 0.3722 0.3722 0.1645
120 034 0.2820 0.1645 0.2820 0.8900
034 120 0.3722 0.8900 0.3722 0.2820
047 006 0.2820 0.3722 0.1645 0.3722
006 047 0.2820 0.1645 0.1645 0.2820
122 102 0.2820 0.8900 0.8900 0.3722
102 122 0.2820 0.2820 0.8900 0.8900
130 062 0.8900 0.3722 0.8900 0.8900
062 130 0.2820 0.1645 0.8900 0.8900
001 107 0.1645 0.8900 0.8900 0.2820
107 001 0.1645 0.1645 0.2820 0.8900
111 115 0.3722 0.8900 0.3722 0.1645
115 111 0.1645 0.3722 0.2820 0.3722
127 059 0.3722 0.1645 0.1645 0.1645
059 127 0.1645 0.3722 0.3722 0.1645
032 116 0.8900 0.2820 0.8900 0.2820
116 032 0.1645 0.8900 0.8900 0.1645
068 073 0.8900 0.3722 0.2820 0.8900
073 068 0.1645 0.3722 0.8900 0.3722
009 015 0.2820 0.1645 0.3722 0.3722
015 009 0.1645 0.2820 0.3722 0.8900
016 014 0.8900 0.1645 0.2820 0.8900
014 016 0.1645 0.8900 0.3722 0.2820
094 081 0.2820 0.8900 0.8900 0.8900
081 094 0.2820 0.3722 0.8900 0.2820
134 133 0.1645 0.1645 0.2820 0.1645
133 134 0.1645 0.8900 0.1645 0.1645
097 053 0.3722 0.3722 0.2820 0.3722
053 097 0.1645 0.1645 0.3722 0.1645
088 012 0.3722 0.1645 0.8900 0.1645
012 088 0.1645 0.2820 0.2820 0.2820
019 033 0.8900 0.1645 0.3722 0.8900
033 019 0.2820 0.3722 0.3722 0.2820
114 051 0.3722 0.2820 0.8900 0.1645
051 114 0.2820 0.1645 0.3722 0.8900
125 054 0.3722 0.2820 0.8900 0.1645
054 125 0.8900 0.2820 0.2820 0.8900
067 036 0.3722 0.2820 0.8900 0.1645
036 067 0.2820 0.1645 0.1645 0.1645
035 063 0.3722 0.3722 0.3722 0.1645
063 035 0.2820 0.1645 0.3722 0.1645
126 052 0.1645 0.3722 0.8900 0.2820
052 126 0.3722 0.2820 0.3722 0.3722
093 090 0.3722 0.2820 0.3722 0.8900
090 093 0.2820 0.8900 0.1645 0.1645
060 098 0.2820 0.2820 0.2820 0.2820
098 060 0.2820 0.1645 0.3722 0.1645
124 106 0.1645 0.3722 0.3722 0.2820
106 124 0.2820 0.3722 0.2820 0.1645
121 057 0.2820 0.2820 0.8900 0.3722
057 121 0.2820 0.1645 0.2820 0.3722
079 075 0.3722 0.3722 0.1645 0.8900
075 079 0.2820 0.8900 0.3722 0.2820
095 083 0.3722 0.1645 0.3722 0.2820
083 095 0.2820 0.2820 0.2820 0.2820
071 002 0.3722 0.2820 0.1645 0.1645
002 071 0.8900 0.1645 0.3722 0.3722
084 064 0.2820 0.2820 0.8900 0.8900
064 084 0.2820 0.2820 0.3722 0.3722
042 131 0.2820 0.1645 0.2820 0.2820
131 042 0.3722 0.2820 0.2820 0.2820
104 105 0.3722 0.1645 0.8900 0.8900
105 104 0.8900 0.1645 0.2820 0.1645
069 103 0.8900 0.3722 0.1645 0.2820
103 069 0.1645 0.1645 0.3722 0.3722
117 011 0.1645 0.3722 0.8900 0.1645
011 117 0.3722 0.3722 0.3722 0.2820
113 091 0.8900 0.1645 0.3722 0.1645
091 113 0.1645 0.8900 0.8900 0.1645
072 017 0.8900 0.2820 0.1645 0.3722
017 072 0.3722 0.2820 0.3722 0.8900
025 048 0.3722 0.1645 0.1645 0.2820
048 025 0.1645 0.8900 0.1645 0.2820
049 055 0.3722 0.3722 0.3722 0.3722
055 049 0.8900 0.2820 0.8900 0.2820
027 118 0.8900 0.3722 0.2820 0.2820
118 027 0.2820 0.1645 0.8900 0.3722
065 024 0.1645 0.2820 0.8900 0.3722
024 065 0.3722 0.1645 0.8900 0.2820
100 030 0.1645 0.8900 0.1645 0.1645
030 100 0.3722 0.2820 0.3722 0.3722
089 087 0.1645 0.2820 0.2820 0.3722
087 089 0.3722 0.3722 0.2820 0.8900
