135 004556 1
060 049 0.2574 0.5394 0.1946 0.5394
049 060 0.2574 0.3314 0.3314 0.3314
117 060 0.1946 0.3314 0.5394 0.3314
057 034 0.2574 0.1946 0.5394 0.2574
034 057 0.3314 0.3314 0.5394 0.5394
101 067 0.5394 0.2574 0.3314 0.5394
067 101 0.1946 0.1946 0.1946 0.2574
055 030 0.2574 0.5394 0.1946 0.1946
030 055 0.5394 0.1946 0.5394 0.5394
116 040 0.2574 0.5394 0.5394 0.5394
040 116 0.3314 0.3314 0.1946 0.5394
066 025 0.2574 0.3314 0.3314 0.1946
025 066 0.1946 0.1946 0.1946 0.2574
062 042 0.5394 0.5394 0.5394 0.3314
042 062 0.5394 0.1946 0.5394 0.3314
126 002 0.1946 0.5394 0.2574 0.3314
002 126 0.2574 0.3314 0.3314 0.1946
106 041 0.2574 0.5394 0.1946 0.5394
041 106 0.1946 0.1946 0.3314 0.3314
031 043 0.3314 0.1946 0.5394 0.2574
043 031 0.1946 0.3314 0.5394 0.2574
003 027 0.2574 0.3314 0.5394 0.5394
027 003 0.2574 0.3314 0.3314 0.5394
128 114 0.1946 0.2574 0.5394 0.3314
114 128 0.2574 0.1946 0.1946 0.5394
134 111 0.2574 0.3314 0.3314 0.2574
111 134 0.1946 0.1946 0.2574 0.3314
108 122 0.5394 0.1946 0.2574 0.1946
122 108 0.5394 0.5394 0.2574 0.1946
070 012 0.2574 0.3314 0.3314 0.1946
012 070 0.5394 0.5394 0.2574 0.1946
119 035 0.3314 0.5394 0.1946 0.3314
035 119 0.1946 0.2574 0.3314 0.1946
036 069 0.2574 0.2574 0.2574 0.2574
069 036 0.3314 0.5394 0.1946 0.1946
112 065 0.3314 0.5394 0.1946 0.3314
065 112 0.3314 0.1946 0.3314 0.3314
016 109 0.2574 0.1946 0.3314 0.2574
109 016 0.1946 0.3314 0.3314 0.2574
013 130 0.2574 0.5394 0.5394 0.1946
130 013 0.5394 0.5394 0.1946 0.2574
073 125 0.3314 0.5394 0.2574 0.1946
125 073 0.1946 0.3314 0.1946 0.5394
054 075 0.2574 0.2574 0.5394 0.1946
075 054 0.5394 0.3314 0.3314 0.2574
053 017 0.2574 0.3314 0.5394 0.2574
017 053 0.3314 0.1946 0.1946 0.3314
076 091 0.5394 0.1946 0.2574 0.2574
091 076 0.1946 0.2574 0.5394 0.5394
121 008 0.1946 0.2574 0.3314 0.2574
008 121 0.5394 0.3314 0.3314 0.3314
118 039 0.3314 0.5394 0.1946 0.2574
039 118 0.2574 0.2574 0.5394 0.1946
050 080 0.3314 0.5394 0.5394 0.3314
080 050 0.2574 0.3314 0.3314 0.3314
024 131 0.1946 0.3314 0.3314 0.2574
131 024 0.2574 0.3314 0.5394 0.3314
000 127 0.1946 0.5394 0.3314 0.3314
127 000 0.3314 0.2574 0.2574 0.2574
084 095 0.3314 0.2574 0.3314 0.3314
095 084 0.1946 0.1946 0.3314 0.1946
092 023 0.2574 0.1946 0.1946 0.5394
023 092 0.1946 0.5394 0.2574 0.3314
093 051 0.5394 0.3314 0.2574 0.5394
051 093 0.1946 0.3314 0.5394 0.3314
100 133 0.1946 0.2574 0.2574 0.3314
133 100 0.5394 0.1946 0.5394 0.5394
098 014 0.2574 0.3314 0.2574 0.3314
014 098 0.1946 0.2574 0.5394 0.2574
086 123 0.1946 0.3314 0.1946 0.1946
123 086 0.1946 0.3314 0.3314 0.1946
104 105 0.3314 0.1946 0.1946 0.5394
105 104 0.2574 0.5394 0.2574 0.1946
033 094 0.3314 0.1946 0.3314 0.3314
094 033 0.1946 0.1946 0.5394 0.2574
029 081 0.5394 0.3314 0.5394 0.3314
081 029 0.5394 0.2574 0.3314 0.5394
087 064 0.2574 0.2574 0.5394 0.2574
064 087 0.1946 0.5394 0.5394 0.5394
096 103 0.3314 0.3314 0.1946 0.3314
103 096 0.5394 0.2574 0.5394 0.5394
046 056 0.5394 0.2574 0.2574 0.3314
056 046 0.3314 0.5394 0.2574 0.3314
005 044 0.1946 0.1946 0.1946 0.1946
044 005 0.2574 0.2574 0.5394 0.5394
004 071 0.2574 0.3314 0.1946 0.5394
071 004 0.3314 0.1946 0.3314 0.5394
063 074 0.5394 0.2574 0.2574 0.5394
074 063 0.1946 0.1946 0.1946 0.2574
061 037 0.3314 0.3314 0.1946 0.3314
037 061 0.1946 0.3314 0.2574 0.3314
115 085 0.1946 0.5394 0.5394 0.3314
085 115 0.1946 0.5394 0.5394 0.1946
097 113 0.2574 0.2574 0.3314 0.2574
113 097 0.2574 0.5394 0.3314 0.5394
079 102 0.2574 0.5394 0.2574 0.5394
102 079 0.5394 0.2574 0.1946 0.1946
090 120 0.3314 0.5394 0.5394 0.5394
120 090 0.1946 0.5394 0.3314 0.2574
048 007 0.1946 0.5394 0.3314 0.2574
007 048 0.1946 0.1946 0.3314 0.3314
129 038 0.2574 0.2574 0.1946 0.2574
038 129 0.3314 0.3314 0.1946 0.5394
001 052 0.5394 0.3314 0.1946 0.1946
052 001 0.5394 0.5394 0.1946 0.5394
110 015 0.2574 0.1946 0.1946 0.5394
015 110 0.2574 0.1946 0.1946 0.5394
045 010 0.3314 0.3314 0.5394 0.2574
010 045 0.2574 0.3314 0.2574 0.5394
078 018 0.2574 0.3314 0.1946 0.2574
018 078 0.2574 0.3314 0.3314 0.1946
107 009 0.2574 0.5394 0.1946 0.3314
009 107 0.5394 0.2574 0.1946 0.1946
011 124 0.3314 0.1946 0.3314 0.2574
124 011 0.3314 0.5394 0.5394 0.3314
047 083 0.2574 0.2574 0.2574 0.3314
083 047 0.5394 0.1946 0.1946 0.3314
028 082 0.5394 0.5394 0.1946 0.5394
082 028 0.2574 0.2574 0.1946 0.1946
019 089 0.1946 0.2574 0.2574 0.3314
089 019 0.3314 0.5394 0.3314 0.2574
099 077 0.3314 0.3314 0.5394 0.3314
077 099 0.1946 0.3314 0.2574 0.3314
068 022 0.3314 0.5394 0.2574 0.2574
022 068 0.5394 0.1946 0.1946 0.2574
072 032 0.1946 0.3314 0.3314 0.3314
032 072 0.3314 0.3314 0.1946 0.5394
058 088 0.2574 0.1946 0.1946 0.2574
088 058 0.5394 0.5394 0.3314 0.3314
059 132 0.5394 0.1946 0.1946 0.5394
132 059 0.5394 0.5394 0.1946 0.1946
026 006 0.1946 0.5394 0.2574 0.3314
006 026 0.1946 0.2574 0.3314 0.3314
020 021 0.1946 0.2574 0.1946 0.5394
021 020 0.1946 0.5394 0.5394 0.1946
