135 004556 1
005 039 0.8319 0.1670 0.1670 0.8319
069 005 0.8755 0.8755 0.1670 0.8755
039 069 0.8319 0.3995 0.8755 0.3995
107 057 0.3995 0.8755 0.1670 0.8755
057 107 0.1670 0.8755 0.3995 0.8319
010 031 0.3995 0.8755 0.8755 0.1670
031 010 0.1670 0.1670 0.8319 0.8755
066 020 0.1670 0.1670 0.8319 0.3995
020 066 0.8319 0.8755 0.1670 0.8319
094 006 0.8319 0.8319 0.8755 0.8319
006 094 0.8755 0.3995 0.8319 0.8319
034 043 0.8319 0.8755 0.3995 0.3995
043 034 0.8319 0.1670 0.8755 0.1670
060 079 0.3995 0.8319 0.3995 0.8319
079 060 0.1670 0.8319 0.8755 0.8319
011 007 0.8755 0.1670 0.8755 0.1670
007 011 0.8755 0.1670 0.3995 0.8319
024 129 0.8755 0.1670 0.8755 0.8755
129 024 0.8319 0.8319 0.1670 0.1670
130 036 0.3995 0.8755 0.8755 0.8319
036 130 0.8319 0.1670 0.8755 0.1670
042 113 0.1670 0.8755 0.1670 0.1670
113 042 0.8755 0.8319 0.1670 0.8755
089 000 0.8755 0.8319 0.8319 0.1670
000 089 0.3995 0.1670 0.1670 0.3995
125 111 0.8319 0.8319 0.1670 0.8755
111 125 0.8319 0.8755 0.3995 0.8319
122 004 0.8755 0.8319 0.8319 0.3995
004 122 0.1670 0.8319 0.1670 0.3995
112 058 0.1670 0.8755 0.1670 0.8755
058 112 0.3995 0.8319 0.3995 0.8755
083 124 0.8755 0.8319 0.8319 0.8755
124 083 0.3995 0.1670 0.8319 0.1670
077 032 0.8319 0.8755 0.1670 0.8755
032 077 0.1670 0.3995 0.8755 0.8755
118 099 0.8319 0.8755 0.8319 0.1670
099 118 0.1670 0.8755 0.8319 0.8755
085 102 0.8755 0.3995 0.8319 0.8319
102 085 0.1670 0.8319 0.8319 0.8319
084 016 0.8755 0.8319 0.3995 0.3995
016 084 0.8755 0.3995 0.8755 0.1670
098 038 0.8755 0.1670 0.8319 0.8319
038 098 0.1670 0.8319 0.8319 0.3995
044 026 0.8755 0.8755 0.8755 0.1670
026 044 0.1670 0.8755 0.8755 0.3995
048 014 0.3995 0.3995 0.8319 0.3995
014 048 0.8319 0.3995 0.8319 0.1670
023 080 0.1670 0.8755 0.8319 0.8755
080 023 0.3995 0.3995 0.8755 0.1670
059 002 0.8319 0.1670 0.3995 0.1670
002 059 0.1670 0.8319 0.3995 0.8319
028 003 0.8755 0.8755 0.3995 0.1670
003 028 0.1670 0.8755 0.3995 0.8755
078 037 0.1670 0.3995 0.3995 0.8319
037 078 0.8319 0.3995 0.8319 0.8755
030 074 0.8755 0.8319 0.3995 0.3995
074 030 0.1670 0.1670 0.1670 0.1670
123 134 0.3995 0.8319 0.8319 0.8319
134 123 0.8319 0.1670 0.1670 0.3995
115 017 0.1670 0.8755 0.1670 0.8319
017 115 0.8755 0.3995 0.8755 0.8755
029 091 0.1670 0.8319 0.8755 0.8755
091 029 0.3995 0.8319 0.8755 0.8319
110 108 0.8755 0.8755 0.3995 0.3995
108 110 0.8319 0.8319 0.3995 0.1670
082 071 0.1670 0.8319 0.8755 0.3995
071 082 0.1670 0.8755 0.1670 0.8755
086 056 0.8319 0.3995 0.3995 0.8319
056 086 0.1670 0.3995 0.1670 0.1670
013 119 0.1670 0.8319 0.3995 0.8755
119 013 0.8319 0.8319 0.8755 0.3995
025 049 0.8755 0.3995 0.8755 0.8319
049 025 0.3995 0.1670 0.8319 0.3995
116 054 0.3995 0.8319 0.1670 0.8755
054 116 0.1670 0.1670 0.8319 0.3995
075 019 0.8755 0.8755 0.1670 0.3995
019 075 0.8319 0.3995 0.8319 0.8319
018 076 0.1670 0.3995 0.1670 0.1670
076 018 0.3995 0.3995 0.8319 0.8755
081 008 0.8755 0.8319 0.3995 0.8319
008 081 0.3995 0.3995 0.8755 0.1670
041 106 0.8319 0.8755 0.3995 0.8319
106 041 0.3995 0.8755 0.3995 0.1670
097 062 0.1670 0.1670 0.8755 0.1670
062 097 0.8755 0.8319 0.8755 0.3995
117 021 0.8755 0.3995 0.3995 0.8319
021 117 0.3995 0.3995 0.1670 0.8755
120 127 0.3995 0.8319 0.8319 0.8755
127 120 0.8755 0.3995 0.1670 0.8755
072 133 0.8755 0.8319 0.8319 0.1670
133 072 0.3995 0.8755 0.8319 0.3995
090 105 0.8319 0.8755 0.8319 0.1670
105 090 0.8319 0.1670 0.1670 0.1670
068 055 0.8319 0.1670 0.3995 0.8319
055 068 0.3995 0.8319 0.3995 0.8755
100 073 0.3995 0.3995 0.8755 0.8755
073 100 0.1670 0.8319 0.8755 0.1670
065 114 0.1670 0.1670 0.3995 0.8755
114 065 0.8319 0.1670 0.8319 0.8755
103 101 0.1670 0.8319 0.8319 0.1670
101 103 0.3995 0.3995 0.8319 0.3995
096 121 0.3995 0.8755 0.3995 0.3995
121 096 0.3995 0.8319 0.8755 0.3995
063 047 0.8319 0.8319 0.1670 0.1670
047 063 0.1670 0.3995 0.3995 0.1670
051 104 0.8319 0.1670 0.3995 0.3995
104 051 0.3995 0.8755 0.3995 0.1670
053 093 0.3995 0.1670 0.3995 0.3995
093 053 0.1670 0.8755 0.8755 0.8755
012 001 0.8319 0.8755 0.8319 0.3995
001 012 0.8319 0.1670 0.1670 0.1670
095 022 0.8755 0.1670 0.8755 0.8319
022 095 0.8755 0.8755 0.8319 0.8319
052 109 0.3995 0.8755 0.1670 0.8319
109 052 0.1670 0.3995 0.8319 0.8755
087 035 0.1670 0.8755 0.1670 0.3995
035 087 0.3995 0.3995 0.1670 0.1670
050 045 0.3995 0.8755 0.8755 0.8755
045 050 0.8319 0.3995 0.1670 0.8755
088 061 0.8319 0.8755 0.8755 0.8319
061 088 0.1670 0.8755 0.8755 0.3995
128 131 0.3995 0.8755 0.8755 0.8755
131 128 0.8319 0.1670 0.8755 0.3995
064 027 0.8319 0.3995 0.8755 0.8755
027 064 0.8755 0.8755 0.8319 0.8755
067 046 0.3995 0.8755 0.8319 0.3995
046 067 0.8319 0.1670 0.3995 0.8319
070 092 0.3995 0.3995 0.3995 0.8319
092 070 0.3995 0.8319 0.3995 0.3995
040 132 0.1670 0.1670 0.3995 0.8755
132 040 0.3995 0.1670 0.1670 0.8319
009 015 0.3995 0.3995 0.8319 0.8755
015 009 0.8319 0.1670 0.8755 0.8319
126 033 0.8319 0.3995 0.3995 0.1670
033 126 0.3995 0.8755 0.8755 0.8755
