135 004556 1
010 131 0.5511 0.5707 0.7212 0.3076
131 049 0.5707 0.5511 0.3076 0.5511
049 010 0.3076 0.7212 0.3076 0.3076
079 098 0.3076 0.3076 0.5511 0.3076
098 079 0.5707 0.3076 0.5707 0.3076
101 054 0.3076 0.5707 0.7212 0.5511
054 101 0.7212 0.5707 0.7212 0.5707
041 012 0.5511 0.5511 0.5511 0.7212
012 041 0.7212 0.5511 0.7212 0.5511
117 073 0.5707 0.5707 0.7212 0.7212
073 117 0.3076 0.5511 0.3076 0.5707
047 132 0.5707 0.3076 0.3076 0.7212
132 047 0.5511 0.5511 0.5707 0.7212
018 050 0.3076 0.3076 0.5511 0.3076
050 018 0.5511 0.3076 0.5511 0.5511
077 038 0.5511 0.5511 0.3076 0.3076
038 077 0.5511 0.5707 0.7212 0.5511
121 089 0.5511 0.5511 0.5707 0.3076
089 121 0.3076 0.3076 0.7212 0.5511
081 112 0.7212 0.7212 0.5511 0.3076
112 081 0.7212 0.3076 0.3076 0.5707
003 134 0.5707 0.5707 0.5707 0.5707
134 003 0.3076 0.3076 0.7212 0.5707
088 125 0.5707 0.5707 0.7212 0.5511
125 088 0.5707 0.7212 0.5511 0.7212
023 110 0.7212 0.7212 0.7212 0.3076
110 023 0.5511 0.3076 0.3076 0.3076
002 029 0.5511 0.3076 0.7212 0.5511
029 002 0.5707 0.5707 0.3076 0.3076
075 071 0.5707 0.5707 0.5707 0.5511
071 075 0.7212 0.3076 0.5707 0.7212
059 044 0.3076 0.7212 0.5707 0.3076
044 059 0.5707 0.5511 0.5707 0.5707
080 076 0.3076 0.7212 0.5511 0.7212
076 080 0.3076 0.5707 0.3076 0.3076
092 060 0.5511 0.5707 0.7212 0.5707
060 092 0.3076 0.5511 0.7212 0.7212
114 099 0.3076 0.3076 0.5707 0.5511
099 114 0.5707 0.5707 0.3076 0.5707
094 066 0.5511 0.7212 0.5511 0.3076
066 094 0.5511 0.5707 0.7212 0.3076
116 130 0.5511 0.7212 0.5707 0.5707
130 116 0.5707 0.7212 0.5511 0.3076
122 119 0.7212 0.5511 0.5707 0.5511
119 122 0.7212 0.3076 0.5707 0.3076
096 004 0.5511 0.3076 0.7212 0.7212
004 096 0.7212 0.5707 0.3076 0.5707
127 093 0.3076 0.5707 0.7212 0.3076
093 127 0.5511 0.5707 0.7212 0.5511
106 055 0.3076 0.5707 0.5511 0.3076
055 106 0.5511 0.5511 0.7212 0.5707
070 019 0.7212 0.7212 0.7212 0.7212
019 070 0.7212 0.5511 0.5511 0.7212
052 006 0.5707 0.5511 0.3076 0.7212
006 052 0.7212 0.5707 0.3076 0.7212
120 046 0.5707 0.5511 0.5707 0.5707
046 120 0.5707 0.3076 0.7212 0.3076
053 045 0.5707 0.7212 0.5707 0.5511
045 053 0.5511 0.3076 0.7212 0.5511
026 015 0.3076 0.5511 0.3076 0.3076
015 026 0.5707 0.7212 0.3076 0.7212
086 072 0.5707 0.7212 0.5511 0.7212
072 086 0.7212 0.7212 0.7212 0.5511
031 030 0.5511 0.7212 0.5511 0.7212
030 031 0.7212 0.5707 0.3076 0.5707
103 034 0.5707 0.3076 0.3076 0.5511
034 103 0.5707 0.7212 0.7212 0.7212
035 036 0.5707 0.5707 0.5707 0.3076
036 035 0.7212 0.5511 0.3076 0.5707
000 085 0.3076 0.3076 0.5707 0.5707
085 000 0.5707 0.3076 0.5511 0.3076
005 062 0.5511 0.5511 0.3076 0.5707
062 005 0.3076 0.3076 0.5707 0.7212
133 102 0.5511 0.5707 0.5511 0.5511
102 133 0.5707 0.5707 0.7212 0.5511
113 037 0.3076 0.3076 0.5511 0.7212
037 113 0.5511 0.3076 0.5511 0.5511
128 028 0.5511 0.3076 0.3076 0.5511
028 128 0.5707 0.5707 0.5511 0.7212
007 014 0.3076 0.5511 0.5511 0.5511
014 007 0.7212 0.7212 0.5707 0.7212
104 024 0.3076 0.7212 0.3076 0.5511
024 104 0.5511 0.3076 0.3076 0.3076
027 011 0.7212 0.5707 0.5511 0.5511
011 027 0.5511 0.5707 0.3076 0.3076
115 001 0.7212 0.5511 0.3076 0.5707
001 115 0.3076 0.5511 0.3076 0.5511
048 065 0.7212 0.3076 0.7212 0.5707
065 048 0.5511 0.7212 0.5511 0.3076
021 056 0.5707 0.5511 0.7212 0.3076
056 021 0.7212 0.3076 0.5707 0.3076
040 068 0.5511 0.5707 0.5707 0.5707
068 040 0.7212 0.5511 0.5511 0.3076
067 009 0.5511 0.5511 0.5511 0.5707
009 067 0.7212 0.5511 0.5707 0.5707
020 074 0.5511 0.5511 0.3076 0.5511
074 020 0.5707 0.5707 0.5511 0.5511
083 022 0.7212 0.3076 0.3076 0.5707
022 083 0.7212 0.7212 0.7212 0.7212
123 109 0.5707 0.5511 0.5707 0.5511
109 123 0.5511 0.5511 0.5707 0.3076
129 124 0.5511 0.5707 0.3076 0.7212
124 129 0.7212 0.7212 0.5707 0.5511
016 008 0.5707 0.7212 0.7212 0.3076
008 016 0.7212 0.5707 0.3076 0.5707
126 042 0.3076 0.5707 0.3076 0.5707
042 126 0.7212 0.7212 0.5511 0.5511
095 063 0.5707 0.3076 0.3076 0.3076
063 095 0.5707 0.3076 0.7212 0.5707
069 107 0.5707 0.5707 0.5511 0.5511
107 069 0.7212 0.3076 0.5707 0.3076
082 043 0.5707 0.5511 0.5511 0.5707
043 082 0.5511 0.7212 0.3076 0.3076
118 017 0.7212 0.5707 0.5707 0.5707
017 118 0.3076 0.5707 0.5511 0.3076
025 084 0.5511 0.5707 0.5511 0.7212
084 025 0.5511 0.3076 0.3076 0.7212
090 039 0.5707 0.3076 0.7212 0.7212
039 090 0.5707 0.7212 0.5511 0.7212
087 013 0.7212 0.5707 0.5511 0.5511
013 087 0.7212 0.5707 0.5707 0.3076
078 108 0.5511 0.3076 0.5511 0.5511
108 078 0.5511 0.3076 0.5707 0.5511
032 057 0.7212 0.5511 0.5511 0.5511
057 032 0.3076 0.3076 0.5707 0.7212
111 064 0.5707 0.7212 0.5511 0.7212
064 111 0.7212 0.5511 0.3076 0.5707
051 097 0.5511 0.7212 0.3076 0.5707
097 051 0.7212 0.7212 0.3076 0.7212
058 033 0.7212 0.7212 0.5511 0.3076
033 058 0.5511 0.7212 0.5707 0.5511
091 105 0.5707 0.5707 0.7212 0.5511
105 091 0.7212 0.5707 0.5707 0.5511
100 061 0.5707 0.3076 0.5707 0.3076
061 100 0.3076 0.5511 0.5511 0.7212
