135 004556 1
061 089 0.3133 0.6143 0.2399 0.3844
089 123 0.3844 0.2399 0.3133 0.6143
123 089 0.3133 0.6143 0.6143 0.6143
095 082 0.3133 0.2399 0.3133 0.6143
082 095 0.6143 0.6143 0.2399 0.3133
094 129 0.3133 0.3133 0.6143 0.2399
129 094 0.2399 0.3844 0.3133 0.6143
041 091 0.2399 0.6143 0.3133 0.3844
091 041 0.3844 0.6143 0.2399 0.3844
047 104 0.3844 0.3133 0.2399 0.6143
104 047 0.2399 0.3133 0.2399 0.2399
062 013 0.3133 0.3844 0.3844 0.2399
013 062 0.2399 0.2399 0.6143 0.6143
114 029 0.3844 0.6143 0.3844 0.2399
029 114 0.3133 0.2399 0.6143 0.3844
075 069 0.6143 0.6143 0.3844 0.3844
069 075 0.6143 0.3844 0.2399 0.3844
040 109 0.2399 0.3844 0.2399 0.3133
109 040 0.3133 0.6143 0.2399 0.2399
106 127 0.3133 0.3844 0.2399 0.3133
127 106 0.3844 0.3844 0.3844 0.6143
045 000 0.2399 0.3844 0.2399 0.3844
000 045 0.3133 0.2399 0.6143 0.2399
088 076 0.3844 0.3844 0.3133 0.3844
076 088 0.6143 0.3844 0.3133 0.3133
037 078 0.3844 0.3133 0.3133 0.2399
078 037 0.6143 0.3844 0.3844 0.3844
126 011 0.2399 0.3844 0.6143 0.3844
011 126 0.6143 0.6143 0.2399 0.6143
110 102 0.3844 0.6143 0.3133 0.6143
102 110 0.6143 0.3844 0.2399 0.2399
043 034 0.3133 0.3133 0.2399 0.3133
034 043 0.6143 0.2399 0.6143 0.2399
122 060 0.6143 0.6143 0.2399 0.3133
060 122 0.3133 0.6143 0.3844 0.6143
020 044 0.3844 0.2399 0.3133 0.3133
044 020 0.3844 0.6143 0.3844 0.6143
087 021 0.3844 0.3133 0.6143 0.2399
021 087 0.6143 0.6143 0.6143 0.6143
071 120 0.3133 0.2399 0.3133 0.2399
120 071 0.3133 0.2399 0.6143 0.6143
096 066 0.3844 0.3133 0.3133 0.6143
066 096 0.3844 0.2399 0.3133 0.3844
084 079 0.2399 0.3133 0.3133 0.3844
079 084 0.3844 0.2399 0.6143 0.2399
058 024 0.3133 0.2399 0.3133 0.2399
024 058 0.3133 0.2399 0.3133 0.3844
012 008 0.3844 0.6143 0.3844 0.6143
008 012 0.3844 0.2399 0.6143 0.6143
001 107 0.3844 0.6143 0.6143 0.6143
107 001 0.2399 0.2399 0.6143 0.6143
113 063 0.6143 0.3844 0.6143 0.6143
063 113 0.3133 0.2399 0.3133 0.6143
036 030 0.3844 0.3844 0.6143 0.6143
030 036 0.2399 0.6143 0.2399 0.2399
119 023 0.3133 0.6143 0.2399 0.3844
023 119 0.3133 0.3133 0.3844 0.3844
031 092 0.2399 0.3133 0.3133 0.2399
092 031 0.3844 0.2399 0.3133 0.6143
072 064 0.3844 0.6143 0.3844 0.3133
064 072 0.6143 0.2399 0.2399 0.3133
010 046 0.3133 0.3133 0.2399 0.3133
046 010 0.3844 0.2399 0.2399 0.6143
003 057 0.3133 0.6143 0.3133 0.2399
057 003 0.6143 0.3844 0.6143 0.2399
056 054 0.6143 0.3133 0.3133 0.6143
054 056 0.6143 0.3844 0.2399 0.2399
049 035 0.3844 0.6143 0.3133 0.3844
035 049 0.2399 0.2399 0.6143 0.6143
085 097 0.6143 0.2399 0.3133 0.3133
097 085 0.3844 0.2399 0.2399 0.2399
004 103 0.6143 0.6143 0.6143 0.6143
103 004 0.6143 0.3133 0.3133 0.2399
009 025 0.3844 0.3844 0.2399 0.6143
025 009 0.6143 0.6143 0.6143 0.6143
028 130 0.6143 0.3844 0.2399 0.2399
130 028 0.3844 0.3844 0.3133 0.2399
128 117 0.2399 0.3844 0.6143 0.6143
117 128 0.2399 0.3133 0.3133 0.2399
005 050 0.3133 0.2399 0.3133 0.3844
050 005 0.6143 0.3133 0.3133 0.3133
015 121 0.6143 0.3844 0.2399 0.3133
121 015 0.3844 0.3133 0.3133 0.3133
019 017 0.2399 0.2399 0.6143 0.3844
017 019 0.2399 0.2399 0.3133 0.2399
051 002 0.6143 0.3133 0.6143 0.6143
002 051 0.6143 0.6143 0.3844 0.3133
065 068 0.3844 0.3133 0.2399 0.3133
068 065 0.6143 0.3133 0.2399 0.3133
022 070 0.6143 0.2399 0.3133 0.2399
070 022 0.6143 0.3133 0.3133 0.6143
108 073 0.3844 0.6143 0.3844 0.3133
073 108 0.2399 0.3844 0.6143 0.2399
016 059 0.2399 0.2399 0.3844 0.3844
059 016 0.6143 0.3844 0.3844 0.2399
124 132 0.3844 0.3133 0.2399 0.6143
132 124 0.6143 0.3133 0.3844 0.3133
115 014 0.2399 0.3133 0.2399 0.6143
014 115 0.3844 0.3133 0.3133 0.2399
007 090 0.3133 0.6143 0.3133 0.2399
090 007 0.2399 0.3844 0.3844 0.3844
067 038 0.3133 0.6143 0.6143 0.6143
038 067 0.3844 0.3844 0.3844 0.3844
080 101 0.2399 0.3133 0.2399 0.3844
101 080 0.3844 0.3133 0.2399 0.3133
032 098 0.2399 0.3844 0.3844 0.3844
098 032 0.6143 0.3133 0.6143 0.3133
048 116 0.3844 0.3133 0.6143 0.3133
116 048 0.3844 0.6143 0.3133 0.6143
042 131 0.6143 0.3133 0.3133 0.3133
131 042 0.3133 0.3844 0.3133 0.2399
074 033 0.6143 0.3133 0.2399 0.6143
033 074 0.2399 0.3133 0.2399 0.2399
112 077 0.2399 0.3844 0.3844 0.3133
077 112 0.2399 0.6143 0.6143 0.6143
052 100 0.3133 0.3133 0.6143 0.3844
100 052 0.6143 0.6143 0.2399 0.6143
083 027 0.3133 0.3844 0.3133 0.3133
027 083 0.3844 0.3133 0.6143 0.2399
053 081 0.3844 0.3133 0.3133 0.3844
081 053 0.2399 0.3133 0.3844 0.2399
055 006 0.3844 0.2399 0.6143 0.3133
006 055 0.3133 0.3844 0.3133 0.3133
086 039 0.3844 0.3133 0.2399 0.2399
039 086 0.3133 0.2399 0.6143 0.2399
125 105 0.3133 0.3133 0.6143 0.3844
105 125 0.2399 0.2399 0.6143 0.2399
099 026 0.3844 0.3844 0.2399 0.3133
026 099 0.3133 0.3844 0.6143 0.6143
133 093 0.3133 0.2399 0.3844 0.2399
093 133 0.6143 0.3844 0.6143 0.6143
118 134 0.3844 0.3133 0.3133 0.3844
134 118 0.6143 0.6143 0.6143 0.3133
111 018 0.3844 0.3844 0.6143 0.3844
018 111 0.3844 0.3133 0.3133 0.3133
