135 004556 1
094 052 0.3462 0.7702 0.7702 0.3462
122 052 0.2063 0.7702 0.3462 0.3462
052 094 0.9241 0.3462 0.7702 0.2063
058 039 0.2063 0.2063 0.9241 0.3462
039 058 0.9241 0.9241 0.7702 0.2063
021 106 0.9241 0.2063 0.7702 0.9241
106 021 0.3462 0.7702 0.7702 0.2063
079 056 0.2063 0.2063 0.7702 0.3462
056 079 0.2063 0.9241 0.9241 0.2063
014 078 0.7702 0.2063 0.7702 0.9241
078 014 0.7702 0.3462 0.3462 0.2063
125 060 0.7702 0.9241 0.9241 0.2063
060 125 0.2063 0.3462 0.9241 0.9241
035 034 0.2063 0.3462 0.7702 0.3462
034 035 0.3462 0.3462 0.3462 0.9241
006 027 0.2063 0.3462 0.7702 0.3462
027 006 0.2063 0.9241 0.7702 0.2063
054 103 0.2063 0.7702 0.3462 0.9241
103 054 0.9241 0.7702 0.7702 0.3462
073 100 0.2063 0.7702 0.3462 0.9241
100 073 0.3462 0.7702 0.7702 0.2063
002 074 0.3462 0.2063 0.7702 0.9241
074 002 0.2063 0.9241 0.9241 0.2063
038 001 0.2063 0.2063 0.7702 0.9241
001 038 0.3462 0.2063 0.2063 0.2063
066 099 0.7702 0.2063 0.9241 0.7702
099 066 0.3462 0.9241 0.9241 0.7702
067 040 0.3462 0.3462 0.7702 0.3462
040 067 0.9241 0.3462 0.9241 0.7702
075 076 0.9241 0.3462 0.3462 0.7702
076 075 0.7702 0.9241 0.2063 0.9241
016 017 0.7702 0.7702 0.3462 0.7702
017 016 0.9241 0.9241 0.3462 0.3462
007 068 0.7702 0.2063 0.3462 0.9241
068 007 0.3462 0.2063 0.2063 0.2063
085 117 0.2063 0.2063 0.2063 0.3462
117 085 0.2063 0.3462 0.3462 0.2063
032 011 0.3462 0.2063 0.3462 0.3462
011 032 0.2063 0.2063 0.7702 0.2063
084 130 0.3462 0.2063 0.7702 0.3462
130 084 0.2063 0.7702 0.3462 0.7702
104 134 0.9241 0.2063 0.7702 0.2063
134 104 0.7702 0.2063 0.2063 0.3462
127 042 0.7702 0.9241 0.7702 0.7702
042 127 0.2063 0.9241 0.7702 0.7702
087 013 0.7702 0.7702 0.3462 0.7702
013 087 0.7702 0.7702 0.3462 0.3462
043 112 0.9241 0.9241 0.3462 0.2063
112 043 0.2063 0.7702 0.9241 0.3462
028 082 0.9241 0.7702 0.3462 0.3462
082 028 0.3462 0.7702 0.7702 0.3462
041 044 0.7702 0.2063 0.3462 0.9241
044 041 0.7702 0.2063 0.9241 0.9241
064 089 0.3462 0.2063 0.2063 0.3462
089 064 0.7702 0.9241 0.7702 0.7702
045 015 0.7702 0.7702 0.3462 0.2063
015 045 0.7702 0.3462 0.2063 0.9241
115 053 0.7702 0.3462 0.9241 0.3462
053 115 0.7702 0.2063 0.3462 0.2063
051 097 0.3462 0.2063 0.2063 0.9241
097 051 0.7702 0.3462 0.3462 0.3462
110 012 0.3462 0.3462 0.2063 0.7702
012 110 0.9241 0.3462 0.2063 0.3462
102 109 0.2063 0.3462 0.7702 0.7702
109 102 0.9241 0.9241 0.2063 0.9241
003 046 0.7702 0.3462 0.3462 0.7702
046 003 0.7702 0.3462 0.3462 0.2063
059 088 0.3462 0.7702 0.3462 0.2063
088 059 0.3462 0.7702 0.2063 0.2063
083 004 0.3462 0.3462 0.9241 0.2063
004 083 0.7702 0.3462 0.7702 0.3462
020 023 0.2063 0.2063 0.3462 0.3462
023 020 0.7702 0.3462 0.7702 0.7702
105 116 0.2063 0.2063 0.2063 0.9241
116 105 0.2063 0.7702 0.7702 0.7702
031 022 0.7702 0.7702 0.7702 0.3462
022 031 0.7702 0.3462 0.7702 0.9241
030 065 0.7702 0.2063 0.2063 0.9241
065 030 0.7702 0.3462 0.3462 0.3462
019 070 0.7702 0.3462 0.9241 0.3462
070 019 0.9241 0.9241 0.7702 0.2063
010 132 0.3462 0.9241 0.2063 0.2063
132 010 0.7702 0.7702 0.7702 0.9241
129 128 0.2063 0.7702 0.7702 0.7702
128 129 0.3462 0.3462 0.7702 0.3462
061 091 0.2063 0.9241 0.2063 0.2063
091 061 0.2063 0.2063 0.9241 0.9241
124 098 0.9241 0.3462 0.7702 0.2063
098 124 0.2063 0.7702 0.7702 0.2063
119 025 0.7702 0.3462 0.9241 0.9241
025 119 0.7702 0.7702 0.7702 0.7702
062 096 0.7702 0.9241 0.2063 0.2063
096 062 0.2063 0.2063 0.3462 0.2063
071 095 0.7702 0.9241 0.9241 0.2063
095 071 0.7702 0.2063 0.2063 0.3462
008 069 0.3462 0.7702 0.2063 0.7702
069 008 0.9241 0.2063 0.3462 0.7702
126 123 0.3462 0.9241 0.9241 0.3462
123 126 0.7702 0.3462 0.7702 0.7702
118 057 0.9241 0.7702 0.3462 0.9241
057 118 0.3462 0.3462 0.3462 0.7702
037 000 0.3462 0.3462 0.7702 0.2063
000 037 0.3462 0.7702 0.3462 0.9241
093 120 0.7702 0.3462 0.7702 0.2063
120 093 0.7702 0.7702 0.7702 0.9241
101 048 0.2063 0.2063 0.7702 0.3462
048 101 0.3462 0.9241 0.9241 0.7702
131 026 0.7702 0.9241 0.2063 0.3462
026 131 0.2063 0.2063 0.7702 0.2063
092 036 0.3462 0.9241 0.7702 0.9241
036 092 0.3462 0.2063 0.3462 0.9241
111 080 0.2063 0.9241 0.2063 0.2063
080 111 0.2063 0.2063 0.3462 0.2063
081 090 0.7702 0.2063 0.2063 0.2063
090 081 0.2063 0.9241 0.3462 0.3462
047 113 0.3462 0.2063 0.2063 0.9241
113 047 0.9241 0.7702 0.9241 0.2063
086 055 0.3462 0.3462 0.2063 0.3462
055 086 0.9241 0.9241 0.7702 0.2063
121 018 0.3462 0.2063 0.9241 0.2063
018 121 0.7702 0.7702 0.9241 0.7702
033 108 0.3462 0.3462 0.9241 0.3462
108 033 0.9241 0.7702 0.7702 0.9241
133 050 0.9241 0.9241 0.2063 0.7702
050 133 0.7702 0.9241 0.7702 0.3462
009 077 0.3462 0.2063 0.2063 0.7702
077 009 0.2063 0.2063 0.9241 0.9241
005 024 0.3462 0.3462 0.3462 0.3462
024 005 0.9241 0.9241 0.9241 0.3462
114 072 0.7702 0.9241 0.7702 0.2063
072 114 0.3462 0.3462 0.7702 0.3462
107 049 0.2063 0.7702 0.7702 0.3462
049 107 0.9241 0.9241 0.9241 0.3462
029 063 0.3462 0.9241 0.7702 0.9241
063 029 0.3462 0.7702 0.2063 0.9241
