135 004556 1
029 032 0.9245 0.5787 0.9245 0.5787
032 029 0.9245 0.6485 0.9245 0.5247
002 029 0.9245 0.6485 0.5247 0.9245
004 106 0.6485 0.6485 0.6485 0.5787
106 004 0.5787 0.6485 0.6485 0.6485
112 016 0.9245 0.5787 0.9245 0.9245
016 112 0.5247 0.9245 0.6485 0.9245
054 045 0.9245 0.5247 0.5787 0.6485
045 054 0.6485 0.5247 0.5247 0.5247
088 059 0.5247 0.5787 0.5787 0.6485
059 088 0.5247 0.9245 0.6485 0.5247
068 052 0.5787 0.9245 0.6485 0.5247
052 068 0.5787 0.5787 0.5787 0.6485
041 127 0.9245 0.5787 0.6485 0.9245
127 041 0.9245 0.9245 0.9245 0.5247
053 095 0.6485 0.6485 0.5247 0.5247
095 053 0.5787 0.9245 0.6485 0.5247
037 000 0.6485 0.5787 0.5787 0.5787
000 037 0.9245 0.9245 0.5787 0.9245
056 118 0.9245 0.6485 0.9245 0.6485
118 056 0.9245 0.6485 0.5247 0.9245
018 126 0.6485 0.9245 0.5787 0.6485
126 018 0.5247 0.9245 0.5787 0.6485
073 065 0.5247 0.5787 0.5787 0.9245
065 073 0.5787 0.9245 0.5787 0.5787
067 031 0.9245 0.5247 0.5787 0.9245
031 067 0.5787 0.9245 0.5787 0.5787
048 080 0.6485 0.6485 0.5247 0.5787
080 048 0.6485 0.5787 0.9245 0.6485
034 113 0.9245 0.6485 0.6485 0.9245
113 034 0.5787 0.5787 0.6485 0.5787
083 111 0.9245 0.6485 0.6485 0.9245
111 083 0.9245 0.6485 0.9245 0.6485
057 001 0.6485 0.5787 0.9245 0.9245
001 057 0.5787 0.6485 0.9245 0.5247
091 100 0.5247 0.6485 0.5247 0.5247
100 091 0.5247 0.6485 0.5787 0.5787
043 021 0.9245 0.5787 0.6485 0.9245
021 043 0.6485 0.9245 0.5247 0.5787
044 103 0.6485 0.5247 0.5787 0.5247
103 044 0.6485 0.5247 0.6485 0.9245
077 090 0.6485 0.9245 0.9245 0.9245
090 077 0.5787 0.5787 0.5787 0.5787
008 129 0.6485 0.5787 0.5247 0.9245
129 008 0.5247 0.6485 0.5247 0.6485
026 105 0.5247 0.5787 0.9245 0.9245
105 026 0.5247 0.5247 0.6485 0.6485
132 033 0.6485 0.5787 0.5787 0.5247
033 132 0.6485 0.6485 0.6485 0.5247
097 081 0.5787 0.9245 0.9245 0.9245
081 097 0.5787 0.5247 0.6485 0.9245
017 122 0.5787 0.5247 0.5247 0.9245
122 017 0.6485 0.5247 0.9245 0.5787
096 066 0.6485 0.6485 0.5247 0.5247
066 096 0.5787 0.9245 0.5247 0.6485
007 099 0.5247 0.5787 0.5787 0.9245
099 007 0.9245 0.6485 0.9245 0.5787
089 086 0.5787 0.6485 0.6485 0.6485
086 089 0.5247 0.6485 0.5787 0.6485
042 069 0.6485 0.6485 0.5247 0.6485
069 042 0.5787 0.6485 0.5787 0.5787
114 085 0.5787 0.6485 0.6485 0.5247
085 114 0.9245 0.6485 0.6485 0.6485
027 038 0.6485 0.9245 0.5247 0.5247
038 027 0.6485 0.6485 0.5247 0.9245
049 124 0.6485 0.5787 0.6485 0.9245
124 049 0.6485 0.5787 0.5247 0.6485
055 028 0.5787 0.5787 0.5787 0.6485
028 055 0.5787 0.5787 0.9245 0.5247
078 093 0.9245 0.5247 0.6485 0.9245
093 078 0.5247 0.6485 0.6485 0.9245
030 071 0.5247 0.5247 0.6485 0.5787
071 030 0.6485 0.5787 0.5247 0.9245
084 062 0.5247 0.6485 0.5247 0.9245
062 084 0.5247 0.6485 0.5247 0.5787
107 130 0.5247 0.6485 0.6485 0.5247
130 107 0.5787 0.5787 0.5247 0.5247
003 060 0.6485 0.9245 0.9245 0.5787
060 003 0.5787 0.5787 0.5787 0.9245
121 010 0.6485 0.9245 0.9245 0.5247
010 121 0.9245 0.5787 0.9245 0.9245
109 123 0.9245 0.6485 0.5247 0.5247
123 109 0.5247 0.5247 0.6485 0.6485
082 116 0.5787 0.9245 0.6485 0.5247
116 082 0.5787 0.5787 0.6485 0.5787
050 022 0.5787 0.6485 0.6485 0.6485
022 050 0.5247 0.5247 0.9245 0.6485
040 102 0.5247 0.9245 0.9245 0.5247
102 040 0.9245 0.9245 0.5787 0.9245
024 035 0.5787 0.9245 0.6485 0.5247
035 024 0.5247 0.9245 0.5247 0.5787
023 051 0.5247 0.5247 0.6485 0.5247
051 023 0.6485 0.9245 0.6485 0.5247
005 110 0.5787 0.9245 0.6485 0.5247
110 005 0.6485 0.5247 0.5247 0.5247
098 013 0.5787 0.6485 0.5247 0.6485
013 098 0.5247 0.9245 0.5787 0.6485
104 131 0.5247 0.5247 0.6485 0.9245
131 104 0.5787 0.5247 0.5787 0.9245
039 070 0.5247 0.5247 0.5247 0.5787
070 039 0.5787 0.5247 0.6485 0.6485
006 108 0.5247 0.6485 0.5787 0.9245
108 006 0.5787 0.9245 0.5787 0.6485
063 119 0.6485 0.5247 0.5787 0.5787
119 063 0.5247 0.9245 0.9245 0.5787
076 101 0.6485 0.6485 0.6485 0.5787
101 076 0.5247 0.5787 0.5787 0.6485
014 046 0.6485 0.5787 0.5247 0.5247
046 014 0.6485 0.9245 0.9245 0.6485
011 025 0.5787 0.5787 0.6485 0.6485
025 011 0.6485 0.9245 0.6485 0.9245
117 019 0.5247 0.9245 0.5247 0.6485
019 117 0.5787 0.6485 0.9245 0.5247
012 074 0.5247 0.5247 0.9245 0.9245
074 012 0.5787 0.5247 0.9245 0.5787
061 072 0.5247 0.6485 0.5787 0.5247
072 061 0.5787 0.9245 0.9245 0.5787
134 079 0.6485 0.9245 0.5787 0.5247
079 134 0.6485 0.6485 0.6485 0.6485
087 009 0.6485 0.6485 0.6485 0.5247
009 087 0.9245 0.5787 0.9245 0.6485
058 125 0.9245 0.5247 0.5247 0.5787
125 058 0.6485 0.5787 0.5787 0.5787
036 020 0.9245 0.5787 0.5787 0.5247
020 036 0.6485 0.5247 0.5247 0.5787
133 094 0.5247 0.9245 0.6485 0.9245
094 133 0.5787 0.5787 0.6485 0.9245
075 128 0.5247 0.6485 0.6485 0.5787
128 075 0.9245 0.5247 0.6485 0.5787
015 047 0.5247 0.5787 0.5247 0.5787
047 015 0.5787 0.5247 0.6485 0.5247
064 092 0.5787 0.6485 0.5787 0.9245
092 064 0.6485 0.9245 0.9245 0.9245
115 120 0.5247 0.5247 0.5247 0.5787
120 115 0.5787 0.9245 0.5787 0.9245
