135 004556 1
084 070 0.7835 0.2633 0.2633 0.2864
070 122 0.7137 0.7137 0.7137 0.2633
122 070 0.2633 0.7137 0.7137 0.7835
017 035 0.7835 0.7137 0.2864 0.7835
035 017 0.2864 0.7835 0.7137 0.2864
125 026 0.2633 0.2864 0.2864 0.2633
026 125 0.7137 0.7835 0.7137 0.7835
045 004 0.7137 0.2633 0.7137 0.2864
004 045 0.7137 0.7835 0.2633 0.2864
031 006 0.7137 0.2633 0.7137 0.2864
006 031 0.7835 0.7137 0.2633 0.2864
018 076 0.7835 0.2864 0.7137 0.2864
076 018 0.7835 0.2633 0.7137 0.7835
086 007 0.2633 0.7835 0.2633 0.7835
007 086 0.7835 0.7835 0.2864 0.2633
101 021 0.7137 0.2633 0.7137 0.7835
021 101 0.7835 0.7835 0.2864 0.2864
082 013 0.2864 0.2864 0.7137 0.2633
013 082 0.7835 0.7835 0.7137 0.7835
055 019 0.2633 0.2864 0.7835 0.2864
019 055 0.7835 0.2633 0.7137 0.7137
121 077 0.7835 0.2633 0.2633 0.2864
077 121 0.7137 0.2864 0.7835 0.2633
133 073 0.2633 0.7137 0.2633 0.2633
073 133 0.2864 0.2633 0.2864 0.2633
011 012 0.7835 0.2864 0.2864 0.7137
012 011 0.2633 0.2864 0.7137 0.7835
038 075 0.2864 0.7835 0.2633 0.7137
075 038 0.7835 0.7137 0.7835 0.7137
099 098 0.7835 0.7137 0.7137 0.2633
098 099 0.2864 0.2864 0.7835 0.7137
112 000 0.7137 0.2864 0.7835 0.7137
000 112 0.2633 0.7835 0.7137 0.7835
088 116 0.7835 0.7137 0.7835 0.2633
116 088 0.7835 0.2633 0.7137 0.2864
100 059 0.2633 0.7137 0.2633 0.7835
059 100 0.2633 0.2633 0.2864 0.7137
071 064 0.2633 0.2864 0.7137 0.2633
064 071 0.7835 0.7137 0.7835 0.2633
016 049 0.2864 0.2864 0.2864 0.2633
049 016 0.2864 0.7835 0.2633 0.2633
054 036 0.7137 0.2864 0.7835 0.2864
036 054 0.7835 0.7137 0.7835 0.2633
085 129 0.7835 0.7137 0.2864 0.2633
129 085 0.2864 0.7835 0.7835 0.2633
079 048 0.7835 0.2864 0.7137 0.7835
048 079 0.7835 0.2633 0.7137 0.2864
069 113 0.7835 0.2864 0.7835 0.2864
113 069 0.2864 0.2864 0.7137 0.7835
046 063 0.7835 0.7137 0.2633 0.7835
063 046 0.7835 0.7835 0.7835 0.7137
124 132 0.7835 0.7137 0.7835 0.2864
132 124 0.2633 0.2633 0.7137 0.2864
043 041 0.7835 0.2864 0.7137 0.7835
041 043 0.2864 0.2633 0.2864 0.7835
110 094 0.7835 0.2633 0.2864 0.7835
094 110 0.7137 0.7835 0.7137 0.7835
047 044 0.7835 0.2633 0.7835 0.2864
044 047 0.7137 0.2633 0.2864 0.7137
107 032 0.2633 0.7137 0.2633 0.2864
032 107 0.7137 0.7137 0.2864 0.2864
028 020 0.7835 0.2633 0.2633 0.7835
020 028 0.2864 0.2864 0.7137 0.2864
030 087 0.2864 0.7137 0.2633 0.7835
087 030 0.2633 0.7835 0.7835 0.2864
065 022 0.2633 0.7835 0.7835 0.2633
022 065 0.2633 0.2864 0.2864 0.7835
128 105 0.2633 0.2864 0.7835 0.2633
105 128 0.2864 0.2633 0.7835 0.7835
111 131 0.2633 0.2864 0.7137 0.7137
131 111 0.2633 0.7835 0.7137 0.7137
114 039 0.2864 0.2633 0.7137 0.7835
039 114 0.7835 0.2864 0.7835 0.2864
092 108 0.7835 0.2864 0.7835 0.2633
108 092 0.7137 0.7835 0.2633 0.7137
127 134 0.2864 0.7835 0.2633 0.7835
134 127 0.2864 0.2864 0.7137 0.7835
051 120 0.7835 0.2864 0.7835 0.7835
120 051 0.7137 0.7835 0.2633 0.2864
126 130 0.7835 0.7137 0.2864 0.7835
130 126 0.7137 0.2864 0.2864 0.2633
096 014 0.7137 0.2864 0.7137 0.7137
014 096 0.7835 0.7835 0.2864 0.7835
050 091 0.2864 0.7137 0.2864 0.2633
091 050 0.7137 0.2864 0.7835 0.7835
023 104 0.7137 0.7137 0.2864 0.7835
104 023 0.2633 0.2864 0.2864 0.2864
095 103 0.2864 0.2633 0.7835 0.7835
103 095 0.7835 0.2633 0.7835 0.2633
057 009 0.2633 0.7137 0.2633 0.2633
009 057 0.7137 0.2633 0.7835 0.7835
083 115 0.7137 0.2864 0.2864 0.2633
115 083 0.2633 0.2633 0.2864 0.2633
025 042 0.2633 0.2864 0.2633 0.7835
042 025 0.2864 0.7137 0.2633 0.7835
118 119 0.2864 0.7835 0.7835 0.7835
119 118 0.2864 0.7835 0.2864 0.2633
005 068 0.7137 0.7835 0.2864 0.2633
068 005 0.7835 0.2633 0.7835 0.7137
058 061 0.7137 0.7137 0.2633 0.7835
061 058 0.2864 0.2864 0.7835 0.7835
106 053 0.7137 0.2864 0.7835 0.2633
053 106 0.2864 0.2864 0.7137 0.7137
033 056 0.2864 0.2633 0.7835 0.7835
056 033 0.2864 0.7835 0.7835 0.7137
123 078 0.7137 0.7835 0.2864 0.2633
078 123 0.2864 0.7137 0.2864 0.2633
097 093 0.7137 0.7137 0.7137 0.7835
093 097 0.7835 0.7137 0.2633 0.7835
089 072 0.7137 0.2864 0.7835 0.2864
072 089 0.7137 0.7137 0.2864 0.7835
010 001 0.2633 0.2633 0.2864 0.7835
001 010 0.2864 0.2633 0.7835 0.2633
027 067 0.2864 0.2633 0.7137 0.7137
067 027 0.2633 0.7835 0.7137 0.7137
037 081 0.7835 0.7137 0.2864 0.2633
081 037 0.7835 0.7137 0.2864 0.7835
066 062 0.2633 0.7137 0.7137 0.7137
062 066 0.7137 0.2633 0.7835 0.7835
029 052 0.7835 0.2864 0.2864 0.2864
052 029 0.7835 0.2864 0.7137 0.2864
024 015 0.2633 0.7835 0.7137 0.7137
015 024 0.7137 0.2864 0.7137 0.2633
102 060 0.7835 0.7137 0.2633 0.2864
060 102 0.7835 0.2864 0.2633 0.7835
034 074 0.2633 0.7835 0.7835 0.7835
074 034 0.2633 0.7835 0.7137 0.7137
002 109 0.2864 0.2633 0.7835 0.7137
109 002 0.2864 0.7137 0.7835 0.7835
040 008 0.2633 0.2864 0.2633 0.2633
008 040 0.7835 0.2633 0.2633 0.2633
003 117 0.7137 0.7137 0.7137 0.7137
117 003 0.7137 0.2633 0.2633 0.7137
090 080 0.7835 0.2633 0.7137 0.7137
080 090 0.2864 0.2864 0.2633 0.7835
