135 004556 1
000 024 0.3452 0.3452 0.2218 0.6446
024 025 0.3452 0.2218 0.1826 0.6446
025 000 0.3452 0.1826 0.2218 0.1826
067 016 0.1826 0.1826 0.1826 0.3452
016 067 0.3452 0.1826 0.6446 0.2218
129 072 0.2218 0.1826 0.6446 0.2218
072 129 0.6446 0.1826 0.1826 0.1826
128 046 0.6446 0.1826 0.2218 0.2218
046 128 0.2218 0.2218 0.1826 0.6446
026 041 0.3452 0.3452 0.6446 0.6446
041 026 0.6446 0.3452 0.2218 0.6446
062 003 0.3452 0.3452 0.1826 0.1826
003 062 0.6446 0.6446 0.1826 0.2218
124 074 0.3452 0.2218 0.6446 0.1826
074 124 0.6446 0.3452 0.2218 0.6446
064 104 0.2218 0.1826 0.1826 0.3452
104 064 0.6446 0.1826 0.3452 0.2218
068 012 0.6446 0.1826 0.6446 0.3452
012 068 0.6446 0.2218 0.6446 0.3452
108 083 0.1826 0.2218 0.1826 0.1826
083 108 0.2218 0.1826 0.2218 0.2218
001 052 0.1826 0.3452 0.2218 0.6446
052 001 0.3452 0.3452 0.1826 0.2218
019 032 0.2218 0.3452 0.6446 0.3452
032 019 0.2218 0.3452 0.6446 0.3452
107 030 0.2218 0.2218 0.3452 0.1826
030 107 0.1826 0.1826 0.3452 0.3452
097 005 0.2218 0.2218 0.2218 0.6446
005 097 0.2218 0.1826 0.2218 0.2218
007 060 0.1826 0.2218 0.3452 0.6446
060 007 0.1826 0.1826 0.1826 0.3452
134 070 0.2218 0.1826 0.1826 0.3452
070 134 0.3452 0.2218 0.1826 0.3452
111 029 0.1826 0.1826 0.3452 0.3452
029 111 0.1826 0.1826 0.3452 0.3452
089 096 0.2218 0.3452 0.3452 0.6446
096 089 0.1826 0.1826 0.6446 0.6446
055 100 0.3452 0.1826 0.6446 0.1826
100 055 0.2218 0.6446 0.2218 0.6446
121 017 0.3452 0.2218 0.2218 0.6446
017 121 0.1826 0.3452 0.1826 0.3452
023 078 0.6446 0.3452 0.2218 0.6446
078 023 0.3452 0.3452 0.2218 0.6446
122 091 0.1826 0.6446 0.1826 0.1826
091 122 0.6446 0.3452 0.1826 0.6446
010 123 0.3452 0.1826 0.3452 0.3452
123 010 0.2218 0.1826 0.3452 0.3452
020 073 0.6446 0.6446 0.2218 0.6446
073 020 0.6446 0.2218 0.1826 0.2218
085 031 0.3452 0.3452 0.2218 0.2218
031 085 0.2218 0.1826 0.3452 0.1826
126 127 0.1826 0.2218 0.2218 0.6446
127 126 0.6446 0.3452 0.2218 0.2218
080 059 0.1826 0.1826 0.1826 0.6446
059 080 0.3452 0.2218 0.1826 0.1826
008 098 0.2218 0.1826 0.3452 0.3452
098 008 0.3452 0.1826 0.3452 0.3452
103 131 0.2218 0.3452 0.3452 0.1826
131 103 0.1826 0.2218 0.2218 0.1826
043 036 0.2218 0.3452 0.3452 0.2218
036 043 0.1826 0.2218 0.6446 0.2218
090 094 0.6446 0.6446 0.6446 0.3452
094 090 0.1826 0.2218 0.3452 0.2218
081 037 0.6446 0.3452 0.1826 0.1826
037 081 0.6446 0.1826 0.6446 0.6446
045 042 0.6446 0.1826 0.1826 0.1826
042 045 0.2218 0.6446 0.6446 0.2218
101 120 0.6446 0.6446 0.3452 0.6446
120 101 0.2218 0.3452 0.6446 0.2218
071 125 0.1826 0.6446 0.3452 0.1826
125 071 0.2218 0.2218 0.6446 0.2218
069 105 0.2218 0.1826 0.3452 0.3452
105 069 0.2218 0.3452 0.6446 0.6446
002 048 0.2218 0.6446 0.1826 0.1826
048 002 0.2218 0.1826 0.3452 0.1826
119 022 0.1826 0.6446 0.1826 0.1826
022 119 0.2218 0.2218 0.2218 0.1826
095 051 0.1826 0.6446 0.2218 0.6446
051 095 0.3452 0.2218 0.3452 0.6446
021 056 0.6446 0.1826 0.1826 0.2218
056 021 0.2218 0.2218 0.6446 0.2218
039 088 0.1826 0.2218 0.6446 0.2218
088 039 0.3452 0.2218 0.1826 0.3452
106 028 0.6446 0.2218 0.6446 0.6446
028 106 0.6446 0.2218 0.2218 0.6446
050 113 0.3452 0.6446 0.1826 0.2218
113 050 0.3452 0.3452 0.2218 0.2218
044 018 0.6446 0.6446 0.2218 0.1826
018 044 0.3452 0.6446 0.6446 0.2218
084 033 0.2218 0.3452 0.2218 0.6446
033 084 0.1826 0.3452 0.6446 0.1826
086 047 0.6446 0.1826 0.6446 0.6446
047 086 0.1826 0.6446 0.6446 0.6446
132 077 0.1826 0.6446 0.6446 0.3452
077 132 0.6446 0.6446 0.2218 0.1826
061 013 0.2218 0.6446 0.1826 0.6446
013 061 0.6446 0.6446 0.1826 0.2218
027 066 0.3452 0.1826 0.1826 0.3452
066 027 0.6446 0.2218 0.1826 0.1826
004 054 0.6446 0.1826 0.6446 0.6446
054 004 0.3452 0.2218 0.2218 0.2218
006 049 0.2218 0.2218 0.2218 0.6446
049 006 0.6446 0.6446 0.1826 0.1826
038 092 0.3452 0.3452 0.6446 0.1826
092 038 0.6446 0.2218 0.6446 0.2218
014 009 0.1826 0.1826 0.3452 0.1826
009 014 0.2218 0.1826 0.2218 0.1826
102 087 0.3452 0.1826 0.6446 0.2218
087 102 0.1826 0.1826 0.1826 0.2218
076 079 0.6446 0.6446 0.3452 0.3452
079 076 0.1826 0.3452 0.2218 0.1826
053 035 0.1826 0.3452 0.6446 0.2218
035 053 0.2218 0.1826 0.6446 0.1826
110 082 0.3452 0.3452 0.3452 0.3452
082 110 0.1826 0.6446 0.1826 0.6446
118 063 0.3452 0.1826 0.3452 0.2218
063 118 0.6446 0.2218 0.1826 0.3452
130 115 0.3452 0.6446 0.2218 0.1826
115 130 0.2218 0.6446 0.2218 0.3452
112 058 0.2218 0.2218 0.6446 0.3452
058 112 0.2218 0.6446 0.1826 0.6446
116 099 0.3452 0.6446 0.2218 0.1826
099 116 0.6446 0.3452 0.1826 0.3452
093 034 0.3452 0.1826 0.2218 0.6446
034 093 0.2218 0.3452 0.6446 0.3452
133 117 0.2218 0.6446 0.1826 0.2218
117 133 0.2218 0.1826 0.2218 0.2218
040 109 0.2218 0.2218 0.6446 0.2218
109 040 0.6446 0.2218 0.3452 0.1826
114 075 0.2218 0.6446 0.2218 0.2218
075 114 0.1826 0.1826 0.1826 0.3452
065 057 0.2218 0.3452 0.1826 0.6446
057 065 0.3452 0.1826 0.3452 0.2218
015 011 0.1826 0.1826 0.3452 0.3452
011 015 0.6446 0.3452 0.6446 0.2218
