135 004556 1
105 011 0.6677 0.6677 0.6677 0.7486
011 105 0.2480 0.6677 0.2480 0.7486
119 105 0.7486 0.7486 0.2480 0.2480
114 002 0.7486 0.2297 0.7486 0.7486
002 114 0.2480 0.2480 0.6677 0.6677
106 087 0.7486 0.2480 0.2480 0.6677
087 106 0.2297 0.7486 0.2480 0.7486
097 043 0.7486 0.2480 0.2480 0.2480
043 097 0.7486 0.2297 0.2297 0.2480
107 013 0.7486 0.7486 0.2480 0.2297
013 107 0.6677 0.7486 0.2480 0.2297
028 096 0.2297 0.2297 0.7486 0.6677
096 028 0.6677 0.2480 0.7486 0.7486
019 088 0.2297 0.6677 0.6677 0.7486
088 019 0.2297 0.2480 0.2480 0.6677
000 009 0.7486 0.6677 0.7486 0.6677
009 000 0.7486 0.7486 0.6677 0.2297
058 101 0.2297 0.7486 0.7486 0.7486
101 058 0.2480 0.7486 0.2480 0.7486
047 132 0.2297 0.6677 0.2297 0.2480
132 047 0.2297 0.6677 0.6677 0.2297
069 036 0.7486 0.2297 0.2480 0.2297
036 069 0.2297 0.7486 0.2297 0.6677
123 054 0.6677 0.2480 0.2297 0.7486
054 123 0.7486 0.2297 0.6677 0.2480
133 082 0.6677 0.7486 0.6677 0.2297
082 133 0.6677 0.6677 0.6677 0.6677
078 052 0.6677 0.7486 0.7486 0.7486
052 078 0.7486 0.2297 0.2480 0.6677
063 100 0.6677 0.7486 0.2480 0.7486
100 063 0.2480 0.2297 0.7486 0.2297
023 034 0.6677 0.6677 0.6677 0.2297
034 023 0.6677 0.2480 0.2297 0.2480
032 050 0.7486 0.2297 0.6677 0.6677
050 032 0.7486 0.6677 0.2480 0.6677
126 130 0.6677 0.6677 0.7486 0.2297
130 126 0.6677 0.7486 0.7486 0.2480
112 046 0.2480 0.7486 0.2480 0.7486
046 112 0.6677 0.6677 0.6677 0.2297
131 128 0.2297 0.6677 0.2297 0.7486
128 131 0.6677 0.6677 0.2297 0.6677
015 039 0.7486 0.7486 0.7486 0.6677
039 015 0.2480 0.2480 0.2480 0.2297
059 042 0.2480 0.6677 0.7486 0.6677
042 059 0.7486 0.2297 0.6677 0.2480
098 108 0.2297 0.7486 0.7486 0.6677
108 098 0.2480 0.7486 0.2480 0.2297
008 095 0.2297 0.7486 0.2297 0.6677
095 008 0.6677 0.2480 0.2480 0.6677
066 094 0.2480 0.7486 0.2480 0.6677
094 066 0.6677 0.6677 0.6677 0.2297
117 037 0.2480 0.2297 0.6677 0.7486
037 117 0.6677 0.2297 0.7486 0.2480
121 004 0.7486 0.2480 0.7486 0.2297
004 121 0.6677 0.7486 0.6677 0.6677
071 091 0.2480 0.6677 0.2297 0.7486
091 071 0.2480 0.7486 0.6677 0.2297
027 120 0.7486 0.7486 0.6677 0.6677
120 027 0.2480 0.7486 0.2480 0.2297
056 090 0.2297 0.2480 0.6677 0.6677
090 056 0.2297 0.2297 0.6677 0.2297
051 103 0.2297 0.2480 0.7486 0.2297
103 051 0.2480 0.2480 0.7486 0.2297
031 057 0.2480 0.2297 0.2297 0.7486
057 031 0.7486 0.6677 0.7486 0.7486
035 065 0.2297 0.6677 0.2480 0.2480
065 035 0.2297 0.2297 0.7486 0.7486
085 074 0.7486 0.7486 0.2480 0.2297
074 085 0.6677 0.2297 0.6677 0.2480
049 041 0.2297 0.7486 0.6677 0.2480
041 049 0.7486 0.2297 0.2480 0.7486
064 093 0.7486 0.2480 0.6677 0.6677
093 064 0.7486 0.2480 0.6677 0.2480
129 122 0.2480 0.2297 0.2297 0.7486
122 129 0.7486 0.7486 0.6677 0.6677
109 029 0.2297 0.2480 0.6677 0.6677
029 109 0.7486 0.7486 0.2480 0.2480
073 124 0.7486 0.6677 0.2480 0.6677
124 073 0.2480 0.2480 0.7486 0.6677
055 045 0.6677 0.2297 0.7486 0.6677
045 055 0.2297 0.2297 0.2297 0.6677
012 061 0.6677 0.2297 0.2480 0.6677
061 012 0.6677 0.2480 0.2297 0.6677
026 089 0.2480 0.2297 0.6677 0.2480
089 026 0.7486 0.7486 0.7486 0.2297
110 024 0.7486 0.7486 0.2297 0.7486
024 110 0.2297 0.2297 0.7486 0.2480
070 021 0.7486 0.6677 0.6677 0.6677
021 070 0.6677 0.7486 0.2297 0.7486
007 127 0.2297 0.7486 0.6677 0.7486
127 007 0.2297 0.2297 0.2480 0.2297
086 134 0.7486 0.7486 0.2297 0.2297
134 086 0.2480 0.2297 0.6677 0.7486
005 080 0.2297 0.2297 0.7486 0.2480
080 005 0.2297 0.7486 0.7486 0.6677
068 111 0.2480 0.2297 0.7486 0.2297
111 068 0.2297 0.2480 0.2297 0.6677
014 067 0.2480 0.7486 0.2480 0.6677
067 014 0.6677 0.7486 0.7486 0.6677
048 072 0.7486 0.7486 0.6677 0.7486
072 048 0.7486 0.2297 0.7486 0.7486
081 115 0.7486 0.7486 0.7486 0.7486
115 081 0.2297 0.2297 0.6677 0.2480
083 030 0.2480 0.2480 0.6677 0.2480
030 083 0.7486 0.2480 0.6677 0.2297
104 022 0.2297 0.2480 0.2297 0.2480
022 104 0.2297 0.7486 0.7486 0.6677
016 113 0.6677 0.7486 0.2297 0.6677
113 016 0.6677 0.2480 0.6677 0.7486
125 040 0.2297 0.2297 0.6677 0.7486
040 125 0.7486 0.6677 0.2297 0.2480
060 053 0.7486 0.6677 0.7486 0.6677
053 060 0.7486 0.2480 0.2480 0.6677
020 092 0.6677 0.6677 0.2480 0.2480
092 020 0.2480 0.6677 0.2480 0.2480
033 003 0.7486 0.2297 0.6677 0.2297
003 033 0.2480 0.2480 0.6677 0.2297
116 025 0.6677 0.2297 0.2480 0.6677
025 116 0.2297 0.7486 0.6677 0.6677
118 102 0.7486 0.2297 0.2480 0.7486
102 118 0.2480 0.2297 0.2297 0.6677
099 076 0.7486 0.2297 0.2480 0.7486
076 099 0.2297 0.6677 0.7486 0.2297
044 038 0.7486 0.2297 0.2480 0.6677
038 044 0.2480 0.2297 0.6677 0.2480
075 010 0.7486 0.7486 0.7486 0.7486
010 075 0.2297 0.7486 0.7486 0.2480
079 018 0.2480 0.6677 0.2297 0.6677
018 079 0.7486 0.6677 0.2480 0.2297
017 001 0.6677 0.7486 0.7486 0.2297
001 017 0.6677 0.6677 0.2480 0.2297
084 062 0.7486 0.2297 0.2297 0.2297
062 084 0.6677 0.6677 0.2297 0.7486
006 077 0.2480 0.2480 0.7486 0.6677
077 006 0.7486 0.6677 0.6677 0.2297
