135 004556 1
070 091 0.5263 0.2730 0.5263 0.6334
091 070 0.2730 0.2730 0.6334 0.5263
122 091 0.9740 0.6334 0.9740 0.9740
004 065 0.5263 0.9740 0.2730 0.9740
065 004 0.6334 0.2730 0.6334 0.2730
080 075 0.9740 0.2730 0.5263 0.2730
075 080 0.5263 0.6334 0.5263 0.9740
001 029 0.2730 0.2730 0.6334 0.2730
029 001 0.9740 0.2730 0.5263 0.2730
108 044 0.5263 0.6334 0.9740 0.5263
044 108 0.9740 0.2730 0.6334 0.6334
030 027 0.9740 0.9740 0.2730 0.2730
027 030 0.5263 0.9740 0.9740 0.2730
076 092 0.2730 0.9740 0.2730 0.6334
092 076 0.5263 0.9740 0.9740 0.5263
129 103 0.6334 0.6334 0.2730 0.9740
103 129 0.2730 0.2730 0.5263 0.2730
119 064 0.2730 0.6334 0.6334 0.5263
064 119 0.2730 0.5263 0.9740 0.9740
098 061 0.5263 0.2730 0.5263 0.6334
061 098 0.9740 0.2730 0.9740 0.5263
078 048 0.9740 0.9740 0.6334 0.5263
048 078 0.2730 0.5263 0.9740 0.6334
094 023 0.6334 0.9740 0.9740 0.5263
023 094 0.2730 0.2730 0.6334 0.6334
037 009 0.9740 0.9740 0.6334 0.5263
009 037 0.9740 0.6334 0.6334 0.2730
042 090 0.9740 0.9740 0.5263 0.5263
090 042 0.6334 0.6334 0.9740 0.6334
133 017 0.2730 0.6334 0.6334 0.2730
017 133 0.9740 0.2730 0.2730 0.2730
086 015 0.9740 0.6334 0.9740 0.5263
015 086 0.2730 0.6334 0.9740 0.2730
134 016 0.9740 0.6334 0.5263 0.9740
016 134 0.6334 0.6334 0.2730 0.6334
067 035 0.2730 0.9740 0.5263 0.9740
035 067 0.2730 0.2730 0.2730 0.5263
132 046 0.9740 0.5263 0.5263 0.2730
046 132 0.9740 0.6334 0.6334 0.6334
095 057 0.6334 0.9740 0.9740 0.9740
057 095 0.9740 0.9740 0.6334 0.2730
002 040 0.6334 0.2730 0.5263 0.6334
040 002 0.9740 0.9740 0.6334 0.5263
104 097 0.5263 0.2730 0.9740 0.2730
097 104 0.5263 0.6334 0.6334 0.5263
020 022 0.6334 0.5263 0.6334 0.6334
022 020 0.5263 0.5263 0.9740 0.6334
106 114 0.2730 0.9740 0.2730 0.9740
114 106 0.9740 0.9740 0.2730 0.9740
018 073 0.2730 0.9740 0.5263 0.2730
073 018 0.6334 0.9740 0.2730 0.2730
039 115 0.2730 0.9740 0.2730 0.2730
115 039 0.6334 0.9740 0.9740 0.9740
089 107 0.9740 0.9740 0.5263 0.5263
107 089 0.6334 0.6334 0.5263 0.5263
071 118 0.5263 0.9740 0.9740 0.9740
118 071 0.5263 0.2730 0.9740 0.6334
062 036 0.5263 0.9740 0.9740 0.9740
036 062 0.2730 0.5263 0.6334 0.2730
060 052 0.9740 0.9740 0.6334 0.5263
052 060 0.5263 0.9740 0.5263 0.2730
013 109 0.5263 0.6334 0.2730 0.6334
109 013 0.6334 0.2730 0.5263 0.9740
100 124 0.2730 0.6334 0.2730 0.2730
124 100 0.2730 0.5263 0.5263 0.9740
121 130 0.9740 0.2730 0.2730 0.9740
130 121 0.9740 0.9740 0.2730 0.6334
102 059 0.9740 0.2730 0.9740 0.5263
059 102 0.9740 0.6334 0.6334 0.5263
034 087 0.5263 0.6334 0.6334 0.2730
087 034 0.2730 0.9740 0.6334 0.9740
026 063 0.6334 0.9740 0.5263 0.9740
063 026 0.5263 0.9740 0.5263 0.6334
031 123 0.2730 0.6334 0.5263 0.5263
123 031 0.6334 0.2730 0.2730 0.5263
101 038 0.9740 0.2730 0.5263 0.5263
038 101 0.2730 0.6334 0.5263 0.9740
127 041 0.9740 0.5263 0.2730 0.6334
041 127 0.6334 0.5263 0.6334 0.9740
128 005 0.5263 0.5263 0.5263 0.5263
005 128 0.9740 0.2730 0.5263 0.2730
053 033 0.2730 0.5263 0.2730 0.2730
033 053 0.5263 0.6334 0.6334 0.6334
025 081 0.9740 0.2730 0.9740 0.2730
081 025 0.2730 0.2730 0.5263 0.6334
105 047 0.6334 0.2730 0.9740 0.6334
047 105 0.6334 0.5263 0.2730 0.6334
120 077 0.5263 0.5263 0.6334 0.6334
077 120 0.5263 0.2730 0.9740 0.9740
006 014 0.2730 0.6334 0.5263 0.9740
014 006 0.6334 0.6334 0.6334 0.6334
079 083 0.2730 0.9740 0.5263 0.5263
083 079 0.5263 0.9740 0.5263 0.2730
019 082 0.9740 0.5263 0.6334 0.9740
082 019 0.2730 0.2730 0.2730 0.6334
010 112 0.2730 0.9740 0.5263 0.5263
112 010 0.6334 0.6334 0.2730 0.5263
054 116 0.2730 0.2730 0.2730 0.2730
116 054 0.6334 0.6334 0.9740 0.9740
066 012 0.9740 0.2730 0.9740 0.2730
012 066 0.2730 0.5263 0.6334 0.2730
021 011 0.5263 0.6334 0.5263 0.6334
011 021 0.6334 0.9740 0.9740 0.9740
045 050 0.2730 0.5263 0.2730 0.5263
050 045 0.9740 0.9740 0.5263 0.2730
096 003 0.9740 0.6334 0.5263 0.5263
003 096 0.2730 0.2730 0.2730 0.6334
049 110 0.5263 0.6334 0.5263 0.5263
110 049 0.6334 0.2730 0.2730 0.2730
000 084 0.6334 0.5263 0.6334 0.6334
084 000 0.9740 0.5263 0.9740 0.2730
074 069 0.6334 0.2730 0.2730 0.2730
069 074 0.5263 0.6334 0.2730 0.5263
008 024 0.2730 0.6334 0.2730 0.6334
024 008 0.2730 0.2730 0.5263 0.6334
113 072 0.6334 0.5263 0.5263 0.5263
072 113 0.2730 0.6334 0.2730 0.5263
007 093 0.6334 0.6334 0.5263 0.9740
093 007 0.5263 0.2730 0.5263 0.2730
126 125 0.6334 0.6334 0.5263 0.9740
125 126 0.9740 0.9740 0.2730 0.9740
032 111 0.9740 0.9740 0.6334 0.9740
111 032 0.9740 0.9740 0.9740 0.9740
056 131 0.5263 0.5263 0.2730 0.6334
131 056 0.9740 0.9740 0.6334 0.5263
068 088 0.2730 0.5263 0.5263 0.2730
088 068 0.2730 0.9740 0.5263 0.6334
043 051 0.9740 0.9740 0.9740 0.5263
051 043 0.6334 0.2730 0.2730 0.9740
028 117 0.2730 0.5263 0.5263 0.9740
117 028 0.2730 0.9740 0.2730 0.2730
085 099 0.9740 0.2730 0.9740 0.6334
099 085 0.9740 0.6334 0.5263 0.5263
058 055 0.5263 0.2730 0.2730 0.9740
055 058 0.5263 0.6334 0.5263 0.6334
