135 004556 1
059 074 0.6574 0.6574 0.6574 0.6122
062 074 0.2356 0.6574 0.2356 0.6446
074 059 0.6446 0.6446 0.6446 0.6574
087 105 0.6122 0.6446 0.6574 0.6574
105 087 0.2356 0.6446 0.6446 0.6122
065 095 0.6446 0.6574 0.6446 0.6574
095 065 0.6446 0.6574 0.6122 0.2356
084 130 0.6574 0.6446 0.6574 0.2356
130 084 0.2356 0.6122 0.2356 0.6574
094 061 0.6446 0.6574 0.2356 0.6122
061 094 0.6574 0.6446 0.2356 0.6446
018 063 0.2356 0.6122 0.6122 0.6122
063 018 0.6574 0.6574 0.6122 0.6446
098 010 0.2356 0.6574 0.2356 0.6574
010 098 0.2356 0.6122 0.6122 0.6574
042 068 0.6446 0.2356 0.2356 0.2356
068 042 0.6574 0.6122 0.2356 0.6122
119 057 0.2356 0.6446 0.6574 0.6574
057 119 0.6446 0.6446 0.2356 0.6122
025 033 0.6574 0.6122 0.6122 0.6122
033 025 0.6574 0.6446 0.2356 0.6574
122 081 0.2356 0.6122 0.6574 0.6446
081 122 0.6122 0.6122 0.2356 0.6446
034 085 0.6122 0.6446 0.6122 0.6122
085 034 0.6574 0.6122 0.6446 0.6122
128 083 0.6446 0.6574 0.6122 0.6446
083 128 0.6122 0.6122 0.2356 0.6574
037 044 0.6122 0.2356 0.2356 0.6574
044 037 0.6574 0.6446 0.6446 0.2356
126 088 0.6446 0.2356 0.6122 0.6446
088 126 0.6446 0.2356 0.2356 0.6574
092 066 0.2356 0.6446 0.6446 0.6574
066 092 0.6122 0.6122 0.6446 0.6446
002 077 0.6574 0.6446 0.6446 0.6122
077 002 0.6574 0.6122 0.2356 0.6122
050 069 0.6574 0.6446 0.2356 0.6574
069 050 0.6122 0.2356 0.6446 0.6574
108 026 0.6122 0.6574 0.6574 0.6122
026 108 0.6446 0.6122 0.6446 0.6446
099 060 0.6446 0.6446 0.6574 0.2356
060 099 0.6574 0.6446 0.6446 0.6122
072 132 0.2356 0.2356 0.6574 0.2356
132 072 0.6574 0.2356 0.6574 0.6122
103 102 0.6446 0.6574 0.2356 0.6574
102 103 0.6446 0.6574 0.2356 0.2356
096 053 0.6122 0.2356 0.6574 0.6574
053 096 0.2356 0.6122 0.6446 0.6446
035 020 0.2356 0.6574 0.6446 0.6446
020 035 0.2356 0.6574 0.2356 0.6122
047 036 0.6574 0.6122 0.2356 0.6446
036 047 0.6574 0.6122 0.2356 0.6574
003 030 0.6446 0.2356 0.2356 0.2356
030 003 0.6574 0.6574 0.6446 0.6122
123 031 0.6122 0.6122 0.2356 0.2356
031 123 0.6446 0.2356 0.6122 0.2356
024 054 0.2356 0.6122 0.6446 0.6446
054 024 0.2356 0.6122 0.2356 0.6446
016 045 0.6446 0.6122 0.6122 0.6574
045 016 0.6574 0.6122 0.6574 0.6446
048 022 0.6574 0.6446 0.6574 0.2356
022 048 0.6574 0.6446 0.2356 0.6122
071 005 0.6574 0.6122 0.6574 0.2356
005 071 0.6446 0.2356 0.6122 0.6574
078 006 0.2356 0.6446 0.6574 0.2356
006 078 0.2356 0.6446 0.6446 0.6122
093 110 0.2356 0.6574 0.2356 0.2356
110 093 0.2356 0.2356 0.2356 0.6446
055 012 0.6122 0.2356 0.6446 0.6574
012 055 0.6122 0.6446 0.6446 0.6122
082 112 0.6446 0.6574 0.6122 0.2356
112 082 0.2356 0.2356 0.6574 0.6574
019 076 0.2356 0.6122 0.6446 0.2356
076 019 0.2356 0.6446 0.6574 0.6122
125 118 0.6122 0.6574 0.2356 0.2356
118 125 0.2356 0.6446 0.6574 0.2356
023 129 0.6574 0.6574 0.2356 0.6574
129 023 0.2356 0.6122 0.6122 0.6446
091 007 0.6446 0.2356 0.6574 0.6574
007 091 0.6122 0.6574 0.6122 0.6446
127 133 0.6122 0.6122 0.6574 0.6446
133 127 0.2356 0.6574 0.6446 0.6122
115 021 0.6122 0.6446 0.6122 0.6574
021 115 0.6446 0.6122 0.6574 0.6122
079 008 0.6446 0.6574 0.6574 0.6574
008 079 0.2356 0.6122 0.6122 0.6122
049 107 0.6574 0.6122 0.2356 0.6122
107 049 0.6122 0.2356 0.6122 0.6574
004 134 0.6574 0.6574 0.6446 0.6122
134 004 0.2356 0.6122 0.2356 0.6122
111 038 0.6574 0.2356 0.2356 0.6446
038 111 0.6122 0.6446 0.6446 0.2356
067 124 0.6122 0.6574 0.6446 0.6122
124 067 0.6574 0.6446 0.6446 0.2356
120 121 0.6574 0.6574 0.6122 0.6574
121 120 0.6574 0.6446 0.6446 0.6574
058 013 0.6122 0.2356 0.6446 0.6122
013 058 0.6446 0.6446 0.6446 0.2356
090 046 0.6574 0.6122 0.6122 0.6122
046 090 0.6122 0.6574 0.6122 0.6574
032 131 0.6574 0.2356 0.6446 0.2356
131 032 0.2356 0.6446 0.6446 0.6122
086 114 0.6574 0.2356 0.2356 0.6122
114 086 0.2356 0.6446 0.6446 0.6574
028 011 0.6574 0.6122 0.6574 0.6574
011 028 0.6122 0.2356 0.2356 0.2356
009 117 0.2356 0.6122 0.6122 0.6574
117 009 0.6574 0.6446 0.6446 0.6122
029 043 0.6122 0.6122 0.6122 0.2356
043 029 0.2356 0.6122 0.6122 0.6446
064 089 0.6574 0.6122 0.6446 0.6574
089 064 0.6446 0.6574 0.6574 0.6574
080 106 0.6122 0.2356 0.6122 0.2356
106 080 0.6122 0.2356 0.6574 0.6446
056 113 0.6122 0.2356 0.2356 0.6446
113 056 0.2356 0.2356 0.2356 0.6574
075 070 0.6122 0.2356 0.6446 0.6122
070 075 0.2356 0.6574 0.2356 0.6574
101 014 0.6446 0.6122 0.6574 0.2356
014 101 0.6122 0.6574 0.6574 0.6122
073 097 0.6122 0.2356 0.6446 0.2356
097 073 0.2356 0.6446 0.6574 0.6574
000 001 0.2356 0.6122 0.6574 0.6122
001 000 0.6446 0.6122 0.6574 0.2356
041 104 0.6122 0.6122 0.2356 0.6446
104 041 0.6122 0.2356 0.6446 0.2356
040 109 0.6446 0.6446 0.6122 0.2356
109 040 0.6446 0.2356 0.2356 0.6122
017 039 0.6122 0.6446 0.6446 0.6574
039 017 0.6574 0.6122 0.6574 0.6574
015 116 0.6446 0.2356 0.6574 0.2356
116 015 0.6574 0.6122 0.6446 0.6122
052 051 0.6446 0.6446 0.6122 0.6446
051 052 0.6574 0.6446 0.6122 0.6122
100 027 0.6574 0.6122 0.6122 0.6446
027 100 0.2356 0.6574 0.6122 0.6574
