135 004556 1
130 118 0.5031 0.5031 0.6708 0.6708
118 130 0.2866 0.5031 0.4403 0.4403
103 130 0.4403 0.4403 0.5031 0.2866
093 134 0.5031 0.5031 0.6708 0.6708
134 093 0.5031 0.6708 0.2866 0.2866
067 040 0.5031 0.5031 0.6708 0.2866
040 067 0.2866 0.2866 0.4403 0.2866
074 117 0.5031 0.4403 0.4403 0.5031
117 074 0.4403 0.5031 0.5031 0.2866
132 013 0.4403 0.5031 0.5031 0.4403
013 132 0.5031 0.4403 0.5031 0.6708
050 115 0.5031 0.2866 0.5031 0.2866
115 050 0.2866 0.6708 0.4403 0.2866
100 076 0.5031 0.5031 0.2866 0.6708
076 100 0.6708 0.2866 0.6708 0.6708
083 078 0.4403 0.5031 0.4403 0.2866
078 083 0.4403 0.4403 0.5031 0.2866
031 036 0.4403 0.6708 0.2866 0.6708
036 031 0.5031 0.6708 0.6708 0.5031
000 045 0.6708 0.5031 0.4403 0.5031
045 000 0.4403 0.2866 0.6708 0.5031
020 016 0.2866 0.2866 0.2866 0.2866
016 020 0.2866 0.4403 0.4403 0.5031
029 104 0.6708 0.6708 0.5031 0.5031
104 029 0.2866 0.2866 0.2866 0.4403
052 032 0.5031 0.6708 0.6708 0.6708
032 052 0.2866 0.4403 0.4403 0.5031
002 108 0.5031 0.5031 0.6708 0.6708
108 002 0.2866 0.6708 0.6708 0.6708
101 008 0.6708 0.6708 0.4403 0.5031
008 101 0.2866 0.5031 0.2866 0.2866
048 122 0.6708 0.4403 0.4403 0.6708
122 048 0.4403 0.5031 0.4403 0.6708
109 038 0.4403 0.4403 0.5031 0.2866
038 109 0.4403 0.4403 0.5031 0.6708
131 049 0.2866 0.4403 0.6708 0.4403
049 131 0.6708 0.5031 0.2866 0.6708
081 027 0.6708 0.5031 0.6708 0.2866
027 081 0.4403 0.6708 0.4403 0.4403
003 025 0.2866 0.5031 0.5031 0.6708
025 003 0.5031 0.6708 0.6708 0.5031
037 001 0.2866 0.6708 0.6708 0.2866
001 037 0.2866 0.4403 0.5031 0.5031
114 053 0.2866 0.6708 0.4403 0.6708
053 114 0.4403 0.2866 0.5031 0.2866
105 092 0.5031 0.5031 0.5031 0.5031
092 105 0.6708 0.5031 0.4403 0.5031
066 097 0.6708 0.4403 0.6708 0.6708
097 066 0.4403 0.6708 0.5031 0.5031
033 120 0.4403 0.2866 0.5031 0.2866
120 033 0.5031 0.6708 0.2866 0.4403
079 127 0.6708 0.5031 0.4403 0.2866
127 079 0.4403 0.6708 0.5031 0.2866
059 019 0.5031 0.6708 0.4403 0.5031
019 059 0.2866 0.2866 0.6708 0.2866
126 061 0.4403 0.2866 0.5031 0.5031
061 126 0.4403 0.4403 0.2866 0.6708
057 021 0.5031 0.2866 0.6708 0.2866
021 057 0.6708 0.4403 0.4403 0.4403
069 041 0.5031 0.4403 0.4403 0.2866
041 069 0.5031 0.6708 0.6708 0.5031
077 017 0.6708 0.6708 0.2866 0.6708
017 077 0.4403 0.4403 0.5031 0.2866
014 046 0.6708 0.5031 0.5031 0.4403
046 014 0.5031 0.6708 0.5031 0.2866
095 090 0.2866 0.5031 0.2866 0.4403
090 095 0.4403 0.5031 0.5031 0.4403
039 068 0.6708 0.6708 0.2866 0.4403
068 039 0.4403 0.2866 0.4403 0.4403
062 087 0.5031 0.6708 0.2866 0.5031
087 062 0.4403 0.4403 0.2866 0.5031
112 116 0.4403 0.5031 0.6708 0.6708
116 112 0.2866 0.4403 0.6708 0.2866
007 026 0.6708 0.4403 0.6708 0.6708
026 007 0.2866 0.2866 0.4403 0.4403
063 110 0.6708 0.5031 0.2866 0.2866
110 063 0.5031 0.4403 0.4403 0.5031
005 034 0.5031 0.6708 0.5031 0.4403
034 005 0.6708 0.2866 0.2866 0.6708
073 096 0.4403 0.4403 0.2866 0.5031
096 073 0.5031 0.4403 0.5031 0.2866
107 060 0.2866 0.4403 0.2866 0.2866
060 107 0.5031 0.5031 0.6708 0.6708
084 055 0.4403 0.4403 0.2866 0.6708
055 084 0.2866 0.2866 0.5031 0.5031
058 091 0.2866 0.6708 0.4403 0.2866
091 058 0.6708 0.4403 0.4403 0.6708
098 015 0.6708 0.5031 0.5031 0.4403
015 098 0.6708 0.6708 0.5031 0.2866
094 113 0.5031 0.2866 0.4403 0.4403
113 094 0.5031 0.2866 0.2866 0.5031
004 022 0.5031 0.2866 0.4403 0.2866
022 004 0.4403 0.6708 0.5031 0.2866
111 043 0.6708 0.2866 0.2866 0.4403
043 111 0.5031 0.4403 0.2866 0.5031
119 099 0.4403 0.6708 0.6708 0.2866
099 119 0.5031 0.5031 0.6708 0.4403
102 047 0.5031 0.4403 0.4403 0.5031
047 102 0.4403 0.4403 0.2866 0.6708
075 012 0.4403 0.5031 0.5031 0.2866
012 075 0.5031 0.4403 0.6708 0.4403
010 030 0.4403 0.5031 0.2866 0.4403
030 010 0.6708 0.6708 0.4403 0.4403
106 071 0.4403 0.4403 0.5031 0.4403
071 106 0.5031 0.5031 0.4403 0.5031
125 123 0.2866 0.4403 0.6708 0.5031
123 125 0.2866 0.5031 0.2866 0.2866
124 133 0.5031 0.6708 0.6708 0.2866
133 124 0.6708 0.2866 0.4403 0.2866
088 129 0.4403 0.2866 0.5031 0.5031
129 088 0.5031 0.2866 0.2866 0.2866
056 006 0.5031 0.4403 0.5031 0.4403
006 056 0.5031 0.4403 0.6708 0.6708
121 070 0.6708 0.4403 0.6708 0.4403
070 121 0.2866 0.2866 0.5031 0.6708
028 128 0.2866 0.4403 0.4403 0.2866
128 028 0.4403 0.6708 0.6708 0.6708
042 023 0.2866 0.6708 0.6708 0.2866
023 042 0.2866 0.4403 0.4403 0.6708
044 009 0.6708 0.5031 0.6708 0.2866
009 044 0.6708 0.6708 0.2866 0.4403
089 054 0.2866 0.5031 0.2866 0.2866
054 089 0.5031 0.6708 0.2866 0.2866
011 080 0.6708 0.5031 0.6708 0.2866
080 011 0.4403 0.5031 0.4403 0.5031
064 072 0.6708 0.6708 0.5031 0.6708
072 064 0.2866 0.2866 0.2866 0.6708
018 024 0.6708 0.2866 0.4403 0.2866
024 018 0.5031 0.4403 0.4403 0.6708
082 086 0.2866 0.4403 0.5031 0.5031
086 082 0.5031 0.2866 0.4403 0.4403
065 051 0.2866 0.4403 0.2866 0.6708
051 065 0.6708 0.6708 0.5031 0.5031
035 085 0.2866 0.2866 0.2866 0.4403
085 035 0.6708 0.6708 0.4403 0.4403
