135 004556 1
040 020 0.9519 0.9519 0.7716 0.4652
020 040 0.4530 0.4530 0.4652 0.4530
035 040 0.4652 0.7716 0.7716 0.9519
065 113 0.4530 0.4652 0.7716 0.9519
113 065 0.4530 0.9519 0.7716 0.7716
056 127 0.4530 0.4530 0.4530 0.4530
127 056 0.4530 0.4530 0.4530 0.7716
098 081 0.9519 0.4652 0.9519 0.7716
081 098 0.9519 0.4652 0.4652 0.4530
103 121 0.4652 0.9519 0.7716 0.9519
121 103 0.4530 0.4652 0.7716 0.7716
101 123 0.7716 0.4652 0.9519 0.4530
123 101 0.9519 0.4652 0.4530 0.4530
116 043 0.4530 0.4652 0.4652 0.7716
043 116 0.4530 0.7716 0.7716 0.4652
120 034 0.4652 0.9519 0.4530 0.9519
034 120 0.4652 0.4652 0.7716 0.4530
061 063 0.9519 0.7716 0.7716 0.4530
063 061 0.9519 0.4652 0.7716 0.7716
102 037 0.9519 0.4530 0.4652 0.4652
037 102 0.4652 0.9519 0.4530 0.4530
132 128 0.9519 0.4652 0.4652 0.4530
128 132 0.4652 0.7716 0.4652 0.9519
022 011 0.4530 0.4652 0.4530 0.9519
011 022 0.4530 0.7716 0.4530 0.4530
039 077 0.4530 0.7716 0.4530 0.4530
077 039 0.4530 0.7716 0.4530 0.7716
097 046 0.7716 0.4652 0.4652 0.9519
046 097 0.9519 0.9519 0.9519 0.7716
067 094 0.9519 0.4652 0.4652 0.4530
094 067 0.4652 0.4530 0.4652 0.4652
055 114 0.7716 0.4652 0.7716 0.9519
114 055 0.4530 0.7716 0.7716 0.4652
076 052 0.7716 0.4652 0.7716 0.9519
052 076 0.4652 0.7716 0.9519 0.9519
012 026 0.4530 0.7716 0.7716 0.4652
026 012 0.4652 0.4530 0.7716 0.4652
049 027 0.4530 0.7716 0.7716 0.9519
027 049 0.7716 0.4530 0.7716 0.9519
036 009 0.7716 0.4530 0.9519 0.4530
009 036 0.4652 0.4652 0.7716 0.4652
059 095 0.4530 0.7716 0.7716 0.4652
095 059 0.7716 0.7716 0.4652 0.7716
117 073 0.4530 0.4530 0.7716 0.4652
073 117 0.7716 0.7716 0.4652 0.4530
122 075 0.7716 0.4530 0.9519 0.7716
075 122 0.4530 0.4530 0.9519 0.4530
033 045 0.4652 0.4652 0.4652 0.9519
045 033 0.4652 0.7716 0.4530 0.4530
002 093 0.9519 0.4652 0.4652 0.7716
093 002 0.4530 0.4652 0.7716 0.4652
109 126 0.4652 0.7716 0.4530 0.4530
126 109 0.7716 0.7716 0.7716 0.7716
111 025 0.9519 0.4530 0.9519 0.4530
025 111 0.9519 0.4652 0.4530 0.4652
001 112 0.9519 0.9519 0.7716 0.7716
112 001 0.4530 0.4652 0.4530 0.4530
054 051 0.7716 0.4652 0.4530 0.7716
051 054 0.4530 0.7716 0.4652 0.9519
042 129 0.4530 0.7716 0.4652 0.7716
129 042 0.9519 0.9519 0.7716 0.4652
118 062 0.9519 0.9519 0.4530 0.4652
062 118 0.7716 0.4652 0.4530 0.7716
007 005 0.4652 0.9519 0.4530 0.4652
005 007 0.4652 0.4530 0.9519 0.7716
110 086 0.4530 0.4652 0.4652 0.4530
086 110 0.7716 0.4530 0.4530 0.4652
079 084 0.9519 0.4530 0.9519 0.9519
084 079 0.4530 0.9519 0.4652 0.4652
099 008 0.7716 0.4530 0.7716 0.9519
008 099 0.7716 0.4530 0.7716 0.9519
104 125 0.4652 0.4530 0.4652 0.4652
125 104 0.4652 0.7716 0.7716 0.7716
092 016 0.4530 0.9519 0.4530 0.4652
016 092 0.9519 0.4652 0.4652 0.4652
088 091 0.4652 0.7716 0.4530 0.7716
091 088 0.9519 0.4530 0.4530 0.4652
064 018 0.7716 0.9519 0.7716 0.4652
018 064 0.4652 0.9519 0.4530 0.7716
070 030 0.4530 0.4530 0.4530 0.9519
030 070 0.4530 0.9519 0.4652 0.7716
066 072 0.7716 0.4652 0.4652 0.4530
072 066 0.7716 0.4530 0.9519 0.9519
071 074 0.9519 0.4652 0.4530 0.4652
074 071 0.4652 0.7716 0.7716 0.4530
015 032 0.4652 0.4530 0.4652 0.4530
032 015 0.7716 0.7716 0.4530 0.9519
106 017 0.9519 0.7716 0.4652 0.7716
017 106 0.9519 0.4652 0.9519 0.4652
100 021 0.7716 0.7716 0.4530 0.4652
021 100 0.7716 0.9519 0.4530 0.9519
050 060 0.9519 0.9519 0.9519 0.4652
060 050 0.4652 0.7716 0.4530 0.4530
133 010 0.9519 0.4652 0.4652 0.9519
010 133 0.4530 0.4652 0.4530 0.7716
131 089 0.7716 0.7716 0.7716 0.4530
089 131 0.4652 0.7716 0.4530 0.9519
023 014 0.4530 0.7716 0.7716 0.7716
014 023 0.9519 0.9519 0.4652 0.4530
048 019 0.7716 0.4652 0.9519 0.7716
019 048 0.4530 0.9519 0.4530 0.7716
044 080 0.9519 0.7716 0.7716 0.9519
080 044 0.4652 0.4652 0.4530 0.7716
078 013 0.9519 0.4652 0.9519 0.7716
013 078 0.4530 0.9519 0.7716 0.4652
083 124 0.4530 0.7716 0.4530 0.4652
124 083 0.9519 0.7716 0.7716 0.9519
053 006 0.7716 0.4652 0.7716 0.4530
006 053 0.9519 0.4652 0.4530 0.9519
108 096 0.7716 0.9519 0.9519 0.4652
096 108 0.7716 0.4530 0.7716 0.4652
004 024 0.7716 0.4530 0.4530 0.4530
024 004 0.4530 0.4530 0.7716 0.9519
068 134 0.4652 0.4652 0.4652 0.7716
134 068 0.4652 0.9519 0.4530 0.7716
031 085 0.4530 0.4530 0.4530 0.4530
085 031 0.9519 0.4652 0.9519 0.4530
047 130 0.7716 0.4530 0.9519 0.4652
130 047 0.4530 0.4652 0.7716 0.4652
090 087 0.4530 0.9519 0.7716 0.7716
087 090 0.9519 0.4652 0.4652 0.4652
082 038 0.9519 0.4530 0.4530 0.9519
038 082 0.4652 0.4530 0.9519 0.4530
029 119 0.4652 0.9519 0.9519 0.7716
119 029 0.4530 0.4530 0.4530 0.4530
058 107 0.9519 0.7716 0.4530 0.7716
107 058 0.7716 0.9519 0.4530 0.4530
069 003 0.4652 0.4530 0.7716 0.4530
003 069 0.4530 0.9519 0.4530 0.4530
041 028 0.4652 0.9519 0.4530 0.7716
028 041 0.7716 0.7716 0.7716 0.9519
000 057 0.9519 0.4652 0.4652 0.7716
057 000 0.4652 0.9519 0.4530 0.9519
105 115 0.4530 0.7716 0.4652 0.7716
115 105 0.7716 0.4530 0.4652 0.7716
