135 004556 1
053 056 0.6829 0.8966 0.6829 0.2500
058 053 0.7657 0.7657 0.6829 0.6829
056 053 0.2500 0.2500 0.2500 0.2500
004 030 0.2500 0.8966 0.7657 0.6829
030 004 0.6829 0.6829 0.6829 0.8966
127 018 0.6829 0.6829 0.8966 0.2500
018 127 0.8966 0.6829 0.2500 0.8966
075 070 0.2500 0.7657 0.7657 0.8966
070 075 0.8966 0.2500 0.2500 0.2500
021 022 0.7657 0.6829 0.6829 0.7657
022 021 0.7657 0.7657 0.7657 0.6829
026 068 0.2500 0.7657 0.6829 0.7657
068 026 0.8966 0.8966 0.7657 0.2500
027 046 0.8966 0.2500 0.8966 0.6829
046 027 0.7657 0.7657 0.7657 0.2500
044 123 0.7657 0.8966 0.8966 0.8966
123 044 0.8966 0.7657 0.7657 0.8966
128 100 0.2500 0.8966 0.7657 0.6829
100 128 0.6829 0.6829 0.7657 0.8966
102 057 0.2500 0.6829 0.7657 0.6829
057 102 0.6829 0.6829 0.8966 0.8966
089 124 0.8966 0.7657 0.8966 0.2500
124 089 0.6829 0.6829 0.8966 0.6829
003 112 0.2500 0.6829 0.2500 0.6829
112 003 0.6829 0.7657 0.2500 0.2500
108 031 0.8966 0.2500 0.2500 0.2500
031 108 0.2500 0.8966 0.8966 0.7657
110 000 0.6829 0.7657 0.6829 0.6829
000 110 0.8966 0.6829 0.2500 0.6829
092 062 0.6829 0.2500 0.6829 0.2500
062 092 0.2500 0.6829 0.6829 0.8966
094 073 0.2500 0.2500 0.6829 0.6829
073 094 0.7657 0.6829 0.7657 0.8966
134 052 0.6829 0.8966 0.2500 0.8966
052 134 0.6829 0.8966 0.6829 0.7657
045 007 0.6829 0.7657 0.7657 0.8966
007 045 0.8966 0.8966 0.2500 0.8966
014 055 0.7657 0.8966 0.2500 0.7657
055 014 0.2500 0.2500 0.2500 0.2500
059 091 0.2500 0.6829 0.6829 0.8966
091 059 0.6829 0.6829 0.7657 0.8966
119 111 0.8966 0.7657 0.7657 0.6829
111 119 0.8966 0.8966 0.8966 0.2500
054 109 0.6829 0.2500 0.6829 0.6829
109 054 0.2500 0.2500 0.6829 0.2500
098 064 0.2500 0.6829 0.2500 0.6829
064 098 0.7657 0.6829 0.2500 0.8966
023 042 0.2500 0.6829 0.7657 0.2500
042 023 0.2500 0.7657 0.7657 0.8966
120 085 0.2500 0.8966 0.2500 0.8966
085 120 0.6829 0.6829 0.7657 0.6829
017 083 0.8966 0.2500 0.6829 0.6829
083 017 0.8966 0.2500 0.7657 0.7657
019 095 0.2500 0.6829 0.8966 0.2500
095 019 0.8966 0.8966 0.2500 0.2500
122 047 0.7657 0.2500 0.8966 0.8966
047 122 0.6829 0.6829 0.2500 0.2500
090 106 0.8966 0.6829 0.7657 0.8966
106 090 0.7657 0.2500 0.8966 0.2500
105 035 0.6829 0.2500 0.6829 0.7657
035 105 0.2500 0.8966 0.2500 0.7657
114 050 0.2500 0.6829 0.2500 0.2500
050 114 0.8966 0.6829 0.7657 0.6829
016 131 0.6829 0.2500 0.2500 0.8966
131 016 0.6829 0.2500 0.7657 0.2500
037 032 0.8966 0.2500 0.6829 0.8966
032 037 0.6829 0.7657 0.6829 0.2500
116 080 0.8966 0.6829 0.2500 0.8966
080 116 0.7657 0.2500 0.2500 0.8966
002 084 0.8966 0.8966 0.8966 0.6829
084 002 0.8966 0.8966 0.2500 0.2500
001 008 0.6829 0.8966 0.2500 0.2500
008 001 0.7657 0.8966 0.7657 0.2500
133 077 0.7657 0.6829 0.8966 0.8966
077 133 0.7657 0.2500 0.7657 0.7657
101 078 0.2500 0.6829 0.2500 0.6829
078 101 0.6829 0.2500 0.2500 0.2500
020 012 0.8966 0.6829 0.2500 0.6829
012 020 0.2500 0.8966 0.8966 0.2500
117 081 0.8966 0.8966 0.6829 0.2500
081 117 0.8966 0.6829 0.7657 0.8966
069 005 0.8966 0.2500 0.2500 0.2500
005 069 0.6829 0.7657 0.2500 0.8966
088 038 0.8966 0.8966 0.7657 0.2500
038 088 0.8966 0.7657 0.8966 0.6829
126 025 0.6829 0.7657 0.2500 0.2500
025 126 0.2500 0.7657 0.6829 0.6829
010 072 0.8966 0.7657 0.6829 0.8966
072 010 0.6829 0.7657 0.6829 0.6829
121 036 0.2500 0.2500 0.8966 0.6829
036 121 0.2500 0.7657 0.6829 0.7657
063 071 0.7657 0.7657 0.6829 0.2500
071 063 0.8966 0.2500 0.8966 0.8966
065 099 0.6829 0.6829 0.6829 0.8966
099 065 0.7657 0.7657 0.2500 0.8966
011 013 0.8966 0.7657 0.8966 0.7657
013 011 0.7657 0.8966 0.8966 0.8966
029 006 0.6829 0.8966 0.8966 0.6829
006 029 0.2500 0.2500 0.7657 0.8966
067 097 0.6829 0.7657 0.8966 0.6829
097 067 0.8966 0.6829 0.2500 0.8966
076 060 0.7657 0.8966 0.6829 0.8966
060 076 0.8966 0.8966 0.7657 0.2500
028 033 0.8966 0.6829 0.8966 0.2500
033 028 0.7657 0.7657 0.6829 0.2500
015 107 0.7657 0.2500 0.6829 0.6829
107 015 0.6829 0.6829 0.2500 0.7657
039 049 0.2500 0.6829 0.7657 0.2500
049 039 0.2500 0.7657 0.8966 0.8966
096 041 0.7657 0.8966 0.7657 0.6829
041 096 0.2500 0.6829 0.2500 0.6829
093 048 0.6829 0.2500 0.8966 0.6829
048 093 0.8966 0.8966 0.8966 0.7657
132 009 0.6829 0.7657 0.7657 0.6829
009 132 0.8966 0.7657 0.8966 0.7657
051 130 0.8966 0.6829 0.6829 0.7657
130 051 0.2500 0.6829 0.6829 0.8966
118 066 0.6829 0.7657 0.2500 0.8966
066 118 0.8966 0.7657 0.6829 0.6829
104 034 0.6829 0.8966 0.7657 0.2500
034 104 0.8966 0.6829 0.2500 0.7657
074 040 0.6829 0.8966 0.8966 0.2500
040 074 0.6829 0.2500 0.6829 0.8966
087 061 0.2500 0.2500 0.6829 0.8966
061 087 0.6829 0.7657 0.8966 0.6829
129 113 0.6829 0.6829 0.8966 0.2500
113 129 0.2500 0.6829 0.2500 0.2500
103 125 0.8966 0.6829 0.6829 0.7657
125 103 0.7657 0.6829 0.2500 0.8966
079 024 0.8966 0.6829 0.6829 0.8966
024 079 0.6829 0.8966 0.7657 0.8966
082 086 0.2500 0.8966 0.7657 0.8966
086 082 0.6829 0.6829 0.2500 0.6829
115 043 0.6829 0.2500 0.6829 0.7657
043 115 0.6829 0.8966 0.8966 0.7657
