135 004556 1
039 053 0.4218 0.5215 0.5215 0.5215
020 053 0.5076 0.5215 0.5076 0.5215
053 020 0.5076 0.5215 0.5076 0.8353
131 076 0.4218 0.5215 0.5215 0.4218
076 131 0.5076 0.4218 0.8353 0.5215
085 086 0.5215 0.8353 0.4218 0.8353
086 085 0.5076 0.8353 0.8353 0.5076
051 003 0.5076 0.5076 0.5215 0.8353
003 051 0.4218 0.8353 0.8353 0.4218
057 096 0.8353 0.8353 0.5076 0.8353
096 057 0.8353 0.8353 0.4218 0.4218
110 013 0.5215 0.8353 0.4218 0.8353
013 110 0.5215 0.4218 0.5076 0.5215
005 122 0.5076 0.5076 0.5215 0.5076
122 005 0.8353 0.5215 0.8353 0.4218
009 058 0.4218 0.5215 0.5215 0.8353
058 009 0.5215 0.8353 0.5215 0.8353
133 046 0.4218 0.5076 0.8353 0.8353
046 133 0.8353 0.5076 0.4218 0.4218
016 007 0.5215 0.4218 0.4218 0.4218
007 016 0.8353 0.5076 0.5076 0.5215
102 113 0.5076 0.5076 0.5215 0.4218
113 102 0.5076 0.5076 0.8353 0.5215
025 121 0.5076 0.4218 0.5076 0.4218
121 025 0.5215 0.5215 0.8353 0.4218
070 065 0.5076 0.5076 0.8353 0.5076
065 070 0.8353 0.8353 0.8353 0.4218
068 081 0.5215 0.4218 0.5076 0.5076
081 068 0.8353 0.4218 0.4218 0.8353
126 097 0.5215 0.5076 0.5076 0.5215
097 126 0.8353 0.4218 0.8353 0.5215
060 038 0.8353 0.8353 0.5076 0.4218
038 060 0.5076 0.8353 0.8353 0.5215
072 116 0.8353 0.5076 0.8353 0.8353
116 072 0.5076 0.4218 0.5215 0.8353
099 105 0.5215 0.8353 0.8353 0.5076
105 099 0.5076 0.5076 0.5215 0.5215
050 027 0.8353 0.8353 0.5076 0.5076
027 050 0.5076 0.5076 0.5215 0.4218
017 127 0.4218 0.5076 0.5215 0.8353
127 017 0.4218 0.4218 0.5215 0.5076
023 055 0.5215 0.5076 0.4218 0.5076
055 023 0.4218 0.8353 0.8353 0.8353
129 095 0.5076 0.5076 0.5215 0.4218
095 129 0.4218 0.5215 0.5215 0.5076
052 031 0.8353 0.4218 0.5076 0.4218
031 052 0.8353 0.5076 0.8353 0.5215
006 087 0.4218 0.8353 0.4218 0.8353
087 006 0.8353 0.5076 0.5076 0.8353
084 014 0.4218 0.8353 0.8353 0.4218
014 084 0.5215 0.8353 0.5076 0.5215
063 019 0.4218 0.8353 0.5076 0.4218
019 063 0.5215 0.5215 0.8353 0.8353
008 089 0.8353 0.5076 0.8353 0.5215
089 008 0.5215 0.5076 0.5215 0.5076
040 048 0.5215 0.8353 0.8353 0.8353
048 040 0.4218 0.4218 0.5076 0.4218
071 034 0.4218 0.5215 0.4218 0.5215
034 071 0.8353 0.5076 0.8353 0.4218
054 028 0.8353 0.8353 0.8353 0.4218
028 054 0.5215 0.5076 0.5215 0.5215
117 092 0.5215 0.8353 0.5215 0.5215
092 117 0.5076 0.8353 0.4218 0.8353
103 026 0.4218 0.5215 0.5076 0.4218
026 103 0.5076 0.5076 0.5076 0.8353
029 042 0.8353 0.8353 0.4218 0.5076
042 029 0.5076 0.5215 0.8353 0.5076
033 082 0.5076 0.8353 0.8353 0.5076
082 033 0.4218 0.5215 0.8353 0.5215
111 093 0.4218 0.8353 0.5076 0.4218
093 111 0.5215 0.4218 0.5076 0.5215
045 001 0.5076 0.8353 0.4218 0.8353
001 045 0.5076 0.4218 0.4218 0.8353
078 015 0.8353 0.8353 0.8353 0.4218
015 078 0.8353 0.5076 0.5215 0.5215
064 032 0.5215 0.5076 0.8353 0.4218
032 064 0.4218 0.5215 0.5215 0.4218
018 062 0.5076 0.4218 0.8353 0.8353
062 018 0.5076 0.5076 0.4218 0.8353
037 090 0.8353 0.5215 0.4218 0.5076
090 037 0.5076 0.5076 0.5076 0.5076
091 047 0.4218 0.4218 0.5215 0.5076
047 091 0.4218 0.8353 0.5076 0.5215
128 134 0.8353 0.5215 0.5076 0.4218
134 128 0.5076 0.5076 0.5215 0.5076
077 098 0.5215 0.4218 0.8353 0.5215
098 077 0.8353 0.5215 0.5076 0.5076
115 066 0.8353 0.4218 0.5076 0.5076
066 115 0.5076 0.4218 0.5076 0.5076
083 080 0.4218 0.4218 0.5076 0.8353
080 083 0.5215 0.8353 0.4218 0.5076
030 106 0.5076 0.5076 0.5076 0.4218
106 030 0.5215 0.8353 0.5215 0.5076
125 075 0.8353 0.4218 0.5076 0.5076
075 125 0.5076 0.5215 0.5076 0.5215
107 056 0.8353 0.8353 0.4218 0.5215
056 107 0.5076 0.5076 0.8353 0.5076
049 130 0.8353 0.4218 0.4218 0.5215
130 049 0.5215 0.5076 0.5215 0.5076
094 036 0.5215 0.5076 0.5076 0.4218
036 094 0.5076 0.8353 0.4218 0.5076
104 022 0.5076 0.5215 0.8353 0.8353
022 104 0.5215 0.5076 0.5215 0.5076
061 035 0.4218 0.4218 0.5215 0.5076
035 061 0.8353 0.5215 0.4218 0.8353
012 109 0.4218 0.5215 0.8353 0.8353
109 012 0.5076 0.4218 0.8353 0.5076
079 114 0.5076 0.5076 0.5215 0.5215
114 079 0.8353 0.8353 0.5215 0.5076
073 132 0.5215 0.8353 0.4218 0.5215
132 073 0.4218 0.5076 0.5215 0.8353
004 124 0.8353 0.5215 0.5215 0.5215
124 004 0.8353 0.5215 0.8353 0.4218
088 010 0.8353 0.5076 0.8353 0.5076
010 088 0.8353 0.8353 0.5215 0.4218
118 024 0.4218 0.8353 0.5076 0.8353
024 118 0.8353 0.5076 0.5076 0.8353
074 021 0.8353 0.4218 0.5215 0.5076
021 074 0.5215 0.5215 0.5076 0.8353
108 101 0.4218 0.4218 0.5215 0.8353
101 108 0.8353 0.4218 0.4218 0.5215
120 119 0.5076 0.5215 0.5215 0.4218
119 120 0.4218 0.4218 0.5076 0.8353
043 002 0.4218 0.8353 0.5076 0.8353
002 043 0.5076 0.4218 0.5076 0.5076
011 041 0.8353 0.5076 0.5215 0.4218
041 011 0.5076 0.4218 0.5215 0.5215
044 067 0.5215 0.4218 0.5076 0.4218
067 044 0.8353 0.5076 0.4218 0.8353
000 059 0.5215 0.5076 0.4218 0.4218
059 000 0.4218 0.8353 0.8353 0.4218
123 100 0.8353 0.5076 0.4218 0.5215
100 123 0.8353 0.5076 0.5215 0.5076
112 069 0.5076 0.8353 0.8353 0.5215
069 112 0.8353 0.8353 0.8353 0.5215
