135 004556 1
121 090 0.2407 0.2619 0.4040 0.2407
092 090 0.1967 0.1967 0.2619 0.1967
090 092 0.2619 0.2619 0.1967 0.2407
009 029 0.1967 0.2619 0.1967 0.1967
029 009 0.2619 0.2407 0.1967 0.2619
112 053 0.2407 0.2407 0.4040 0.1967
053 112 0.2619 0.2407 0.4040 0.1967
036 082 0.1967 0.2407 0.4040 0.2619
082 036 0.1967 0.2407 0.4040 0.2407
043 095 0.4040 0.2619 0.2619 0.2407
095 043 0.4040 0.4040 0.4040 0.2619
042 015 0.4040 0.2407 0.2619 0.1967
015 042 0.2407 0.4040 0.1967 0.2407
110 028 0.4040 0.2619 0.1967 0.1967
028 110 0.4040 0.4040 0.1967 0.2407
062 098 0.2407 0.4040 0.2619 0.4040
098 062 0.2619 0.1967 0.4040 0.1967
116 101 0.2407 0.2407 0.2407 0.2619
101 116 0.2619 0.4040 0.4040 0.4040
069 096 0.4040 0.2407 0.1967 0.4040
096 069 0.2619 0.2619 0.1967 0.2407
012 087 0.1967 0.2407 0.2407 0.2619
087 012 0.1967 0.1967 0.4040 0.4040
020 049 0.4040 0.2407 0.2407 0.4040
049 020 0.4040 0.1967 0.1967 0.2407
056 074 0.2619 0.2407 0.2407 0.4040
074 056 0.2407 0.2407 0.2619 0.1967
017 130 0.2407 0.1967 0.2407 0.4040
130 017 0.2619 0.1967 0.2407 0.4040
008 100 0.4040 0.2407 0.2407 0.2619
100 008 0.2619 0.2407 0.4040 0.1967
119 030 0.1967 0.2407 0.2407 0.1967
030 119 0.2407 0.2619 0.2619 0.2407
093 037 0.2407 0.1967 0.2407 0.2407
037 093 0.4040 0.4040 0.4040 0.1967
060 052 0.4040 0.2619 0.4040 0.4040
052 060 0.1967 0.2407 0.1967 0.4040
102 058 0.1967 0.1967 0.2407 0.2619
058 102 0.2407 0.2407 0.4040 0.2619
001 002 0.4040 0.2407 0.2619 0.4040
002 001 0.4040 0.4040 0.2407 0.2619
099 125 0.1967 0.2619 0.1967 0.1967
125 099 0.4040 0.1967 0.2619 0.1967
054 129 0.2407 0.1967 0.2619 0.2407
129 054 0.1967 0.2407 0.1967 0.2619
057 003 0.4040 0.4040 0.1967 0.4040
003 057 0.1967 0.1967 0.4040 0.2619
034 114 0.4040 0.1967 0.2407 0.2407
114 034 0.4040 0.2619 0.1967 0.2407
064 106 0.1967 0.4040 0.2619 0.2407
106 064 0.1967 0.2619 0.2619 0.4040
088 115 0.2407 0.1967 0.2619 0.2619
115 088 0.2619 0.2619 0.4040 0.1967
025 059 0.4040 0.2619 0.2619 0.2407
059 025 0.1967 0.4040 0.2619 0.2407
126 080 0.2407 0.1967 0.1967 0.2407
080 126 0.1967 0.1967 0.1967 0.4040
045 072 0.1967 0.1967 0.2619 0.2407
072 045 0.2407 0.1967 0.1967 0.2619
123 000 0.2407 0.4040 0.1967 0.1967
000 123 0.1967 0.2619 0.2619 0.2619
124 023 0.4040 0.4040 0.2407 0.2619
023 124 0.2407 0.4040 0.1967 0.4040
013 027 0.2407 0.4040 0.4040 0.2407
027 013 0.2407 0.2407 0.2407 0.2407
091 067 0.2619 0.4040 0.1967 0.4040
067 091 0.2407 0.2619 0.2619 0.2619
133 086 0.2619 0.2407 0.2619 0.2619
086 133 0.2407 0.2619 0.4040 0.2619
006 022 0.2407 0.2407 0.2619 0.1967
022 006 0.4040 0.4040 0.2619 0.2407
011 113 0.2407 0.4040 0.2619 0.2619
113 011 0.1967 0.2619 0.4040 0.4040
014 131 0.2619 0.2407 0.2407 0.4040
131 014 0.2407 0.2407 0.2407 0.4040
007 070 0.1967 0.4040 0.4040 0.2619
070 007 0.1967 0.2619 0.1967 0.2407
068 021 0.2619 0.4040 0.2407 0.2619
021 068 0.1967 0.2619 0.2619 0.2619
026 071 0.1967 0.1967 0.4040 0.2619
071 026 0.4040 0.4040 0.1967 0.2407
111 010 0.4040 0.2619 0.1967 0.2619
010 111 0.1967 0.2619 0.2619 0.4040
016 109 0.2407 0.2619 0.2619 0.4040
109 016 0.1967 0.2619 0.2619 0.2407
118 108 0.2619 0.2619 0.1967 0.2619
108 118 0.4040 0.2407 0.4040 0.2619
051 047 0.4040 0.2619 0.2407 0.1967
047 051 0.2619 0.1967 0.2407 0.4040
084 024 0.4040 0.4040 0.1967 0.2407
024 084 0.2407 0.2619 0.1967 0.1967
078 065 0.1967 0.2619 0.2619 0.1967
065 078 0.2407 0.2619 0.2407 0.1967
104 097 0.4040 0.2619 0.1967 0.4040
097 104 0.1967 0.4040 0.1967 0.1967
073 083 0.2407 0.1967 0.2407 0.2619
083 073 0.2407 0.2407 0.2619 0.1967
120 046 0.4040 0.2619 0.2619 0.4040
046 120 0.2407 0.2407 0.1967 0.4040
005 032 0.2407 0.1967 0.2407 0.2407
032 005 0.4040 0.4040 0.4040 0.4040
103 035 0.4040 0.2407 0.4040 0.2407
035 103 0.1967 0.2407 0.1967 0.2407
077 038 0.1967 0.2407 0.2619 0.1967
038 077 0.1967 0.4040 0.1967 0.1967
031 055 0.2407 0.2407 0.2407 0.1967
055 031 0.1967 0.4040 0.2407 0.2619
107 063 0.2407 0.2619 0.4040 0.1967
063 107 0.1967 0.1967 0.2619 0.4040
079 127 0.2619 0.2619 0.2407 0.2619
127 079 0.2619 0.4040 0.2619 0.2619
033 122 0.4040 0.1967 0.2619 0.2407
122 033 0.4040 0.2407 0.4040 0.2407
128 076 0.2407 0.4040 0.2619 0.2407
076 128 0.4040 0.1967 0.2619 0.2619
061 040 0.4040 0.2407 0.4040 0.2407
040 061 0.2407 0.2407 0.4040 0.4040
048 094 0.2619 0.1967 0.1967 0.4040
094 048 0.2619 0.2407 0.1967 0.1967
039 050 0.2619 0.4040 0.2407 0.2619
050 039 0.4040 0.2407 0.2407 0.4040
075 041 0.1967 0.1967 0.1967 0.4040
041 075 0.4040 0.2407 0.4040 0.2407
117 081 0.1967 0.4040 0.1967 0.2619
081 117 0.2407 0.1967 0.2407 0.4040
004 105 0.4040 0.2619 0.1967 0.2407
105 004 0.2407 0.2619 0.1967 0.2407
044 019 0.2619 0.4040 0.1967 0.2407
019 044 0.4040 0.2407 0.2407 0.2619
089 066 0.1967 0.2619 0.4040 0.1967
066 089 0.1967 0.4040 0.2619 0.2619
018 085 0.4040 0.1967 0.1967 0.1967
085 018 0.4040 0.2407 0.1967 0.4040
132 134 0.2619 0.1967 0.2407 0.1967
134 132 0.2619 0.2619 0.1967 0.4040
