135 004556 1
016 075 0.4633 0.2684 0.4633 0.6962
116 016 0.6962 0.4633 0.2684 0.4633
075 116 0.4633 0.4633 0.6962 0.6962
002 128 0.2684 0.6962 0.4633 0.6962
128 002 0.4633 0.3221 0.2684 0.6962
057 079 0.2684 0.2684 0.3221 0.6962
079 057 0.4633 0.4633 0.6962 0.2684
114 083 0.4633 0.3221 0.2684 0.2684
083 114 0.3221 0.4633 0.4633 0.2684
007 108 0.4633 0.6962 0.3221 0.2684
108 007 0.3221 0.4633 0.2684 0.6962
109 126 0.3221 0.4633 0.3221 0.2684
126 109 0.4633 0.6962 0.3221 0.4633
081 074 0.4633 0.6962 0.2684 0.4633
074 081 0.3221 0.4633 0.2684 0.6962
106 034 0.3221 0.3221 0.4633 0.6962
034 106 0.3221 0.4633 0.3221 0.3221
071 060 0.4633 0.6962 0.4633 0.3221
060 071 0.3221 0.2684 0.2684 0.6962
037 011 0.3221 0.2684 0.2684 0.6962
011 037 0.6962 0.3221 0.2684 0.3221
073 051 0.2684 0.3221 0.2684 0.2684
051 073 0.4633 0.2684 0.6962 0.6962
025 048 0.6962 0.6962 0.2684 0.6962
048 025 0.3221 0.4633 0.3221 0.2684
090 017 0.6962 0.2684 0.6962 0.6962
017 090 0.3221 0.3221 0.3221 0.6962
021 103 0.4633 0.2684 0.2684 0.4633
103 021 0.4633 0.3221 0.6962 0.3221
132 076 0.3221 0.3221 0.2684 0.4633
076 132 0.2684 0.2684 0.2684 0.6962
058 064 0.3221 0.3221 0.3221 0.2684
064 058 0.2684 0.3221 0.6962 0.3221
052 015 0.6962 0.3221 0.4633 0.3221
015 052 0.4633 0.3221 0.3221 0.4633
097 115 0.3221 0.2684 0.3221 0.4633
115 097 0.6962 0.2684 0.4633 0.3221
080 059 0.2684 0.2684 0.4633 0.6962
059 080 0.4633 0.6962 0.6962 0.6962
026 096 0.4633 0.3221 0.3221 0.2684
096 026 0.4633 0.2684 0.3221 0.2684
065 033 0.6962 0.4633 0.4633 0.3221
033 065 0.6962 0.4633 0.6962 0.6962
039 027 0.4633 0.3221 0.2684 0.2684
027 039 0.2684 0.2684 0.6962 0.4633
062 009 0.3221 0.2684 0.4633 0.6962
009 062 0.4633 0.2684 0.4633 0.4633
006 123 0.6962 0.2684 0.4633 0.3221
123 006 0.6962 0.4633 0.2684 0.4633
117 098 0.4633 0.3221 0.4633 0.3221
098 117 0.3221 0.2684 0.3221 0.3221
047 134 0.6962 0.4633 0.2684 0.3221
134 047 0.6962 0.6962 0.6962 0.6962
129 101 0.4633 0.6962 0.3221 0.6962
101 129 0.3221 0.2684 0.2684 0.2684
086 119 0.4633 0.4633 0.6962 0.2684
119 086 0.2684 0.3221 0.4633 0.3221
004 077 0.2684 0.6962 0.2684 0.2684
077 004 0.3221 0.2684 0.4633 0.2684
084 031 0.3221 0.4633 0.4633 0.3221
031 084 0.3221 0.3221 0.3221 0.6962
003 078 0.2684 0.6962 0.6962 0.2684
078 003 0.6962 0.3221 0.6962 0.6962
013 099 0.2684 0.2684 0.3221 0.3221
099 013 0.6962 0.4633 0.3221 0.2684
063 085 0.2684 0.2684 0.2684 0.2684
085 063 0.3221 0.3221 0.4633 0.3221
042 005 0.3221 0.6962 0.2684 0.6962
005 042 0.4633 0.2684 0.4633 0.3221
018 019 0.6962 0.6962 0.3221 0.3221
019 018 0.4633 0.3221 0.2684 0.6962
045 089 0.6962 0.3221 0.4633 0.2684
089 045 0.4633 0.6962 0.4633 0.6962
124 012 0.3221 0.2684 0.3221 0.3221
012 124 0.3221 0.6962 0.6962 0.4633
053 069 0.3221 0.6962 0.3221 0.2684
069 053 0.2684 0.6962 0.3221 0.3221
130 122 0.3221 0.3221 0.3221 0.2684
122 130 0.4633 0.3221 0.6962 0.3221
014 093 0.2684 0.6962 0.4633 0.2684
093 014 0.3221 0.6962 0.2684 0.2684
100 112 0.6962 0.3221 0.2684 0.2684
112 100 0.2684 0.3221 0.2684 0.4633
066 131 0.4633 0.6962 0.4633 0.3221
131 066 0.6962 0.6962 0.4633 0.6962
120 043 0.4633 0.3221 0.4633 0.6962
043 120 0.4633 0.2684 0.3221 0.3221
038 095 0.4633 0.2684 0.2684 0.3221
095 038 0.6962 0.2684 0.2684 0.6962
010 061 0.4633 0.4633 0.2684 0.6962
061 010 0.2684 0.6962 0.6962 0.4633
029 024 0.3221 0.2684 0.6962 0.6962
024 029 0.6962 0.3221 0.3221 0.3221
118 087 0.2684 0.2684 0.6962 0.4633
087 118 0.6962 0.6962 0.3221 0.3221
049 028 0.2684 0.3221 0.6962 0.2684
028 049 0.3221 0.3221 0.2684 0.4633
091 044 0.3221 0.2684 0.3221 0.2684
044 091 0.3221 0.2684 0.3221 0.6962
072 068 0.3221 0.2684 0.3221 0.3221
068 072 0.4633 0.2684 0.3221 0.4633
067 133 0.3221 0.3221 0.3221 0.4633
133 067 0.3221 0.2684 0.6962 0.2684
001 023 0.4633 0.6962 0.2684 0.2684
023 001 0.2684 0.3221 0.4633 0.2684
113 040 0.6962 0.4633 0.4633 0.4633
040 113 0.3221 0.4633 0.3221 0.6962
105 111 0.2684 0.4633 0.6962 0.3221
111 105 0.3221 0.4633 0.3221 0.6962
092 070 0.4633 0.3221 0.6962 0.2684
070 092 0.3221 0.4633 0.4633 0.4633
127 102 0.6962 0.2684 0.2684 0.4633
102 127 0.3221 0.6962 0.6962 0.2684
104 022 0.3221 0.4633 0.2684 0.3221
022 104 0.2684 0.2684 0.4633 0.2684
107 094 0.6962 0.3221 0.4633 0.4633
094 107 0.4633 0.4633 0.4633 0.3221
056 054 0.4633 0.6962 0.2684 0.4633
054 056 0.3221 0.3221 0.2684 0.2684
020 050 0.4633 0.6962 0.6962 0.3221
050 020 0.2684 0.2684 0.3221 0.6962
036 125 0.2684 0.4633 0.3221 0.4633
125 036 0.4633 0.4633 0.6962 0.4633
008 121 0.6962 0.6962 0.6962 0.3221
121 008 0.3221 0.2684 0.6962 0.4633
032 110 0.2684 0.2684 0.2684 0.3221
110 032 0.6962 0.2684 0.4633 0.4633
055 082 0.6962 0.2684 0.6962 0.4633
082 055 0.4633 0.4633 0.3221 0.4633
041 088 0.2684 0.6962 0.6962 0.3221
088 041 0.6962 0.2684 0.6962 0.3221
035 030 0.3221 0.3221 0.4633 0.3221
030 035 0.4633 0.6962 0.2684 0.2684
046 000 0.6962 0.6962 0.3221 0.3221
000 046 0.2684 0.6962 0.6962 0.4633
