135 004556 1
081 029 0.5886 0.1743 0.3026 0.3026
047 081 0.5886 0.9471 0.1743 0.9471
029 081 0.5886 0.1743 0.5886 0.1743
124 057 0.3026 0.5886 0.1743 0.9471
057 124 0.1743 0.1743 0.1743 0.5886
061 048 0.9471 0.3026 0.1743 0.1743
048 061 0.1743 0.1743 0.3026 0.1743
093 040 0.3026 0.9471 0.5886 0.9471
040 093 0.3026 0.9471 0.5886 0.3026
063 009 0.1743 0.3026 0.9471 0.3026
009 063 0.1743 0.3026 0.3026 0.9471
122 044 0.5886 0.3026 0.3026 0.3026
044 122 0.3026 0.5886 0.1743 0.3026
130 077 0.5886 0.3026 0.9471 0.5886
077 130 0.1743 0.3026 0.9471 0.3026
025 126 0.9471 0.9471 0.3026 0.3026
126 025 0.3026 0.1743 0.9471 0.5886
129 078 0.5886 0.5886 0.9471 0.5886
078 129 0.9471 0.3026 0.3026 0.5886
100 118 0.5886 0.9471 0.3026 0.1743
118 100 0.3026 0.9471 0.9471 0.3026
082 070 0.5886 0.1743 0.5886 0.9471
070 082 0.9471 0.1743 0.3026 0.9471
071 088 0.3026 0.3026 0.5886 0.3026
088 071 0.3026 0.5886 0.3026 0.1743
083 102 0.9471 0.5886 0.1743 0.9471
102 083 0.3026 0.9471 0.9471 0.1743
073 021 0.5886 0.5886 0.1743 0.1743
021 073 0.5886 0.1743 0.3026 0.1743
074 107 0.3026 0.1743 0.5886 0.5886
107 074 0.1743 0.1743 0.9471 0.1743
015 045 0.5886 0.5886 0.1743 0.5886
045 015 0.3026 0.1743 0.5886 0.1743
002 091 0.3026 0.1743 0.5886 0.3026
091 002 0.3026 0.9471 0.1743 0.5886
013 111 0.9471 0.1743 0.5886 0.5886
111 013 0.1743 0.9471 0.5886 0.5886
046 086 0.9471 0.1743 0.9471 0.3026
086 046 0.3026 0.5886 0.1743 0.3026
109 011 0.1743 0.3026 0.5886 0.3026
011 109 0.9471 0.5886 0.3026 0.5886
094 008 0.5886 0.9471 0.1743 0.9471
008 094 0.3026 0.5886 0.1743 0.1743
123 128 0.5886 0.9471 0.9471 0.9471
128 123 0.3026 0.1743 0.9471 0.1743
103 096 0.1743 0.5886 0.9471 0.5886
096 103 0.1743 0.9471 0.5886 0.5886
043 104 0.1743 0.9471 0.1743 0.1743
104 043 0.5886 0.1743 0.9471 0.9471
012 108 0.3026 0.5886 0.1743 0.5886
108 012 0.9471 0.3026 0.5886 0.9471
036 101 0.3026 0.3026 0.5886 0.1743
101 036 0.5886 0.5886 0.1743 0.1743
099 052 0.3026 0.5886 0.9471 0.3026
052 099 0.3026 0.3026 0.9471 0.5886
115 042 0.1743 0.5886 0.3026 0.3026
042 115 0.1743 0.9471 0.1743 0.5886
066 053 0.9471 0.1743 0.5886 0.9471
053 066 0.3026 0.5886 0.1743 0.1743
027 031 0.5886 0.9471 0.3026 0.3026
031 027 0.9471 0.3026 0.9471 0.3026
085 092 0.9471 0.3026 0.9471 0.5886
092 085 0.5886 0.3026 0.3026 0.1743
010 113 0.1743 0.9471 0.1743 0.3026
113 010 0.5886 0.3026 0.3026 0.1743
064 075 0.3026 0.3026 0.5886 0.1743
075 064 0.5886 0.3026 0.9471 0.5886
007 060 0.3026 0.3026 0.1743 0.5886
060 007 0.3026 0.5886 0.1743 0.9471
072 041 0.9471 0.3026 0.1743 0.5886
041 072 0.1743 0.5886 0.9471 0.9471
133 059 0.9471 0.9471 0.9471 0.9471
059 133 0.9471 0.9471 0.1743 0.1743
098 003 0.9471 0.1743 0.1743 0.1743
003 098 0.9471 0.5886 0.3026 0.5886
106 033 0.9471 0.9471 0.1743 0.3026
033 106 0.1743 0.9471 0.5886 0.3026
058 024 0.3026 0.3026 0.9471 0.3026
024 058 0.3026 0.5886 0.3026 0.5886
069 026 0.5886 0.9471 0.9471 0.5886
026 069 0.1743 0.9471 0.1743 0.1743
112 110 0.3026 0.5886 0.9471 0.3026
110 112 0.9471 0.1743 0.3026 0.5886
119 019 0.1743 0.1743 0.1743 0.3026
019 119 0.9471 0.5886 0.5886 0.1743
023 004 0.1743 0.3026 0.9471 0.9471
004 023 0.9471 0.5886 0.5886 0.1743
034 125 0.5886 0.9471 0.9471 0.9471
125 034 0.1743 0.3026 0.5886 0.1743
056 051 0.9471 0.1743 0.1743 0.1743
051 056 0.9471 0.5886 0.3026 0.1743
035 117 0.9471 0.1743 0.3026 0.5886
117 035 0.9471 0.3026 0.1743 0.3026
089 016 0.5886 0.9471 0.1743 0.3026
016 089 0.3026 0.1743 0.3026 0.9471
032 080 0.9471 0.1743 0.3026 0.1743
080 032 0.1743 0.5886 0.3026 0.3026
017 000 0.3026 0.3026 0.9471 0.9471
000 017 0.1743 0.1743 0.5886 0.9471
134 090 0.9471 0.1743 0.3026 0.1743
090 134 0.3026 0.1743 0.3026 0.9471
068 055 0.5886 0.5886 0.3026 0.1743
055 068 0.3026 0.3026 0.5886 0.9471
037 062 0.3026 0.9471 0.9471 0.9471
062 037 0.9471 0.1743 0.3026 0.3026
087 050 0.9471 0.9471 0.9471 0.3026
050 087 0.5886 0.3026 0.1743 0.1743
114 127 0.9471 0.9471 0.3026 0.9471
127 114 0.1743 0.9471 0.1743 0.3026
076 131 0.5886 0.1743 0.3026 0.9471
131 076 0.1743 0.1743 0.1743 0.5886
039 030 0.3026 0.1743 0.3026 0.5886
030 039 0.5886 0.3026 0.3026 0.3026
049 120 0.1743 0.9471 0.3026 0.1743
120 049 0.3026 0.3026 0.3026 0.9471
097 001 0.9471 0.1743 0.5886 0.1743
001 097 0.3026 0.1743 0.1743 0.9471
020 079 0.3026 0.5886 0.9471 0.9471
079 020 0.3026 0.9471 0.3026 0.9471
022 121 0.3026 0.5886 0.1743 0.5886
121 022 0.1743 0.5886 0.5886 0.5886
095 038 0.9471 0.3026 0.9471 0.9471
038 095 0.5886 0.5886 0.1743 0.9471
067 014 0.1743 0.5886 0.3026 0.3026
014 067 0.5886 0.1743 0.9471 0.1743
028 116 0.5886 0.1743 0.1743 0.9471
116 028 0.5886 0.5886 0.5886 0.9471
084 065 0.1743 0.3026 0.1743 0.1743
065 084 0.5886 0.3026 0.1743 0.1743
105 006 0.1743 0.5886 0.3026 0.5886
006 105 0.3026 0.9471 0.3026 0.3026
132 018 0.5886 0.3026 0.3026 0.9471
018 132 0.5886 0.9471 0.3026 0.1743
054 005 0.9471 0.3026 0.5886 0.1743
005 054 0.3026 0.5886 0.5886 0.9471
