135 004556 1
011 062 0.7399 0.9280 0.7112 0.7112
062 011 0.5764 0.9280 0.9280 0.5764
030 062 0.7399 0.5764 0.7399 0.9280
004 043 0.7112 0.9280 0.7112 0.7112
043 004 0.7399 0.5764 0.7112 0.7399
033 111 0.9280 0.9280 0.9280 0.5764
111 033 0.7112 0.7399 0.9280 0.7112
080 093 0.7112 0.5764 0.5764 0.9280
093 080 0.7112 0.7399 0.7112 0.5764
063 045 0.9280 0.5764 0.5764 0.5764
045 063 0.9280 0.9280 0.9280 0.7399
009 056 0.9280 0.7112 0.7112 0.7112
056 009 0.7399 0.7112 0.7112 0.7112
013 022 0.7399 0.9280 0.7399 0.7399
022 013 0.7399 0.9280 0.5764 0.7399
000 061 0.5764 0.7399 0.9280 0.9280
061 000 0.9280 0.7399 0.5764 0.9280
099 077 0.9280 0.7112 0.7112 0.9280
077 099 0.5764 0.7112 0.7399 0.7112
012 103 0.7112 0.5764 0.7399 0.9280
103 012 0.9280 0.7399 0.7112 0.7399
035 031 0.7112 0.5764 0.5764 0.7112
031 035 0.5764 0.7399 0.5764 0.7112
006 097 0.9280 0.7112 0.5764 0.7399
097 006 0.7399 0.9280 0.9280 0.7112
096 098 0.9280 0.7112 0.7112 0.9280
098 096 0.9280 0.9280 0.5764 0.7112
058 021 0.9280 0.5764 0.7112 0.7399
021 058 0.7112 0.7112 0.5764 0.7112
064 044 0.7399 0.7112 0.9280 0.9280
044 064 0.7112 0.9280 0.7399 0.7112
027 050 0.9280 0.5764 0.9280 0.7112
050 027 0.5764 0.9280 0.7112 0.7112
131 010 0.7112 0.9280 0.7399 0.9280
010 131 0.7112 0.7399 0.9280 0.7399
075 101 0.5764 0.7112 0.9280 0.7399
101 075 0.5764 0.7399 0.5764 0.7112
003 083 0.5764 0.7112 0.5764 0.7399
083 003 0.9280 0.9280 0.7399 0.5764
067 038 0.7399 0.5764 0.5764 0.7399
038 067 0.9280 0.7399 0.5764 0.9280
016 073 0.7399 0.5764 0.9280 0.9280
073 016 0.5764 0.7112 0.7399 0.7112
028 117 0.9280 0.7112 0.7399 0.7112
117 028 0.7112 0.7112 0.7112 0.7112
087 015 0.9280 0.7399 0.7399 0.5764
015 087 0.7399 0.7112 0.9280 0.7112
106 104 0.9280 0.7112 0.5764 0.7399
104 106 0.7112 0.5764 0.7399 0.9280
100 126 0.5764 0.5764 0.9280 0.7112
126 100 0.7112 0.7112 0.9280 0.7112
049 071 0.9280 0.5764 0.9280 0.9280
071 049 0.7399 0.7399 0.9280 0.7399
019 114 0.7399 0.7112 0.7112 0.9280
114 019 0.7112 0.9280 0.5764 0.9280
060 007 0.5764 0.7112 0.5764 0.9280
007 060 0.5764 0.9280 0.7112 0.7399
127 082 0.9280 0.7399 0.7399 0.9280
082 127 0.7112 0.7112 0.5764 0.7112
074 132 0.7112 0.7399 0.5764 0.7399
132 074 0.5764 0.7399 0.7112 0.7112
055 108 0.5764 0.9280 0.9280 0.5764
108 055 0.7399 0.7399 0.9280 0.5764
129 037 0.7399 0.7112 0.7399 0.7112
037 129 0.7399 0.9280 0.5764 0.5764
076 053 0.5764 0.5764 0.9280 0.7112
053 076 0.7112 0.9280 0.9280 0.9280
036 107 0.5764 0.7399 0.7399 0.9280
107 036 0.7399 0.7399 0.7112 0.5764
116 090 0.7399 0.7399 0.9280 0.5764
090 116 0.9280 0.7112 0.7112 0.9280
052 008 0.5764 0.7112 0.5764 0.7112
008 052 0.7112 0.7112 0.7399 0.7112
026 040 0.7112 0.9280 0.5764 0.9280
040 026 0.9280 0.5764 0.7399 0.7399
091 123 0.7112 0.7399 0.5764 0.9280
123 091 0.9280 0.9280 0.7399 0.5764
118 112 0.7112 0.9280 0.9280 0.7399
112 118 0.7399 0.7112 0.5764 0.7399
048 102 0.7112 0.9280 0.7399 0.5764
102 048 0.7399 0.5764 0.7112 0.5764
041 122 0.7399 0.7112 0.5764 0.7112
122 041 0.7112 0.7112 0.7399 0.7112
078 121 0.5764 0.9280 0.7399 0.5764
121 078 0.7112 0.9280 0.5764 0.7399
081 024 0.9280 0.7112 0.7399 0.5764
024 081 0.5764 0.9280 0.7112 0.9280
005 068 0.9280 0.5764 0.7399 0.5764
068 005 0.9280 0.7112 0.7112 0.7399
113 128 0.7399 0.9280 0.7399 0.9280
128 113 0.5764 0.7112 0.7112 0.7399
109 085 0.7112 0.7399 0.9280 0.5764
085 109 0.7399 0.5764 0.7112 0.7399
069 084 0.7112 0.9280 0.7399 0.7112
084 069 0.9280 0.9280 0.7399 0.7399
088 023 0.7112 0.5764 0.9280 0.9280
023 088 0.9280 0.5764 0.7399 0.7112
032 066 0.9280 0.7399 0.7399 0.7399
066 032 0.9280 0.5764 0.7112 0.7112
119 057 0.5764 0.7399 0.5764 0.5764
057 119 0.5764 0.5764 0.9280 0.9280
095 133 0.5764 0.7112 0.5764 0.7399
133 095 0.7112 0.5764 0.7399 0.5764
046 110 0.7399 0.9280 0.7399 0.7399
110 046 0.9280 0.7112 0.7399 0.9280
105 079 0.9280 0.9280 0.7112 0.7399
079 105 0.9280 0.9280 0.9280 0.7112
070 039 0.7112 0.7399 0.5764 0.7112
039 070 0.7399 0.7112 0.7112 0.5764
020 086 0.7399 0.7399 0.5764 0.9280
086 020 0.9280 0.9280 0.9280 0.9280
089 092 0.9280 0.9280 0.7112 0.5764
092 089 0.7399 0.9280 0.9280 0.7112
001 054 0.5764 0.5764 0.7399 0.7399
054 001 0.5764 0.5764 0.7112 0.5764
014 094 0.7112 0.5764 0.7399 0.5764
094 014 0.7399 0.7112 0.7399 0.5764
115 120 0.9280 0.5764 0.7399 0.7399
120 115 0.9280 0.5764 0.7399 0.7399
047 072 0.7112 0.7112 0.9280 0.9280
072 047 0.7399 0.9280 0.7399 0.7112
125 124 0.7399 0.7112 0.7399 0.7112
124 125 0.7112 0.7399 0.9280 0.9280
017 018 0.5764 0.9280 0.5764 0.5764
018 017 0.7112 0.9280 0.9280 0.9280
025 059 0.7399 0.7399 0.7112 0.7399
059 025 0.7399 0.5764 0.9280 0.5764
034 029 0.9280 0.7112 0.9280 0.9280
029 034 0.7112 0.7399 0.5764 0.7399
130 134 0.5764 0.5764 0.7112 0.9280
134 130 0.7112 0.7112 0.9280 0.9280
051 042 0.7399 0.5764 0.5764 0.9280
042 051 0.5764 0.7112 0.5764 0.7112
065 002 0.5764 0.7112 0.7399 0.9280
002 065 0.7112 0.5764 0.9280 0.7399
