135 004556 1
022 069 0.2521 0.3473 0.2521 0.3473
069 022 0.2590 0.2590 0.2590 0.8811
038 069 0.2521 0.3473 0.2590 0.2521
082 015 0.8811 0.8811 0.3473 0.8811
015 082 0.2590 0.3473 0.3473 0.3473
057 055 0.2521 0.3473 0.8811 0.2521
055 057 0.3473 0.8811 0.2590 0.2590
129 008 0.2590 0.2521 0.2590 0.2521
008 129 0.2521 0.2590 0.3473 0.8811
077 045 0.3473 0.3473 0.8811 0.2521
045 077 0.2590 0.3473 0.3473 0.8811
035 039 0.2590 0.2521 0.2521 0.2521
039 035 0.2521 0.8811 0.3473 0.8811
133 110 0.2590 0.2521 0.2521 0.2590
110 133 0.2590 0.8811 0.2521 0.8811
126 112 0.2590 0.8811 0.3473 0.2521
112 126 0.2590 0.3473 0.3473 0.3473
113 049 0.2521 0.3473 0.3473 0.2590
049 113 0.3473 0.2590 0.2590 0.2590
098 004 0.2590 0.3473 0.8811 0.2590
004 098 0.2521 0.2521 0.3473 0.3473
093 115 0.3473 0.2521 0.3473 0.3473
115 093 0.2590 0.8811 0.2590 0.2521
131 058 0.2521 0.3473 0.3473 0.3473
058 131 0.3473 0.8811 0.2521 0.8811
030 071 0.8811 0.8811 0.2590 0.2590
071 030 0.2521 0.8811 0.8811 0.3473
052 087 0.8811 0.3473 0.3473 0.8811
087 052 0.8811 0.8811 0.3473 0.3473
080 016 0.2590 0.3473 0.2521 0.2521
016 080 0.2590 0.3473 0.8811 0.8811
088 024 0.2590 0.8811 0.2590 0.2521
024 088 0.3473 0.8811 0.2590 0.2590
127 048 0.3473 0.2521 0.2590 0.2521
048 127 0.8811 0.2521 0.3473 0.3473
073 046 0.8811 0.2590 0.8811 0.8811
046 073 0.3473 0.3473 0.8811 0.2590
017 065 0.2521 0.2521 0.2521 0.2590
065 017 0.3473 0.2590 0.8811 0.2521
020 083 0.2590 0.2590 0.2590 0.2521
083 020 0.8811 0.8811 0.3473 0.3473
100 064 0.2590 0.3473 0.8811 0.8811
064 100 0.3473 0.2590 0.2590 0.3473
089 092 0.2590 0.8811 0.2521 0.8811
092 089 0.2590 0.2521 0.2590 0.8811
011 053 0.3473 0.8811 0.2590 0.2590
053 011 0.2590 0.2521 0.3473 0.2590
125 068 0.3473 0.8811 0.8811 0.3473
068 125 0.2521 0.3473 0.2590 0.8811
103 027 0.3473 0.8811 0.3473 0.2521
027 103 0.2521 0.2521 0.2590 0.2521
121 090 0.3473 0.8811 0.3473 0.3473
090 121 0.3473 0.2590 0.2521 0.2521
117 013 0.2590 0.8811 0.3473 0.3473
013 117 0.2590 0.2590 0.8811 0.3473
018 029 0.3473 0.8811 0.8811 0.2521
029 018 0.2521 0.3473 0.2590 0.2590
101 059 0.3473 0.2590 0.8811 0.2590
059 101 0.8811 0.8811 0.2590 0.3473
094 054 0.2590 0.8811 0.8811 0.2521
054 094 0.2521 0.2590 0.2521 0.3473
086 061 0.3473 0.3473 0.2521 0.3473
061 086 0.2590 0.2590 0.2521 0.3473
132 023 0.2590 0.2521 0.8811 0.2590
023 132 0.3473 0.8811 0.8811 0.2590
010 051 0.2521 0.8811 0.3473 0.3473
051 010 0.3473 0.3473 0.8811 0.2590
097 111 0.3473 0.2521 0.2590 0.2590
111 097 0.2521 0.2590 0.2521 0.8811
003 033 0.2590 0.8811 0.2521 0.3473
033 003 0.2521 0.8811 0.8811 0.3473
040 014 0.8811 0.2590 0.2521 0.2590
014 040 0.3473 0.2521 0.3473 0.3473
075 005 0.3473 0.2521 0.3473 0.8811
005 075 0.8811 0.3473 0.8811 0.2521
072 085 0.2590 0.2590 0.3473 0.8811
085 072 0.8811 0.3473 0.2521 0.3473
109 106 0.8811 0.2521 0.2590 0.3473
106 109 0.2590 0.2590 0.2521 0.2521
021 067 0.8811 0.2521 0.8811 0.3473
067 021 0.3473 0.2521 0.2521 0.2590
066 012 0.2590 0.2521 0.8811 0.2590
012 066 0.3473 0.3473 0.2590 0.2590
056 095 0.2521 0.2521 0.2590 0.2521
095 056 0.8811 0.3473 0.3473 0.2521
078 104 0.2521 0.3473 0.2521 0.2521
104 078 0.2521 0.8811 0.3473 0.8811
019 114 0.3473 0.2590 0.8811 0.2521
114 019 0.3473 0.8811 0.3473 0.2590
006 076 0.2590 0.3473 0.8811 0.3473
076 006 0.2590 0.2521 0.2590 0.2521
009 099 0.2590 0.8811 0.2590 0.3473
099 009 0.2521 0.2590 0.8811 0.2590
037 116 0.2521 0.2521 0.2521 0.2590
116 037 0.8811 0.3473 0.8811 0.8811
042 134 0.2521 0.3473 0.8811 0.3473
134 042 0.2590 0.2521 0.3473 0.3473
118 047 0.3473 0.8811 0.8811 0.3473
047 118 0.8811 0.2521 0.2521 0.2590
096 119 0.2590 0.3473 0.3473 0.2521
119 096 0.8811 0.8811 0.2521 0.3473
063 120 0.2590 0.2521 0.3473 0.2590
120 063 0.3473 0.8811 0.3473 0.2590
107 122 0.3473 0.2590 0.8811 0.8811
122 107 0.2590 0.2590 0.8811 0.3473
007 074 0.8811 0.3473 0.2590 0.8811
074 007 0.3473 0.8811 0.3473 0.2521
084 091 0.8811 0.2590 0.3473 0.8811
091 084 0.3473 0.3473 0.2590 0.3473
124 070 0.3473 0.2521 0.2590 0.8811
070 124 0.2590 0.8811 0.3473 0.3473
043 044 0.2521 0.2521 0.8811 0.3473
044 043 0.2590 0.2590 0.3473 0.3473
050 128 0.3473 0.8811 0.8811 0.2590
128 050 0.3473 0.3473 0.3473 0.2590
041 001 0.3473 0.3473 0.2590 0.8811
001 041 0.2590 0.2521 0.3473 0.3473
031 102 0.8811 0.2590 0.3473 0.3473
102 031 0.2521 0.3473 0.2590 0.2590
000 060 0.3473 0.8811 0.3473 0.2521
060 000 0.2521 0.8811 0.8811 0.2590
081 026 0.2521 0.8811 0.8811 0.2590
026 081 0.8811 0.3473 0.2590 0.2590
108 034 0.2521 0.3473 0.2590 0.8811
034 108 0.2590 0.2590 0.3473 0.2590
130 032 0.2521 0.2590 0.3473 0.3473
032 130 0.8811 0.8811 0.8811 0.2521
025 062 0.2521 0.2521 0.8811 0.2590
062 025 0.2590 0.8811 0.8811 0.8811
028 123 0.2521 0.2521 0.2521 0.2521
123 028 0.8811 0.3473 0.3473 0.3473
002 079 0.3473 0.8811 0.8811 0.2521
079 002 0.3473 0.2590 0.8811 0.3473
105 036 0.3473 0.2521 0.2590 0.3473
036 105 0.3473 0.2521 0.8811 0.8811
