135 004556 1
006 109 0.6154 0.1664 0.6154 0.8172
109 006 0.8172 0.2807 0.2807 0.6154
067 006 0.1664 0.6154 0.1664 0.2807
027 104 0.1664 0.8172 0.8172 0.1664
104 027 0.1664 0.1664 0.2807 0.2807
053 079 0.6154 0.1664 0.1664 0.8172
079 053 0.6154 0.6154 0.2807 0.2807
035 126 0.8172 0.8172 0.8172 0.8172
126 035 0.2807 0.2807 0.2807 0.6154
114 001 0.1664 0.2807 0.6154 0.1664
001 114 0.6154 0.1664 0.1664 0.8172
108 064 0.2807 0.2807 0.1664 0.6154
064 108 0.6154 0.2807 0.1664 0.8172
023 100 0.8172 0.1664 0.6154 0.2807
100 023 0.8172 0.2807 0.1664 0.1664
132 134 0.6154 0.6154 0.2807 0.6154
134 132 0.8172 0.1664 0.2807 0.6154
130 120 0.6154 0.1664 0.1664 0.1664
120 130 0.1664 0.6154 0.6154 0.6154
005 071 0.8172 0.1664 0.6154 0.2807
071 005 0.6154 0.8172 0.2807 0.2807
044 106 0.2807 0.1664 0.1664 0.8172
106 044 0.8172 0.8172 0.6154 0.2807
122 102 0.6154 0.2807 0.2807 0.6154
102 122 0.2807 0.2807 0.8172 0.1664
032 127 0.2807 0.1664 0.2807 0.8172
127 032 0.1664 0.1664 0.1664 0.8172
013 065 0.1664 0.1664 0.6154 0.8172
065 013 0.8172 0.8172 0.2807 0.6154
105 115 0.8172 0.2807 0.8172 0.1664
115 105 0.8172 0.2807 0.6154 0.6154
018 075 0.2807 0.8172 0.8172 0.6154
075 018 0.1664 0.2807 0.6154 0.1664
011 015 0.6154 0.1664 0.8172 0.6154
015 011 0.6154 0.8172 0.8172 0.2807
024 047 0.6154 0.8172 0.6154 0.2807
047 024 0.1664 0.2807 0.2807 0.8172
014 095 0.8172 0.2807 0.6154 0.8172
095 014 0.8172 0.2807 0.2807 0.1664
080 082 0.8172 0.6154 0.8172 0.2807
082 080 0.6154 0.1664 0.2807 0.1664
050 129 0.2807 0.6154 0.1664 0.6154
129 050 0.6154 0.8172 0.8172 0.1664
092 078 0.6154 0.2807 0.1664 0.8172
078 092 0.8172 0.1664 0.2807 0.2807
111 057 0.1664 0.1664 0.1664 0.1664
057 111 0.2807 0.6154 0.2807 0.1664
062 029 0.1664 0.8172 0.1664 0.8172
029 062 0.2807 0.6154 0.6154 0.6154
058 101 0.1664 0.2807 0.8172 0.1664
101 058 0.6154 0.8172 0.1664 0.1664
040 128 0.6154 0.2807 0.2807 0.1664
128 040 0.2807 0.8172 0.8172 0.6154
073 089 0.1664 0.1664 0.8172 0.8172
089 073 0.2807 0.2807 0.2807 0.2807
094 003 0.6154 0.1664 0.8172 0.6154
003 094 0.8172 0.2807 0.8172 0.6154
043 098 0.8172 0.2807 0.8172 0.2807
098 043 0.1664 0.2807 0.6154 0.2807
020 016 0.6154 0.8172 0.8172 0.6154
016 020 0.1664 0.2807 0.6154 0.8172
028 133 0.2807 0.1664 0.8172 0.6154
133 028 0.1664 0.1664 0.8172 0.8172
017 090 0.1664 0.6154 0.8172 0.8172
090 017 0.1664 0.2807 0.1664 0.2807
052 121 0.1664 0.2807 0.6154 0.2807
121 052 0.8172 0.8172 0.2807 0.6154
123 063 0.8172 0.8172 0.6154 0.8172
063 123 0.1664 0.8172 0.8172 0.1664
086 022 0.6154 0.1664 0.1664 0.2807
022 086 0.6154 0.6154 0.1664 0.1664
096 039 0.8172 0.1664 0.8172 0.2807
039 096 0.1664 0.6154 0.2807 0.8172
012 113 0.2807 0.8172 0.2807 0.6154
113 012 0.1664 0.8172 0.8172 0.8172
025 099 0.6154 0.1664 0.8172 0.6154
099 025 0.8172 0.1664 0.8172 0.6154
054 081 0.2807 0.1664 0.6154 0.8172
081 054 0.1664 0.8172 0.8172 0.8172
072 131 0.1664 0.2807 0.6154 0.6154
131 072 0.1664 0.8172 0.1664 0.8172
087 010 0.2807 0.6154 0.2807 0.6154
010 087 0.2807 0.1664 0.1664 0.6154
117 026 0.2807 0.6154 0.8172 0.2807
026 117 0.8172 0.1664 0.8172 0.8172
097 077 0.8172 0.2807 0.6154 0.8172
077 097 0.6154 0.2807 0.2807 0.6154
084 009 0.6154 0.2807 0.2807 0.8172
009 084 0.6154 0.2807 0.1664 0.2807
060 036 0.1664 0.8172 0.6154 0.2807
036 060 0.2807 0.6154 0.2807 0.2807
046 076 0.8172 0.1664 0.1664 0.8172
076 046 0.8172 0.6154 0.2807 0.2807
069 031 0.2807 0.1664 0.2807 0.1664
031 069 0.2807 0.1664 0.2807 0.2807
021 004 0.8172 0.6154 0.8172 0.8172
004 021 0.6154 0.6154 0.8172 0.6154
112 085 0.2807 0.6154 0.1664 0.8172
085 112 0.8172 0.1664 0.2807 0.6154
045 083 0.8172 0.1664 0.1664 0.6154
083 045 0.8172 0.8172 0.1664 0.8172
107 088 0.2807 0.1664 0.8172 0.8172
088 107 0.1664 0.2807 0.6154 0.6154
038 066 0.1664 0.1664 0.2807 0.1664
066 038 0.8172 0.6154 0.8172 0.2807
061 041 0.2807 0.6154 0.8172 0.6154
041 061 0.8172 0.1664 0.2807 0.6154
048 042 0.2807 0.1664 0.2807 0.1664
042 048 0.2807 0.1664 0.8172 0.6154
125 116 0.6154 0.1664 0.8172 0.8172
116 125 0.6154 0.2807 0.6154 0.6154
056 118 0.6154 0.1664 0.8172 0.8172
118 056 0.6154 0.1664 0.1664 0.8172
074 034 0.6154 0.6154 0.1664 0.6154
034 074 0.2807 0.6154 0.1664 0.8172
037 068 0.6154 0.8172 0.8172 0.1664
068 037 0.6154 0.1664 0.2807 0.2807
055 119 0.2807 0.1664 0.2807 0.2807
119 055 0.1664 0.8172 0.1664 0.8172
070 091 0.2807 0.2807 0.6154 0.6154
091 070 0.6154 0.2807 0.8172 0.8172
007 008 0.8172 0.2807 0.2807 0.8172
008 007 0.1664 0.2807 0.8172 0.1664
030 124 0.8172 0.6154 0.6154 0.6154
124 030 0.1664 0.6154 0.2807 0.8172
000 103 0.6154 0.2807 0.1664 0.1664
103 000 0.2807 0.1664 0.1664 0.2807
093 051 0.8172 0.6154 0.1664 0.2807
051 093 0.8172 0.6154 0.6154 0.2807
049 059 0.2807 0.2807 0.2807 0.6154
059 049 0.2807 0.6154 0.6154 0.1664
110 033 0.2807 0.6154 0.2807 0.2807
033 110 0.8172 0.8172 0.6154 0.8172
019 002 0.2807 0.1664 0.8172 0.8172
002 019 0.1664 0.1664 0.6154 0.8172
