135 004556 1
005 000 0.9629 0.3559 0.3559 0.9629
000 108 0.9385 0.9385 0.3559 0.9629
108 000 0.9629 0.3559 0.3766 0.9385
093 081 0.9629 0.9385 0.9629 0.9385
081 093 0.3559 0.9629 0.9629 0.3559
096 066 0.9385 0.3559 0.3766 0.9385
066 096 0.3559 0.9385 0.9385 0.3766
032 061 0.9629 0.9629 0.9385 0.9385
061 032 0.9629 0.9385 0.9629 0.9385
014 001 0.3766 0.3766 0.3766 0.9385
001 014 0.9385 0.9385 0.9385 0.9385
094 133 0.9385 0.3559 0.9629 0.9385
133 094 0.3766 0.9629 0.3766 0.3766
009 050 0.9385 0.3559 0.9385 0.9385
050 009 0.3766 0.9385 0.9385 0.9629
126 007 0.3559 0.9385 0.9629 0.9385
007 126 0.9629 0.9629 0.3766 0.9385
027 057 0.3559 0.9385 0.3766 0.3559
057 027 0.3559 0.9629 0.3559 0.3766
077 086 0.3559 0.3766 0.9629 0.3766
086 077 0.9629 0.9629 0.3766 0.3559
076 121 0.9629 0.3766 0.3766 0.9385
121 076 0.3766 0.3559 0.3766 0.9629
089 038 0.9385 0.9385 0.3559 0.3559
038 089 0.3766 0.3766 0.9629 0.9629
036 130 0.3559 0.3559 0.9629 0.3559
130 036 0.3559 0.3766 0.3559 0.9629
107 059 0.3559 0.9629 0.3559 0.3559
059 107 0.9629 0.9385 0.3559 0.9385
002 067 0.9629 0.3766 0.3559 0.3766
067 002 0.3559 0.3766 0.3559 0.9385
023 087 0.3559 0.3766 0.9385 0.9629
087 023 0.9629 0.9629 0.9629 0.9385
034 030 0.9629 0.9629 0.9385 0.9629
030 034 0.9385 0.3766 0.9385 0.9385
015 041 0.3559 0.9629 0.9629 0.9385
041 015 0.3766 0.3766 0.3559 0.3766
063 024 0.9385 0.9629 0.3766 0.3559
024 063 0.3559 0.3559 0.3559 0.9385
029 131 0.9385 0.3766 0.3559 0.3766
131 029 0.9385 0.9385 0.3766 0.3559
044 134 0.3766 0.3766 0.9385 0.9385
134 044 0.9629 0.3559 0.3559 0.9629
083 051 0.9385 0.3766 0.9385 0.9385
051 083 0.3766 0.3559 0.3766 0.9385
003 129 0.9385 0.9385 0.3559 0.9385
129 003 0.9629 0.9385 0.9629 0.9385
085 048 0.3559 0.3559 0.9385 0.9385
048 085 0.9629 0.3559 0.3766 0.3766
123 021 0.9629 0.9629 0.9385 0.3766
021 123 0.9385 0.9385 0.3559 0.3559
018 054 0.3559 0.3766 0.9385 0.3559
054 018 0.3766 0.3559 0.3766 0.9629
068 072 0.3559 0.9385 0.3766 0.9629
072 068 0.3559 0.3559 0.3766 0.9385
106 120 0.3766 0.3766 0.3559 0.9385
120 106 0.9385 0.3559 0.9629 0.3559
065 082 0.3766 0.3559 0.9385 0.9629
082 065 0.3766 0.9385 0.3766 0.9385
055 095 0.3559 0.3766 0.3766 0.3559
095 055 0.9385 0.9385 0.9629 0.3559
064 004 0.9385 0.3766 0.9629 0.3766
004 064 0.3766 0.9385 0.3559 0.3559
075 104 0.9385 0.9385 0.9629 0.3559
104 075 0.9385 0.3766 0.9629 0.9629
080 053 0.9629 0.3766 0.3766 0.3766
053 080 0.3559 0.9385 0.9629 0.3559
112 097 0.3559 0.9385 0.9629 0.9385
097 112 0.3559 0.9629 0.9385 0.3766
105 011 0.3766 0.9629 0.9385 0.3766
011 105 0.9385 0.9385 0.9629 0.3559
115 074 0.9629 0.9385 0.3766 0.9385
074 115 0.3559 0.3766 0.9385 0.9385
088 103 0.3766 0.3559 0.9385 0.3559
103 088 0.3766 0.9629 0.3559 0.9629
017 079 0.9629 0.3559 0.3559 0.9385
079 017 0.3766 0.3559 0.9629 0.3766
040 022 0.9629 0.3559 0.9385 0.3559
022 040 0.3559 0.9385 0.9629 0.9629
084 020 0.3766 0.9385 0.3559 0.9629
020 084 0.3766 0.9629 0.9629 0.3766
052 073 0.3559 0.9385 0.3559 0.9629
073 052 0.9385 0.3559 0.9385 0.3559
033 019 0.3559 0.9385 0.3766 0.9629
019 033 0.9385 0.9385 0.9385 0.9629
045 046 0.3766 0.9629 0.3559 0.3766
046 045 0.3559 0.3766 0.3559 0.9629
132 043 0.3559 0.9385 0.9629 0.3559
043 132 0.3766 0.3559 0.9629 0.9629
025 035 0.3766 0.3559 0.3559 0.9629
035 025 0.9385 0.3559 0.3559 0.3766
099 071 0.9629 0.9629 0.3766 0.3559
071 099 0.9385 0.3559 0.9629 0.9629
090 100 0.3559 0.3766 0.3766 0.9385
100 090 0.3559 0.9629 0.3766 0.9629
070 114 0.9629 0.3766 0.9385 0.9629
114 070 0.9385 0.3559 0.9629 0.3559
092 101 0.3766 0.9385 0.9385 0.9385
101 092 0.3559 0.3766 0.9385 0.3559
047 091 0.3559 0.9385 0.3766 0.3766
091 047 0.3559 0.3766 0.9629 0.3559
031 110 0.9385 0.9385 0.3559 0.9629
110 031 0.9385 0.3766 0.9385 0.3766
117 010 0.9385 0.3766 0.3559 0.3766
010 117 0.3766 0.3559 0.9629 0.3559
012 013 0.3559 0.9629 0.9385 0.3766
013 012 0.3766 0.3559 0.3766 0.9629
049 006 0.9629 0.9629 0.3766 0.3559
006 049 0.9629 0.3766 0.9385 0.9629
042 078 0.3559 0.3559 0.3766 0.3559
078 042 0.3766 0.3766 0.3766 0.9385
111 039 0.3559 0.3766 0.3766 0.9629
039 111 0.3766 0.3559 0.3766 0.9385
118 109 0.9629 0.3766 0.3766 0.3766
109 118 0.9629 0.3766 0.3559 0.9629
119 028 0.9629 0.9629 0.3766 0.9385
028 119 0.3766 0.3766 0.3559 0.3559
098 125 0.9385 0.9385 0.9629 0.3559
125 098 0.3766 0.9629 0.3766 0.3766
060 124 0.9385 0.3559 0.9629 0.9385
124 060 0.9629 0.3559 0.9629 0.9385
069 113 0.3766 0.9385 0.3559 0.3766
113 069 0.3766 0.3559 0.9629 0.3766
026 116 0.3559 0.3559 0.3559 0.9385
116 026 0.9385 0.3559 0.3766 0.9385
128 102 0.3559 0.9629 0.9629 0.3559
102 128 0.3766 0.3766 0.9385 0.3766
056 037 0.3766 0.9629 0.9629 0.3766
037 056 0.9629 0.3559 0.3766 0.3766
122 008 0.3766 0.9385 0.9629 0.3766
008 122 0.3766 0.9629 0.3766 0.3559
058 127 0.3559 0.9629 0.9629 0.9629
127 058 0.3766 0.3559 0.3766 0.3766
062 016 0.3559 0.9629 0.3766 0.9629
016 062 0.3559 0.3766 0.9629 0.3559
