135 004556 1
028 057 0.2484 0.3577 0.2484 0.2484
023 057 0.5645 0.3577 0.3577 0.6956
057 028 0.3577 0.6956 0.5645 0.5645
056 080 0.3577 0.5645 0.3577 0.2484
080 056 0.2484 0.3577 0.5645 0.2484
108 096 0.3577 0.6956 0.3577 0.6956
096 108 0.6956 0.5645 0.3577 0.3577
128 032 0.6956 0.2484 0.5645 0.2484
032 128 0.5645 0.3577 0.2484 0.3577
043 024 0.3577 0.3577 0.5645 0.6956
024 043 0.3577 0.3577 0.3577 0.6956
129 035 0.5645 0.3577 0.6956 0.2484
035 129 0.2484 0.2484 0.2484 0.2484
124 115 0.6956 0.3577 0.5645 0.2484
115 124 0.2484 0.5645 0.3577 0.6956
134 085 0.2484 0.3577 0.2484 0.5645
085 134 0.5645 0.2484 0.5645 0.6956
040 010 0.2484 0.3577 0.2484 0.5645
010 040 0.2484 0.2484 0.5645 0.2484
031 072 0.3577 0.6956 0.6956 0.3577
072 031 0.2484 0.6956 0.2484 0.2484
070 060 0.6956 0.2484 0.2484 0.6956
060 070 0.3577 0.6956 0.2484 0.2484
069 026 0.5645 0.3577 0.2484 0.6956
026 069 0.3577 0.5645 0.6956 0.3577
079 044 0.2484 0.2484 0.6956 0.3577
044 079 0.3577 0.3577 0.2484 0.5645
039 054 0.3577 0.2484 0.3577 0.5645
054 039 0.2484 0.3577 0.5645 0.5645
127 017 0.6956 0.6956 0.6956 0.2484
017 127 0.6956 0.2484 0.6956 0.5645
092 004 0.6956 0.2484 0.2484 0.3577
004 092 0.3577 0.3577 0.6956 0.2484
018 034 0.2484 0.3577 0.5645 0.3577
034 018 0.5645 0.6956 0.2484 0.5645
113 008 0.3577 0.6956 0.6956 0.2484
008 113 0.2484 0.6956 0.6956 0.5645
013 119 0.5645 0.2484 0.2484 0.5645
119 013 0.5645 0.2484 0.5645 0.5645
055 093 0.2484 0.2484 0.3577 0.3577
093 055 0.6956 0.5645 0.2484 0.5645
068 066 0.3577 0.2484 0.5645 0.2484
066 068 0.2484 0.5645 0.6956 0.5645
021 077 0.3577 0.3577 0.5645 0.2484
077 021 0.3577 0.2484 0.5645 0.6956
126 083 0.5645 0.3577 0.6956 0.6956
083 126 0.5645 0.3577 0.2484 0.3577
027 082 0.2484 0.2484 0.5645 0.2484
082 027 0.6956 0.2484 0.2484 0.5645
100 020 0.5645 0.3577 0.2484 0.5645
020 100 0.2484 0.5645 0.6956 0.6956
133 029 0.2484 0.3577 0.2484 0.6956
029 133 0.2484 0.6956 0.6956 0.5645
009 089 0.3577 0.6956 0.5645 0.5645
089 009 0.5645 0.3577 0.2484 0.3577
064 001 0.6956 0.3577 0.2484 0.2484
001 064 0.3577 0.3577 0.3577 0.2484
112 105 0.2484 0.3577 0.3577 0.6956
105 112 0.5645 0.3577 0.3577 0.5645
125 058 0.2484 0.3577 0.2484 0.3577
058 125 0.3577 0.5645 0.5645 0.5645
061 118 0.3577 0.3577 0.3577 0.3577
118 061 0.2484 0.3577 0.2484 0.6956
091 047 0.2484 0.3577 0.5645 0.6956
047 091 0.6956 0.6956 0.5645 0.5645
062 011 0.3577 0.3577 0.2484 0.6956
011 062 0.5645 0.3577 0.2484 0.5645
107 131 0.2484 0.3577 0.5645 0.3577
131 107 0.5645 0.5645 0.6956 0.3577
104 003 0.6956 0.2484 0.6956 0.5645
003 104 0.5645 0.6956 0.6956 0.2484
050 099 0.3577 0.2484 0.5645 0.6956
099 050 0.3577 0.6956 0.3577 0.5645
094 088 0.5645 0.2484 0.6956 0.5645
088 094 0.3577 0.2484 0.5645 0.6956
101 022 0.3577 0.6956 0.2484 0.5645
022 101 0.2484 0.3577 0.3577 0.2484
030 007 0.2484 0.6956 0.5645 0.5645
007 030 0.6956 0.3577 0.3577 0.2484
075 103 0.5645 0.6956 0.2484 0.6956
103 075 0.3577 0.5645 0.3577 0.5645
037 078 0.3577 0.3577 0.5645 0.2484
078 037 0.2484 0.2484 0.5645 0.3577
074 117 0.2484 0.3577 0.3577 0.2484
117 074 0.3577 0.2484 0.3577 0.6956
063 048 0.6956 0.2484 0.3577 0.2484
048 063 0.2484 0.6956 0.2484 0.2484
016 065 0.2484 0.6956 0.3577 0.2484
065 016 0.2484 0.6956 0.3577 0.5645
122 002 0.6956 0.6956 0.5645 0.5645
002 122 0.2484 0.3577 0.3577 0.6956
110 076 0.3577 0.3577 0.3577 0.5645
076 110 0.3577 0.2484 0.5645 0.5645
006 130 0.3577 0.5645 0.2484 0.5645
130 006 0.3577 0.5645 0.3577 0.3577
111 051 0.2484 0.5645 0.3577 0.6956
051 111 0.3577 0.5645 0.5645 0.6956
005 025 0.2484 0.2484 0.2484 0.3577
025 005 0.5645 0.2484 0.2484 0.5645
038 073 0.5645 0.6956 0.6956 0.3577
073 038 0.6956 0.5645 0.6956 0.6956
045 067 0.2484 0.2484 0.3577 0.5645
067 045 0.2484 0.5645 0.6956 0.5645
109 086 0.5645 0.5645 0.6956 0.2484
086 109 0.6956 0.2484 0.3577 0.2484
114 116 0.6956 0.3577 0.5645 0.6956
116 114 0.2484 0.3577 0.5645 0.2484
053 123 0.3577 0.5645 0.6956 0.2484
123 053 0.5645 0.3577 0.2484 0.3577
098 121 0.3577 0.6956 0.2484 0.6956
121 098 0.2484 0.3577 0.6956 0.3577
090 087 0.5645 0.5645 0.6956 0.5645
087 090 0.6956 0.6956 0.2484 0.2484
120 132 0.2484 0.6956 0.6956 0.5645
132 120 0.3577 0.2484 0.2484 0.2484
071 084 0.5645 0.3577 0.3577 0.6956
084 071 0.6956 0.6956 0.6956 0.2484
014 036 0.3577 0.6956 0.6956 0.2484
036 014 0.5645 0.6956 0.6956 0.2484
015 095 0.6956 0.2484 0.3577 0.6956
095 015 0.2484 0.5645 0.3577 0.3577
102 042 0.3577 0.5645 0.3577 0.3577
042 102 0.5645 0.5645 0.3577 0.3577
097 033 0.2484 0.6956 0.3577 0.3577
033 097 0.5645 0.2484 0.6956 0.6956
052 049 0.6956 0.3577 0.5645 0.2484
049 052 0.6956 0.6956 0.3577 0.6956
012 106 0.3577 0.2484 0.2484 0.5645
106 012 0.3577 0.3577 0.5645 0.3577
059 019 0.5645 0.2484 0.6956 0.2484
019 059 0.2484 0.3577 0.2484 0.3577
041 046 0.3577 0.6956 0.2484 0.2484
046 041 0.5645 0.5645 0.2484 0.2484
000 081 0.5645 0.6956 0.5645 0.5645
081 000 0.5645 0.6956 0.5645 0.5645
