135 004556 1
042 102 0.3998 0.5729 0.4696 0.3998
002 042 0.8519 0.5729 0.8519 0.5729
102 042 0.5729 0.8519 0.5729 0.3998
095 028 0.3998 0.3998 0.8519 0.4696
028 095 0.8519 0.3998 0.5729 0.4696
027 077 0.5729 0.4696 0.8519 0.5729
077 027 0.8519 0.5729 0.8519 0.3998
057 016 0.5729 0.3998 0.5729 0.8519
016 057 0.4696 0.8519 0.5729 0.8519
120 112 0.5729 0.5729 0.4696 0.8519
112 120 0.3998 0.3998 0.3998 0.8519
110 059 0.3998 0.5729 0.3998 0.4696
059 110 0.4696 0.5729 0.3998 0.5729
063 058 0.4696 0.4696 0.5729 0.8519
058 063 0.4696 0.8519 0.4696 0.5729
079 052 0.8519 0.8519 0.8519 0.4696
052 079 0.8519 0.5729 0.8519 0.4696
124 043 0.3998 0.3998 0.4696 0.4696
043 124 0.4696 0.5729 0.5729 0.8519
019 127 0.4696 0.8519 0.8519 0.8519
127 019 0.5729 0.8519 0.4696 0.5729
105 133 0.4696 0.4696 0.8519 0.5729
133 105 0.8519 0.4696 0.8519 0.5729
068 111 0.3998 0.8519 0.8519 0.4696
111 068 0.4696 0.8519 0.5729 0.5729
066 119 0.3998 0.4696 0.4696 0.3998
119 066 0.4696 0.5729 0.3998 0.8519
012 096 0.3998 0.8519 0.5729 0.8519
096 012 0.3998 0.4696 0.8519 0.5729
053 033 0.3998 0.5729 0.8519 0.5729
033 053 0.4696 0.5729 0.5729 0.5729
080 031 0.4696 0.3998 0.5729 0.8519
031 080 0.8519 0.3998 0.3998 0.4696
115 092 0.8519 0.3998 0.5729 0.3998
092 115 0.4696 0.8519 0.4696 0.4696
060 098 0.4696 0.5729 0.4696 0.8519
098 060 0.8519 0.3998 0.8519 0.4696
004 013 0.8519 0.4696 0.3998 0.8519
013 004 0.4696 0.5729 0.5729 0.3998
089 083 0.8519 0.5729 0.8519 0.5729
083 089 0.8519 0.3998 0.5729 0.8519
036 025 0.8519 0.8519 0.4696 0.5729
025 036 0.3998 0.3998 0.8519 0.4696
126 030 0.4696 0.4696 0.8519 0.5729
030 126 0.4696 0.5729 0.3998 0.5729
090 062 0.5729 0.4696 0.4696 0.3998
062 090 0.8519 0.3998 0.3998 0.8519
054 023 0.4696 0.4696 0.3998 0.3998
023 054 0.3998 0.3998 0.3998 0.3998
061 006 0.4696 0.4696 0.3998 0.5729
006 061 0.3998 0.4696 0.8519 0.4696
081 131 0.8519 0.3998 0.3998 0.4696
131 081 0.4696 0.4696 0.8519 0.3998
029 011 0.5729 0.3998 0.4696 0.4696
011 029 0.4696 0.4696 0.4696 0.5729
003 071 0.4696 0.8519 0.5729 0.5729
071 003 0.3998 0.3998 0.8519 0.5729
130 070 0.5729 0.4696 0.3998 0.5729
070 130 0.3998 0.4696 0.3998 0.3998
072 032 0.5729 0.3998 0.8519 0.3998
032 072 0.8519 0.5729 0.8519 0.4696
103 039 0.8519 0.5729 0.4696 0.8519
039 103 0.8519 0.3998 0.3998 0.4696
048 040 0.5729 0.3998 0.3998 0.5729
040 048 0.5729 0.8519 0.4696 0.8519
026 088 0.5729 0.5729 0.8519 0.5729
088 026 0.3998 0.8519 0.5729 0.3998
129 008 0.5729 0.4696 0.4696 0.4696
008 129 0.4696 0.5729 0.4696 0.5729
051 125 0.8519 0.8519 0.3998 0.8519
125 051 0.5729 0.5729 0.8519 0.8519
045 024 0.5729 0.3998 0.4696 0.4696
024 045 0.4696 0.4696 0.8519 0.4696
046 134 0.3998 0.5729 0.3998 0.8519
134 046 0.4696 0.5729 0.4696 0.4696
091 009 0.3998 0.3998 0.5729 0.3998
009 091 0.3998 0.8519 0.4696 0.3998
005 020 0.5729 0.5729 0.4696 0.4696
020 005 0.5729 0.3998 0.5729 0.8519
056 084 0.4696 0.5729 0.8519 0.5729
084 056 0.8519 0.8519 0.4696 0.3998
073 078 0.5729 0.4696 0.4696 0.5729
078 073 0.3998 0.3998 0.3998 0.4696
122 099 0.8519 0.3998 0.4696 0.8519
099 122 0.3998 0.8519 0.4696 0.3998
015 041 0.8519 0.3998 0.5729 0.4696
041 015 0.8519 0.4696 0.5729 0.5729
035 050 0.3998 0.8519 0.5729 0.5729
050 035 0.8519 0.4696 0.4696 0.8519
064 113 0.8519 0.4696 0.8519 0.3998
113 064 0.5729 0.4696 0.3998 0.5729
104 074 0.3998 0.5729 0.3998 0.3998
074 104 0.4696 0.5729 0.4696 0.8519
101 100 0.3998 0.3998 0.5729 0.8519
100 101 0.8519 0.4696 0.3998 0.8519
132 021 0.3998 0.4696 0.8519 0.3998
021 132 0.3998 0.5729 0.4696 0.5729
001 114 0.5729 0.5729 0.3998 0.8519
114 001 0.8519 0.8519 0.4696 0.4696
065 075 0.3998 0.8519 0.8519 0.5729
075 065 0.8519 0.4696 0.5729 0.4696
123 085 0.8519 0.8519 0.3998 0.3998
085 123 0.3998 0.3998 0.5729 0.3998
121 007 0.4696 0.4696 0.4696 0.5729
007 121 0.3998 0.5729 0.8519 0.3998
014 082 0.8519 0.5729 0.3998 0.8519
082 014 0.3998 0.5729 0.8519 0.8519
047 094 0.3998 0.5729 0.8519 0.5729
094 047 0.4696 0.3998 0.5729 0.4696
087 076 0.5729 0.3998 0.4696 0.5729
076 087 0.3998 0.5729 0.5729 0.4696
038 049 0.4696 0.8519 0.5729 0.8519
049 038 0.4696 0.4696 0.4696 0.8519
086 107 0.3998 0.8519 0.5729 0.4696
107 086 0.4696 0.4696 0.8519 0.5729
022 128 0.4696 0.8519 0.4696 0.8519
128 022 0.4696 0.3998 0.3998 0.8519
000 018 0.4696 0.8519 0.8519 0.4696
018 000 0.5729 0.4696 0.8519 0.8519
034 109 0.3998 0.8519 0.8519 0.3998
109 034 0.4696 0.5729 0.8519 0.3998
044 010 0.5729 0.3998 0.5729 0.5729
010 044 0.4696 0.5729 0.5729 0.3998
117 108 0.4696 0.3998 0.4696 0.3998
108 117 0.8519 0.3998 0.3998 0.5729
097 118 0.3998 0.4696 0.3998 0.5729
118 097 0.8519 0.8519 0.3998 0.8519
055 069 0.5729 0.4696 0.5729 0.3998
069 055 0.8519 0.4696 0.8519 0.8519
037 017 0.8519 0.8519 0.5729 0.8519
017 037 0.8519 0.5729 0.5729 0.8519
106 067 0.4696 0.5729 0.4696 0.8519
067 106 0.5729 0.5729 0.3998 0.3998
116 093 0.8519 0.5729 0.4696 0.8519
093 116 0.3998 0.8519 0.8519 0.8519
