135 004556 1
128 116 0.2160 0.5689 0.2160 0.2160
116 128 0.5440 0.5689 0.5689 0.5440
047 128 0.2160 0.2160 0.2160 0.5440
027 089 0.2750 0.2160 0.2160 0.2750
089 027 0.5440 0.5440 0.5689 0.5689
111 023 0.2750 0.2160 0.2750 0.5440
023 111 0.5440 0.5689 0.5440 0.2160
129 076 0.5440 0.2750 0.5689 0.2750
076 129 0.2160 0.2160 0.5689 0.5440
105 113 0.2160 0.2160 0.2750 0.5689
113 105 0.2750 0.2160 0.2160 0.5689
017 069 0.5689 0.2160 0.5689 0.2750
069 017 0.2160 0.5689 0.2160 0.5440
081 013 0.5689 0.5440 0.2750 0.5689
013 081 0.5440 0.2160 0.2750 0.5440
043 074 0.2750 0.5440 0.2750 0.2160
074 043 0.2750 0.5440 0.5440 0.2750
033 024 0.5440 0.5440 0.2750 0.2160
024 033 0.2160 0.2750 0.5689 0.5440
099 004 0.2160 0.2160 0.2750 0.2750
004 099 0.2160 0.2160 0.2750 0.5440
101 114 0.5440 0.5689 0.2160 0.2750
114 101 0.5440 0.2750 0.2750 0.5689
127 131 0.2750 0.2160 0.5440 0.5689
131 127 0.5440 0.5440 0.2750 0.5440
050 061 0.2750 0.5689 0.2750 0.2750
061 050 0.5440 0.5689 0.2750 0.2160
014 122 0.5440 0.5689 0.2750 0.2160
122 014 0.5440 0.2160 0.5440 0.5689
077 132 0.5440 0.2750 0.5689 0.5440
132 077 0.5440 0.2160 0.5440 0.2750
121 117 0.2160 0.2750 0.2750 0.5689
117 121 0.2750 0.2750 0.5689 0.5440
059 082 0.5689 0.2160 0.5440 0.2750
082 059 0.5440 0.2160 0.2750 0.2160
056 085 0.5689 0.5440 0.5440 0.2160
085 056 0.2750 0.2160 0.5440 0.5440
107 030 0.5440 0.5689 0.2160 0.5440
030 107 0.2750 0.2750 0.2750 0.2750
091 041 0.2160 0.2750 0.5440 0.2160
041 091 0.5689 0.2160 0.2160 0.5689
092 119 0.5689 0.2750 0.2160 0.2160
119 092 0.2750 0.2160 0.2750 0.2160
064 010 0.2160 0.5440 0.5440 0.5689
010 064 0.2750 0.5440 0.5440 0.2750
029 011 0.2750 0.2750 0.5440 0.2160
011 029 0.2750 0.2160 0.5440 0.2160
019 109 0.5689 0.2750 0.5440 0.2160
109 019 0.5689 0.2160 0.5689 0.5689
134 106 0.5689 0.5440 0.2160 0.2750
106 134 0.2160 0.5440 0.2750 0.5440
036 118 0.2160 0.5689 0.2160 0.2160
118 036 0.2160 0.5689 0.2160 0.5689
084 100 0.2750 0.2160 0.2750 0.5440
100 084 0.2160 0.5440 0.2160 0.2160
073 005 0.2160 0.2750 0.5440 0.2750
005 073 0.5440 0.2750 0.5689 0.5440
051 067 0.2160 0.2750 0.2160 0.2750
067 051 0.2750 0.2160 0.5689 0.2750
031 045 0.2160 0.5440 0.5440 0.5689
045 031 0.2160 0.2160 0.5689 0.5440
083 086 0.2160 0.5689 0.5689 0.2160
086 083 0.2160 0.2160 0.5689 0.2750
115 007 0.2160 0.5440 0.2160 0.2160
007 115 0.5689 0.2160 0.5689 0.2750
006 058 0.2750 0.2160 0.2750 0.2750
058 006 0.2750 0.2160 0.2750 0.5689
096 123 0.2750 0.5440 0.5689 0.2750
123 096 0.5689 0.2750 0.2160 0.2750
102 071 0.2160 0.5440 0.2750 0.5689
071 102 0.5440 0.2160 0.5689 0.5440
048 133 0.5689 0.5440 0.5440 0.5689
133 048 0.5440 0.5440 0.2750 0.2160
066 125 0.5440 0.5440 0.2160 0.2750
125 066 0.5440 0.2160 0.5689 0.5689
112 072 0.5689 0.2750 0.5689 0.5440
072 112 0.5689 0.2160 0.2750 0.5689
028 078 0.2750 0.2160 0.2750 0.2160
078 028 0.5689 0.2750 0.5440 0.5689
025 130 0.2750 0.2750 0.2750 0.2750
130 025 0.5689 0.2160 0.5689 0.5440
042 046 0.2160 0.2750 0.2160 0.2160
046 042 0.5440 0.5440 0.5689 0.5689
020 037 0.2750 0.5689 0.2750 0.5689
037 020 0.5689 0.2750 0.5440 0.5689
120 001 0.2160 0.5440 0.5689 0.2160
001 120 0.5440 0.5440 0.2750 0.5689
026 094 0.2160 0.2750 0.2160 0.5689
094 026 0.2750 0.5440 0.5689 0.2750
095 057 0.5689 0.5689 0.5689 0.2750
057 095 0.5440 0.5689 0.2750 0.2750
002 049 0.2160 0.5440 0.5689 0.5689
049 002 0.5689 0.2160 0.2160 0.5689
012 090 0.2750 0.2750 0.2750 0.5689
090 012 0.5689 0.2750 0.5440 0.2750
052 075 0.2750 0.5440 0.5440 0.2750
075 052 0.2160 0.2750 0.2160 0.5689
088 065 0.2160 0.5440 0.5440 0.2160
065 088 0.5440 0.2160 0.5440 0.5689
098 055 0.2160 0.5689 0.5689 0.2750
055 098 0.2160 0.5440 0.2750 0.2160
018 016 0.2750 0.2750 0.5689 0.5440
016 018 0.5440 0.2160 0.2750 0.2750
022 015 0.2750 0.5440 0.5689 0.5440
015 022 0.2750 0.2160 0.5689 0.5440
054 110 0.2160 0.2750 0.5689 0.5440
110 054 0.2750 0.5689 0.2750 0.2750
035 021 0.5689 0.2160 0.2750 0.2750
021 035 0.2160 0.5440 0.2160 0.5440
124 039 0.2750 0.5440 0.5440 0.2750
039 124 0.2750 0.5440 0.5440 0.5689
040 008 0.5689 0.2750 0.5440 0.2750
008 040 0.5689 0.5689 0.2750 0.2750
038 060 0.5689 0.2160 0.2750 0.5440
060 038 0.5689 0.5440 0.5440 0.2160
034 068 0.5440 0.5440 0.5440 0.5689
068 034 0.2750 0.5440 0.5440 0.5689
009 000 0.5440 0.5440 0.2160 0.2160
000 009 0.2750 0.2750 0.2160 0.5440
032 062 0.2750 0.2160 0.2160 0.2750
062 032 0.2160 0.5689 0.5440 0.2750
087 079 0.5689 0.5689 0.5689 0.2160
079 087 0.5689 0.2160 0.2750 0.2750
044 080 0.2750 0.2750 0.5440 0.5440
080 044 0.2160 0.5689 0.2750 0.2750
053 108 0.2750 0.5689 0.5689 0.2160
108 053 0.2750 0.5440 0.5689 0.2160
003 097 0.5440 0.2750 0.5689 0.2750
097 003 0.5440 0.5689 0.5440 0.5440
103 093 0.5440 0.5689 0.2160 0.5689
093 103 0.2750 0.5440 0.2750 0.5440
104 063 0.5689 0.2750 0.2160 0.5689
063 104 0.2750 0.5440 0.5689 0.2750
070 126 0.5440 0.5440 0.5689 0.2160
126 070 0.2750 0.5689 0.2160 0.2160
