135 004556 1
110 048 0.2788 0.2129 0.8665 0.4694
048 110 0.8665 0.2129 0.4694 0.8665
004 048 0.4694 0.8665 0.2129 0.2129
109 000 0.8665 0.4694 0.2788 0.8665
000 109 0.8665 0.8665 0.8665 0.4694
075 118 0.4694 0.4694 0.2129 0.4694
118 075 0.8665 0.4694 0.8665 0.4694
040 074 0.4694 0.2129 0.4694 0.8665
074 040 0.8665 0.2788 0.2129 0.4694
091 111 0.2788 0.4694 0.4694 0.4694
111 091 0.8665 0.2788 0.2129 0.4694
116 126 0.2129 0.2129 0.4694 0.2129
126 116 0.4694 0.2129 0.2788 0.2788
062 028 0.8665 0.2129 0.8665 0.4694
028 062 0.4694 0.2129 0.4694 0.2129
025 071 0.8665 0.4694 0.2788 0.2129
071 025 0.2129 0.8665 0.2129 0.8665
020 113 0.2129 0.4694 0.2788 0.2129
113 020 0.2129 0.2129 0.4694 0.2788
092 098 0.8665 0.2788 0.2788 0.2129
098 092 0.2129 0.2788 0.2788 0.2129
051 058 0.2129 0.8665 0.8665 0.2129
058 051 0.8665 0.2788 0.4694 0.2129
120 014 0.8665 0.4694 0.4694 0.2788
014 120 0.2129 0.2788 0.4694 0.2129
026 054 0.2129 0.2788 0.8665 0.8665
054 026 0.2129 0.2129 0.4694 0.4694
002 076 0.8665 0.2788 0.4694 0.8665
076 002 0.4694 0.8665 0.2129 0.4694
086 010 0.8665 0.4694 0.2129 0.8665
010 086 0.2788 0.8665 0.2129 0.2129
052 041 0.2129 0.2129 0.8665 0.2129
041 052 0.4694 0.2788 0.4694 0.4694
100 096 0.4694 0.4694 0.8665 0.8665
096 100 0.8665 0.2788 0.2129 0.2788
061 023 0.2788 0.2129 0.2129 0.2788
023 061 0.4694 0.2788 0.2788 0.2788
044 046 0.2788 0.8665 0.8665 0.8665
046 044 0.4694 0.4694 0.2129 0.4694
030 024 0.4694 0.4694 0.8665 0.8665
024 030 0.8665 0.8665 0.2788 0.4694
018 129 0.4694 0.8665 0.8665 0.8665
129 018 0.4694 0.8665 0.8665 0.4694
085 033 0.2129 0.4694 0.2788 0.8665
033 085 0.4694 0.4694 0.2129 0.8665
134 027 0.2788 0.4694 0.2129 0.2129
027 134 0.2129 0.8665 0.8665 0.8665
095 124 0.2788 0.4694 0.4694 0.8665
124 095 0.8665 0.8665 0.4694 0.8665
031 060 0.4694 0.2129 0.4694 0.8665
060 031 0.2129 0.2788 0.2788 0.8665
082 108 0.2129 0.4694 0.2129 0.2788
108 082 0.8665 0.4694 0.2788 0.2129
083 034 0.8665 0.8665 0.2788 0.4694
034 083 0.4694 0.4694 0.2788 0.8665
068 088 0.2788 0.4694 0.8665 0.8665
088 068 0.2129 0.2788 0.2129 0.8665
081 078 0.2129 0.2788 0.2129 0.8665
078 081 0.4694 0.4694 0.2788 0.2788
073 013 0.8665 0.2788 0.2129 0.2129
013 073 0.2788 0.2788 0.4694 0.2129
022 036 0.2788 0.2788 0.2129 0.2129
036 022 0.2129 0.8665 0.2129 0.4694
093 122 0.2788 0.2129 0.2788 0.4694
122 093 0.2129 0.8665 0.4694 0.2129
059 035 0.2788 0.2129 0.8665 0.4694
035 059 0.2129 0.8665 0.8665 0.2788
121 069 0.4694 0.8665 0.8665 0.2788
069 121 0.4694 0.2129 0.4694 0.8665
037 128 0.2129 0.2788 0.8665 0.8665
128 037 0.2788 0.8665 0.2129 0.8665
106 125 0.2788 0.2129 0.4694 0.8665
125 106 0.8665 0.2129 0.2788 0.2788
043 008 0.8665 0.2129 0.4694 0.2129
008 043 0.8665 0.4694 0.2129 0.4694
007 009 0.2788 0.2788 0.8665 0.8665
009 007 0.8665 0.4694 0.2788 0.4694
011 017 0.2129 0.8665 0.2788 0.4694
017 011 0.2788 0.2788 0.2788 0.2788
019 001 0.2129 0.8665 0.2788 0.2788
001 019 0.2129 0.8665 0.2129 0.2129
094 047 0.4694 0.2788 0.2129 0.4694
047 094 0.2788 0.8665 0.2788 0.2788
080 087 0.8665 0.8665 0.2129 0.4694
087 080 0.2129 0.2129 0.8665 0.2788
123 099 0.4694 0.8665 0.2788 0.4694
099 123 0.2129 0.8665 0.2788 0.4694
042 119 0.2788 0.2129 0.8665 0.8665
119 042 0.2129 0.4694 0.2788 0.2129
072 101 0.2129 0.8665 0.8665 0.4694
101 072 0.8665 0.2788 0.2788 0.4694
114 057 0.8665 0.2788 0.2788 0.2788
057 114 0.4694 0.2788 0.4694 0.2788
133 050 0.4694 0.8665 0.2129 0.2129
050 133 0.4694 0.8665 0.2788 0.2788
045 049 0.2788 0.2788 0.8665 0.2788
049 045 0.4694 0.4694 0.8665 0.8665
056 015 0.4694 0.2129 0.4694 0.2129
015 056 0.8665 0.2129 0.2129 0.8665
117 005 0.2129 0.2129 0.8665 0.2788
005 117 0.4694 0.4694 0.8665 0.4694
038 089 0.2788 0.8665 0.2788 0.2129
089 038 0.4694 0.8665 0.8665 0.2129
064 115 0.8665 0.4694 0.2788 0.2788
115 064 0.2788 0.2129 0.8665 0.2788
084 006 0.2788 0.4694 0.2788 0.2788
006 084 0.8665 0.2129 0.8665 0.8665
079 016 0.2788 0.2129 0.2788 0.2129
016 079 0.2788 0.2129 0.4694 0.2788
055 102 0.2788 0.8665 0.4694 0.4694
102 055 0.2788 0.2129 0.4694 0.8665
053 077 0.8665 0.4694 0.4694 0.8665
077 053 0.8665 0.2129 0.4694 0.2788
039 063 0.2788 0.8665 0.8665 0.4694
063 039 0.4694 0.4694 0.8665 0.2129
012 131 0.4694 0.2788 0.2788 0.2788
131 012 0.4694 0.8665 0.8665 0.2129
029 067 0.2129 0.4694 0.2788 0.2129
067 029 0.4694 0.8665 0.8665 0.2129
112 003 0.2788 0.2788 0.4694 0.2788
003 112 0.4694 0.2788 0.2129 0.2129
103 070 0.8665 0.2788 0.8665 0.2129
070 103 0.2788 0.2129 0.8665 0.8665
090 107 0.8665 0.2788 0.2129 0.8665
107 090 0.2129 0.2129 0.4694 0.4694
066 130 0.2129 0.2129 0.2129 0.2129
130 066 0.2788 0.4694 0.4694 0.2788
127 097 0.8665 0.4694 0.2788 0.2129
097 127 0.4694 0.2788 0.4694 0.4694
065 105 0.2129 0.8665 0.2788 0.2129
105 065 0.8665 0.8665 0.2788 0.2129
021 104 0.2129 0.8665 0.4694 0.4694
104 021 0.2129 0.2129 0.2129 0.8665
132 032 0.2129 0.4694 0.2129 0.4694
032 132 0.8665 0.2788 0.8665 0.4694
