135 004556 1
078 108 0.9698 0.2357 0.9698 0.2357
095 078 0.7006 0.9698 0.7006 0.9698
108 078 0.2357 0.4615 0.2357 0.9698
088 124 0.7006 0.2357 0.9698 0.2357
124 088 0.4615 0.7006 0.9698 0.7006
039 104 0.2357 0.4615 0.9698 0.7006
104 039 0.9698 0.4615 0.2357 0.7006
051 133 0.7006 0.4615 0.4615 0.4615
133 051 0.7006 0.7006 0.4615 0.2357
102 052 0.9698 0.2357 0.2357 0.9698
052 102 0.2357 0.4615 0.7006 0.9698
096 005 0.4615 0.2357 0.4615 0.4615
005 096 0.2357 0.4615 0.4615 0.2357
020 119 0.7006 0.4615 0.2357 0.7006
119 020 0.7006 0.9698 0.9698 0.9698
042 010 0.2357 0.2357 0.7006 0.7006
010 042 0.7006 0.9698 0.7006 0.9698
079 086 0.4615 0.2357 0.4615 0.9698
086 079 0.7006 0.9698 0.7006 0.9698
059 022 0.7006 0.7006 0.2357 0.2357
022 059 0.9698 0.9698 0.2357 0.9698
134 132 0.2357 0.2357 0.4615 0.2357
132 134 0.9698 0.7006 0.9698 0.2357
028 072 0.2357 0.2357 0.2357 0.4615
072 028 0.4615 0.4615 0.7006 0.7006
122 071 0.9698 0.2357 0.7006 0.4615
071 122 0.9698 0.4615 0.7006 0.2357
037 000 0.4615 0.7006 0.7006 0.4615
000 037 0.2357 0.4615 0.2357 0.9698
067 040 0.9698 0.4615 0.2357 0.2357
040 067 0.2357 0.2357 0.9698 0.7006
057 065 0.7006 0.2357 0.9698 0.9698
065 057 0.7006 0.4615 0.2357 0.4615
044 018 0.2357 0.7006 0.9698 0.7006
018 044 0.4615 0.9698 0.9698 0.7006
029 080 0.4615 0.7006 0.4615 0.9698
080 029 0.7006 0.2357 0.7006 0.2357
082 013 0.7006 0.9698 0.2357 0.4615
013 082 0.9698 0.4615 0.2357 0.9698
098 115 0.9698 0.9698 0.2357 0.4615
115 098 0.9698 0.4615 0.4615 0.7006
016 097 0.2357 0.9698 0.4615 0.7006
097 016 0.7006 0.7006 0.7006 0.4615
073 131 0.2357 0.7006 0.7006 0.4615
131 073 0.9698 0.4615 0.9698 0.9698
061 101 0.4615 0.9698 0.4615 0.7006
101 061 0.7006 0.2357 0.4615 0.9698
070 092 0.2357 0.9698 0.9698 0.9698
092 070 0.2357 0.9698 0.2357 0.9698
077 004 0.4615 0.9698 0.4615 0.7006
004 077 0.7006 0.7006 0.7006 0.9698
014 002 0.9698 0.2357 0.2357 0.4615
002 014 0.9698 0.4615 0.2357 0.7006
116 087 0.7006 0.7006 0.9698 0.2357
087 116 0.9698 0.4615 0.9698 0.7006
023 035 0.7006 0.9698 0.7006 0.9698
035 023 0.4615 0.7006 0.2357 0.9698
064 027 0.2357 0.4615 0.9698 0.9698
027 064 0.9698 0.7006 0.7006 0.2357
019 054 0.4615 0.7006 0.2357 0.2357
054 019 0.9698 0.9698 0.7006 0.2357
036 094 0.2357 0.4615 0.4615 0.7006
094 036 0.2357 0.2357 0.7006 0.9698
062 048 0.7006 0.7006 0.4615 0.4615
048 062 0.4615 0.9698 0.4615 0.4615
120 055 0.2357 0.4615 0.4615 0.7006
055 120 0.2357 0.9698 0.2357 0.2357
001 090 0.2357 0.4615 0.7006 0.4615
090 001 0.4615 0.4615 0.9698 0.4615
012 089 0.7006 0.2357 0.2357 0.9698
089 012 0.9698 0.4615 0.2357 0.2357
015 106 0.4615 0.4615 0.7006 0.7006
106 015 0.2357 0.2357 0.9698 0.7006
099 118 0.9698 0.2357 0.2357 0.9698
118 099 0.7006 0.2357 0.9698 0.9698
058 074 0.9698 0.9698 0.2357 0.9698
074 058 0.7006 0.4615 0.9698 0.7006
060 093 0.9698 0.9698 0.7006 0.2357
093 060 0.4615 0.2357 0.2357 0.7006
100 075 0.4615 0.4615 0.7006 0.7006
075 100 0.2357 0.2357 0.2357 0.4615
081 112 0.9698 0.4615 0.9698 0.2357
112 081 0.2357 0.2357 0.9698 0.9698
030 047 0.7006 0.2357 0.7006 0.4615
047 030 0.4615 0.4615 0.2357 0.2357
017 026 0.9698 0.7006 0.9698 0.9698
026 017 0.4615 0.9698 0.4615 0.9698
130 110 0.7006 0.4615 0.4615 0.9698
110 130 0.9698 0.9698 0.9698 0.2357
068 003 0.9698 0.4615 0.4615 0.2357
003 068 0.9698 0.2357 0.9698 0.2357
128 050 0.4615 0.4615 0.2357 0.4615
050 128 0.2357 0.7006 0.4615 0.9698
021 032 0.2357 0.2357 0.9698 0.2357
032 021 0.2357 0.2357 0.2357 0.9698
085 009 0.7006 0.4615 0.7006 0.7006
009 085 0.2357 0.9698 0.9698 0.4615
046 091 0.7006 0.9698 0.4615 0.9698
091 046 0.2357 0.7006 0.2357 0.9698
129 031 0.9698 0.4615 0.7006 0.2357
031 129 0.9698 0.4615 0.4615 0.7006
053 084 0.2357 0.2357 0.7006 0.4615
084 053 0.2357 0.4615 0.4615 0.2357
011 049 0.2357 0.7006 0.9698 0.2357
049 011 0.9698 0.2357 0.2357 0.2357
109 033 0.9698 0.9698 0.9698 0.7006
033 109 0.9698 0.4615 0.7006 0.4615
123 117 0.9698 0.7006 0.9698 0.7006
117 123 0.7006 0.9698 0.7006 0.7006
025 121 0.4615 0.7006 0.2357 0.2357
121 025 0.7006 0.7006 0.2357 0.9698
126 024 0.9698 0.7006 0.4615 0.7006
024 126 0.2357 0.2357 0.9698 0.7006
105 063 0.2357 0.9698 0.9698 0.7006
063 105 0.7006 0.9698 0.4615 0.7006
034 043 0.7006 0.4615 0.2357 0.9698
043 034 0.4615 0.4615 0.4615 0.4615
007 041 0.7006 0.4615 0.9698 0.2357
041 007 0.2357 0.2357 0.4615 0.7006
125 127 0.9698 0.7006 0.9698 0.2357
127 125 0.2357 0.7006 0.4615 0.2357
114 083 0.4615 0.2357 0.2357 0.4615
083 114 0.9698 0.7006 0.4615 0.4615
006 076 0.9698 0.9698 0.7006 0.2357
076 006 0.2357 0.2357 0.7006 0.7006
069 107 0.7006 0.9698 0.7006 0.9698
107 069 0.9698 0.9698 0.4615 0.9698
103 038 0.4615 0.4615 0.4615 0.9698
038 103 0.4615 0.2357 0.2357 0.7006
056 066 0.2357 0.7006 0.4615 0.2357
066 056 0.4615 0.7006 0.7006 0.7006
008 113 0.7006 0.7006 0.4615 0.2357
113 008 0.4615 0.9698 0.2357 0.9698
045 111 0.2357 0.9698 0.7006 0.4615
111 045 0.9698 0.7006 0.4615 0.9698
