135 004556 1
122 119 0.3851 0.3186 0.9618 0.9618
119 100 0.9128 0.3186 0.9128 0.9618
100 119 0.3186 0.9618 0.9618 0.9618
081 128 0.9128 0.9618 0.9618 0.3851
128 081 0.3186 0.3851 0.9618 0.3186
113 033 0.9128 0.3186 0.3851 0.9618
033 113 0.9618 0.9618 0.9618 0.3851
001 101 0.9618 0.9618 0.9618 0.9128
101 001 0.3186 0.9128 0.3851 0.3186
115 107 0.9128 0.3851 0.3186 0.9128
107 115 0.9618 0.9128 0.9618 0.3186
037 038 0.3186 0.9128 0.3851 0.3851
038 037 0.3851 0.3851 0.9618 0.3186
121 003 0.3186 0.9618 0.9618 0.3186
003 121 0.9128 0.3851 0.3851 0.3186
066 010 0.3186 0.3851 0.9128 0.3186
010 066 0.9128 0.3186 0.9618 0.3186
040 042 0.9618 0.3186 0.3186 0.3851
042 040 0.3186 0.9618 0.3186 0.3851
059 126 0.9128 0.9128 0.9128 0.3186
126 059 0.9618 0.3851 0.9618 0.9618
112 054 0.9618 0.9128 0.3186 0.3186
054 112 0.3186 0.9618 0.3186 0.3186
129 084 0.9618 0.9128 0.3186 0.3186
084 129 0.3186 0.3186 0.9618 0.3851
017 011 0.9128 0.3851 0.3851 0.9128
011 017 0.3186 0.9618 0.9128 0.3186
076 027 0.9618 0.9618 0.3186 0.9618
027 076 0.3851 0.3186 0.9128 0.9618
086 092 0.9618 0.3186 0.9618 0.3851
092 086 0.3851 0.3186 0.3851 0.3186
064 030 0.9618 0.3186 0.3186 0.9618
030 064 0.9618 0.3851 0.3186 0.9618
077 055 0.9618 0.9618 0.9618 0.9128
055 077 0.9128 0.3186 0.9128 0.9618
015 026 0.3186 0.3851 0.9128 0.9618
026 015 0.9128 0.3851 0.3851 0.3186
062 016 0.3851 0.3186 0.3186 0.9618
016 062 0.9128 0.3186 0.9128 0.3851
130 031 0.9618 0.9128 0.9128 0.3851
031 130 0.9618 0.3186 0.3851 0.3851
079 022 0.3851 0.9618 0.9128 0.3186
022 079 0.9128 0.3851 0.3851 0.3851
029 089 0.3851 0.9618 0.3186 0.3851
089 029 0.9128 0.3851 0.9128 0.9618
002 099 0.9128 0.3851 0.3186 0.3186
099 002 0.9128 0.3186 0.3851 0.3186
125 065 0.9128 0.3851 0.9618 0.3186
065 125 0.9618 0.3851 0.9128 0.3186
012 123 0.3851 0.3851 0.3851 0.3851
123 012 0.3186 0.3851 0.9128 0.9128
021 058 0.3186 0.3851 0.3851 0.3851
058 021 0.3186 0.3851 0.9618 0.3851
132 043 0.9618 0.9618 0.9618 0.9618
043 132 0.3851 0.9618 0.9128 0.3186
097 073 0.9128 0.9618 0.9618 0.3186
073 097 0.3186 0.9618 0.3851 0.3186
070 048 0.9618 0.3186 0.3186 0.9128
048 070 0.9128 0.9128 0.3186 0.9618
006 078 0.3851 0.9128 0.9618 0.3186
078 006 0.9618 0.9128 0.9128 0.3186
008 085 0.3851 0.9618 0.9618 0.3851
085 008 0.3186 0.3851 0.9128 0.9128
117 019 0.9618 0.9618 0.3851 0.3851
019 117 0.9618 0.3186 0.9128 0.9618
067 109 0.3186 0.3186 0.3186 0.3186
109 067 0.3851 0.3186 0.3186 0.9128
116 028 0.3851 0.9618 0.9128 0.3851
028 116 0.3186 0.9618 0.3186 0.3186
005 069 0.3851 0.9618 0.3186 0.9618
069 005 0.9618 0.9128 0.9618 0.9618
000 061 0.9618 0.9128 0.3186 0.3851
061 000 0.9128 0.3851 0.9128 0.9128
020 032 0.3186 0.3851 0.3186 0.9618
032 020 0.3851 0.9128 0.9618 0.9618
004 068 0.3851 0.3851 0.9128 0.3186
068 004 0.3851 0.3851 0.3186 0.9618
083 131 0.3186 0.3186 0.9618 0.9618
131 083 0.9618 0.9618 0.3186 0.3186
105 110 0.3186 0.9618 0.9128 0.3186
110 105 0.3851 0.3186 0.3851 0.9618
041 080 0.9618 0.3851 0.9128 0.3851
080 041 0.9128 0.3851 0.3186 0.3186
091 036 0.9618 0.3186 0.9128 0.3186
036 091 0.9128 0.9128 0.3186 0.3186
108 127 0.9128 0.9128 0.3186 0.9128
127 108 0.9618 0.3186 0.3186 0.9618
120 024 0.9618 0.3851 0.3851 0.9128
024 120 0.3851 0.9128 0.3186 0.3851
118 014 0.9128 0.9618 0.3186 0.9618
014 118 0.3186 0.9128 0.3186 0.3186
087 046 0.9618 0.9618 0.3186 0.9618
046 087 0.3851 0.3186 0.3851 0.9128
093 057 0.9128 0.3186 0.3186 0.3186
057 093 0.3851 0.3186 0.3186 0.3186
034 052 0.3186 0.3186 0.3186 0.9128
052 034 0.3186 0.9618 0.9128 0.3851
056 098 0.3851 0.9618 0.3851 0.3851
098 056 0.3186 0.9128 0.9128 0.9128
044 071 0.3851 0.9618 0.9618 0.3851
071 044 0.9618 0.9128 0.3851 0.9618
096 082 0.9128 0.3851 0.9128 0.9618
082 096 0.9618 0.3851 0.9618 0.9128
124 049 0.3851 0.3186 0.3186 0.9128
049 124 0.9618 0.3186 0.3851 0.3851
090 134 0.3186 0.9618 0.9618 0.9128
134 090 0.9128 0.9128 0.3186 0.3186
104 018 0.3186 0.3851 0.9618 0.9618
018 104 0.9128 0.3186 0.3851 0.3186
007 103 0.9618 0.3851 0.3851 0.9618
103 007 0.9618 0.3851 0.9128 0.9128
009 045 0.3186 0.3186 0.9128 0.9128
045 009 0.9128 0.9618 0.9128 0.3851
039 060 0.9128 0.3851 0.3186 0.3186
060 039 0.3186 0.3186 0.3851 0.3186
072 035 0.9618 0.3851 0.3851 0.9128
035 072 0.9128 0.9128 0.3186 0.3851
023 013 0.3851 0.3186 0.9128 0.3851
013 023 0.9128 0.9128 0.9128 0.3186
047 050 0.9618 0.9128 0.3851 0.3186
050 047 0.9128 0.3851 0.3851 0.9128
088 053 0.9128 0.3851 0.3851 0.9128
053 088 0.9618 0.9128 0.9618 0.9618
111 051 0.3851 0.9618 0.9128 0.3851
051 111 0.9618 0.3851 0.9618 0.9128
063 114 0.9128 0.3851 0.3186 0.9128
114 063 0.9128 0.3186 0.3851 0.3851
074 095 0.9618 0.3851 0.9128 0.9618
095 074 0.9128 0.3186 0.9618 0.3186
094 075 0.9618 0.9618 0.9618 0.3851
075 094 0.3851 0.9618 0.3186 0.3851
133 106 0.3186 0.3851 0.3186 0.3186
106 133 0.9618 0.3186 0.9128 0.3851
025 102 0.9128 0.9618 0.9618 0.9618
102 025 0.9128 0.3851 0.9128 0.9128
