135 004556 1
132 052 0.9317 0.2735 0.4965 0.9317
052 132 0.9317 0.4232 0.9317 0.2735
046 132 0.4232 0.2735 0.4232 0.4965
109 067 0.4232 0.4965 0.9317 0.4965
067 109 0.9317 0.4965 0.9317 0.2735
121 117 0.4232 0.2735 0.4232 0.4965
117 121 0.4965 0.4232 0.4965 0.4232
104 123 0.4965 0.2735 0.9317 0.2735
123 104 0.4965 0.2735 0.2735 0.4965
055 133 0.2735 0.9317 0.2735 0.4232
133 055 0.2735 0.4965 0.2735 0.4232
011 083 0.2735 0.4232 0.9317 0.9317
083 011 0.9317 0.2735 0.2735 0.4232
023 034 0.4232 0.4232 0.4232 0.2735
034 023 0.2735 0.4965 0.4232 0.4965
044 105 0.4965 0.9317 0.9317 0.4232
105 044 0.2735 0.4965 0.4232 0.2735
078 030 0.4965 0.2735 0.4965 0.4965
030 078 0.4232 0.4232 0.4232 0.4232
021 048 0.2735 0.2735 0.2735 0.2735
048 021 0.4232 0.9317 0.2735 0.2735
128 059 0.2735 0.2735 0.4232 0.4232
059 128 0.9317 0.9317 0.4965 0.9317
116 019 0.9317 0.9317 0.2735 0.9317
019 116 0.4965 0.4232 0.9317 0.4232
022 095 0.4965 0.9317 0.4232 0.9317
095 022 0.4965 0.2735 0.9317 0.4965
045 039 0.9317 0.4232 0.9317 0.2735
039 045 0.2735 0.2735 0.4232 0.4232
081 134 0.2735 0.2735 0.4232 0.4965
134 081 0.4965 0.2735 0.9317 0.9317
032 085 0.4965 0.4965 0.4965 0.2735
085 032 0.4232 0.4965 0.2735 0.2735
005 027 0.4965 0.9317 0.2735 0.4232
027 005 0.4232 0.9317 0.4232 0.9317
125 028 0.2735 0.9317 0.2735 0.9317
028 125 0.9317 0.4965 0.4232 0.2735
069 071 0.4965 0.4232 0.2735 0.2735
071 069 0.2735 0.4965 0.4232 0.4232
014 025 0.4232 0.4965 0.2735 0.4965
025 014 0.4965 0.2735 0.2735 0.4965
124 010 0.4232 0.9317 0.4965 0.4232
010 124 0.4965 0.4232 0.4232 0.9317
077 129 0.4965 0.2735 0.4232 0.4232
129 077 0.4232 0.2735 0.4232 0.2735
120 002 0.4965 0.2735 0.2735 0.4232
002 120 0.2735 0.4232 0.4965 0.9317
054 118 0.4232 0.9317 0.4965 0.4232
118 054 0.4965 0.4965 0.9317 0.9317
127 004 0.4965 0.9317 0.2735 0.9317
004 127 0.4232 0.9317 0.2735 0.4232
008 003 0.2735 0.4965 0.9317 0.2735
003 008 0.4965 0.4965 0.4232 0.9317
018 102 0.2735 0.9317 0.9317 0.4232
102 018 0.4232 0.9317 0.4965 0.4965
099 029 0.4965 0.9317 0.4232 0.4965
029 099 0.4965 0.9317 0.4232 0.4965
091 006 0.9317 0.9317 0.2735 0.4232
006 091 0.9317 0.9317 0.9317 0.2735
115 079 0.4965 0.2735 0.2735 0.9317
079 115 0.4232 0.9317 0.2735 0.4965
065 053 0.4965 0.2735 0.9317 0.9317
053 065 0.4965 0.9317 0.4965 0.4965
106 100 0.4965 0.4232 0.2735 0.4965
100 106 0.4965 0.4232 0.4232 0.4232
130 009 0.2735 0.9317 0.2735 0.4232
009 130 0.9317 0.9317 0.4232 0.9317
089 101 0.4965 0.9317 0.2735 0.9317
101 089 0.4232 0.9317 0.4232 0.4232
013 057 0.9317 0.4232 0.4232 0.4232
057 013 0.4965 0.2735 0.9317 0.2735
108 131 0.9317 0.4232 0.4232 0.4965
131 108 0.2735 0.4232 0.4232 0.4965
064 041 0.4965 0.9317 0.2735 0.9317
041 064 0.2735 0.2735 0.9317 0.9317
072 111 0.4965 0.4232 0.2735 0.9317
111 072 0.4232 0.4232 0.4232 0.9317
086 098 0.4965 0.4232 0.2735 0.4232
098 086 0.4232 0.2735 0.4965 0.4965
094 087 0.4965 0.4232 0.9317 0.9317
087 094 0.9317 0.4232 0.9317 0.4965
042 110 0.4965 0.9317 0.4965 0.9317
110 042 0.9317 0.9317 0.9317 0.9317
075 026 0.9317 0.2735 0.2735 0.4232
026 075 0.4965 0.2735 0.4965 0.9317
016 114 0.4232 0.2735 0.4232 0.4232
114 016 0.2735 0.4232 0.2735 0.9317
001 049 0.4965 0.2735 0.4232 0.4232
049 001 0.9317 0.4232 0.4965 0.4965
107 058 0.9317 0.4232 0.2735 0.9317
058 107 0.4965 0.4965 0.4232 0.4232
070 112 0.4965 0.4965 0.4965 0.4232
112 070 0.4965 0.9317 0.2735 0.4965
092 000 0.4965 0.4965 0.4232 0.4965
000 092 0.2735 0.2735 0.9317 0.9317
113 050 0.4232 0.4965 0.9317 0.4965
050 113 0.4965 0.4232 0.9317 0.4232
033 060 0.9317 0.2735 0.4965 0.2735
060 033 0.9317 0.9317 0.4232 0.4965
076 024 0.9317 0.9317 0.9317 0.2735
024 076 0.4965 0.4232 0.2735 0.4232
068 103 0.4965 0.4232 0.9317 0.9317
103 068 0.4232 0.2735 0.4232 0.2735
007 047 0.2735 0.4232 0.2735 0.9317
047 007 0.4965 0.4965 0.9317 0.4965
056 038 0.2735 0.4232 0.9317 0.2735
038 056 0.4232 0.4232 0.2735 0.9317
040 080 0.4232 0.4232 0.2735 0.4965
080 040 0.4232 0.4232 0.4232 0.4965
093 090 0.4232 0.4232 0.4232 0.9317
090 093 0.9317 0.9317 0.2735 0.2735
031 062 0.4965 0.9317 0.4965 0.9317
062 031 0.4965 0.4232 0.4232 0.2735
082 043 0.9317 0.4965 0.9317 0.9317
043 082 0.9317 0.4965 0.2735 0.9317
088 122 0.4965 0.9317 0.2735 0.4965
122 088 0.4965 0.9317 0.2735 0.4232
066 119 0.2735 0.2735 0.9317 0.9317
119 066 0.4965 0.2735 0.4965 0.4965
012 020 0.2735 0.4232 0.9317 0.4232
020 012 0.9317 0.4965 0.2735 0.4965
017 097 0.4232 0.9317 0.2735 0.9317
097 017 0.4965 0.2735 0.9317 0.2735
036 074 0.2735 0.2735 0.4232 0.2735
074 036 0.4965 0.9317 0.4965 0.9317
061 037 0.4232 0.9317 0.2735 0.2735
037 061 0.2735 0.9317 0.4965 0.2735
015 035 0.4232 0.9317 0.9317 0.4232
035 015 0.9317 0.4232 0.4232 0.4232
096 126 0.9317 0.9317 0.9317 0.2735
126 096 0.4232 0.4965 0.4232 0.9317
051 063 0.9317 0.4232 0.4232 0.9317
063 051 0.9317 0.9317 0.2735 0.4965
073 084 0.9317 0.4232 0.4232 0.2735
084 073 0.2735 0.9317 0.2735 0.4232
