135 004556 1
048 123 0.5577 0.5577 0.2775 0.7654
123 048 0.5577 0.5577 0.7654 0.5577
101 123 0.2775 0.7654 0.5577 0.2775
027 083 0.2775 0.5577 0.1787 0.1787
083 027 0.2775 0.7654 0.2775 0.2775
010 127 0.7654 0.7654 0.5577 0.1787
127 010 0.2775 0.2775 0.2775 0.7654
070 095 0.2775 0.1787 0.2775 0.2775
095 070 0.5577 0.7654 0.2775 0.5577
075 051 0.5577 0.2775 0.5577 0.7654
051 075 0.7654 0.7654 0.2775 0.5577
054 120 0.1787 0.7654 0.5577 0.5577
120 054 0.1787 0.7654 0.7654 0.1787
043 078 0.1787 0.2775 0.1787 0.5577
078 043 0.7654 0.7654 0.1787 0.2775
044 068 0.1787 0.1787 0.5577 0.5577
068 044 0.5577 0.7654 0.5577 0.5577
041 060 0.7654 0.5577 0.1787 0.5577
060 041 0.1787 0.1787 0.1787 0.5577
090 023 0.5577 0.7654 0.7654 0.1787
023 090 0.1787 0.2775 0.5577 0.5577
003 102 0.7654 0.7654 0.1787 0.1787
102 003 0.1787 0.5577 0.5577 0.2775
108 124 0.7654 0.2775 0.1787 0.5577
124 108 0.7654 0.5577 0.1787 0.7654
117 029 0.2775 0.5577 0.7654 0.2775
029 117 0.5577 0.1787 0.1787 0.7654
028 077 0.1787 0.1787 0.5577 0.1787
077 028 0.1787 0.5577 0.7654 0.7654
131 067 0.1787 0.5577 0.7654 0.2775
067 131 0.2775 0.2775 0.1787 0.5577
092 036 0.2775 0.2775 0.2775 0.5577
036 092 0.5577 0.5577 0.1787 0.2775
031 132 0.1787 0.2775 0.1787 0.2775
132 031 0.1787 0.1787 0.5577 0.5577
086 009 0.2775 0.2775 0.7654 0.7654
009 086 0.2775 0.1787 0.2775 0.7654
107 042 0.1787 0.1787 0.5577 0.1787
042 107 0.2775 0.7654 0.1787 0.5577
084 012 0.2775 0.2775 0.7654 0.2775
012 084 0.7654 0.7654 0.1787 0.2775
110 074 0.1787 0.1787 0.5577 0.5577
074 110 0.2775 0.7654 0.2775 0.1787
105 069 0.2775 0.1787 0.7654 0.5577
069 105 0.5577 0.2775 0.1787 0.1787
047 063 0.2775 0.1787 0.2775 0.7654
063 047 0.7654 0.2775 0.7654 0.2775
111 007 0.5577 0.1787 0.2775 0.2775
007 111 0.7654 0.2775 0.7654 0.2775
019 104 0.5577 0.5577 0.2775 0.2775
104 019 0.7654 0.7654 0.5577 0.5577
076 022 0.5577 0.5577 0.5577 0.7654
022 076 0.5577 0.7654 0.2775 0.7654
129 034 0.1787 0.1787 0.2775 0.7654
034 129 0.1787 0.7654 0.5577 0.7654
061 103 0.1787 0.1787 0.2775 0.7654
103 061 0.5577 0.5577 0.7654 0.2775
001 097 0.5577 0.7654 0.5577 0.7654
097 001 0.5577 0.7654 0.7654 0.2775
106 099 0.2775 0.1787 0.2775 0.5577
099 106 0.7654 0.7654 0.5577 0.1787
017 039 0.2775 0.1787 0.2775 0.5577
039 017 0.5577 0.5577 0.1787 0.1787
122 130 0.7654 0.7654 0.5577 0.7654
130 122 0.1787 0.2775 0.7654 0.5577
006 049 0.5577 0.2775 0.5577 0.1787
049 006 0.7654 0.7654 0.5577 0.7654
050 115 0.1787 0.2775 0.1787 0.1787
115 050 0.7654 0.2775 0.7654 0.7654
053 052 0.5577 0.7654 0.1787 0.5577
052 053 0.1787 0.1787 0.5577 0.7654
091 013 0.1787 0.5577 0.5577 0.2775
013 091 0.5577 0.7654 0.7654 0.1787
112 002 0.1787 0.1787 0.7654 0.2775
002 112 0.7654 0.7654 0.1787 0.2775
011 038 0.7654 0.2775 0.7654 0.5577
038 011 0.7654 0.2775 0.5577 0.2775
040 058 0.5577 0.1787 0.2775 0.2775
058 040 0.2775 0.7654 0.2775 0.1787
020 046 0.2775 0.7654 0.1787 0.7654
046 020 0.7654 0.2775 0.5577 0.7654
026 133 0.5577 0.1787 0.1787 0.1787
133 026 0.7654 0.7654 0.2775 0.1787
065 085 0.5577 0.2775 0.5577 0.2775
085 065 0.5577 0.1787 0.1787 0.1787
055 118 0.7654 0.7654 0.2775 0.5577
118 055 0.1787 0.5577 0.1787 0.1787
045 016 0.2775 0.5577 0.5577 0.7654
016 045 0.1787 0.5577 0.5577 0.5577
093 018 0.2775 0.2775 0.5577 0.7654
018 093 0.1787 0.7654 0.5577 0.7654
134 035 0.5577 0.1787 0.2775 0.5577
035 134 0.1787 0.1787 0.7654 0.5577
072 113 0.2775 0.7654 0.7654 0.2775
113 072 0.1787 0.7654 0.7654 0.2775
033 021 0.7654 0.2775 0.2775 0.5577
021 033 0.5577 0.2775 0.5577 0.5577
071 126 0.7654 0.5577 0.2775 0.5577
126 071 0.7654 0.2775 0.2775 0.2775
030 088 0.7654 0.1787 0.1787 0.5577
088 030 0.1787 0.1787 0.5577 0.2775
081 037 0.7654 0.1787 0.7654 0.1787
037 081 0.1787 0.1787 0.5577 0.2775
015 032 0.2775 0.7654 0.7654 0.1787
032 015 0.7654 0.2775 0.1787 0.1787
062 114 0.7654 0.5577 0.2775 0.1787
114 062 0.5577 0.2775 0.1787 0.5577
079 008 0.7654 0.2775 0.1787 0.5577
008 079 0.2775 0.5577 0.7654 0.2775
057 094 0.2775 0.7654 0.2775 0.2775
094 057 0.7654 0.5577 0.7654 0.7654
064 121 0.1787 0.5577 0.7654 0.1787
121 064 0.7654 0.2775 0.7654 0.1787
066 024 0.7654 0.1787 0.2775 0.7654
024 066 0.7654 0.5577 0.2775 0.5577
056 116 0.7654 0.2775 0.5577 0.1787
116 056 0.7654 0.7654 0.2775 0.2775
004 082 0.5577 0.7654 0.2775 0.5577
082 004 0.5577 0.5577 0.7654 0.7654
059 073 0.2775 0.1787 0.1787 0.7654
073 059 0.7654 0.5577 0.7654 0.1787
096 080 0.7654 0.2775 0.7654 0.2775
080 096 0.5577 0.7654 0.2775 0.5577
025 119 0.7654 0.5577 0.2775 0.5577
119 025 0.5577 0.5577 0.7654 0.2775
014 098 0.7654 0.7654 0.2775 0.1787
098 014 0.2775 0.2775 0.1787 0.1787
000 109 0.1787 0.5577 0.2775 0.5577
109 000 0.5577 0.7654 0.7654 0.1787
100 089 0.1787 0.7654 0.2775 0.2775
089 100 0.1787 0.2775 0.5577 0.1787
087 005 0.7654 0.7654 0.2775 0.1787
005 087 0.1787 0.1787 0.1787 0.2775
125 128 0.7654 0.5577 0.5577 0.5577
128 125 0.2775 0.7654 0.1787 0.2775
