135 004556 1
131 096 0.7034 0.7034 0.5218 0.5218
047 096 0.7422 0.5218 0.7422 0.7422
096 047 0.5218 0.7422 0.4494 0.5218
129 034 0.7034 0.4494 0.4494 0.4494
034 129 0.7422 0.4494 0.7034 0.5218
116 045 0.7034 0.4494 0.4494 0.4494
045 116 0.7422 0.7422 0.7034 0.7034
058 113 0.7034 0.7422 0.4494 0.7422
113 058 0.4494 0.7034 0.7422 0.4494
003 060 0.7422 0.7034 0.7422 0.7034
060 003 0.4494 0.4494 0.5218 0.4494
031 013 0.5218 0.4494 0.5218 0.4494
013 031 0.7034 0.5218 0.7422 0.4494
110 017 0.7034 0.4494 0.5218 0.4494
017 110 0.7422 0.4494 0.7034 0.7034
117 090 0.5218 0.5218 0.5218 0.7422
090 117 0.7034 0.5218 0.7422 0.7034
079 001 0.5218 0.5218 0.5218 0.5218
001 079 0.4494 0.5218 0.5218 0.4494
128 036 0.7034 0.4494 0.4494 0.7422
036 128 0.7422 0.7422 0.7034 0.7422
037 108 0.4494 0.4494 0.5218 0.5218
108 037 0.4494 0.4494 0.5218 0.7422
125 097 0.7034 0.7422 0.7034 0.5218
097 125 0.7422 0.5218 0.7034 0.5218
078 089 0.5218 0.4494 0.4494 0.7034
089 078 0.7034 0.7422 0.7034 0.7422
109 028 0.4494 0.4494 0.7422 0.7034
028 109 0.7422 0.7422 0.7422 0.7422
018 120 0.4494 0.4494 0.7422 0.4494
120 018 0.7034 0.7034 0.4494 0.5218
095 081 0.5218 0.4494 0.7034 0.4494
081 095 0.7034 0.4494 0.5218 0.4494
006 133 0.5218 0.7034 0.7422 0.7034
133 006 0.7422 0.7422 0.4494 0.7422
073 115 0.7422 0.4494 0.4494 0.7034
115 073 0.7422 0.5218 0.7034 0.4494
000 101 0.7034 0.5218 0.5218 0.7034
101 000 0.4494 0.7422 0.4494 0.7034
065 040 0.7422 0.4494 0.5218 0.4494
040 065 0.7422 0.7034 0.5218 0.4494
100 020 0.7034 0.5218 0.7034 0.7034
020 100 0.7422 0.4494 0.4494 0.5218
068 105 0.7034 0.7034 0.4494 0.7422
105 068 0.7422 0.4494 0.4494 0.7422
055 009 0.7422 0.4494 0.7034 0.5218
009 055 0.5218 0.5218 0.7034 0.5218
106 021 0.5218 0.5218 0.5218 0.5218
021 106 0.7034 0.4494 0.7034 0.7034
118 064 0.7034 0.4494 0.5218 0.7034
064 118 0.5218 0.7034 0.5218 0.5218
085 074 0.4494 0.4494 0.7034 0.7422
074 085 0.5218 0.5218 0.4494 0.7034
054 038 0.7422 0.7422 0.7034 0.7034
038 054 0.4494 0.5218 0.7034 0.5218
033 071 0.7422 0.7422 0.7422 0.4494
071 033 0.7422 0.5218 0.7034 0.7034
084 043 0.4494 0.4494 0.5218 0.7034
043 084 0.7034 0.5218 0.5218 0.4494
130 121 0.4494 0.7422 0.7422 0.4494
121 130 0.7422 0.7422 0.7034 0.5218
007 123 0.4494 0.7034 0.4494 0.7034
123 007 0.7034 0.7422 0.7034 0.5218
011 032 0.4494 0.7422 0.5218 0.5218
032 011 0.4494 0.4494 0.7034 0.4494
080 092 0.7034 0.5218 0.7034 0.7034
092 080 0.5218 0.5218 0.7034 0.4494
014 067 0.7422 0.4494 0.5218 0.7034
067 014 0.7422 0.4494 0.7034 0.4494
005 134 0.7422 0.7422 0.7422 0.7034
134 005 0.4494 0.7422 0.7034 0.5218
052 119 0.5218 0.7422 0.4494 0.4494
119 052 0.7034 0.5218 0.5218 0.7422
127 087 0.7034 0.7034 0.5218 0.7422
087 127 0.7422 0.7034 0.7034 0.7422
004 039 0.7034 0.4494 0.5218 0.4494
039 004 0.4494 0.5218 0.7034 0.7034
070 111 0.4494 0.4494 0.7422 0.7034
111 070 0.7034 0.7422 0.7422 0.7034
076 041 0.7422 0.4494 0.5218 0.4494
041 076 0.7034 0.7422 0.7034 0.7422
112 027 0.4494 0.5218 0.7422 0.7422
027 112 0.4494 0.5218 0.5218 0.7034
099 124 0.7034 0.7034 0.7422 0.4494
124 099 0.7034 0.7422 0.5218 0.7034
072 091 0.4494 0.7034 0.7034 0.5218
091 072 0.7422 0.5218 0.7422 0.7034
008 053 0.5218 0.4494 0.7034 0.4494
053 008 0.4494 0.7422 0.7034 0.7034
063 107 0.7422 0.7422 0.4494 0.7034
107 063 0.4494 0.5218 0.4494 0.5218
126 122 0.5218 0.5218 0.7422 0.7422
122 126 0.7422 0.4494 0.5218 0.5218
051 025 0.4494 0.5218 0.7422 0.7422
025 051 0.7034 0.7422 0.7034 0.5218
044 042 0.5218 0.7422 0.7034 0.7422
042 044 0.4494 0.5218 0.7034 0.7422
066 083 0.4494 0.5218 0.7422 0.7034
083 066 0.7034 0.4494 0.7422 0.4494
030 002 0.7034 0.7422 0.7422 0.5218
002 030 0.5218 0.5218 0.7034 0.4494
062 048 0.5218 0.5218 0.7422 0.7034
048 062 0.5218 0.7422 0.7034 0.7034
010 114 0.7034 0.7422 0.5218 0.7034
114 010 0.7422 0.4494 0.7422 0.5218
057 088 0.5218 0.4494 0.4494 0.7422
088 057 0.4494 0.7034 0.7422 0.7422
029 075 0.7422 0.5218 0.7422 0.7034
075 029 0.7034 0.7034 0.4494 0.7422
056 023 0.4494 0.4494 0.4494 0.5218
023 056 0.7422 0.5218 0.7034 0.4494
077 104 0.4494 0.5218 0.7422 0.5218
104 077 0.5218 0.4494 0.5218 0.7034
050 019 0.5218 0.7034 0.7422 0.7422
019 050 0.7422 0.7422 0.4494 0.7034
024 132 0.7422 0.7422 0.5218 0.7034
132 024 0.4494 0.7034 0.4494 0.4494
015 059 0.7034 0.5218 0.7422 0.7422
059 015 0.5218 0.7422 0.4494 0.4494
102 086 0.7034 0.5218 0.7034 0.7422
086 102 0.4494 0.5218 0.5218 0.7422
103 061 0.5218 0.7034 0.7422 0.7034
061 103 0.5218 0.5218 0.5218 0.4494
098 094 0.7422 0.7034 0.7422 0.4494
094 098 0.5218 0.5218 0.7034 0.5218
093 035 0.7422 0.7422 0.4494 0.7034
035 093 0.7034 0.7422 0.7422 0.4494
026 082 0.7034 0.7034 0.4494 0.7422
082 026 0.7034 0.7422 0.4494 0.4494
049 046 0.7034 0.4494 0.7034 0.7422
046 049 0.4494 0.7034 0.5218 0.4494
022 012 0.5218 0.7422 0.7422 0.4494
012 022 0.4494 0.5218 0.4494 0.7422
069 016 0.7422 0.7034 0.7422 0.4494
016 069 0.7422 0.5218 0.4494 0.7034
