135 004556 1
044 035 0.6992 0.2919 0.6992 0.6119
063 044 0.6119 0.6119 0.6992 0.6119
035 044 0.7965 0.6119 0.2919 0.2919
021 103 0.6119 0.2919 0.7965 0.6992
103 021 0.6992 0.6992 0.7965 0.6992
077 129 0.7965 0.7965 0.6119 0.7965
129 077 0.7965 0.6992 0.2919 0.6119
019 127 0.7965 0.6992 0.6119 0.2919
127 019 0.6119 0.6119 0.6119 0.6992
099 096 0.6992 0.2919 0.6992 0.6119
096 099 0.2919 0.7965 0.6992 0.6992
028 108 0.2919 0.6992 0.6992 0.7965
108 028 0.7965 0.7965 0.6119 0.7965
065 094 0.2919 0.2919 0.6992 0.6119
094 065 0.6119 0.6992 0.7965 0.2919
070 047 0.7965 0.6119 0.2919 0.2919
047 070 0.2919 0.6992 0.7965 0.2919
089 115 0.2919 0.2919 0.6992 0.7965
115 089 0.6992 0.6992 0.6119 0.7965
041 049 0.6992 0.2919 0.2919 0.7965
049 041 0.2919 0.6119 0.6119 0.7965
107 076 0.6119 0.7965 0.7965 0.7965
076 107 0.6119 0.2919 0.2919 0.2919
104 119 0.6119 0.2919 0.2919 0.2919
119 104 0.6992 0.2919 0.2919 0.6119
064 073 0.6119 0.6119 0.6992 0.7965
073 064 0.6119 0.2919 0.6119 0.7965
030 024 0.6119 0.6992 0.6992 0.7965
024 030 0.6119 0.6992 0.7965 0.2919
112 085 0.6119 0.6992 0.6992 0.7965
085 112 0.2919 0.2919 0.2919 0.2919
091 126 0.6119 0.6992 0.6992 0.6992
126 091 0.6119 0.2919 0.7965 0.6119
092 061 0.6992 0.6992 0.2919 0.6119
061 092 0.7965 0.6992 0.2919 0.6119
095 069 0.7965 0.7965 0.6119 0.6992
069 095 0.7965 0.6119 0.2919 0.6992
010 120 0.7965 0.2919 0.6992 0.6992
120 010 0.2919 0.6119 0.6992 0.7965
082 003 0.6992 0.6992 0.2919 0.6992
003 082 0.6992 0.6992 0.2919 0.6992
068 011 0.6119 0.6119 0.7965 0.6992
011 068 0.6119 0.7965 0.6119 0.2919
097 034 0.6119 0.6992 0.6992 0.7965
034 097 0.2919 0.6992 0.7965 0.7965
031 125 0.7965 0.7965 0.6119 0.7965
125 031 0.7965 0.6119 0.6119 0.2919
080 133 0.7965 0.2919 0.7965 0.7965
133 080 0.7965 0.6992 0.2919 0.6119
027 016 0.6992 0.6992 0.6119 0.2919
016 027 0.6992 0.7965 0.6119 0.6119
101 017 0.2919 0.2919 0.6119 0.6992
017 101 0.6992 0.6992 0.6992 0.7965
114 050 0.2919 0.7965 0.7965 0.6992
050 114 0.2919 0.6119 0.6119 0.6119
134 128 0.2919 0.7965 0.6992 0.6119
128 134 0.6992 0.2919 0.6992 0.6992
026 106 0.2919 0.7965 0.2919 0.7965
106 026 0.7965 0.2919 0.2919 0.6119
051 131 0.6992 0.7965 0.6119 0.7965
131 051 0.6119 0.2919 0.6119 0.6992
029 055 0.2919 0.7965 0.6119 0.7965
055 029 0.6992 0.6119 0.6992 0.6992
013 036 0.6992 0.7965 0.6992 0.2919
036 013 0.6992 0.6119 0.6992 0.7965
043 006 0.6992 0.6992 0.7965 0.6992
006 043 0.6119 0.6119 0.6119 0.2919
090 123 0.7965 0.6992 0.2919 0.2919
123 090 0.2919 0.7965 0.6119 0.6992
058 100 0.2919 0.2919 0.7965 0.6992
100 058 0.6992 0.2919 0.7965 0.6119
110 124 0.6119 0.7965 0.6992 0.6119
124 110 0.6119 0.6992 0.7965 0.6119
088 033 0.6992 0.2919 0.7965 0.2919
033 088 0.7965 0.6119 0.6119 0.2919
053 005 0.7965 0.2919 0.7965 0.6119
005 053 0.6992 0.6992 0.7965 0.7965
045 039 0.6119 0.2919 0.6992 0.2919
039 045 0.2919 0.2919 0.2919 0.7965
057 056 0.6992 0.7965 0.7965 0.6119
056 057 0.2919 0.7965 0.2919 0.7965
002 001 0.7965 0.2919 0.6119 0.2919
001 002 0.6119 0.7965 0.2919 0.6119
066 071 0.2919 0.6992 0.7965 0.2919
071 066 0.7965 0.6992 0.6992 0.7965
084 038 0.2919 0.6119 0.6992 0.6992
038 084 0.6119 0.6992 0.7965 0.2919
054 075 0.6119 0.7965 0.7965 0.6119
075 054 0.6119 0.6992 0.6992 0.6992
074 086 0.6992 0.2919 0.6992 0.2919
086 074 0.6992 0.6119 0.6119 0.6992
121 130 0.2919 0.7965 0.7965 0.6992
130 121 0.7965 0.2919 0.6992 0.6992
032 072 0.7965 0.2919 0.6119 0.6992
072 032 0.6119 0.6992 0.2919 0.7965
007 046 0.7965 0.6119 0.2919 0.6992
046 007 0.6992 0.6992 0.7965 0.6119
122 105 0.6119 0.2919 0.6992 0.7965
105 122 0.6992 0.6992 0.2919 0.6992
083 067 0.6992 0.6992 0.6119 0.6992
067 083 0.6119 0.2919 0.6119 0.6992
111 093 0.7965 0.6992 0.6119 0.6119
093 111 0.2919 0.7965 0.6992 0.7965
078 015 0.7965 0.7965 0.7965 0.6992
015 078 0.6119 0.2919 0.6119 0.6992
062 009 0.7965 0.6992 0.7965 0.6119
009 062 0.6119 0.6992 0.7965 0.6119
008 059 0.7965 0.2919 0.6119 0.6119
059 008 0.2919 0.2919 0.6992 0.7965
000 037 0.7965 0.6992 0.7965 0.6992
037 000 0.6992 0.2919 0.2919 0.7965
052 117 0.6992 0.7965 0.7965 0.6119
117 052 0.6119 0.2919 0.6992 0.7965
012 102 0.7965 0.6992 0.6992 0.6119
102 012 0.2919 0.6992 0.2919 0.6992
098 042 0.7965 0.6992 0.6119 0.6119
042 098 0.6992 0.6119 0.6992 0.6992
113 048 0.2919 0.7965 0.6119 0.7965
048 113 0.2919 0.2919 0.6119 0.7965
018 060 0.2919 0.2919 0.6119 0.6119
060 018 0.6992 0.6992 0.6992 0.7965
081 025 0.2919 0.6119 0.6119 0.6992
025 081 0.7965 0.6992 0.6992 0.6992
116 014 0.7965 0.7965 0.6992 0.7965
014 116 0.7965 0.7965 0.2919 0.6119
040 004 0.2919 0.2919 0.6992 0.6119
004 040 0.2919 0.6119 0.2919 0.7965
118 020 0.6119 0.6992 0.2919 0.6119
020 118 0.6119 0.7965 0.6992 0.6119
087 022 0.6992 0.2919 0.6992 0.6992
022 087 0.6119 0.6119 0.6992 0.6119
109 023 0.7965 0.7965 0.6119 0.2919
023 109 0.6992 0.6992 0.6992 0.6119
132 079 0.7965 0.2919 0.6992 0.6992
079 132 0.2919 0.6992 0.6992 0.6992
