135 004556 1
030 134 0.9079 0.2319 0.9079 0.2319
083 134 0.2319 0.9079 0.2321 0.2321
134 083 0.2319 0.2319 0.9079 0.5580
110 027 0.5580 0.9079 0.2321 0.2319
027 110 0.2319 0.5580 0.2321 0.2319
114 125 0.2319 0.2319 0.9079 0.5580
125 114 0.9079 0.2319 0.2319 0.5580
129 009 0.9079 0.2319 0.2319 0.2319
009 129 0.9079 0.2319 0.2319 0.5580
037 017 0.2321 0.2319 0.2319 0.5580
017 037 0.2321 0.2321 0.5580 0.2321
104 130 0.9079 0.2321 0.5580 0.5580
130 104 0.9079 0.2319 0.9079 0.2319
029 107 0.2321 0.2321 0.2319 0.2321
107 029 0.2319 0.2321 0.2319 0.5580
096 073 0.2319 0.2319 0.9079 0.2319
073 096 0.9079 0.5580 0.9079 0.5580
117 033 0.2319 0.2321 0.5580 0.2319
033 117 0.2319 0.9079 0.5580 0.2319
045 016 0.2321 0.2319 0.2319 0.5580
016 045 0.2321 0.2321 0.2319 0.2321
111 090 0.2321 0.2321 0.2321 0.9079
090 111 0.2319 0.2321 0.5580 0.9079
018 133 0.2321 0.2321 0.2319 0.2321
133 018 0.5580 0.2319 0.2321 0.2321
008 119 0.9079 0.5580 0.2321 0.9079
119 008 0.2319 0.5580 0.2321 0.2321
007 058 0.2319 0.5580 0.2321 0.2321
058 007 0.9079 0.2321 0.9079 0.5580
064 095 0.2319 0.9079 0.9079 0.9079
095 064 0.2321 0.2319 0.2319 0.2319
006 025 0.2319 0.5580 0.5580 0.9079
025 006 0.2319 0.9079 0.2319 0.2319
093 010 0.2321 0.9079 0.5580 0.5580
010 093 0.2319 0.2321 0.2319 0.2321
013 068 0.9079 0.2319 0.2319 0.9079
068 013 0.2321 0.2321 0.2319 0.2321
041 063 0.2321 0.2319 0.2319 0.9079
063 041 0.9079 0.5580 0.2319 0.9079
070 034 0.2321 0.2319 0.5580 0.2321
034 070 0.2321 0.5580 0.2321 0.5580
046 024 0.2319 0.5580 0.2321 0.5580
024 046 0.2319 0.5580 0.9079 0.2319
062 042 0.9079 0.2319 0.2321 0.2321
042 062 0.5580 0.2319 0.2319 0.9079
022 077 0.2319 0.2321 0.2321 0.5580
077 022 0.2319 0.5580 0.5580 0.2321
102 026 0.2319 0.9079 0.2319 0.2321
026 102 0.2321 0.2321 0.2319 0.5580
066 092 0.9079 0.2319 0.2319 0.5580
092 066 0.2319 0.2321 0.9079 0.2319
054 106 0.2321 0.2321 0.5580 0.9079
106 054 0.5580 0.5580 0.2319 0.2319
080 052 0.9079 0.2319 0.5580 0.5580
052 080 0.9079 0.9079 0.2319 0.2319
040 038 0.9079 0.5580 0.5580 0.2319
038 040 0.5580 0.5580 0.2321 0.2319
082 023 0.2319 0.5580 0.5580 0.9079
023 082 0.9079 0.2321 0.2321 0.2319
065 128 0.5580 0.5580 0.2319 0.2319
128 065 0.2319 0.2319 0.9079 0.9079
074 044 0.2319 0.2321 0.9079 0.5580
044 074 0.9079 0.2321 0.2321 0.2319
091 002 0.2319 0.9079 0.9079 0.2321
002 091 0.9079 0.2321 0.9079 0.2321
028 011 0.2319 0.5580 0.2321 0.2321
011 028 0.2319 0.2319 0.2321 0.2321
121 035 0.5580 0.2321 0.5580 0.2319
035 121 0.5580 0.9079 0.2319 0.9079
071 086 0.5580 0.2321 0.5580 0.2321
086 071 0.2321 0.9079 0.2321 0.5580
094 098 0.5580 0.2321 0.2321 0.2321
098 094 0.5580 0.2321 0.9079 0.9079
105 015 0.5580 0.2321 0.5580 0.2319
015 105 0.9079 0.9079 0.2319 0.2321
118 001 0.2321 0.5580 0.2319 0.2319
001 118 0.2319 0.9079 0.9079 0.2321
116 108 0.2321 0.2319 0.2319 0.2321
108 116 0.9079 0.9079 0.5580 0.2321
061 076 0.5580 0.9079 0.2319 0.2321
076 061 0.2321 0.9079 0.5580 0.5580
097 043 0.9079 0.9079 0.2321 0.5580
043 097 0.2319 0.2321 0.9079 0.2319
127 085 0.2319 0.5580 0.5580 0.9079
085 127 0.9079 0.9079 0.9079 0.9079
084 124 0.9079 0.2321 0.5580 0.2319
124 084 0.2321 0.2319 0.2319 0.2321
019 067 0.5580 0.2321 0.5580 0.2321
067 019 0.9079 0.2321 0.2321 0.5580
089 081 0.5580 0.2319 0.5580 0.2321
081 089 0.9079 0.2321 0.9079 0.9079
101 050 0.9079 0.2321 0.5580 0.2321
050 101 0.2321 0.5580 0.5580 0.5580
060 014 0.5580 0.2321 0.2321 0.5580
014 060 0.5580 0.2321 0.5580 0.5580
021 036 0.5580 0.2321 0.5580 0.2319
036 021 0.5580 0.2319 0.2321 0.5580
122 088 0.2321 0.2319 0.9079 0.2319
088 122 0.2321 0.2321 0.2319 0.2321
049 078 0.2319 0.9079 0.9079 0.5580
078 049 0.5580 0.9079 0.9079 0.2319
099 012 0.9079 0.9079 0.2321 0.9079
012 099 0.2321 0.5580 0.2321 0.5580
100 115 0.9079 0.9079 0.5580 0.9079
115 100 0.2321 0.2319 0.2321 0.5580
051 005 0.2319 0.9079 0.2321 0.2319
005 051 0.5580 0.2321 0.2319 0.9079
053 075 0.2321 0.2321 0.9079 0.2319
075 053 0.2321 0.5580 0.2319 0.2321
003 031 0.2321 0.9079 0.5580 0.2321
031 003 0.9079 0.5580 0.2319 0.2319
132 123 0.2321 0.9079 0.2321 0.9079
123 132 0.2319 0.5580 0.2321 0.5580
126 004 0.9079 0.5580 0.2319 0.2321
004 126 0.2321 0.2321 0.5580 0.9079
039 000 0.5580 0.2321 0.2319 0.2319
000 039 0.9079 0.5580 0.2321 0.9079
109 069 0.5580 0.2319 0.5580 0.2321
069 109 0.2321 0.5580 0.9079 0.2319
032 059 0.2321 0.2319 0.5580 0.9079
059 032 0.5580 0.5580 0.9079 0.5580
087 079 0.9079 0.2321 0.2319 0.2319
079 087 0.2319 0.9079 0.9079 0.2319
120 057 0.5580 0.2319 0.5580 0.5580
057 120 0.5580 0.9079 0.2321 0.2319
103 020 0.2321 0.2321 0.2321 0.2319
020 103 0.2319 0.2321 0.2319 0.9079
113 056 0.9079 0.2319 0.5580 0.2319
056 113 0.9079 0.9079 0.2321 0.2319
112 047 0.9079 0.5580 0.2319 0.9079
047 112 0.5580 0.5580 0.2321 0.2319
131 055 0.5580 0.2319 0.2319 0.2321
055 131 0.5580 0.2319 0.2321 0.2321
048 072 0.5580 0.5580 0.2321 0.5580
072 048 0.9079 0.9079 0.5580 0.5580
