135 004556 1
095 119 0.7279 0.2322 0.2322 0.1775
018 119 0.1775 0.7279 0.7279 0.2322
119 018 0.1775 0.1775 0.7279 0.2323
072 010 0.2322 0.2322 0.2322 0.1775
010 072 0.1775 0.7279 0.1775 0.2323
065 028 0.1775 0.2322 0.2322 0.1775
028 065 0.2323 0.2323 0.2323 0.2323
105 132 0.2323 0.1775 0.1775 0.1775
132 105 0.7279 0.1775 0.7279 0.7279
044 025 0.2323 0.7279 0.2322 0.2323
025 044 0.2322 0.1775 0.1775 0.2322
011 067 0.2322 0.2323 0.1775 0.1775
067 011 0.7279 0.7279 0.2323 0.2322
134 074 0.7279 0.2323 0.1775 0.2322
074 134 0.2322 0.7279 0.2323 0.1775
047 118 0.7279 0.2322 0.7279 0.2323
118 047 0.2322 0.7279 0.2322 0.7279
069 078 0.2322 0.2323 0.7279 0.2323
078 069 0.2322 0.2323 0.1775 0.1775
077 034 0.2323 0.2322 0.2322 0.2323
034 077 0.2322 0.2322 0.2322 0.2323
111 039 0.7279 0.2323 0.7279 0.2322
039 111 0.7279 0.1775 0.2323 0.2323
079 023 0.1775 0.2323 0.7279 0.2323
023 079 0.2323 0.1775 0.2323 0.2323
051 121 0.1775 0.2322 0.2322 0.2323
121 051 0.7279 0.2323 0.2323 0.2323
059 098 0.2322 0.7279 0.7279 0.7279
098 059 0.1775 0.7279 0.2323 0.7279
032 070 0.7279 0.2322 0.7279 0.2322
070 032 0.7279 0.7279 0.7279 0.7279
120 112 0.2323 0.1775 0.2322 0.2322
112 120 0.2322 0.1775 0.1775 0.2323
088 114 0.7279 0.7279 0.7279 0.7279
114 088 0.2323 0.7279 0.2323 0.1775
102 000 0.2323 0.1775 0.2323 0.2322
000 102 0.2322 0.2323 0.1775 0.1775
002 027 0.2323 0.2322 0.7279 0.2322
027 002 0.7279 0.2323 0.2323 0.1775
128 019 0.2322 0.2323 0.2323 0.2322
019 128 0.1775 0.7279 0.7279 0.2323
109 122 0.2323 0.2323 0.1775 0.1775
122 109 0.2323 0.7279 0.7279 0.1775
089 016 0.2323 0.7279 0.1775 0.1775
016 089 0.1775 0.1775 0.2323 0.2322
053 006 0.2322 0.1775 0.2322 0.1775
006 053 0.2322 0.1775 0.2322 0.1775
057 030 0.1775 0.2323 0.1775 0.7279
030 057 0.2323 0.1775 0.7279 0.2323
041 017 0.2323 0.2323 0.2322 0.2323
017 041 0.2322 0.2322 0.2323 0.1775
096 009 0.2322 0.2322 0.7279 0.1775
009 096 0.7279 0.2322 0.2322 0.1775
042 115 0.1775 0.7279 0.2322 0.1775
115 042 0.2322 0.7279 0.7279 0.7279
064 048 0.2323 0.2323 0.2323 0.7279
048 064 0.2323 0.2322 0.2323 0.2323
066 097 0.1775 0.7279 0.2322 0.7279
097 066 0.2323 0.7279 0.7279 0.2322
046 127 0.7279 0.7279 0.2323 0.1775
127 046 0.2322 0.1775 0.2323 0.7279
062 116 0.2323 0.7279 0.2323 0.7279
116 062 0.1775 0.7279 0.1775 0.2323
131 061 0.2323 0.2322 0.7279 0.2323
061 131 0.1775 0.2323 0.2322 0.7279
020 094 0.7279 0.2323 0.2322 0.1775
094 020 0.2323 0.2322 0.7279 0.1775
029 107 0.7279 0.7279 0.2322 0.1775
107 029 0.7279 0.7279 0.2322 0.7279
001 021 0.1775 0.2323 0.7279 0.2323
021 001 0.7279 0.1775 0.2322 0.2323
068 005 0.7279 0.2322 0.7279 0.7279
005 068 0.1775 0.2323 0.2322 0.1775
013 052 0.1775 0.2322 0.7279 0.7279
052 013 0.2323 0.1775 0.2323 0.2323
038 123 0.2323 0.7279 0.2322 0.2322
123 038 0.7279 0.7279 0.1775 0.2323
082 083 0.2322 0.1775 0.1775 0.2322
083 082 0.1775 0.1775 0.2323 0.2322
071 108 0.1775 0.2322 0.2323 0.2322
108 071 0.1775 0.2323 0.1775 0.2323
073 015 0.2322 0.2323 0.7279 0.1775
015 073 0.1775 0.1775 0.2323 0.7279
081 049 0.1775 0.2322 0.2322 0.7279
049 081 0.2323 0.7279 0.2322 0.1775
110 043 0.7279 0.2323 0.7279 0.2323
043 110 0.2322 0.2323 0.2323 0.7279
007 130 0.1775 0.1775 0.2322 0.2323
130 007 0.2323 0.7279 0.2323 0.7279
086 014 0.1775 0.2322 0.2322 0.2323
014 086 0.1775 0.7279 0.1775 0.2323
022 091 0.2322 0.1775 0.2323 0.7279
091 022 0.2323 0.2323 0.2323 0.2322
045 100 0.7279 0.7279 0.7279 0.2323
100 045 0.7279 0.2322 0.7279 0.7279
055 040 0.2323 0.1775 0.2323 0.2322
040 055 0.2322 0.1775 0.7279 0.1775
092 106 0.1775 0.1775 0.2323 0.2323
106 092 0.2322 0.2322 0.2322 0.1775
103 056 0.1775 0.1775 0.2323 0.1775
056 103 0.2322 0.7279 0.1775 0.2322
033 126 0.2322 0.1775 0.1775 0.2323
126 033 0.1775 0.2322 0.2323 0.2322
003 063 0.1775 0.2322 0.7279 0.2322
063 003 0.1775 0.2323 0.1775 0.1775
087 026 0.2323 0.2322 0.2322 0.1775
026 087 0.2322 0.1775 0.2323 0.2322
031 101 0.2323 0.2323 0.2322 0.2323
101 031 0.2323 0.7279 0.2322 0.7279
125 050 0.2322 0.7279 0.2323 0.7279
050 125 0.7279 0.1775 0.1775 0.2323
012 104 0.7279 0.2322 0.1775 0.2323
104 012 0.2322 0.1775 0.1775 0.1775
076 075 0.1775 0.1775 0.2323 0.2322
075 076 0.7279 0.1775 0.2323 0.1775
035 054 0.2322 0.1775 0.2322 0.2322
054 035 0.1775 0.2323 0.7279 0.2323
004 084 0.2322 0.2323 0.2322 0.1775
084 004 0.1775 0.2323 0.2323 0.1775
129 085 0.7279 0.2323 0.7279 0.7279
085 129 0.2323 0.2323 0.7279 0.1775
037 024 0.2323 0.1775 0.2322 0.2322
024 037 0.2323 0.2323 0.2323 0.7279
060 113 0.7279 0.7279 0.2323 0.2323
113 060 0.7279 0.2323 0.2323 0.2323
090 036 0.1775 0.7279 0.2322 0.1775
036 090 0.2322 0.1775 0.1775 0.1775
093 133 0.2323 0.1775 0.2323 0.2323
133 093 0.2322 0.7279 0.2323 0.7279
008 117 0.1775 0.7279 0.2323 0.2323
117 008 0.7279 0.2323 0.1775 0.7279
124 080 0.2323 0.2323 0.7279 0.2323
080 124 0.2322 0.2323 0.1775 0.1775
058 099 0.1775 0.2322 0.7279 0.2323
099 058 0.7279 0.1775 0.2322 0.1775
