135 004556 1
100 080 0.9724 0.5239 0.5079 0.5239
112 080 0.5239 0.9724 0.5239 0.9724
080 100 0.9475 0.9475 0.9724 0.9475
096 064 0.9724 0.9724 0.5079 0.9724
064 096 0.5079 0.5239 0.9475 0.5079
067 074 0.5239 0.9724 0.9475 0.5079
074 067 0.9724 0.9724 0.5079 0.5239
057 069 0.9724 0.5239 0.9475 0.9475
069 057 0.5079 0.5079 0.9475 0.9724
041 070 0.9724 0.9475 0.5239 0.9475
070 041 0.5079 0.5079 0.5079 0.5079
047 030 0.5079 0.5079 0.9475 0.5239
030 047 0.5079 0.5239 0.9475 0.5079
004 053 0.5079 0.9475 0.5079 0.9724
053 004 0.5079 0.5079 0.5079 0.9724
083 059 0.9724 0.5079 0.5239 0.5079
059 083 0.9475 0.9475 0.9724 0.9724
093 128 0.5079 0.5079 0.9475 0.5239
128 093 0.5239 0.5239 0.5079 0.5079
044 056 0.5239 0.5079 0.5079 0.9724
056 044 0.9724 0.9475 0.9724 0.5079
105 122 0.5079 0.9724 0.9475 0.5079
122 105 0.9724 0.5239 0.9724 0.5079
016 078 0.5079 0.9475 0.5239 0.9475
078 016 0.9724 0.5239 0.5239 0.5079
042 134 0.9475 0.5079 0.5079 0.5239
134 042 0.9724 0.5239 0.5239 0.9724
008 114 0.9475 0.9475 0.5239 0.9475
114 008 0.5239 0.9475 0.9475 0.5239
090 023 0.5079 0.9724 0.5239 0.9724
023 090 0.5079 0.9724 0.9724 0.9475
028 101 0.5239 0.5239 0.5239 0.5239
101 028 0.9724 0.5079 0.9475 0.9475
020 118 0.5239 0.9475 0.5079 0.9724
118 020 0.5239 0.9724 0.9724 0.9475
123 081 0.9475 0.5239 0.9475 0.9475
081 123 0.9724 0.9475 0.5079 0.5079
103 000 0.9724 0.5239 0.5079 0.9475
000 103 0.5079 0.9475 0.5239 0.5239
087 013 0.9724 0.9475 0.5079 0.9475
013 087 0.5079 0.5079 0.5239 0.5239
051 019 0.9724 0.9724 0.9475 0.5079
019 051 0.5239 0.5239 0.5079 0.5239
125 055 0.9724 0.5079 0.9475 0.5239
055 125 0.5239 0.5239 0.9724 0.9724
098 027 0.9475 0.9475 0.5239 0.5239
027 098 0.5239 0.9475 0.5239 0.5239
049 025 0.5239 0.5079 0.9724 0.5079
025 049 0.9724 0.5239 0.9475 0.9724
040 046 0.9475 0.5079 0.9724 0.9724
046 040 0.5079 0.5239 0.9475 0.9475
037 054 0.9475 0.9475 0.9475 0.9475
054 037 0.5079 0.5079 0.9724 0.9475
063 017 0.5239 0.9724 0.5239 0.5239
017 063 0.5079 0.5239 0.5239 0.5239
052 097 0.9475 0.9475 0.5079 0.5239
097 052 0.9475 0.5079 0.9724 0.9724
110 108 0.5239 0.5239 0.9724 0.9475
108 110 0.5079 0.9724 0.9475 0.5239
107 015 0.5079 0.5079 0.5239 0.5079
015 107 0.9475 0.5239 0.5239 0.5239
062 106 0.5079 0.5079 0.9475 0.5079
106 062 0.9724 0.9475 0.5079 0.9475
130 132 0.9724 0.9724 0.5079 0.9475
132 130 0.5079 0.9475 0.9475 0.5239
005 121 0.5079 0.5239 0.9724 0.9724
121 005 0.5079 0.9724 0.5239 0.5239
091 006 0.5239 0.9724 0.9475 0.9475
006 091 0.5079 0.9724 0.5079 0.9475
073 126 0.9475 0.9724 0.5239 0.9724
126 073 0.5239 0.9724 0.9475 0.9724
131 088 0.9475 0.9724 0.5239 0.5079
088 131 0.5239 0.9724 0.5239 0.9724
113 102 0.5239 0.9724 0.5079 0.5239
102 113 0.9724 0.5079 0.5079 0.9475
099 003 0.9724 0.5239 0.9724 0.5079
003 099 0.5079 0.5079 0.9475 0.5079
018 111 0.5079 0.5239 0.5239 0.5079
111 018 0.9724 0.9724 0.5079 0.5239
082 031 0.5079 0.5079 0.5239 0.9475
031 082 0.5239 0.9724 0.5079 0.5239
032 127 0.5079 0.9475 0.9475 0.5079
127 032 0.9724 0.5239 0.9724 0.5079
104 039 0.9724 0.5079 0.9475 0.9724
039 104 0.9724 0.5079 0.5079 0.5079
086 095 0.9475 0.9724 0.5079 0.9724
095 086 0.9475 0.9475 0.5239 0.9724
094 029 0.9475 0.9724 0.9724 0.5239
029 094 0.9724 0.9475 0.9475 0.5079
075 129 0.5239 0.5079 0.9475 0.9724
129 075 0.9724 0.5079 0.9724 0.5239
045 092 0.5239 0.9724 0.5079 0.5079
092 045 0.9724 0.5239 0.5239 0.5079
024 014 0.9724 0.5239 0.5239 0.5239
014 024 0.5079 0.5079 0.5239 0.9724
026 076 0.5079 0.5079 0.5079 0.5239
076 026 0.5239 0.5239 0.9724 0.9724
084 089 0.5079 0.9724 0.9724 0.5239
089 084 0.9724 0.5079 0.5239 0.5239
116 133 0.9724 0.5239 0.9475 0.9724
133 116 0.5079 0.9475 0.9724 0.5079
002 117 0.5079 0.9724 0.5239 0.5239
117 002 0.9724 0.9475 0.5239 0.5239
120 048 0.9475 0.5239 0.9724 0.9724
048 120 0.9475 0.9724 0.9475 0.9724
072 058 0.9724 0.9475 0.5239 0.5079
058 072 0.5079 0.5239 0.5079 0.5239
077 061 0.9724 0.5239 0.5079 0.9475
061 077 0.5239 0.5239 0.9724 0.9724
035 001 0.9724 0.9475 0.9475 0.9475
001 035 0.5239 0.9475 0.9724 0.9724
060 066 0.5079 0.5079 0.9724 0.9724
066 060 0.9475 0.5079 0.9475 0.5079
011 085 0.9724 0.5079 0.5079 0.5079
085 011 0.9724 0.5079 0.9724 0.5239
009 068 0.9475 0.5079 0.9724 0.5239
068 009 0.9724 0.9475 0.9475 0.9475
109 033 0.5239 0.5079 0.5239 0.5079
033 109 0.5079 0.5239 0.9724 0.9475
038 079 0.5239 0.9724 0.9724 0.5079
079 038 0.9724 0.5239 0.5079 0.9724
065 021 0.5079 0.9475 0.5079 0.9724
021 065 0.5239 0.9724 0.9724 0.5079
115 043 0.5239 0.9475 0.9475 0.5079
043 115 0.9724 0.9475 0.9724 0.9475
010 071 0.9475 0.9724 0.9475 0.9724
071 010 0.9475 0.5239 0.9475 0.5239
050 034 0.9475 0.5079 0.5239 0.9475
034 050 0.5239 0.5239 0.9475 0.9724
119 022 0.5239 0.5239 0.9724 0.5239
022 119 0.5239 0.9724 0.9475 0.5239
124 036 0.5239 0.5239 0.9475 0.9475
036 124 0.9475 0.5079 0.9724 0.9724
012 007 0.5239 0.9475 0.9475 0.5239
007 012 0.9724 0.5239 0.5079 0.5239
