135 004556 1
074 112 0.5430 0.5430 0.5430 0.5064
112 121 0.5353 0.4939 0.5064 0.4939
121 112 0.5064 0.5430 0.5064 0.5064
077 044 0.5353 0.5353 0.5064 0.4939
044 077 0.4939 0.5430 0.5430 0.5064
006 081 0.4939 0.5353 0.5430 0.5353
081 006 0.5353 0.5353 0.5430 0.5353
106 033 0.5064 0.5430 0.4939 0.5353
033 106 0.4939 0.4939 0.4939 0.5353
058 076 0.5064 0.5353 0.5064 0.5064
076 058 0.5064 0.5064 0.5353 0.5430
079 122 0.5430 0.5430 0.5064 0.4939
122 079 0.5064 0.5064 0.5064 0.5353
051 055 0.4939 0.4939 0.4939 0.5064
055 051 0.5064 0.5430 0.4939 0.5430
035 065 0.4939 0.4939 0.5353 0.5430
065 035 0.5430 0.5064 0.5064 0.4939
118 124 0.5353 0.5430 0.5430 0.5353
124 118 0.4939 0.5353 0.5064 0.5430
009 013 0.5064 0.5064 0.4939 0.5353
013 009 0.4939 0.4939 0.4939 0.5353
128 080 0.5064 0.5353 0.5064 0.4939
080 128 0.5353 0.5353 0.4939 0.5353
071 028 0.5353 0.4939 0.5430 0.5430
028 071 0.5430 0.5353 0.5353 0.5353
123 004 0.4939 0.4939 0.5064 0.5353
004 123 0.4939 0.5064 0.5353 0.5353
133 026 0.5430 0.5353 0.4939 0.4939
026 133 0.5353 0.4939 0.4939 0.4939
037 100 0.5353 0.4939 0.4939 0.5064
100 037 0.5064 0.5353 0.4939 0.5064
017 047 0.5353 0.4939 0.5064 0.5064
047 017 0.4939 0.5430 0.5353 0.5353
010 014 0.5430 0.5430 0.5430 0.5353
014 010 0.5353 0.5430 0.5064 0.5430
113 067 0.5064 0.5064 0.4939 0.4939
067 113 0.5430 0.4939 0.5430 0.5430
125 098 0.5064 0.5064 0.5353 0.5353
098 125 0.5064 0.5064 0.4939 0.5353
000 082 0.4939 0.4939 0.4939 0.4939
082 000 0.5430 0.5064 0.5430 0.5430
084 095 0.5353 0.5430 0.4939 0.5353
095 084 0.5430 0.5430 0.5430 0.4939
091 127 0.4939 0.5430 0.4939 0.5064
127 091 0.5353 0.5430 0.5064 0.5064
049 075 0.5430 0.4939 0.5353 0.5430
075 049 0.5064 0.5430 0.5353 0.5353
027 111 0.4939 0.5353 0.5353 0.5353
111 027 0.5353 0.5353 0.5353 0.5064
073 024 0.5064 0.4939 0.5064 0.5430
024 073 0.5064 0.5353 0.5064 0.5064
087 045 0.4939 0.5353 0.5353 0.5430
045 087 0.4939 0.5353 0.4939 0.5430
072 108 0.5430 0.4939 0.5430 0.4939
108 072 0.5430 0.4939 0.5064 0.5430
114 041 0.5353 0.5064 0.4939 0.5430
041 114 0.4939 0.5430 0.5064 0.5430
031 030 0.5430 0.5064 0.4939 0.5430
030 031 0.5353 0.5064 0.5064 0.5353
102 054 0.4939 0.5064 0.5353 0.5353
054 102 0.5430 0.4939 0.5064 0.5430
040 056 0.5064 0.4939 0.5064 0.5353
056 040 0.4939 0.5430 0.4939 0.5064
085 011 0.5430 0.4939 0.5064 0.5064
011 085 0.4939 0.4939 0.5064 0.4939
066 092 0.4939 0.4939 0.5064 0.5064
092 066 0.4939 0.5353 0.4939 0.5430
036 016 0.5353 0.5064 0.4939 0.5430
016 036 0.5353 0.4939 0.4939 0.5064
083 025 0.5353 0.5353 0.5064 0.5353
025 083 0.5353 0.5064 0.4939 0.4939
099 078 0.4939 0.4939 0.4939 0.5430
078 099 0.5353 0.5064 0.5353 0.4939
059 126 0.5353 0.5430 0.5353 0.5430
126 059 0.5353 0.5064 0.5353 0.5430
129 097 0.5353 0.5430 0.5064 0.5353
097 129 0.4939 0.5353 0.5353 0.5353
046 088 0.5064 0.5430 0.5353 0.5064
088 046 0.5353 0.5064 0.5353 0.5353
119 034 0.5353 0.5353 0.4939 0.5064
034 119 0.4939 0.5353 0.4939 0.5430
003 019 0.5353 0.4939 0.5430 0.5430
019 003 0.5430 0.5064 0.5064 0.5064
057 029 0.5064 0.5064 0.5430 0.5064
029 057 0.5430 0.5430 0.5353 0.5064
061 134 0.5353 0.5353 0.5064 0.4939
134 061 0.4939 0.5430 0.4939 0.5430
086 104 0.5064 0.5430 0.5353 0.4939
104 086 0.5064 0.4939 0.5430 0.5430
048 023 0.5430 0.5353 0.4939 0.4939
023 048 0.5353 0.5353 0.5064 0.4939
105 022 0.5353 0.5064 0.5353 0.5430
022 105 0.5064 0.5430 0.5353 0.5353
020 090 0.5430 0.4939 0.4939 0.5064
090 020 0.5430 0.5353 0.4939 0.5064
043 053 0.5064 0.5353 0.4939 0.5064
053 043 0.4939 0.5064 0.5430 0.5430
032 089 0.5353 0.4939 0.5430 0.5430
089 032 0.5064 0.5064 0.5064 0.5430
018 094 0.5353 0.5064 0.5353 0.5353
094 018 0.5064 0.5353 0.4939 0.4939
130 012 0.4939 0.5064 0.4939 0.5064
012 130 0.5353 0.4939 0.4939 0.5430
093 042 0.4939 0.5353 0.5430 0.5430
042 093 0.5064 0.5430 0.4939 0.4939
060 069 0.5430 0.4939 0.5353 0.5430
069 060 0.5430 0.5064 0.5064 0.5430
103 002 0.5430 0.5353 0.5430 0.5430
002 103 0.5353 0.5064 0.5064 0.5353
050 063 0.4939 0.5064 0.5064 0.5064
063 050 0.5064 0.4939 0.5353 0.5353
062 115 0.5353 0.5353 0.5353 0.4939
115 062 0.5430 0.5064 0.5430 0.5353
021 064 0.5353 0.5064 0.5353 0.4939
064 021 0.5353 0.5064 0.5430 0.5430
001 117 0.5430 0.4939 0.5430 0.4939
117 001 0.5353 0.5064 0.5353 0.5353
039 070 0.5353 0.5430 0.5430 0.4939
070 039 0.5353 0.5430 0.5064 0.5430
007 015 0.5353 0.5353 0.5353 0.5353
015 007 0.5353 0.5064 0.5064 0.4939
110 096 0.5064 0.5430 0.4939 0.5064
096 110 0.5353 0.4939 0.5353 0.5353
116 132 0.5064 0.5353 0.5353 0.5430
132 116 0.5353 0.5430 0.5430 0.5353
107 120 0.5064 0.5353 0.5064 0.4939
120 107 0.5430 0.4939 0.4939 0.5430
068 101 0.5064 0.5064 0.5353 0.5064
101 068 0.5064 0.5064 0.4939 0.5064
008 038 0.4939 0.5430 0.5353 0.4939
038 008 0.5353 0.4939 0.5064 0.5064
131 052 0.5430 0.5430 0.5353 0.4939
052 131 0.5430 0.4939 0.5353 0.4939
109 005 0.5430 0.5064 0.5353 0.4939
005 109 0.5064 0.5353 0.5430 0.5353
