135 004556 1
026 082 0.3170 0.6831 0.8637 0.8637
082 026 0.8637 0.3170 0.9040 0.6831
099 026 0.8637 0.3170 0.8637 0.6831
107 127 0.8637 0.9040 0.6831 0.6831
127 107 0.8637 0.3170 0.9040 0.8637
007 124 0.3170 0.9040 0.8637 0.3170
124 007 0.9040 0.3170 0.6831 0.6831
016 123 0.6831 0.6831 0.3170 0.3170
123 016 0.3170 0.6831 0.9040 0.6831
014 106 0.9040 0.3170 0.6831 0.9040
106 014 0.3170 0.9040 0.9040 0.3170
043 044 0.6831 0.6831 0.8637 0.9040
044 043 0.9040 0.3170 0.9040 0.6831
008 095 0.9040 0.3170 0.8637 0.9040
095 008 0.9040 0.8637 0.6831 0.9040
070 063 0.3170 0.8637 0.8637 0.9040
063 070 0.9040 0.9040 0.3170 0.8637
098 055 0.9040 0.8637 0.8637 0.6831
055 098 0.9040 0.6831 0.8637 0.6831
131 116 0.8637 0.8637 0.3170 0.3170
116 131 0.9040 0.6831 0.9040 0.9040
027 090 0.9040 0.8637 0.6831 0.6831
090 027 0.3170 0.9040 0.8637 0.3170
088 017 0.3170 0.6831 0.8637 0.9040
017 088 0.8637 0.9040 0.3170 0.9040
023 111 0.9040 0.3170 0.6831 0.3170
111 023 0.9040 0.8637 0.9040 0.3170
115 120 0.9040 0.3170 0.6831 0.9040
120 115 0.9040 0.8637 0.9040 0.6831
000 073 0.6831 0.8637 0.8637 0.8637
073 000 0.3170 0.3170 0.6831 0.6831
004 059 0.8637 0.3170 0.6831 0.8637
059 004 0.9040 0.3170 0.8637 0.9040
087 061 0.3170 0.3170 0.8637 0.3170
061 087 0.6831 0.8637 0.3170 0.6831
019 128 0.9040 0.9040 0.6831 0.8637
128 019 0.3170 0.3170 0.8637 0.8637
034 091 0.8637 0.6831 0.6831 0.3170
091 034 0.9040 0.3170 0.8637 0.8637
010 048 0.6831 0.3170 0.8637 0.9040
048 010 0.6831 0.6831 0.3170 0.3170
117 052 0.6831 0.8637 0.8637 0.6831
052 117 0.9040 0.6831 0.9040 0.6831
085 068 0.3170 0.6831 0.9040 0.8637
068 085 0.8637 0.6831 0.8637 0.6831
001 084 0.3170 0.9040 0.3170 0.9040
084 001 0.3170 0.3170 0.6831 0.6831
093 056 0.8637 0.8637 0.3170 0.6831
056 093 0.8637 0.8637 0.9040 0.9040
080 024 0.3170 0.6831 0.3170 0.6831
024 080 0.8637 0.6831 0.9040 0.9040
020 030 0.6831 0.6831 0.9040 0.6831
030 020 0.9040 0.6831 0.8637 0.8637
039 133 0.8637 0.8637 0.3170 0.3170
133 039 0.8637 0.8637 0.3170 0.9040
057 101 0.9040 0.6831 0.6831 0.6831
101 057 0.8637 0.6831 0.9040 0.8637
132 075 0.8637 0.9040 0.3170 0.9040
075 132 0.8637 0.6831 0.6831 0.3170
005 041 0.3170 0.3170 0.6831 0.9040
041 005 0.6831 0.9040 0.6831 0.9040
033 050 0.3170 0.6831 0.3170 0.3170
050 033 0.6831 0.6831 0.9040 0.3170
130 089 0.8637 0.3170 0.6831 0.8637
089 130 0.8637 0.9040 0.8637 0.3170
065 097 0.3170 0.8637 0.3170 0.6831
097 065 0.6831 0.6831 0.6831 0.3170
067 015 0.8637 0.9040 0.3170 0.8637
015 067 0.3170 0.3170 0.9040 0.9040
035 051 0.8637 0.3170 0.9040 0.8637
051 035 0.6831 0.8637 0.3170 0.9040
032 072 0.9040 0.6831 0.9040 0.3170
072 032 0.8637 0.3170 0.6831 0.3170
060 118 0.3170 0.9040 0.9040 0.8637
118 060 0.6831 0.6831 0.6831 0.6831
049 064 0.8637 0.8637 0.6831 0.9040
064 049 0.3170 0.9040 0.8637 0.8637
037 125 0.8637 0.8637 0.8637 0.6831
125 037 0.3170 0.9040 0.6831 0.8637
081 103 0.9040 0.9040 0.9040 0.6831
103 081 0.8637 0.9040 0.6831 0.6831
092 013 0.9040 0.3170 0.9040 0.3170
013 092 0.9040 0.8637 0.6831 0.8637
126 053 0.3170 0.3170 0.8637 0.8637
053 126 0.8637 0.6831 0.3170 0.8637
009 038 0.9040 0.6831 0.3170 0.8637
038 009 0.8637 0.9040 0.8637 0.8637
076 021 0.8637 0.8637 0.3170 0.3170
021 076 0.9040 0.6831 0.3170 0.3170
105 104 0.6831 0.8637 0.3170 0.8637
104 105 0.9040 0.3170 0.3170 0.8637
094 079 0.9040 0.9040 0.6831 0.6831
079 094 0.3170 0.8637 0.9040 0.8637
054 011 0.3170 0.9040 0.8637 0.8637
011 054 0.6831 0.9040 0.8637 0.6831
040 071 0.8637 0.6831 0.8637 0.6831
071 040 0.6831 0.8637 0.9040 0.8637
078 012 0.6831 0.3170 0.9040 0.8637
012 078 0.9040 0.9040 0.9040 0.9040
109 113 0.6831 0.6831 0.3170 0.3170
113 109 0.9040 0.6831 0.6831 0.3170
045 122 0.3170 0.6831 0.6831 0.6831
122 045 0.3170 0.8637 0.6831 0.9040
047 086 0.8637 0.8637 0.9040 0.8637
086 047 0.8637 0.3170 0.9040 0.6831
102 022 0.3170 0.3170 0.8637 0.9040
022 102 0.6831 0.9040 0.9040 0.3170
002 046 0.6831 0.6831 0.3170 0.9040
046 002 0.8637 0.8637 0.3170 0.6831
058 129 0.9040 0.6831 0.3170 0.6831
129 058 0.6831 0.3170 0.3170 0.6831
134 062 0.3170 0.6831 0.8637 0.9040
062 134 0.6831 0.6831 0.9040 0.8637
025 018 0.8637 0.9040 0.8637 0.8637
018 025 0.9040 0.6831 0.9040 0.6831
028 069 0.9040 0.9040 0.6831 0.8637
069 028 0.8637 0.8637 0.9040 0.8637
074 100 0.6831 0.6831 0.6831 0.3170
100 074 0.9040 0.8637 0.8637 0.3170
066 110 0.6831 0.8637 0.9040 0.9040
110 066 0.3170 0.9040 0.8637 0.9040
096 003 0.8637 0.3170 0.6831 0.8637
003 096 0.3170 0.3170 0.6831 0.6831
119 006 0.8637 0.3170 0.8637 0.9040
006 119 0.3170 0.8637 0.9040 0.3170
112 031 0.8637 0.8637 0.6831 0.9040
031 112 0.6831 0.3170 0.3170 0.6831
121 029 0.8637 0.3170 0.8637 0.3170
029 121 0.9040 0.9040 0.6831 0.9040
042 108 0.3170 0.3170 0.8637 0.3170
108 042 0.6831 0.9040 0.9040 0.3170
083 077 0.3170 0.3170 0.3170 0.8637
077 083 0.8637 0.6831 0.9040 0.9040
036 114 0.3170 0.3170 0.9040 0.9040
114 036 0.6831 0.9040 0.8637 0.9040
