135 004556 1
037 022 0.2191 0.2191 0.6931 0.2679
022 037 0.6931 0.6931 0.6931 0.6931
005 037 0.2191 0.6931 0.6931 0.6931
102 115 0.6931 0.2256 0.6931 0.2191
115 102 0.2191 0.2191 0.2679 0.2191
011 132 0.2256 0.2191 0.6931 0.6931
132 011 0.6931 0.2679 0.2679 0.2679
040 118 0.2679 0.2256 0.2679 0.6931
118 040 0.2679 0.2679 0.6931 0.2191
081 041 0.6931 0.2191 0.2679 0.2679
041 081 0.2191 0.6931 0.2191 0.2256
045 052 0.2191 0.2256 0.6931 0.2256
052 045 0.2679 0.2679 0.6931 0.2679
023 008 0.2256 0.2256 0.2191 0.6931
008 023 0.6931 0.2256 0.2256 0.2256
038 017 0.2679 0.2256 0.2679 0.2679
017 038 0.2256 0.2679 0.6931 0.2679
114 046 0.2679 0.2191 0.2256 0.6931
046 114 0.6931 0.2679 0.2191 0.2256
036 020 0.2191 0.2191 0.2256 0.2256
020 036 0.2679 0.2191 0.2256 0.6931
133 032 0.6931 0.2256 0.2679 0.6931
032 133 0.2191 0.6931 0.2679 0.2256
000 072 0.6931 0.2256 0.2191 0.2256
072 000 0.2191 0.2256 0.2191 0.2191
073 050 0.2191 0.2191 0.6931 0.2256
050 073 0.2191 0.2191 0.2679 0.6931
047 049 0.2191 0.6931 0.2191 0.2256
049 047 0.2679 0.2679 0.2256 0.2679
018 082 0.6931 0.2679 0.2191 0.2679
082 018 0.2191 0.2679 0.2191 0.2679
043 065 0.6931 0.2679 0.2191 0.2191
065 043 0.2256 0.6931 0.6931 0.2256
061 057 0.2191 0.6931 0.2191 0.2256
057 061 0.2256 0.2679 0.6931 0.2679
120 006 0.2191 0.6931 0.2191 0.2679
006 120 0.2679 0.2191 0.2256 0.2256
053 029 0.2191 0.2256 0.6931 0.2256
029 053 0.2679 0.2191 0.2256 0.2191
016 131 0.2191 0.6931 0.2256 0.2679
131 016 0.2191 0.2679 0.6931 0.2679
026 048 0.2191 0.2191 0.2256 0.2191
048 026 0.2191 0.6931 0.2191 0.2679
090 089 0.6931 0.2256 0.2191 0.6931
089 090 0.2679 0.2256 0.6931 0.2256
091 128 0.6931 0.6931 0.2256 0.2256
128 091 0.2191 0.2191 0.2256 0.2256
051 109 0.2256 0.2679 0.2679 0.6931
109 051 0.2679 0.2191 0.6931 0.2679
002 001 0.2679 0.2679 0.2679 0.2679
001 002 0.2679 0.2256 0.2191 0.2679
062 042 0.6931 0.2191 0.2191 0.6931
042 062 0.6931 0.6931 0.2191 0.2679
070 055 0.2191 0.2679 0.6931 0.2256
055 070 0.2256 0.2191 0.2256 0.2256
030 027 0.2191 0.2679 0.2679 0.6931
027 030 0.2191 0.2191 0.6931 0.6931
096 117 0.2191 0.2256 0.6931 0.2191
117 096 0.2191 0.2256 0.6931 0.2679
007 103 0.2679 0.2256 0.2256 0.2679
103 007 0.2191 0.2256 0.6931 0.2191
012 058 0.6931 0.6931 0.2191 0.2256
058 012 0.2191 0.2256 0.2191 0.2256
014 095 0.6931 0.2256 0.6931 0.2256
095 014 0.2191 0.2191 0.6931 0.2191
104 122 0.2679 0.6931 0.2191 0.2256
122 104 0.2679 0.2256 0.2191 0.6931
093 085 0.6931 0.2679 0.6931 0.2679
085 093 0.2191 0.2679 0.2191 0.2679
064 101 0.2256 0.6931 0.2191 0.6931
101 064 0.2679 0.2679 0.2191 0.6931
044 066 0.2256 0.2191 0.2191 0.6931
066 044 0.2679 0.2679 0.2256 0.2191
039 031 0.2679 0.2679 0.2191 0.2679
031 039 0.2191 0.2191 0.2256 0.2679
075 034 0.2191 0.2256 0.2256 0.2191
034 075 0.2191 0.6931 0.2679 0.2256
100 111 0.2256 0.2191 0.2191 0.6931
111 100 0.2191 0.6931 0.2679 0.2256
130 059 0.2256 0.2256 0.6931 0.6931
059 130 0.6931 0.2256 0.2679 0.6931
076 077 0.6931 0.2256 0.2256 0.6931
077 076 0.2191 0.2679 0.2679 0.2679
088 083 0.2191 0.2679 0.6931 0.2256
083 088 0.2679 0.2256 0.2191 0.6931
033 025 0.2679 0.2256 0.2191 0.2256
025 033 0.2191 0.6931 0.6931 0.2679
069 092 0.6931 0.2256 0.2679 0.2191
092 069 0.2191 0.2191 0.2679 0.2256
099 119 0.6931 0.2256 0.6931 0.2256
119 099 0.2256 0.2679 0.2191 0.2679
125 127 0.2679 0.2679 0.2679 0.2191
127 125 0.6931 0.2256 0.2191 0.2679
107 021 0.2256 0.6931 0.6931 0.2256
021 107 0.2256 0.2256 0.2256 0.2256
054 068 0.6931 0.2191 0.2191 0.6931
068 054 0.6931 0.2191 0.2191 0.2191
060 106 0.2191 0.2679 0.2191 0.2256
106 060 0.2191 0.2191 0.2191 0.2256
121 108 0.2191 0.2256 0.2679 0.6931
108 121 0.6931 0.2256 0.2679 0.2679
084 126 0.2256 0.6931 0.2191 0.2191
126 084 0.2256 0.2679 0.2256 0.2191
009 087 0.6931 0.2679 0.6931 0.2679
087 009 0.2679 0.2679 0.2679 0.2256
013 010 0.2256 0.2256 0.2191 0.2679
010 013 0.2256 0.2191 0.6931 0.2679
024 003 0.2256 0.2679 0.2191 0.2679
003 024 0.6931 0.2256 0.2191 0.6931
015 123 0.2191 0.6931 0.2191 0.2191
123 015 0.2679 0.2256 0.6931 0.2679
094 098 0.2191 0.2191 0.2679 0.2191
098 094 0.2679 0.6931 0.2679 0.2679
079 028 0.6931 0.2256 0.2679 0.6931
028 079 0.2191 0.2256 0.2191 0.2191
134 086 0.6931 0.2256 0.2256 0.2191
086 134 0.6931 0.2191 0.2679 0.6931
067 097 0.6931 0.2191 0.2679 0.2191
097 067 0.2191 0.2191 0.2679 0.6931
071 105 0.6931 0.2256 0.6931 0.6931
105 071 0.2256 0.2191 0.6931 0.2191
035 078 0.2256 0.2191 0.2191 0.2191
078 035 0.2256 0.2679 0.2191 0.2191
113 112 0.2191 0.2191 0.6931 0.6931
112 113 0.2191 0.2191 0.6931 0.2679
110 116 0.2191 0.6931 0.2256 0.2679
116 110 0.2679 0.2191 0.2191 0.6931
056 019 0.2191 0.2191 0.2679 0.2679
019 056 0.2256 0.2679 0.2679 0.6931
124 004 0.2191 0.2191 0.2679 0.6931
004 124 0.2191 0.2256 0.2256 0.2679
063 074 0.6931 0.2191 0.2191 0.2679
074 063 0.2256 0.2679 0.2679 0.2256
080 129 0.2191 0.6931 0.6931 0.2191
129 080 0.6931 0.2256 0.6931 0.2191
