135 004556 1
052 093 0.3002 0.2829 0.2829 0.1933
093 052 0.1933 0.3002 0.2310 0.1933
109 052 0.3002 0.3002 0.1933 0.2310
117 102 0.3002 0.3002 0.2829 0.3002
102 117 0.2310 0.2829 0.2310 0.2829
131 011 0.2829 0.2829 0.2829 0.2310
011 131 0.2310 0.3002 0.2829 0.3002
029 013 0.1933 0.3002 0.1933 0.1933
013 029 0.3002 0.2829 0.2310 0.2310
025 024 0.2310 0.2310 0.2310 0.2310
024 025 0.2310 0.2310 0.2310 0.2829
012 004 0.2829 0.1933 0.2310 0.1933
004 012 0.2310 0.1933 0.2829 0.1933
042 130 0.3002 0.2829 0.2310 0.2829
130 042 0.2310 0.2310 0.2310 0.2829
062 098 0.3002 0.1933 0.3002 0.1933
098 062 0.2310 0.1933 0.2310 0.2829
090 091 0.1933 0.2310 0.2310 0.2829
091 090 0.2829 0.3002 0.1933 0.3002
007 124 0.2829 0.2310 0.1933 0.2310
124 007 0.2310 0.2310 0.2829 0.1933
077 105 0.2310 0.2310 0.2310 0.2829
105 077 0.2310 0.1933 0.2310 0.1933
018 084 0.3002 0.2829 0.2829 0.2829
084 018 0.2829 0.2829 0.3002 0.1933
032 081 0.2310 0.3002 0.1933 0.1933
081 032 0.1933 0.1933 0.3002 0.1933
056 016 0.1933 0.1933 0.2829 0.3002
016 056 0.2829 0.3002 0.2310 0.3002
023 100 0.1933 0.2310 0.2829 0.1933
100 023 0.3002 0.1933 0.2310 0.2829
113 059 0.1933 0.3002 0.3002 0.2829
059 113 0.2310 0.2310 0.2829 0.2310
053 037 0.2829 0.3002 0.3002 0.3002
037 053 0.2310 0.3002 0.2829 0.2310
088 046 0.3002 0.1933 0.2310 0.3002
046 088 0.1933 0.2829 0.2829 0.2829
121 071 0.3002 0.2310 0.1933 0.2829
071 121 0.1933 0.3002 0.2829 0.1933
125 089 0.1933 0.1933 0.1933 0.2829
089 125 0.2310 0.1933 0.1933 0.2829
064 000 0.3002 0.1933 0.2829 0.1933
000 064 0.2310 0.1933 0.1933 0.2310
039 099 0.2829 0.2829 0.2829 0.2310
099 039 0.1933 0.3002 0.2829 0.3002
067 120 0.2829 0.3002 0.2310 0.1933
120 067 0.2829 0.2829 0.2310 0.2829
047 075 0.1933 0.2310 0.1933 0.2829
075 047 0.2829 0.1933 0.2310 0.3002
010 101 0.2829 0.2829 0.2310 0.2829
101 010 0.2310 0.2310 0.2829 0.2829
036 129 0.3002 0.2829 0.2310 0.1933
129 036 0.3002 0.3002 0.2829 0.1933
038 127 0.2310 0.2310 0.2829 0.3002
127 038 0.1933 0.2310 0.1933 0.3002
104 031 0.1933 0.1933 0.2310 0.1933
031 104 0.3002 0.1933 0.2829 0.2829
119 020 0.1933 0.2310 0.3002 0.3002
020 119 0.2310 0.2310 0.1933 0.2829
015 112 0.3002 0.2310 0.2829 0.2310
112 015 0.1933 0.2310 0.2310 0.2829
107 005 0.3002 0.1933 0.3002 0.3002
005 107 0.2310 0.3002 0.2829 0.2829
003 086 0.3002 0.2310 0.2310 0.2310
086 003 0.1933 0.3002 0.1933 0.2310
068 033 0.1933 0.2310 0.2310 0.2829
033 068 0.1933 0.2829 0.1933 0.2829
072 009 0.3002 0.1933 0.2829 0.2829
009 072 0.2829 0.2829 0.2310 0.2310
019 006 0.3002 0.2829 0.1933 0.3002
006 019 0.2310 0.2829 0.1933 0.1933
080 057 0.2310 0.2310 0.2310 0.3002
057 080 0.1933 0.3002 0.3002 0.2829
118 083 0.2829 0.2310 0.1933 0.3002
083 118 0.3002 0.3002 0.1933 0.1933
035 074 0.2829 0.2310 0.2829 0.2310
074 035 0.3002 0.2829 0.2829 0.1933
017 021 0.1933 0.1933 0.2310 0.3002
021 017 0.2310 0.3002 0.2310 0.2310
073 103 0.2310 0.2829 0.2829 0.2310
103 073 0.1933 0.2829 0.1933 0.2310
106 115 0.2310 0.2829 0.1933 0.2829
115 106 0.1933 0.2829 0.2310 0.3002
066 014 0.3002 0.3002 0.2829 0.2829
014 066 0.2829 0.3002 0.3002 0.2310
040 079 0.2310 0.3002 0.2310 0.1933
079 040 0.3002 0.2829 0.3002 0.2829
097 132 0.2310 0.2829 0.1933 0.2310
132 097 0.3002 0.3002 0.2829 0.2310
076 055 0.2310 0.3002 0.1933 0.2829
055 076 0.2310 0.1933 0.1933 0.2829
094 061 0.1933 0.2310 0.3002 0.2829
061 094 0.2310 0.3002 0.3002 0.2829
008 034 0.2310 0.2829 0.3002 0.2829
034 008 0.2310 0.2310 0.2310 0.3002
065 122 0.1933 0.3002 0.2829 0.2310
122 065 0.2310 0.1933 0.2310 0.2310
085 043 0.2829 0.2829 0.1933 0.2829
043 085 0.3002 0.1933 0.1933 0.2829
050 030 0.2310 0.3002 0.2310 0.3002
030 050 0.1933 0.2829 0.2829 0.2310
027 058 0.2829 0.3002 0.2829 0.1933
058 027 0.2829 0.2829 0.2829 0.2310
128 123 0.2310 0.3002 0.3002 0.2829
123 128 0.1933 0.1933 0.3002 0.2310
082 028 0.2310 0.2829 0.2310 0.2829
028 082 0.2310 0.3002 0.2310 0.2310
001 063 0.2829 0.1933 0.3002 0.2310
063 001 0.2310 0.2310 0.1933 0.2310
054 022 0.2310 0.2829 0.1933 0.3002
022 054 0.3002 0.3002 0.3002 0.2310
069 110 0.2310 0.2829 0.2829 0.3002
110 069 0.3002 0.3002 0.2829 0.1933
114 078 0.2829 0.1933 0.3002 0.3002
078 114 0.3002 0.2829 0.3002 0.2829
111 026 0.2829 0.2310 0.2310 0.2829
026 111 0.2310 0.3002 0.1933 0.3002
133 051 0.2829 0.2829 0.2829 0.3002
051 133 0.2310 0.2310 0.2310 0.1933
096 045 0.3002 0.2829 0.2310 0.2829
045 096 0.2829 0.3002 0.1933 0.2829
126 048 0.2829 0.2310 0.3002 0.2310
048 126 0.2829 0.2310 0.1933 0.2310
049 044 0.2310 0.3002 0.1933 0.3002
044 049 0.2829 0.3002 0.3002 0.3002
002 060 0.2829 0.1933 0.2310 0.1933
060 002 0.2310 0.3002 0.1933 0.3002
108 134 0.1933 0.3002 0.3002 0.2310
134 108 0.2310 0.2829 0.3002 0.2310
070 041 0.1933 0.2310 0.2310 0.3002
041 070 0.2829 0.3002 0.1933 0.3002
087 092 0.2310 0.1933 0.2829 0.3002
092 087 0.1933 0.2310 0.2310 0.1933
095 116 0.1933 0.3002 0.2829 0.1933
116 095 0.1933 0.2310 0.3002 0.2829
