135 004556 1
010 106 0.8173 0.8173 0.8173 0.8173
106 010 0.2951 0.4321 0.4321 0.8173
107 106 0.9225 0.9225 0.2951 0.2951
131 035 0.4321 0.9225 0.9225 0.2951
035 131 0.9225 0.8173 0.2951 0.4321
003 036 0.4321 0.8173 0.4321 0.9225
036 003 0.2951 0.2951 0.2951 0.9225
108 083 0.4321 0.9225 0.8173 0.2951
083 108 0.9225 0.4321 0.4321 0.2951
121 122 0.2951 0.8173 0.9225 0.8173
122 121 0.8173 0.9225 0.2951 0.8173
037 079 0.4321 0.9225 0.2951 0.4321
079 037 0.8173 0.2951 0.9225 0.8173
078 113 0.9225 0.2951 0.8173 0.9225
113 078 0.4321 0.8173 0.9225 0.2951
081 007 0.9225 0.4321 0.2951 0.4321
007 081 0.4321 0.2951 0.2951 0.8173
027 004 0.9225 0.9225 0.9225 0.2951
004 027 0.2951 0.8173 0.8173 0.2951
096 073 0.8173 0.2951 0.4321 0.8173
073 096 0.9225 0.9225 0.8173 0.9225
114 044 0.4321 0.8173 0.9225 0.8173
044 114 0.4321 0.9225 0.8173 0.4321
011 127 0.2951 0.8173 0.2951 0.4321
127 011 0.9225 0.2951 0.8173 0.4321
059 063 0.2951 0.2951 0.9225 0.8173
063 059 0.9225 0.9225 0.4321 0.8173
099 029 0.9225 0.4321 0.4321 0.8173
029 099 0.8173 0.2951 0.4321 0.2951
105 069 0.4321 0.9225 0.8173 0.9225
069 105 0.4321 0.9225 0.2951 0.9225
095 133 0.2951 0.2951 0.2951 0.2951
133 095 0.2951 0.9225 0.4321 0.8173
089 101 0.4321 0.4321 0.4321 0.2951
101 089 0.8173 0.8173 0.9225 0.2951
055 020 0.2951 0.8173 0.2951 0.4321
020 055 0.9225 0.8173 0.2951 0.2951
093 026 0.2951 0.9225 0.9225 0.8173
026 093 0.8173 0.4321 0.4321 0.9225
058 049 0.2951 0.2951 0.9225 0.2951
049 058 0.4321 0.2951 0.2951 0.4321
120 132 0.2951 0.9225 0.8173 0.2951
132 120 0.4321 0.2951 0.2951 0.9225
098 047 0.8173 0.2951 0.2951 0.8173
047 098 0.2951 0.2951 0.9225 0.8173
072 009 0.4321 0.4321 0.4321 0.2951
009 072 0.4321 0.9225 0.4321 0.4321
075 048 0.8173 0.9225 0.8173 0.4321
048 075 0.9225 0.4321 0.8173 0.2951
109 043 0.4321 0.2951 0.4321 0.8173
043 109 0.4321 0.2951 0.2951 0.8173
064 129 0.9225 0.2951 0.4321 0.4321
129 064 0.9225 0.9225 0.2951 0.8173
123 117 0.4321 0.8173 0.9225 0.8173
117 123 0.8173 0.2951 0.8173 0.4321
125 028 0.9225 0.4321 0.8173 0.8173
028 125 0.2951 0.4321 0.9225 0.9225
085 116 0.2951 0.4321 0.2951 0.9225
116 085 0.8173 0.9225 0.8173 0.9225
103 067 0.4321 0.8173 0.4321 0.2951
067 103 0.9225 0.2951 0.2951 0.9225
087 041 0.9225 0.4321 0.8173 0.9225
041 087 0.9225 0.9225 0.2951 0.4321
076 110 0.9225 0.4321 0.8173 0.9225
110 076 0.4321 0.9225 0.2951 0.9225
000 040 0.4321 0.8173 0.2951 0.8173
040 000 0.2951 0.8173 0.2951 0.2951
100 070 0.9225 0.2951 0.4321 0.9225
070 100 0.2951 0.2951 0.9225 0.9225
030 062 0.9225 0.9225 0.8173 0.9225
062 030 0.2951 0.9225 0.8173 0.8173
052 038 0.8173 0.8173 0.9225 0.8173
038 052 0.9225 0.4321 0.4321 0.2951
045 092 0.2951 0.8173 0.8173 0.2951
092 045 0.2951 0.4321 0.8173 0.4321
104 111 0.8173 0.9225 0.9225 0.9225
111 104 0.9225 0.9225 0.8173 0.2951
061 021 0.2951 0.8173 0.4321 0.9225
021 061 0.9225 0.2951 0.9225 0.8173
008 084 0.4321 0.4321 0.4321 0.4321
084 008 0.2951 0.2951 0.2951 0.2951
128 097 0.2951 0.4321 0.9225 0.9225
097 128 0.9225 0.9225 0.4321 0.9225
013 124 0.9225 0.9225 0.2951 0.4321
124 013 0.4321 0.4321 0.4321 0.2951
090 024 0.9225 0.4321 0.9225 0.2951
024 090 0.2951 0.2951 0.2951 0.4321
012 034 0.8173 0.9225 0.2951 0.2951
034 012 0.9225 0.4321 0.4321 0.9225
074 050 0.8173 0.4321 0.9225 0.4321
050 074 0.9225 0.9225 0.9225 0.4321
019 032 0.2951 0.2951 0.4321 0.9225
032 019 0.8173 0.2951 0.9225 0.8173
025 134 0.9225 0.4321 0.4321 0.8173
134 025 0.4321 0.9225 0.9225 0.2951
119 088 0.9225 0.2951 0.8173 0.8173
088 119 0.2951 0.8173 0.2951 0.9225
022 118 0.4321 0.8173 0.9225 0.2951
118 022 0.2951 0.4321 0.9225 0.8173
068 071 0.4321 0.2951 0.2951 0.8173
071 068 0.4321 0.9225 0.9225 0.9225
016 023 0.4321 0.8173 0.9225 0.9225
023 016 0.4321 0.2951 0.2951 0.4321
014 039 0.8173 0.9225 0.4321 0.9225
039 014 0.4321 0.9225 0.9225 0.2951
077 091 0.2951 0.8173 0.2951 0.4321
091 077 0.9225 0.9225 0.4321 0.4321
033 115 0.2951 0.8173 0.8173 0.8173
115 033 0.8173 0.4321 0.8173 0.4321
112 130 0.9225 0.2951 0.8173 0.2951
130 112 0.2951 0.4321 0.2951 0.8173
001 018 0.8173 0.4321 0.4321 0.2951
018 001 0.9225 0.2951 0.9225 0.4321
053 054 0.4321 0.9225 0.2951 0.9225
054 053 0.8173 0.2951 0.8173 0.9225
102 086 0.2951 0.4321 0.4321 0.9225
086 102 0.9225 0.9225 0.9225 0.8173
057 080 0.4321 0.8173 0.9225 0.8173
080 057 0.4321 0.4321 0.2951 0.4321
031 126 0.2951 0.8173 0.8173 0.8173
126 031 0.2951 0.4321 0.8173 0.4321
065 082 0.2951 0.4321 0.9225 0.9225
082 065 0.8173 0.8173 0.8173 0.8173
005 046 0.8173 0.9225 0.2951 0.9225
046 005 0.4321 0.4321 0.8173 0.8173
017 056 0.4321 0.2951 0.9225 0.9225
056 017 0.8173 0.9225 0.4321 0.9225
002 042 0.4321 0.4321 0.9225 0.2951
042 002 0.2951 0.8173 0.9225 0.2951
094 051 0.2951 0.4321 0.4321 0.9225
051 094 0.4321 0.9225 0.2951 0.2951
066 060 0.9225 0.2951 0.4321 0.8173
060 066 0.2951 0.2951 0.8173 0.9225
006 015 0.8173 0.9225 0.9225 0.8173
015 006 0.8173 0.2951 0.4321 0.4321
