135 004556 1
048 007 0.5851 0.2416 0.3907 0.3428
108 007 0.5851 0.3907 0.5851 0.2416
007 108 0.3428 0.3907 0.2416 0.5851
086 098 0.3907 0.5851 0.3428 0.2416
098 086 0.5851 0.5851 0.3428 0.5851
029 076 0.3428 0.3907 0.3428 0.5851
076 029 0.5851 0.2416 0.5851 0.5851
107 042 0.3428 0.5851 0.2416 0.3907
042 107 0.2416 0.5851 0.2416 0.5851
049 112 0.2416 0.3428 0.3907 0.2416
112 049 0.3907 0.3428 0.3907 0.3907
126 040 0.3428 0.3428 0.5851 0.3428
040 126 0.2416 0.2416 0.2416 0.2416
111 128 0.2416 0.3428 0.5851 0.3907
128 111 0.3907 0.3428 0.2416 0.2416
080 070 0.2416 0.3428 0.2416 0.3907
070 080 0.5851 0.2416 0.3907 0.2416
100 039 0.2416 0.5851 0.3428 0.2416
039 100 0.2416 0.3428 0.2416 0.2416
064 087 0.3428 0.2416 0.3428 0.3907
087 064 0.3907 0.2416 0.3428 0.3907
026 133 0.3428 0.5851 0.2416 0.3907
133 026 0.2416 0.3907 0.3428 0.5851
016 052 0.2416 0.5851 0.3428 0.3428
052 016 0.3907 0.3907 0.5851 0.5851
037 097 0.3907 0.3428 0.5851 0.2416
097 037 0.5851 0.2416 0.5851 0.5851
015 114 0.2416 0.5851 0.2416 0.2416
114 015 0.5851 0.5851 0.2416 0.5851
004 088 0.3907 0.5851 0.3907 0.3907
088 004 0.5851 0.2416 0.3428 0.3907
127 113 0.3907 0.3428 0.3428 0.3428
113 127 0.2416 0.2416 0.3907 0.3428
001 036 0.5851 0.2416 0.5851 0.5851
036 001 0.3907 0.3907 0.3907 0.3907
061 038 0.3428 0.5851 0.2416 0.3428
038 061 0.5851 0.5851 0.2416 0.5851
120 069 0.2416 0.5851 0.3428 0.3428
069 120 0.5851 0.2416 0.3428 0.5851
106 011 0.5851 0.5851 0.3907 0.2416
011 106 0.3907 0.3428 0.3428 0.3907
057 032 0.2416 0.5851 0.3907 0.2416
032 057 0.3428 0.5851 0.2416 0.3907
054 066 0.2416 0.3907 0.2416 0.3907
066 054 0.5851 0.2416 0.2416 0.5851
093 013 0.5851 0.2416 0.3428 0.2416
013 093 0.2416 0.5851 0.2416 0.2416
122 068 0.3428 0.3907 0.3428 0.3907
068 122 0.2416 0.3907 0.2416 0.3428
005 101 0.2416 0.2416 0.3428 0.5851
101 005 0.2416 0.5851 0.3428 0.5851
085 109 0.3428 0.5851 0.3907 0.5851
109 085 0.3907 0.3428 0.2416 0.3428
116 058 0.5851 0.3907 0.2416 0.3428
058 116 0.2416 0.3907 0.2416 0.3907
115 072 0.5851 0.2416 0.3907 0.3907
072 115 0.3428 0.2416 0.2416 0.3428
034 092 0.5851 0.3428 0.3428 0.2416
092 034 0.5851 0.3907 0.5851 0.5851
003 083 0.3907 0.3428 0.5851 0.2416
083 003 0.3428 0.3428 0.3428 0.5851
103 043 0.3428 0.5851 0.5851 0.2416
043 103 0.5851 0.2416 0.3428 0.3907
018 020 0.3907 0.3428 0.3907 0.5851
020 018 0.3907 0.3907 0.5851 0.5851
024 046 0.2416 0.2416 0.5851 0.3428
046 024 0.3907 0.3428 0.3428 0.3428
008 000 0.5851 0.2416 0.3428 0.3428
000 008 0.5851 0.5851 0.3428 0.3428
102 022 0.3428 0.3428 0.2416 0.3907
022 102 0.5851 0.2416 0.5851 0.3907
060 074 0.2416 0.3428 0.3907 0.3428
074 060 0.2416 0.2416 0.3907 0.3428
053 117 0.2416 0.5851 0.3428 0.2416
117 053 0.2416 0.2416 0.3428 0.2416
019 021 0.5851 0.3907 0.5851 0.5851
021 019 0.3907 0.5851 0.5851 0.3907
081 012 0.2416 0.3907 0.3907 0.3907
012 081 0.3907 0.2416 0.5851 0.3907
002 091 0.3428 0.3907 0.2416 0.2416
091 002 0.3907 0.5851 0.3907 0.2416
132 096 0.5851 0.3907 0.2416 0.3428
096 132 0.2416 0.3907 0.3428 0.2416
009 014 0.3428 0.5851 0.3907 0.3907
014 009 0.3907 0.3907 0.2416 0.2416
051 134 0.3428 0.3428 0.2416 0.5851
134 051 0.2416 0.5851 0.2416 0.3907
131 045 0.5851 0.2416 0.5851 0.5851
045 131 0.5851 0.3428 0.2416 0.2416
055 027 0.2416 0.5851 0.5851 0.3907
027 055 0.2416 0.3428 0.3428 0.5851
010 023 0.3428 0.5851 0.3907 0.2416
023 010 0.2416 0.5851 0.5851 0.5851
095 025 0.3428 0.3907 0.5851 0.3428
025 095 0.3907 0.5851 0.3428 0.2416
047 078 0.2416 0.5851 0.3907 0.3907
078 047 0.3907 0.3428 0.5851 0.3907
075 099 0.3907 0.3907 0.3907 0.3907
099 075 0.3907 0.5851 0.3428 0.3907
125 105 0.3907 0.5851 0.2416 0.2416
105 125 0.3907 0.2416 0.3428 0.5851
079 073 0.3907 0.3907 0.3907 0.3428
073 079 0.3428 0.3907 0.3428 0.3428
129 094 0.2416 0.3428 0.3907 0.5851
094 129 0.5851 0.3907 0.3907 0.2416
104 067 0.3907 0.2416 0.3907 0.5851
067 104 0.5851 0.3428 0.5851 0.3907
130 063 0.3428 0.2416 0.3428 0.2416
063 130 0.5851 0.3907 0.5851 0.5851
017 035 0.3428 0.5851 0.3907 0.2416
035 017 0.5851 0.2416 0.3428 0.2416
123 121 0.2416 0.3907 0.5851 0.3907
121 123 0.3907 0.3907 0.3907 0.2416
033 077 0.5851 0.3907 0.2416 0.5851
077 033 0.3907 0.3907 0.3428 0.2416
059 062 0.3428 0.2416 0.3428 0.3907
062 059 0.3428 0.2416 0.3428 0.2416
065 118 0.2416 0.5851 0.3428 0.5851
118 065 0.5851 0.2416 0.3907 0.3428
071 056 0.2416 0.3907 0.3428 0.2416
056 071 0.3907 0.3907 0.5851 0.3907
084 110 0.2416 0.3907 0.2416 0.3428
110 084 0.2416 0.3907 0.5851 0.3428
082 124 0.3907 0.3428 0.3428 0.3428
124 082 0.3428 0.5851 0.5851 0.2416
041 028 0.3907 0.5851 0.2416 0.2416
028 041 0.5851 0.3907 0.2416 0.3907
044 031 0.3428 0.2416 0.3907 0.3428
031 044 0.2416 0.3907 0.5851 0.2416
090 119 0.3428 0.2416 0.3428 0.3428
119 090 0.3428 0.3428 0.3428 0.2416
030 089 0.3428 0.2416 0.3907 0.3428
089 030 0.5851 0.5851 0.2416 0.3428
050 006 0.3907 0.3907 0.5851 0.5851
006 050 0.2416 0.3907 0.5851 0.3428
