135 004556 1
076 059 0.6148 0.6148 0.5016 0.6148
059 076 0.9870 0.5016 0.5016 0.9870
108 059 0.3639 0.6148 0.5016 0.6148
097 063 0.6148 0.5016 0.9870 0.3639
063 097 0.5016 0.3639 0.6148 0.9870
017 133 0.6148 0.3639 0.6148 0.6148
133 017 0.6148 0.3639 0.5016 0.3639
015 092 0.5016 0.9870 0.3639 0.9870
092 015 0.5016 0.5016 0.6148 0.6148
131 116 0.3639 0.6148 0.6148 0.9870
116 131 0.9870 0.9870 0.3639 0.6148
054 074 0.5016 0.5016 0.3639 0.6148
074 054 0.6148 0.9870 0.5016 0.9870
100 083 0.5016 0.6148 0.3639 0.6148
083 100 0.3639 0.5016 0.3639 0.3639
040 020 0.9870 0.5016 0.5016 0.5016
020 040 0.5016 0.5016 0.5016 0.6148
119 121 0.9870 0.9870 0.3639 0.9870
121 119 0.3639 0.5016 0.3639 0.3639
093 006 0.9870 0.9870 0.3639 0.5016
006 093 0.5016 0.3639 0.9870 0.6148
011 078 0.6148 0.5016 0.3639 0.9870
078 011 0.3639 0.5016 0.6148 0.3639
082 048 0.3639 0.6148 0.9870 0.9870
048 082 0.6148 0.9870 0.5016 0.5016
061 117 0.5016 0.6148 0.3639 0.3639
117 061 0.9870 0.9870 0.9870 0.5016
041 120 0.6148 0.9870 0.9870 0.5016
120 041 0.5016 0.9870 0.3639 0.3639
087 053 0.9870 0.9870 0.3639 0.3639
053 087 0.6148 0.9870 0.9870 0.6148
033 094 0.6148 0.9870 0.5016 0.6148
094 033 0.3639 0.9870 0.3639 0.3639
111 036 0.3639 0.5016 0.6148 0.9870
036 111 0.6148 0.6148 0.6148 0.5016
028 095 0.5016 0.5016 0.9870 0.9870
095 028 0.9870 0.5016 0.9870 0.6148
124 088 0.6148 0.9870 0.6148 0.6148
088 124 0.5016 0.3639 0.6148 0.6148
106 057 0.3639 0.5016 0.9870 0.5016
057 106 0.6148 0.6148 0.6148 0.6148
085 062 0.5016 0.3639 0.5016 0.3639
062 085 0.5016 0.3639 0.3639 0.6148
112 043 0.5016 0.5016 0.3639 0.9870
043 112 0.5016 0.9870 0.6148 0.5016
014 089 0.3639 0.5016 0.5016 0.3639
089 014 0.3639 0.3639 0.6148 0.5016
051 132 0.6148 0.5016 0.3639 0.6148
132 051 0.6148 0.9870 0.3639 0.6148
002 021 0.3639 0.9870 0.6148 0.5016
021 002 0.3639 0.9870 0.3639 0.6148
001 096 0.5016 0.3639 0.5016 0.9870
096 001 0.3639 0.9870 0.5016 0.6148
005 026 0.9870 0.5016 0.3639 0.5016
026 005 0.5016 0.6148 0.9870 0.3639
003 030 0.5016 0.3639 0.5016 0.5016
030 003 0.6148 0.3639 0.5016 0.6148
016 134 0.6148 0.6148 0.5016 0.5016
134 016 0.6148 0.6148 0.5016 0.3639
029 069 0.3639 0.6148 0.6148 0.5016
069 029 0.3639 0.9870 0.5016 0.3639
013 067 0.5016 0.5016 0.9870 0.3639
067 013 0.6148 0.3639 0.6148 0.6148
022 104 0.3639 0.3639 0.6148 0.9870
104 022 0.6148 0.6148 0.5016 0.9870
046 099 0.6148 0.6148 0.6148 0.6148
099 046 0.5016 0.3639 0.3639 0.5016
035 065 0.3639 0.3639 0.9870 0.3639
065 035 0.5016 0.6148 0.5016 0.5016
102 032 0.5016 0.5016 0.5016 0.6148
032 102 0.5016 0.6148 0.5016 0.3639
071 114 0.6148 0.6148 0.3639 0.9870
114 071 0.6148 0.3639 0.9870 0.3639
077 012 0.6148 0.9870 0.5016 0.6148
012 077 0.6148 0.6148 0.5016 0.5016
081 010 0.9870 0.6148 0.6148 0.5016
010 081 0.5016 0.5016 0.9870 0.3639
019 044 0.5016 0.6148 0.9870 0.5016
044 019 0.3639 0.3639 0.9870 0.9870
123 118 0.9870 0.5016 0.3639 0.3639
118 123 0.6148 0.6148 0.5016 0.5016
128 107 0.3639 0.9870 0.5016 0.9870
107 128 0.5016 0.6148 0.3639 0.5016
000 037 0.9870 0.3639 0.5016 0.3639
037 000 0.6148 0.6148 0.3639 0.6148
024 130 0.6148 0.9870 0.3639 0.5016
130 024 0.9870 0.5016 0.6148 0.5016
122 058 0.3639 0.6148 0.9870 0.9870
058 122 0.6148 0.5016 0.9870 0.3639
086 064 0.6148 0.6148 0.9870 0.9870
064 086 0.6148 0.9870 0.9870 0.6148
027 113 0.6148 0.3639 0.9870 0.6148
113 027 0.5016 0.9870 0.9870 0.5016
072 050 0.9870 0.5016 0.6148 0.6148
050 072 0.9870 0.3639 0.6148 0.5016
098 105 0.5016 0.9870 0.9870 0.6148
105 098 0.6148 0.6148 0.9870 0.3639
115 080 0.3639 0.5016 0.5016 0.6148
080 115 0.5016 0.3639 0.9870 0.9870
127 038 0.5016 0.6148 0.3639 0.5016
038 127 0.5016 0.5016 0.3639 0.5016
009 007 0.6148 0.3639 0.3639 0.3639
007 009 0.6148 0.9870 0.3639 0.5016
023 110 0.9870 0.9870 0.6148 0.9870
110 023 0.6148 0.5016 0.3639 0.6148
045 125 0.9870 0.9870 0.3639 0.6148
125 045 0.5016 0.3639 0.3639 0.3639
008 126 0.9870 0.3639 0.9870 0.3639
126 008 0.5016 0.9870 0.9870 0.3639
039 052 0.3639 0.5016 0.6148 0.9870
052 039 0.5016 0.3639 0.3639 0.3639
056 073 0.3639 0.6148 0.9870 0.5016
073 056 0.5016 0.3639 0.3639 0.9870
109 018 0.9870 0.5016 0.5016 0.5016
018 109 0.6148 0.3639 0.5016 0.3639
066 055 0.6148 0.9870 0.3639 0.9870
055 066 0.5016 0.9870 0.3639 0.6148
060 091 0.5016 0.3639 0.6148 0.5016
091 060 0.5016 0.6148 0.6148 0.5016
075 090 0.5016 0.9870 0.6148 0.5016
090 075 0.9870 0.5016 0.5016 0.9870
004 079 0.5016 0.6148 0.3639 0.3639
079 004 0.3639 0.6148 0.9870 0.5016
025 049 0.5016 0.9870 0.9870 0.3639
049 025 0.9870 0.5016 0.6148 0.9870
031 103 0.6148 0.5016 0.6148 0.9870
103 031 0.6148 0.5016 0.5016 0.5016
101 084 0.9870 0.6148 0.5016 0.5016
084 101 0.9870 0.6148 0.6148 0.3639
047 042 0.9870 0.6148 0.6148 0.3639
042 047 0.6148 0.9870 0.5016 0.3639
070 129 0.6148 0.9870 0.5016 0.9870
129 070 0.9870 0.6148 0.3639 0.6148
034 068 0.5016 0.9870 0.5016 0.5016
068 034 0.3639 0.6148 0.9870 0.3639
