135 004556 1
028 031 0.7749 0.3061 0.3061 0.3061
062 031 0.7749 0.6496 0.3052 0.6496
031 028 0.6496 0.3061 0.3052 0.6496
074 027 0.6496 0.3052 0.3061 0.7749
027 074 0.3061 0.7749 0.6496 0.6496
004 101 0.3052 0.6496 0.7749 0.3061
101 004 0.6496 0.3052 0.3052 0.6496
038 003 0.6496 0.3052 0.6496 0.7749
003 038 0.3061 0.6496 0.3052 0.6496
093 056 0.3052 0.3061 0.3052 0.3052
056 093 0.7749 0.6496 0.7749 0.3061
073 000 0.3052 0.6496 0.7749 0.7749
000 073 0.7749 0.6496 0.3052 0.3052
071 079 0.6496 0.7749 0.3052 0.3061
079 071 0.3052 0.3052 0.7749 0.6496
066 080 0.6496 0.7749 0.6496 0.7749
080 066 0.6496 0.3061 0.6496 0.7749
100 111 0.3052 0.3052 0.3052 0.3061
111 100 0.3061 0.7749 0.3061 0.3061
127 021 0.3052 0.6496 0.3061 0.6496
021 127 0.6496 0.3052 0.3052 0.6496
124 088 0.3052 0.3052 0.3061 0.3052
088 124 0.7749 0.7749 0.7749 0.3061
095 041 0.6496 0.7749 0.3061 0.3061
041 095 0.7749 0.3061 0.3061 0.6496
131 117 0.6496 0.3061 0.7749 0.3052
117 131 0.7749 0.7749 0.3052 0.3061
030 087 0.7749 0.6496 0.3052 0.6496
087 030 0.6496 0.7749 0.7749 0.7749
099 040 0.3061 0.3052 0.3052 0.3052
040 099 0.3052 0.6496 0.3061 0.3061
081 072 0.7749 0.3061 0.3052 0.7749
072 081 0.6496 0.7749 0.3052 0.7749
036 094 0.6496 0.3052 0.3061 0.7749
094 036 0.3052 0.7749 0.3061 0.3052
128 019 0.3052 0.3061 0.7749 0.3061
019 128 0.7749 0.6496 0.3061 0.3052
057 032 0.7749 0.7749 0.6496 0.3061
032 057 0.3061 0.3061 0.6496 0.3052
106 119 0.3061 0.7749 0.3052 0.7749
119 106 0.6496 0.3052 0.3052 0.3052
075 024 0.3052 0.6496 0.6496 0.3061
024 075 0.7749 0.3061 0.3061 0.3061
042 122 0.7749 0.7749 0.3052 0.3052
122 042 0.3052 0.7749 0.6496 0.6496
023 008 0.6496 0.3052 0.6496 0.7749
008 023 0.3052 0.3061 0.3061 0.7749
076 134 0.3052 0.7749 0.7749 0.3052
134 076 0.3052 0.7749 0.3061 0.3061
108 002 0.3052 0.6496 0.3052 0.3061
002 108 0.3061 0.6496 0.3052 0.3052
109 046 0.3061 0.3061 0.3052 0.3052
046 109 0.6496 0.3052 0.6496 0.3052
113 061 0.3052 0.7749 0.3052 0.3061
061 113 0.7749 0.3052 0.7749 0.6496
104 025 0.3061 0.3061 0.6496 0.3052
025 104 0.6496 0.3052 0.7749 0.3052
126 017 0.3061 0.3052 0.7749 0.7749
017 126 0.6496 0.6496 0.7749 0.6496
125 110 0.3052 0.3052 0.3061 0.6496
110 125 0.3052 0.3061 0.3052 0.6496
078 012 0.3052 0.7749 0.3052 0.6496
012 078 0.3061 0.3052 0.7749 0.7749
091 013 0.6496 0.6496 0.3052 0.7749
013 091 0.3052 0.3052 0.3052 0.3052
011 049 0.7749 0.3052 0.3061 0.3061
049 011 0.3052 0.7749 0.7749 0.6496
102 014 0.6496 0.3061 0.7749 0.3061
014 102 0.6496 0.3061 0.6496 0.3052
105 090 0.3061 0.7749 0.6496 0.6496
090 105 0.3052 0.6496 0.3061 0.3061
044 052 0.6496 0.7749 0.3061 0.3052
052 044 0.6496 0.7749 0.3061 0.7749
020 063 0.7749 0.6496 0.6496 0.3061
063 020 0.7749 0.6496 0.3061 0.6496
107 114 0.3052 0.3052 0.3052 0.7749
114 107 0.3061 0.3052 0.3052 0.3061
115 047 0.6496 0.6496 0.3061 0.7749
047 115 0.3052 0.7749 0.7749 0.6496
116 133 0.7749 0.3061 0.3052 0.7749
133 116 0.6496 0.6496 0.3061 0.3061
129 086 0.3061 0.3052 0.6496 0.3052
086 129 0.3052 0.6496 0.3052 0.3061
068 055 0.3061 0.3052 0.7749 0.3052
055 068 0.7749 0.7749 0.3061 0.6496
007 051 0.7749 0.3061 0.7749 0.6496
051 007 0.7749 0.3061 0.3061 0.3052
089 069 0.3061 0.7749 0.7749 0.6496
069 089 0.3061 0.7749 0.6496 0.7749
033 121 0.7749 0.3061 0.3061 0.7749
121 033 0.3061 0.6496 0.6496 0.3061
015 085 0.3061 0.6496 0.6496 0.3061
085 015 0.3061 0.3052 0.6496 0.3052
037 048 0.7749 0.3052 0.3061 0.3052
048 037 0.3061 0.7749 0.3052 0.3052
130 118 0.7749 0.3061 0.3061 0.3061
118 130 0.3052 0.6496 0.7749 0.7749
064 132 0.7749 0.3052 0.7749 0.6496
132 064 0.3061 0.6496 0.6496 0.6496
096 120 0.6496 0.6496 0.6496 0.3061
120 096 0.3061 0.7749 0.7749 0.3052
026 009 0.7749 0.3052 0.7749 0.3061
009 026 0.7749 0.3061 0.3052 0.3052
059 060 0.3061 0.3061 0.7749 0.7749
060 059 0.3052 0.7749 0.6496 0.7749
098 034 0.6496 0.7749 0.3061 0.6496
034 098 0.3052 0.3052 0.3061 0.3052
067 010 0.3052 0.3061 0.3061 0.3052
010 067 0.3061 0.7749 0.3052 0.3052
103 123 0.3061 0.6496 0.3061 0.6496
123 103 0.3061 0.3052 0.3052 0.7749
097 092 0.3052 0.3052 0.6496 0.3052
092 097 0.3061 0.7749 0.7749 0.6496
005 053 0.3052 0.3061 0.6496 0.3061
053 005 0.3052 0.3061 0.7749 0.3061
029 035 0.3052 0.6496 0.3052 0.3061
035 029 0.3061 0.3052 0.7749 0.6496
084 082 0.7749 0.6496 0.3061 0.3052
082 084 0.6496 0.6496 0.6496 0.7749
112 001 0.7749 0.3061 0.7749 0.6496
001 112 0.3052 0.7749 0.7749 0.3052
043 022 0.7749 0.7749 0.6496 0.6496
022 043 0.3061 0.3061 0.6496 0.7749
039 065 0.3052 0.7749 0.7749 0.3052
065 039 0.3061 0.3052 0.6496 0.6496
016 070 0.6496 0.3061 0.6496 0.3052
070 016 0.7749 0.3061 0.7749 0.6496
054 058 0.3061 0.3061 0.7749 0.6496
058 054 0.6496 0.3052 0.3052 0.7749
018 045 0.3061 0.3061 0.7749 0.3061
045 018 0.7749 0.6496 0.3061 0.3052
050 077 0.3061 0.3052 0.6496 0.3061
077 050 0.6496 0.7749 0.3052 0.3061
083 006 0.6496 0.3061 0.3052 0.3052
006 083 0.6496 0.6496 0.3052 0.3061
