135 004556 1
061 115 0.7380 0.2406 0.2488 0.7380
120 115 0.8000 0.2488 0.8000 0.2406
115 120 0.2488 0.7380 0.8000 0.2406
020 058 0.7380 0.2488 0.8000 0.8000
058 020 0.8000 0.8000 0.2406 0.2406
044 133 0.8000 0.2406 0.2488 0.8000
133 044 0.8000 0.2488 0.2488 0.7380
093 104 0.2406 0.7380 0.2406 0.2488
104 093 0.2406 0.2488 0.7380 0.8000
001 124 0.8000 0.8000 0.2406 0.2488
124 001 0.2406 0.7380 0.8000 0.2406
075 012 0.7380 0.2406 0.8000 0.8000
012 075 0.2488 0.2406 0.8000 0.2406
092 003 0.2406 0.2488 0.2488 0.2406
003 092 0.2406 0.2488 0.2488 0.2488
026 122 0.2488 0.2488 0.2406 0.2406
122 026 0.2488 0.2406 0.2406 0.7380
091 021 0.7380 0.8000 0.7380 0.2488
021 091 0.8000 0.2488 0.7380 0.2406
031 010 0.2488 0.2406 0.2406 0.2488
010 031 0.7380 0.2406 0.2488 0.8000
033 110 0.8000 0.2488 0.2406 0.8000
110 033 0.8000 0.7380 0.2406 0.2406
131 046 0.2406 0.7380 0.7380 0.8000
046 131 0.8000 0.7380 0.2406 0.8000
072 084 0.7380 0.8000 0.2406 0.2488
084 072 0.2406 0.7380 0.2488 0.8000
106 025 0.7380 0.2406 0.8000 0.2406
025 106 0.7380 0.7380 0.8000 0.2488
127 130 0.8000 0.8000 0.2488 0.2488
130 127 0.2406 0.7380 0.2406 0.8000
005 034 0.7380 0.2406 0.2488 0.8000
034 005 0.2406 0.2488 0.2406 0.2488
019 100 0.2406 0.8000 0.2488 0.7380
100 019 0.2406 0.8000 0.2488 0.2488
095 079 0.2406 0.8000 0.8000 0.2406
079 095 0.7380 0.2488 0.7380 0.2406
016 076 0.7380 0.2488 0.7380 0.2406
076 016 0.7380 0.2488 0.8000 0.2406
064 114 0.8000 0.2406 0.7380 0.2488
114 064 0.8000 0.8000 0.7380 0.8000
099 086 0.2488 0.2488 0.2406 0.2406
086 099 0.2488 0.2488 0.7380 0.2406
022 000 0.2488 0.7380 0.8000 0.2406
000 022 0.2406 0.7380 0.8000 0.2406
077 121 0.7380 0.7380 0.8000 0.7380
121 077 0.2488 0.2406 0.8000 0.7380
125 049 0.7380 0.2488 0.8000 0.2406
049 125 0.7380 0.2488 0.2406 0.8000
039 109 0.2488 0.2406 0.7380 0.8000
109 039 0.7380 0.2488 0.2406 0.2406
126 082 0.2488 0.7380 0.2488 0.2488
082 126 0.7380 0.2488 0.2406 0.8000
103 089 0.2488 0.8000 0.7380 0.2488
089 103 0.2488 0.2406 0.2488 0.2406
009 024 0.8000 0.2406 0.2406 0.2488
024 009 0.7380 0.8000 0.2406 0.8000
043 101 0.2406 0.2488 0.2406 0.7380
101 043 0.2406 0.8000 0.2406 0.7380
078 042 0.8000 0.7380 0.2488 0.8000
042 078 0.2406 0.7380 0.2406 0.2488
048 085 0.2406 0.8000 0.2488 0.8000
085 048 0.2488 0.8000 0.7380 0.7380
083 011 0.8000 0.2406 0.7380 0.8000
011 083 0.8000 0.7380 0.8000 0.2488
055 045 0.8000 0.8000 0.8000 0.7380
045 055 0.7380 0.8000 0.7380 0.8000
032 023 0.2406 0.2488 0.7380 0.2406
023 032 0.7380 0.8000 0.7380 0.8000
068 134 0.7380 0.2488 0.8000 0.2406
134 068 0.7380 0.8000 0.8000 0.2488
069 028 0.2488 0.2406 0.7380 0.2406
028 069 0.8000 0.8000 0.2406 0.2406
065 018 0.8000 0.7380 0.8000 0.7380
018 065 0.8000 0.2488 0.8000 0.2488
073 006 0.8000 0.2488 0.2488 0.8000
006 073 0.2488 0.2488 0.8000 0.2488
014 132 0.2406 0.7380 0.7380 0.2406
132 014 0.2488 0.2406 0.2406 0.2488
071 098 0.2488 0.2406 0.2488 0.8000
098 071 0.7380 0.8000 0.2488 0.2406
062 004 0.2406 0.2488 0.2406 0.8000
004 062 0.8000 0.2488 0.7380 0.7380
067 029 0.2406 0.7380 0.7380 0.8000
029 067 0.7380 0.2406 0.8000 0.7380
116 057 0.7380 0.2488 0.2488 0.8000
057 116 0.2488 0.2488 0.8000 0.7380
123 007 0.2406 0.8000 0.2488 0.8000
007 123 0.2488 0.8000 0.2406 0.7380
017 128 0.2406 0.7380 0.8000 0.7380
128 017 0.2488 0.8000 0.2406 0.8000
056 002 0.2406 0.8000 0.2488 0.2488
002 056 0.7380 0.2406 0.7380 0.7380
063 047 0.2488 0.2488 0.2488 0.2488
047 063 0.7380 0.8000 0.8000 0.8000
118 038 0.2406 0.2406 0.7380 0.2406
038 118 0.7380 0.8000 0.2488 0.2406
059 015 0.2488 0.2406 0.8000 0.2488
015 059 0.2488 0.8000 0.7380 0.2488
050 054 0.8000 0.8000 0.2488 0.8000
054 050 0.2488 0.2488 0.8000 0.2406
081 117 0.2406 0.2406 0.7380 0.7380
117 081 0.8000 0.2488 0.2406 0.2406
041 080 0.2488 0.7380 0.8000 0.2406
080 041 0.2406 0.2488 0.7380 0.7380
060 013 0.2406 0.2406 0.2488 0.2406
013 060 0.2488 0.7380 0.2488 0.8000
088 008 0.8000 0.2488 0.2406 0.8000
008 088 0.2488 0.2406 0.8000 0.2406
027 036 0.2406 0.2406 0.7380 0.2488
036 027 0.7380 0.7380 0.7380 0.7380
107 129 0.2488 0.8000 0.8000 0.8000
129 107 0.8000 0.2488 0.2488 0.8000
040 111 0.2406 0.2406 0.8000 0.2406
111 040 0.8000 0.8000 0.2406 0.2488
035 094 0.2406 0.8000 0.8000 0.2406
094 035 0.2488 0.2406 0.2488 0.7380
051 053 0.2488 0.2488 0.2488 0.2406
053 051 0.2488 0.8000 0.8000 0.2406
105 030 0.2488 0.7380 0.8000 0.2406
030 105 0.2406 0.7380 0.8000 0.2488
119 108 0.7380 0.8000 0.2488 0.2406
108 119 0.2406 0.8000 0.2488 0.2488
097 070 0.2406 0.7380 0.8000 0.7380
070 097 0.2488 0.2488 0.8000 0.7380
090 037 0.7380 0.2406 0.8000 0.7380
037 090 0.2488 0.7380 0.8000 0.7380
074 112 0.2406 0.2488 0.7380 0.2488
112 074 0.2406 0.2488 0.8000 0.2406
096 087 0.8000 0.2488 0.2406 0.8000
087 096 0.2406 0.2406 0.7380 0.8000
052 066 0.8000 0.2406 0.7380 0.8000
066 052 0.2488 0.2406 0.8000 0.7380
113 102 0.2406 0.2488 0.2406 0.7380
102 113 0.8000 0.2488 0.7380 0.7380
