135 004556 1
115 120 0.1922 0.3181 0.2134 0.3181
134 120 0.1672 0.1922 0.1922 0.1922
120 115 0.3181 0.1672 0.2134 0.3181
030 078 0.3181 0.2134 0.3181 0.1922
078 030 0.1672 0.1672 0.1672 0.1672
119 107 0.1672 0.1922 0.3181 0.1672
107 119 0.1672 0.1922 0.1672 0.1922
033 068 0.1672 0.1922 0.1672 0.2134
068 033 0.1922 0.1672 0.1922 0.2134
023 036 0.1922 0.1922 0.1672 0.1672
036 023 0.3181 0.3181 0.3181 0.1922
002 083 0.1672 0.3181 0.1672 0.1922
083 002 0.2134 0.3181 0.1922 0.1672
062 052 0.3181 0.2134 0.3181 0.2134
052 062 0.3181 0.2134 0.1672 0.1922
124 111 0.3181 0.1672 0.1672 0.2134
111 124 0.1672 0.1922 0.2134 0.1672
057 001 0.1672 0.1672 0.3181 0.1672
001 057 0.2134 0.1922 0.3181 0.3181
122 114 0.1672 0.2134 0.1672 0.3181
114 122 0.1672 0.1672 0.3181 0.3181
011 121 0.1922 0.3181 0.1672 0.1672
121 011 0.1672 0.1922 0.3181 0.1922
041 074 0.3181 0.1672 0.1672 0.3181
074 041 0.2134 0.3181 0.2134 0.1922
126 050 0.2134 0.1922 0.1922 0.1672
050 126 0.2134 0.1672 0.1922 0.1922
031 125 0.2134 0.3181 0.1672 0.1922
125 031 0.2134 0.2134 0.1672 0.2134
069 129 0.3181 0.2134 0.2134 0.1922
129 069 0.1922 0.1922 0.1672 0.3181
118 106 0.2134 0.1922 0.3181 0.3181
106 118 0.3181 0.1922 0.1672 0.3181
005 059 0.1672 0.3181 0.1922 0.1672
059 005 0.1922 0.1672 0.1672 0.1672
080 075 0.2134 0.1922 0.1922 0.3181
075 080 0.3181 0.3181 0.2134 0.2134
035 058 0.3181 0.1672 0.3181 0.1922
058 035 0.3181 0.1922 0.2134 0.2134
100 086 0.1672 0.1922 0.2134 0.1922
086 100 0.3181 0.1922 0.1672 0.1672
076 046 0.1922 0.1922 0.1672 0.1922
046 076 0.1922 0.3181 0.3181 0.3181
010 004 0.1672 0.2134 0.3181 0.1922
004 010 0.1922 0.1672 0.1922 0.2134
098 131 0.1672 0.2134 0.1922 0.3181
131 098 0.3181 0.2134 0.3181 0.1922
072 038 0.1672 0.3181 0.2134 0.2134
038 072 0.2134 0.3181 0.2134 0.1672
015 081 0.2134 0.2134 0.1922 0.1672
081 015 0.1922 0.1672 0.1672 0.3181
003 105 0.1922 0.2134 0.1672 0.2134
105 003 0.2134 0.1672 0.1672 0.3181
039 017 0.2134 0.3181 0.1922 0.3181
017 039 0.1922 0.1672 0.1922 0.3181
097 077 0.1672 0.3181 0.2134 0.3181
077 097 0.2134 0.2134 0.2134 0.1922
087 094 0.3181 0.3181 0.2134 0.1922
094 087 0.3181 0.1672 0.2134 0.2134
029 012 0.3181 0.1922 0.1922 0.2134
012 029 0.1672 0.2134 0.3181 0.1922
048 026 0.3181 0.1922 0.1672 0.1922
026 048 0.3181 0.2134 0.1922 0.1922
070 079 0.2134 0.3181 0.2134 0.2134
079 070 0.2134 0.2134 0.3181 0.1922
116 092 0.2134 0.1922 0.1672 0.1922
092 116 0.1922 0.2134 0.1922 0.1922
104 067 0.3181 0.1672 0.3181 0.1922
067 104 0.1922 0.3181 0.2134 0.1672
095 009 0.1922 0.1922 0.1672 0.1672
009 095 0.3181 0.3181 0.1922 0.1922
103 091 0.3181 0.2134 0.1922 0.2134
091 103 0.3181 0.1672 0.1922 0.1922
066 049 0.1922 0.1672 0.1922 0.3181
049 066 0.3181 0.2134 0.1672 0.1922
019 043 0.2134 0.1672 0.1672 0.1672
043 019 0.1922 0.1672 0.1672 0.3181
109 101 0.2134 0.3181 0.3181 0.1672
101 109 0.1672 0.2134 0.2134 0.2134
018 073 0.2134 0.2134 0.2134 0.2134
073 018 0.1672 0.1922 0.3181 0.1922
032 128 0.1922 0.2134 0.1672 0.1672
128 032 0.3181 0.1922 0.2134 0.2134
108 113 0.1922 0.2134 0.1922 0.3181
113 108 0.3181 0.1672 0.3181 0.1672
024 006 0.2134 0.3181 0.1922 0.1922
006 024 0.1922 0.3181 0.3181 0.3181
054 027 0.3181 0.2134 0.3181 0.2134
027 054 0.3181 0.1922 0.1922 0.1672
060 130 0.2134 0.2134 0.1672 0.3181
130 060 0.1672 0.3181 0.1672 0.2134
090 096 0.3181 0.1672 0.3181 0.2134
096 090 0.1922 0.3181 0.1672 0.3181
053 020 0.1922 0.1922 0.3181 0.1922
020 053 0.3181 0.2134 0.1672 0.3181
007 099 0.1922 0.2134 0.1922 0.1672
099 007 0.1672 0.1672 0.1922 0.2134
037 000 0.1672 0.1922 0.1922 0.1672
000 037 0.2134 0.1672 0.3181 0.1672
088 093 0.1672 0.2134 0.1672 0.1672
093 088 0.3181 0.1672 0.1922 0.2134
132 089 0.1922 0.2134 0.1672 0.3181
089 132 0.1922 0.1922 0.3181 0.2134
051 021 0.1922 0.2134 0.2134 0.1672
021 051 0.1672 0.1922 0.3181 0.3181
042 061 0.1922 0.2134 0.1922 0.3181
061 042 0.1672 0.3181 0.2134 0.3181
084 025 0.1922 0.1922 0.2134 0.1672
025 084 0.2134 0.1672 0.1922 0.1922
065 112 0.1922 0.1922 0.3181 0.1922
112 065 0.1672 0.3181 0.2134 0.2134
102 014 0.2134 0.2134 0.2134 0.1672
014 102 0.1922 0.1672 0.2134 0.2134
127 022 0.1672 0.1672 0.3181 0.2134
022 127 0.3181 0.1922 0.3181 0.1672
064 110 0.1922 0.3181 0.1922 0.3181
110 064 0.1672 0.1922 0.1922 0.1922
055 085 0.1922 0.1672 0.2134 0.1922
085 055 0.1922 0.3181 0.3181 0.3181
008 034 0.1672 0.1672 0.3181 0.1922
034 008 0.3181 0.1672 0.2134 0.1922
040 133 0.3181 0.1922 0.3181 0.1922
133 040 0.2134 0.1672 0.3181 0.3181
044 045 0.2134 0.3181 0.2134 0.1922
045 044 0.3181 0.1672 0.1672 0.1922
028 056 0.3181 0.1672 0.3181 0.2134
056 028 0.1922 0.1922 0.1672 0.3181
013 123 0.3181 0.3181 0.3181 0.2134
123 013 0.1672 0.1922 0.2134 0.2134
117 016 0.2134 0.3181 0.1672 0.3181
016 117 0.1922 0.2134 0.3181 0.3181
082 047 0.1672 0.1672 0.2134 0.3181
047 082 0.1922 0.1922 0.1922 0.1922
071 063 0.3181 0.2134 0.2134 0.3181
063 071 0.2134 0.2134 0.2134 0.1922
