135 004556 1
056 071 0.2116 0.2116 0.6098 0.6098
033 056 0.1816 0.2116 0.2116 0.4347
071 033 0.4347 0.1816 0.1816 0.4347
049 105 0.4347 0.6098 0.6098 0.2116
105 049 0.4347 0.6098 0.4347 0.1816
068 126 0.4347 0.6098 0.1816 0.4347
126 068 0.4347 0.6098 0.4347 0.4347
131 013 0.1816 0.4347 0.4347 0.4347
013 131 0.6098 0.6098 0.2116 0.2116
012 062 0.1816 0.2116 0.2116 0.1816
062 012 0.2116 0.4347 0.4347 0.4347
048 088 0.4347 0.4347 0.4347 0.6098
088 048 0.2116 0.1816 0.1816 0.4347
001 064 0.2116 0.4347 0.4347 0.2116
064 001 0.2116 0.6098 0.1816 0.2116
016 050 0.1816 0.1816 0.2116 0.4347
050 016 0.6098 0.2116 0.1816 0.2116
069 125 0.4347 0.1816 0.4347 0.6098
125 069 0.4347 0.4347 0.2116 0.4347
086 067 0.6098 0.6098 0.6098 0.1816
067 086 0.6098 0.4347 0.2116 0.6098
111 003 0.1816 0.4347 0.1816 0.6098
003 111 0.1816 0.2116 0.1816 0.6098
044 043 0.4347 0.2116 0.2116 0.1816
043 044 0.2116 0.4347 0.1816 0.4347
114 022 0.2116 0.6098 0.1816 0.6098
022 114 0.2116 0.6098 0.1816 0.2116
130 110 0.2116 0.1816 0.6098 0.2116
110 130 0.1816 0.1816 0.6098 0.6098
093 063 0.6098 0.6098 0.1816 0.2116
063 093 0.1816 0.2116 0.4347 0.1816
097 103 0.4347 0.6098 0.6098 0.2116
103 097 0.6098 0.1816 0.1816 0.4347
095 116 0.2116 0.2116 0.1816 0.2116
116 095 0.6098 0.1816 0.6098 0.1816
047 024 0.1816 0.6098 0.2116 0.6098
024 047 0.6098 0.2116 0.6098 0.2116
099 029 0.4347 0.2116 0.2116 0.1816
029 099 0.2116 0.2116 0.2116 0.6098
065 112 0.6098 0.2116 0.1816 0.2116
112 065 0.4347 0.6098 0.4347 0.1816
007 107 0.6098 0.4347 0.1816 0.1816
107 007 0.4347 0.1816 0.1816 0.1816
101 060 0.1816 0.1816 0.6098 0.6098
060 101 0.1816 0.6098 0.6098 0.2116
035 046 0.4347 0.4347 0.1816 0.4347
046 035 0.2116 0.1816 0.2116 0.4347
036 096 0.2116 0.4347 0.4347 0.1816
096 036 0.1816 0.6098 0.6098 0.1816
087 002 0.2116 0.1816 0.1816 0.4347
002 087 0.1816 0.6098 0.4347 0.1816
028 075 0.2116 0.4347 0.6098 0.1816
075 028 0.4347 0.6098 0.6098 0.4347
017 009 0.2116 0.6098 0.4347 0.6098
009 017 0.6098 0.6098 0.2116 0.2116
015 040 0.6098 0.1816 0.4347 0.2116
040 015 0.2116 0.2116 0.6098 0.4347
023 011 0.4347 0.4347 0.4347 0.2116
011 023 0.6098 0.2116 0.6098 0.4347
076 117 0.1816 0.1816 0.6098 0.4347
117 076 0.4347 0.4347 0.4347 0.2116
010 037 0.4347 0.6098 0.6098 0.1816
037 010 0.1816 0.1816 0.2116 0.2116
109 057 0.4347 0.6098 0.1816 0.1816
057 109 0.6098 0.2116 0.2116 0.4347
077 021 0.4347 0.6098 0.1816 0.4347
021 077 0.6098 0.4347 0.2116 0.1816
045 061 0.6098 0.6098 0.2116 0.1816
061 045 0.4347 0.4347 0.2116 0.2116
052 134 0.1816 0.1816 0.6098 0.6098
134 052 0.4347 0.6098 0.6098 0.2116
039 051 0.6098 0.4347 0.2116 0.6098
051 039 0.1816 0.2116 0.4347 0.6098
124 108 0.1816 0.2116 0.4347 0.6098
108 124 0.1816 0.6098 0.4347 0.2116
085 058 0.6098 0.6098 0.4347 0.1816
058 085 0.4347 0.6098 0.6098 0.4347
098 115 0.2116 0.2116 0.6098 0.1816
115 098 0.1816 0.1816 0.1816 0.4347
041 084 0.6098 0.2116 0.1816 0.4347
084 041 0.1816 0.4347 0.1816 0.1816
005 006 0.6098 0.4347 0.4347 0.2116
006 005 0.1816 0.6098 0.1816 0.1816
032 080 0.1816 0.1816 0.1816 0.1816
080 032 0.4347 0.2116 0.2116 0.1816
106 038 0.1816 0.6098 0.6098 0.1816
038 106 0.4347 0.6098 0.6098 0.4347
019 059 0.4347 0.6098 0.2116 0.6098
059 019 0.2116 0.6098 0.1816 0.1816
018 078 0.4347 0.4347 0.1816 0.2116
078 018 0.1816 0.6098 0.2116 0.6098
119 102 0.2116 0.1816 0.6098 0.4347
102 119 0.1816 0.1816 0.2116 0.1816
133 113 0.4347 0.1816 0.4347 0.1816
113 133 0.6098 0.6098 0.2116 0.1816
094 123 0.6098 0.2116 0.2116 0.6098
123 094 0.4347 0.6098 0.1816 0.4347
026 054 0.4347 0.2116 0.6098 0.6098
054 026 0.4347 0.4347 0.1816 0.4347
122 082 0.4347 0.6098 0.4347 0.6098
082 122 0.6098 0.6098 0.1816 0.4347
034 000 0.1816 0.4347 0.4347 0.6098
000 034 0.1816 0.4347 0.2116 0.6098
008 090 0.4347 0.4347 0.4347 0.2116
090 008 0.2116 0.1816 0.6098 0.1816
072 004 0.1816 0.1816 0.6098 0.1816
004 072 0.2116 0.6098 0.4347 0.1816
120 121 0.2116 0.6098 0.4347 0.6098
121 120 0.2116 0.6098 0.2116 0.6098
127 027 0.4347 0.4347 0.4347 0.6098
027 127 0.1816 0.2116 0.6098 0.6098
128 074 0.6098 0.4347 0.1816 0.6098
074 128 0.6098 0.6098 0.1816 0.2116
081 014 0.2116 0.4347 0.4347 0.2116
014 081 0.4347 0.1816 0.2116 0.4347
042 079 0.1816 0.1816 0.4347 0.1816
079 042 0.6098 0.1816 0.6098 0.4347
104 100 0.1816 0.1816 0.2116 0.4347
100 104 0.1816 0.4347 0.1816 0.6098
055 070 0.1816 0.2116 0.4347 0.4347
070 055 0.6098 0.1816 0.1816 0.1816
083 132 0.4347 0.6098 0.1816 0.2116
132 083 0.1816 0.1816 0.4347 0.1816
091 073 0.1816 0.1816 0.2116 0.1816
073 091 0.2116 0.6098 0.6098 0.2116
025 089 0.2116 0.6098 0.6098 0.4347
089 025 0.1816 0.4347 0.4347 0.1816
118 020 0.6098 0.1816 0.6098 0.2116
020 118 0.6098 0.1816 0.2116 0.1816
129 092 0.4347 0.2116 0.4347 0.1816
092 129 0.2116 0.4347 0.2116 0.6098
053 066 0.6098 0.6098 0.4347 0.1816
066 053 0.1816 0.4347 0.4347 0.2116
031 030 0.4347 0.1816 0.2116 0.4347
030 031 0.2116 0.4347 0.1816 0.1816
