135 004556 1
133 035 0.2879 0.2435 0.7632 0.2435
035 112 0.2435 0.2879 0.7632 0.7632
112 133 0.2879 0.8567 0.2435 0.2879
049 020 0.7632 0.2879 0.8567 0.8567
020 049 0.2879 0.7632 0.8567 0.8567
076 058 0.8567 0.2435 0.7632 0.2879
058 076 0.2879 0.7632 0.2435 0.2435
124 094 0.2879 0.2879 0.2435 0.2435
094 124 0.2879 0.8567 0.8567 0.8567
015 126 0.7632 0.8567 0.2435 0.7632
126 015 0.7632 0.7632 0.2435 0.8567
104 001 0.7632 0.2435 0.2435 0.2879
001 104 0.8567 0.8567 0.7632 0.2879
069 022 0.8567 0.2435 0.7632 0.2435
022 069 0.8567 0.8567 0.7632 0.7632
114 064 0.8567 0.7632 0.7632 0.2879
064 114 0.8567 0.2435 0.2435 0.8567
011 028 0.2879 0.2879 0.2435 0.8567
028 011 0.2879 0.2879 0.7632 0.2879
117 109 0.2435 0.7632 0.7632 0.8567
109 117 0.7632 0.8567 0.7632 0.2879
042 060 0.2435 0.2879 0.2879 0.7632
060 042 0.8567 0.2435 0.2435 0.8567
018 107 0.2435 0.2435 0.2879 0.2879
107 018 0.2879 0.7632 0.8567 0.2435
009 075 0.2879 0.7632 0.2879 0.7632
075 009 0.2879 0.2435 0.2435 0.8567
106 024 0.8567 0.8567 0.7632 0.8567
024 106 0.2879 0.8567 0.8567 0.2879
087 122 0.2435 0.2435 0.2435 0.7632
122 087 0.7632 0.2435 0.2435 0.8567
059 013 0.7632 0.8567 0.8567 0.2435
013 059 0.2879 0.8567 0.8567 0.2435
123 033 0.8567 0.8567 0.8567 0.8567
033 123 0.7632 0.2435 0.8567 0.7632
095 085 0.2435 0.7632 0.2435 0.2435
085 095 0.2435 0.7632 0.7632 0.7632
021 048 0.7632 0.2435 0.2435 0.2879
048 021 0.7632 0.7632 0.8567 0.8567
057 092 0.2435 0.8567 0.2435 0.2435
092 057 0.2879 0.8567 0.2879 0.2435
046 032 0.2435 0.2879 0.8567 0.2435
032 046 0.2435 0.7632 0.7632 0.8567
127 074 0.7632 0.8567 0.7632 0.2879
074 127 0.2879 0.2435 0.8567 0.2879
119 121 0.2879 0.7632 0.2435 0.2435
121 119 0.8567 0.7632 0.7632 0.8567
025 116 0.7632 0.2879 0.2435 0.7632
116 025 0.7632 0.8567 0.2879 0.7632
108 115 0.2879 0.2435 0.7632 0.2879
115 108 0.7632 0.2879 0.8567 0.2435
102 071 0.2879 0.7632 0.2435 0.2879
071 102 0.7632 0.8567 0.2435 0.8567
088 036 0.8567 0.7632 0.2435 0.8567
036 088 0.7632 0.8567 0.8567 0.7632
134 100 0.2435 0.2879 0.8567 0.2435
100 134 0.2435 0.2435 0.7632 0.7632
096 072 0.2435 0.2879 0.8567 0.8567
072 096 0.8567 0.8567 0.2435 0.7632
097 045 0.8567 0.7632 0.2879 0.8567
045 097 0.7632 0.8567 0.8567 0.2435
120 081 0.2435 0.8567 0.2435 0.8567
081 120 0.2879 0.2435 0.2435 0.8567
026 027 0.8567 0.2435 0.2435 0.8567
027 026 0.7632 0.7632 0.2435 0.2435
019 061 0.7632 0.8567 0.8567 0.2879
061 019 0.2879 0.2879 0.7632 0.8567
093 090 0.2435 0.7632 0.2435 0.8567
090 093 0.8567 0.8567 0.7632 0.8567
089 055 0.8567 0.2879 0.7632 0.7632
055 089 0.7632 0.2879 0.2435 0.8567
041 083 0.8567 0.2435 0.2435 0.7632
083 041 0.2435 0.2435 0.8567 0.2435
004 054 0.8567 0.2435 0.2435 0.7632
054 004 0.8567 0.2879 0.8567 0.2435
098 010 0.8567 0.7632 0.2879 0.2435
010 098 0.8567 0.7632 0.2879 0.2879
131 037 0.2879 0.7632 0.2879 0.2879
037 131 0.2879 0.8567 0.2879 0.2879
105 113 0.8567 0.2435 0.2435 0.2435
113 105 0.2879 0.7632 0.8567 0.2435
051 068 0.7632 0.7632 0.8567 0.7632
068 051 0.2435 0.8567 0.2879 0.8567
082 077 0.2435 0.2435 0.7632 0.8567
077 082 0.7632 0.2435 0.2879 0.7632
038 065 0.2879 0.2435 0.8567 0.2879
065 038 0.2435 0.8567 0.8567 0.2435
091 044 0.8567 0.2879 0.8567 0.2879
044 091 0.2435 0.7632 0.7632 0.2435
128 118 0.8567 0.2879 0.2435 0.7632
118 128 0.8567 0.7632 0.2435 0.2879
002 110 0.7632 0.7632 0.2879 0.8567
110 002 0.7632 0.2435 0.2435 0.8567
043 066 0.8567 0.7632 0.7632 0.7632
066 043 0.8567 0.2879 0.2879 0.7632
016 000 0.2879 0.2879 0.8567 0.8567
000 016 0.8567 0.2435 0.7632 0.2879
073 017 0.2879 0.8567 0.8567 0.8567
017 073 0.8567 0.2879 0.2879 0.8567
031 005 0.2879 0.8567 0.2879 0.8567
005 031 0.7632 0.2879 0.2879 0.2879
030 039 0.2879 0.2435 0.2879 0.2879
039 030 0.2435 0.8567 0.8567 0.8567
078 014 0.2435 0.7632 0.8567 0.8567
014 078 0.2879 0.7632 0.8567 0.2879
063 086 0.2435 0.2435 0.8567 0.2879
086 063 0.2435 0.2879 0.8567 0.7632
023 050 0.2435 0.2879 0.2879 0.2879
050 023 0.2435 0.2879 0.7632 0.8567
101 052 0.7632 0.2879 0.2435 0.2435
052 101 0.7632 0.2435 0.2435 0.7632
012 029 0.2435 0.2435 0.2879 0.8567
029 012 0.8567 0.2435 0.2879 0.2879
103 047 0.2435 0.7632 0.7632 0.2879
047 103 0.8567 0.8567 0.7632 0.2435
111 040 0.2879 0.2435 0.7632 0.8567
040 111 0.2435 0.2879 0.8567 0.2879
079 056 0.8567 0.8567 0.7632 0.2435
056 079 0.7632 0.8567 0.8567 0.7632
006 007 0.2435 0.8567 0.7632 0.2435
007 006 0.2435 0.2435 0.2435 0.7632
003 099 0.2435 0.2435 0.8567 0.8567
099 003 0.8567 0.7632 0.2435 0.7632
129 084 0.2879 0.7632 0.2435 0.7632
084 129 0.7632 0.2435 0.2879 0.7632
067 080 0.8567 0.7632 0.2435 0.7632
080 067 0.2879 0.7632 0.2435 0.2879
062 008 0.2879 0.8567 0.7632 0.2435
008 062 0.2879 0.2435 0.2435 0.2435
130 034 0.8567 0.7632 0.7632 0.2879
034 130 0.2435 0.7632 0.2435 0.8567
070 053 0.2879 0.2879 0.8567 0.2879
053 070 0.7632 0.2879 0.2435 0.8567
125 132 0.2435 0.8567 0.2435 0.7632
132 125 0.8567 0.7632 0.8567 0.8567
