135 004556 1
071 017 0.4315 0.3795 0.4315 0.4656
017 020 0.4315 0.1917 0.1917 0.4315
020 071 0.4656 0.4656 0.3795 0.3795
134 036 0.1917 0.4656 0.1917 0.4315
036 134 0.1917 0.4315 0.1917 0.4315
086 091 0.3795 0.4656 0.3795 0.4315
091 086 0.3795 0.1917 0.3795 0.4315
087 076 0.4656 0.1917 0.4656 0.4315
076 087 0.4656 0.3795 0.4656 0.4315
117 029 0.4315 0.4656 0.4656 0.1917
029 117 0.4656 0.4656 0.1917 0.1917
050 008 0.1917 0.4656 0.4656 0.3795
008 050 0.1917 0.4656 0.3795 0.4315
083 084 0.3795 0.3795 0.1917 0.4315
084 083 0.4656 0.1917 0.4315 0.1917
044 007 0.4315 0.1917 0.4656 0.4315
007 044 0.4315 0.3795 0.4315 0.1917
026 025 0.3795 0.4315 0.4315 0.4315
025 026 0.4315 0.3795 0.4315 0.4656
110 090 0.3795 0.3795 0.4656 0.1917
090 110 0.1917 0.1917 0.3795 0.4315
053 056 0.4656 0.4315 0.4656 0.1917
056 053 0.1917 0.4656 0.3795 0.1917
122 075 0.3795 0.4656 0.4315 0.4656
075 122 0.4315 0.4656 0.1917 0.3795
124 021 0.4656 0.4656 0.3795 0.4656
021 124 0.4315 0.4315 0.4656 0.1917
103 046 0.4656 0.1917 0.4315 0.3795
046 103 0.4656 0.4656 0.4315 0.1917
127 080 0.4315 0.4315 0.4656 0.3795
080 127 0.3795 0.3795 0.1917 0.1917
085 116 0.3795 0.4656 0.4656 0.3795
116 085 0.4656 0.1917 0.1917 0.4656
055 129 0.1917 0.1917 0.1917 0.3795
129 055 0.4315 0.1917 0.4315 0.4315
052 104 0.3795 0.3795 0.3795 0.3795
104 052 0.3795 0.4315 0.4315 0.4315
047 074 0.4656 0.1917 0.1917 0.4315
074 047 0.4656 0.4315 0.1917 0.4656
114 061 0.4656 0.1917 0.4315 0.4315
061 114 0.4315 0.4315 0.4315 0.1917
108 113 0.1917 0.1917 0.1917 0.4315
113 108 0.4315 0.4656 0.4656 0.4315
133 031 0.4315 0.1917 0.4315 0.1917
031 133 0.4315 0.4315 0.1917 0.4656
101 015 0.4315 0.4315 0.3795 0.3795
015 101 0.3795 0.4315 0.1917 0.4315
092 106 0.3795 0.4315 0.1917 0.1917
106 092 0.1917 0.1917 0.3795 0.4656
072 054 0.4315 0.4315 0.4656 0.4656
054 072 0.4656 0.4656 0.4656 0.4656
018 030 0.1917 0.3795 0.3795 0.1917
030 018 0.3795 0.4315 0.4315 0.4315
034 024 0.4656 0.3795 0.4315 0.1917
024 034 0.3795 0.1917 0.1917 0.4315
105 033 0.3795 0.4656 0.3795 0.4656
033 105 0.4656 0.4315 0.1917 0.4656
121 039 0.3795 0.3795 0.3795 0.3795
039 121 0.4656 0.3795 0.1917 0.1917
022 079 0.4315 0.4315 0.3795 0.4315
079 022 0.4315 0.1917 0.1917 0.3795
003 077 0.4315 0.1917 0.4315 0.1917
077 003 0.3795 0.4656 0.4656 0.4656
041 045 0.4656 0.1917 0.3795 0.3795
045 041 0.3795 0.3795 0.1917 0.4656
064 023 0.3795 0.3795 0.4656 0.3795
023 064 0.1917 0.4315 0.4315 0.4315
065 058 0.4656 0.1917 0.3795 0.4656
058 065 0.3795 0.3795 0.1917 0.4656
006 014 0.1917 0.1917 0.1917 0.1917
014 006 0.1917 0.4315 0.1917 0.4315
019 066 0.3795 0.1917 0.4656 0.1917
066 019 0.4315 0.4315 0.4656 0.4315
115 125 0.3795 0.4315 0.3795 0.3795
125 115 0.3795 0.4656 0.4315 0.4656
088 012 0.1917 0.4656 0.3795 0.4656
012 088 0.4315 0.1917 0.4315 0.4315
068 089 0.1917 0.1917 0.4656 0.1917
089 068 0.3795 0.4656 0.1917 0.4656
095 096 0.4656 0.3795 0.1917 0.4656
096 095 0.4315 0.4315 0.3795 0.1917
040 028 0.3795 0.3795 0.4315 0.4315
028 040 0.4656 0.3795 0.3795 0.3795
002 059 0.3795 0.3795 0.4656 0.4315
059 002 0.4656 0.4315 0.4315 0.1917
099 004 0.4656 0.1917 0.4656 0.4315
004 099 0.1917 0.1917 0.4315 0.4315
049 032 0.4656 0.4656 0.4315 0.3795
032 049 0.4315 0.4315 0.1917 0.3795
109 128 0.4656 0.4315 0.1917 0.4315
128 109 0.4656 0.4315 0.3795 0.1917
069 131 0.3795 0.4656 0.4656 0.1917
131 069 0.4315 0.4315 0.4315 0.4656
013 051 0.1917 0.1917 0.4315 0.4656
051 013 0.1917 0.4656 0.1917 0.4656
001 057 0.3795 0.4315 0.1917 0.3795
057 001 0.3795 0.4315 0.3795 0.4315
027 093 0.4656 0.4656 0.3795 0.1917
093 027 0.1917 0.4315 0.3795 0.1917
062 043 0.3795 0.1917 0.3795 0.1917
043 062 0.1917 0.4656 0.1917 0.4315
119 070 0.4656 0.3795 0.4315 0.1917
070 119 0.1917 0.4315 0.1917 0.1917
130 094 0.3795 0.4315 0.1917 0.1917
094 130 0.1917 0.1917 0.3795 0.4315
132 082 0.4315 0.3795 0.3795 0.3795
082 132 0.3795 0.3795 0.4656 0.4315
102 009 0.3795 0.4656 0.4315 0.4315
009 102 0.4656 0.4656 0.4315 0.3795
097 005 0.1917 0.4315 0.4315 0.3795
005 097 0.1917 0.4315 0.3795 0.4656
060 126 0.3795 0.4315 0.4315 0.4315
126 060 0.1917 0.1917 0.4656 0.4315
011 035 0.1917 0.4315 0.1917 0.3795
035 011 0.1917 0.4315 0.4656 0.4656
120 098 0.4315 0.1917 0.1917 0.1917
098 120 0.4315 0.1917 0.4656 0.4656
037 100 0.4315 0.4656 0.1917 0.1917
100 037 0.4656 0.4656 0.1917 0.3795
067 063 0.4656 0.4656 0.4656 0.3795
063 067 0.3795 0.1917 0.4656 0.3795
042 118 0.1917 0.4656 0.1917 0.4315
118 042 0.4315 0.1917 0.1917 0.4315
111 112 0.3795 0.4315 0.4315 0.4315
112 111 0.1917 0.1917 0.1917 0.4656
000 048 0.1917 0.3795 0.4656 0.4315
048 000 0.1917 0.1917 0.3795 0.3795
081 038 0.3795 0.3795 0.4656 0.1917
038 081 0.3795 0.4315 0.1917 0.4315
016 073 0.4656 0.3795 0.3795 0.3795
073 016 0.3795 0.1917 0.4315 0.4315
123 107 0.4315 0.4315 0.4656 0.4656
107 123 0.3795 0.1917 0.4315 0.1917
010 078 0.4656 0.4656 0.4315 0.1917
078 010 0.4656 0.4656 0.3795 0.4315
