135 004556 1
119 091 0.2032 0.3343 0.3343 0.2032
084 119 0.2032 0.3071 0.2032 0.2518
091 119 0.3343 0.2032 0.3071 0.3071
132 080 0.3343 0.3343 0.2032 0.2518
080 132 0.3343 0.3071 0.3343 0.2518
127 001 0.3071 0.2032 0.2032 0.3071
001 127 0.2518 0.2518 0.2518 0.3071
103 113 0.2032 0.2518 0.2032 0.3071
113 103 0.2518 0.3071 0.3071 0.2518
090 122 0.2032 0.3343 0.2518 0.3343
122 090 0.3071 0.3071 0.2032 0.3343
029 086 0.2032 0.3071 0.2518 0.2032
086 029 0.2518 0.3071 0.2032 0.2032
018 112 0.3343 0.3071 0.3071 0.3343
112 018 0.3071 0.3071 0.3343 0.3343
115 035 0.3343 0.2032 0.2032 0.2518
035 115 0.3071 0.3071 0.3071 0.3071
068 124 0.3071 0.3071 0.3071 0.2032
124 068 0.2032 0.2518 0.3343 0.2518
060 098 0.2518 0.3343 0.2518 0.2032
098 060 0.2518 0.3071 0.2032 0.3343
012 082 0.3343 0.3343 0.3343 0.3343
082 012 0.3343 0.2032 0.2518 0.3343
092 015 0.2032 0.3343 0.2518 0.2518
015 092 0.2518 0.3071 0.2518 0.3071
120 025 0.2032 0.2032 0.3343 0.2032
025 120 0.2518 0.2032 0.3343 0.3343
045 046 0.3343 0.2032 0.3343 0.3071
046 045 0.2518 0.3071 0.2032 0.2032
094 061 0.3071 0.3071 0.3071 0.3071
061 094 0.2518 0.2518 0.3343 0.2518
008 049 0.2518 0.2518 0.2032 0.2518
049 008 0.2032 0.2032 0.3071 0.3343
089 037 0.2518 0.3071 0.2518 0.3343
037 089 0.3343 0.2518 0.3343 0.2518
079 039 0.3343 0.2518 0.2518 0.3343
039 079 0.3071 0.2032 0.3343 0.2032
107 032 0.3343 0.2032 0.3343 0.3343
032 107 0.3343 0.2518 0.3071 0.3071
002 071 0.3071 0.3343 0.2032 0.3343
071 002 0.2032 0.2032 0.3343 0.2032
116 041 0.3071 0.2032 0.3343 0.3343
041 116 0.2518 0.3343 0.3071 0.2032
130 031 0.3343 0.2518 0.3071 0.2518
031 130 0.2518 0.2518 0.2518 0.3343
013 108 0.2032 0.2032 0.3343 0.3071
108 013 0.3343 0.3071 0.3071 0.3343
102 028 0.3071 0.3343 0.2518 0.2032
028 102 0.2032 0.3343 0.2032 0.3071
020 077 0.3343 0.2518 0.3343 0.2518
077 020 0.2032 0.2032 0.2518 0.3071
017 038 0.3343 0.3071 0.2518 0.3343
038 017 0.3343 0.3071 0.3071 0.2032
024 019 0.3343 0.2518 0.3071 0.3071
019 024 0.3343 0.3343 0.2032 0.3071
088 055 0.3343 0.2518 0.2518 0.3071
055 088 0.2518 0.2032 0.2032 0.3071
033 007 0.2518 0.2518 0.2032 0.2518
007 033 0.3343 0.3343 0.3343 0.2032
000 072 0.2518 0.2518 0.3071 0.3071
072 000 0.3071 0.3071 0.2032 0.2518
006 011 0.3343 0.2032 0.2032 0.3071
011 006 0.3071 0.2518 0.2518 0.2518
048 021 0.2518 0.3071 0.2518 0.2032
021 048 0.3343 0.3071 0.2032 0.2518
087 063 0.3071 0.2032 0.2032 0.2032
063 087 0.3071 0.2032 0.3343 0.2518
052 057 0.3343 0.3071 0.2032 0.2032
057 052 0.2032 0.2032 0.2032 0.2032
027 050 0.3071 0.2032 0.2518 0.3071
050 027 0.3071 0.2518 0.2518 0.2032
076 056 0.2032 0.3071 0.2032 0.3071
056 076 0.3343 0.2518 0.3071 0.2032
064 009 0.3071 0.3071 0.2518 0.3071
009 064 0.2032 0.3343 0.2518 0.3071
043 014 0.3343 0.2032 0.3343 0.3343
014 043 0.2518 0.2032 0.2518 0.2032
059 078 0.2032 0.3071 0.3071 0.3343
078 059 0.2518 0.2032 0.2032 0.3343
133 058 0.2518 0.2518 0.2518 0.2518
058 133 0.2518 0.2518 0.3343 0.3343
005 026 0.3071 0.2032 0.3343 0.3343
026 005 0.2518 0.3343 0.2518 0.2032
123 093 0.2032 0.2032 0.3071 0.2518
093 123 0.3343 0.3071 0.2032 0.2032
034 134 0.3343 0.3343 0.3343 0.3071
134 034 0.2032 0.2518 0.2518 0.2518
097 054 0.3071 0.3071 0.2518 0.2518
054 097 0.2518 0.2032 0.2518 0.2032
109 105 0.3343 0.2032 0.2032 0.3343
105 109 0.3071 0.3343 0.3071 0.3071
073 128 0.2518 0.2032 0.3343 0.2032
128 073 0.2032 0.3343 0.3343 0.3343
042 129 0.2518 0.3071 0.2032 0.3071
129 042 0.2032 0.2032 0.3343 0.2032
074 069 0.3071 0.2518 0.3071 0.2032
069 074 0.2032 0.2032 0.3343 0.3343
004 081 0.2032 0.3071 0.2518 0.3071
081 004 0.2518 0.3071 0.3343 0.2518
065 023 0.3343 0.2518 0.2032 0.3343
023 065 0.3071 0.3071 0.3071 0.2032
036 003 0.2032 0.2518 0.3071 0.2518
003 036 0.3071 0.3343 0.3071 0.2032
062 075 0.3343 0.2032 0.3343 0.3071
075 062 0.2032 0.2032 0.3343 0.2032
044 101 0.3343 0.3343 0.2032 0.3071
101 044 0.2518 0.3343 0.3071 0.3071
040 100 0.2032 0.2032 0.2518 0.3071
100 040 0.3343 0.2518 0.3343 0.3071
131 016 0.2032 0.3343 0.2518 0.3071
016 131 0.2032 0.3071 0.2032 0.2518
030 070 0.3071 0.3071 0.3071 0.2518
070 030 0.2518 0.3343 0.2032 0.3071
121 095 0.3343 0.3071 0.2032 0.3071
095 121 0.3071 0.2518 0.2518 0.3343
022 067 0.3343 0.3071 0.3343 0.2518
067 022 0.3343 0.2518 0.2518 0.2518
099 096 0.3343 0.3343 0.3071 0.3343
096 099 0.3071 0.2518 0.3071 0.3343
118 126 0.2032 0.3343 0.2032 0.3071
126 118 0.2518 0.3343 0.3343 0.3071
051 117 0.2032 0.2032 0.2518 0.2518
117 051 0.3071 0.3343 0.3071 0.2518
066 047 0.3071 0.3071 0.2518 0.3343
047 066 0.2518 0.3071 0.2518 0.3343
106 083 0.3343 0.2032 0.2032 0.2518
083 106 0.3343 0.3343 0.3071 0.3071
010 085 0.2518 0.2032 0.3071 0.2518
085 010 0.2032 0.3071 0.2032 0.3343
125 111 0.3071 0.2518 0.2518 0.3071
111 125 0.2518 0.2032 0.3071 0.3343
114 053 0.2518 0.2518 0.3071 0.3071
053 114 0.2518 0.2032 0.3071 0.2032
104 110 0.3343 0.3071 0.2518 0.3343
110 104 0.2518 0.3343 0.2032 0.2518
