135 004556 1
102 076 0.1716 0.2303 0.3747 0.8681
076 102 0.3747 0.3747 0.2303 0.8681
100 102 0.2303 0.2303 0.2303 0.3747
097 016 0.8681 0.2303 0.8681 0.8681
016 097 0.8681 0.3747 0.3747 0.3747
105 068 0.1716 0.2303 0.3747 0.1716
068 105 0.2303 0.2303 0.3747 0.3747
122 005 0.1716 0.3747 0.1716 0.1716
005 122 0.8681 0.2303 0.3747 0.2303
029 063 0.3747 0.2303 0.8681 0.8681
063 029 0.1716 0.8681 0.1716 0.2303
041 101 0.1716 0.8681 0.1716 0.2303
101 041 0.8681 0.2303 0.2303 0.2303
057 044 0.2303 0.2303 0.3747 0.1716
044 057 0.2303 0.8681 0.3747 0.8681
038 081 0.8681 0.2303 0.2303 0.1716
081 038 0.8681 0.2303 0.3747 0.2303
091 088 0.3747 0.2303 0.1716 0.1716
088 091 0.8681 0.8681 0.2303 0.1716
128 110 0.1716 0.2303 0.8681 0.8681
110 128 0.1716 0.8681 0.1716 0.3747
027 109 0.3747 0.3747 0.1716 0.3747
109 027 0.8681 0.8681 0.8681 0.3747
084 049 0.1716 0.2303 0.2303 0.1716
049 084 0.2303 0.1716 0.3747 0.2303
126 015 0.3747 0.2303 0.2303 0.1716
015 126 0.3747 0.2303 0.3747 0.3747
082 023 0.1716 0.1716 0.3747 0.1716
023 082 0.2303 0.1716 0.3747 0.3747
114 070 0.1716 0.3747 0.8681 0.1716
070 114 0.2303 0.2303 0.2303 0.1716
051 020 0.1716 0.1716 0.8681 0.1716
020 051 0.1716 0.8681 0.3747 0.8681
026 092 0.2303 0.8681 0.2303 0.3747
092 026 0.8681 0.8681 0.1716 0.8681
065 104 0.8681 0.8681 0.3747 0.8681
104 065 0.2303 0.2303 0.8681 0.2303
115 010 0.1716 0.3747 0.2303 0.3747
010 115 0.2303 0.2303 0.2303 0.8681
045 123 0.1716 0.8681 0.8681 0.2303
123 045 0.3747 0.8681 0.3747 0.2303
134 048 0.2303 0.3747 0.2303 0.2303
048 134 0.8681 0.2303 0.2303 0.3747
075 064 0.3747 0.1716 0.8681 0.1716
064 075 0.3747 0.1716 0.1716 0.8681
130 025 0.1716 0.8681 0.3747 0.2303
025 130 0.3747 0.1716 0.8681 0.3747
011 079 0.2303 0.8681 0.2303 0.8681
079 011 0.3747 0.3747 0.1716 0.8681
037 111 0.2303 0.1716 0.8681 0.8681
111 037 0.3747 0.8681 0.1716 0.1716
058 043 0.2303 0.1716 0.2303 0.1716
043 058 0.1716 0.3747 0.3747 0.2303
131 078 0.2303 0.2303 0.2303 0.3747
078 131 0.1716 0.2303 0.2303 0.2303
009 066 0.1716 0.2303 0.1716 0.2303
066 009 0.1716 0.8681 0.2303 0.2303
004 001 0.8681 0.3747 0.3747 0.2303
001 004 0.1716 0.2303 0.1716 0.1716
006 008 0.8681 0.8681 0.1716 0.1716
008 006 0.3747 0.2303 0.1716 0.2303
028 112 0.2303 0.8681 0.2303 0.3747
112 028 0.8681 0.8681 0.1716 0.3747
099 024 0.3747 0.2303 0.8681 0.1716
024 099 0.3747 0.2303 0.3747 0.3747
031 121 0.2303 0.1716 0.8681 0.3747
121 031 0.8681 0.3747 0.3747 0.8681
033 106 0.2303 0.3747 0.2303 0.2303
106 033 0.3747 0.8681 0.3747 0.2303
003 059 0.1716 0.8681 0.2303 0.2303
059 003 0.8681 0.1716 0.3747 0.8681
036 046 0.8681 0.1716 0.8681 0.3747
046 036 0.2303 0.8681 0.1716 0.2303
039 124 0.3747 0.3747 0.3747 0.2303
124 039 0.8681 0.2303 0.8681 0.1716
119 067 0.8681 0.8681 0.3747 0.2303
067 119 0.3747 0.3747 0.2303 0.1716
071 050 0.2303 0.1716 0.8681 0.1716
050 071 0.2303 0.2303 0.3747 0.8681
007 118 0.3747 0.8681 0.2303 0.8681
118 007 0.1716 0.3747 0.2303 0.8681
080 072 0.3747 0.1716 0.2303 0.3747
072 080 0.8681 0.2303 0.8681 0.3747
052 129 0.3747 0.2303 0.3747 0.2303
129 052 0.2303 0.3747 0.2303 0.1716
032 013 0.2303 0.3747 0.1716 0.1716
013 032 0.3747 0.1716 0.3747 0.1716
085 133 0.2303 0.2303 0.2303 0.2303
133 085 0.8681 0.3747 0.2303 0.2303
030 125 0.1716 0.2303 0.2303 0.1716
125 030 0.8681 0.8681 0.2303 0.1716
022 002 0.8681 0.1716 0.2303 0.8681
002 022 0.2303 0.3747 0.2303 0.8681
108 053 0.3747 0.8681 0.3747 0.8681
053 108 0.2303 0.3747 0.3747 0.2303
095 060 0.3747 0.1716 0.2303 0.1716
060 095 0.3747 0.1716 0.8681 0.3747
073 017 0.1716 0.1716 0.1716 0.2303
017 073 0.3747 0.8681 0.1716 0.2303
074 094 0.2303 0.2303 0.8681 0.2303
094 074 0.3747 0.8681 0.2303 0.3747
093 000 0.8681 0.2303 0.2303 0.8681
000 093 0.3747 0.1716 0.1716 0.2303
096 069 0.3747 0.1716 0.8681 0.1716
069 096 0.2303 0.2303 0.3747 0.2303
014 056 0.3747 0.8681 0.1716 0.1716
056 014 0.3747 0.1716 0.3747 0.1716
054 040 0.8681 0.1716 0.3747 0.8681
040 054 0.1716 0.1716 0.3747 0.8681
098 113 0.1716 0.1716 0.3747 0.1716
113 098 0.3747 0.2303 0.3747 0.2303
120 090 0.8681 0.8681 0.2303 0.1716
090 120 0.3747 0.3747 0.1716 0.2303
042 061 0.3747 0.2303 0.1716 0.3747
061 042 0.2303 0.8681 0.3747 0.1716
087 077 0.1716 0.2303 0.1716 0.2303
077 087 0.3747 0.8681 0.8681 0.2303
062 103 0.3747 0.8681 0.8681 0.8681
103 062 0.3747 0.8681 0.8681 0.1716
047 035 0.2303 0.3747 0.1716 0.2303
035 047 0.8681 0.3747 0.8681 0.3747
132 107 0.2303 0.2303 0.1716 0.8681
107 132 0.3747 0.2303 0.3747 0.1716
034 117 0.1716 0.3747 0.3747 0.2303
117 034 0.1716 0.1716 0.3747 0.3747
116 083 0.3747 0.1716 0.3747 0.2303
083 116 0.1716 0.8681 0.3747 0.3747
127 089 0.8681 0.3747 0.2303 0.8681
089 127 0.2303 0.3747 0.8681 0.8681
012 018 0.8681 0.2303 0.1716 0.2303
018 012 0.1716 0.3747 0.2303 0.1716
055 086 0.1716 0.1716 0.1716 0.3747
086 055 0.2303 0.8681 0.3747 0.1716
021 019 0.3747 0.8681 0.2303 0.3747
019 021 0.3747 0.1716 0.1716 0.2303
