135 004556 1
020 078 0.8080 0.8080 0.8080 0.1795
078 010 0.8080 0.3579 0.7295 0.7295
010 078 0.1795 0.7295 0.7295 0.1795
005 049 0.3579 0.7295 0.3579 0.8080
049 005 0.3579 0.7295 0.3579 0.3579
050 012 0.3579 0.7295 0.8080 0.7295
012 050 0.1795 0.1795 0.1795 0.1795
101 065 0.3579 0.7295 0.1795 0.7295
065 101 0.3579 0.3579 0.7295 0.7295
025 026 0.8080 0.7295 0.3579 0.8080
026 025 0.1795 0.3579 0.8080 0.7295
122 028 0.3579 0.8080 0.3579 0.8080
028 122 0.3579 0.1795 0.7295 0.3579
051 113 0.1795 0.8080 0.3579 0.1795
113 051 0.8080 0.1795 0.7295 0.7295
128 041 0.1795 0.7295 0.7295 0.1795
041 128 0.1795 0.8080 0.3579 0.1795
023 063 0.8080 0.3579 0.3579 0.1795
063 023 0.1795 0.3579 0.7295 0.8080
053 131 0.8080 0.8080 0.3579 0.8080
131 053 0.3579 0.3579 0.1795 0.7295
068 109 0.8080 0.3579 0.7295 0.1795
109 068 0.8080 0.3579 0.8080 0.3579
004 030 0.7295 0.8080 0.3579 0.7295
030 004 0.3579 0.8080 0.1795 0.1795
067 000 0.3579 0.7295 0.8080 0.1795
000 067 0.7295 0.1795 0.7295 0.1795
046 123 0.1795 0.7295 0.1795 0.7295
123 046 0.1795 0.8080 0.8080 0.3579
099 115 0.1795 0.3579 0.8080 0.3579
115 099 0.1795 0.1795 0.1795 0.1795
082 016 0.8080 0.7295 0.3579 0.1795
016 082 0.1795 0.1795 0.1795 0.3579
093 102 0.3579 0.3579 0.7295 0.3579
102 093 0.7295 0.3579 0.1795 0.7295
077 064 0.8080 0.1795 0.3579 0.8080
064 077 0.7295 0.1795 0.8080 0.7295
072 114 0.1795 0.3579 0.1795 0.1795
114 072 0.7295 0.1795 0.7295 0.1795
043 096 0.3579 0.8080 0.7295 0.1795
096 043 0.7295 0.1795 0.1795 0.3579
037 126 0.1795 0.3579 0.1795 0.8080
126 037 0.8080 0.3579 0.7295 0.3579
116 035 0.3579 0.3579 0.7295 0.7295
035 116 0.1795 0.3579 0.3579 0.8080
124 060 0.1795 0.7295 0.7295 0.8080
060 124 0.3579 0.3579 0.1795 0.3579
054 044 0.3579 0.3579 0.3579 0.3579
044 054 0.8080 0.8080 0.8080 0.3579
084 127 0.3579 0.1795 0.3579 0.1795
127 084 0.3579 0.3579 0.8080 0.3579
085 134 0.3579 0.7295 0.1795 0.8080
134 085 0.1795 0.1795 0.8080 0.3579
031 022 0.7295 0.1795 0.7295 0.8080
022 031 0.7295 0.3579 0.1795 0.7295
117 029 0.7295 0.1795 0.3579 0.1795
029 117 0.3579 0.7295 0.7295 0.7295
003 076 0.8080 0.7295 0.1795 0.1795
076 003 0.3579 0.7295 0.8080 0.3579
011 092 0.8080 0.8080 0.3579 0.3579
092 011 0.7295 0.3579 0.1795 0.7295
045 024 0.1795 0.7295 0.7295 0.7295
024 045 0.1795 0.7295 0.3579 0.3579
083 080 0.8080 0.3579 0.7295 0.3579
080 083 0.1795 0.7295 0.1795 0.1795
094 001 0.7295 0.3579 0.3579 0.3579
001 094 0.1795 0.7295 0.3579 0.1795
015 034 0.7295 0.7295 0.3579 0.1795
034 015 0.3579 0.1795 0.3579 0.8080
125 061 0.3579 0.8080 0.7295 0.1795
061 125 0.8080 0.1795 0.1795 0.1795
075 069 0.7295 0.1795 0.8080 0.8080
069 075 0.7295 0.8080 0.7295 0.8080
133 007 0.8080 0.1795 0.1795 0.1795
007 133 0.1795 0.3579 0.3579 0.3579
008 027 0.7295 0.8080 0.8080 0.8080
027 008 0.8080 0.8080 0.7295 0.3579
111 103 0.7295 0.3579 0.1795 0.1795
103 111 0.3579 0.8080 0.3579 0.7295
074 079 0.8080 0.7295 0.7295 0.3579
079 074 0.3579 0.7295 0.8080 0.1795
086 091 0.8080 0.8080 0.3579 0.8080
091 086 0.7295 0.7295 0.1795 0.8080
088 032 0.8080 0.7295 0.8080 0.7295
032 088 0.7295 0.8080 0.7295 0.7295
097 105 0.7295 0.7295 0.3579 0.8080
105 097 0.1795 0.3579 0.3579 0.1795
055 121 0.7295 0.7295 0.8080 0.7295
121 055 0.1795 0.3579 0.3579 0.1795
107 059 0.1795 0.1795 0.8080 0.1795
059 107 0.1795 0.8080 0.1795 0.3579
040 098 0.1795 0.1795 0.7295 0.1795
098 040 0.8080 0.3579 0.7295 0.7295
118 048 0.1795 0.8080 0.7295 0.1795
048 118 0.1795 0.1795 0.1795 0.1795
021 132 0.8080 0.3579 0.1795 0.1795
132 021 0.8080 0.3579 0.7295 0.1795
100 057 0.1795 0.7295 0.8080 0.1795
057 100 0.3579 0.3579 0.3579 0.8080
112 081 0.3579 0.3579 0.1795 0.3579
081 112 0.8080 0.7295 0.1795 0.7295
038 058 0.3579 0.3579 0.1795 0.8080
058 038 0.1795 0.8080 0.7295 0.7295
120 104 0.1795 0.8080 0.1795 0.8080
104 120 0.3579 0.3579 0.3579 0.8080
033 087 0.1795 0.1795 0.3579 0.3579
087 033 0.7295 0.1795 0.1795 0.1795
006 047 0.8080 0.7295 0.1795 0.7295
047 006 0.8080 0.8080 0.3579 0.1795
130 042 0.1795 0.1795 0.8080 0.1795
042 130 0.3579 0.7295 0.3579 0.1795
052 071 0.3579 0.1795 0.3579 0.7295
071 052 0.7295 0.8080 0.7295 0.3579
019 129 0.1795 0.8080 0.1795 0.7295
129 019 0.8080 0.1795 0.3579 0.7295
017 110 0.3579 0.7295 0.7295 0.1795
110 017 0.8080 0.1795 0.7295 0.3579
002 013 0.3579 0.7295 0.3579 0.7295
013 002 0.1795 0.7295 0.3579 0.3579
108 095 0.1795 0.7295 0.3579 0.7295
095 108 0.7295 0.8080 0.8080 0.3579
089 066 0.7295 0.7295 0.7295 0.8080
066 089 0.1795 0.8080 0.7295 0.3579
090 119 0.1795 0.3579 0.7295 0.8080
119 090 0.7295 0.8080 0.3579 0.1795
009 070 0.3579 0.3579 0.3579 0.7295
070 009 0.3579 0.3579 0.3579 0.7295
062 073 0.1795 0.8080 0.3579 0.1795
073 062 0.1795 0.1795 0.7295 0.7295
036 106 0.1795 0.7295 0.7295 0.3579
106 036 0.8080 0.1795 0.1795 0.7295
039 018 0.7295 0.1795 0.3579 0.1795
018 039 0.7295 0.3579 0.7295 0.7295
014 056 0.7295 0.8080 0.7295 0.1795
056 014 0.3579 0.8080 0.8080 0.8080
