135 004556 1
121 077 0.9493 0.4469 0.2547 0.2547
063 121 0.4469 0.2568 0.2568 0.2547
077 121 0.9493 0.9493 0.2568 0.4469
124 058 0.2568 0.4469 0.2568 0.2547
058 124 0.2547 0.9493 0.4469 0.9493
020 072 0.9493 0.2568 0.2547 0.2568
072 020 0.2568 0.9493 0.2547 0.2547
053 012 0.2568 0.2547 0.9493 0.4469
012 053 0.9493 0.4469 0.4469 0.4469
109 001 0.2568 0.4469 0.9493 0.9493
001 109 0.4469 0.2547 0.4469 0.4469
127 084 0.4469 0.2547 0.4469 0.2547
084 127 0.9493 0.4469 0.9493 0.9493
039 091 0.2568 0.9493 0.2568 0.4469
091 039 0.2568 0.4469 0.4469 0.2547
045 052 0.9493 0.4469 0.9493 0.2547
052 045 0.2568 0.2568 0.4469 0.2547
118 027 0.2547 0.4469 0.2568 0.2568
027 118 0.9493 0.9493 0.9493 0.2547
015 070 0.9493 0.2547 0.4469 0.9493
070 015 0.2547 0.2547 0.2568 0.2547
024 120 0.2568 0.2568 0.4469 0.2568
120 024 0.9493 0.9493 0.2547 0.4469
046 122 0.4469 0.2547 0.2547 0.2568
122 046 0.2568 0.2568 0.4469 0.4469
073 093 0.4469 0.9493 0.4469 0.4469
093 073 0.2568 0.4469 0.2568 0.2547
130 050 0.4469 0.2568 0.2568 0.9493
050 130 0.9493 0.9493 0.2568 0.9493
002 030 0.4469 0.9493 0.9493 0.2547
030 002 0.4469 0.9493 0.4469 0.4469
104 064 0.9493 0.2568 0.4469 0.2568
064 104 0.4469 0.9493 0.2547 0.4469
033 029 0.2547 0.2547 0.9493 0.2547
029 033 0.9493 0.2568 0.9493 0.9493
014 117 0.2568 0.4469 0.4469 0.2547
117 014 0.4469 0.9493 0.4469 0.9493
131 067 0.2547 0.4469 0.2568 0.9493
067 131 0.2547 0.2547 0.4469 0.9493
087 099 0.2547 0.4469 0.2568 0.2547
099 087 0.4469 0.2568 0.9493 0.2568
111 003 0.4469 0.4469 0.2547 0.4469
003 111 0.9493 0.9493 0.2568 0.2568
088 115 0.2547 0.2568 0.4469 0.9493
115 088 0.2568 0.4469 0.4469 0.4469
061 132 0.2547 0.2568 0.9493 0.2547
132 061 0.2568 0.2568 0.2547 0.4469
044 013 0.4469 0.2568 0.2568 0.2568
013 044 0.4469 0.9493 0.9493 0.2547
071 079 0.4469 0.2568 0.4469 0.9493
079 071 0.2547 0.9493 0.9493 0.4469
043 048 0.4469 0.2568 0.2568 0.4469
048 043 0.9493 0.9493 0.9493 0.4469
126 041 0.9493 0.4469 0.9493 0.9493
041 126 0.2547 0.2547 0.9493 0.2568
116 074 0.4469 0.4469 0.4469 0.4469
074 116 0.2547 0.4469 0.9493 0.2568
114 113 0.4469 0.2547 0.9493 0.9493
113 114 0.4469 0.2547 0.2547 0.2568
068 107 0.2547 0.9493 0.4469 0.4469
107 068 0.9493 0.2568 0.2547 0.9493
026 081 0.2547 0.9493 0.2568 0.9493
081 026 0.4469 0.2568 0.4469 0.2568
059 110 0.2547 0.2568 0.4469 0.2568
110 059 0.2547 0.2568 0.9493 0.9493
056 038 0.2568 0.4469 0.2568 0.4469
038 056 0.2568 0.2547 0.4469 0.2568
065 011 0.9493 0.9493 0.9493 0.4469
011 065 0.2547 0.4469 0.2568 0.4469
060 000 0.2568 0.2568 0.2547 0.9493
000 060 0.9493 0.4469 0.4469 0.9493
042 100 0.9493 0.2568 0.2547 0.4469
100 042 0.2568 0.9493 0.4469 0.4469
021 057 0.2568 0.2568 0.4469 0.4469
057 021 0.4469 0.2547 0.9493 0.4469
040 089 0.4469 0.9493 0.9493 0.2547
089 040 0.4469 0.4469 0.4469 0.2547
055 128 0.4469 0.2547 0.4469 0.2547
128 055 0.9493 0.2547 0.9493 0.9493
069 112 0.2568 0.4469 0.2568 0.4469
112 069 0.2547 0.9493 0.9493 0.4469
075 019 0.9493 0.4469 0.9493 0.4469
019 075 0.9493 0.2568 0.2568 0.2568
010 005 0.4469 0.9493 0.4469 0.2547
005 010 0.9493 0.2568 0.2568 0.9493
134 004 0.2568 0.2568 0.2547 0.9493
004 134 0.9493 0.9493 0.2547 0.2547
032 103 0.2568 0.4469 0.4469 0.4469
103 032 0.9493 0.2568 0.9493 0.9493
133 049 0.2568 0.4469 0.9493 0.2547
049 133 0.4469 0.2568 0.9493 0.4469
086 006 0.2568 0.2547 0.2568 0.2547
006 086 0.2568 0.2547 0.2547 0.4469
098 080 0.9493 0.2547 0.2547 0.9493
080 098 0.9493 0.2568 0.4469 0.4469
009 106 0.4469 0.9493 0.2568 0.2547
106 009 0.2568 0.9493 0.2568 0.2568
031 076 0.9493 0.4469 0.4469 0.2547
076 031 0.9493 0.4469 0.2547 0.2568
066 047 0.2568 0.2568 0.9493 0.2547
047 066 0.2568 0.2547 0.9493 0.2547
017 008 0.4469 0.2547 0.4469 0.9493
008 017 0.9493 0.2568 0.2547 0.2568
105 028 0.2568 0.2568 0.2568 0.4469
028 105 0.9493 0.2547 0.9493 0.4469
051 119 0.2547 0.9493 0.4469 0.2568
119 051 0.2547 0.9493 0.9493 0.2568
062 102 0.9493 0.2547 0.9493 0.9493
102 062 0.2547 0.2568 0.2547 0.2547
094 125 0.2547 0.9493 0.2568 0.2568
125 094 0.4469 0.4469 0.2547 0.9493
090 018 0.4469 0.9493 0.9493 0.9493
018 090 0.9493 0.9493 0.4469 0.4469
016 097 0.4469 0.9493 0.9493 0.4469
097 016 0.2568 0.4469 0.4469 0.2547
023 054 0.4469 0.2547 0.4469 0.2547
054 023 0.4469 0.2568 0.9493 0.4469
022 101 0.2568 0.4469 0.2568 0.4469
101 022 0.2547 0.2547 0.4469 0.2568
092 036 0.2568 0.2547 0.2547 0.4469
036 092 0.4469 0.9493 0.4469 0.9493
096 095 0.2547 0.4469 0.4469 0.4469
095 096 0.2568 0.9493 0.9493 0.4469
007 085 0.4469 0.2568 0.4469 0.4469
085 007 0.4469 0.2568 0.2568 0.9493
082 037 0.2547 0.9493 0.4469 0.9493
037 082 0.2547 0.4469 0.9493 0.2547
123 025 0.9493 0.4469 0.9493 0.4469
025 123 0.2547 0.9493 0.2547 0.2547
108 034 0.2547 0.4469 0.2568 0.4469
034 108 0.2547 0.2568 0.2568 0.2547
035 083 0.9493 0.2547 0.2568 0.9493
083 035 0.2547 0.4469 0.4469 0.2547
078 129 0.9493 0.2547 0.2568 0.2568
129 078 0.2568 0.4469 0.2568 0.9493
