135 004556 1
074 018 0.6842 0.4951 0.4951 0.6842
018 074 0.5947 0.6842 0.6842 0.4951
108 074 0.5947 0.4951 0.5947 0.6023
109 081 0.6023 0.6842 0.4951 0.6842
081 109 0.5947 0.5947 0.6023 0.6023
099 057 0.6023 0.4951 0.5947 0.6023
057 099 0.5947 0.5947 0.6023 0.5947
088 051 0.5947 0.6023 0.5947 0.4951
051 088 0.4951 0.6023 0.6023 0.6023
083 103 0.6023 0.6023 0.4951 0.6842
103 083 0.6023 0.6023 0.4951 0.5947
056 046 0.4951 0.6842 0.6023 0.6023
046 056 0.6023 0.5947 0.4951 0.5947
064 037 0.6023 0.5947 0.6842 0.5947
037 064 0.6842 0.4951 0.6842 0.5947
094 098 0.4951 0.6842 0.6842 0.6842
098 094 0.6023 0.6023 0.4951 0.4951
062 129 0.6842 0.6023 0.5947 0.6842
129 062 0.4951 0.4951 0.4951 0.6023
102 020 0.6023 0.6023 0.4951 0.4951
020 102 0.4951 0.6023 0.6023 0.4951
031 061 0.4951 0.5947 0.5947 0.6842
061 031 0.6023 0.4951 0.4951 0.6023
022 014 0.6023 0.6023 0.6842 0.6023
014 022 0.6023 0.5947 0.4951 0.5947
070 032 0.5947 0.4951 0.6842 0.5947
032 070 0.5947 0.5947 0.6023 0.5947
043 093 0.4951 0.5947 0.4951 0.6842
093 043 0.6842 0.6023 0.6842 0.6023
120 073 0.6023 0.5947 0.5947 0.6023
073 120 0.6842 0.4951 0.4951 0.6023
104 134 0.4951 0.6023 0.4951 0.6023
134 104 0.5947 0.6023 0.5947 0.6842
121 024 0.5947 0.6842 0.6023 0.4951
024 121 0.5947 0.4951 0.4951 0.5947
076 023 0.6023 0.6023 0.6842 0.5947
023 076 0.6023 0.4951 0.6842 0.4951
092 127 0.6842 0.6842 0.6842 0.4951
127 092 0.6023 0.5947 0.6023 0.5947
050 125 0.6023 0.6023 0.6842 0.4951
125 050 0.4951 0.5947 0.4951 0.4951
033 072 0.6842 0.6842 0.6023 0.6023
072 033 0.4951 0.6023 0.4951 0.4951
048 011 0.4951 0.6023 0.6023 0.4951
011 048 0.5947 0.6023 0.5947 0.5947
015 107 0.6842 0.5947 0.6023 0.5947
107 015 0.6023 0.5947 0.4951 0.4951
002 001 0.6023 0.4951 0.6023 0.4951
001 002 0.6023 0.6842 0.6842 0.6842
007 091 0.6842 0.6842 0.6023 0.5947
091 007 0.6842 0.4951 0.5947 0.5947
115 052 0.5947 0.6842 0.6842 0.4951
052 115 0.5947 0.5947 0.5947 0.6842
077 131 0.6842 0.4951 0.5947 0.5947
131 077 0.6842 0.6842 0.5947 0.6023
016 010 0.4951 0.4951 0.5947 0.4951
010 016 0.6023 0.6023 0.4951 0.4951
066 079 0.5947 0.5947 0.6842 0.6842
079 066 0.4951 0.6023 0.6842 0.4951
041 047 0.4951 0.6842 0.6842 0.5947
047 041 0.6842 0.4951 0.6023 0.6842
040 090 0.4951 0.4951 0.4951 0.5947
090 040 0.6842 0.5947 0.6023 0.5947
063 089 0.6023 0.4951 0.5947 0.4951
089 063 0.6842 0.6842 0.6023 0.4951
036 111 0.5947 0.5947 0.4951 0.4951
111 036 0.6023 0.4951 0.6842 0.4951
019 034 0.6023 0.6023 0.6023 0.4951
034 019 0.4951 0.6023 0.6842 0.6023
004 080 0.6023 0.6842 0.6842 0.5947
080 004 0.4951 0.6023 0.4951 0.6023
113 097 0.6023 0.5947 0.6023 0.5947
097 113 0.4951 0.6023 0.6023 0.6842
065 045 0.4951 0.4951 0.4951 0.6842
045 065 0.5947 0.6842 0.6023 0.5947
128 008 0.5947 0.4951 0.4951 0.6842
008 128 0.6023 0.4951 0.5947 0.6842
119 118 0.4951 0.6023 0.5947 0.6842
118 119 0.5947 0.6842 0.6023 0.5947
132 101 0.6023 0.6842 0.4951 0.6842
101 132 0.5947 0.6842 0.4951 0.6842
114 042 0.5947 0.6023 0.6842 0.4951
042 114 0.4951 0.5947 0.6842 0.6023
068 000 0.4951 0.6023 0.6023 0.5947
000 068 0.6842 0.6023 0.5947 0.5947
005 044 0.4951 0.6842 0.6023 0.6023
044 005 0.6842 0.5947 0.6023 0.6842
112 055 0.6842 0.5947 0.4951 0.4951
055 112 0.6023 0.5947 0.5947 0.5947
124 087 0.6842 0.4951 0.6842 0.5947
087 124 0.5947 0.5947 0.5947 0.4951
021 028 0.6842 0.5947 0.4951 0.5947
028 021 0.5947 0.6023 0.4951 0.6842
017 053 0.4951 0.5947 0.6842 0.6842
053 017 0.5947 0.6023 0.4951 0.6023
133 086 0.6023 0.6842 0.6023 0.4951
086 133 0.6023 0.6023 0.6023 0.6023
126 071 0.4951 0.5947 0.6023 0.6023
071 126 0.6842 0.6023 0.4951 0.5947
116 026 0.6842 0.4951 0.4951 0.5947
026 116 0.6842 0.6842 0.5947 0.6023
027 130 0.4951 0.6842 0.5947 0.5947
130 027 0.5947 0.6842 0.6842 0.6023
078 105 0.6842 0.4951 0.5947 0.6023
105 078 0.6842 0.6842 0.5947 0.6842
049 096 0.4951 0.5947 0.4951 0.5947
096 049 0.5947 0.5947 0.6023 0.5947
075 013 0.5947 0.5947 0.5947 0.6023
013 075 0.4951 0.5947 0.4951 0.6842
123 003 0.6842 0.5947 0.6842 0.4951
003 123 0.5947 0.6023 0.5947 0.6842
069 110 0.6842 0.6023 0.5947 0.6842
110 069 0.4951 0.4951 0.5947 0.5947
009 038 0.4951 0.4951 0.5947 0.6842
038 009 0.6842 0.6023 0.5947 0.6842
095 059 0.4951 0.6842 0.6023 0.5947
059 095 0.5947 0.6842 0.4951 0.6023
122 035 0.6023 0.4951 0.5947 0.6023
035 122 0.6023 0.6842 0.6842 0.4951
012 067 0.6023 0.4951 0.6023 0.6842
067 012 0.6842 0.6842 0.6842 0.5947
085 029 0.6023 0.4951 0.6023 0.5947
029 085 0.6842 0.6842 0.6023 0.4951
084 117 0.6842 0.6023 0.6023 0.5947
117 084 0.5947 0.5947 0.5947 0.6023
100 054 0.6842 0.6023 0.6842 0.4951
054 100 0.5947 0.5947 0.5947 0.5947
025 030 0.6023 0.6842 0.6023 0.5947
030 025 0.5947 0.6023 0.4951 0.4951
106 039 0.4951 0.4951 0.6842 0.4951
039 106 0.4951 0.6842 0.6023 0.4951
058 006 0.6023 0.4951 0.4951 0.4951
006 058 0.5947 0.4951 0.5947 0.6842
060 082 0.5947 0.5947 0.6842 0.6023
082 060 0.5947 0.6023 0.4951 0.6023
