135 004556 1
037 056 0.4557 0.4557 0.4557 0.1834
004 037 0.4794 0.5786 0.4794 0.5786
056 004 0.1834 0.4794 0.4557 0.1834
111 114 0.4794 0.1834 0.4794 0.4557
114 111 0.1834 0.5786 0.1834 0.5786
088 103 0.5786 0.1834 0.5786 0.4557
103 088 0.1834 0.4794 0.4794 0.1834
058 042 0.1834 0.4557 0.4557 0.4794
042 058 0.4794 0.1834 0.4794 0.4794
092 048 0.4794 0.5786 0.4794 0.4557
048 092 0.4794 0.5786 0.4557 0.4794
035 109 0.1834 0.1834 0.4794 0.4557
109 035 0.1834 0.4794 0.4557 0.5786
052 012 0.4794 0.1834 0.4557 0.4794
012 052 0.4557 0.1834 0.1834 0.1834
117 115 0.4557 0.4794 0.5786 0.4794
115 117 0.4557 0.4794 0.1834 0.4794
009 080 0.4794 0.4557 0.4794 0.5786
080 009 0.5786 0.4557 0.4557 0.1834
133 017 0.4557 0.4794 0.5786 0.4794
017 133 0.1834 0.4557 0.4557 0.4794
099 125 0.4794 0.5786 0.1834 0.4557
125 099 0.1834 0.4794 0.5786 0.1834
038 051 0.4794 0.5786 0.5786 0.4794
051 038 0.4794 0.1834 0.5786 0.5786
065 029 0.4557 0.4557 0.4557 0.4557
029 065 0.4794 0.1834 0.4794 0.5786
122 093 0.1834 0.5786 0.1834 0.4794
093 122 0.4794 0.4557 0.5786 0.5786
055 082 0.4557 0.1834 0.5786 0.1834
082 055 0.4557 0.4557 0.5786 0.4557
121 030 0.4557 0.1834 0.4794 0.1834
030 121 0.4794 0.4557 0.4794 0.5786
132 076 0.4794 0.5786 0.1834 0.5786
076 132 0.5786 0.5786 0.4557 0.4794
002 025 0.1834 0.4557 0.1834 0.4557
025 002 0.4794 0.4557 0.4794 0.4794
104 023 0.4794 0.5786 0.5786 0.4794
023 104 0.1834 0.1834 0.1834 0.1834
015 094 0.4557 0.4557 0.1834 0.4557
094 015 0.4794 0.1834 0.5786 0.5786
070 016 0.5786 0.4557 0.5786 0.4794
016 070 0.4794 0.4794 0.5786 0.4794
005 107 0.4794 0.1834 0.1834 0.5786
107 005 0.4794 0.5786 0.1834 0.5786
105 127 0.5786 0.5786 0.4794 0.1834
127 105 0.5786 0.5786 0.4794 0.4557
101 081 0.5786 0.4794 0.1834 0.5786
081 101 0.5786 0.5786 0.4794 0.4557
018 098 0.4557 0.4557 0.5786 0.4794
098 018 0.4794 0.1834 0.4557 0.4557
112 126 0.4557 0.5786 0.1834 0.5786
126 112 0.4794 0.1834 0.4557 0.1834
036 013 0.1834 0.1834 0.4794 0.1834
013 036 0.4794 0.1834 0.5786 0.4794
041 020 0.4794 0.5786 0.1834 0.4794
020 041 0.5786 0.4794 0.4557 0.4794
057 014 0.5786 0.5786 0.4557 0.1834
014 057 0.1834 0.5786 0.4794 0.5786
120 100 0.1834 0.5786 0.4557 0.4557
100 120 0.4794 0.5786 0.5786 0.4794
096 074 0.4557 0.5786 0.4794 0.4557
074 096 0.1834 0.4557 0.5786 0.5786
085 007 0.4557 0.5786 0.5786 0.1834
007 085 0.4557 0.1834 0.4557 0.4557
010 106 0.1834 0.4794 0.4557 0.4794
106 010 0.5786 0.4794 0.4794 0.4557
049 062 0.4557 0.1834 0.1834 0.1834
062 049 0.4794 0.5786 0.4794 0.1834
131 071 0.4794 0.5786 0.1834 0.5786
071 131 0.4794 0.1834 0.1834 0.4794
047 031 0.5786 0.4557 0.1834 0.4557
031 047 0.4794 0.4794 0.5786 0.4794
108 089 0.1834 0.5786 0.5786 0.4794
089 108 0.4794 0.5786 0.1834 0.4794
087 097 0.4794 0.5786 0.4794 0.5786
097 087 0.4794 0.1834 0.4794 0.1834
069 021 0.5786 0.5786 0.4794 0.4794
021 069 0.4557 0.4557 0.4557 0.4794
066 022 0.4794 0.5786 0.4557 0.5786
022 066 0.4557 0.4794 0.1834 0.4794
001 050 0.5786 0.4557 0.5786 0.5786
050 001 0.4794 0.4557 0.5786 0.5786
045 061 0.4794 0.4794 0.5786 0.4794
061 045 0.4794 0.1834 0.5786 0.4557
123 086 0.1834 0.4794 0.4794 0.5786
086 123 0.1834 0.4794 0.4794 0.1834
040 118 0.4794 0.1834 0.5786 0.4794
118 040 0.4557 0.4557 0.5786 0.1834
113 000 0.4557 0.1834 0.5786 0.5786
000 113 0.1834 0.5786 0.5786 0.1834
075 102 0.5786 0.4794 0.4557 0.4557
102 075 0.4557 0.1834 0.4794 0.5786
090 032 0.4557 0.4794 0.4794 0.5786
032 090 0.4557 0.4794 0.1834 0.4794
053 046 0.4794 0.5786 0.4794 0.5786
046 053 0.4794 0.4557 0.5786 0.4557
060 019 0.1834 0.1834 0.1834 0.1834
019 060 0.1834 0.5786 0.1834 0.4794
078 054 0.5786 0.4557 0.5786 0.1834
054 078 0.4794 0.5786 0.5786 0.4794
124 091 0.4794 0.5786 0.4557 0.4794
091 124 0.1834 0.1834 0.4557 0.5786
083 011 0.4794 0.5786 0.4557 0.4557
011 083 0.5786 0.1834 0.4794 0.4794
095 044 0.4557 0.5786 0.4794 0.4794
044 095 0.4557 0.5786 0.1834 0.4557
024 068 0.1834 0.1834 0.1834 0.4794
068 024 0.4557 0.4557 0.4557 0.4557
072 027 0.5786 0.4794 0.5786 0.5786
027 072 0.4557 0.5786 0.5786 0.1834
077 026 0.4794 0.1834 0.5786 0.4794
026 077 0.4557 0.4794 0.4557 0.4557
033 084 0.4557 0.5786 0.4794 0.4794
084 033 0.4794 0.1834 0.4557 0.5786
134 119 0.4794 0.4794 0.4794 0.1834
119 134 0.1834 0.4557 0.5786 0.1834
003 067 0.4557 0.5786 0.4557 0.4794
067 003 0.1834 0.4794 0.4794 0.1834
073 063 0.4557 0.4557 0.1834 0.4557
063 073 0.1834 0.4557 0.4794 0.1834
064 079 0.4557 0.4557 0.5786 0.4794
079 064 0.1834 0.4794 0.1834 0.4794
008 130 0.4557 0.4794 0.4794 0.5786
130 008 0.4794 0.1834 0.4794 0.1834
110 129 0.4557 0.5786 0.4557 0.1834
129 110 0.4557 0.5786 0.4794 0.4794
028 006 0.4557 0.4557 0.1834 0.1834
006 028 0.1834 0.5786 0.4557 0.5786
043 128 0.1834 0.4557 0.4794 0.4794
128 043 0.5786 0.5786 0.4557 0.5786
034 059 0.5786 0.4557 0.4557 0.1834
059 034 0.5786 0.4794 0.5786 0.1834
039 116 0.5786 0.5786 0.4557 0.5786
116 039 0.5786 0.1834 0.5786 0.4794
