135 004556 1
028 082 0.6994 0.3669 0.6994 0.3669
082 093 0.4647 0.3669 0.8975 0.3669
093 028 0.8975 0.8975 0.6994 0.8975
012 072 0.3669 0.6994 0.3669 0.3669
072 012 0.8975 0.6994 0.8975 0.6994
042 016 0.8975 0.3669 0.6994 0.8975
016 042 0.6994 0.4647 0.8975 0.4647
001 057 0.8975 0.6994 0.6994 0.6994
057 001 0.3669 0.8975 0.3669 0.8975
056 105 0.4647 0.4647 0.3669 0.4647
105 056 0.4647 0.3669 0.6994 0.6994
010 111 0.4647 0.6994 0.3669 0.6994
111 010 0.4647 0.3669 0.8975 0.6994
031 090 0.4647 0.6994 0.8975 0.3669
090 031 0.4647 0.8975 0.4647 0.8975
120 081 0.4647 0.6994 0.4647 0.6994
081 120 0.4647 0.4647 0.6994 0.4647
132 115 0.4647 0.3669 0.8975 0.8975
115 132 0.3669 0.6994 0.3669 0.3669
047 051 0.3669 0.3669 0.3669 0.3669
051 047 0.8975 0.4647 0.3669 0.4647
125 119 0.3669 0.6994 0.4647 0.8975
119 125 0.6994 0.3669 0.4647 0.4647
079 025 0.6994 0.8975 0.3669 0.4647
025 079 0.6994 0.3669 0.8975 0.6994
006 009 0.4647 0.3669 0.8975 0.3669
009 006 0.4647 0.8975 0.3669 0.4647
069 099 0.4647 0.6994 0.8975 0.3669
099 069 0.8975 0.6994 0.8975 0.3669
131 040 0.3669 0.6994 0.6994 0.8975
040 131 0.3669 0.3669 0.3669 0.8975
037 035 0.8975 0.8975 0.6994 0.3669
035 037 0.4647 0.4647 0.3669 0.4647
013 126 0.4647 0.3669 0.6994 0.3669
126 013 0.6994 0.8975 0.3669 0.6994
034 014 0.4647 0.4647 0.4647 0.3669
014 034 0.3669 0.3669 0.4647 0.4647
062 032 0.3669 0.6994 0.4647 0.3669
032 062 0.4647 0.4647 0.8975 0.3669
027 066 0.4647 0.4647 0.4647 0.6994
066 027 0.4647 0.3669 0.6994 0.4647
110 019 0.6994 0.6994 0.8975 0.6994
019 110 0.6994 0.8975 0.3669 0.6994
021 095 0.4647 0.3669 0.3669 0.8975
095 021 0.3669 0.8975 0.6994 0.4647
113 107 0.6994 0.6994 0.8975 0.8975
107 113 0.3669 0.3669 0.8975 0.8975
036 106 0.8975 0.4647 0.6994 0.3669
106 036 0.8975 0.8975 0.4647 0.4647
024 052 0.8975 0.4647 0.6994 0.6994
052 024 0.4647 0.4647 0.6994 0.3669
058 000 0.6994 0.3669 0.3669 0.4647
000 058 0.4647 0.4647 0.8975 0.8975
078 073 0.8975 0.4647 0.3669 0.8975
073 078 0.8975 0.3669 0.8975 0.8975
129 094 0.3669 0.6994 0.3669 0.4647
094 129 0.4647 0.8975 0.6994 0.6994
108 053 0.3669 0.8975 0.6994 0.3669
053 108 0.8975 0.8975 0.4647 0.3669
033 102 0.8975 0.6994 0.6994 0.6994
102 033 0.8975 0.3669 0.4647 0.6994
127 043 0.8975 0.6994 0.3669 0.4647
043 127 0.4647 0.4647 0.4647 0.6994
063 080 0.3669 0.3669 0.3669 0.6994
080 063 0.3669 0.8975 0.4647 0.8975
045 004 0.4647 0.8975 0.6994 0.3669
004 045 0.4647 0.6994 0.4647 0.3669
054 084 0.3669 0.6994 0.8975 0.3669
084 054 0.8975 0.8975 0.8975 0.4647
005 118 0.4647 0.4647 0.8975 0.8975
118 005 0.8975 0.4647 0.8975 0.3669
044 011 0.8975 0.4647 0.8975 0.6994
011 044 0.4647 0.8975 0.8975 0.4647
117 070 0.4647 0.4647 0.3669 0.4647
070 117 0.6994 0.6994 0.8975 0.6994
101 065 0.6994 0.3669 0.3669 0.6994
065 101 0.6994 0.3669 0.8975 0.8975
015 112 0.3669 0.6994 0.4647 0.3669
112 015 0.4647 0.8975 0.8975 0.4647
134 087 0.8975 0.6994 0.4647 0.6994
087 134 0.8975 0.3669 0.3669 0.8975
123 049 0.6994 0.4647 0.8975 0.4647
049 123 0.3669 0.8975 0.3669 0.8975
026 068 0.4647 0.6994 0.4647 0.3669
068 026 0.4647 0.6994 0.6994 0.6994
055 096 0.6994 0.8975 0.3669 0.4647
096 055 0.3669 0.3669 0.6994 0.6994
130 077 0.6994 0.6994 0.8975 0.4647
077 130 0.3669 0.3669 0.3669 0.4647
116 060 0.6994 0.4647 0.6994 0.3669
060 116 0.6994 0.8975 0.8975 0.6994
074 114 0.3669 0.6994 0.3669 0.8975
114 074 0.3669 0.4647 0.4647 0.8975
100 002 0.8975 0.6994 0.3669 0.4647
002 100 0.6994 0.6994 0.6994 0.8975
098 071 0.6994 0.4647 0.8975 0.6994
071 098 0.4647 0.8975 0.6994 0.6994
128 020 0.6994 0.6994 0.8975 0.6994
020 128 0.4647 0.6994 0.8975 0.8975
017 076 0.6994 0.8975 0.8975 0.3669
076 017 0.6994 0.3669 0.4647 0.6994
023 088 0.3669 0.8975 0.6994 0.6994
088 023 0.3669 0.6994 0.3669 0.8975
039 003 0.8975 0.6994 0.6994 0.6994
003 039 0.8975 0.4647 0.8975 0.3669
067 075 0.8975 0.8975 0.4647 0.3669
075 067 0.6994 0.8975 0.3669 0.8975
104 086 0.3669 0.4647 0.3669 0.6994
086 104 0.8975 0.3669 0.8975 0.3669
133 038 0.3669 0.8975 0.4647 0.8975
038 133 0.3669 0.8975 0.6994 0.6994
007 091 0.4647 0.3669 0.8975 0.4647
091 007 0.8975 0.8975 0.3669 0.3669
109 029 0.6994 0.4647 0.6994 0.4647
029 109 0.3669 0.6994 0.8975 0.8975
018 122 0.4647 0.8975 0.3669 0.8975
122 018 0.3669 0.3669 0.8975 0.3669
124 083 0.3669 0.4647 0.3669 0.3669
083 124 0.3669 0.3669 0.8975 0.8975
059 041 0.6994 0.8975 0.6994 0.8975
041 059 0.6994 0.6994 0.8975 0.6994
048 061 0.6994 0.6994 0.3669 0.3669
061 048 0.6994 0.6994 0.8975 0.6994
092 046 0.3669 0.4647 0.8975 0.4647
046 092 0.3669 0.4647 0.4647 0.3669
064 085 0.3669 0.4647 0.8975 0.4647
085 064 0.4647 0.6994 0.3669 0.3669
030 089 0.6994 0.6994 0.4647 0.6994
089 030 0.6994 0.4647 0.3669 0.8975
022 050 0.6994 0.4647 0.4647 0.4647
050 022 0.8975 0.4647 0.6994 0.4647
121 008 0.4647 0.8975 0.4647 0.8975
008 121 0.6994 0.6994 0.6994 0.4647
097 103 0.8975 0.8975 0.3669 0.8975
103 097 0.8975 0.3669 0.8975 0.3669
