135 004556 1
071 003 0.3552 0.4257 0.3552 0.6063
003 058 0.5204 0.4257 0.4257 0.4257
058 003 0.3552 0.3552 0.3552 0.4257
085 083 0.6063 0.3552 0.5204 0.4257
083 085 0.4257 0.3552 0.5204 0.3552
090 131 0.3552 0.5204 0.3552 0.4257
131 090 0.5204 0.4257 0.4257 0.6063
064 106 0.4257 0.4257 0.3552 0.6063
106 064 0.6063 0.3552 0.5204 0.6063
021 093 0.3552 0.4257 0.6063 0.4257
093 021 0.3552 0.4257 0.3552 0.6063
087 018 0.3552 0.3552 0.6063 0.5204
018 087 0.5204 0.3552 0.3552 0.4257
114 034 0.6063 0.3552 0.6063 0.4257
034 114 0.3552 0.5204 0.4257 0.4257
096 032 0.6063 0.3552 0.6063 0.3552
032 096 0.3552 0.3552 0.4257 0.3552
042 013 0.6063 0.5204 0.3552 0.5204
013 042 0.5204 0.6063 0.5204 0.5204
039 041 0.3552 0.5204 0.3552 0.4257
041 039 0.6063 0.4257 0.6063 0.4257
010 066 0.3552 0.3552 0.6063 0.6063
066 010 0.5204 0.4257 0.3552 0.3552
125 113 0.6063 0.3552 0.5204 0.6063
113 125 0.4257 0.3552 0.4257 0.4257
049 105 0.4257 0.4257 0.4257 0.3552
105 049 0.6063 0.5204 0.6063 0.6063
080 017 0.3552 0.6063 0.4257 0.4257
017 080 0.4257 0.6063 0.4257 0.3552
015 065 0.3552 0.5204 0.3552 0.6063
065 015 0.5204 0.4257 0.5204 0.3552
086 046 0.4257 0.5204 0.5204 0.5204
046 086 0.5204 0.3552 0.3552 0.4257
134 067 0.4257 0.6063 0.4257 0.6063
067 134 0.3552 0.5204 0.4257 0.3552
075 123 0.5204 0.6063 0.3552 0.5204
123 075 0.3552 0.3552 0.5204 0.5204
001 007 0.4257 0.6063 0.4257 0.5204
007 001 0.4257 0.5204 0.6063 0.6063
008 103 0.6063 0.6063 0.3552 0.5204
103 008 0.6063 0.6063 0.5204 0.5204
110 098 0.6063 0.4257 0.5204 0.4257
098 110 0.6063 0.6063 0.5204 0.3552
130 104 0.6063 0.6063 0.3552 0.4257
104 130 0.6063 0.5204 0.3552 0.6063
005 111 0.4257 0.6063 0.6063 0.3552
111 005 0.3552 0.6063 0.3552 0.3552
116 030 0.3552 0.3552 0.3552 0.5204
030 116 0.3552 0.6063 0.6063 0.3552
128 014 0.3552 0.4257 0.4257 0.5204
014 128 0.3552 0.6063 0.4257 0.3552
117 122 0.6063 0.3552 0.3552 0.4257
122 117 0.3552 0.4257 0.3552 0.6063
031 100 0.3552 0.4257 0.4257 0.4257
100 031 0.4257 0.3552 0.5204 0.6063
029 044 0.6063 0.5204 0.4257 0.5204
044 029 0.3552 0.3552 0.5204 0.3552
062 028 0.3552 0.6063 0.4257 0.6063
028 062 0.4257 0.5204 0.5204 0.4257
115 099 0.3552 0.4257 0.5204 0.4257
099 115 0.3552 0.4257 0.4257 0.4257
047 094 0.4257 0.6063 0.6063 0.4257
094 047 0.5204 0.6063 0.5204 0.3552
056 022 0.6063 0.5204 0.6063 0.4257
022 056 0.3552 0.4257 0.6063 0.5204
061 082 0.5204 0.5204 0.3552 0.5204
082 061 0.4257 0.3552 0.5204 0.5204
119 054 0.3552 0.6063 0.4257 0.6063
054 119 0.6063 0.6063 0.5204 0.5204
057 025 0.3552 0.4257 0.3552 0.3552
025 057 0.5204 0.5204 0.5204 0.6063
126 020 0.6063 0.5204 0.6063 0.6063
020 126 0.4257 0.6063 0.4257 0.4257
118 023 0.6063 0.5204 0.3552 0.5204
023 118 0.3552 0.4257 0.5204 0.5204
051 088 0.5204 0.3552 0.3552 0.4257
088 051 0.3552 0.5204 0.6063 0.5204
002 052 0.3552 0.3552 0.6063 0.3552
052 002 0.4257 0.4257 0.6063 0.4257
077 053 0.3552 0.4257 0.3552 0.5204
053 077 0.5204 0.4257 0.3552 0.5204
084 037 0.5204 0.4257 0.3552 0.5204
037 084 0.4257 0.6063 0.6063 0.4257
097 016 0.5204 0.5204 0.6063 0.6063
016 097 0.5204 0.4257 0.6063 0.5204
074 109 0.4257 0.4257 0.6063 0.6063
109 074 0.5204 0.3552 0.6063 0.4257
035 112 0.4257 0.6063 0.4257 0.6063
112 035 0.4257 0.4257 0.3552 0.4257
095 102 0.3552 0.4257 0.3552 0.4257
102 095 0.6063 0.5204 0.6063 0.5204
120 107 0.3552 0.6063 0.4257 0.5204
107 120 0.5204 0.6063 0.4257 0.6063
133 040 0.5204 0.5204 0.4257 0.4257
040 133 0.6063 0.3552 0.3552 0.5204
076 012 0.5204 0.6063 0.3552 0.3552
012 076 0.6063 0.3552 0.3552 0.6063
070 000 0.6063 0.5204 0.3552 0.3552
000 070 0.4257 0.3552 0.3552 0.3552
079 124 0.3552 0.3552 0.5204 0.3552
124 079 0.4257 0.4257 0.5204 0.6063
069 006 0.5204 0.5204 0.6063 0.3552
006 069 0.5204 0.6063 0.4257 0.5204
050 009 0.3552 0.5204 0.3552 0.5204
009 050 0.5204 0.5204 0.5204 0.4257
026 048 0.5204 0.6063 0.5204 0.3552
048 026 0.5204 0.4257 0.3552 0.4257
063 091 0.5204 0.3552 0.3552 0.6063
091 063 0.6063 0.4257 0.5204 0.6063
011 059 0.3552 0.3552 0.6063 0.5204
059 011 0.3552 0.5204 0.6063 0.3552
129 043 0.6063 0.4257 0.4257 0.6063
043 129 0.6063 0.4257 0.4257 0.4257
092 068 0.6063 0.6063 0.4257 0.4257
068 092 0.4257 0.3552 0.4257 0.6063
081 121 0.6063 0.4257 0.3552 0.4257
121 081 0.3552 0.3552 0.3552 0.6063
073 108 0.4257 0.6063 0.5204 0.5204
108 073 0.3552 0.3552 0.6063 0.4257
060 033 0.5204 0.5204 0.4257 0.3552
033 060 0.3552 0.5204 0.6063 0.3552
127 055 0.4257 0.5204 0.4257 0.4257
055 127 0.3552 0.4257 0.5204 0.5204
024 078 0.5204 0.4257 0.6063 0.3552
078 024 0.4257 0.6063 0.3552 0.3552
004 101 0.4257 0.4257 0.3552 0.4257
101 004 0.6063 0.6063 0.6063 0.6063
045 132 0.5204 0.5204 0.5204 0.3552
132 045 0.6063 0.6063 0.3552 0.5204
038 036 0.5204 0.3552 0.4257 0.6063
036 038 0.4257 0.3552 0.5204 0.4257
089 072 0.6063 0.3552 0.3552 0.3552
072 089 0.4257 0.6063 0.4257 0.3552
027 019 0.6063 0.3552 0.4257 0.6063
019 027 0.3552 0.3552 0.4257 0.6063
