135 004556 1
029 068 0.1848 0.3398 0.1848 0.3398
107 029 0.3398 0.1848 0.2073 0.3398
068 029 0.1848 0.3398 0.2073 0.1848
053 037 0.5824 0.3398 0.5824 0.5824
037 053 0.1848 0.2073 0.3398 0.3398
017 115 0.1848 0.5824 0.3398 0.3398
115 017 0.5824 0.5824 0.1848 0.2073
014 094 0.1848 0.1848 0.1848 0.2073
094 014 0.1848 0.2073 0.5824 0.3398
046 133 0.5824 0.5824 0.5824 0.1848
133 046 0.5824 0.3398 0.1848 0.5824
099 123 0.1848 0.1848 0.5824 0.1848
123 099 0.5824 0.2073 0.2073 0.3398
079 102 0.1848 0.5824 0.1848 0.1848
102 079 0.5824 0.2073 0.2073 0.3398
112 045 0.3398 0.5824 0.5824 0.1848
045 112 0.3398 0.2073 0.5824 0.3398
020 081 0.3398 0.5824 0.3398 0.3398
081 020 0.2073 0.1848 0.2073 0.2073
100 038 0.5824 0.1848 0.1848 0.1848
038 100 0.2073 0.2073 0.2073 0.1848
005 086 0.2073 0.3398 0.1848 0.2073
086 005 0.3398 0.5824 0.1848 0.5824
025 059 0.5824 0.2073 0.5824 0.2073
059 025 0.3398 0.1848 0.1848 0.1848
109 096 0.1848 0.3398 0.3398 0.5824
096 109 0.3398 0.1848 0.3398 0.3398
026 034 0.1848 0.3398 0.2073 0.3398
034 026 0.3398 0.2073 0.5824 0.5824
056 069 0.1848 0.1848 0.2073 0.3398
069 056 0.1848 0.2073 0.5824 0.5824
119 101 0.2073 0.1848 0.2073 0.5824
101 119 0.3398 0.2073 0.2073 0.2073
023 032 0.1848 0.5824 0.3398 0.3398
032 023 0.3398 0.2073 0.1848 0.3398
049 072 0.5824 0.1848 0.1848 0.2073
072 049 0.1848 0.3398 0.2073 0.1848
036 048 0.3398 0.1848 0.3398 0.5824
048 036 0.2073 0.5824 0.3398 0.5824
040 116 0.3398 0.1848 0.3398 0.2073
116 040 0.2073 0.5824 0.5824 0.2073
082 015 0.3398 0.1848 0.5824 0.3398
015 082 0.2073 0.3398 0.3398 0.2073
000 051 0.2073 0.5824 0.3398 0.2073
051 000 0.5824 0.1848 0.1848 0.5824
083 087 0.2073 0.1848 0.1848 0.1848
087 083 0.2073 0.2073 0.2073 0.3398
003 122 0.3398 0.1848 0.5824 0.5824
122 003 0.2073 0.3398 0.2073 0.1848
039 103 0.1848 0.1848 0.2073 0.3398
103 039 0.5824 0.3398 0.5824 0.2073
055 030 0.3398 0.2073 0.3398 0.3398
030 055 0.3398 0.1848 0.3398 0.5824
098 130 0.1848 0.3398 0.1848 0.3398
130 098 0.3398 0.1848 0.3398 0.5824
078 064 0.1848 0.5824 0.3398 0.5824
064 078 0.5824 0.1848 0.1848 0.3398
124 050 0.5824 0.2073 0.3398 0.3398
050 124 0.1848 0.2073 0.2073 0.5824
108 047 0.2073 0.5824 0.5824 0.2073
047 108 0.3398 0.5824 0.3398 0.3398
117 002 0.2073 0.3398 0.3398 0.1848
002 117 0.2073 0.3398 0.5824 0.2073
097 128 0.2073 0.3398 0.1848 0.1848
128 097 0.2073 0.1848 0.3398 0.5824
043 073 0.5824 0.3398 0.5824 0.1848
073 043 0.2073 0.5824 0.2073 0.2073
035 033 0.3398 0.2073 0.1848 0.2073
033 035 0.2073 0.3398 0.1848 0.3398
044 028 0.2073 0.2073 0.2073 0.1848
028 044 0.1848 0.5824 0.5824 0.2073
024 052 0.5824 0.3398 0.3398 0.2073
052 024 0.1848 0.5824 0.5824 0.1848
062 113 0.1848 0.3398 0.3398 0.2073
113 062 0.5824 0.5824 0.3398 0.2073
054 016 0.1848 0.2073 0.3398 0.5824
016 054 0.5824 0.2073 0.5824 0.5824
009 058 0.5824 0.3398 0.5824 0.5824
058 009 0.2073 0.2073 0.2073 0.3398
085 042 0.3398 0.5824 0.3398 0.2073
042 085 0.1848 0.2073 0.2073 0.5824
131 077 0.5824 0.3398 0.3398 0.3398
077 131 0.3398 0.1848 0.5824 0.2073
031 057 0.3398 0.3398 0.5824 0.3398
057 031 0.2073 0.5824 0.1848 0.2073
004 089 0.2073 0.3398 0.3398 0.1848
089 004 0.2073 0.5824 0.3398 0.3398
104 134 0.1848 0.3398 0.2073 0.2073
134 104 0.3398 0.2073 0.1848 0.1848
074 127 0.3398 0.1848 0.5824 0.2073
127 074 0.1848 0.1848 0.3398 0.2073
126 065 0.3398 0.3398 0.3398 0.1848
065 126 0.1848 0.1848 0.3398 0.1848
019 125 0.3398 0.5824 0.1848 0.5824
125 019 0.3398 0.2073 0.2073 0.2073
070 018 0.1848 0.1848 0.2073 0.5824
018 070 0.1848 0.5824 0.3398 0.1848
129 084 0.1848 0.2073 0.5824 0.3398
084 129 0.2073 0.1848 0.1848 0.5824
041 105 0.2073 0.3398 0.2073 0.2073
105 041 0.5824 0.1848 0.2073 0.3398
063 092 0.5824 0.1848 0.3398 0.1848
092 063 0.5824 0.1848 0.2073 0.1848
013 118 0.1848 0.2073 0.5824 0.5824
118 013 0.3398 0.3398 0.2073 0.2073
060 007 0.1848 0.1848 0.3398 0.5824
007 060 0.1848 0.2073 0.1848 0.3398
120 027 0.2073 0.2073 0.5824 0.3398
027 120 0.3398 0.1848 0.3398 0.1848
071 022 0.2073 0.3398 0.5824 0.2073
022 071 0.3398 0.2073 0.5824 0.1848
111 088 0.1848 0.2073 0.5824 0.3398
088 111 0.5824 0.5824 0.3398 0.5824
091 095 0.5824 0.1848 0.2073 0.5824
095 091 0.1848 0.1848 0.3398 0.5824
121 006 0.1848 0.5824 0.1848 0.3398
006 121 0.2073 0.2073 0.2073 0.3398
093 066 0.3398 0.2073 0.1848 0.5824
066 093 0.3398 0.3398 0.1848 0.1848
080 076 0.5824 0.2073 0.5824 0.3398
076 080 0.3398 0.5824 0.5824 0.3398
010 012 0.5824 0.1848 0.1848 0.5824
012 010 0.5824 0.3398 0.2073 0.5824
075 114 0.1848 0.2073 0.5824 0.1848
114 075 0.5824 0.1848 0.3398 0.3398
110 106 0.3398 0.5824 0.2073 0.1848
106 110 0.5824 0.3398 0.2073 0.5824
001 061 0.5824 0.3398 0.5824 0.5824
061 001 0.1848 0.1848 0.5824 0.5824
090 008 0.5824 0.1848 0.2073 0.3398
008 090 0.1848 0.3398 0.2073 0.2073
011 067 0.5824 0.1848 0.2073 0.2073
067 011 0.5824 0.5824 0.1848 0.5824
021 132 0.5824 0.2073 0.2073 0.2073
132 021 0.2073 0.2073 0.1848 0.3398
