135 004556 1
114 079 0.7448 0.1688 0.7741 0.1688
017 079 0.1688 0.1688 0.7448 0.7741
079 114 0.7448 0.7741 0.7741 0.7741
132 120 0.1688 0.7741 0.1688 0.7126
120 132 0.7126 0.7741 0.7448 0.7126
010 044 0.7448 0.7126 0.1688 0.7126
044 010 0.7741 0.7741 0.7741 0.7448
046 056 0.7741 0.7448 0.7448 0.7126
056 046 0.7126 0.7448 0.7126 0.1688
002 097 0.7448 0.1688 0.7448 0.7448
097 002 0.7126 0.7448 0.1688 0.7741
011 119 0.1688 0.7741 0.1688 0.7741
119 011 0.1688 0.1688 0.1688 0.7126
006 021 0.7126 0.7741 0.7741 0.1688
021 006 0.1688 0.1688 0.7741 0.7741
030 064 0.1688 0.1688 0.7126 0.7126
064 030 0.7126 0.1688 0.7126 0.7126
095 036 0.7741 0.7126 0.7448 0.7126
036 095 0.1688 0.1688 0.7126 0.1688
076 088 0.7741 0.7448 0.7448 0.7741
088 076 0.7448 0.7126 0.1688 0.7126
019 108 0.7448 0.7448 0.7741 0.7126
108 019 0.7741 0.7126 0.7448 0.7448
037 100 0.7448 0.7448 0.7741 0.7126
100 037 0.7126 0.7741 0.1688 0.7741
134 110 0.1688 0.7741 0.7126 0.7448
110 134 0.7741 0.7448 0.1688 0.7741
001 007 0.1688 0.1688 0.1688 0.7448
007 001 0.7126 0.1688 0.7126 0.7741
078 031 0.7126 0.1688 0.7741 0.7741
031 078 0.7741 0.7126 0.7448 0.1688
084 062 0.7448 0.7741 0.1688 0.7741
062 084 0.7448 0.7448 0.7448 0.1688
126 107 0.7741 0.7741 0.7448 0.7448
107 126 0.1688 0.7126 0.7126 0.1688
065 004 0.7741 0.7741 0.7741 0.7126
004 065 0.1688 0.7741 0.7448 0.7126
081 035 0.7448 0.7126 0.7126 0.7741
035 081 0.7448 0.1688 0.7126 0.7126
086 016 0.7126 0.1688 0.7126 0.7448
016 086 0.7741 0.7126 0.7741 0.7741
082 003 0.7741 0.7126 0.7448 0.7126
003 082 0.1688 0.7741 0.7741 0.1688
111 028 0.7126 0.7741 0.7126 0.7448
028 111 0.7741 0.7448 0.7448 0.7741
105 033 0.1688 0.1688 0.1688 0.1688
033 105 0.1688 0.7126 0.1688 0.7741
027 101 0.1688 0.1688 0.1688 0.1688
101 027 0.7448 0.1688 0.1688 0.7126
075 055 0.1688 0.7126 0.7126 0.7741
055 075 0.7741 0.7126 0.7126 0.7741
068 014 0.7741 0.7126 0.7741 0.7448
014 068 0.7126 0.7448 0.7448 0.7741
049 074 0.7741 0.7126 0.1688 0.1688
074 049 0.7448 0.7448 0.1688 0.7126
094 022 0.1688 0.7448 0.1688 0.7448
022 094 0.1688 0.1688 0.7448 0.1688
042 054 0.7448 0.7126 0.7741 0.7126
054 042 0.7741 0.7448 0.1688 0.7126
099 069 0.7126 0.7126 0.7741 0.7448
069 099 0.7741 0.7741 0.7448 0.7741
038 024 0.7126 0.7741 0.1688 0.7448
024 038 0.1688 0.7448 0.7126 0.7126
025 117 0.7448 0.7741 0.7448 0.7448
117 025 0.7448 0.7448 0.7448 0.7741
090 127 0.7126 0.7448 0.1688 0.1688
127 090 0.7126 0.7741 0.7448 0.1688
026 018 0.7126 0.7126 0.7741 0.1688
018 026 0.7126 0.1688 0.7126 0.7448
071 125 0.7126 0.7448 0.7448 0.1688
125 071 0.7126 0.7448 0.7126 0.7126
129 015 0.7741 0.7448 0.7448 0.7448
015 129 0.1688 0.7448 0.7126 0.7126
091 012 0.7126 0.7126 0.1688 0.1688
012 091 0.1688 0.7741 0.7448 0.1688
005 072 0.7741 0.7126 0.7448 0.1688
072 005 0.7448 0.1688 0.1688 0.1688
087 116 0.7448 0.7741 0.1688 0.7126
116 087 0.1688 0.7448 0.7448 0.7448
077 093 0.7741 0.7126 0.1688 0.7448
093 077 0.7126 0.7741 0.7448 0.7741
023 118 0.7448 0.7126 0.1688 0.7448
118 023 0.1688 0.7448 0.7126 0.7126
089 040 0.1688 0.1688 0.7741 0.7126
040 089 0.7741 0.7126 0.1688 0.7126
048 124 0.1688 0.7741 0.7741 0.1688
124 048 0.7741 0.7126 0.7448 0.1688
109 057 0.7448 0.7741 0.7126 0.7448
057 109 0.7448 0.1688 0.1688 0.1688
083 066 0.7126 0.7126 0.7448 0.7126
066 083 0.7126 0.7448 0.1688 0.7741
051 043 0.7741 0.7448 0.7448 0.1688
043 051 0.7741 0.7448 0.1688 0.7126
121 063 0.7126 0.7126 0.7126 0.1688
063 121 0.7448 0.1688 0.7448 0.7448
052 008 0.7741 0.7448 0.7448 0.7741
008 052 0.1688 0.7448 0.7448 0.7448
096 080 0.7741 0.7126 0.7448 0.7741
080 096 0.7741 0.7126 0.7448 0.1688
061 058 0.7448 0.7448 0.7448 0.1688
058 061 0.7126 0.7741 0.1688 0.7126
039 106 0.7448 0.1688 0.1688 0.1688
106 039 0.1688 0.7448 0.7741 0.1688
103 098 0.7126 0.7126 0.7448 0.7448
098 103 0.7741 0.7126 0.1688 0.7741
032 092 0.7741 0.1688 0.7126 0.1688
092 032 0.1688 0.7126 0.7126 0.7741
009 059 0.7448 0.7126 0.7126 0.7448
059 009 0.7741 0.7448 0.7448 0.1688
060 070 0.7448 0.7126 0.7448 0.7448
070 060 0.1688 0.1688 0.7741 0.1688
034 029 0.7741 0.7741 0.1688 0.1688
029 034 0.7126 0.7448 0.7126 0.7448
123 104 0.7126 0.7741 0.7126 0.7448
104 123 0.7448 0.7448 0.7126 0.7126
045 131 0.7448 0.7126 0.7448 0.7741
131 045 0.7448 0.7741 0.7126 0.7741
047 130 0.7126 0.1688 0.7741 0.1688
130 047 0.7741 0.7448 0.1688 0.7448
115 085 0.7126 0.7126 0.1688 0.7741
085 115 0.1688 0.1688 0.7741 0.7126
102 013 0.1688 0.7126 0.7741 0.1688
013 102 0.7448 0.1688 0.7741 0.7741
112 050 0.1688 0.7126 0.7448 0.7741
050 112 0.1688 0.1688 0.7448 0.7126
128 122 0.7126 0.7126 0.7448 0.7448
122 128 0.7741 0.7126 0.1688 0.7448
020 133 0.1688 0.7126 0.7448 0.1688
133 020 0.1688 0.1688 0.1688 0.7448
053 073 0.7741 0.7126 0.1688 0.7126
073 053 0.7741 0.1688 0.7126 0.1688
000 113 0.7448 0.7741 0.7126 0.1688
113 000 0.1688 0.7741 0.7126 0.7448
067 041 0.1688 0.7448 0.1688 0.7741
041 067 0.7741 0.7448 0.7126 0.1688
