356 031684 3
067 185 250 057 0.9950 0.9950 0.9950 0.9950 0.6078 0.9950 0.9950 0.6078 0.6078 0.9950 0.9950 0.9950 0.9950 0.9950 0.6078 0.9950
185 250 057 074 0.6078 0.9950 0.9950 0.9950 0.9950 0.9950 0.9950 0.9950 0.6078 0.9950 0.9950 0.6078 0.6078 0.6078 0.6078 0.9950
250 057 074 008 0.9950 0.6078 0.9950 0.9950 0.6078 0.9950 0.9950 0.6078 0.6078 0.6078 0.6078 0.9950 0.6078 0.9950 0.6078 0.6078
057 074 008 135 0.9950 0.9950 0.9950 0.9950 0.6078 0.9950 0.6078 0.6078 0.9950 0.9950 0.6078 0.9950 0.6078 0.6078 0.9950 0.9950
074 008 135 298 0.9950 0.6078 0.9950 0.9950 0.6078 0.9950 0.6078 0.6078 0.6078 0.6078 0.9950 0.6078 0.9950 0.6078 0.9950 0.9950
008 135 298 147 0.9950 0.9950 0.9950 0.6078 0.9950 0.9950 0.9950 0.9950 0.6078 0.6078 0.6078 0.9950 0.6078 0.9950 0.9950 0.6078
135 298 147 327 0.6078 0.6078 0.6078 0.6078 0.6078 0.9950 0.9950 0.6078 0.6078 0.6078 0.9950 0.6078 0.6078 0.6078 0.6078 0.9950
298 147 327 198 0.6078 0.9950 0.6078 0.9950 0.6078 0.6078 0.9950 0.6078 0.9950 0.6078 0.6078 0.6078 0.6078 0.6078 0.6078 0.9950
147 327 198 303 0.9950 0.6078 0.6078 0.9950 0.6078 0.6078 0.6078 0.6078 0.9950 0.9950 0.9950 0.6078 0.6078 0.6078 0.9950 0.9950
327 198 303 069 0.6078 0.6078 0.6078 0.6078 0.6078 0.9950 0.9950 0.9950 0.9950 0.9950 0.6078 0.9950 0.6078 0.6078 0.9950 0.6078
198 303 069 166 0.6078 0.9950 0.6078 0.9950 0.6078 0.9950 0.6078 0.6078 0.6078 0.9950 0.9950 0.9950 0.9950 0.9950 0.6078 0.6078
303 069 166 221 0.6078 0.9950 0.6078 0.6078 0.6078 0.6078 0.9950 0.6078 0.6078 0.9950 0.6078 0.6078 0.9950 0.6078 0.9950 0.9950
069 166 221 190 0.9950 0.9950 0.6078 0.9950 0.9950 0.9950 0.9950 0.6078 0.6078 0.6078 0.9950 0.9950 0.6078 0.9950 0.6078 0.6078
166 221 190 112 0.6078 0.9950 0.6078 0.9950 0.6078 0.6078 0.9950 0.9950 0.6078 0.9950 0.6078 0.6078 0.9950 0.6078 0.6078 0.9950
221 190 112 075 0.6078 0.6078 0.6078 0.9950 0.6078 0.9950 0.9950 0.9950 0.6078 0.6078 0.6078 0.9950 0.6078 0.9950 0.6078 0.6078
190 112 075 157 0.9950 0.9950 0.9950 0.6078 0.6078 0.9950 0.9950 0.6078 0.9950 0.6078 0.9950 0.6078 0.9950 0.9950 0.9950 0.9950
112 075 157 016 0.9950 0.6078 0.6078 0.9950 0.9950 0.6078 0.9950 0.6078 0.9950 0.6078 0.9950 0.6078 0.9950 0.9950 0.6078 0.6078
075 157 016 209 0.9950 0.9950 0.9950 0.6078 0.6078 0.9950 0.9950 0.6078 0.6078 0.6078 0.6078 0.6078 0.9950 0.6078 0.9950 0.9950
157 016 209 028 0.6078 0.9950 0.9950 0.6078 0.9950 0.9950 0.6078 0.9950 0.6078 0.6078 0.9950 0.6078 0.6078 0.6078 0.9950 0.9950
016 209 028 136 0.9950 0.9950 0.6078 0.9950 0.6078 0.9950 0.6078 0.6078 0.9950 0.9950 0.6078 0.6078 0.6078 0.9950 0.6078 0.9950
209 028 136 084 0.9950 0.6078 0.9950 0.9950 0.9950 0.9950 0.6078 0.9950 0.9950 0.6078 0.6078 0.6078 0.6078 0.9950 0.9950 0.6078
028 136 084 335 0.6078 0.9950 0.6078 0.6078 0.6078 0.9950 0.9950 0.9950 0.9950 0.9950 0.9950 0.9950 0.6078 0.9950 0.9950 0.6078
136 084 335 036 0.9950 0.9950 0.6078 0.9950 0.6078 0.6078 0.6078 0.9950 0.6078 0.9950 0.9950 0.6078 0.6078 0.6078 0.9950 0.9950
084 335 036 047 0.9950 0.6078 0.9950 0.9950 0.6078 0.9950 0.6078 0.9950 0.6078 0.9950 0.6078 0.9950 0.6078 0.9950 0.9950 0.6078
335 036 047 081 0.6078 0.9950 0.6078 0.9950 0.6078 0.6078 0.9950 0.6078 0.9950 0.9950 0.9950 0.6078 0.6078 0.9950 0.9950 0.6078
036 047 081 055 0.9950 0.9950 0.6078 0.9950 0.9950 0.6078 0.9950 0.9950 0.6078 0.9950 0.9950 0.9950 0.9950 0.6078 0.6078 0.9950
047 081 055 267 0.6078 0.6078 0.9950 0.9950 0.9950 0.9950 0.9950 0.9950 0.6078 0.9950 0.9950 0.6078 0.9950 0.6078 0.6078 0.9950
081 055 267 349 0.6078 0.6078 0.6078 0.9950 0.6078 0.9950 0.9950 0.6078 0.9950 0.9950 0.9950 0.6078 0.9950 0.9950 0.6078 0.6078
055 267 349 290 0.9950 0.6078 0.6078 0.9950 0.9950 0.6078 0.9950 0.9950 0.6078 0.9950 0.9950 0.9950 0.9950 0.6078 0.6078 0.6078
267 349 290 206 0.6078 0.9950 0.6078 0.6078 0.6078 0.9950 0.6078 0.9950 0.6078 0.6078 0.6078 0.6078 0.6078 0.9950 0.9950 0.6078
349 290 206 140 0.9950 0.9950 0.9950 0.6078 0.6078 0.9950 0.6078 0.9950 0.6078 0.9950 0.6078 0.6078 0.6078 0.6078 0.6078 0.6078
290 206 140 274 0.6078 0.6078 0.9950 0.9950 0.6078 0.6078 0.6078 0.9950 0.6078 0.6078 0.9950 0.6078 0.9950 0.6078 0.6078 0.9950
206 140 274 085 0.6078 0.6078 0.9950 0.9950 0.9950 0.6078 0.6078 0.6078 0.9950 0.9950 0.6078 0.6078 0.9950 0.9950 0.6078 0.6078
140 274 085 315 0.9950 0.6078 0.9950 0.9950 0.6078 0.9950 0.6078 0.9950 0.9950 0.9950 0.9950 0.6078 0.9950 0.9950 0.9950 0.9950
274 085 315 247 0.6078 0.9950 0.9950 0.9950 0.6078 0.9950 0.6078 0.9950 0.9950 0.9950 0.9950 0.9950 0.9950 0.9950 0.6078 0.9950
085 315 247 261 0.9950 0.9950 0.6078 0.9950 0.9950 0.9950 0.6078 0.9950 0.9950 0.6078 0.6078 0.6078 0.6078 0.9950 0.6078 0.6078
315 247 261 145 0.9950 0.9950 0.6078 0.6078 0.9950 0.9950 0.9950 0.9950 0.6078 0.9950 0.6078 0.9950 0.9950 0.9950 0.9950 0.6078
247 261 145 092 0.6078 0.6078 0.6078 0.9950 0.9950 0.9950 0.9950 0.6078 0.6078 0.9950 0.6078 0.9950 0.9950 0.9950 0.9950 0.6078
261 145 092 306 0.6078 0.9950 0.6078 0.6078 0.9950 0.9950 0.6078 0.9950 0.9950 0.9950 0.9950 0.9950 0.6078 0.6078 0.6078 0.6078
145 092 306 200 0.6078 0.9950 0.6078 0.6078 0.9950 0.6078 0.6078 0.9950 0.6078 0.9950 0.9950 0.9950 0.6078 0.9950 0.9950 0.6078
092 306 200 139 0.9950 0.9950 0.6078 0.6078 0.6078 0.6078 0.9950 0.6078 0.6078 0.6078 0.6078 0.9950 0.9950 0.9950 0.6078 0.9950
306 200 139 159 0.6078 0.6078 0.9950 0.6078 0.6078 0.6078 0.6078 0.6078 0.9950 0.6078 0.6078 0.9950 0.6078 0.6078 0.9950 0.6078
200 139 159 243 0.6078 0.6078 0.6078 0.9950 0.9950 0.6078 0.6078 0.9950 0.9950 0.9950 0.9950 0.6078 0.6078 0.9950 0.6078 0.6078
139 159 243 288 0.6078 0.9950 0.6078 0.6078 0.6078 0.6078 0.9950 0.6078 0.6078 0.6078 0.6078 0.6078 0.6078 0.9950 0.9950 0.9950
159 243 288 176 0.9950 0.6078 0.6078 0.9950 0.9950 0.6078 0.9950 0.6078 0.6078 0.6078 0.9950 0.6078 0.6078 0.6078 0.6078 0.6078
243 288 176 278 0.6078 0.9950 0.9950 0.6078 0.6078 0.9950 0.6078 0.6078 0.9950 0.6078 0.9950 0.9950 0.6078 0.9950 0.9950 0.9950
288 176 278 240 0.6078 0.6078 0.9950 0.9950 0.9950 0.6078 0.9950 0.9950 0.6078 0.9950 0.9950 0.9950 0.6078 0.6078 0.9950 0.9950
176 278 240 053 0.6078 0.6078 0.6078 0.9950 0.6078 0.6078 0.6078 0.9950 0.9950 0.6078 0.6078 0.6078 0.6078 0.6078 0.6078 0.9950
278 240 053 165 0.6078 0.9950 0.9950 0.6078 0.9950 0.9950 0.6078 0.9950 0.9950 0.6078 0.9950 0.6078 0.9950 0.9950 0.6078 0.6078
240 053 165 044 0.9950 0.9950 0.9950 0.9950 0.6078 0.9950 0.6078 0.9950 0.9950 0.9950 0.6078 0.9950 0.9950 0.6078 0.6078 0.9950
053 165 044 031 0.6078 0.9950 0.9950 0.9950 0.6078 0.9950 0.6078 0.6078 0.9950 0.9950 0.9950 0.9950 0.6078 0.9950 0.9950 0.9950
165 044 031 211 0.6078 0.6078 0.9950 0.9950 0.6078 0.9950 0.6078 0.6078 0.6078 0.9950 0.9950 0.9950 0.6078 0.9950 0.6078 0.9950
044 031 211 181 0.9950 0.6078 0.6078 0.9950 0.9950 0.6078 0.9950 0.9950 0.6078 0.9950 0.6078 0.6078 0.6078 0.9950 0.9950 0.9950
031 211 181 161 0.6078 0.6078 0.9950 0.9950 0.9950 0.9950 0.6078 0.9950 0.9950 0.6078 0.9950 0.9950 0.6078 0.6078 0.9950 0.9950
211 181 161 217 0.6078 0.6078 0.9950 0.9950 0.6078 0.9950 0.9950 0.6078 0.6078 0.9950 0.9950 0.6078 0.6078 0.6078 0.9950 0.9950
181 161 217 208 0.6078 0.6078 0.6078 0.6078 0.9950 0.9950 0.9950 0.9950 0.6078 0.9950 0.6078 0.6078 0.9950 0.6078 0.6078 0.9950
161 217 208 117 0.9950 0.9950 0.6078 0.6078 0.6078 0.9950 0.9950 0.9950 0.9950 0.9950 0.6078 0.9950 0.9950 0.9950 0.6078 0.6078
217 208 117 039 0.9950 0.9950 0.9950 0.6078 0.6078 0.9950 0.6078 0.9950 0.6078 0.6078 0.6078 0.6078 0.9950 0.6078 0.6078 0.6078
208 117 039 102 0.9950 0.6078 0.6078 0.6078 0.9950 0.6078 0.9950 0.6078 0.9950 0.6078 0.6078 0.6078 0.6078 0.9950 0.6078 0.9950
117 039 102 099 0.6078 0.9950 0.6078 0.9950 0.6078 0.6078 0.6078 0.6078 0.6078 0.9950 0.9950 0.6078 0.9950 0.6078 0.6078 0.6078
039 102 099 049 0.6078 0.6078 0.6078 0.9950 0.6078 0.6078 0.9950 0.9950 0.9950 0.9950 0.6078 0.9950 0.9950 0.6078 0.9950 0.6078
102 099 049 258 0.9950 0.9950 0.6078 0.9950 0.6078 0.6078 0.6078 0.6078 0.9950 0.6078 0.9950 0.6078 0.6078 0.6078 0.9950 0.6078
099 049 258 061 0.9950 0.9950 0.6078 0.6078 0.6078 0.9950 0.6078 0.9950 0.9950 0.6078 0.6078 0.6078 0.6078 0.6078 0.9950 0.6078
049 258 061 229 0.9950 0.6078 0.6078 0.6078 0.9950 0.6078 0.6078 0.9950 0.6078 0.6078 0.9950 0.9950 0.6078 0.6078 0.6078 0.9950
258 061 229 042 0.9950 0.9950 0.6078 0.6078 0.9950 0.6078 0.6078 0.9950 0.9950 0.9950 0.9950 0.9950 0.9950 0.9950 0.6078 0.6078
061 229 042 302 0.9950 0.9950 0.9950 0.9950 0.6078 0.6078 0.9950 0.9950 0.9950 0.9950 0.9950 0.6078 0.9950 0.6078 0.9950 0.6078
229 042 302 131 0.9950 0.9950 0.6078 0.9950 0.9950 0.9950 0.9950 0.6078 0.6078 0.6078 0.9950 0.9950 0.6078 0.6078 0.9950 0.6078
042 302 131 296 0.6078 0.9950 0.9950 0.9950 0.6078 0.9950 0.9950 0.9950 0.6078 0.6078 0.6078 0.9950 0.6078 0.9950 0.6078 0.6078
302 131 296 202 0.9950 0.6078 0.6078 0.6078 0.9950 0.9950 0.9950 0.9950 0.6078 0.9950 0.9950 0.9950 0.9950 0.6078 0.6078 0.9950
131 296 202 320 0.9950 0.9950 0.6078 0.9950 0.9950 0.6078 0.9950 0.9950 0.6078 0.6078 0.9950 0.6078 0.9950 0.6078 0.6078 0.9950
296 202 320 086 0.6078 0.6078 0.9950 0.6078 0.6078 0.9950 0.6078 0.9950 0.9950 0.6078 0.9950 0.6078 0.6078 0.6078 0.9950 0.6078
202 320 086 184 0.6078 0.6078 0.6078 0.6078 0.9950 0.6078 0.9950 0.6078 0.9950 0.9950 0.9950 0.9950 0.6078 0.6078 0.6078 0.9950
320 086 184 242 0.9950 0.6078 0.6078 0.9950 0.9950 0.6078 0.9950 0.9950 0.9950 0.6078 0.6078 0.6078 0.6078 0.6078 0.6078 0.6078
086 184 242 193 0.6078 0.9950 0.9950 0.9950 0.6078 0.6078 0.6078 0.9950 0.6078 0.6078 0.9950 0.9950 0.9950 0.6078 0.6078 0.6078
184 242 193 343 0.9950 0.9950 0.9950 0.6078 0.9950 0.6078 0.6078 0.9950 0.6078 0.9950 0.9950 0.9950 0.6078 0.6078 0.6078 0.6078
242 193 343 285 0.9950 0.9950 0.6078 0.6078 0.6078 0.6078 0.9950 0.6078 0.6078 0.6078 0.9950 0.9950 0.6078 0.9950 0.9950 0.9950
193 343 285 329 0.6078 0.9950 0.9950 0.6078 0.9950 0.6078 0.6078 0.9950 0.6078 0.9950 0.9950 0.6078 0.9950 0.6078 0.9950 0.9950
343 285 329 120 0.9950 0.9950 0.9950 0.6078 0.6078 0.9950 0.6078 0.6078 0.6078 0.9950 0.6078 0.6078 0.6078 0.6078 0.6078 0.6078
285 329 120 310 0.6078 0.9950 0.9950 0.9950 0.6078 0.6078 0.6078 0.6078 0.6078 0.6078 0.6078 0.9950 0.6078 0.9950 0.6078 0.6078
329 120 310 116 0.6078 0.9950 0.9950 0.6078 0.9950 0.9950 0.9950 0.9950 0.9950 0.6078 0.6078 0.6078 0.9950 0.9950 0.6078 0.9950
120 310 116 106 0.9950 0.9950 0.6078 0.9950 0.6078 0.6078 0.9950 0.9950 0.6078 0.6078 0.9950 0.9950 0.9950 0.9950 0.6078 0.9950
310 116 106 045 0.6078 0.9950 0.6078 0.6078 0.6078 0.6078 0.9950 0.6078 0.9950 0.6078 0.9950 0.6078 0.9950 0.9950 0.6078 0.9950
116 106 045 149 0.6078 0.6078 0.6078 0.6078 0.9950 0.9950 0.6078 0.9950 0.9950 0.6078 0.6078 0.6078 0.9950 0.6078 0.6078 0.6078
106 045 149 324 0.6078 0.9950 0.9950 0.6078 0.9950 0.6078 0.6078 0.6078 0.9950 0.6078 0.6078 0.9950 0.9950 0.9950 0.9950 0.9950
045 149 324 314 0.9950 0.6078 0.6078 0.6078 0.6078 0.6078 0.6078 0.9950 0.9950 0.9950 0.9950 0.6078 0.6078 0.6078 0.9950 0.6078
149 324 314 096 0.9950 0.6078 0.9950 0.9950 0.9950 0.9950 0.9950 0.6078 0.6078 0.9950 0.6078 0.9950 0.9950 0.6078 0.9950 0.6078
324 314 096 090 0.6078 0.6078 0.6078 0.6078 0.6078 0.9950 0.9950 0.9950 0.6078 0.6078 0.6078 0.6078 0.6078 0.9950 0.6078 0.6078
314 096 090 040 0.6078 0.6078 0.6078 0.9950 0.6078 0.6078 0.9950 0.9950 0.6078 0.6078 0.6078 0.6078 0.6078 0.9950 0.6078 0.9950
096 090 040 264 0.6078 0.6078 0.9950 0.9950 0.6078 0.9950 0.6078 0.9950 0.9950 0.6078 0.6078 0.6078 0.9950 0.6078 0.9950 0.6078
090 040 264 272 0.6078 0.9950 0.6078 0.9950 0.9950 0.6078 0.6078 0.6078 0.9950 0.6078 0.9950 0.6078 0.6078 0.6078 0.6078 0.6078
040 264 272 009 0.9950 0.6078 0.6078 0.6078 0.9950 0.6078 0.9950 0.9950 0.6078 0.9950 0.6078 0.9950 0.9950 0.9950 0.6078 0.9950
264 272 009 307 0.9950 0.9950 0.6078 0.9950 0.6078 0.6078 0.6078 0.6078 0.9950 0.6078 0.9950 0.9950 0.9950 0.6078 0.9950 0.9950
272 009 307 150 0.9950 0.9950 0.9950 0.6078 0.6078 0.9950 0.6078 0.9950 0.6078 0.9950 0.6078 0.9950 0.6078 0.9950 0.9950 0.9950
009 307 150 017 0.6078 0.9950 0.9950 0.9950 0.9950 0.9950 0.9950 0.9950 0.9950 0.6078 0.6078 0.9950 0.6078 0.9950 0.9950 0.6078
307 150 017 337 0.9950 0.9950 0.9950 0.6078 0.6078 0.9950 0.6078 0.6078 0.6078 0.6078 0.6078 0.9950 0.9950 0.6078 0.9950 0.9950
150 017 337 309 0.6078 0.6078 0.9950 0.9950 0.6078 0.9950 0.9950 0.9950 0.9950 0.6078 0.9950 0.9950 0.9950 0.6078 0.6078 0.6078
017 337 309 275 0.6078 0.9950 0.6078 0.6078 0.9950 0.9950 0.6078 0.6078 0.9950 0.9950 0.9950 0.6078 0.9950 0.9950 0.6078 0.6078
337 309 275 232 0.9950 0.6078 0.9950 0.9950 0.6078 0.9950 0.9950 0.6078 0.9950 0.6078 0.6078 0.6078 0.6078 0.9950 0.9950 0.9950
309 275 232 282 0.9950 0.9950 0.9950 0.9950 0.6078 0.6078 0.9950 0.9950 0.6078 0.9950 0.6078 0.9950 0.6078 0.9950 0.9950 0.9950
275 232 282 225 0.6078 0.9950 0.9950 0.9950 0.9950 0.6078 0.9950 0.9950 0.9950 0.6078 0.6078 0.9950 0.9950 0.9950 0.9950 0.9950
232 282 225 252 0.6078 0.9950 0.6078 0.6078 0.9950 0.9950 0.6078 0.9950 0.9950 0.6078 0.6078 0.6078 0.9950 0.6078 0.9950 0.6078
282 225 252 180 0.6078 0.9950 0.6078 0.9950 0.6078 0.9950 0.6078 0.6078 0.9950 0.6078 0.6078 0.9950 0.6078 0.6078 0.9950 0.9950
225 252 180 060 0.9950 0.9950 0.9950 0.6078 0.6078 0.6078 0.9950 0.9950 0.6078 0.6078 0.6078 0.9950 0.9950 0.9950 0.6078 0.9950
252 180 060 287 0.6078 0.9950 0.6078 0.9950 0.9950 0.6078 0.9950 0.6078 0.6078 0.6078 0.6078 0.9950 0.6078 0.6078 0.6078 0.9950
180 060 287 354 0.6078 0.6078 0.9950 0.6078 0.6078 0.9950 0.9950 0.9950 0.6078 0.9950 0.6078 0.9950 0.9950 0.9950 0.9950 0.9950
060 287 354 065 0.9950 0.9950 0.9950 0.9950 0.9950 0.6078 0.6078 0.9950 0.9950 0.9950 0.9950 0.9950 0.9950 0.9950 0.6078 0.9950
287 354 065 146 0.9950 0.9950 0.6078 0.6078 0.9950 0.6078 0.6078 0.9950 0.6078 0.9950 0.9950 0.6078 0.6078 0.9950 0.9950 0.9950
354 065 146 168 0.9950 0.9950 0.6078 0.6078 0.6078 0.9950 0.9950 0.6078 0.9950 0.6078 0.9950 0.6078 0.6078 0.9950 0.9950 0.9950
065 146 168 024 0.9950 0.9950 0.9950 0.6078 0.9950 0.6078 0.9950 0.9950 0.6078 0.9950 0.6078 0.6078 0.6078 0.6078 0.9950 0.9950
146 168 024 348 0.9950 0.6078 0.9950 0.9950 0.6078 0.9950 0.6078 0.6078 0.9950 0.6078 0.6078 0.6078 0.9950 0.6078 0.6078 0.6078
168 024 348 212 0.9950 0.9950 0.9950 0.6078 0.9950 0.6078 0.9950 0.9950 0.6078 0.9950 0.6078 0.9950 0.6078 0.9950 0.9950 0.6078
024 348 212 223 0.6078 0.6078 0.9950 0.6078 0.9950 0.9950 0.9950 0.9950 0.6078 0.9950 0.9950 0.6078 0.9950 0.9950 0.9950 0.6078
348 212 223 216 0.9950 0.6078 0.9950 0.6078 0.9950 0.6078 0.9950 0.9950 0.6078 0.9950 0.9950 0.9950 0.9950 0.9950 0.6078 0.9950
212 223 216 218 0.9950 0.9950 0.6078 0.9950 0.9950 0.6078 0.9950 0.9950 0.6078 0.9950 0.6078 0.6078 0.6078 0.9950 0.9950 0.9950
223 216 218 095 0.6078 0.9950 0.6078 0.6078 0.6078 0.9950 0.9950 0.9950 0.6078 0.6078 0.6078 0.6078 0.9950 0.6078 0.9950 0.9950
216 218 095 241 0.9950 0.6078 0.6078 0.6078 0.9950 0.6078 0.9950 0.6078 0.6078 0.9950 0.9950 0.9950 0.6078 0.6078 0.9950 0.6078
218 095 241 249 0.6078 0.9950 0.9950 0.6078 0.9950 0.9950 0.6078 0.9950 0.6078 0.9950 0.9950 0.9950 0.9950 0.9950 0.6078 0.6078
095 241 249 294 0.9950 0.6078 0.6078 0.6078 0.6078 0.9950 0.9950 0.9950 0.9950 0.9950 0.9950 0.9950 0.6078 0.9950 0.9950 0.9950
241 249 294 262 0.9950 0.6078 0.6078 0.6078 0.9950 0.9950 0.6078 0.6078 0.9950 0.6078 0.6078 0.9950 0.9950 0.9950 0.9950 0.6078
249 294 262 038 0.9950 0.9950 0.6078 0.6078 0.6078 0.9950 0.6078 0.6078 0.6078 0.6078 0.9950 0.9950 0.9950 0.6078 0.9950 0.9950
294 262 038 020 0.9950 0.9950 0.9950 0.6078 0.6078 0.9950 0.6078 0.9950 0.6078 0.6078 0.9950 0.6078 0.9950 0.6078 0.6078 0.9950
262 038 020 068 0.6078 0.6078 0.6078 0.6078 0.9950 0.9950 0.9950 0.6078 0.6078 0.9950 0.6078 0.6078 0.6078 0.9950 0.9950 0.9950
038 020 068 108 0.9950 0.6078 0.6078 0.9950 0.9950 0.6078 0.6078 0.9950 0.9950 0.6078 0.6078 0.6078 0.9950 0.6078 0.9950 0.6078
020 068 108 311 0.6078 0.6078 0.9950 0.9950 0.6078 0.9950 0.9950 0.6078 0.9950 0.9950 0.6078 0.6078 0.9950 0.9950 0.6078 0.6078
068 108 311 105 0.9950 0.6078 0.9950 0.6078 0.6078 0.9950 0.9950 0.6078 0.9950 0.9950 0.6078 0.6078 0.6078 0.6078 0.9950 0.9950
108 311 105 333 0.9950 0.6078 0.9950 0.9950 0.9950 0.6078 0.6078 0.6078 0.9950 0.6078 0.6078 0.9950 0.6078 0.6078 0.9950 0.9950
311 105 333 353 0.6078 0.9950 0.6078 0.6078 0.6078 0.9950 0.9950 0.9950 0.6078 0.6078 0.9950 0.9950 0.6078 0.6078 0.9950 0.9950
105 333 353 002 0.9950 0.9950 0.6078 0.9950 0.6078 0.9950 0.9950 0.9950 0.9950 0.9950 0.6078 0.9950 0.9950 0.9950 0.9950 0.9950
333 353 002 083 0.6078 0.6078 0.9950 0.6078 0.9950 0.9950 0.6078 0.6078 0.9950 0.6078 0.9950 0.6078 0.6078 0.6078 0.9950 0.9950
353 002 083 151 0.9950 0.9950 0.6078 0.6078 0.9950 0.6078 0.9950 0.6078 0.6078 0.9950 0.9950 0.6078 0.6078 0.9950 0.6078 0.9950
002 083 151 094 0.9950 0.9950 0.6078 0.9950 0.9950 0.9950 0.9950 0.9950 0.9950 0.9950 0.6078 0.9950 0.6078 0.6078 0.9950 0.6078
083 151 094 280 0.9950 0.9950 0.9950 0.6078 0.9950 0.9950 0.6078 0.9950 0.9950 0.6078 0.6078 0.6078 0.6078 0.9950 0.6078 0.6078
151 094 280 289 0.9950 0.9950 0.6078 0.6078 0.6078 0.9950 0.6078 0.9950 0.9950 0.9950 0.6078 0.6078 0.6078 0.6078 0.9950 0.6078
094 280 289 293 0.9950 0.9950 0.9950 0.6078 0.6078 0.6078 0.9950 0.9950 0.9950 0.9950 0.9950 0.6078 0.9950 0.6078 0.6078 0.6078
280 289 293 025 0.6078 0.9950 0.9950 0.6078 0.6078 0.9950 0.9950 0.9950 0.9950 0.6078 0.6078 0.9950 0.9950 0.9950 0.6078 0.6078
289 293 025 082 0.6078 0.9950 0.9950 0.9950 0.9950 0.6078 0.9950 0.9950 0.6078 0.9950 0.6078 0.9950 0.6078 0.9950 0.6078 0.6078
293 025 082 338 0.6078 0.9950 0.9950 0.6078 0.9950 0.6078 0.9950 0.6078 0.6078 0.9950 0.9950 0.9950 0.9950 0.9950 0.9950 0.6078
025 082 338 023 0.9950 0.9950 0.6078 0.6078 0.6078 0.9950 0.6078 0.6078 0.6078 0.9950 0.6078 0.6078 0.9950 0.6078 0.9950 0.9950
082 338 023 233 0.9950 0.9950 0.6078 0.9950 0.9950 0.6078 0.6078 0.9950 0.6078 0.6078 0.9950 0.9950 0.6078 0.6078 0.9950 0.6078
338 023 233 014 0.9950 0.6078 0.9950 0.9950 0.6078 0.6078 0.9950 0.6078 0.6078 0.9950 0.6078 0.6078 0.6078 0.9950 0.6078 0.6078
023 233 014 331 0.9950 0.9950 0.9950 0.9950 0.6078 0.9950 0.9950 0.6078 0.9950 0.6078 0.6078 0.6078 0.9950 0.9950 0.9950 0.6078
233 014 331 239 0.9950 0.9950 0.9950 0.6078 0.9950 0.6078 0.6078 0.9950 0.6078 0.9950 0.9950 0.9950 0.9950 0.6078 0.9950 0.6078
014 331 239 138 0.9950 0.9950 0.9950 0.9950 0.9950 0.9950 0.6078 0.6078 0.6078 0.6078 0.9950 0.9950 0.9950 0.9950 0.9950 0.9950
331 239 138 119 0.9950 0.6078 0.6078 0.9950 0.9950 0.6078 0.9950 0.6078 0.9950 0.9950 0.6078 0.6078 0.9950 0.9950 0.9950 0.6078
239 138 119 054 0.9950 0.6078 0.9950 0.6078 0.6078 0.6078 0.9950 0.9950 0.9950 0.9950 0.9950 0.9950 0.6078 0.6078 0.6078 0.6078
138 119 054 113 0.6078 0.9950 0.9950 0.9950 0.9950 0.9950 0.6078 0.9950 0.6078 0.6078 0.6078 0.6078 0.9950 0.6078 0.6078 0.6078
119 054 113 035 0.6078 0.6078 0.9950 0.9950 0.6078 0.9950 0.6078 0.6078 0.6078 0.6078 0.6078 0.6078 0.6078 0.6078 0.9950 0.6078
054 113 035 186 0.9950 0.6078 0.6078 0.6078 0.9950 0.6078 0.6078 0.6078 0.6078 0.6078 0.6078 0.6078 0.9950 0.6078 0.6078 0.6078
113 035 186 178 0.6078 0.6078 0.6078 0.9950 0.9950 0.6078 0.6078 0.9950 0.6078 0.6078 0.6078 0.6078 0.6078 0.9950 0.9950 0.9950
035 186 178 167 0.6078 0.9950 0.6078 0.6078 0.6078 0.6078 0.6078 0.6078 0.6078 0.6078 0.9950 0.6078 0.9950 0.6078 0.9950 0.9950
186 178 167 341 0.9950 0.9950 0.6078 0.9950 0.6078 0.9950 0.9950 0.9950 0.6078 0.6078 0.9950 0.6078 0.9950 0.9950 0.9950 0.6078
178 167 341 196 0.6078 0.9950 0.9950 0.6078 0.9950 0.6078 0.9950 0.6078 0.6078 0.6078 0.9950 0.6078 0.6078 0.6078 0.9950 0.9950
167 341 196 345 0.9950 0.6078 0.6078 0.9950 0.6078 0.6078 0.9950 0.9950 0.6078 0.9950 0.9950 0.6078 0.6078 0.9950 0.9950 0.6078
341 196 345 006 0.6078 0.6078 0.6078 0.9950 0.9950 0.9950 0.9950 0.6078 0.9950 0.9950 0.9950 0.6078 0.6078 0.6078 0.9950 0.9950
196 345 006 115 0.9950 0.6078 0.6078 0.9950 0.6078 0.9950 0.6078 0.6078 0.9950 0.9950 0.9950 0.6078 0.9950 0.9950 0.9950 0.9950
345 006 115 121 0.6078 0.6078 0.9950 0.9950 0.9950 0.6078 0.9950 0.6078 0.9950 0.9950 0.6078 0.9950 0.6078 0.6078 0.9950 0.6078
006 115 121 073 0.9950 0.6078 0.6078 0.9950 0.9950 0.9950 0.9950 0.6078 0.6078 0.6078 0.6078 0.6078 0.9950 0.9950 0.9950 0.9950
115 121 073 027 0.6078 0.6078 0.9950 0.6078 0.9950 0.6078 0.9950 0.9950 0.6078 0.9950 0.9950 0.6078 0.6078 0.6078 0.9950 0.6078
121 073 027 286 0.9950 0.6078 0.9950 0.6078 0.9950 0.6078 0.6078 0.6078 0.9950 0.9950 0.6078 0.9950 0.6078 0.6078 0.9950 0.6078
073 027 286 251 0.9950 0.6078 0.9950 0.9950 0.9950 0.9950 0.9950 0.6078 0.9950 0.6078 0.9950 0.9950 0.6078 0.6078 0.9950 0.9950
027 286 251 236 0.6078 0.9950 0.9950 0.9950 0.9950 0.6078 0.6078 0.6078 0.6078 0.9950 0.6078 0.9950 0.9950 0.9950 0.9950 0.6078
286 251 236 316 0.9950 0.6078 0.6078 0.6078 0.6078 0.6078 0.9950 0.9950 0.9950 0.9950 0.6078 0.9950 0.6078 0.9950 0.9950 0.9950
251 236 316 297 0.9950 0.9950 0.6078 0.6078 0.9950 0.6078 0.9950 0.6078 0.9950 0.9950 0.6078 0.9950 0.9950 0.9950 0.9950 0.6078
236 316 297 122 0.6078 0.9950 0.6078 0.9950 0.6078 0.9950 0.9950 0.9950 0.9950 0.9950 0.9950 0.9950 0.6078 0.9950 0.6078 0.9950
316 297 122 245 0.9950 0.6078 0.9950 0.9950 0.6078 0.6078 0.6078 0.6078 0.9950 0.6078 0.6078 0.6078 0.6078 0.9950 0.6078 0.6078
297 122 245 201 0.9950 0.6078 0.9950 0.6078 0.9950 0.9950 0.9950 0.9950 0.9950 0.6078 0.6078 0.9950 0.9950 0.9950 0.6078 0.6078
122 245 201 284 0.6078 0.9950 0.6078 0.6078 0.6078 0.6078 0.6078 0.9950 0.6078 0.6078 0.6078 0.6078 0.9950 0.6078 0.9950 0.9950
245 201 284 227 0.9950 0.9950 0.9950 0.6078 0.6078 0.6078 0.9950 0.9950 0.9950 0.6078 0.9950 0.6078 0.6078 0.9950 0.6078 0.9950
201 284 227 126 0.6078 0.6078 0.6078 0.6078 0.6078 0.9950 0.9950 0.9950 0.6078 0.9950 0.9950 0.6078 0.9950 0.6078 0.9950 0.6078
284 227 126 328 0.6078 0.9950 0.6078 0.9950 0.9950 0.9950 0.9950 0.6078 0.6078 0.6078 0.9950 0.9950 0.9950 0.6078 0.6078 0.9950
227 126 328 220 0.9950 0.9950 0.9950 0.9950 0.6078 0.9950 0.9950 0.9950 0.6078 0.6078 0.6078 0.6078 0.6078 0.6078 0.6078 0.6078
126 328 220 260 0.9950 0.6078 0.9950 0.9950 0.9950 0.9950 0.6078 0.9950 0.6078 0.9950 0.9950 0.9950 0.6078 0.9950 0.9950 0.6078
328 220 260 259 0.6078 0.9950 0.6078 0.9950 0.9950 0.6078 0.6078 0.9950 0.6078 0.9950 0.9950 0.6078 0.6078 0.6078 0.9950 0.9950
220 260 259 062 0.9950 0.6078 0.6078 0.6078 0.9950 0.6078 0.6078 0.9950 0.6078 0.9950 0.9950 0.6078 0.9950 0.9950 0.9950 0.9950
260 259 062 005 0.6078 0.9950 0.6078 0.9950 0.9950 0.9950 0.9950 0.6078 0.9950 0.9950 0.6078 0.6078 0.6078 0.9950 0.9950 0.9950
259 062 005 195 0.6078 0.6078 0.9950 0.9950 0.6078 0.6078 0.9950 0.9950 0.9950 0.6078 0.6078 0.6078 0.9950 0.9950 0.9950 0.9950
062 005 195 158 0.9950 0.6078 0.6078 0.9950 0.6078 0.6078 0.9950 0.9950 0.9950 0.6078 0.6078 0.9950 0.6078 0.6078 0.9950 0.9950
005 195 158 179 0.6078 0.6078 0.9950 0.9950 0.9950 0.6078 0.9950 0.6078 0.9950 0.6078 0.9950 0.9950 0.9950 0.6078 0.9950 0.6078
195 158 179 007 0.6078 0.9950 0.6078 0.6078 0.9950 0.6078 0.6078 0.6078 0.9950 0.6078 0.9950 0.9950 0.9950 0.6078 0.6078 0.9950
158 179 007 128 0.9950 0.6078 0.6078 0.9950 0.9950 0.6078 0.9950 0.6078 0.9950 0.9950 0.6078 0.6078 0.9950 0.6078 0.9950 0.6078
179 007 128 312 0.6078 0.9950 0.6078 0.9950 0.6078 0.9950 0.6078 0.6078 0.6078 0.6078 0.6078 0.6078 0.6078 0.6078 0.6078 0.6078
007 128 312 125 0.9950 0.6078 0.9950 0.9950 0.6078 0.6078 0.6078 0.6078 0.6078 0.6078 0.6078 0.6078 0.6078 0.6078 0.9950 0.9950
128 312 125 350 0.6078 0.6078 0.6078 0.6078 0.6078 0.6078 0.9950 0.9950 0.9950 0.9950 0.6078 0.6078 0.9950 0.6078 0.6078 0.9950
312 125 350 352 0.6078 0.6078 0.6078 0.6078 0.6078 0.9950 0.9950 0.6078 0.9950 0.9950 0.6078 0.6078 0.6078 0.9950 0.9950 0.9950
125 350 352 132 0.6078 0.9950 0.9950 0.6078 0.9950 0.6078 0.9950 0.6078 0.9950 0.6078 0.9950 0.6078 0.6078 0.9950 0.6078 0.6078
350 352 132 088 0.9950 0.6078 0.9950 0.6078 0.6078 0.6078 0.9950 0.6078 0.9950 0.6078 0.9950 0.9950 0.6078 0.9950 0.9950 0.9950
352 132 088 268 0.9950 0.6078 0.9950 0.6078 0.6078 0.9950 0.6078 0.9950 0.6078 0.6078 0.9950 0.9950 0.9950 0.6078 0.6078 0.9950
132 088 268 271 0.9950 0.6078 0.6078 0.6078 0.9950 0.6078 0.6078 0.9950 0.9950 0.9950 0.9950 0.6078 0.9950 0.6078 0.6078 0.6078
088 268 271 194 0.9950 0.6078 0.9950 0.9950 0.6078 0.9950 0.6078 0.6078 0.6078 0.9950 0.6078 0.6078 0.6078 0.9950 0.6078 0.6078
268 271 194 034 0.6078 0.9950 0.6078 0.6078 0.6078 0.9950 0.6078 0.6078 0.9950 0.6078 0.9950 0.6078 0.6078 0.9950 0.9950 0.6078
271 194 034 279 0.6078 0.9950 0.9950 0.9950 0.9950 0.9950 0.9950 0.9950 0.9950 0.9950 0.9950 0.6078 0.9950 0.9950 0.9950 0.9950
194 034 279 188 0.9950 0.6078 0.6078 0.6078 0.9950 0.6078 0.6078 0.9950 0.9950 0.9950 0.6078 0.9950 0.6078 0.9950 0.9950 0.6078
034 279 188 144 0.6078 0.9950 0.9950 0.9950 0.6078 0.6078 0.6078 0.9950 0.9950 0.6078 0.9950 0.6078 0.6078 0.6078 0.9950 0.6078
279 188 144 127 0.6078 0.9950 0.9950 0.9950 0.9950 0.6078 0.9950 0.9950 0.6078 0.9950 0.9950 0.6078 0.6078 0.9950 0.9950 0.6078
188 144 127 183 0.9950 0.6078 0.6078 0.9950 0.6078 0.6078 0.9950 0.6078 0.6078 0.9950 0.9950 0.6078 0.9950 0.6078 0.9950 0.9950
144 127 183 011 0.6078 0.6078 0.6078 0.9950 0.6078 0.9950 0.9950 0.9950 0.9950 0.6078 0.6078 0.6078 0.9950 0.6078 0.9950 0.9950
127 183 011 321 0.9950 0.9950 0.6078 0.9950 0.9950 0.6078 0.6078 0.6078 0.9950 0.9950 0.9950 0.6078 0.9950 0.9950 0.6078 0.6078
183 011 321 339 0.9950 0.6078 0.6078 0.9950 0.9950 0.6078 0.6078 0.6078 0.6078 0.9950 0.6078 0.9950 0.6078 0.9950 0.6078 0.6078
011 321 339 111 0.9950 0.6078 0.6078 0.9950 0.9950 0.6078 0.6078 0.6078 0.9950 0.9950 0.6078 0.6078 0.9950 0.9950 0.6078 0.9950
321 339 111 292 0.9950 0.9950 0.6078 0.6078 0.6078 0.6078 0.6078 0.6078 0.9950 0.9950 0.9950 0.9950 0.9950 0.6078 0.9950 0.9950
339 111 292 098 0.9950 0.9950 0.6078 0.6078 0.6078 0.9950 0.6078 0.6078 0.6078 0.6078 0.9950 0.6078 0.9950 0.9950 0.9950 0.9950
111 292 098 182 0.6078 0.6078 0.6078 0.6078 0.6078 0.9950 0.9950 0.9950 0.6078 0.9950 0.9950 0.9950 0.6078 0.9950 0.6078 0.6078
292 098 182 273 0.6078 0.9950 0.6078 0.6078 0.9950 0.9950 0.6078 0.9950 0.9950 0.9950 0.9950 0.9950 0.9950 0.9950 0.6078 0.6078
098 182 273 134 0.6078 0.6078 0.9950 0.6078 0.6078 0.9950 0.6078 0.9950 0.9950 0.9950 0.9950 0.9950 0.9950 0.6078 0.6078 0.6078
182 273 134 332 0.9950 0.9950 0.9950 0.6078 0.6078 0.6078 0.6078 0.9950 0.9950 0.9950 0.6078 0.6078 0.6078 0.9950 0.9950 0.9950
273 134 332 153 0.9950 0.6078 0.6078 0.9950 0.9950 0.9950 0.6078 0.9950 0.9950 0.6078 0.6078 0.6078 0.6078 0.6078 0.9950 0.6078
134 332 153 299 0.9950 0.6078 0.9950 0.6078 0.9950 0.9950 0.9950 0.9950 0.6078 0.9950 0.6078 0.6078 0.6078 0.6078 0.6078 0.6078
332 153 299 344 0.6078 0.9950 0.6078 0.6078 0.9950 0.6078 0.9950 0.9950 0.9950 0.6078 0.6078 0.6078 0.9950 0.9950 0.9950 0.9950
153 299 344 318 0.6078 0.9950 0.9950 0.9950 0.9950 0.9950 0.9950 0.6078 0.9950 0.9950 0.6078 0.9950 0.9950 0.9950 0.9950 0.6078
299 344 318 124 0.6078 0.9950 0.6078 0.9950 0.9950 0.9950 0.6078 0.9950 0.9950 0.6078 0.9950 0.9950 0.6078 0.6078 0.6078 0.6078
344 318 124 270 0.6078 0.9950 0.9950 0.9950 0.9950 0.6078 0.9950 0.9950 0.9950 0.6078 0.9950 0.6078 0.6078 0.9950 0.9950 0.6078
318 124 270 022 0.6078 0.9950 0.6078 0.9950 0.6078 0.6078 0.9950 0.9950 0.9950 0.9950 0.9950 0.6078 0.9950 0.6078 0.9950 0.9950
124 270 022 107 0.6078 0.9950 0.9950 0.9950 0.9950 0.9950 0.6078 0.6078 0.6078 0.6078 0.6078 0.9950 0.6078 0.9950 0.6078 0.9950
270 022 107 033 0.6078 0.6078 0.9950 0.9950 0.9950 0.6078 0.6078 0.6078 0.6078 0.9950 0.9950 0.9950 0.9950 0.9950 0.6078 0.6078
022 107 033 177 0.6078 0.9950 0.6078 0.6078 0.9950 0.6078 0.9950 0.9950 0.6078 0.9950 0.9950 0.9950 0.6078 0.9950 0.6078 0.9950
107 033 177 254 0.9950 0.9950 0.6078 0.9950 0.9950 0.6078 0.6078 0.6078 0.6078 0.9950 0.9950 0.9950 0.9950 0.6078 0.9950 0.9950
033 177 254 152 0.9950 0.9950 0.9950 0.6078 0.9950 0.9950 0.6078 0.6078 0.9950 0.9950 0.9950 0.9950 0.9950 0.6078 0.9950 0.9950
177 254 152 058 0.9950 0.6078 0.6078 0.6078 0.9950 0.9950 0.9950 0.9950 0.9950 0.9950 0.9950 0.6078 0.9950 0.9950 0.9950 0.6078
254 152 058 072 0.9950 0.9950 0.9950 0.6078 0.9950 0.6078 0.9950 0.6078 0.6078 0.6078 0.9950 0.6078 0.9950 0.9950 0.6078 0.6078
152 058 072 050 0.6078 0.9950 0.9950 0.9950 0.6078 0.9950 0.6078 0.6078 0.9950 0.6078 0.9950 0.9950 0.9950 0.9950 0.6078 0.9950
058 072 050 171 0.9950 0.9950 0.6078 0.6078 0.9950 0.6078 0.6078 0.6078 0.6078 0.9950 0.6078 0.9950 0.9950 0.6078 0.6078 0.6078
072 050 171 263 0.6078 0.9950 0.9950 0.9950 0.6078 0.9950 0.9950 0.6078 0.9950 0.6078 0.6078 0.6078 0.6078 0.6078 0.6078 0.9950
050 171 263 231 0.6078 0.6078 0.9950 0.9950 0.9950 0.6078 0.9950 0.6078 0.9950 0.6078 0.6078 0.9950 0.9950 0.9950 0.6078 0.6078
171 263 231 148 0.9950 0.9950 0.6078 0.6078 0.9950 0.6078 0.6078 0.6078 0.9950 0.6078 0.9950 0.6078 0.9950 0.9950 0.9950 0.9950
263 231 148 046 0.9950 0.9950 0.6078 0.9950 0.6078 0.9950 0.6078 0.9950 0.6078 0.6078 0.6078 0.9950 0.9950 0.6078 0.9950 0.6078
231 148 046 064 0.9950 0.6078 0.6078 0.9950 0.6078 0.9950 0.9950 0.6078 0.9950 0.9950 0.9950 0.6078 0.6078 0.9950 0.6078 0.9950
148 046 064 237 0.9950 0.9950 0.9950 0.9950 0.6078 0.6078 0.9950 0.6078 0.6078 0.9950 0.6078 0.6078 0.9950 0.9950 0.9950 0.9950
046 064 237 330 0.9950 0.6078 0.6078 0.6078 0.9950 0.6078 0.6078 0.9950 0.9950 0.9950 0.9950 0.6078 0.9950 0.9950 0.6078 0.9950
064 237 330 234 0.9950 0.9950 0.9950 0.9950 0.6078 0.6078 0.9950 0.6078 0.6078 0.6078 0.9950 0.6078 0.6078 0.9950 0.6078 0.6078
237 330 234 000 0.6078 0.6078 0.6078 0.6078 0.6078 0.9950 0.9950 0.6078 0.9950 0.9950 0.6078 0.6078 0.9950 0.9950 0.6078 0.6078
330 234 000 226 0.6078 0.9950 0.6078 0.6078 0.9950 0.6078 0.6078 0.9950 0.6078 0.6078 0.9950 0.9950 0.9950 0.9950 0.9950 0.9950
234 000 226 041 0.9950 0.6078 0.6078 0.9950 0.9950 0.6078 0.6078 0.9950 0.9950 0.6078 0.9950 0.6078 0.6078 0.9950 0.6078 0.6078
000 226 041 197 0.6078 0.6078 0.6078 0.6078 0.9950 0.9950 0.9950 0.9950 0.6078 0.6078 0.9950 0.9950 0.6078 0.6078 0.6078 0.6078
226 041 197 076 0.6078 0.9950 0.6078 0.6078 0.9950 0.6078 0.9950 0.6078 0.9950 0.9950 0.9950 0.9950 0.6078 0.9950 0.6078 0.6078
041 197 076 346 0.9950 0.6078 0.6078 0.6078 0.9950 0.6078 0.6078 0.6078 0.6078 0.9950 0.9950 0.6078 0.9950 0.9950 0.6078 0.9950
197 076 346 063 0.9950 0.9950 0.6078 0.6078 0.6078 0.6078 0.9950 0.9950 0.9950 0.6078 0.6078 0.9950 0.9950 0.6078 0.6078 0.6078
076 346 063 029 0.6078 0.9950 0.9950 0.6078 0.9950 0.6078 0.9950 0.9950 0.9950 0.6078 0.6078 0.6078 0.9950 0.9950 0.6078 0.6078
346 063 029 156 0.6078 0.6078 0.6078 0.9950 0.6078 0.6078 0.9950 0.9950 0.9950 0.9950 0.6078 0.9950 0.6078 0.6078 0.9950 0.6078
063 029 156 059 0.9950 0.6078 0.6078 0.6078 0.9950 0.9950 0.9950 0.6078 0.9950 0.6078 0.9950 0.9950 0.9950 0.9950 0.9950 0.9950
029 156 059 269 0.9950 0.6078 0.9950 0.6078 0.6078 0.9950 0.6078 0.9950 0.9950 0.6078 0.6078 0.9950 0.6078 0.9950 0.9950 0.9950
156 059 269 087 0.9950 0.9950 0.6078 0.9950 0.6078 0.6078 0.9950 0.9950 0.6078 0.9950 0.9950 0.9950 0.6078 0.9950 0.6078 0.6078
059 269 087 342 0.6078 0.6078 0.9950 0.6078 0.6078 0.9950 0.6078 0.9950 0.9950 0.6078 0.6078 0.9950 0.9950 0.6078 0.6078 0.6078
269 087 342 019 0.9950 0.9950 0.9950 0.6078 0.9950 0.6078 0.6078 0.9950 0.9950 0.9950 0.6078 0.9950 0.6078 0.9950 0.9950 0.6078
087 342 019 187 0.6078 0.9950 0.9950 0.6078 0.6078 0.9950 0.9950 0.6078 0.6078 0.6078 0.6078 0.9950 0.6078 0.6078 0.6078 0.9950
342 019 187 070 0.6078 0.9950 0.6078 0.9950 0.9950 0.6078 0.6078 0.9950 0.9950 0.9950 0.9950 0.9950 0.9950 0.9950 0.6078 0.9950
019 187 070 189 0.6078 0.9950 0.6078 0.9950 0.6078 0.9950 0.9950 0.6078 0.9950 0.6078 0.6078 0.6078 0.9950 0.6078 0.9950 0.6078
187 070 189 334 0.6078 0.9950 0.6078 0.9950 0.9950 0.6078 0.9950 0.6078 0.9950 0.9950 0.9950 0.9950 0.9950 0.9950 0.6078 0.6078
070 189 334 175 0.9950 0.6078 0.9950 0.6078 0.9950 0.6078 0.9950 0.6078 0.9950 0.6078 0.6078 0.6078 0.6078 0.9950 0.6078 0.6078
189 334 175 215 0.9950 0.6078 0.6078 0.6078 0.9950 0.6078 0.9950 0.9950 0.6078 0.6078 0.9950 0.6078 0.6078 0.9950 0.6078 0.9950
334 175 215 355 0.9950 0.9950 0.9950 0.6078 0.6078 0.6078 0.6078 0.6078 0.6078 0.6078 0.9950 0.9950 0.9950 0.6078 0.6078 0.9950
175 215 355 066 0.6078 0.9950 0.9950 0.6078 0.9950 0.9950 0.6078 0.6078 0.6078 0.9950 0.9950 0.9950 0.6078 0.6078 0.9950 0.9950
215 355 066 114 0.9950 0.6078 0.9950 0.9950 0.9950 0.6078 0.9950 0.6078 0.9950 0.9950 0.9950 0.6078 0.9950 0.9950 0.9950 0.9950
355 066 114 100 0.9950 0.9950 0.6078 0.6078 0.6078 0.9950 0.9950 0.6078 0.9950 0.9950 0.6078 0.9950 0.6078 0.9950 0.6078 0.9950
066 114 100 323 0.9950 0.6078 0.6078 0.6078 0.6078 0.6078 0.6078 0.9950 0.6078 0.6078 0.9950 0.9950 0.9950 0.9950 0.9950 0.6078
114 100 323 133 0.6078 0.6078 0.6078 0.6078 0.6078 0.9950 0.6078 0.9950 0.6078 0.9950 0.9950 0.6078 0.6078 0.9950 0.6078 0.6078
100 323 133 164 0.6078 0.6078 0.9950 0.6078 0.9950 0.9950 0.6078 0.9950 0.6078 0.6078 0.6078 0.9950 0.6078 0.6078 0.9950 0.9950
323 133 164 313 0.9950 0.9950 0.9950 0.9950 0.9950 0.6078 0.9950 0.6078 0.6078 0.9950 0.6078 0.9950 0.9950 0.9950 0.9950 0.6078
133 164 313 326 0.9950 0.9950 0.6078 0.9950 0.9950 0.6078 0.9950 0.6078 0.9950 0.6078 0.6078 0.6078 0.9950 0.6078 0.9950 0.9950
164 313 326 317 0.9950 0.6078 0.9950 0.6078 0.6078 0.6078 0.9950 0.6078 0.6078 0.9950 0.9950 0.6078 0.9950 0.9950 0.9950 0.6078
313 326 317 192 0.6078 0.6078 0.6078 0.9950 0.6078 0.9950 0.6078 0.9950 0.9950 0.6078 0.6078 0.9950 0.9950 0.9950 0.6078 0.6078
326 317 192 191 0.9950 0.6078 0.9950 0.9950 0.9950 0.6078 0.6078 0.6078 0.9950 0.9950 0.9950 0.6078 0.6078 0.6078 0.9950 0.6078
317 192 191 143 0.9950 0.6078 0.9950 0.9950 0.6078 0.9950 0.9950 0.9950 0.9950 0.6078 0.9950 0.9950 0.9950 0.6078 0.9950 0.6078
192 191 143 224 0.9950 0.6078 0.6078 0.6078 0.9950 0.6078 0.6078 0.9950 0.9950 0.9950 0.6078 0.9950 0.6078 0.6078 0.9950 0.6078
191 143 224 130 0.6078 0.9950 0.9950 0.6078 0.9950 0.9950 0.6078 0.9950 0.6078 0.9950 0.6078 0.6078 0.9950 0.6078 0.6078 0.9950
143 224 130 277 0.6078 0.6078 0.6078 0.6078 0.9950 0.9950 0.9950 0.9950 0.6078 0.6078 0.6078 0.9950 0.6078 0.6078 0.9950 0.9950
224 130 277 204 0.9950 0.9950 0.6078 0.6078 0.6078 0.6078 0.6078 0.6078 0.6078 0.9950 0.6078 0.6078 0.9950 0.9950 0.9950 0.9950
130 277 204 325 0.6078 0.9950 0.6078 0.6078 0.9950 0.6078 0.9950 0.9950 0.6078 0.9950 0.9950 0.9950 0.6078 0.9950 0.6078 0.6078
277 204 325 004 0.9950 0.6078 0.6078 0.6078 0.6078 0.9950 0.9950 0.9950 0.6078 0.9950 0.9950 0.9950 0.9950 0.9950 0.6078 0.9950
204 325 004 026 0.6078 0.9950 0.9950 0.6078 0.6078 0.9950 0.9950 0.9950 0.9950 0.9950 0.6078 0.6078 0.6078 0.9950 0.6078 0.6078
325 004 026 253 0.6078 0.9950 0.6078 0.6078 0.6078 0.9950 0.6078 0.6078 0.9950 0.6078 0.9950 0.9950 0.9950 0.6078 0.9950 0.6078
004 026 253 030 0.9950 0.9950 0.9950 0.9950 0.9950 0.9950 0.6078 0.6078 0.9950 0.9950 0.6078 0.6078 0.9950 0.9950 0.6078 0.9950
026 253 030 214 0.9950 0.9950 0.6078 0.6078 0.6078 0.6078 0.6078 0.9950 0.9950 0.9950 0.9950 0.9950 0.9950 0.6078 0.6078 0.9950
253 030 214 018 0.6078 0.9950 0.6078 0.9950 0.9950 0.6078 0.9950 0.6078 0.9950 0.9950 0.9950 0.6078 0.6078 0.9950 0.6078 0.6078
030 214 018 295 0.9950 0.6078 0.6078 0.6078 0.6078 0.9950 0.6078 0.6078 0.6078 0.9950 0.6078 0.6078 0.6078 0.6078 0.6078 0.6078
214 018 295 281 0.9950 0.9950 0.6078 0.6078 0.9950 0.6078 0.6078 0.9950 0.6078 0.9950 0.6078 0.9950 0.6078 0.6078 0.9950 0.6078
018 295 281 203 0.6078 0.9950 0.6078 0.6078 0.6078 0.9950 0.9950 0.6078 0.6078 0.9950 0.6078 0.6078 0.6078 0.6078 0.6078 0.9950
295 281 203 003 0.6078 0.6078 0.6078 0.9950 0.6078 0.6078 0.9950 0.9950 0.6078 0.6078 0.9950 0.9950 0.6078 0.9950 0.9950 0.6078
281 203 003 174 0.6078 0.6078 0.6078 0.9950 0.9950 0.9950 0.9950 0.9950 0.9950 0.6078 0.9950 0.6078 0.9950 0.6078 0.9950 0.9950
203 003 174 048 0.6078 0.9950 0.9950 0.9950 0.9950 0.9950 0.9950 0.9950 0.6078 0.6078 0.9950 0.9950 0.9950 0.9950 0.9950 0.9950
003 174 048 091 0.9950 0.9950 0.6078 0.6078 0.9950 0.6078 0.9950 0.9950 0.6078 0.6078 0.6078 0.6078 0.9950 0.9950 0.6078 0.6078
174 048 091 071 0.9950 0.9950 0.9950 0.6078 0.6078 0.9950 0.9950 0.9950 0.6078 0.6078 0.9950 0.6078 0.6078 0.6078 0.6078 0.6078
048 091 071 308 0.9950 0.6078 0.6078 0.9950 0.9950 0.6078 0.9950 0.9950 0.6078 0.9950 0.9950 0.6078 0.6078 0.9950 0.6078 0.6078
091 071 308 160 0.6078 0.6078 0.6078 0.6078 0.9950 0.6078 0.6078 0.9950 0.9950 0.9950 0.6078 0.9950 0.9950 0.9950 0.9950 0.9950
071 308 160 291 0.9950 0.6078 0.9950 0.6078 0.9950 0.6078 0.9950 0.6078 0.9950 0.9950 0.9950 0.6078 0.6078 0.9950 0.9950 0.9950
308 160 291 169 0.9950 0.9950 0.6078 0.9950 0.9950 0.6078 0.6078 0.6078 0.9950 0.6078 0.9950 0.6078 0.6078 0.6078 0.6078 0.9950
160 291 169 110 0.6078 0.6078 0.6078 0.6078 0.6078 0.9950 0.9950 0.9950 0.9950 0.6078 0.6078 0.9950 0.9950 0.9950 0.6078 0.9950
291 169 110 162 0.6078 0.9950 0.6078 0.6078 0.6078 0.9950 0.9950 0.9950 0.6078 0.9950 0.9950 0.6078 0.6078 0.9950 0.9950 0.6078
169 110 162 043 0.6078 0.6078 0.9950 0.6078 0.9950 0.6078 0.6078 0.9950 0.6078 0.6078 0.9950 0.9950 0.9950 0.6078 0.6078 0.9950
110 162 043 219 0.6078 0.9950 0.6078 0.6078 0.6078 0.9950 0.6078 0.9950 0.9950 0.9950 0.9950 0.6078 0.6078 0.9950 0.9950 0.6078
162 043 219 266 0.9950 0.6078 0.9950 0.6078 0.9950 0.9950 0.6078 0.6078 0.6078 0.9950 0.6078 0.9950 0.6078 0.9950 0.9950 0.9950
043 219 266 235 0.9950 0.9950 0.9950 0.6078 0.9950 0.6078 0.9950 0.9950 0.6078 0.6078 0.9950 0.6078 0.9950 0.9950 0.9950 0.6078
219 266 235 257 0.6078 0.6078 0.9950 0.6078 0.6078 0.9950 0.6078 0.6078 0.6078 0.9950 0.6078 0.9950 0.6078 0.6078 0.9950 0.9950
266 235 257 013 0.9950 0.9950 0.6078 0.6078 0.6078 0.6078 0.6078 0.6078 0.9950 0.9950 0.6078 0.9950 0.9950 0.6078 0.9950 0.9950
235 257 013 077 0.6078 0.6078 0.6078 0.9950 0.6078 0.9950 0.6078 0.6078 0.9950 0.6078 0.9950 0.9950 0.9950 0.6078 0.9950 0.9950
257 013 077 213 0.6078 0.6078 0.6078 0.9950 0.6078 0.6078 0.9950 0.9950 0.9950 0.9950 0.6078 0.6078 0.9950 0.6078 0.6078 0.6078
013 077 213 104 0.6078 0.6078 0.6078 0.9950 0.6078 0.9950 0.6078 0.6078 0.6078 0.9950 0.9950 0.9950 0.6078 0.9950 0.6078 0.9950
077 213 104 336 0.6078 0.9950 0.9950 0.6078 0.9950 0.9950 0.9950 0.9950 0.9950 0.9950 0.9950 0.6078 0.9950 0.9950 0.6078 0.6078
213 104 336 101 0.9950 0.6078 0.9950 0.6078 0.9950 0.6078 0.9950 0.6078 0.9950 0.6078 0.9950 0.6078 0.9950 0.9950 0.6078 0.6078
104 336 101 172 0.6078 0.6078 0.6078 0.6078 0.9950 0.6078 0.6078 0.9950 0.6078 0.6078 0.6078 0.9950 0.6078 0.9950 0.9950 0.9950
336 101 172 078 0.9950 0.6078 0.6078 0.6078 0.9950 0.9950 0.6078 0.6078 0.6078 0.6078 0.6078 0.6078 0.6078 0.6078 0.9950 0.9950
101 172 078 080 0.9950 0.6078 0.9950 0.6078 0.6078 0.9950 0.6078 0.9950 0.9950 0.6078 0.6078 0.9950 0.9950 0.6078 0.9950 0.6078
172 078 080 154 0.6078 0.6078 0.6078 0.9950 0.6078 0.6078 0.6078 0.6078 0.9950 0.9950 0.6078 0.6078 0.9950 0.9950 0.6078 0.9950
078 080 154 118 0.9950 0.6078 0.9950 0.6078 0.9950 0.6078 0.9950 0.6078 0.6078 0.9950 0.9950 0.6078 0.6078 0.6078 0.9950 0.9950
080 154 118 305 0.9950 0.9950 0.9950 0.6078 0.9950 0.6078 0.6078 0.6078 0.9950 0.9950 0.9950 0.6078 0.6078 0.9950 0.9950 0.9950
154 118 305 199 0.9950 0.6078 0.6078 0.6078 0.6078 0.6078 0.9950 0.9950 0.6078 0.6078 0.6078 0.9950 0.9950 0.6078 0.9950 0.9950
118 305 199 012 0.9950 0.9950 0.6078 0.6078 0.6078 0.9950 0.9950 0.6078 0.9950 0.9950 0.6078 0.6078 0.9950 0.6078 0.6078 0.9950
305 199 012 141 0.6078 0.6078 0.6078 0.6078 0.9950 0.9950 0.9950 0.6078 0.6078 0.6078 0.9950 0.9950 0.9950 0.9950 0.6078 0.6078
199 012 141 246 0.9950 0.9950 0.6078 0.9950 0.9950 0.6078 0.9950 0.9950 0.6078 0.6078 0.6078 0.9950 0.6078 0.9950 0.9950 0.6078
012 141 246 301 0.6078 0.6078 0.9950 0.9950 0.9950 0.9950 0.6078 0.6078 0.9950 0.9950 0.9950 0.6078 0.9950 0.6078 0.6078 0.9950
141 246 301 207 0.6078 0.6078 0.6078 0.9950 0.9950 0.9950 0.6078 0.6078 0.6078 0.9950 0.6078 0.6078 0.9950 0.6078 0.9950 0.6078
246 301 207 123 0.9950 0.9950 0.9950 0.9950 0.6078 0.6078 0.9950 0.9950 0.9950 0.6078 0.9950 0.6078 0.9950 0.6078 0.6078 0.6078
301 207 123 222 0.9950 0.9950 0.9950 0.9950 0.6078 0.6078 0.9950 0.6078 0.6078 0.6078 0.6078 0.6078 0.9950 0.6078 0.9950 0.9950
207 123 222 238 0.6078 0.6078 0.9950 0.9950 0.6078 0.6078 0.9950 0.6078 0.9950 0.9950 0.9950 0.9950 0.9950 0.9950 0.6078 0.6078
123 222 238 093 0.6078 0.6078 0.6078 0.9950 0.9950 0.9950 0.9950 0.6078 0.6078 0.6078 0.6078 0.6078 0.6078 0.6078 0.6078 0.6078
222 238 093 056 0.6078 0.9950 0.9950 0.9950 0.9950 0.6078 0.6078 0.6078 0.9950 0.9950 0.6078 0.9950 0.9950 0.9950 0.9950 0.9950
238 093 056 037 0.6078 0.6078 0.6078 0.9950 0.9950 0.9950 0.9950 0.9950 0.6078 0.9950 0.9950 0.9950 0.6078 0.6078 0.9950 0.6078
093 056 037 001 0.9950 0.6078 0.9950 0.6078 0.9950 0.6078 0.6078 0.6078 0.9950 0.9950 0.6078 0.6078 0.9950 0.9950 0.6078 0.6078
056 037 001 340 0.6078 0.6078 0.6078 0.6078 0.9950 0.6078 0.6078 0.6078 0.9950 0.6078 0.9950 0.9950 0.6078 0.9950 0.6078 0.9950
037 001 340 276 0.9950 0.9950 0.9950 0.6078 0.6078 0.9950 0.6078 0.9950 0.9950 0.6078 0.9950 0.6078 0.9950 0.6078 0.6078 0.9950
001 340 276 089 0.6078 0.9950 0.6078 0.9950 0.9950 0.6078 0.9950 0.6078 0.6078 0.9950 0.9950 0.6078 0.9950 0.6078 0.9950 0.9950
340 276 089 137 0.9950 0.6078 0.9950 0.9950 0.9950 0.6078 0.9950 0.9950 0.6078 0.9950 0.9950 0.6078 0.6078 0.6078 0.6078 0.6078
276 089 137 256 0.9950 0.6078 0.9950 0.9950 0.6078 0.9950 0.6078 0.9950 0.9950 0.9950 0.9950 0.9950 0.6078 0.9950 0.9950 0.9950
089 137 256 322 0.9950 0.6078 0.6078 0.6078 0.6078 0.6078 0.9950 0.9950 0.6078 0.6078 0.9950 0.6078 0.9950 0.9950 0.6078 0.9950
137 256 322 010 0.9950 0.6078 0.9950 0.6078 0.9950 0.6078 0.6078 0.6078 0.6078 0.6078 0.6078 0.9950 0.6078 0.6078 0.9950 0.6078
256 322 010 347 0.6078 0.9950 0.9950 0.9950 0.9950 0.9950 0.6078 0.9950 0.9950 0.6078 0.6078 0.6078 0.9950 0.6078 0.9950 0.9950
322 010 347 230 0.9950 0.6078 0.6078 0.9950 0.6078 0.6078 0.6078 0.9950 0.9950 0.6078 0.9950 0.6078 0.9950 0.9950 0.9950 0.9950
010 347 230 351 0.6078 0.6078 0.6078 0.9950 0.9950 0.6078 0.6078 0.9950 0.6078 0.6078 0.6078 0.6078 0.9950 0.9950 0.6078 0.6078
347 230 351 155 0.9950 0.9950 0.9950 0.9950 0.6078 0.6078 0.6078 0.9950 0.6078 0.6078 0.9950 0.6078 0.9950 0.6078 0.6078 0.9950
230 351 155 248 0.6078 0.6078 0.9950 0.9950 0.9950 0.6078 0.6078 0.6078 0.9950 0.9950 0.9950 0.9950 0.9950 0.9950 0.6078 0.6078
351 155 248 079 0.9950 0.6078 0.6078 0.6078 0.6078 0.9950 0.6078 0.9950 0.6078 0.6078 0.6078 0.9950 0.9950 0.9950 0.6078 0.6078
155 248 079 163 0.6078 0.9950 0.6078 0.9950 0.9950 0.9950 0.6078 0.9950 0.9950 0.9950 0.9950 0.6078 0.6078 0.9950 0.6078 0.6078
248 079 163 255 0.9950 0.6078 0.6078 0.9950 0.9950 0.9950 0.6078 0.9950 0.9950 0.9950 0.6078 0.9950 0.9950 0.6078 0.9950 0.9950
079 163 255 319 0.6078 0.9950 0.9950 0.9950 0.6078 0.6078 0.6078 0.9950 0.6078 0.9950 0.6078 0.6078 0.6078 0.6078 0.9950 0.9950
163 255 319 283 0.9950 0.9950 0.9950 0.6078 0.6078 0.9950 0.6078 0.9950 0.6078 0.9950 0.9950 0.6078 0.9950 0.6078 0.6078 0.9950
255 319 283 300 0.6078 0.9950 0.9950 0.9950 0.6078 0.6078 0.6078 0.6078 0.9950 0.9950 0.9950 0.9950 0.9950 0.6078 0.9950 0.9950
319 283 300 244 0.9950 0.6078 0.9950 0.9950 0.6078 0.6078 0.9950 0.9950 0.6078 0.6078 0.6078 0.6078 0.6078 0.6078 0.6078 0.9950
283 300 244 142 0.6078 0.6078 0.9950 0.6078 0.9950 0.6078 0.9950 0.9950 0.6078 0.6078 0.9950 0.9950 0.9950 0.6078 0.6078 0.9950
300 244 142 304 0.6078 0.9950 0.6078 0.6078 0.6078 0.9950 0.9950 0.9950 0.6078 0.9950 0.9950 0.9950 0.9950 0.9950 0.9950 0.9950
244 142 304 109 0.6078 0.6078 0.9950 0.9950 0.6078 0.9950 0.9950 0.9950 0.9950 0.9950 0.9950 0.6078 0.9950 0.6078 0.9950 0.6078
142 304 109 129 0.9950 0.6078 0.9950 0.9950 0.6078 0.6078 0.6078 0.9950 0.9950 0.6078 0.6078 0.6078 0.6078 0.9950 0.6078 0.9950
304 109 129 228 0.6078 0.9950 0.9950 0.9950 0.6078 0.9950 0.6078 0.6078 0.9950 0.9950 0.9950 0.6078 0.9950 0.9950 0.9950 0.9950
109 129 228 032 0.9950 0.9950 0.6078 0.6078 0.9950 0.9950 0.9950 0.6078 0.6078 0.6078 0.6078 0.6078 0.6078 0.6078 0.6078 0.6078
129 228 032 265 0.6078 0.9950 0.9950 0.9950 0.9950 0.6078 0.6078 0.9950 0.9950 0.9950 0.6078 0.6078 0.9950 0.6078 0.9950 0.9950
228 032 265 103 0.6078 0.6078 0.9950 0.6078 0.6078 0.9950 0.6078 0.9950 0.6078 0.9950 0.9950 0.9950 0.9950 0.9950 0.6078 0.6078
032 265 103 170 0.9950 0.6078 0.6078 0.9950 0.9950 0.9950 0.9950 0.9950 0.9950 0.6078 0.9950 0.9950 0.6078 0.6078 0.9950 0.6078
265 103 170 210 0.6078 0.6078 0.9950 0.6078 0.9950 0.9950 0.9950 0.6078 0.6078 0.6078 0.9950 0.9950 0.6078 0.9950 0.9950 0.6078
103 170 210 205 0.9950 0.6078 0.9950 0.9950 0.6078 0.6078 0.9950 0.9950 0.6078 0.9950 0.9950 0.6078 0.6078 0.6078 0.9950 0.9950
170 210 205 015 0.6078 0.6078 0.6078 0.9950 0.9950 0.9950 0.6078 0.9950 0.6078 0.6078 0.6078 0.6078 0.6078 0.6078 0.9950 0.9950
210 205 015 052 0.9950 0.9950 0.6078 0.6078 0.9950 0.6078 0.6078 0.6078 0.6078 0.6078 0.9950 0.9950 0.6078 0.6078 0.6078 0.9950
205 015 052 051 0.9950 0.9950 0.6078 0.9950 0.6078 0.6078 0.9950 0.6078 0.6078 0.6078 0.6078 0.6078 0.6078 0.6078 0.9950 0.6078
015 052 051 021 0.6078 0.9950 0.6078 0.9950 0.9950 0.6078 0.6078 0.9950 0.6078 0.6078 0.9950 0.6078 0.6078 0.6078 0.9950 0.6078
052 051 021 097 0.9950 0.6078 0.6078 0.6078 0.6078 0.9950 0.6078 0.9950 0.6078 0.9950 0.9950 0.9950 0.9950 0.9950 0.9950 0.6078
051 021 097 173 0.6078 0.9950 0.6078 0.9950 0.9950 0.9950 0.6078 0.9950 0.6078 0.6078 0.9950 0.6078 0.9950 0.9950 0.9950 0.6078
021 097 173 067 0.6078 0.9950 0.6078 0.6078 0.6078 0.9950 0.9950 0.6078 0.6078 0.9950 0.9950 0.9950 0.9950 0.6078 0.6078 0.9950
097 173 067 185 0.6078 0.9950 0.9950 0.6078 0.6078 0.9950 0.9950 0.9950 0.9950 0.9950 0.9950 0.9950 0.6078 0.6078 0.9950 0.9950
173 067 185 250 0.6078 0.9950 0.6078 0.6078 0.9950 0.6078 0.9950 0.9950 0.6078 0.6078 0.6078 0.6078 0.6078 0.9950 0.9950 0.6078
