356 031684 3
250 253 224 165 0.8866 0.7662 0.8866 0.8866 0.8866 0.7662 0.8866 0.7662 0.7662 0.8866 0.7662 0.8866 0.7662 0.8866 0.7662 0.8866
253 224 165 214 0.8866 0.8866 0.8866 0.8866 0.8866 0.7662 0.8866 0.8866 0.8866 0.8866 0.7662 0.7662 0.7662 0.8866 0.8866 0.8866
224 165 214 309 0.7662 0.7662 0.7662 0.8866 0.7662 0.7662 0.8866 0.8866 0.8866 0.8866 0.8866 0.8866 0.7662 0.7662 0.8866 0.8866
165 214 309 166 0.8866 0.8866 0.7662 0.7662 0.8866 0.7662 0.8866 0.8866 0.7662 0.8866 0.8866 0.7662 0.8866 0.7662 0.7662 0.8866
214 309 166 031 0.7662 0.8866 0.7662 0.7662 0.8866 0.8866 0.7662 0.8866 0.8866 0.7662 0.8866 0.8866 0.8866 0.7662 0.7662 0.7662
309 166 031 277 0.7662 0.7662 0.8866 0.7662 0.7662 0.7662 0.7662 0.7662 0.7662 0.7662 0.8866 0.8866 0.8866 0.7662 0.8866 0.7662
166 031 277 149 0.8866 0.7662 0.7662 0.7662 0.8866 0.7662 0.7662 0.8866 0.8866 0.8866 0.7662 0.7662 0.8866 0.7662 0.8866 0.8866
031 277 149 345 0.8866 0.7662 0.8866 0.7662 0.8866 0.7662 0.8866 0.8866 0.8866 0.7662 0.8866 0.8866 0.8866 0.8866 0.7662 0.8866
277 149 345 276 0.8866 0.8866 0.7662 0.8866 0.8866 0.8866 0.7662 0.8866 0.7662 0.8866 0.7662 0.8866 0.7662 0.8866 0.8866 0.7662
149 345 276 330 0.7662 0.7662 0.8866 0.7662 0.8866 0.7662 0.8866 0.8866 0.7662 0.8866 0.7662 0.8866 0.8866 0.8866 0.8866 0.8866
345 276 330 147 0.7662 0.8866 0.8866 0.7662 0.8866 0.8866 0.8866 0.7662 0.8866 0.7662 0.7662 0.8866 0.8866 0.7662 0.8866 0.8866
276 330 147 051 0.7662 0.8866 0.7662 0.7662 0.8866 0.8866 0.8866 0.7662 0.7662 0.8866 0.7662 0.8866 0.8866 0.8866 0.7662 0.8866
330 147 051 337 0.7662 0.7662 0.8866 0.7662 0.7662 0.7662 0.8866 0.8866 0.7662 0.8866 0.7662 0.7662 0.8866 0.8866 0.8866 0.8866
147 051 337 217 0.8866 0.7662 0.8866 0.7662 0.7662 0.7662 0.7662 0.8866 0.7662 0.7662 0.7662 0.8866 0.7662 0.7662 0.7662 0.7662
051 337 217 311 0.8866 0.7662 0.8866 0.7662 0.7662 0.8866 0.8866 0.8866 0.7662 0.8866 0.8866 0.7662 0.8866 0.7662 0.7662 0.8866
337 217 311 026 0.8866 0.8866 0.8866 0.8866 0.7662 0.7662 0.8866 0.7662 0.8866 0.7662 0.7662 0.8866 0.7662 0.8866 0.8866 0.8866
217 311 026 067 0.7662 0.8866 0.8866 0.7662 0.8866 0.8866 0.8866 0.8866 0.8866 0.8866 0.8866 0.7662 0.8866 0.7662 0.8866 0.8866
311 026 067 134 0.7662 0.8866 0.7662 0.8866 0.8866 0.7662 0.7662 0.8866 0.8866 0.8866 0.7662 0.7662 0.8866 0.8866 0.8866 0.8866
026 067 134 240 0.8866 0.7662 0.8866 0.8866 0.7662 0.7662 0.7662 0.8866 0.8866 0.8866 0.7662 0.7662 0.8866 0.7662 0.8866 0.7662
067 134 240 025 0.8866 0.8866 0.8866 0.7662 0.7662 0.7662 0.7662 0.7662 0.7662 0.8866 0.7662 0.8866 0.7662 0.7662 0.8866 0.7662
134 240 025 213 0.8866 0.7662 0.8866 0.8866 0.7662 0.7662 0.7662 0.8866 0.8866 0.7662 0.7662 0.7662 0.8866 0.7662 0.7662 0.7662
240 025 213 304 0.7662 0.8866 0.8866 0.8866 0.8866 0.8866 0.7662 0.8866 0.7662 0.8866 0.8866 0.7662 0.7662 0.8866 0.7662 0.8866
025 213 304 305 0.8866 0.7662 0.7662 0.8866 0.7662 0.7662 0.8866 0.8866 0.7662 0.7662 0.7662 0.8866 0.7662 0.7662 0.8866 0.8866
213 304 305 258 0.8866 0.7662 0.7662 0.8866 0.7662 0.8866 0.8866 0.8866 0.7662 0.7662 0.7662 0.8866 0.7662 0.7662 0.7662 0.8866
304 305 258 102 0.7662 0.8866 0.8866 0.7662 0.7662 0.7662 0.8866 0.8866 0.7662 0.8866 0.8866 0.8866 0.7662 0.7662 0.7662 0.7662
305 258 102 123 0.7662 0.7662 0.7662 0.8866 0.8866 0.8866 0.8866 0.7662 0.7662 0.8866 0.8866 0.8866 0.8866 0.8866 0.8866 0.7662
258 102 123 239 0.7662 0.7662 0.8866 0.7662 0.8866 0.8866 0.7662 0.8866 0.7662 0.7662 0.7662 0.8866 0.8866 0.7662 0.7662 0.8866
102 123 239 104 0.7662 0.8866 0.8866 0.8866 0.8866 0.8866 0.7662 0.7662 0.8866 0.8866 0.7662 0.8866 0.7662 0.8866 0.7662 0.8866
123 239 104 084 0.7662 0.7662 0.7662 0.8866 0.7662 0.7662 0.8866 0.7662 0.8866 0.8866 0.8866 0.8866 0.8866 0.7662 0.7662 0.7662
239 104 084 347 0.8866 0.8866 0.7662 0.8866 0.8866 0.7662 0.7662 0.8866 0.8866 0.7662 0.7662 0.8866 0.7662 0.8866 0.7662 0.8866
104 084 347 168 0.8866 0.7662 0.7662 0.7662 0.8866 0.8866 0.7662 0.7662 0.7662 0.7662 0.8866 0.7662 0.8866 0.8866 0.7662 0.8866
084 347 168 346 0.8866 0.7662 0.8866 0.7662 0.7662 0.7662 0.7662 0.8866 0.8866 0.8866 0.7662 0.8866 0.8866 0.8866 0.7662 0.7662
347 168 346 173 0.7662 0.8866 0.7662 0.8866 0.8866 0.8866 0.8866 0.7662 0.7662 0.7662 0.7662 0.8866 0.7662 0.7662 0.7662 0.8866
168 346 173 068 0.7662 0.8866 0.7662 0.8866 0.7662 0.8866 0.8866 0.7662 0.8866 0.7662 0.7662 0.7662 0.8866 0.8866 0.7662 0.8866
346 173 068 122 0.8866 0.8866 0.7662 0.8866 0.8866 0.7662 0.7662 0.8866 0.8866 0.7662 0.8866 0.8866 0.7662 0.7662 0.7662 0.7662
173 068 122 159 0.8866 0.7662 0.7662 0.7662 0.7662 0.7662 0.8866 0.7662 0.7662 0.8866 0.8866 0.8866 0.7662 0.7662 0.7662 0.7662
068 122 159 135 0.7662 0.7662 0.7662 0.8866 0.7662 0.7662 0.8866 0.7662 0.8866 0.7662 0.8866 0.8866 0.7662 0.7662 0.8866 0.7662
122 159 135 160 0.8866 0.8866 0.7662 0.7662 0.8866 0.8866 0.8866 0.7662 0.8866 0.8866 0.8866 0.8866 0.7662 0.7662 0.8866 0.8866
159 135 160 206 0.7662 0.7662 0.8866 0.8866 0.7662 0.7662 0.8866 0.8866 0.7662 0.8866 0.8866 0.7662 0.7662 0.8866 0.8866 0.7662
135 160 206 073 0.7662 0.7662 0.7662 0.7662 0.7662 0.7662 0.7662 0.7662 0.8866 0.8866 0.7662 0.7662 0.8866 0.7662 0.7662 0.7662
160 206 073 150 0.7662 0.8866 0.7662 0.8866 0.8866 0.8866 0.7662 0.7662 0.7662 0.8866 0.8866 0.8866 0.8866 0.8866 0.8866 0.7662
206 073 150 042 0.8866 0.8866 0.7662 0.7662 0.7662 0.8866 0.7662 0.7662 0.8866 0.7662 0.8866 0.8866 0.8866 0.7662 0.8866 0.8866
073 150 042 246 0.7662 0.7662 0.8866 0.8866 0.7662 0.7662 0.7662 0.7662 0.7662 0.7662 0.8866 0.7662 0.7662 0.7662 0.8866 0.7662
150 042 246 171 0.8866 0.8866 0.7662 0.8866 0.8866 0.8866 0.8866 0.8866 0.7662 0.7662 0.7662 0.8866 0.7662 0.7662 0.7662 0.7662
042 246 171 117 0.7662 0.7662 0.8866 0.8866 0.8866 0.8866 0.8866 0.8866 0.8866 0.7662 0.8866 0.7662 0.7662 0.8866 0.8866 0.7662
246 171 117 055 0.7662 0.7662 0.7662 0.8866 0.7662 0.7662 0.8866 0.8866 0.8866 0.7662 0.8866 0.8866 0.8866 0.7662 0.7662 0.7662
171 117 055 086 0.7662 0.8866 0.8866 0.7662 0.8866 0.8866 0.8866 0.8866 0.7662 0.8866 0.8866 0.7662 0.7662 0.8866 0.7662 0.8866
117 055 086 036 0.7662 0.7662 0.8866 0.7662 0.7662 0.8866 0.8866 0.7662 0.8866 0.8866 0.7662 0.8866 0.7662 0.7662 0.8866 0.8866
055 086 036 321 0.7662 0.7662 0.7662 0.7662 0.8866 0.7662 0.8866 0.7662 0.7662 0.7662 0.7662 0.7662 0.7662 0.7662 0.7662 0.7662
086 036 321 248 0.7662 0.8866 0.8866 0.7662 0.7662 0.7662 0.7662 0.7662 0.8866 0.7662 0.8866 0.8866 0.7662 0.7662 0.7662 0.8866
036 321 248 241 0.8866 0.7662 0.7662 0.7662 0.8866 0.8866 0.8866 0.7662 0.8866 0.7662 0.7662 0.7662 0.7662 0.8866 0.7662 0.8866
321 248 241 059 0.8866 0.7662 0.8866 0.8866 0.8866 0.7662 0.7662 0.8866 0.8866 0.7662 0.7662 0.7662 0.7662 0.8866 0.7662 0.8866
248 241 059 174 0.7662 0.7662 0.8866 0.7662 0.7662 0.7662 0.8866 0.8866 0.8866 0.8866 0.8866 0.7662 0.8866 0.7662 0.7662 0.8866
241 059 174 244 0.7662 0.8866 0.8866 0.8866 0.7662 0.8866 0.8866 0.8866 0.8866 0.7662 0.7662 0.8866 0.7662 0.8866 0.7662 0.7662
059 174 244 120 0.8866 0.8866 0.8866 0.7662 0.7662 0.7662 0.8866 0.8866 0.8866 0.8866 0.7662 0.8866 0.8866 0.8866 0.7662 0.7662
174 244 120 341 0.7662 0.8866 0.7662 0.7662 0.7662 0.8866 0.8866 0.7662 0.7662 0.7662 0.7662 0.7662 0.7662 0.7662 0.7662 0.8866
244 120 341 113 0.7662 0.7662 0.7662 0.7662 0.7662 0.8866 0.7662 0.7662 0.8866 0.7662 0.7662 0.7662 0.8866 0.8866 0.8866 0.8866
120 341 113 020 0.7662 0.7662 0.8866 0.7662 0.8866 0.7662 0.7662 0.7662 0.8866 0.7662 0.8866 0.7662 0.8866 0.8866 0.8866 0.7662
341 113 020 063 0.7662 0.8866 0.7662 0.7662 0.7662 0.8866 0.7662 0.8866 0.8866 0.8866 0.7662 0.8866 0.7662 0.8866 0.7662 0.8866
113 020 063 177 0.8866 0.8866 0.8866 0.8866 0.7662 0.7662 0.7662 0.8866 0.8866 0.8866 0.8866 0.7662 0.7662 0.7662 0.7662 0.8866
020 063 177 016 0.8866 0.7662 0.8866 0.7662 0.7662 0.8866 0.8866 0.8866 0.7662 0.7662 0.8866 0.8866 0.7662 0.8866 0.8866 0.7662
063 177 016 195 0.8866 0.8866 0.8866 0.7662 0.7662 0.8866 0.7662 0.8866 0.7662 0.7662 0.7662 0.8866 0.7662 0.8866 0.7662 0.8866
177 016 195 098 0.7662 0.7662 0.7662 0.7662 0.8866 0.8866 0.8866 0.7662 0.7662 0.7662 0.7662 0.7662 0.8866 0.7662 0.7662 0.7662
016 195 098 221 0.7662 0.8866 0.7662 0.8866 0.7662 0.7662 0.8866 0.8866 0.8866 0.8866 0.8866 0.7662 0.7662 0.7662 0.8866 0.7662
195 098 221 121 0.7662 0.8866 0.8866 0.7662 0.8866 0.7662 0.7662 0.7662 0.7662 0.8866 0.7662 0.8866 0.8866 0.7662 0.7662 0.8866
098 221 121 302 0.7662 0.8866 0.7662 0.7662 0.8866 0.7662 0.8866 0.7662 0.7662 0.7662 0.7662 0.7662 0.7662 0.7662 0.8866 0.7662
221 121 302 343 0.7662 0.7662 0.8866 0.8866 0.7662 0.7662 0.8866 0.7662 0.8866 0.7662 0.8866 0.8866 0.8866 0.7662 0.8866 0.7662
121 302 343 112 0.7662 0.7662 0.7662 0.8866 0.8866 0.7662 0.8866 0.8866 0.7662 0.8866 0.7662 0.8866 0.7662 0.7662 0.8866 0.8866
302 343 112 071 0.7662 0.8866 0.8866 0.8866 0.7662 0.7662 0.7662 0.7662 0.8866 0.7662 0.7662 0.7662 0.7662 0.7662 0.7662 0.7662
343 112 071 283 0.8866 0.7662 0.7662 0.7662 0.7662 0.8866 0.7662 0.7662 0.8866 0.7662 0.8866 0.8866 0.8866 0.8866 0.7662 0.8866
112 071 283 014 0.8866 0.7662 0.8866 0.8866 0.8866 0.8866 0.8866 0.7662 0.7662 0.8866 0.7662 0.7662 0.8866 0.8866 0.7662 0.7662
071 283 014 023 0.8866 0.8866 0.7662 0.8866 0.8866 0.7662 0.8866 0.7662 0.8866 0.8866 0.7662 0.8866 0.8866 0.8866 0.8866 0.7662
283 014 023 355 0.7662 0.8866 0.7662 0.8866 0.8866 0.8866 0.8866 0.7662 0.8866 0.7662 0.8866 0.7662 0.7662 0.7662 0.8866 0.7662
014 023 355 143 0.7662 0.7662 0.8866 0.8866 0.8866 0.8866 0.7662 0.7662 0.8866 0.8866 0.7662 0.7662 0.7662 0.8866 0.7662 0.8866
023 355 143 038 0.8866 0.7662 0.8866 0.7662 0.8866 0.7662 0.7662 0.8866 0.7662 0.8866 0.7662 0.7662 0.8866 0.7662 0.8866 0.8866
355 143 038 054 0.7662 0.7662 0.8866 0.7662 0.7662 0.7662 0.7662 0.7662 0.7662 0.8866 0.8866 0.7662 0.7662 0.8866 0.7662 0.8866
143 038 054 307 0.8866 0.8866 0.7662 0.8866 0.8866 0.8866 0.8866 0.8866 0.7662 0.7662 0.7662 0.8866 0.7662 0.7662 0.8866 0.8866
038 054 307 351 0.8866 0.7662 0.8866 0.7662 0.7662 0.8866 0.7662 0.8866 0.8866 0.7662 0.7662 0.7662 0.8866 0.7662 0.7662 0.8866
054 307 351 048 0.8866 0.7662 0.8866 0.7662 0.7662 0.8866 0.8866 0.8866 0.8866 0.8866 0.7662 0.7662 0.7662 0.7662 0.7662 0.8866
307 351 048 070 0.8866 0.8866 0.7662 0.7662 0.7662 0.7662 0.8866 0.7662 0.7662 0.7662 0.7662 0.8866 0.8866 0.7662 0.8866 0.8866
351 048 070 192 0.8866 0.8866 0.8866 0.7662 0.7662 0.8866 0.7662 0.8866 0.7662 0.7662 0.7662 0.8866 0.8866 0.7662 0.7662 0.8866
048 070 192 234 0.7662 0.8866 0.7662 0.8866 0.7662 0.7662 0.7662 0.8866 0.8866 0.8866 0.7662 0.8866 0.7662 0.8866 0.7662 0.7662
070 192 234 256 0.8866 0.7662 0.8866 0.8866 0.7662 0.7662 0.7662 0.7662 0.8866 0.8866 0.7662 0.8866 0.7662 0.7662 0.8866 0.7662
192 234 256 130 0.8866 0.8866 0.7662 0.8866 0.7662 0.8866 0.7662 0.7662 0.7662 0.7662 0.8866 0.7662 0.7662 0.7662 0.8866 0.7662
234 256 130 247 0.7662 0.7662 0.8866 0.8866 0.7662 0.7662 0.7662 0.7662 0.8866 0.7662 0.8866 0.8866 0.7662 0.8866 0.8866 0.8866
256 130 247 155 0.7662 0.7662 0.7662 0.7662 0.7662 0.8866 0.8866 0.8866 0.7662 0.8866 0.8866 0.7662 0.7662 0.8866 0.7662 0.7662
130 247 155 288 0.7662 0.8866 0.7662 0.7662 0.8866 0.7662 0.7662 0.7662 0.7662 0.7662 0.7662 0.7662 0.7662 0.7662 0.7662 0.8866
247 155 288 261 0.7662 0.8866 0.8866 0.8866 0.8866 0.7662 0.7662 0.8866 0.8866 0.7662 0.8866 0.7662 0.7662 0.8866 0.7662 0.7662
155 288 261 245 0.7662 0.8866 0.7662 0.8866 0.7662 0.7662 0.7662 0.7662 0.7662 0.8866 0.8866 0.8866 0.7662 0.8866 0.8866 0.8866
288 261 245 354 0.8866 0.8866 0.8866 0.7662 0.8866 0.7662 0.8866 0.8866 0.8866 0.8866 0.8866 0.8866 0.8866 0.8866 0.8866 0.8866
261 245 354 049 0.7662 0.8866 0.8866 0.7662 0.7662 0.7662 0.8866 0.8866 0.8866 0.8866 0.7662 0.8866 0.7662 0.7662 0.8866 0.7662
245 354 049 114 0.7662 0.7662 0.7662 0.8866 0.8866 0.8866 0.8866 0.7662 0.8866 0.8866 0.8866 0.8866 0.7662 0.7662 0.7662 0.8866
354 049 114 296 0.8866 0.8866 0.7662 0.7662 0.8866 0.7662 0.7662 0.8866 0.8866 0.7662 0.7662 0.8866 0.8866 0.7662 0.8866 0.7662
049 114 296 306 0.8866 0.7662 0.8866 0.8866 0.7662 0.8866 0.8866 0.8866 0.8866 0.7662 0.8866 0.8866 0.8866 0.7662 0.8866 0.8866
114 296 306 298 0.8866 0.8866 0.7662 0.7662 0.8866 0.7662 0.8866 0.7662 0.8866 0.8866 0.7662 0.8866 0.7662 0.7662 0.8866 0.7662
296 306 298 315 0.8866 0.8866 0.7662 0.7662 0.7662 0.8866 0.8866 0.8866 0.8866 0.8866 0.8866 0.7662 0.7662 0.8866 0.7662 0.8866
306 298 315 124 0.7662 0.8866 0.8866 0.7662 0.7662 0.7662 0.8866 0.7662 0.8866 0.8866 0.8866 0.8866 0.7662 0.7662 0.8866 0.7662
298 315 124 314 0.8866 0.8866 0.8866 0.8866 0.8866 0.8866 0.7662 0.7662 0.7662 0.8866 0.8866 0.7662 0.8866 0.8866 0.7662 0.7662
315 124 314 280 0.8866 0.8866 0.8866 0.7662 0.7662 0.8866 0.8866 0.8866 0.7662 0.7662 0.7662 0.8866 0.8866 0.8866 0.7662 0.8866
124 314 280 312 0.8866 0.8866 0.8866 0.7662 0.8866 0.7662 0.7662 0.8866 0.8866 0.8866 0.8866 0.8866 0.8866 0.8866 0.7662 0.8866
314 280 312 238 0.7662 0.7662 0.7662 0.8866 0.7662 0.8866 0.8866 0.7662 0.8866 0.7662 0.8866 0.7662 0.8866 0.7662 0.7662 0.7662
280 312 238 189 0.8866 0.7662 0.7662 0.8866 0.7662 0.7662 0.8866 0.7662 0.8866 0.7662 0.7662 0.7662 0.7662 0.7662 0.7662 0.7662
312 238 189 294 0.8866 0.7662 0.7662 0.7662 0.7662 0.7662 0.8866 0.8866 0.7662 0.8866 0.7662 0.7662 0.7662 0.8866 0.8866 0.7662
238 189 294 269 0.7662 0.7662 0.7662 0.7662 0.7662 0.8866 0.8866 0.7662 0.7662 0.8866 0.8866 0.8866 0.7662 0.7662 0.8866 0.7662
189 294 269 011 0.8866 0.7662 0.7662 0.7662 0.8866 0.7662 0.8866 0.8866 0.7662 0.8866 0.8866 0.8866 0.8866 0.7662 0.8866 0.7662
294 269 011 272 0.8866 0.7662 0.7662 0.8866 0.8866 0.7662 0.7662 0.7662 0.7662 0.8866 0.8866 0.8866 0.7662 0.7662 0.8866 0.8866
269 011 272 106 0.7662 0.7662 0.8866 0.7662 0.8866 0.8866 0.8866 0.7662 0.8866 0.7662 0.7662 0.8866 0.8866 0.8866 0.7662 0.7662
011 272 106 140 0.7662 0.7662 0.8866 0.8866 0.7662 0.8866 0.7662 0.8866 0.8866 0.8866 0.8866 0.7662 0.8866 0.7662 0.8866 0.7662
272 106 140 139 0.7662 0.8866 0.8866 0.7662 0.7662 0.8866 0.7662 0.8866 0.7662 0.7662 0.7662 0.8866 0.8866 0.7662 0.8866 0.8866
106 140 139 032 0.8866 0.8866 0.7662 0.7662 0.7662 0.8866 0.7662 0.8866 0.7662 0.7662 0.7662 0.8866 0.8866 0.7662 0.7662 0.8866
140 139 032 232 0.7662 0.8866 0.8866 0.8866 0.8866 0.7662 0.7662 0.8866 0.7662 0.8866 0.8866 0.7662 0.7662 0.8866 0.7662 0.7662
139 032 232 083 0.7662 0.7662 0.7662 0.7662 0.8866 0.7662 0.7662 0.8866 0.7662 0.8866 0.8866 0.7662 0.7662 0.8866 0.8866 0.8866
032 232 083 131 0.8866 0.8866 0.7662 0.8866 0.8866 0.8866 0.8866 0.8866 0.7662 0.8866 0.7662 0.8866 0.7662 0.7662 0.7662 0.7662
232 083 131 316 0.8866 0.7662 0.8866 0.7662 0.8866 0.7662 0.8866 0.7662 0.8866 0.8866 0.8866 0.8866 0.8866 0.7662 0.8866 0.7662
083 131 316 254 0.7662 0.7662 0.8866 0.8866 0.7662 0.8866 0.8866 0.8866 0.7662 0.7662 0.7662 0.8866 0.8866 0.8866 0.8866 0.7662
131 316 254 290 0.8866 0.8866 0.7662 0.8866 0.8866 0.8866 0.8866 0.7662 0.7662 0.8866 0.7662 0.8866 0.7662 0.7662 0.8866 0.8866
316 254 290 186 0.7662 0.8866 0.8866 0.7662 0.8866 0.7662 0.7662 0.8866 0.7662 0.7662 0.8866 0.7662 0.8866 0.8866 0.7662 0.8866
254 290 186 182 0.8866 0.7662 0.8866 0.7662 0.8866 0.8866 0.7662 0.7662 0.8866 0.7662 0.8866 0.7662 0.8866 0.8866 0.7662 0.8866
290 186 182 163 0.7662 0.8866 0.7662 0.7662 0.7662 0.7662 0.8866 0.8866 0.8866 0.7662 0.8866 0.7662 0.7662 0.8866 0.8866 0.7662
186 182 163 046 0.8866 0.7662 0.8866 0.8866 0.7662 0.8866 0.7662 0.7662 0.8866 0.7662 0.7662 0.7662 0.8866 0.7662 0.7662 0.8866
182 163 046 205 0.8866 0.7662 0.8866 0.7662 0.8866 0.7662 0.8866 0.8866 0.8866 0.7662 0.7662 0.7662 0.8866 0.7662 0.8866 0.7662
163 046 205 094 0.8866 0.8866 0.7662 0.7662 0.8866 0.7662 0.8866 0.7662 0.7662 0.7662 0.8866 0.8866 0.8866 0.8866 0.8866 0.7662
046 205 094 318 0.7662 0.7662 0.7662 0.8866 0.7662 0.7662 0.8866 0.7662 0.7662 0.7662 0.8866 0.8866 0.8866 0.8866 0.7662 0.8866
205 094 318 018 0.8866 0.7662 0.7662 0.8866 0.8866 0.8866 0.7662 0.8866 0.8866 0.7662 0.7662 0.7662 0.8866 0.7662 0.7662 0.8866
094 318 018 005 0.7662 0.8866 0.8866 0.7662 0.8866 0.7662 0.7662 0.7662 0.7662 0.8866 0.7662 0.7662 0.8866 0.7662 0.8866 0.8866
318 018 005 211 0.8866 0.8866 0.7662 0.8866 0.8866 0.8866 0.8866 0.8866 0.8866 0.7662 0.7662 0.7662 0.7662 0.8866 0.8866 0.7662
018 005 211 161 0.7662 0.8866 0.8866 0.7662 0.8866 0.7662 0.7662 0.8866 0.7662 0.8866 0.7662 0.7662 0.8866 0.8866 0.8866 0.7662
005 211 161 003 0.7662 0.8866 0.8866 0.7662 0.7662 0.7662 0.7662 0.7662 0.7662 0.8866 0.7662 0.7662 0.7662 0.8866 0.8866 0.8866
211 161 003 342 0.8866 0.8866 0.7662 0.8866 0.7662 0.7662 0.7662 0.7662 0.7662 0.8866 0.7662 0.7662 0.8866 0.8866 0.7662 0.8866
161 003 342 322 0.8866 0.8866 0.7662 0.8866 0.8866 0.7662 0.7662 0.7662 0.7662 0.7662 0.7662 0.7662 0.8866 0.8866 0.7662 0.8866
003 342 322 118 0.7662 0.8866 0.8866 0.8866 0.7662 0.7662 0.7662 0.7662 0.7662 0.8866 0.7662 0.8866 0.7662 0.8866 0.8866 0.7662
342 322 118 057 0.7662 0.7662 0.8866 0.7662 0.7662 0.8866 0.8866 0.8866 0.8866 0.7662 0.8866 0.8866 0.8866 0.8866 0.8866 0.7662
322 118 057 275 0.8866 0.7662 0.8866 0.7662 0.7662 0.8866 0.8866 0.8866 0.7662 0.8866 0.7662 0.7662 0.7662 0.7662 0.8866 0.8866
118 057 275 295 0.7662 0.8866 0.7662 0.8866 0.8866 0.8866 0.8866 0.7662 0.8866 0.8866 0.7662 0.7662 0.8866 0.8866 0.7662 0.7662
057 275 295 317 0.8866 0.8866 0.8866 0.7662 0.8866 0.7662 0.8866 0.7662 0.7662 0.7662 0.8866 0.7662 0.8866 0.7662 0.8866 0.8866
275 295 317 045 0.8866 0.7662 0.8866 0.8866 0.8866 0.8866 0.8866 0.8866 0.8866 0.8866 0.7662 0.8866 0.7662 0.7662 0.7662 0.7662
295 317 045 132 0.8866 0.7662 0.7662 0.7662 0.7662 0.7662 0.7662 0.7662 0.8866 0.7662 0.8866 0.8866 0.8866 0.7662 0.8866 0.7662
317 045 132 002 0.7662 0.7662 0.7662 0.7662 0.7662 0.7662 0.7662 0.7662 0.8866 0.8866 0.8866 0.8866 0.7662 0.8866 0.7662 0.8866
045 132 002 076 0.8866 0.7662 0.8866 0.8866 0.8866 0.7662 0.7662 0.7662 0.7662 0.7662 0.8866 0.8866 0.8866 0.8866 0.7662 0.7662
132 002 076 043 0.8866 0.8866 0.8866 0.7662 0.8866 0.8866 0.8866 0.7662 0.7662 0.7662 0.8866 0.7662 0.8866 0.8866 0.7662 0.7662
002 076 043 142 0.7662 0.8866 0.7662 0.7662 0.7662 0.8866 0.7662 0.7662 0.8866 0.8866 0.7662 0.8866 0.8866 0.7662 0.8866 0.8866
076 043 142 030 0.8866 0.8866 0.8866 0.7662 0.7662 0.7662 0.7662 0.8866 0.8866 0.7662 0.7662 0.8866 0.7662 0.8866 0.8866 0.8866
043 142 030 125 0.7662 0.7662 0.7662 0.8866 0.8866 0.8866 0.8866 0.7662 0.8866 0.7662 0.7662 0.8866 0.7662 0.7662 0.7662 0.8866
142 030 125 279 0.7662 0.8866 0.8866 0.8866 0.8866 0.8866 0.7662 0.8866 0.8866 0.8866 0.7662 0.7662 0.8866 0.7662 0.7662 0.7662
030 125 279 095 0.7662 0.8866 0.7662 0.8866 0.8866 0.8866 0.8866 0.7662 0.8866 0.7662 0.8866 0.8866 0.7662 0.7662 0.8866 0.8866
125 279 095 230 0.7662 0.7662 0.8866 0.7662 0.7662 0.7662 0.8866 0.7662 0.8866 0.7662 0.8866 0.7662 0.8866 0.8866 0.8866 0.8866
279 095 230 267 0.8866 0.8866 0.8866 0.7662 0.8866 0.8866 0.7662 0.8866 0.8866 0.7662 0.8866 0.8866 0.8866 0.7662 0.8866 0.7662
095 230 267 144 0.7662 0.8866 0.7662 0.8866 0.7662 0.8866 0.8866 0.8866 0.8866 0.7662 0.8866 0.8866 0.7662 0.8866 0.8866 0.7662
230 267 144 090 0.7662 0.8866 0.8866 0.7662 0.8866 0.7662 0.8866 0.7662 0.8866 0.8866 0.7662 0.8866 0.7662 0.7662 0.8866 0.7662
267 144 090 099 0.7662 0.7662 0.7662 0.7662 0.8866 0.7662 0.8866 0.7662 0.8866 0.7662 0.8866 0.8866 0.7662 0.7662 0.8866 0.8866
144 090 099 348 0.8866 0.8866 0.7662 0.8866 0.7662 0.8866 0.7662 0.8866 0.8866 0.8866 0.7662 0.7662 0.7662 0.8866 0.7662 0.8866
090 099 348 199 0.8866 0.7662 0.8866 0.7662 0.7662 0.7662 0.8866 0.8866 0.7662 0.7662 0.8866 0.7662 0.8866 0.8866 0.8866 0.8866
099 348 199 065 0.8866 0.7662 0.7662 0.8866 0.8866 0.8866 0.7662 0.8866 0.7662 0.7662 0.7662 0.8866 0.8866 0.7662 0.7662 0.7662
348 199 065 089 0.8866 0.8866 0.8866 0.7662 0.7662 0.7662 0.7662 0.8866 0.7662 0.7662 0.7662 0.8866 0.7662 0.8866 0.8866 0.7662
199 065 089 105 0.7662 0.7662 0.7662 0.8866 0.7662 0.7662 0.7662 0.7662 0.7662 0.7662 0.7662 0.8866 0.8866 0.7662 0.8866 0.7662
065 089 105 271 0.7662 0.7662 0.7662 0.7662 0.7662 0.8866 0.8866 0.7662 0.8866 0.8866 0.7662 0.7662 0.7662 0.7662 0.7662 0.7662
089 105 271 146 0.7662 0.8866 0.8866 0.8866 0.7662 0.7662 0.7662 0.7662 0.8866 0.7662 0.7662 0.7662 0.7662 0.8866 0.7662 0.8866
105 271 146 069 0.7662 0.7662 0.8866 0.8866 0.7662 0.8866 0.7662 0.7662 0.8866 0.8866 0.7662 0.8866 0.8866 0.7662 0.7662 0.7662
271 146 069 176 0.8866 0.7662 0.8866 0.8866 0.7662 0.7662 0.8866 0.8866 0.7662 0.7662 0.7662 0.8866 0.8866 0.8866 0.8866 0.8866
146 069 176 027 0.8866 0.8866 0.7662 0.8866 0.8866 0.8866 0.8866 0.8866 0.8866 0.7662 0.8866 0.8866 0.8866 0.8866 0.7662 0.8866
069 176 027 141 0.7662 0.8866 0.7662 0.8866 0.7662 0.8866 0.8866 0.8866 0.7662 0.8866 0.8866 0.7662 0.7662 0.8866 0.7662 0.7662
176 027 141 319 0.7662 0.8866 0.8866 0.7662 0.8866 0.7662 0.8866 0.7662 0.7662 0.7662 0.8866 0.7662 0.8866 0.8866 0.7662 0.8866
027 141 319 259 0.8866 0.8866 0.8866 0.8866 0.7662 0.7662 0.7662 0.7662 0.8866 0.7662 0.8866 0.8866 0.7662 0.8866 0.7662 0.8866
141 319 259 229 0.7662 0.7662 0.7662 0.8866 0.8866 0.7662 0.7662 0.7662 0.7662 0.7662 0.8866 0.8866 0.8866 0.8866 0.8866 0.7662
319 259 229 242 0.8866 0.7662 0.7662 0.7662 0.8866 0.8866 0.7662 0.7662 0.7662 0.8866 0.7662 0.7662 0.8866 0.8866 0.7662 0.8866
259 229 242 064 0.7662 0.8866 0.7662 0.7662 0.8866 0.8866 0.8866 0.7662 0.7662 0.8866 0.8866 0.8866 0.8866 0.8866 0.8866 0.7662
229 242 064 249 0.7662 0.8866 0.7662 0.7662 0.7662 0.8866 0.8866 0.8866 0.7662 0.7662 0.8866 0.8866 0.8866 0.7662 0.7662 0.8866
242 064 249 096 0.8866 0.7662 0.8866 0.7662 0.7662 0.8866 0.7662 0.7662 0.7662 0.7662 0.7662 0.8866 0.7662 0.8866 0.8866 0.8866
064 249 096 024 0.7662 0.8866 0.8866 0.8866 0.7662 0.7662 0.7662 0.8866 0.7662 0.7662 0.8866 0.8866 0.7662 0.7662 0.8866 0.7662
249 096 024 228 0.7662 0.8866 0.7662 0.8866 0.8866 0.7662 0.8866 0.8866 0.7662 0.8866 0.7662 0.7662 0.7662 0.8866 0.7662 0.8866
096 024 228 153 0.8866 0.7662 0.8866 0.8866 0.7662 0.8866 0.7662 0.8866 0.7662 0.8866 0.7662 0.7662 0.7662 0.7662 0.8866 0.7662
024 228 153 216 0.8866 0.8866 0.7662 0.8866 0.8866 0.8866 0.8866 0.8866 0.8866 0.7662 0.8866 0.8866 0.7662 0.8866 0.8866 0.7662
228 153 216 200 0.8866 0.7662 0.8866 0.8866 0.7662 0.7662 0.7662 0.7662 0.8866 0.7662 0.7662 0.8866 0.7662 0.7662 0.7662 0.8866
153 216 200 185 0.8866 0.8866 0.8866 0.7662 0.7662 0.7662 0.8866 0.8866 0.7662 0.8866 0.8866 0.7662 0.8866 0.7662 0.7662 0.7662
216 200 185 266 0.8866 0.7662 0.7662 0.8866 0.7662 0.8866 0.8866 0.7662 0.7662 0.8866 0.7662 0.8866 0.8866 0.7662 0.7662 0.8866
200 185 266 103 0.8866 0.8866 0.7662 0.7662 0.8866 0.7662 0.8866 0.8866 0.8866 0.7662 0.8866 0.7662 0.8866 0.8866 0.7662 0.8866
185 266 103 128 0.7662 0.7662 0.8866 0.7662 0.7662 0.7662 0.7662 0.8866 0.7662 0.7662 0.8866 0.8866 0.7662 0.8866 0.7662 0.7662
266 103 128 110 0.8866 0.8866 0.7662 0.7662 0.7662 0.7662 0.8866 0.8866 0.7662 0.8866 0.8866 0.8866 0.8866 0.8866 0.8866 0.8866
103 128 110 072 0.8866 0.7662 0.7662 0.7662 0.8866 0.7662 0.7662 0.8866 0.8866 0.7662 0.8866 0.7662 0.8866 0.8866 0.8866 0.7662
128 110 072 196 0.8866 0.8866 0.8866 0.7662 0.7662 0.7662 0.8866 0.7662 0.8866 0.7662 0.7662 0.7662 0.7662 0.8866 0.8866 0.8866
110 072 196 039 0.8866 0.7662 0.8866 0.7662 0.8866 0.8866 0.7662 0.8866 0.7662 0.8866 0.8866 0.8866 0.7662 0.7662 0.8866 0.7662
072 196 039 198 0.8866 0.7662 0.8866 0.8866 0.7662 0.7662 0.7662 0.7662 0.8866 0.8866 0.8866 0.8866 0.8866 0.7662 0.7662 0.8866
196 039 198 303 0.7662 0.7662 0.7662 0.7662 0.8866 0.7662 0.7662 0.8866 0.7662 0.7662 0.8866 0.7662 0.8866 0.7662 0.8866 0.7662
039 198 303 207 0.7662 0.8866 0.8866 0.7662 0.8866 0.7662 0.7662 0.8866 0.8866 0.8866 0.7662 0.8866 0.8866 0.7662 0.7662 0.7662
198 303 207 148 0.7662 0.7662 0.8866 0.7662 0.7662 0.7662 0.7662 0.8866 0.7662 0.8866 0.7662 0.8866 0.7662 0.7662 0.8866 0.7662
303 207 148 093 0.8866 0.7662 0.7662 0.8866 0.7662 0.7662 0.7662 0.8866 0.7662 0.8866 0.8866 0.8866 0.8866 0.7662 0.7662 0.8866
207 148 093 344 0.8866 0.7662 0.8866 0.7662 0.7662 0.7662 0.7662 0.7662 0.7662 0.7662 0.7662 0.7662 0.7662 0.8866 0.7662 0.7662
148 093 344 235 0.7662 0.7662 0.8866 0.8866 0.8866 0.7662 0.8866 0.7662 0.8866 0.8866 0.8866 0.7662 0.8866 0.8866 0.8866 0.8866
093 344 235 184 0.8866 0.8866 0.8866 0.7662 0.7662 0.7662 0.7662 0.8866 0.8866 0.8866 0.8866 0.7662 0.7662 0.7662 0.7662 0.7662
344 235 184 243 0.8866 0.7662 0.7662 0.7662 0.8866 0.8866 0.8866 0.8866 0.8866 0.7662 0.7662 0.8866 0.8866 0.8866 0.8866 0.7662
235 184 243 287 0.7662 0.7662 0.7662 0.8866 0.7662 0.8866 0.8866 0.7662 0.8866 0.7662 0.7662 0.7662 0.7662 0.8866 0.7662 0.8866
184 243 287 087 0.8866 0.7662 0.8866 0.7662 0.8866 0.8866 0.7662 0.8866 0.7662 0.7662 0.7662 0.7662 0.7662 0.7662 0.8866 0.8866
243 287 087 310 0.7662 0.7662 0.7662 0.8866 0.8866 0.8866 0.8866 0.7662 0.8866 0.7662 0.8866 0.7662 0.8866 0.7662 0.7662 0.8866
287 087 310 074 0.7662 0.8866 0.7662 0.8866 0.7662 0.8866 0.8866 0.8866 0.8866 0.7662 0.8866 0.8866 0.7662 0.8866 0.8866 0.7662
087 310 074 158 0.8866 0.8866 0.8866 0.8866 0.7662 0.8866 0.8866 0.8866 0.7662 0.7662 0.7662 0.7662 0.7662 0.7662 0.7662 0.8866
310 074 158 301 0.7662 0.8866 0.7662 0.8866 0.8866 0.7662 0.8866 0.8866 0.7662 0.8866 0.7662 0.7662 0.7662 0.7662 0.7662 0.7662
074 158 301 335 0.7662 0.7662 0.8866 0.8866 0.7662 0.8866 0.8866 0.7662 0.8866 0.7662 0.8866 0.7662 0.8866 0.7662 0.8866 0.7662
158 301 335 197 0.8866 0.8866 0.7662 0.7662 0.7662 0.7662 0.8866 0.7662 0.8866 0.7662 0.8866 0.8866 0.7662 0.8866 0.7662 0.8866
301 335 197 255 0.8866 0.8866 0.7662 0.8866 0.7662 0.7662 0.7662 0.7662 0.8866 0.8866 0.8866 0.8866 0.8866 0.7662 0.7662 0.8866
335 197 255 079 0.8866 0.7662 0.8866 0.7662 0.7662 0.8866 0.8866 0.8866 0.8866 0.8866 0.8866 0.7662 0.8866 0.7662 0.7662 0.8866
197 255 079 157 0.8866 0.8866 0.7662 0.7662 0.8866 0.7662 0.8866 0.7662 0.7662 0.8866 0.8866 0.7662 0.8866 0.7662 0.7662 0.7662
255 079 157 127 0.8866 0.8866 0.8866 0.8866 0.8866 0.8866 0.8866 0.7662 0.8866 0.7662 0.7662 0.7662 0.7662 0.8866 0.7662 0.8866
079 157 127 040 0.8866 0.8866 0.8866 0.8866 0.7662 0.7662 0.7662 0.7662 0.7662 0.8866 0.7662 0.8866 0.8866 0.8866 0.8866 0.8866
157 127 040 289 0.7662 0.8866 0.7662 0.8866 0.8866 0.8866 0.7662 0.7662 0.7662 0.8866 0.8866 0.8866 0.7662 0.8866 0.8866 0.8866
127 040 289 227 0.7662 0.7662 0.7662 0.7662 0.8866 0.8866 0.7662 0.8866 0.8866 0.8866 0.8866 0.7662 0.8866 0.7662 0.8866 0.8866
040 289 227 179 0.7662 0.8866 0.8866 0.8866 0.7662 0.7662 0.7662 0.7662 0.7662 0.8866 0.8866 0.8866 0.8866 0.7662 0.8866 0.7662
289 227 179 129 0.7662 0.8866 0.8866 0.8866 0.8866 0.7662 0.7662 0.8866 0.8866 0.7662 0.7662 0.7662 0.8866 0.7662 0.7662 0.7662
227 179 129 044 0.8866 0.7662 0.7662 0.8866 0.7662 0.7662 0.8866 0.7662 0.7662 0.7662 0.7662 0.8866 0.7662 0.8866 0.7662 0.7662
179 129 044 019 0.8866 0.7662 0.8866 0.8866 0.7662 0.7662 0.8866 0.7662 0.8866 0.8866 0.8866 0.7662 0.7662 0.8866 0.7662 0.8866
129 044 019 066 0.8866 0.7662 0.7662 0.7662 0.8866 0.7662 0.7662 0.7662 0.7662 0.7662 0.8866 0.8866 0.7662 0.8866 0.7662 0.8866
044 019 066 308 0.8866 0.8866 0.7662 0.8866 0.7662 0.8866 0.7662 0.7662 0.7662 0.8866 0.8866 0.7662 0.8866 0.7662 0.7662 0.8866
019 066 308 331 0.7662 0.8866 0.7662 0.7662 0.8866 0.8866 0.7662 0.7662 0.8866 0.8866 0.7662 0.8866 0.8866 0.7662 0.8866 0.7662
066 308 331 085 0.7662 0.7662 0.8866 0.8866 0.8866 0.8866 0.8866 0.8866 0.7662 0.8866 0.7662 0.8866 0.8866 0.7662 0.7662 0.8866
308 331 085 263 0.7662 0.8866 0.7662 0.8866 0.7662 0.8866 0.8866 0.8866 0.8866 0.8866 0.8866 0.8866 0.8866 0.8866 0.7662 0.8866
331 085 263 167 0.8866 0.8866 0.7662 0.7662 0.7662 0.7662 0.8866 0.8866 0.8866 0.7662 0.8866 0.8866 0.7662 0.8866 0.8866 0.7662
085 263 167 111 0.8866 0.8866 0.7662 0.7662 0.8866 0.8866 0.7662 0.8866 0.8866 0.8866 0.7662 0.7662 0.8866 0.8866 0.8866 0.8866
263 167 111 047 0.8866 0.8866 0.8866 0.7662 0.7662 0.7662 0.7662 0.8866 0.8866 0.7662 0.8866 0.8866 0.7662 0.8866 0.7662 0.7662
167 111 047 021 0.7662 0.7662 0.8866 0.8866 0.8866 0.8866 0.8866 0.7662 0.7662 0.8866 0.8866 0.8866 0.8866 0.8866 0.7662 0.7662
111 047 021 050 0.7662 0.7662 0.7662 0.7662 0.8866 0.7662 0.7662 0.8866 0.7662 0.7662 0.7662 0.7662 0.8866 0.8866 0.7662 0.8866
047 021 050 191 0.8866 0.8866 0.7662 0.7662 0.8866 0.8866 0.7662 0.7662 0.8866 0.8866 0.7662 0.8866 0.7662 0.7662 0.8866 0.8866
021 050 191 188 0.8866 0.7662 0.7662 0.7662 0.7662 0.7662 0.7662 0.7662 0.8866 0.8866 0.8866 0.8866 0.7662 0.7662 0.8866 0.7662
050 191 188 204 0.7662 0.8866 0.8866 0.8866 0.7662 0.8866 0.8866 0.8866 0.7662 0.7662 0.7662 0.8866 0.8866 0.7662 0.8866 0.7662
191 188 204 162 0.8866 0.8866 0.7662 0.8866 0.7662 0.7662 0.8866 0.7662 0.8866 0.7662 0.7662 0.8866 0.7662 0.7662 0.8866 0.8866
188 204 162 202 0.7662 0.8866 0.7662 0.7662 0.7662 0.8866 0.8866 0.8866 0.8866 0.7662 0.8866 0.7662 0.7662 0.8866 0.7662 0.8866
204 162 202 108 0.7662 0.8866 0.7662 0.7662 0.7662 0.8866 0.8866 0.8866 0.7662 0.8866 0.7662 0.8866 0.8866 0.8866 0.8866 0.7662
162 202 108 052 0.7662 0.7662 0.8866 0.7662 0.8866 0.7662 0.8866 0.7662 0.8866 0.8866 0.8866 0.7662 0.7662 0.8866 0.7662 0.7662
202 108 052 006 0.8866 0.7662 0.7662 0.8866 0.8866 0.8866 0.8866 0.8866 0.8866 0.8866 0.7662 0.8866 0.7662 0.7662 0.8866 0.8866
108 052 006 340 0.7662 0.7662 0.7662 0.7662 0.8866 0.7662 0.8866 0.8866 0.8866 0.7662 0.7662 0.8866 0.8866 0.8866 0.8866 0.8866
052 006 340 091 0.8866 0.8866 0.7662 0.7662 0.7662 0.7662 0.8866 0.7662 0.7662 0.7662 0.7662 0.8866 0.8866 0.8866 0.7662 0.8866
006 340 091 035 0.8866 0.8866 0.8866 0.8866 0.7662 0.8866 0.7662 0.8866 0.7662 0.7662 0.7662 0.7662 0.8866 0.7662 0.7662 0.7662
340 091 035 107 0.8866 0.7662 0.7662 0.8866 0.8866 0.7662 0.7662 0.8866 0.8866 0.7662 0.8866 0.8866 0.7662 0.7662 0.8866 0.8866
091 035 107 353 0.7662 0.8866 0.7662 0.7662 0.7662 0.7662 0.7662 0.8866 0.7662 0.8866 0.7662 0.7662 0.8866 0.7662 0.8866 0.7662
035 107 353 088 0.7662 0.8866 0.8866 0.8866 0.7662 0.8866 0.7662 0.8866 0.8866 0.7662 0.8866 0.7662 0.8866 0.8866 0.7662 0.8866
107 353 088 332 0.7662 0.8866 0.7662 0.7662 0.8866 0.7662 0.8866 0.7662 0.8866 0.8866 0.7662 0.7662 0.8866 0.7662 0.8866 0.8866
353 088 332 210 0.7662 0.7662 0.8866 0.7662 0.7662 0.8866 0.7662 0.7662 0.7662 0.7662 0.8866 0.8866 0.7662 0.7662 0.7662 0.8866
088 332 210 061 0.8866 0.7662 0.8866 0.8866 0.8866 0.8866 0.7662 0.8866 0.7662 0.8866 0.8866 0.7662 0.8866 0.8866 0.8866 0.8866
332 210 061 178 0.8866 0.7662 0.7662 0.8866 0.7662 0.7662 0.8866 0.7662 0.8866 0.7662 0.7662 0.8866 0.7662 0.8866 0.7662 0.7662
210 061 178 154 0.7662 0.7662 0.8866 0.8866 0.7662 0.7662 0.7662 0.7662 0.8866 0.7662 0.8866 0.8866 0.7662 0.7662 0.8866 0.8866
061 178 154 180 0.8866 0.7662 0.8866 0.7662 0.8866 0.8866 0.7662 0.8866 0.8866 0.7662 0.7662 0.8866 0.7662 0.8866 0.8866 0.8866
178 154 180 209 0.8866 0.8866 0.8866 0.8866 0.7662 0.8866 0.8866 0.8866 0.8866 0.8866 0.8866 0.8866 0.8866 0.7662 0.8866 0.8866
154 180 209 097 0.8866 0.8866 0.8866 0.7662 0.8866 0.8866 0.7662 0.7662 0.7662 0.8866 0.8866 0.8866 0.7662 0.8866 0.8866 0.7662
180 209 097 077 0.7662 0.8866 0.8866 0.7662 0.8866 0.7662 0.7662 0.8866 0.8866 0.7662 0.7662 0.7662 0.7662 0.8866 0.8866 0.7662
209 097 077 226 0.8866 0.7662 0.7662 0.7662 0.8866 0.7662 0.8866 0.8866 0.7662 0.7662 0.7662 0.8866 0.8866 0.7662 0.7662 0.8866
097 077 226 282 0.7662 0.7662 0.8866 0.8866 0.7662 0.8866 0.7662 0.7662 0.8866 0.7662 0.7662 0.8866 0.7662 0.7662 0.7662 0.7662
077 226 282 327 0.7662 0.8866 0.8866 0.8866 0.7662 0.7662 0.8866 0.7662 0.8866 0.8866 0.7662 0.8866 0.8866 0.7662 0.7662 0.7662
226 282 327 008 0.8866 0.7662 0.8866 0.7662 0.8866 0.7662 0.7662 0.7662 0.8866 0.8866 0.7662 0.7662 0.7662 0.8866 0.8866 0.7662
282 327 008 270 0.7662 0.7662 0.8866 0.7662 0.7662 0.7662 0.7662 0.7662 0.8866 0.7662 0.8866 0.8866 0.7662 0.7662 0.7662 0.8866
327 008 270 092 0.7662 0.8866 0.8866 0.7662 0.8866 0.7662 0.8866 0.8866 0.7662 0.7662 0.8866 0.7662 0.7662 0.7662 0.7662 0.7662
008 270 092 075 0.7662 0.8866 0.8866 0.7662 0.7662 0.8866 0.8866 0.8866 0.7662 0.7662 0.8866 0.8866 0.7662 0.8866 0.8866 0.8866
270 092 075 220 0.8866 0.8866 0.8866 0.8866 0.7662 0.7662 0.8866 0.7662 0.7662 0.8866 0.7662 0.7662 0.8866 0.8866 0.7662 0.7662
092 075 220 194 0.8866 0.8866 0.8866 0.8866 0.8866 0.7662 0.8866 0.7662 0.7662 0.8866 0.7662 0.7662 0.8866 0.7662 0.7662 0.7662
075 220 194 058 0.7662 0.8866 0.8866 0.7662 0.8866 0.7662 0.7662 0.8866 0.8866 0.7662 0.7662 0.7662 0.7662 0.8866 0.8866 0.7662
220 194 058 183 0.7662 0.7662 0.8866 0.8866 0.7662 0.8866 0.8866 0.8866 0.7662 0.7662 0.7662 0.8866 0.7662 0.8866 0.8866 0.7662
194 058 183 033 0.7662 0.8866 0.8866 0.7662 0.7662 0.7662 0.8866 0.7662 0.7662 0.8866 0.8866 0.7662 0.7662 0.8866 0.8866 0.7662
058 183 033 004 0.8866 0.8866 0.8866 0.8866 0.8866 0.7662 0.7662 0.8866 0.8866 0.8866 0.7662 0.8866 0.8866 0.8866 0.8866 0.7662
183 033 004 101 0.7662 0.8866 0.8866 0.8866 0.7662 0.7662 0.8866 0.8866 0.8866 0.8866 0.8866 0.8866 0.7662 0.7662 0.7662 0.8866
033 004 101 284 0.8866 0.8866 0.8866 0.7662 0.7662 0.8866 0.8866 0.7662 0.8866 0.8866 0.7662 0.7662 0.7662 0.8866 0.7662 0.8866
004 101 284 233 0.7662 0.8866 0.7662 0.7662 0.7662 0.8866 0.7662 0.8866 0.7662 0.8866 0.8866 0.7662 0.8866 0.7662 0.8866 0.8866
101 284 233 326 0.7662 0.8866 0.7662 0.8866 0.7662 0.8866 0.7662 0.7662 0.8866 0.7662 0.7662 0.7662 0.7662 0.8866 0.7662 0.7662
284 233 326 285 0.8866 0.7662 0.8866 0.7662 0.8866 0.8866 0.7662 0.7662 0.7662 0.8866 0.7662 0.7662 0.7662 0.7662 0.8866 0.8866
233 326 285 252 0.8866 0.8866 0.8866 0.7662 0.7662 0.8866 0.7662 0.8866 0.7662 0.8866 0.7662 0.8866 0.8866 0.7662 0.7662 0.7662
326 285 252 219 0.8866 0.8866 0.7662 0.7662 0.8866 0.8866 0.8866 0.8866 0.8866 0.8866 0.7662 0.7662 0.8866 0.7662 0.8866 0.7662
285 252 219 029 0.8866 0.8866 0.8866 0.8866 0.8866 0.8866 0.7662 0.7662 0.8866 0.7662 0.8866 0.8866 0.8866 0.7662 0.8866 0.7662
252 219 029 056 0.8866 0.7662 0.8866 0.8866 0.8866 0.7662 0.7662 0.7662 0.7662 0.8866 0.7662 0.7662 0.8866 0.8866 0.8866 0.8866
219 029 056 017 0.7662 0.8866 0.8866 0.8866 0.8866 0.8866 0.7662 0.8866 0.7662 0.8866 0.7662 0.8866 0.7662 0.7662 0.8866 0.8866
029 056 017 339 0.8866 0.8866 0.7662 0.8866 0.7662 0.8866 0.8866 0.7662 0.8866 0.8866 0.8866 0.8866 0.8866 0.8866 0.8866 0.7662
056 017 339 334 0.8866 0.8866 0.8866 0.7662 0.8866 0.7662 0.7662 0.7662 0.7662 0.8866 0.8866 0.7662 0.8866 0.8866 0.8866 0.8866
017 339 334 015 0.8866 0.7662 0.7662 0.8866 0.7662 0.8866 0.8866 0.7662 0.8866 0.8866 0.8866 0.8866 0.8866 0.7662 0.7662 0.7662
339 334 015 156 0.8866 0.8866 0.7662 0.7662 0.8866 0.8866 0.7662 0.8866 0.7662 0.7662 0.7662 0.7662 0.7662 0.8866 0.8866 0.7662
334 015 156 053 0.8866 0.7662 0.7662 0.8866 0.8866 0.7662 0.8866 0.7662 0.8866 0.8866 0.7662 0.7662 0.8866 0.8866 0.7662 0.8866
015 156 053 116 0.8866 0.7662 0.7662 0.7662 0.7662 0.8866 0.8866 0.7662 0.8866 0.8866 0.7662 0.8866 0.8866 0.7662 0.8866 0.8866
156 053 116 265 0.7662 0.7662 0.8866 0.8866 0.7662 0.8866 0.8866 0.7662 0.8866 0.8866 0.8866 0.7662 0.7662 0.7662 0.7662 0.7662
053 116 265 041 0.8866 0.8866 0.7662 0.7662 0.8866 0.8866 0.8866 0.7662 0.8866 0.8866 0.7662 0.8866 0.8866 0.7662 0.7662 0.8866
116 265 041 078 0.7662 0.8866 0.8866 0.8866 0.7662 0.8866 0.8866 0.7662 0.7662 0.7662 0.8866 0.8866 0.8866 0.7662 0.7662 0.8866
265 041 078 292 0.7662 0.8866 0.8866 0.7662 0.7662 0.7662 0.8866 0.8866 0.8866 0.7662 0.7662 0.7662 0.7662 0.7662 0.8866 0.8866
041 078 292 169 0.8866 0.7662 0.8866 0.7662 0.7662 0.7662 0.8866 0.7662 0.7662 0.7662 0.7662 0.8866 0.8866 0.8866 0.7662 0.7662
078 292 169 170 0.8866 0.8866 0.8866 0.7662 0.8866 0.7662 0.8866 0.7662 0.7662 0.8866 0.7662 0.8866 0.8866 0.7662 0.8866 0.7662
292 169 170 257 0.7662 0.7662 0.8866 0.7662 0.7662 0.8866 0.8866 0.8866 0.7662 0.7662 0.7662 0.8866 0.7662 0.8866 0.8866 0.8866
169 170 257 022 0.8866 0.7662 0.7662 0.8866 0.8866 0.8866 0.7662 0.7662 0.7662 0.7662 0.8866 0.8866 0.7662 0.7662 0.8866 0.8866
170 257 022 145 0.8866 0.7662 0.7662 0.7662 0.7662 0.8866 0.7662 0.8866 0.7662 0.8866 0.7662 0.8866 0.8866 0.8866 0.7662 0.8866
257 022 145 291 0.8866 0.8866 0.8866 0.7662 0.7662 0.7662 0.8866 0.8866 0.7662 0.8866 0.7662 0.8866 0.8866 0.7662 0.7662 0.7662
022 145 291 293 0.7662 0.7662 0.7662 0.8866 0.7662 0.8866 0.7662 0.8866 0.8866 0.7662 0.7662 0.7662 0.8866 0.7662 0.7662 0.8866
145 291 293 281 0.8866 0.7662 0.7662 0.8866 0.7662 0.7662 0.8866 0.7662 0.8866 0.8866 0.8866 0.7662 0.8866 0.8866 0.7662 0.8866
291 293 281 328 0.8866 0.7662 0.8866 0.7662 0.8866 0.7662 0.7662 0.8866 0.7662 0.7662 0.7662 0.8866 0.8866 0.8866 0.7662 0.8866
293 281 328 286 0.7662 0.7662 0.8866 0.8866 0.8866 0.8866 0.7662 0.7662 0.8866 0.8866 0.7662 0.8866 0.8866 0.7662 0.8866 0.7662
281 328 286 193 0.8866 0.7662 0.7662 0.7662 0.8866 0.8866 0.7662 0.8866 0.7662 0.8866 0.8866 0.7662 0.8866 0.8866 0.7662 0.7662
328 286 193 323 0.7662 0.8866 0.7662 0.8866 0.7662 0.7662 0.8866 0.8866 0.7662 0.8866 0.8866 0.7662 0.7662 0.8866 0.8866 0.8866
286 193 323 349 0.7662 0.8866 0.7662 0.8866 0.7662 0.8866 0.7662 0.8866 0.7662 0.8866 0.8866 0.7662 0.8866 0.8866 0.7662 0.8866
193 323 349 320 0.7662 0.8866 0.7662 0.7662 0.7662 0.8866 0.8866 0.8866 0.8866 0.8866 0.8866 0.7662 0.7662 0.7662 0.8866 0.8866
323 349 320 300 0.7662 0.8866 0.7662 0.7662 0.7662 0.7662 0.8866 0.8866 0.7662 0.7662 0.8866 0.7662 0.8866 0.8866 0.7662 0.7662
349 320 300 037 0.8866 0.8866 0.7662 0.8866 0.7662 0.8866 0.7662 0.8866 0.7662 0.8866 0.7662 0.7662 0.7662 0.8866 0.8866 0.8866
320 300 037 119 0.8866 0.7662 0.7662 0.8866 0.7662 0.7662 0.8866 0.7662 0.8866 0.8866 0.8866 0.7662 0.8866 0.8866 0.8866 0.7662
300 037 119 237 0.7662 0.7662 0.7662 0.8866 0.8866 0.7662 0.8866 0.8866 0.8866 0.8866 0.7662 0.8866 0.7662 0.7662 0.7662 0.7662
037 119 237 352 0.7662 0.7662 0.8866 0.8866 0.7662 0.8866 0.7662 0.8866 0.7662 0.8866 0.8866 0.8866 0.8866 0.8866 0.7662 0.7662
119 237 352 082 0.7662 0.7662 0.8866 0.8866 0.7662 0.8866 0.7662 0.7662 0.7662 0.7662 0.8866 0.7662 0.7662 0.7662 0.8866 0.8866
237 352 082 126 0.7662 0.7662 0.8866 0.7662 0.7662 0.7662 0.8866 0.8866 0.8866 0.7662 0.7662 0.7662 0.8866 0.8866 0.8866 0.8866
352 082 126 009 0.8866 0.8866 0.7662 0.8866 0.8866 0.8866 0.7662 0.7662 0.7662 0.7662 0.7662 0.7662 0.8866 0.7662 0.7662 0.7662
082 126 009 336 0.7662 0.8866 0.8866 0.7662 0.8866 0.8866 0.7662 0.7662 0.8866 0.7662 0.7662 0.8866 0.8866 0.7662 0.7662 0.8866
126 009 336 333 0.7662 0.8866 0.7662 0.7662 0.8866 0.7662 0.7662 0.8866 0.7662 0.8866 0.7662 0.8866 0.8866 0.8866 0.8866 0.8866
009 336 333 273 0.8866 0.7662 0.7662 0.8866 0.7662 0.8866 0.8866 0.8866 0.7662 0.8866 0.7662 0.7662 0.8866 0.7662 0.7662 0.8866
336 333 273 329 0.7662 0.8866 0.7662 0.8866 0.8866 0.8866 0.7662 0.8866 0.7662 0.8866 0.7662 0.7662 0.7662 0.8866 0.7662 0.8866
333 273 329 278 0.8866 0.7662 0.7662 0.7662 0.7662 0.8866 0.8866 0.7662 0.7662 0.7662 0.8866 0.8866 0.8866 0.8866 0.7662 0.8866
273 329 278 181 0.8866 0.8866 0.7662 0.7662 0.7662 0.8866 0.7662 0.7662 0.7662 0.7662 0.7662 0.8866 0.8866 0.8866 0.8866 0.7662
329 278 181 218 0.8866 0.7662 0.8866 0.8866 0.7662 0.8866 0.8866 0.7662 0.7662 0.8866 0.8866 0.7662 0.8866 0.8866 0.8866 0.7662
278 181 218 010 0.7662 0.8866 0.8866 0.8866 0.7662 0.8866 0.8866 0.7662 0.7662 0.8866 0.8866 0.8866 0.7662 0.7662 0.7662 0.7662
181 218 010 109 0.8866 0.8866 0.8866 0.8866 0.8866 0.7662 0.7662 0.8866 0.7662 0.7662 0.8866 0.7662 0.8866 0.7662 0.7662 0.8866
218 010 109 081 0.8866 0.7662 0.8866 0.7662 0.8866 0.8866 0.7662 0.7662 0.7662 0.7662 0.8866 0.7662 0.7662 0.8866 0.8866 0.7662
010 109 081 274 0.7662 0.7662 0.8866 0.8866 0.7662 0.7662 0.7662 0.8866 0.7662 0.7662 0.7662 0.8866 0.8866 0.8866 0.7662 0.7662
109 081 274 137 0.7662 0.7662 0.7662 0.8866 0.8866 0.7662 0.8866 0.8866 0.8866 0.7662 0.7662 0.8866 0.7662 0.7662 0.7662 0.7662
081 274 137 115 0.7662 0.7662 0.8866 0.7662 0.7662 0.7662 0.8866 0.7662 0.7662 0.8866 0.8866 0.7662 0.7662 0.7662 0.8866 0.7662
274 137 115 325 0.8866 0.8866 0.8866 0.8866 0.7662 0.8866 0.8866 0.7662 0.8866 0.8866 0.7662 0.7662 0.8866 0.8866 0.8866 0.8866
137 115 325 034 0.7662 0.7662 0.8866 0.7662 0.7662 0.8866 0.7662 0.8866 0.8866 0.8866 0.7662 0.8866 0.7662 0.8866 0.7662 0.8866
115 325 034 012 0.7662 0.7662 0.7662 0.7662 0.8866 0.7662 0.8866 0.8866 0.8866 0.7662 0.8866 0.8866 0.8866 0.7662 0.7662 0.8866
325 034 012 212 0.7662 0.7662 0.7662 0.7662 0.7662 0.7662 0.8866 0.8866 0.7662 0.7662 0.8866 0.8866 0.7662 0.8866 0.7662 0.8866
034 012 212 175 0.7662 0.8866 0.8866 0.7662 0.7662 0.8866 0.8866 0.8866 0.8866 0.8866 0.7662 0.7662 0.7662 0.7662 0.8866 0.7662
012 212 175 062 0.8866 0.8866 0.8866 0.7662 0.8866 0.8866 0.8866 0.7662 0.7662 0.8866 0.7662 0.7662 0.8866 0.7662 0.8866 0.8866
212 175 062 100 0.7662 0.8866 0.8866 0.7662 0.7662 0.8866 0.7662 0.8866 0.7662 0.7662 0.7662 0.7662 0.8866 0.7662 0.7662 0.7662
175 062 100 172 0.8866 0.8866 0.7662 0.8866 0.7662 0.7662 0.7662 0.7662 0.8866 0.8866 0.7662 0.7662 0.7662 0.8866 0.7662 0.8866
062 100 172 164 0.7662 0.8866 0.8866 0.7662 0.7662 0.8866 0.8866 0.8866 0.7662 0.7662 0.8866 0.7662 0.7662 0.8866 0.7662 0.7662
100 172 164 225 0.8866 0.8866 0.7662 0.8866 0.7662 0.8866 0.8866 0.8866 0.8866 0.7662 0.8866 0.7662 0.8866 0.7662 0.8866 0.7662
172 164 225 001 0.7662 0.7662 0.7662 0.7662 0.7662 0.7662 0.7662 0.7662 0.7662 0.8866 0.7662 0.7662 0.7662 0.8866 0.8866 0.7662
164 225 001 201 0.8866 0.8866 0.7662 0.7662 0.8866 0.7662 0.8866 0.8866 0.7662 0.8866 0.7662 0.7662 0.7662 0.8866 0.8866 0.8866
225 001 201 251 0.8866 0.7662 0.8866 0.7662 0.7662 0.7662 0.8866 0.8866 0.7662 0.7662 0.8866 0.8866 0.8866 0.7662 0.8866 0.8866
001 201 251 260 0.7662 0.7662 0.7662 0.7662 0.8866 0.8866 0.7662 0.8866 0.8866 0.7662 0.7662 0.8866 0.8866 0.7662 0.7662 0.8866
201 251 260 313 0.7662 0.7662 0.7662 0.8866 0.8866 0.7662 0.7662 0.8866 0.7662 0.8866 0.8866 0.7662 0.7662 0.8866 0.7662 0.7662
251 260 313 222 0.7662 0.8866 0.8866 0.7662 0.7662 0.7662 0.8866 0.7662 0.8866 0.8866 0.7662 0.7662 0.8866 0.7662 0.7662 0.7662
260 313 222 299 0.7662 0.7662 0.8866 0.7662 0.7662 0.7662 0.7662 0.8866 0.8866 0.8866 0.7662 0.7662 0.7662 0.8866 0.8866 0.7662
313 222 299 262 0.8866 0.8866 0.8866 0.7662 0.7662 0.8866 0.7662 0.8866 0.8866 0.8866 0.7662 0.8866 0.7662 0.8866 0.8866 0.7662
222 299 262 190 0.8866 0.8866 0.8866 0.8866 0.7662 0.8866 0.8866 0.8866 0.7662 0.8866 0.8866 0.8866 0.7662 0.7662 0.8866 0.7662
299 262 190 203 0.8866 0.7662 0.8866 0.8866 0.7662 0.7662 0.7662 0.7662 0.8866 0.7662 0.8866 0.7662 0.7662 0.8866 0.8866 0.7662
262 190 203 151 0.8866 0.8866 0.7662 0.8866 0.8866 0.7662 0.7662 0.7662 0.7662 0.7662 0.8866 0.7662 0.8866 0.7662 0.8866 0.8866
190 203 151 264 0.8866 0.7662 0.8866 0.7662 0.8866 0.7662 0.7662 0.8866 0.7662 0.8866 0.8866 0.7662 0.7662 0.7662 0.8866 0.7662
203 151 264 208 0.8866 0.7662 0.8866 0.7662 0.8866 0.7662 0.8866 0.7662 0.7662 0.7662 0.7662 0.8866 0.7662 0.8866 0.7662 0.8866
151 264 208 028 0.7662 0.8866 0.8866 0.7662 0.8866 0.8866 0.8866 0.7662 0.7662 0.7662 0.8866 0.8866 0.8866 0.8866 0.7662 0.7662
264 208 028 297 0.8866 0.7662 0.7662 0.8866 0.7662 0.8866 0.8866 0.7662 0.7662 0.7662 0.8866 0.8866 0.8866 0.7662 0.7662 0.8866
208 028 297 223 0.8866 0.8866 0.8866 0.8866 0.7662 0.8866 0.8866 0.7662 0.7662 0.8866 0.8866 0.7662 0.7662 0.7662 0.8866 0.8866
028 297 223 136 0.8866 0.8866 0.8866 0.7662 0.7662 0.8866 0.8866 0.7662 0.7662 0.7662 0.7662 0.7662 0.7662 0.8866 0.8866 0.8866
297 223 136 324 0.8866 0.7662 0.8866 0.7662 0.8866 0.7662 0.7662 0.7662 0.7662 0.7662 0.7662 0.7662 0.8866 0.7662 0.7662 0.7662
223 136 324 350 0.7662 0.7662 0.7662 0.8866 0.7662 0.8866 0.8866 0.7662 0.7662 0.8866 0.7662 0.7662 0.7662 0.8866 0.7662 0.7662
136 324 350 133 0.7662 0.7662 0.7662 0.7662 0.8866 0.8866 0.8866 0.8866 0.8866 0.8866 0.7662 0.8866 0.7662 0.8866 0.8866 0.8866
324 350 133 152 0.7662 0.7662 0.8866 0.7662 0.7662 0.8866 0.8866 0.8866 0.7662 0.7662 0.7662 0.7662 0.7662 0.7662 0.8866 0.8866
350 133 152 231 0.8866 0.8866 0.8866 0.8866 0.8866 0.8866 0.8866 0.7662 0.8866 0.8866 0.8866 0.7662 0.7662 0.7662 0.8866 0.8866
133 152 231 013 0.7662 0.7662 0.7662 0.7662 0.7662 0.8866 0.8866 0.8866 0.7662 0.7662 0.8866 0.7662 0.8866 0.8866 0.8866 0.7662
152 231 013 080 0.7662 0.8866 0.8866 0.8866 0.8866 0.8866 0.7662 0.7662 0.8866 0.8866 0.7662 0.8866 0.8866 0.8866 0.8866 0.8866
231 013 080 215 0.7662 0.7662 0.8866 0.8866 0.8866 0.8866 0.7662 0.8866 0.8866 0.8866 0.7662 0.7662 0.7662 0.7662 0.8866 0.7662
013 080 215 338 0.7662 0.8866 0.8866 0.8866 0.7662 0.7662 0.7662 0.7662 0.7662 0.8866 0.7662 0.8866 0.7662 0.8866 0.7662 0.8866
080 215 338 000 0.8866 0.7662 0.7662 0.7662 0.8866 0.8866 0.7662 0.7662 0.8866 0.7662 0.7662 0.7662 0.8866 0.7662 0.8866 0.7662
215 338 000 007 0.7662 0.8866 0.8866 0.8866 0.8866 0.7662 0.8866 0.8866 0.8866 0.8866 0.7662 0.8866 0.8866 0.7662 0.8866 0.7662
338 000 007 187 0.7662 0.8866 0.8866 0.7662 0.8866 0.7662 0.7662 0.8866 0.8866 0.7662 0.7662 0.7662 0.7662 0.8866 0.7662 0.8866
000 007 187 268 0.7662 0.8866 0.7662 0.7662 0.7662 0.8866 0.7662 0.8866 0.7662 0.8866 0.7662 0.7662 0.8866 0.8866 0.7662 0.7662
007 187 268 138 0.8866 0.8866 0.7662 0.7662 0.8866 0.7662 0.7662 0.8866 0.7662 0.7662 0.7662 0.7662 0.8866 0.8866 0.7662 0.8866
187 268 138 236 0.7662 0.8866 0.8866 0.8866 0.8866 0.8866 0.8866 0.7662 0.8866 0.7662 0.8866 0.8866 0.7662 0.8866 0.8866 0.7662
268 138 236 060 0.8866 0.8866 0.8866 0.7662 0.8866 0.7662 0.7662 0.8866 0.8866 0.8866 0.7662 0.8866 0.8866 0.7662 0.7662 0.7662
138 236 060 250 0.8866 0.8866 0.8866 0.7662 0.8866 0.8866 0.8866 0.7662 0.8866 0.8866 0.7662 0.8866 0.8866 0.7662 0.8866 0.7662
236 060 250 253 0.7662 0.7662 0.8866 0.8866 0.7662 0.7662 0.7662 0.8866 0.7662 0.8866 0.8866 0.7662 0.7662 0.7662 0.7662 0.8866
060 250 253 224 0.7662 0.7662 0.7662 0.7662 0.8866 0.8866 0.7662 0.8866 0.7662 0.8866 0.7662 0.7662 0.7662 0.7662 0.8866 0.7662
