356 031684 3
141 016 231 287 0.9066 0.9139 0.9066 0.9066 0.9139 0.9139 0.9139 0.9139 0.9066 0.9066 0.9139 0.9066 0.9139 0.9066 0.9139 0.9066
016 231 287 313 0.9139 0.9139 0.9139 0.9139 0.9066 0.9139 0.9066 0.9139 0.9139 0.9139 0.9066 0.9139 0.9139 0.9066 0.9066 0.9066
231 287 313 086 0.9139 0.9066 0.9066 0.9066 0.9066 0.9066 0.9066 0.9066 0.9066 0.9139 0.9139 0.9139 0.9066 0.9139 0.9139 0.9066
287 313 086 067 0.9139 0.9139 0.9139 0.9066 0.9066 0.9139 0.9066 0.9066 0.9139 0.9139 0.9139 0.9066 0.9066 0.9066 0.9139 0.9139
313 086 067 323 0.9066 0.9066 0.9139 0.9139 0.9139 0.9139 0.9139 0.9066 0.9066 0.9066 0.9139 0.9066 0.9139 0.9066 0.9139 0.9139
086 067 323 050 0.9139 0.9139 0.9139 0.9139 0.9066 0.9066 0.9066 0.9139 0.9066 0.9066 0.9139 0.9139 0.9139 0.9066 0.9066 0.9139
067 323 050 348 0.9139 0.9139 0.9066 0.9066 0.9139 0.9139 0.9139 0.9066 0.9139 0.9139 0.9066 0.9139 0.9066 0.9066 0.9066 0.9139
323 050 348 098 0.9066 0.9139 0.9066 0.9139 0.9066 0.9066 0.9066 0.9139 0.9066 0.9139 0.9066 0.9139 0.9139 0.9066 0.9066 0.9139
050 348 098 232 0.9066 0.9066 0.9066 0.9066 0.9139 0.9066 0.9066 0.9066 0.9139 0.9066 0.9066 0.9139 0.9066 0.9066 0.9066 0.9066
348 098 232 034 0.9066 0.9066 0.9066 0.9066 0.9139 0.9139 0.9066 0.9139 0.9139 0.9066 0.9139 0.9066 0.9066 0.9066 0.9066 0.9139
098 232 034 038 0.9139 0.9066 0.9066 0.9066 0.9066 0.9066 0.9139 0.9139 0.9139 0.9066 0.9139 0.9066 0.9139 0.9066 0.9066 0.9139
232 034 038 107 0.9139 0.9139 0.9139 0.9139 0.9139 0.9066 0.9066 0.9066 0.9066 0.9139 0.9139 0.9139 0.9139 0.9139 0.9066 0.9139
034 038 107 311 0.9066 0.9066 0.9139 0.9066 0.9066 0.9139 0.9139 0.9139 0.9139 0.9066 0.9139 0.9066 0.9066 0.9066 0.9139 0.9139
038 107 311 052 0.9139 0.9066 0.9066 0.9066 0.9066 0.9066 0.9139 0.9066 0.9139 0.9139 0.9139 0.9139 0.9139 0.9066 0.9139 0.9139
107 311 052 341 0.9066 0.9066 0.9139 0.9066 0.9066 0.9139 0.9066 0.9066 0.9139 0.9139 0.9066 0.9139 0.9139 0.9066 0.9066 0.9066
311 052 341 080 0.9139 0.9066 0.9066 0.9139 0.9066 0.9139 0.9139 0.9139 0.9066 0.9139 0.9066 0.9066 0.9066 0.9066 0.9139 0.9139
052 341 080 189 0.9066 0.9139 0.9066 0.9139 0.9066 0.9139 0.9066 0.9139 0.9139 0.9139 0.9139 0.9066 0.9139 0.9139 0.9139 0.9139
341 080 189 212 0.9139 0.9139 0.9066 0.9066 0.9066 0.9066 0.9139 0.9066 0.9066 0.9139 0.9139 0.9066 0.9066 0.9066 0.9066 0.9066
080 189 212 115 0.9066 0.9139 0.9066 0.9066 0.9139 0.9066 0.9139 0.9066 0.9139 0.9066 0.9139 0.9066 0.9139 0.9066 0.9066 0.9139
189 212 115 164 0.9139 0.9066 0.9139 0.9139 0.9139 0.9139 0.9139 0.9066 0.9066 0.9066 0.9066 0.9066 0.9066 0.9066 0.9066 0.9139
212 115 164 039 0.9139 0.9066 0.9066 0.9139 0.9066 0.9066 0.9066 0.9139 0.9139 0.9066 0.9139 0.9139 0.9066 0.9066 0.9066 0.9066
115 164 039 041 0.9139 0.9139 0.9139 0.9066 0.9139 0.9066 0.9066 0.9066 0.9139 0.9066 0.9139 0.9066 0.9139 0.9139 0.9066 0.9139
164 039 041 047 0.9066 0.9066 0.9066 0.9139 0.9066 0.9066 0.9066 0.9139 0.9066 0.9066 0.9066 0.9139 0.9139 0.9139 0.9066 0.9139
039 041 047 183 0.9066 0.9139 0.9066 0.9139 0.9066 0.9066 0.9139 0.9139 0.9139 0.9139 0.9139 0.9139 0.9066 0.9139 0.9139 0.9139
041 047 183 176 0.9139 0.9066 0.9139 0.9066 0.9139 0.9139 0.9139 0.9139 0.9139 0.9139 0.9139 0.9066 0.9139 0.9139 0.9139 0.9066
047 183 176 100 0.9139 0.9066 0.9066 0.9139 0.9066 0.9066 0.9066 0.9066 0.9066 0.9139 0.9139 0.9066 0.9066 0.9066 0.9139 0.9066
183 176 100 140 0.9066 0.9066 0.9139 0.9139 0.9066 0.9139 0.9139 0.9139 0.9139 0.9066 0.9139 0.9066 0.9066 0.9066 0.9066 0.9139
176 100 140 248 0.9139 0.9139 0.9066 0.9139 0.9066 0.9066 0.9066 0.9066 0.9139 0.9139 0.9066 0.9139 0.9066 0.9139 0.9066 0.9066
100 140 248 127 0.9139 0.9139 0.9066 0.9139 0.9066 0.9066 0.9066 0.9139 0.9066 0.9139 0.9139 0.9066 0.9066 0.9139 0.9139 0.9139
140 248 127 013 0.9139 0.9139 0.9066 0.9139 0.9139 0.9139 0.9066 0.9139 0.9066 0.9139 0.9139 0.9066 0.9139 0.9139 0.9139 0.9066
248 127 013 283 0.9066 0.9139 0.9066 0.9066 0.9139 0.9066 0.9139 0.9139 0.9066 0.9139 0.9066 0.9066 0.9139 0.9139 0.9066 0.9066
127 013 283 022 0.9139 0.9066 0.9066 0.9139 0.9139 0.9139 0.9139 0.9066 0.9066 0.9066 0.9139 0.9066 0.9066 0.9066 0.9066 0.9066
013 283 022 128 0.9139 0.9139 0.9139 0.9066 0.9066 0.9139 0.9066 0.9066 0.9139 0.9139 0.9066 0.9066 0.9066 0.9066 0.9066 0.9139
283 022 128 096 0.9066 0.9139 0.9066 0.9139 0.9066 0.9139 0.9066 0.9066 0.9066 0.9066 0.9139 0.9066 0.9066 0.9139 0.9139 0.9066
022 128 096 144 0.9139 0.9139 0.9066 0.9066 0.9139 0.9066 0.9139 0.9066 0.9139 0.9066 0.9066 0.9139 0.9139 0.9066 0.9066 0.9139
128 096 144 137 0.9139 0.9139 0.9139 0.9139 0.9066 0.9066 0.9139 0.9139 0.9139 0.9066 0.9139 0.9066 0.9066 0.9139 0.9066 0.9139
096 144 137 116 0.9066 0.9066 0.9139 0.9139 0.9139 0.9066 0.9066 0.9139 0.9066 0.9066 0.9139 0.9139 0.9066 0.9066 0.9139 0.9139
144 137 116 190 0.9066 0.9139 0.9139 0.9066 0.9139 0.9139 0.9066 0.9139 0.9139 0.9066 0.9066 0.9139 0.9139 0.9066 0.9139 0.9139
137 116 190 215 0.9139 0.9139 0.9139 0.9066 0.9066 0.9066 0.9139 0.9066 0.9066 0.9139 0.9139 0.9139 0.9139 0.9066 0.9066 0.9139
116 190 215 119 0.9139 0.9139 0.9066 0.9139 0.9066 0.9139 0.9066 0.9066 0.9139 0.9066 0.9066 0.9139 0.9139 0.9066 0.9066 0.9066
190 215 119 026 0.9139 0.9139 0.9066 0.9139 0.9139 0.9139 0.9139 0.9066 0.9066 0.9139 0.9139 0.9066 0.9066 0.9139 0.9066 0.9066
215 119 026 046 0.9066 0.9066 0.9139 0.9139 0.9066 0.9066 0.9066 0.9139 0.9139 0.9066 0.9139 0.9066 0.9066 0.9066 0.9139 0.9066
119 026 046 205 0.9066 0.9066 0.9139 0.9066 0.9066 0.9139 0.9139 0.9139 0.9066 0.9066 0.9066 0.9066 0.9139 0.9066 0.9066 0.9139
026 046 205 009 0.9066 0.9139 0.9139 0.9066 0.9066 0.9066 0.9066 0.9139 0.9066 0.9139 0.9139 0.9066 0.9139 0.9066 0.9066 0.9066
046 205 009 267 0.9066 0.9066 0.9066 0.9139 0.9139 0.9139 0.9139 0.9066 0.9139 0.9066 0.9066 0.9139 0.9139 0.9066 0.9066 0.9139
205 009 267 106 0.9066 0.9139 0.9139 0.9066 0.9139 0.9066 0.9139 0.9066 0.9066 0.9139 0.9139 0.9066 0.9066 0.9066 0.9139 0.9139
009 267 106 252 0.9066 0.9066 0.9066 0.9139 0.9139 0.9066 0.9066 0.9139 0.9066 0.9066 0.9066 0.9066 0.9139 0.9066 0.9139 0.9066
267 106 252 306 0.9139 0.9139 0.9066 0.9066 0.9066 0.9139 0.9139 0.9139 0.9066 0.9066 0.9139 0.9139 0.9139 0.9066 0.9139 0.9139
106 252 306 334 0.9066 0.9066 0.9066 0.9066 0.9139 0.9139 0.9066 0.9139 0.9139 0.9139 0.9066 0.9066 0.9066 0.9066 0.9066 0.9066
252 306 334 193 0.9139 0.9066 0.9066 0.9066 0.9139 0.9139 0.9066 0.9139 0.9066 0.9066 0.9139 0.9066 0.9139 0.9066 0.9066 0.9139
306 334 193 167 0.9139 0.9066 0.9066 0.9066 0.9066 0.9066 0.9139 0.9066 0.9139 0.9139 0.9139 0.9139 0.9066 0.9139 0.9066 0.9066
334 193 167 072 0.9066 0.9066 0.9139 0.9139 0.9139 0.9066 0.9139 0.9139 0.9066 0.9066 0.9139 0.9066 0.9139 0.9066 0.9139 0.9139
193 167 072 271 0.9066 0.9066 0.9066 0.9139 0.9139 0.9139 0.9066 0.9066 0.9066 0.9066 0.9139 0.9139 0.9066 0.9139 0.9139 0.9139
167 072 271 202 0.9066 0.9139 0.9066 0.9066 0.9139 0.9066 0.9139 0.9066 0.9066 0.9139 0.9066 0.9139 0.9139 0.9066 0.9066 0.9139
072 271 202 188 0.9066 0.9139 0.9139 0.9066 0.9066 0.9066 0.9139 0.9066 0.9139 0.9066 0.9066 0.9139 0.9139 0.9139 0.9066 0.9066
271 202 188 125 0.9066 0.9066 0.9066 0.9066 0.9066 0.9139 0.9066 0.9139 0.9066 0.9066 0.9066 0.9066 0.9139 0.9066 0.9066 0.9139
202 188 125 162 0.9066 0.9139 0.9139 0.9139 0.9066 0.9066 0.9066 0.9139 0.9066 0.9139 0.9139 0.9066 0.9066 0.9139 0.9066 0.9066
188 125 162 066 0.9066 0.9066 0.9139 0.9139 0.9139 0.9139 0.9139 0.9139 0.9139 0.9066 0.9139 0.9139 0.9066 0.9139 0.9139 0.9066
125 162 066 132 0.9139 0.9139 0.9066 0.9139 0.9066 0.9139 0.9139 0.9066 0.9066 0.9139 0.9066 0.9139 0.9066 0.9066 0.9066 0.9066
162 066 132 269 0.9139 0.9139 0.9139 0.9066 0.9139 0.9139 0.9139 0.9066 0.9139 0.9139 0.9066 0.9066 0.9139 0.9139 0.9066 0.9066
066 132 269 155 0.9139 0.9066 0.9139 0.9139 0.9066 0.9139 0.9139 0.9139 0.9066 0.9139 0.9066 0.9139 0.9139 0.9139 0.9139 0.9139
132 269 155 192 0.9066 0.9139 0.9139 0.9066 0.9066 0.9139 0.9066 0.9139 0.9139 0.9066 0.9139 0.9066 0.9066 0.9139 0.9139 0.9066
269 155 192 091 0.9066 0.9066 0.9139 0.9066 0.9139 0.9139 0.9066 0.9066 0.9066 0.9139 0.9066 0.9066 0.9139 0.9066 0.9066 0.9066
155 192 091 178 0.9139 0.9066 0.9066 0.9066 0.9066 0.9139 0.9066 0.9139 0.9066 0.9139 0.9066 0.9139 0.9066 0.9066 0.9066 0.9139
192 091 178 161 0.9139 0.9066 0.9139 0.9139 0.9066 0.9066 0.9139 0.9139 0.9066 0.9066 0.9139 0.9139 0.9139 0.9139 0.9066 0.9066
091 178 161 082 0.9139 0.9139 0.9139 0.9066 0.9139 0.9139 0.9066 0.9066 0.9066 0.9066 0.9139 0.9066 0.9066 0.9066 0.9066 0.9139
178 161 082 118 0.9066 0.9139 0.9139 0.9066 0.9066 0.9066 0.9066 0.9066 0.9066 0.9139 0.9139 0.9066 0.9066 0.9066 0.9066 0.9139
161 082 118 094 0.9139 0.9139 0.9066 0.9066 0.9139 0.9066 0.9066 0.9066 0.9066 0.9139 0.9066 0.9066 0.9066 0.9066 0.9066 0.9066
082 118 094 163 0.9066 0.9066 0.9139 0.9066 0.9066 0.9066 0.9066 0.9066 0.9066 0.9139 0.9139 0.9066 0.9066 0.9139 0.9139 0.9139
118 094 163 075 0.9139 0.9139 0.9066 0.9139 0.9066 0.9066 0.9066 0.9139 0.9139 0.9139 0.9139 0.9139 0.9139 0.9066 0.9066 0.9139
094 163 075 221 0.9139 0.9066 0.9066 0.9066 0.9066 0.9066 0.9139 0.9139 0.9139 0.9066 0.9066 0.9139 0.9066 0.9066 0.9066 0.9066
163 075 221 045 0.9139 0.9066 0.9139 0.9139 0.9066 0.9139 0.9066 0.9139 0.9066 0.9066 0.9066 0.9066 0.9066 0.9139 0.9139 0.9139
075 221 045 270 0.9066 0.9139 0.9139 0.9066 0.9066 0.9066 0.9139 0.9139 0.9139 0.9066 0.9066 0.9066 0.9139 0.9066 0.9139 0.9066
221 045 270 264 0.9066 0.9139 0.9066 0.9066 0.9066 0.9066 0.9139 0.9139 0.9066 0.9066 0.9139 0.9139 0.9066 0.9139 0.9066 0.9139
045 270 264 130 0.9139 0.9066 0.9139 0.9066 0.9139 0.9066 0.9139 0.9066 0.9066 0.9066 0.9139 0.9139 0.9139 0.9066 0.9139 0.9139
270 264 130 204 0.9139 0.9139 0.9139 0.9066 0.9139 0.9066 0.9139 0.9066 0.9139 0.9139 0.9066 0.9066 0.9066 0.9139 0.9139 0.9066
264 130 204 134 0.9066 0.9139 0.9139 0.9139 0.9066 0.9139 0.9139 0.9066 0.9066 0.9139 0.9066 0.9066 0.9066 0.9139 0.9139 0.9139
130 204 134 148 0.9139 0.9066 0.9066 0.9066 0.9066 0.9139 0.9066 0.9139 0.9066 0.9139 0.9066 0.9066 0.9139 0.9139 0.9066 0.9066
204 134 148 117 0.9139 0.9139 0.9066 0.9139 0.9139 0.9066 0.9139 0.9066 0.9066 0.9066 0.9066 0.9139 0.9139 0.9066 0.9139 0.9139
134 148 117 210 0.9066 0.9139 0.9139 0.9139 0.9066 0.9139 0.9139 0.9139 0.9066 0.9139 0.9139 0.9139 0.9066 0.9139 0.9139 0.9066
148 117 210 229 0.9139 0.9066 0.9139 0.9066 0.9066 0.9066 0.9066 0.9139 0.9139 0.9066 0.9066 0.9066 0.9139 0.9139 0.9139 0.9066
117 210 229 234 0.9139 0.9066 0.9139 0.9066 0.9066 0.9066 0.9139 0.9066 0.9139 0.9066 0.9139 0.9139 0.9139 0.9066 0.9066 0.9066
210 229 234 347 0.9139 0.9139 0.9139 0.9066 0.9066 0.9139 0.9139 0.9066 0.9139 0.9139 0.9066 0.9139 0.9139 0.9066 0.9139 0.9066
229 234 347 147 0.9066 0.9066 0.9066 0.9139 0.9139 0.9139 0.9139 0.9139 0.9066 0.9066 0.9066 0.9139 0.9139 0.9066 0.9139 0.9139
234 347 147 338 0.9066 0.9139 0.9139 0.9139 0.9139 0.9066 0.9139 0.9066 0.9066 0.9139 0.9139 0.9066 0.9139 0.9066 0.9066 0.9139
347 147 338 251 0.9066 0.9139 0.9066 0.9139 0.9066 0.9139 0.9066 0.9066 0.9066 0.9139 0.9139 0.9139 0.9139 0.9139 0.9066 0.9066
147 338 251 087 0.9066 0.9066 0.9139 0.9139 0.9139 0.9139 0.9139 0.9139 0.9139 0.9066 0.9066 0.9066 0.9066 0.9139 0.9139 0.9066
338 251 087 095 0.9139 0.9139 0.9139 0.9066 0.9066 0.9139 0.9066 0.9139 0.9066 0.9066 0.9066 0.9139 0.9066 0.9139 0.9066 0.9139
251 087 095 203 0.9139 0.9066 0.9066 0.9066 0.9139 0.9066 0.9066 0.9139 0.9139 0.9139 0.9066 0.9066 0.9139 0.9139 0.9139 0.9066
087 095 203 120 0.9066 0.9139 0.9066 0.9139 0.9139 0.9139 0.9139 0.9066 0.9066 0.9139 0.9066 0.9066 0.9066 0.9139 0.9066 0.9066
095 203 120 307 0.9139 0.9066 0.9139 0.9139 0.9066 0.9139 0.9139 0.9066 0.9066 0.9066 0.9066 0.9139 0.9066 0.9139 0.9066 0.9139
203 120 307 317 0.9066 0.9139 0.9066 0.9066 0.9139 0.9066 0.9139 0.9139 0.9139 0.9066 0.9066 0.9139 0.9066 0.9066 0.9066 0.9139
120 307 317 057 0.9066 0.9066 0.9066 0.9139 0.9139 0.9066 0.9139 0.9066 0.9066 0.9066 0.9066 0.9139 0.9066 0.9066 0.9139 0.9139
307 317 057 012 0.9066 0.9139 0.9139 0.9066 0.9139 0.9139 0.9139 0.9066 0.9139 0.9066 0.9139 0.9066 0.9139 0.9139 0.9066 0.9066
317 057 012 145 0.9139 0.9139 0.9066 0.9066 0.9139 0.9139 0.9139 0.9066 0.9066 0.9139 0.9066 0.9066 0.9066 0.9066 0.9139 0.9139
057 012 145 023 0.9066 0.9066 0.9066 0.9066 0.9066 0.9139 0.9139 0.9066 0.9066 0.9066 0.9139 0.9139 0.9139 0.9066 0.9066 0.9066
012 145 023 169 0.9066 0.9066 0.9066 0.9139 0.9066 0.9139 0.9139 0.9066 0.9066 0.9066 0.9066 0.9066 0.9066 0.9139 0.9139 0.9139
145 023 169 181 0.9066 0.9139 0.9066 0.9139 0.9139 0.9139 0.9139 0.9066 0.9139 0.9139 0.9066 0.9139 0.9066 0.9139 0.9139 0.9066
023 169 181 220 0.9066 0.9139 0.9139 0.9139 0.9139 0.9066 0.9139 0.9066 0.9066 0.9066 0.9139 0.9066 0.9066 0.9066 0.9139 0.9139
169 181 220 184 0.9066 0.9066 0.9066 0.9139 0.9066 0.9139 0.9139 0.9066 0.9066 0.9139 0.9139 0.9139 0.9139 0.9066 0.9066 0.9066
181 220 184 197 0.9139 0.9139 0.9066 0.9066 0.9139 0.9066 0.9139 0.9066 0.9139 0.9139 0.9139 0.9066 0.9139 0.9066 0.9066 0.9066
220 184 197 079 0.9139 0.9066 0.9139 0.9139 0.9139 0.9139 0.9066 0.9066 0.9139 0.9139 0.9139 0.9066 0.9066 0.9139 0.9066 0.9139
184 197 079 049 0.9139 0.9066 0.9139 0.9066 0.9066 0.9139 0.9066 0.9139 0.9139 0.9139 0.9066 0.9066 0.9139 0.9139 0.9066 0.9139
197 079 049 055 0.9139 0.9139 0.9066 0.9066 0.9066 0.9066 0.9066 0.9066 0.9066 0.9139 0.9139 0.9139 0.9139 0.9066 0.9139 0.9066
079 049 055 060 0.9066 0.9066 0.9066 0.9139 0.9066 0.9139 0.9139 0.9066 0.9066 0.9139 0.9066 0.9066 0.9066 0.9066 0.9139 0.9066
049 055 060 156 0.9066 0.9066 0.9139 0.9066 0.9139 0.9066 0.9139 0.9139 0.9139 0.9066 0.9139 0.9139 0.9139 0.9139 0.9066 0.9066
055 060 156 331 0.9066 0.9139 0.9139 0.9066 0.9066 0.9066 0.9066 0.9139 0.9139 0.9066 0.9139 0.9139 0.9139 0.9139 0.9066 0.9066
060 156 331 321 0.9066 0.9066 0.9139 0.9139 0.9139 0.9066 0.9066 0.9066 0.9066 0.9139 0.9066 0.9066 0.9139 0.9066 0.9066 0.9139
156 331 321 277 0.9139 0.9139 0.9066 0.9139 0.9066 0.9139 0.9139 0.9066 0.9139 0.9139 0.9066 0.9139 0.9066 0.9066 0.9139 0.9066
331 321 277 073 0.9139 0.9066 0.9139 0.9139 0.9139 0.9066 0.9066 0.9066 0.9066 0.9066 0.9139 0.9139 0.9066 0.9139 0.9066 0.9139
321 277 073 226 0.9139 0.9139 0.9139 0.9139 0.9139 0.9066 0.9066 0.9066 0.9139 0.9066 0.9066 0.9066 0.9139 0.9066 0.9139 0.9066
277 073 226 191 0.9066 0.9066 0.9066 0.9139 0.9066 0.9066 0.9066 0.9139 0.9139 0.9066 0.9066 0.9139 0.9066 0.9066 0.9139 0.9139
073 226 191 000 0.9066 0.9066 0.9066 0.9139 0.9139 0.9139 0.9139 0.9066 0.9139 0.9139 0.9066 0.9066 0.9066 0.9139 0.9066 0.9066
226 191 000 160 0.9066 0.9066 0.9066 0.9139 0.9139 0.9066 0.9066 0.9066 0.9066 0.9066 0.9066 0.9066 0.9139 0.9139 0.9066 0.9139
191 000 160 018 0.9139 0.9139 0.9066 0.9139 0.9139 0.9066 0.9066 0.9139 0.9139 0.9139 0.9066 0.9066 0.9139 0.9066 0.9066 0.9066
000 160 018 006 0.9066 0.9139 0.9139 0.9066 0.9139 0.9139 0.9066 0.9139 0.9066 0.9066 0.9066 0.9139 0.9066 0.9066 0.9139 0.9066
160 018 006 104 0.9066 0.9066 0.9139 0.9139 0.9139 0.9139 0.9066 0.9139 0.9139 0.9066 0.9139 0.9066 0.9066 0.9066 0.9139 0.9139
018 006 104 208 0.9139 0.9066 0.9139 0.9139 0.9139 0.9066 0.9066 0.9139 0.9139 0.9066 0.9066 0.9066 0.9066 0.9139 0.9066 0.9139
006 104 208 222 0.9139 0.9139 0.9066 0.9066 0.9066 0.9139 0.9066 0.9139 0.9066 0.9066 0.9139 0.9066 0.9139 0.9066 0.9066 0.9139
104 208 222 143 0.9066 0.9066 0.9066 0.9139 0.9066 0.9139 0.9139 0.9066 0.9139 0.9139 0.9139 0.9139 0.9139 0.9066 0.9066 0.9066
208 222 143 299 0.9066 0.9066 0.9139 0.9066 0.9066 0.9139 0.9066 0.9139 0.9139 0.9066 0.9139 0.9139 0.9139 0.9066 0.9066 0.9066
222 143 299 350 0.9066 0.9066 0.9139 0.9139 0.9139 0.9066 0.9139 0.9066 0.9066 0.9066 0.9139 0.9066 0.9066 0.9066 0.9066 0.9066
143 299 350 237 0.9066 0.9066 0.9139 0.9066 0.9139 0.9139 0.9066 0.9139 0.9066 0.9139 0.9139 0.9066 0.9066 0.9066 0.9066 0.9139
299 350 237 020 0.9066 0.9139 0.9066 0.9066 0.9139 0.9139 0.9066 0.9139 0.9139 0.9139 0.9066 0.9066 0.9066 0.9066 0.9139 0.9139
350 237 020 105 0.9066 0.9066 0.9139 0.9066 0.9139 0.9139 0.9066 0.9139 0.9139 0.9139 0.9066 0.9066 0.9139 0.9066 0.9139 0.9066
237 020 105 257 0.9066 0.9139 0.9139 0.9066 0.9139 0.9139 0.9066 0.9139 0.9066 0.9139 0.9066 0.9066 0.9139 0.9066 0.9066 0.9066
020 105 257 123 0.9066 0.9066 0.9066 0.9066 0.9066 0.9139 0.9139 0.9139 0.9066 0.9139 0.9139 0.9066 0.9139 0.9066 0.9066 0.9139
105 257 123 333 0.9066 0.9066 0.9066 0.9066 0.9139 0.9066 0.9139 0.9139 0.9139 0.9066 0.9139 0.9139 0.9066 0.9139 0.9139 0.9139
257 123 333 241 0.9139 0.9139 0.9139 0.9066 0.9139 0.9066 0.9066 0.9139 0.9139 0.9139 0.9139 0.9139 0.9066 0.9139 0.9066 0.9066
123 333 241 153 0.9066 0.9066 0.9066 0.9139 0.9139 0.9066 0.9066 0.9066 0.9066 0.9139 0.9139 0.9139 0.9139 0.9066 0.9139 0.9139
333 241 153 236 0.9066 0.9139 0.9139 0.9066 0.9066 0.9066 0.9139 0.9066 0.9066 0.9139 0.9139 0.9066 0.9139 0.9066 0.9066 0.9066
241 153 236 345 0.9139 0.9066 0.9139 0.9139 0.9139 0.9139 0.9066 0.9139 0.9139 0.9139 0.9066 0.9139 0.9139 0.9139 0.9066 0.9066
153 236 345 244 0.9139 0.9066 0.9066 0.9066 0.9066 0.9139 0.9066 0.9139 0.9139 0.9139 0.9139 0.9139 0.9139 0.9139 0.9139 0.9066
236 345 244 354 0.9066 0.9066 0.9139 0.9066 0.9139 0.9139 0.9066 0.9139 0.9139 0.9066 0.9066 0.9139 0.9139 0.9139 0.9066 0.9066
345 244 354 320 0.9139 0.9139 0.9139 0.9139 0.9139 0.9066 0.9139 0.9139 0.9139 0.9139 0.9066 0.9139 0.9139 0.9139 0.9066 0.9066
244 354 320 216 0.9066 0.9066 0.9139 0.9066 0.9066 0.9139 0.9066 0.9066 0.9139 0.9066 0.9139 0.9066 0.9066 0.9066 0.9139 0.9066
354 320 216 077 0.9066 0.9139 0.9066 0.9066 0.9139 0.9139 0.9139 0.9139 0.9139 0.9066 0.9066 0.9066 0.9066 0.9066 0.9139 0.9139
320 216 077 218 0.9139 0.9139 0.9139 0.9139 0.9139 0.9139 0.9139 0.9066 0.9139 0.9139 0.9139 0.9066 0.9139 0.9139 0.9066 0.9066
216 077 218 346 0.9066 0.9066 0.9139 0.9139 0.9066 0.9066 0.9066 0.9066 0.9066 0.9139 0.9139 0.9139 0.9139 0.9139 0.9066 0.9066
077 218 346 058 0.9139 0.9139 0.9066 0.9139 0.9139 0.9139 0.9139 0.9066 0.9139 0.9066 0.9066 0.9066 0.9066 0.9066 0.9139 0.9066
218 346 058 339 0.9066 0.9139 0.9139 0.9139 0.9139 0.9066 0.9066 0.9139 0.9066 0.9139 0.9066 0.9139 0.9139 0.9066 0.9066 0.9139
346 058 339 036 0.9139 0.9139 0.9139 0.9139 0.9139 0.9139 0.9139 0.9066 0.9066 0.9139 0.9139 0.9066 0.9066 0.9139 0.9066 0.9066
058 339 036 319 0.9066 0.9139 0.9066 0.9139 0.9139 0.9066 0.9066 0.9139 0.9066 0.9066 0.9139 0.9066 0.9066 0.9139 0.9139 0.9066
339 036 319 152 0.9066 0.9066 0.9066 0.9139 0.9066 0.9139 0.9139 0.9066 0.9139 0.9066 0.9066 0.9139 0.9139 0.9066 0.9139 0.9139
036 319 152 250 0.9066 0.9139 0.9066 0.9066 0.9066 0.9066 0.9066 0.9066 0.9066 0.9066 0.9066 0.9066 0.9139 0.9066 0.9139 0.9066
319 152 250 284 0.9066 0.9139 0.9066 0.9066 0.9066 0.9139 0.9139 0.9066 0.9066 0.9066 0.9139 0.9139 0.9066 0.9139 0.9139 0.9139
152 250 284 262 0.9066 0.9139 0.9066 0.9139 0.9066 0.9066 0.9066 0.9139 0.9066 0.9066 0.9139 0.9066 0.9066 0.9066 0.9066 0.9139
250 284 262 021 0.9139 0.9139 0.9139 0.9066 0.9066 0.9139 0.9139 0.9066 0.9139 0.9066 0.9066 0.9139 0.9139 0.9066 0.9139 0.9066
284 262 021 142 0.9139 0.9139 0.9139 0.9139 0.9066 0.9066 0.9066 0.9139 0.9139 0.9066 0.9139 0.9066 0.9139 0.9066 0.9139 0.9139
262 021 142 258 0.9139 0.9066 0.9139 0.9066 0.9139 0.9139 0.9139 0.9139 0.9066 0.9066 0.9139 0.9066 0.9066 0.9139 0.9066 0.9066
021 142 258 352 0.9066 0.9066 0.9139 0.9066 0.9139 0.9139 0.9066 0.9066 0.9066 0.9066 0.9066 0.9139 0.9066 0.9066 0.9139 0.9066
142 258 352 114 0.9066 0.9066 0.9139 0.9139 0.9066 0.9066 0.9066 0.9066 0.9066 0.9139 0.9066 0.9139 0.9066 0.9066 0.9139 0.9139
258 352 114 177 0.9066 0.9066 0.9066 0.9139 0.9066 0.9066 0.9066 0.9139 0.9066 0.9066 0.9066 0.9139 0.9139 0.9066 0.9066 0.9139
352 114 177 139 0.9139 0.9066 0.9139 0.9066 0.9066 0.9139 0.9066 0.9139 0.9139 0.9139 0.9139 0.9139 0.9066 0.9066 0.9139 0.9139
114 177 139 206 0.9139 0.9139 0.9139 0.9066 0.9066 0.9139 0.9139 0.9066 0.9139 0.9139 0.9066 0.9066 0.9139 0.9139 0.9066 0.9066
177 139 206 028 0.9066 0.9066 0.9139 0.9139 0.9066 0.9139 0.9139 0.9066 0.9139 0.9139 0.9066 0.9066 0.9066 0.9139 0.9139 0.9139
139 206 028 335 0.9066 0.9139 0.9139 0.9066 0.9139 0.9139 0.9139 0.9066 0.9066 0.9066 0.9066 0.9066 0.9139 0.9066 0.9066 0.9139
206 028 335 272 0.9139 0.9066 0.9139 0.9066 0.9066 0.9139 0.9139 0.9139 0.9066 0.9139 0.9139 0.9066 0.9139 0.9139 0.9066 0.9139
028 335 272 290 0.9066 0.9066 0.9139 0.9066 0.9066 0.9066 0.9066 0.9139 0.9066 0.9066 0.9066 0.9066 0.9066 0.9066 0.9066 0.9066
335 272 290 326 0.9066 0.9139 0.9066 0.9139 0.9139 0.9066 0.9066 0.9139 0.9066 0.9139 0.9066 0.9139 0.9066 0.9139 0.9139 0.9066
272 290 326 031 0.9139 0.9139 0.9139 0.9139 0.9066 0.9139 0.9066 0.9066 0.9139 0.9139 0.9139 0.9066 0.9139 0.9139 0.9139 0.9139
290 326 031 085 0.9066 0.9066 0.9066 0.9139 0.9139 0.9139 0.9139 0.9066 0.9139 0.9066 0.9066 0.9066 0.9066 0.9066 0.9066 0.9139
326 031 085 228 0.9139 0.9139 0.9139 0.9066 0.9066 0.9139 0.9066 0.9139 0.9066 0.9139 0.9066 0.9139 0.9139 0.9066 0.9066 0.9066
031 085 228 282 0.9066 0.9139 0.9139 0.9066 0.9066 0.9139 0.9139 0.9139 0.9066 0.9066 0.9066 0.9066 0.9066 0.9066 0.9139 0.9139
085 228 282 040 0.9139 0.9066 0.9066 0.9066 0.9139 0.9066 0.9066 0.9066 0.9139 0.9066 0.9139 0.9139 0.9139 0.9139 0.9066 0.9139
228 282 040 074 0.9066 0.9066 0.9139 0.9139 0.9066 0.9066 0.9139 0.9066 0.9066 0.9139 0.9139 0.9139 0.9066 0.9139 0.9066 0.9066
282 040 074 003 0.9066 0.9066 0.9139 0.9139 0.9066 0.9139 0.9139 0.9139 0.9139 0.9066 0.9139 0.9139 0.9066 0.9139 0.9139 0.9139
040 074 003 081 0.9066 0.9139 0.9066 0.9066 0.9139 0.9139 0.9066 0.9139 0.9066 0.9139 0.9066 0.9139 0.9066 0.9139 0.9139 0.9139
074 003 081 247 0.9139 0.9066 0.9139 0.9066 0.9139 0.9066 0.9066 0.9139 0.9139 0.9139 0.9066 0.9139 0.9066 0.9066 0.9139 0.9066
003 081 247 101 0.9066 0.9066 0.9139 0.9139 0.9139 0.9139 0.9066 0.9139 0.9066 0.9139 0.9139 0.9066 0.9139 0.9066 0.9066 0.9139
081 247 101 001 0.9139 0.9066 0.9066 0.9066 0.9066 0.9066 0.9066 0.9139 0.9066 0.9066 0.9066 0.9066 0.9139 0.9066 0.9139 0.9139
247 101 001 238 0.9066 0.9066 0.9139 0.9139 0.9139 0.9139 0.9066 0.9066 0.9139 0.9066 0.9139 0.9139 0.9066 0.9066 0.9139 0.9139
101 001 238 024 0.9139 0.9066 0.9139 0.9139 0.9066 0.9066 0.9066 0.9139 0.9066 0.9139 0.9066 0.9139 0.9139 0.9066 0.9139 0.9139
001 238 024 043 0.9139 0.9139 0.9139 0.9066 0.9139 0.9066 0.9139 0.9139 0.9139 0.9139 0.9139 0.9139 0.9066 0.9139 0.9139 0.9139
238 024 043 242 0.9139 0.9066 0.9139 0.9139 0.9139 0.9139 0.9139 0.9066 0.9139 0.9066 0.9066 0.9066 0.9139 0.9066 0.9066 0.9066
024 043 242 007 0.9139 0.9066 0.9066 0.9066 0.9139 0.9139 0.9139 0.9066 0.9139 0.9066 0.9139 0.9066 0.9066 0.9139 0.9066 0.9139
043 242 007 342 0.9066 0.9066 0.9066 0.9066 0.9066 0.9139 0.9139 0.9139 0.9066 0.9066 0.9139 0.9066 0.9066 0.9139 0.9066 0.9139
242 007 342 092 0.9066 0.9066 0.9066 0.9066 0.9066 0.9066 0.9066 0.9139 0.9066 0.9139 0.9066 0.9139 0.9139 0.9066 0.9066 0.9066
007 342 092 174 0.9139 0.9139 0.9139 0.9066 0.9139 0.9066 0.9139 0.9139 0.9066 0.9139 0.9139 0.9139 0.9066 0.9139 0.9139 0.9139
342 092 174 151 0.9139 0.9139 0.9139 0.9139 0.9139 0.9139 0.9139 0.9066 0.9139 0.9066 0.9066 0.9139 0.9139 0.9139 0.9139 0.9066
092 174 151 186 0.9139 0.9066 0.9139 0.9139 0.9139 0.9066 0.9066 0.9066 0.9066 0.9066 0.9066 0.9139 0.9066 0.9066 0.9066 0.9139
174 151 186 217 0.9139 0.9066 0.9139 0.9066 0.9066 0.9139 0.9066 0.9139 0.9139 0.9066 0.9139 0.9066 0.9139 0.9066 0.9066 0.9066
151 186 217 044 0.9066 0.9066 0.9066 0.9139 0.9139 0.9066 0.9139 0.9139 0.9066 0.9066 0.9066 0.9139 0.9139 0.9066 0.9066 0.9139
186 217 044 230 0.9139 0.9066 0.9066 0.9066 0.9066 0.9066 0.9139 0.9066 0.9066 0.9066 0.9066 0.9066 0.9066 0.9139 0.9139 0.9139
217 044 230 005 0.9066 0.9066 0.9139 0.9139 0.9139 0.9066 0.9139 0.9139 0.9066 0.9066 0.9066 0.9139 0.9139 0.9139 0.9066 0.9066
044 230 005 308 0.9139 0.9139 0.9066 0.9139 0.9066 0.9139 0.9066 0.9066 0.9066 0.9139 0.9139 0.9066 0.9066 0.9066 0.9066 0.9066
230 005 308 207 0.9066 0.9139 0.9139 0.9066 0.9139 0.9066 0.9066 0.9066 0.9066 0.9139 0.9066 0.9139 0.9139 0.9066 0.9139 0.9139
005 308 207 154 0.9139 0.9066 0.9139 0.9139 0.9139 0.9139 0.9066 0.9066 0.9139 0.9139 0.9139 0.9066 0.9066 0.9066 0.9066 0.9066
308 207 154 175 0.9139 0.9139 0.9066 0.9066 0.9066 0.9066 0.9139 0.9139 0.9066 0.9139 0.9139 0.9066 0.9139 0.9139 0.9066 0.9139
207 154 175 289 0.9139 0.9066 0.9139 0.9139 0.9139 0.9139 0.9066 0.9139 0.9066 0.9139 0.9139 0.9066 0.9139 0.9139 0.9139 0.9139
154 175 289 223 0.9139 0.9139 0.9066 0.9139 0.9139 0.9066 0.9066 0.9066 0.9066 0.9139 0.9066 0.9139 0.9139 0.9139 0.9139 0.9066
175 289 223 286 0.9139 0.9066 0.9066 0.9139 0.9139 0.9066 0.9066 0.9139 0.9139 0.9066 0.9066 0.9139 0.9139 0.9139 0.9066 0.9066
289 223 286 314 0.9139 0.9139 0.9139 0.9139 0.9066 0.9066 0.9139 0.9066 0.9139 0.9066 0.9066 0.9066 0.9066 0.9066 0.9139 0.9066
223 286 314 209 0.9066 0.9139 0.9066 0.9066 0.9139 0.9139 0.9139 0.9066 0.9066 0.9066 0.9066 0.9066 0.9066 0.9139 0.9139 0.9139
286 314 209 014 0.9066 0.9066 0.9139 0.9139 0.9139 0.9139 0.9066 0.9066 0.9066 0.9139 0.9139 0.9139 0.9066 0.9066 0.9139 0.9139
314 209 014 109 0.9066 0.9139 0.9066 0.9139 0.9139 0.9066 0.9066 0.9066 0.9139 0.9139 0.9139 0.9066 0.9139 0.9139 0.9066 0.9066
209 014 109 328 0.9066 0.9139 0.9139 0.9066 0.9066 0.9066 0.9066 0.9066 0.9066 0.9066 0.9139 0.9066 0.9139 0.9066 0.9139 0.9139
014 109 328 273 0.9139 0.9066 0.9139 0.9139 0.9139 0.9066 0.9066 0.9066 0.9139 0.9066 0.9139 0.9066 0.9139 0.9066 0.9139 0.9139
109 328 273 131 0.9139 0.9139 0.9066 0.9139 0.9066 0.9066 0.9066 0.9139 0.9139 0.9066 0.9139 0.9139 0.9139 0.9066 0.9066 0.9139
328 273 131 340 0.9066 0.9139 0.9066 0.9066 0.9139 0.9139 0.9139 0.9066 0.9139 0.9139 0.9066 0.9139 0.9139 0.9139 0.9139 0.9139
273 131 340 097 0.9139 0.9066 0.9066 0.9066 0.9066 0.9139 0.9066 0.9139 0.9066 0.9066 0.9139 0.9139 0.9066 0.9066 0.9139 0.9066
131 340 097 048 0.9139 0.9139 0.9066 0.9139 0.9139 0.9066 0.9066 0.9066 0.9139 0.9139 0.9139 0.9066 0.9066 0.9139 0.9066 0.9066
340 097 048 353 0.9139 0.9139 0.9066 0.9066 0.9066 0.9066 0.9139 0.9139 0.9066 0.9139 0.9139 0.9066 0.9066 0.9066 0.9066 0.9139
097 048 353 180 0.9139 0.9139 0.9066 0.9139 0.9066 0.9066 0.9139 0.9139 0.9066 0.9066 0.9066 0.9139 0.9139 0.9066 0.9066 0.9066
048 353 180 172 0.9066 0.9139 0.9139 0.9139 0.9139 0.9066 0.9139 0.9139 0.9066 0.9139 0.9066 0.9066 0.9139 0.9139 0.9139 0.9066
353 180 172 349 0.9139 0.9066 0.9066 0.9066 0.9066 0.9139 0.9066 0.9139 0.9066 0.9066 0.9066 0.9139 0.9139 0.9139 0.9066 0.9139
180 172 349 281 0.9066 0.9139 0.9139 0.9139 0.9066 0.9139 0.9139 0.9066 0.9066 0.9139 0.9066 0.9066 0.9066 0.9139 0.9139 0.9066
172 349 281 200 0.9066 0.9139 0.9139 0.9066 0.9139 0.9139 0.9139 0.9139 0.9066 0.9139 0.9139 0.9066 0.9066 0.9139 0.9066 0.9139
349 281 200 303 0.9066 0.9139 0.9139 0.9066 0.9066 0.9066 0.9139 0.9139 0.9066 0.9139 0.9066 0.9139 0.9066 0.9066 0.9139 0.9139
281 200 303 088 0.9066 0.9139 0.9066 0.9066 0.9139 0.9139 0.9066 0.9139 0.9066 0.9066 0.9139 0.9139 0.9066 0.9066 0.9066 0.9139
200 303 088 002 0.9066 0.9066 0.9139 0.9066 0.9139 0.9066 0.9139 0.9139 0.9066 0.9139 0.9066 0.9139 0.9139 0.9066 0.9139 0.9066
303 088 002 112 0.9139 0.9066 0.9139 0.9139 0.9066 0.9139 0.9139 0.9139 0.9066 0.9139 0.9139 0.9139 0.9066 0.9139 0.9066 0.9066
088 002 112 263 0.9139 0.9139 0.9139 0.9139 0.9066 0.9066 0.9066 0.9139 0.9066 0.9066 0.9139 0.9139 0.9066 0.9066 0.9139 0.9139
002 112 263 138 0.9066 0.9066 0.9066 0.9066 0.9139 0.9066 0.9139 0.9066 0.9066 0.9139 0.9139 0.9139 0.9066 0.9139 0.9139 0.9139
112 263 138 179 0.9139 0.9066 0.9066 0.9139 0.9066 0.9066 0.9139 0.9066 0.9139 0.9139 0.9139 0.9139 0.9066 0.9066 0.9139 0.9139
263 138 179 187 0.9139 0.9139 0.9066 0.9139 0.9139 0.9139 0.9066 0.9066 0.9139 0.9066 0.9139 0.9139 0.9066 0.9066 0.9139 0.9066
138 179 187 295 0.9139 0.9066 0.9139 0.9139 0.9066 0.9139 0.9066 0.9139 0.9139 0.9066 0.9139 0.9139 0.9139 0.9066 0.9139 0.9139
179 187 295 265 0.9139 0.9139 0.9066 0.9139 0.9066 0.9139 0.9066 0.9066 0.9066 0.9139 0.9139 0.9066 0.9139 0.9066 0.9066 0.9139
187 295 265 297 0.9139 0.9139 0.9066 0.9139 0.9139 0.9066 0.9139 0.9066 0.9139 0.9066 0.9139 0.9139 0.9139 0.9066 0.9066 0.9139
295 265 297 291 0.9066 0.9139 0.9066 0.9066 0.9139 0.9139 0.9139 0.9139 0.9139 0.9066 0.9066 0.9139 0.9139 0.9139 0.9139 0.9066
265 297 291 268 0.9066 0.9139 0.9066 0.9066 0.9066 0.9066 0.9139 0.9066 0.9139 0.9066 0.9139 0.9066 0.9066 0.9066 0.9139 0.9139
297 291 268 103 0.9139 0.9139 0.9139 0.9066 0.9066 0.9066 0.9066 0.9066 0.9066 0.9139 0.9139 0.9139 0.9066 0.9066 0.9139 0.9139
291 268 103 173 0.9139 0.9066 0.9139 0.9139 0.9066 0.9139 0.9139 0.9139 0.9139 0.9139 0.9066 0.9066 0.9066 0.9139 0.9066 0.9066
268 103 173 254 0.9139 0.9066 0.9066 0.9066 0.9066 0.9066 0.9066 0.9139 0.9139 0.9139 0.9066 0.9139 0.9066 0.9066 0.9066 0.9139
103 173 254 089 0.9066 0.9139 0.9066 0.9066 0.9066 0.9066 0.9139 0.9066 0.9066 0.9139 0.9066 0.9139 0.9139 0.9139 0.9139 0.9066
173 254 089 150 0.9066 0.9066 0.9066 0.9139 0.9066 0.9066 0.9139 0.9066 0.9066 0.9066 0.9066 0.9066 0.9139 0.9139 0.9139 0.9139
254 089 150 102 0.9139 0.9139 0.9139 0.9066 0.9066 0.9066 0.9066 0.9066 0.9139 0.9066 0.9066 0.9139 0.9066 0.9066 0.9139 0.9066
089 150 102 225 0.9066 0.9066 0.9139 0.9139 0.9066 0.9066 0.9139 0.9139 0.9066 0.9066 0.9066 0.9139 0.9066 0.9139 0.9139 0.9066
150 102 225 136 0.9139 0.9066 0.9066 0.9139 0.9139 0.9066 0.9066 0.9066 0.9066 0.9066 0.9139 0.9066 0.9139 0.9139 0.9066 0.9066
102 225 136 259 0.9139 0.9139 0.9139 0.9139 0.9066 0.9139 0.9139 0.9066 0.9139 0.9066 0.9139 0.9139 0.9066 0.9066 0.9066 0.9139
225 136 259 033 0.9066 0.9139 0.9066 0.9066 0.9066 0.9139 0.9139 0.9066 0.9139 0.9066 0.9139 0.9139 0.9066 0.9066 0.9139 0.9066
136 259 033 133 0.9139 0.9066 0.9066 0.9066 0.9139 0.9139 0.9139 0.9139 0.9139 0.9066 0.9139 0.9066 0.9139 0.9139 0.9139 0.9139
259 033 133 032 0.9139 0.9066 0.9066 0.9139 0.9139 0.9066 0.9139 0.9066 0.9066 0.9139 0.9139 0.9139 0.9066 0.9139 0.9139 0.9139
033 133 032 332 0.9066 0.9139 0.9066 0.9139 0.9066 0.9139 0.9066 0.9139 0.9139 0.9139 0.9139 0.9066 0.9066 0.9066 0.9139 0.9139
133 032 332 017 0.9139 0.9066 0.9139 0.9066 0.9066 0.9066 0.9066 0.9139 0.9066 0.9066 0.9139 0.9066 0.9139 0.9066 0.9139 0.9139
032 332 017 027 0.9139 0.9139 0.9139 0.9139 0.9139 0.9066 0.9139 0.9139 0.9066 0.9139 0.9066 0.9139 0.9066 0.9139 0.9066 0.9066
332 017 027 211 0.9139 0.9139 0.9139 0.9066 0.9066 0.9066 0.9066 0.9139 0.9066 0.9139 0.9139 0.9139 0.9066 0.9066 0.9066 0.9139
017 027 211 108 0.9139 0.9066 0.9066 0.9066 0.9139 0.9139 0.9066 0.9066 0.9066 0.9066 0.9139 0.9139 0.9139 0.9066 0.9066 0.9066
027 211 108 008 0.9066 0.9066 0.9066 0.9139 0.9139 0.9066 0.9066 0.9066 0.9066 0.9139 0.9139 0.9066 0.9139 0.9066 0.9066 0.9139
211 108 008 071 0.9139 0.9066 0.9066 0.9066 0.9139 0.9066 0.9066 0.9066 0.9066 0.9066 0.9066 0.9139 0.9139 0.9139 0.9066 0.9066
108 008 071 126 0.9066 0.9139 0.9139 0.9139 0.9139 0.9139 0.9066 0.9066 0.9066 0.9066 0.9139 0.9066 0.9066 0.9066 0.9139 0.9139
008 071 126 010 0.9066 0.9066 0.9139 0.9139 0.9066 0.9139 0.9066 0.9139 0.9066 0.9066 0.9066 0.9066 0.9139 0.9139 0.9139 0.9066
071 126 010 194 0.9066 0.9066 0.9139 0.9066 0.9139 0.9066 0.9139 0.9139 0.9139 0.9066 0.9066 0.9066 0.9066 0.9139 0.9066 0.9066
126 010 194 070 0.9066 0.9139 0.9066 0.9139 0.9139 0.9139 0.9139 0.9139 0.9066 0.9139 0.9139 0.9066 0.9139 0.9066 0.9139 0.9066
010 194 070 239 0.9066 0.9066 0.9139 0.9066 0.9139 0.9139 0.9066 0.9066 0.9139 0.9066 0.9066 0.9066 0.9066 0.9066 0.9066 0.9139
194 070 239 195 0.9139 0.9139 0.9139 0.9066 0.9139 0.9066 0.9139 0.9066 0.9066 0.9139 0.9066 0.9139 0.9066 0.9139 0.9066 0.9139
070 239 195 256 0.9066 0.9139 0.9066 0.9139 0.9139 0.9139 0.9139 0.9066 0.9139 0.9139 0.9066 0.9066 0.9066 0.9066 0.9066 0.9139
239 195 256 185 0.9066 0.9066 0.9139 0.9139 0.9066 0.9066 0.9139 0.9066 0.9066 0.9066 0.9066 0.9139 0.9066 0.9066 0.9139 0.9066
195 256 185 266 0.9139 0.9139 0.9139 0.9066 0.9066 0.9066 0.9139 0.9066 0.9139 0.9066 0.9139 0.9139 0.9139 0.9066 0.9066 0.9139
256 185 266 042 0.9066 0.9139 0.9139 0.9139 0.9066 0.9139 0.9139 0.9139 0.9066 0.9066 0.9139 0.9139 0.9139 0.9066 0.9139 0.9066
185 266 042 245 0.9139 0.9139 0.9066 0.9139 0.9066 0.9066 0.9139 0.9139 0.9066 0.9066 0.9066 0.9139 0.9066 0.9066 0.9139 0.9139
266 042 245 285 0.9139 0.9066 0.9139 0.9139 0.9066 0.9066 0.9066 0.9066 0.9066 0.9139 0.9139 0.9139 0.9066 0.9066 0.9139 0.9066
042 245 285 076 0.9066 0.9066 0.9066 0.9066 0.9066 0.9066 0.9139 0.9066 0.9139 0.9066 0.9066 0.9139 0.9139 0.9066 0.9066 0.9066
245 285 076 280 0.9139 0.9066 0.9139 0.9066 0.9139 0.9139 0.9066 0.9139 0.9066 0.9139 0.9066 0.9139 0.9066 0.9066 0.9139 0.9066
285 076 280 078 0.9139 0.9066 0.9139 0.9066 0.9139 0.9139 0.9139 0.9066 0.9139 0.9066 0.9139 0.9066 0.9066 0.9066 0.9066 0.9066
076 280 078 158 0.9066 0.9066 0.9066 0.9066 0.9066 0.9139 0.9066 0.9139 0.9066 0.9066 0.9139 0.9066 0.9139 0.9139 0.9139 0.9066
280 078 158 149 0.9066 0.9066 0.9066 0.9066 0.9139 0.9139 0.9139 0.9139 0.9066 0.9066 0.9139 0.9139 0.9066 0.9139 0.9066 0.9066
078 158 149 093 0.9139 0.9139 0.9066 0.9066 0.9139 0.9139 0.9066 0.9139 0.9139 0.9139 0.9139 0.9066 0.9066 0.9139 0.9066 0.9066
158 149 093 249 0.9066 0.9066 0.9066 0.9066 0.9066 0.9139 0.9139 0.9066 0.9066 0.9066 0.9139 0.9139 0.9139 0.9066 0.9139 0.9139
149 093 249 276 0.9066 0.9139 0.9139 0.9066 0.9139 0.9139 0.9139 0.9066 0.9139 0.9139 0.9139 0.9139 0.9066 0.9139 0.9066 0.9139
093 249 276 121 0.9066 0.9066 0.9066 0.9066 0.9066 0.9066 0.9066 0.9139 0.9139 0.9066 0.9139 0.9066 0.9066 0.9139 0.9139 0.9066
249 276 121 235 0.9066 0.9066 0.9139 0.9066 0.9139 0.9066 0.9139 0.9066 0.9066 0.9066 0.9139 0.9139 0.9066 0.9066 0.9066 0.9139
276 121 235 260 0.9066 0.9066 0.9139 0.9139 0.9139 0.9139 0.9139 0.9066 0.9066 0.9066 0.9066 0.9066 0.9139 0.9066 0.9066 0.9139
121 235 260 312 0.9066 0.9066 0.9139 0.9139 0.9066 0.9139 0.9066 0.9066 0.9139 0.9139 0.9139 0.9066 0.9066 0.9139 0.9066 0.9139
235 260 312 135 0.9066 0.9139 0.9139 0.9066 0.9139 0.9066 0.9066 0.9066 0.9066 0.9066 0.9139 0.9139 0.9066 0.9139 0.9139 0.9139
260 312 135 315 0.9066 0.9066 0.9066 0.9139 0.9139 0.9066 0.9066 0.9139 0.9139 0.9066 0.9066 0.9066 0.9066 0.9066 0.9066 0.9139
312 135 315 090 0.9066 0.9139 0.9139 0.9139 0.9066 0.9139 0.9066 0.9139 0.9066 0.9139 0.9139 0.9139 0.9066 0.9139 0.9139 0.9066
135 315 090 318 0.9139 0.9066 0.9066 0.9066 0.9066 0.9066 0.9066 0.9066 0.9066 0.9066 0.9066 0.9139 0.9066 0.9139 0.9066 0.9066
315 090 318 035 0.9139 0.9066 0.9139 0.9066 0.9139 0.9066 0.9066 0.9066 0.9139 0.9066 0.9139 0.9139 0.9066 0.9066 0.9139 0.9139
090 318 035 004 0.9066 0.9139 0.9066 0.9139 0.9139 0.9139 0.9139 0.9066 0.9139 0.9139 0.9139 0.9066 0.9066 0.9139 0.9139 0.9066
318 035 004 325 0.9066 0.9066 0.9066 0.9066 0.9066 0.9139 0.9066 0.9139 0.9139 0.9066 0.9066 0.9066 0.9066 0.9139 0.9139 0.9066
035 004 325 261 0.9139 0.9066 0.9066 0.9139 0.9066 0.9066 0.9139 0.9139 0.9139 0.9139 0.9066 0.9066 0.9066 0.9139 0.9139 0.9066
004 325 261 344 0.9139 0.9066 0.9066 0.9139 0.9066 0.9139 0.9066 0.9139 0.9139 0.9139 0.9066 0.9139 0.9066 0.9066 0.9139 0.9139
325 261 344 351 0.9066 0.9066 0.9066 0.9066 0.9066 0.9066 0.9066 0.9139 0.9139 0.9066 0.9139 0.9066 0.9066 0.9066 0.9139 0.9139
261 344 351 330 0.9139 0.9066 0.9139 0.9066 0.9139 0.9139 0.9139 0.9139 0.9066 0.9066 0.9066 0.9066 0.9139 0.9066 0.9139 0.9066
344 351 330 122 0.9139 0.9066 0.9066 0.9066 0.9066 0.9066 0.9066 0.9066 0.9139 0.9066 0.9139 0.9066 0.9139 0.9139 0.9066 0.9066
351 330 122 324 0.9066 0.9139 0.9139 0.9139 0.9066 0.9139 0.9066 0.9139 0.9139 0.9066 0.9139 0.9139 0.9139 0.9066 0.9139 0.9066
330 122 324 293 0.9066 0.9139 0.9139 0.9139 0.9139 0.9066 0.9139 0.9066 0.9139 0.9066 0.9066 0.9139 0.9139 0.9139 0.9139 0.9139
122 324 293 015 0.9066 0.9066 0.9139 0.9139 0.9066 0.9139 0.9066 0.9066 0.9139 0.9139 0.9139 0.9066 0.9066 0.9066 0.9066 0.9139
324 293 015 304 0.9066 0.9066 0.9066 0.9139 0.9139 0.9139 0.9139 0.9066 0.9066 0.9139 0.9066 0.9139 0.9066 0.9139 0.9066 0.9139
293 015 304 300 0.9139 0.9139 0.9066 0.9066 0.9139 0.9139 0.9066 0.9066 0.9139 0.9066 0.9139 0.9066 0.9139 0.9139 0.9139 0.9139
015 304 300 110 0.9139 0.9066 0.9066 0.9139 0.9066 0.9139 0.9066 0.9139 0.9066 0.9139 0.9139 0.9139 0.9066 0.9066 0.9066 0.9139
304 300 110 111 0.9066 0.9139 0.9139 0.9066 0.9066 0.9066 0.9066 0.9066 0.9066 0.9066 0.9139 0.9139 0.9066 0.9139 0.9139 0.9139
300 110 111 011 0.9139 0.9139 0.9066 0.9139 0.9139 0.9066 0.9139 0.9139 0.9066 0.9139 0.9139 0.9139 0.9139 0.9066 0.9139 0.9139
110 111 011 166 0.9139 0.9066 0.9139 0.9139 0.9066 0.9066 0.9139 0.9066 0.9066 0.9066 0.9066 0.9139 0.9139 0.9139 0.9139 0.9139
111 011 166 025 0.9066 0.9139 0.9139 0.9066 0.9139 0.9066 0.9139 0.9139 0.9139 0.9139 0.9139 0.9139 0.9066 0.9066 0.9066 0.9066
011 166 025 157 0.9139 0.9066 0.9139 0.9139 0.9139 0.9066 0.9139 0.9139 0.9066 0.9139 0.9139 0.9066 0.9139 0.9066 0.9139 0.9066
166 025 157 343 0.9066 0.9139 0.9139 0.9139 0.9139 0.9066 0.9139 0.9066 0.9066 0.9139 0.9066 0.9139 0.9139 0.9066 0.9066 0.9139
025 157 343 233 0.9066 0.9066 0.9139 0.9139 0.9066 0.9139 0.9139 0.9066 0.9066 0.9139 0.9066 0.9066 0.9066 0.9139 0.9139 0.9066
157 343 233 214 0.9066 0.9139 0.9139 0.9139 0.9066 0.9066 0.9066 0.9139 0.9139 0.9066 0.9139 0.9066 0.9066 0.9066 0.9139 0.9066
343 233 214 056 0.9066 0.9139 0.9139 0.9066 0.9066 0.9139 0.9066 0.9139 0.9066 0.9139 0.9139 0.9139 0.9139 0.9139 0.9139 0.9066
233 214 056 198 0.9139 0.9139 0.9066 0.9139 0.9139 0.9066 0.9066 0.9139 0.9139 0.9139 0.9066 0.9139 0.9066 0.9066 0.9066 0.9066
214 056 198 065 0.9066 0.9139 0.9066 0.9066 0.9066 0.9066 0.9139 0.9139 0.9066 0.9139 0.9139 0.9139 0.9139 0.9066 0.9139 0.9139
056 198 065 327 0.9066 0.9066 0.9139 0.9139 0.9066 0.9066 0.9066 0.9139 0.9139 0.9066 0.9066 0.9139 0.9139 0.9066 0.9066 0.9066
198 065 327 030 0.9139 0.9139 0.9139 0.9066 0.9066 0.9066 0.9066 0.9139 0.9066 0.9066 0.9066 0.9066 0.9139 0.9139 0.9066 0.9066
065 327 030 278 0.9066 0.9139 0.9066 0.9066 0.9066 0.9066 0.9139 0.9066 0.9139 0.9066 0.9066 0.9139 0.9139 0.9066 0.9066 0.9066
327 030 278 061 0.9066 0.9066 0.9139 0.9139 0.9066 0.9066 0.9066 0.9139 0.9066 0.9066 0.9066 0.9066 0.9066 0.9066 0.9066 0.9066
030 278 061 240 0.9139 0.9139 0.9139 0.9066 0.9139 0.9139 0.9066 0.9066 0.9066 0.9139 0.9066 0.9066 0.9139 0.9066 0.9139 0.9066
278 061 240 084 0.9139 0.9139 0.9139 0.9139 0.9066 0.9139 0.9066 0.9066 0.9066 0.9066 0.9066 0.9139 0.9139 0.9066 0.9139 0.9139
061 240 084 129 0.9139 0.9066 0.9066 0.9066 0.9139 0.9139 0.9066 0.9066 0.9139 0.9139 0.9066 0.9066 0.9139 0.9066 0.9139 0.9066
240 084 129 337 0.9066 0.9139 0.9139 0.9066 0.9066 0.9139 0.9066 0.9139 0.9066 0.9139 0.9066 0.9139 0.9139 0.9139 0.9139 0.9139
084 129 337 316 0.9139 0.9066 0.9066 0.9139 0.9066 0.9139 0.9139 0.9139 0.9139 0.9139 0.9066 0.9139 0.9066 0.9139 0.9139 0.9139
129 337 316 146 0.9066 0.9066 0.9139 0.9066 0.9139 0.9066 0.9066 0.9066 0.9139 0.9066 0.9139 0.9139 0.9139 0.9139 0.9066 0.9139
337 316 146 059 0.9066 0.9066 0.9139 0.9066 0.9139 0.9139 0.9066 0.9139 0.9066 0.9139 0.9066 0.9066 0.9066 0.9139 0.9066 0.9066
316 146 059 053 0.9066 0.9139 0.9066 0.9139 0.9139 0.9139 0.9066 0.9066 0.9139 0.9066 0.9066 0.9139 0.9139 0.9066 0.9066 0.9139
146 059 053 062 0.9066 0.9139 0.9066 0.9139 0.9066 0.9139 0.9066 0.9066 0.9066 0.9139 0.9066 0.9066 0.9066 0.9139 0.9139 0.9139
059 053 062 274 0.9139 0.9139 0.9139 0.9066 0.9139 0.9139 0.9066 0.9066 0.9066 0.9066 0.9066 0.9066 0.9139 0.9066 0.9066 0.9139
053 062 274 224 0.9139 0.9066 0.9066 0.9139 0.9066 0.9139 0.9139 0.9139 0.9139 0.9066 0.9139 0.9139 0.9139 0.9139 0.9139 0.9139
062 274 224 083 0.9066 0.9066 0.9139 0.9066 0.9139 0.9066 0.9066 0.9066 0.9139 0.9139 0.9066 0.9139 0.9066 0.9066 0.9066 0.9139
274 224 083 113 0.9066 0.9139 0.9066 0.9066 0.9066 0.9139 0.9139 0.9139 0.9139 0.9066 0.9066 0.9139 0.9139 0.9139 0.9066 0.9139
224 083 113 302 0.9139 0.9066 0.9066 0.9066 0.9139 0.9066 0.9066 0.9139 0.9066 0.9139 0.9066 0.9139 0.9139 0.9139 0.9139 0.9139
083 113 302 329 0.9139 0.9139 0.9066 0.9066 0.9139 0.9139 0.9066 0.9139 0.9066 0.9139 0.9066 0.9139 0.9066 0.9139 0.9139 0.9066
113 302 329 288 0.9139 0.9066 0.9066 0.9066 0.9139 0.9066 0.9139 0.9066 0.9139 0.9139 0.9139 0.9139 0.9066 0.9139 0.9139 0.9139
302 329 288 279 0.9139 0.9139 0.9066 0.9139 0.9139 0.9139 0.9066 0.9066 0.9066 0.9066 0.9066 0.9066 0.9139 0.9066 0.9139 0.9139
329 288 279 170 0.9139 0.9139 0.9139 0.9066 0.9066 0.9139 0.9139 0.9066 0.9066 0.9139 0.9139 0.9139 0.9139 0.9139 0.9139 0.9066
288 279 170 253 0.9066 0.9139 0.9066 0.9139 0.9139 0.9066 0.9139 0.9139 0.9066 0.9066 0.9139 0.9066 0.9139 0.9139 0.9139 0.9139
279 170 253 171 0.9139 0.9066 0.9066 0.9139 0.9139 0.9066 0.9066 0.9066 0.9066 0.9139 0.9139 0.9139 0.9066 0.9066 0.9139 0.9139
170 253 171 310 0.9066 0.9139 0.9066 0.9139 0.9139 0.9066 0.9066 0.9066 0.9066 0.9066 0.9066 0.9139 0.9066 0.9139 0.9139 0.9066
253 171 310 275 0.9066 0.9139 0.9066 0.9139 0.9139 0.9066 0.9139 0.9066 0.9139 0.9066 0.9139 0.9139 0.9066 0.9066 0.9066 0.9139
171 310 275 165 0.9066 0.9139 0.9066 0.9066 0.9066 0.9066 0.9139 0.9139 0.9139 0.9139 0.9139 0.9139 0.9066 0.9139 0.9066 0.9066
310 275 165 199 0.9139 0.9139 0.9139 0.9139 0.9139 0.9066 0.9139 0.9139 0.9066 0.9139 0.9066 0.9139 0.9066 0.9139 0.9139 0.9066
275 165 199 054 0.9139 0.9139 0.9139 0.9066 0.9066 0.9139 0.9066 0.9066 0.9139 0.9066 0.9139 0.9139 0.9066 0.9066 0.9139 0.9139
165 199 054 292 0.9066 0.9139 0.9066 0.9066 0.9139 0.9139 0.9066 0.9139 0.9066 0.9139 0.9139 0.9066 0.9066 0.9066 0.9139 0.9066
199 054 292 069 0.9066 0.9066 0.9066 0.9139 0.9139 0.9139 0.9139 0.9066 0.9066 0.9066 0.9139 0.9066 0.9066 0.9139 0.9139 0.9066
054 292 069 051 0.9066 0.9066 0.9066 0.9139 0.9066 0.9066 0.9139 0.9139 0.9066 0.9066 0.9139 0.9066 0.9139 0.9139 0.9066 0.9139
292 069 051 099 0.9066 0.9139 0.9066 0.9066 0.9139 0.9139 0.9066 0.9139 0.9139 0.9066 0.9066 0.9139 0.9139 0.9066 0.9066 0.9139
069 051 099 213 0.9066 0.9066 0.9066 0.9066 0.9139 0.9066 0.9066 0.9139 0.9139 0.9066 0.9139 0.9066 0.9139 0.9066 0.9066 0.9066
051 099 213 037 0.9139 0.9066 0.9066 0.9139 0.9139 0.9139 0.9066 0.9139 0.9139 0.9066 0.9066 0.9066 0.9066 0.9139 0.9139 0.9139
099 213 037 068 0.9066 0.9139 0.9066 0.9139 0.9066 0.9066 0.9139 0.9139 0.9066 0.9139 0.9139 0.9139 0.9066 0.9066 0.9139 0.9139
213 037 068 246 0.9139 0.9139 0.9139 0.9139 0.9139 0.9139 0.9139 0.9139 0.9139 0.9066 0.9139 0.9139 0.9139 0.9066 0.9066 0.9139
037 068 246 219 0.9139 0.9139 0.9139 0.9139 0.9066 0.9066 0.9139 0.9066 0.9139 0.9066 0.9139 0.9139 0.9139 0.9066 0.9139 0.9066
068 246 219 196 0.9066 0.9066 0.9066 0.9066 0.9066 0.9066 0.9066 0.9066 0.9066 0.9066 0.9066 0.9139 0.9139 0.9066 0.9066 0.9066
246 219 196 322 0.9139 0.9139 0.9066 0.9066 0.9066 0.9139 0.9139 0.9066 0.9139 0.9139 0.9139 0.9066 0.9139 0.9139 0.9139 0.9066
219 196 322 227 0.9066 0.9066 0.9066 0.9066 0.9139 0.9066 0.9139 0.9139 0.9066 0.9066 0.9139 0.9139 0.9139 0.9066 0.9139 0.9066
196 322 227 201 0.9066 0.9066 0.9139 0.9066 0.9066 0.9139 0.9066 0.9139 0.9066 0.9139 0.9066 0.9066 0.9066 0.9066 0.9066 0.9139
322 227 201 243 0.9066 0.9139 0.9139 0.9139 0.9139 0.9066 0.9066 0.9066 0.9139 0.9066 0.9139 0.9139 0.9139 0.9066 0.9066 0.9066
227 201 243 301 0.9139 0.9066 0.9139 0.9066 0.9139 0.9066 0.9066 0.9066 0.9066 0.9139 0.9139 0.9066 0.9066 0.9139 0.9139 0.9139
201 243 301 294 0.9139 0.9066 0.9066 0.9139 0.9139 0.9066 0.9066 0.9139 0.9066 0.9139 0.9066 0.9066 0.9066 0.9139 0.9139 0.9066
243 301 294 309 0.9066 0.9139 0.9139 0.9066 0.9139 0.9139 0.9139 0.9139 0.9066 0.9066 0.9066 0.9139 0.9139 0.9066 0.9139 0.9066
301 294 309 298 0.9139 0.9139 0.9139 0.9139 0.9066 0.9066 0.9139 0.9066 0.9139 0.9139 0.9066 0.9066 0.9139 0.9139 0.9139 0.9066
294 309 298 296 0.9066 0.9066 0.9066 0.9139 0.9139 0.9139 0.9066 0.9066 0.9066 0.9066 0.9139 0.9139 0.9139 0.9139 0.9139 0.9139
309 298 296 063 0.9139 0.9139 0.9139 0.9066 0.9066 0.9066 0.9139 0.9066 0.9066 0.9139 0.9066 0.9139 0.9139 0.9139 0.9139 0.9139
298 296 063 336 0.9139 0.9066 0.9066 0.9066 0.9139 0.9139 0.9139 0.9139 0.9066 0.9139 0.9139 0.9066 0.9139 0.9066 0.9139 0.9139
296 063 336 305 0.9066 0.9066 0.9066 0.9139 0.9139 0.9066 0.9139 0.9139 0.9139 0.9066 0.9066 0.9139 0.9139 0.9139 0.9066 0.9139
063 336 305 124 0.9139 0.9139 0.9066 0.9066 0.9139 0.9139 0.9139 0.9139 0.9066 0.9139 0.9066 0.9139 0.9066 0.9066 0.9066 0.9066
336 305 124 029 0.9139 0.9139 0.9066 0.9139 0.9139 0.9139 0.9139 0.9139 0.9066 0.9139 0.9139 0.9139 0.9066 0.9066 0.9139 0.9066
305 124 029 064 0.9066 0.9066 0.9066 0.9139 0.9139 0.9066 0.9139 0.9139 0.9139 0.9139 0.9066 0.9066 0.9139 0.9139 0.9066 0.9139
124 029 064 168 0.9139 0.9066 0.9139 0.9066 0.9066 0.9066 0.9066 0.9066 0.9066 0.9066 0.9066 0.9066 0.9139 0.9139 0.9139 0.9139
029 064 168 019 0.9139 0.9139 0.9066 0.9139 0.9066 0.9066 0.9139 0.9066 0.9066 0.9139 0.9066 0.9066 0.9066 0.9066 0.9066 0.9139
064 168 019 255 0.9139 0.9139 0.9139 0.9066 0.9139 0.9139 0.9139 0.9066 0.9066 0.9139 0.9066 0.9066 0.9066 0.9139 0.9139 0.9139
168 019 255 182 0.9139 0.9066 0.9139 0.9066 0.9139 0.9139 0.9139 0.9139 0.9066 0.9066 0.9139 0.9139 0.9139 0.9139 0.9139 0.9139
019 255 182 355 0.9139 0.9139 0.9139 0.9139 0.9066 0.9139 0.9139 0.9066 0.9066 0.9066 0.9066 0.9066 0.9139 0.9139 0.9066 0.9066
255 182 355 159 0.9066 0.9066 0.9066 0.9139 0.9066 0.9066 0.9066 0.9139 0.9139 0.9139 0.9139 0.9139 0.9066 0.9139 0.9139 0.9066
182 355 159 141 0.9139 0.9139 0.9066 0.9139 0.9066 0.9139 0.9066 0.9139 0.9066 0.9066 0.9066 0.9139 0.9066 0.9066 0.9139 0.9139
355 159 141 016 0.9139 0.9139 0.9139 0.9066 0.9139 0.9139 0.9139 0.9139 0.9139 0.9066 0.9066 0.9066 0.9066 0.9139 0.9139 0.9139
159 141 016 231 0.9139 0.9066 0.9066 0.9139 0.9066 0.9066 0.9139 0.9139 0.9139 0.9066 0.9066 0.9066 0.9066 0.9066 0.9066 0.9066
