356 031684 3
307 338 073 335 0.0425 0.4886 0.4886 0.0425 0.0425 0.0425 0.0425 0.0425 0.4886 0.0425 0.0425 0.0425 0.4886 0.4886 0.4886 0.4886
338 073 335 299 0.0425 0.0425 0.4886 0.0425 0.0425 0.0425 0.0425 0.4886 0.4886 0.0425 0.4886 0.4886 0.0425 0.0425 0.0425 0.0425
073 335 299 178 0.0425 0.4886 0.0425 0.0425 0.0425 0.0425 0.0425 0.4886 0.0425 0.0425 0.4886 0.0425 0.4886 0.0425 0.0425 0.0425
335 299 178 206 0.4886 0.4886 0.4886 0.4886 0.4886 0.0425 0.0425 0.0425 0.4886 0.4886 0.0425 0.0425 0.4886 0.4886 0.0425 0.0425
299 178 206 331 0.0425 0.4886 0.0425 0.0425 0.0425 0.0425 0.0425 0.4886 0.4886 0.4886 0.4886 0.4886 0.0425 0.0425 0.0425 0.4886
178 206 331 176 0.4886 0.4886 0.0425 0.0425 0.4886 0.4886 0.0425 0.4886 0.4886 0.0425 0.0425 0.4886 0.4886 0.4886 0.4886 0.4886
206 331 176 004 0.4886 0.0425 0.4886 0.4886 0.0425 0.4886 0.0425 0.4886 0.4886 0.0425 0.4886 0.4886 0.4886 0.4886 0.0425 0.0425
331 176 004 051 0.4886 0.4886 0.0425 0.0425 0.0425 0.4886 0.0425 0.4886 0.4886 0.4886 0.4886 0.4886 0.4886 0.4886 0.4886 0.4886
176 004 051 080 0.0425 0.0425 0.4886 0.4886 0.0425 0.4886 0.4886 0.4886 0.4886 0.4886 0.4886 0.0425 0.0425 0.0425 0.4886 0.0425
004 051 080 143 0.0425 0.0425 0.4886 0.4886 0.0425 0.0425 0.4886 0.0425 0.4886 0.4886 0.0425 0.4886 0.4886 0.4886 0.0425 0.0425
051 080 143 087 0.4886 0.0425 0.0425 0.0425 0.0425 0.0425 0.4886 0.0425 0.4886 0.4886 0.0425 0.4886 0.0425 0.4886 0.4886 0.0425
080 143 087 059 0.0425 0.4886 0.4886 0.4886 0.4886 0.0425 0.4886 0.4886 0.0425 0.0425 0.4886 0.4886 0.0425 0.0425 0.0425 0.4886
143 087 059 196 0.4886 0.4886 0.0425 0.4886 0.0425 0.0425 0.0425 0.4886 0.0425 0.4886 0.4886 0.0425 0.0425 0.4886 0.0425 0.0425
087 059 196 044 0.0425 0.0425 0.4886 0.0425 0.4886 0.4886 0.0425 0.4886 0.4886 0.4886 0.0425 0.0425 0.4886 0.0425 0.4886 0.4886
059 196 044 135 0.4886 0.4886 0.4886 0.4886 0.0425 0.4886 0.4886 0.0425 0.4886 0.0425 0.0425 0.4886 0.4886 0.0425 0.4886 0.4886
196 044 135 294 0.0425 0.4886 0.0425 0.0425 0.0425 0.0425 0.4886 0.4886 0.4886 0.4886 0.0425 0.0425 0.0425 0.0425 0.4886 0.0425
044 135 294 303 0.4886 0.0425 0.4886 0.4886 0.0425 0.4886 0.0425 0.4886 0.0425 0.0425 0.4886 0.0425 0.4886 0.4886 0.4886 0.4886
135 294 303 072 0.0425 0.0425 0.4886 0.4886 0.0425 0.4886 0.4886 0.0425 0.0425 0.0425 0.4886 0.0425 0.0425 0.0425 0.4886 0.0425
294 303 072 284 0.0425 0.4886 0.0425 0.0425 0.4886 0.4886 0.4886 0.4886 0.0425 0.4886 0.0425 0.0425 0.4886 0.0425 0.4886 0.4886
303 072 284 006 0.4886 0.4886 0.4886 0.0425 0.4886 0.4886 0.4886 0.0425 0.0425 0.0425 0.4886 0.4886 0.4886 0.0425 0.0425 0.4886
072 284 006 201 0.0425 0.0425 0.4886 0.4886 0.4886 0.0425 0.0425 0.0425 0.0425 0.4886 0.4886 0.0425 0.4886 0.0425 0.4886 0.4886
284 006 201 244 0.0425 0.4886 0.0425 0.0425 0.0425 0.4886 0.0425 0.0425 0.0425 0.0425 0.4886 0.4886 0.4886 0.4886 0.4886 0.0425
006 201 244 211 0.4886 0.0425 0.4886 0.0425 0.4886 0.0425 0.0425 0.4886 0.4886 0.0425 0.0425 0.4886 0.4886 0.4886 0.4886 0.4886
201 244 211 235 0.4886 0.0425 0.4886 0.4886 0.4886 0.0425 0.4886 0.0425 0.0425 0.0425 0.0425 0.0425 0.0425 0.0425 0.0425 0.0425
244 211 235 240 0.0425 0.4886 0.4886 0.0425 0.0425 0.4886 0.0425 0.0425 0.4886 0.0425 0.0425 0.0425 0.4886 0.0425 0.4886 0.0425
211 235 240 014 0.4886 0.4886 0.0425 0.0425 0.4886 0.0425 0.0425 0.0425 0.0425 0.0425 0.0425 0.0425 0.4886 0.4886 0.0425 0.0425
235 240 014 339 0.4886 0.4886 0.0425 0.4886 0.4886 0.0425 0.0425 0.0425 0.0425 0.0425 0.0425 0.0425 0.4886 0.0425 0.0425 0.4886
240 014 339 076 0.0425 0.0425 0.4886 0.0425 0.4886 0.4886 0.0425 0.4886 0.4886 0.0425 0.0425 0.0425 0.4886 0.0425 0.4886 0.0425
014 339 076 278 0.0425 0.0425 0.4886 0.4886 0.4886 0.4886 0.0425 0.4886 0.4886 0.4886 0.4886 0.0425 0.0425 0.0425 0.4886 0.4886
339 076 278 040 0.0425 0.0425 0.0425 0.4886 0.4886 0.0425 0.4886 0.0425 0.4886 0.4886 0.0425 0.0425 0.0425 0.4886 0.4886 0.4886
076 278 040 065 0.0425 0.4886 0.4886 0.4886 0.0425 0.0425 0.4886 0.0425 0.0425 0.4886 0.0425 0.4886 0.0425 0.0425 0.0425 0.4886
278 040 065 026 0.4886 0.4886 0.4886 0.0425 0.0425 0.0425 0.0425 0.4886 0.0425 0.0425 0.0425 0.4886 0.4886 0.0425 0.4886 0.0425
040 065 026 222 0.4886 0.4886 0.0425 0.0425 0.0425 0.4886 0.4886 0.0425 0.4886 0.0425 0.4886 0.4886 0.0425 0.0425 0.4886 0.4886
065 026 222 256 0.0425 0.0425 0.4886 0.4886 0.0425 0.0425 0.4886 0.0425 0.0425 0.0425 0.0425 0.0425 0.0425 0.0425 0.4886 0.0425
026 222 256 053 0.0425 0.4886 0.0425 0.0425 0.4886 0.4886 0.4886 0.4886 0.0425 0.4886 0.0425 0.0425 0.4886 0.0425 0.4886 0.0425
222 256 053 168 0.4886 0.0425 0.0425 0.0425 0.4886 0.0425 0.0425 0.4886 0.0425 0.4886 0.4886 0.4886 0.0425 0.0425 0.0425 0.0425
256 053 168 254 0.0425 0.0425 0.0425 0.4886 0.4886 0.4886 0.0425 0.0425 0.0425 0.4886 0.0425 0.0425 0.0425 0.4886 0.0425 0.0425
053 168 254 269 0.4886 0.0425 0.0425 0.0425 0.4886 0.4886 0.0425 0.0425 0.0425 0.0425 0.4886 0.4886 0.4886 0.0425 0.0425 0.0425
168 254 269 241 0.4886 0.0425 0.0425 0.4886 0.0425 0.0425 0.4886 0.4886 0.0425 0.0425 0.0425 0.0425 0.0425 0.0425 0.0425 0.0425
254 269 241 199 0.0425 0.0425 0.0425 0.0425 0.0425 0.0425 0.0425 0.4886 0.4886 0.4886 0.0425 0.4886 0.4886 0.0425 0.0425 0.0425
269 241 199 124 0.0425 0.4886 0.0425 0.0425 0.4886 0.4886 0.4886 0.4886 0.4886 0.4886 0.4886 0.4886 0.4886 0.0425 0.4886 0.0425
241 199 124 180 0.4886 0.4886 0.0425 0.0425 0.0425 0.0425 0.0425 0.4886 0.4886 0.4886 0.4886 0.0425 0.4886 0.4886 0.4886 0.4886
199 124 180 330 0.0425 0.4886 0.4886 0.0425 0.0425 0.0425 0.4886 0.0425 0.0425 0.4886 0.4886 0.0425 0.4886 0.4886 0.4886 0.4886
124 180 330 130 0.4886 0.0425 0.0425 0.0425 0.0425 0.0425 0.0425 0.0425 0.0425 0.4886 0.4886 0.4886 0.4886 0.4886 0.4886 0.0425
180 330 130 346 0.0425 0.0425 0.4886 0.4886 0.0425 0.0425 0.0425 0.4886 0.4886 0.0425 0.4886 0.4886 0.0425 0.0425 0.0425 0.4886
330 130 346 251 0.0425 0.0425 0.4886 0.4886 0.0425 0.4886 0.0425 0.4886 0.4886 0.0425 0.4886 0.4886 0.0425 0.4886 0.4886 0.0425
130 346 251 314 0.4886 0.4886 0.0425 0.4886 0.0425 0.4886 0.0425 0.0425 0.4886 0.0425 0.4886 0.0425 0.4886 0.4886 0.0425 0.4886
346 251 314 064 0.4886 0.0425 0.4886 0.0425 0.0425 0.0425 0.0425 0.0425 0.4886 0.4886 0.4886 0.4886 0.0425 0.0425 0.0425 0.0425
251 314 064 066 0.4886 0.4886 0.0425 0.0425 0.4886 0.0425 0.0425 0.0425 0.4886 0.4886 0.0425 0.0425 0.0425 0.4886 0.0425 0.0425
314 064 066 311 0.0425 0.0425 0.0425 0.0425 0.0425 0.0425 0.0425 0.4886 0.0425 0.0425 0.0425 0.4886 0.0425 0.0425 0.0425 0.0425
064 066 311 131 0.0425 0.4886 0.4886 0.4886 0.4886 0.4886 0.4886 0.4886 0.4886 0.0425 0.0425 0.0425 0.4886 0.4886 0.0425 0.4886
066 311 131 238 0.0425 0.4886 0.4886 0.0425 0.4886 0.4886 0.4886 0.0425 0.4886 0.4886 0.4886 0.4886 0.0425 0.4886 0.0425 0.4886
311 131 238 191 0.4886 0.4886 0.4886 0.4886 0.4886 0.4886 0.0425 0.0425 0.0425 0.0425 0.0425 0.4886 0.0425 0.0425 0.0425 0.4886
131 238 191 137 0.0425 0.0425 0.0425 0.4886 0.4886 0.0425 0.0425 0.0425 0.4886 0.0425 0.4886 0.4886 0.0425 0.0425 0.4886 0.4886
238 191 137 245 0.4886 0.4886 0.4886 0.0425 0.4886 0.4886 0.0425 0.0425 0.4886 0.4886 0.4886 0.0425 0.0425 0.0425 0.4886 0.4886
191 137 245 282 0.0425 0.4886 0.0425 0.4886 0.0425 0.4886 0.0425 0.0425 0.0425 0.4886 0.0425 0.0425 0.4886 0.4886 0.0425 0.0425
137 245 282 248 0.0425 0.0425 0.0425 0.4886 0.4886 0.0425 0.4886 0.0425 0.0425 0.4886 0.0425 0.0425 0.0425 0.4886 0.4886 0.4886
245 282 248 167 0.0425 0.0425 0.4886 0.0425 0.0425 0.4886 0.0425 0.0425 0.0425 0.0425 0.4886 0.0425 0.0425 0.4886 0.0425 0.0425
282 248 167 002 0.0425 0.4886 0.4886 0.4886 0.0425 0.4886 0.4886 0.4886 0.0425 0.0425 0.4886 0.4886 0.4886 0.4886 0.4886 0.0425
248 167 002 050 0.4886 0.0425 0.4886 0.0425 0.4886 0.4886 0.0425 0.0425 0.0425 0.0425 0.4886 0.0425 0.4886 0.0425 0.4886 0.4886
167 002 050 305 0.4886 0.4886 0.4886 0.4886 0.4886 0.0425 0.0425 0.0425 0.0425 0.4886 0.0425 0.4886 0.0425 0.0425 0.4886 0.4886
002 050 305 200 0.4886 0.0425 0.4886 0.4886 0.0425 0.0425 0.0425 0.4886 0.0425 0.4886 0.4886 0.0425 0.4886 0.4886 0.4886 0.0425
050 305 200 149 0.0425 0.4886 0.0425 0.4886 0.4886 0.4886 0.0425 0.0425 0.0425 0.0425 0.0425 0.0425 0.0425 0.0425 0.4886 0.0425
305 200 149 054 0.0425 0.4886 0.4886 0.0425 0.0425 0.0425 0.0425 0.0425 0.0425 0.0425 0.4886 0.4886 0.0425 0.4886 0.4886 0.0425
200 149 054 232 0.4886 0.4886 0.4886 0.4886 0.0425 0.0425 0.0425 0.0425 0.0425 0.0425 0.0425 0.0425 0.0425 0.4886 0.0425 0.4886
149 054 232 084 0.0425 0.0425 0.4886 0.0425 0.4886 0.4886 0.0425 0.0425 0.0425 0.0425 0.0425 0.4886 0.4886 0.4886 0.4886 0.4886
054 232 084 090 0.4886 0.0425 0.0425 0.4886 0.4886 0.4886 0.0425 0.0425 0.4886 0.4886 0.0425 0.4886 0.0425 0.0425 0.4886 0.0425
232 084 090 074 0.4886 0.4886 0.0425 0.4886 0.4886 0.0425 0.4886 0.0425 0.4886 0.0425 0.0425 0.0425 0.4886 0.4886 0.0425 0.0425
084 090 074 300 0.0425 0.0425 0.0425 0.4886 0.4886 0.0425 0.4886 0.4886 0.4886 0.0425 0.0425 0.4886 0.4886 0.4886 0.4886 0.0425
090 074 300 069 0.4886 0.0425 0.4886 0.4886 0.4886 0.0425 0.4886 0.0425 0.0425 0.0425 0.4886 0.0425 0.0425 0.0425 0.0425 0.4886
074 300 069 133 0.0425 0.4886 0.0425 0.4886 0.4886 0.0425 0.0425 0.0425 0.0425 0.4886 0.0425 0.4886 0.4886 0.4886 0.0425 0.4886
300 069 133 106 0.0425 0.0425 0.0425 0.0425 0.0425 0.4886 0.0425 0.4886 0.0425 0.0425 0.0425 0.0425 0.0425 0.0425 0.4886 0.0425
069 133 106 194 0.4886 0.0425 0.0425 0.0425 0.0425 0.0425 0.0425 0.0425 0.4886 0.4886 0.0425 0.4886 0.0425 0.0425 0.4886 0.0425
133 106 194 198 0.4886 0.0425 0.0425 0.0425 0.0425 0.4886 0.0425 0.4886 0.4886 0.0425 0.0425 0.0425 0.4886 0.4886 0.4886 0.4886
106 194 198 144 0.0425 0.0425 0.0425 0.0425 0.4886 0.0425 0.4886 0.4886 0.4886 0.4886 0.4886 0.4886 0.0425 0.0425 0.4886 0.0425
194 198 144 012 0.4886 0.4886 0.0425 0.4886 0.4886 0.0425 0.0425 0.0425 0.4886 0.0425 0.0425 0.4886 0.4886 0.0425 0.4886 0.4886
198 144 012 316 0.4886 0.4886 0.0425 0.0425 0.0425 0.0425 0.0425 0.0425 0.4886 0.4886 0.0425 0.0425 0.0425 0.4886 0.0425 0.4886
144 012 316 116 0.0425 0.0425 0.4886 0.0425 0.4886 0.0425 0.4886 0.0425 0.0425 0.4886 0.0425 0.4886 0.0425 0.4886 0.0425 0.4886
012 316 116 052 0.0425 0.4886 0.4886 0.0425 0.0425 0.4886 0.0425 0.0425 0.0425 0.4886 0.0425 0.4886 0.4886 0.0425 0.4886 0.4886
316 116 052 329 0.4886 0.0425 0.4886 0.0425 0.0425 0.0425 0.4886 0.0425 0.0425 0.4886 0.4886 0.0425 0.4886 0.0425 0.4886 0.4886
116 052 329 030 0.4886 0.4886 0.0425 0.0425 0.4886 0.4886 0.0425 0.0425 0.4886 0.4886 0.4886 0.4886 0.4886 0.0425 0.0425 0.4886
052 329 030 155 0.0425 0.4886 0.0425 0.4886 0.0425 0.4886 0.4886 0.0425 0.4886 0.0425 0.4886 0.4886 0.0425 0.0425 0.4886 0.4886
329 030 155 042 0.4886 0.0425 0.0425 0.0425 0.0425 0.0425 0.0425 0.0425 0.4886 0.4886 0.0425 0.4886 0.0425 0.0425 0.4886 0.4886
030 155 042 150 0.4886 0.4886 0.0425 0.4886 0.0425 0.4886 0.0425 0.4886 0.0425 0.4886 0.4886 0.0425 0.0425 0.4886 0.4886 0.4886
155 042 150 034 0.0425 0.4886 0.4886 0.0425 0.0425 0.4886 0.4886 0.4886 0.0425 0.0425 0.4886 0.0425 0.4886 0.4886 0.4886 0.4886
042 150 034 083 0.4886 0.4886 0.0425 0.4886 0.0425 0.0425 0.4886 0.0425 0.0425 0.4886 0.0425 0.4886 0.0425 0.0425 0.0425 0.0425
150 034 083 027 0.0425 0.0425 0.0425 0.4886 0.4886 0.0425 0.4886 0.4886 0.4886 0.4886 0.0425 0.4886 0.4886 0.4886 0.0425 0.0425
034 083 027 215 0.4886 0.0425 0.0425 0.4886 0.0425 0.4886 0.4886 0.0425 0.0425 0.0425 0.0425 0.0425 0.4886 0.0425 0.0425 0.4886
083 027 215 296 0.0425 0.4886 0.0425 0.0425 0.4886 0.0425 0.0425 0.0425 0.4886 0.4886 0.4886 0.0425 0.4886 0.4886 0.4886 0.0425
027 215 296 250 0.4886 0.0425 0.0425 0.0425 0.4886 0.4886 0.4886 0.4886 0.0425 0.4886 0.0425 0.0425 0.4886 0.0425 0.0425 0.4886
215 296 250 336 0.0425 0.0425 0.0425 0.4886 0.4886 0.4886 0.4886 0.0425 0.4886 0.4886 0.4886 0.4886 0.4886 0.4886 0.0425 0.0425
296 250 336 247 0.0425 0.4886 0.0425 0.0425 0.4886 0.0425 0.0425 0.4886 0.4886 0.4886 0.0425 0.0425 0.4886 0.4886 0.0425 0.0425
250 336 247 272 0.0425 0.0425 0.4886 0.4886 0.4886 0.0425 0.0425 0.0425 0.0425 0.0425 0.0425 0.4886 0.4886 0.0425 0.0425 0.0425
336 247 272 068 0.4886 0.4886 0.4886 0.4886 0.0425 0.4886 0.4886 0.4886 0.0425 0.0425 0.0425 0.4886 0.0425 0.4886 0.0425 0.4886
247 272 068 225 0.4886 0.0425 0.4886 0.4886 0.0425 0.4886 0.0425 0.4886 0.4886 0.4886 0.4886 0.4886 0.0425 0.4886 0.0425 0.4886
272 068 225 295 0.4886 0.0425 0.4886 0.0425 0.0425 0.0425 0.0425 0.4886 0.0425 0.0425 0.0425 0.4886 0.0425 0.4886 0.4886 0.0425
068 225 295 213 0.4886 0.4886 0.4886 0.0425 0.0425 0.0425 0.4886 0.4886 0.0425 0.0425 0.4886 0.0425 0.4886 0.0425 0.0425 0.4886
225 295 213 035 0.0425 0.4886 0.0425 0.0425 0.0425 0.0425 0.4886 0.4886 0.0425 0.4886 0.4886 0.0425 0.4886 0.4886 0.0425 0.0425
295 213 035 210 0.4886 0.0425 0.4886 0.0425 0.4886 0.0425 0.4886 0.0425 0.4886 0.0425 0.0425 0.4886 0.4886 0.0425 0.0425 0.0425
213 035 210 186 0.4886 0.0425 0.0425 0.4886 0.0425 0.0425 0.0425 0.4886 0.4886 0.0425 0.0425 0.4886 0.0425 0.4886 0.0425 0.0425
035 210 186 183 0.4886 0.4886 0.0425 0.4886 0.0425 0.4886 0.4886 0.0425 0.4886 0.4886 0.4886 0.4886 0.0425 0.4886 0.4886 0.0425
210 186 183 061 0.4886 0.0425 0.0425 0.0425 0.0425 0.4886 0.4886 0.4886 0.0425 0.4886 0.0425 0.4886 0.0425 0.4886 0.4886 0.4886
186 183 061 107 0.0425 0.4886 0.0425 0.0425 0.0425 0.0425 0.4886 0.0425 0.4886 0.4886 0.0425 0.0425 0.4886 0.4886 0.4886 0.4886
183 061 107 119 0.0425 0.0425 0.0425 0.4886 0.0425 0.0425 0.4886 0.4886 0.0425 0.0425 0.0425 0.4886 0.0425 0.0425 0.0425 0.4886
061 107 119 136 0.4886 0.4886 0.0425 0.4886 0.4886 0.4886 0.4886 0.4886 0.4886 0.4886 0.4886 0.4886 0.0425 0.4886 0.0425 0.4886
107 119 136 174 0.0425 0.0425 0.4886 0.0425 0.4886 0.0425 0.0425 0.0425 0.0425 0.4886 0.0425 0.0425 0.0425 0.0425 0.0425 0.0425
119 136 174 234 0.0425 0.0425 0.0425 0.0425 0.0425 0.4886 0.0425 0.4886 0.4886 0.0425 0.4886 0.0425 0.4886 0.4886 0.4886 0.0425
136 174 234 023 0.4886 0.0425 0.0425 0.0425 0.0425 0.4886 0.4886 0.4886 0.4886 0.0425 0.0425 0.4886 0.0425 0.4886 0.0425 0.4886
174 234 023 105 0.4886 0.4886 0.0425 0.0425 0.4886 0.0425 0.0425 0.0425 0.4886 0.0425 0.0425 0.0425 0.0425 0.0425 0.0425 0.0425
234 023 105 325 0.4886 0.4886 0.0425 0.0425 0.4886 0.4886 0.0425 0.0425 0.4886 0.0425 0.4886 0.4886 0.0425 0.0425 0.0425 0.0425
023 105 325 093 0.4886 0.4886 0.4886 0.0425 0.0425 0.0425 0.0425 0.0425 0.4886 0.0425 0.4886 0.4886 0.4886 0.4886 0.0425 0.0425
105 325 093 344 0.4886 0.0425 0.0425 0.4886 0.0425 0.0425 0.0425 0.4886 0.4886 0.0425 0.0425 0.0425 0.4886 0.4886 0.4886 0.0425
325 093 344 060 0.0425 0.4886 0.4886 0.4886 0.0425 0.4886 0.4886 0.0425 0.4886 0.0425 0.0425 0.0425 0.0425 0.0425 0.4886 0.0425
093 344 060 197 0.0425 0.4886 0.4886 0.4886 0.0425 0.4886 0.4886 0.4886 0.0425 0.0425 0.4886 0.0425 0.4886 0.0425 0.0425 0.0425
344 060 197 085 0.0425 0.0425 0.0425 0.4886 0.0425 0.4886 0.0425 0.0425 0.0425 0.4886 0.4886 0.4886 0.4886 0.4886 0.0425 0.4886
060 197 085 013 0.4886 0.4886 0.0425 0.0425 0.4886 0.0425 0.4886 0.4886 0.0425 0.4886 0.0425 0.0425 0.4886 0.0425 0.4886 0.4886
197 085 013 204 0.0425 0.0425 0.4886 0.0425 0.4886 0.4886 0.4886 0.4886 0.0425 0.0425 0.0425 0.4886 0.0425 0.0425 0.4886 0.0425
085 013 204 020 0.4886 0.0425 0.0425 0.0425 0.0425 0.0425 0.0425 0.4886 0.0425 0.4886 0.4886 0.4886 0.4886 0.4886 0.0425 0.4886
013 204 020 063 0.4886 0.4886 0.4886 0.4886 0.4886 0.0425 0.0425 0.4886 0.0425 0.4886 0.4886 0.4886 0.0425 0.4886 0.4886 0.4886
204 020 063 332 0.4886 0.0425 0.0425 0.0425 0.4886 0.0425 0.4886 0.4886 0.4886 0.4886 0.4886 0.0425 0.0425 0.0425 0.4886 0.4886
020 063 332 007 0.4886 0.0425 0.4886 0.0425 0.4886 0.4886 0.0425 0.0425 0.4886 0.0425 0.0425 0.0425 0.0425 0.0425 0.4886 0.4886
063 332 007 270 0.4886 0.4886 0.0425 0.0425 0.4886 0.0425 0.0425 0.4886 0.4886 0.4886 0.4886 0.0425 0.0425 0.4886 0.4886 0.0425
332 007 270 037 0.4886 0.0425 0.4886 0.0425 0.0425 0.0425 0.0425 0.4886 0.4886 0.0425 0.4886 0.0425 0.0425 0.0425 0.4886 0.0425
007 270 037 062 0.0425 0.4886 0.4886 0.4886 0.0425 0.0425 0.0425 0.4886 0.0425 0.0425 0.4886 0.4886 0.4886 0.4886 0.4886 0.4886
270 037 062 273 0.0425 0.0425 0.0425 0.4886 0.4886 0.4886 0.4886 0.0425 0.4886 0.4886 0.0425 0.0425 0.4886 0.4886 0.0425 0.4886
037 062 273 207 0.4886 0.4886 0.4886 0.0425 0.4886 0.0425 0.4886 0.0425 0.0425 0.0425 0.4886 0.0425 0.0425 0.0425 0.0425 0.0425
062 273 207 175 0.0425 0.4886 0.4886 0.0425 0.0425 0.4886 0.0425 0.4886 0.0425 0.4886 0.0425 0.0425 0.0425 0.4886 0.4886 0.0425
273 207 175 231 0.4886 0.4886 0.0425 0.0425 0.0425 0.0425 0.0425 0.4886 0.0425 0.0425 0.0425 0.0425 0.0425 0.0425 0.0425 0.0425
207 175 231 320 0.0425 0.0425 0.4886 0.0425 0.4886 0.4886 0.0425 0.4886 0.0425 0.4886 0.0425 0.0425 0.4886 0.0425 0.0425 0.4886
175 231 320 323 0.4886 0.4886 0.4886 0.4886 0.0425 0.4886 0.0425 0.4886 0.0425 0.4886 0.4886 0.4886 0.4886 0.4886 0.0425 0.4886
231 320 323 166 0.4886 0.4886 0.0425 0.0425 0.0425 0.0425 0.0425 0.0425 0.0425 0.4886 0.0425 0.0425 0.0425 0.4886 0.4886 0.4886
320 323 166 193 0.0425 0.4886 0.0425 0.4886 0.4886 0.0425 0.0425 0.4886 0.4886 0.4886 0.0425 0.0425 0.4886 0.4886 0.4886 0.0425
323 166 193 285 0.4886 0.4886 0.0425 0.4886 0.0425 0.0425 0.0425 0.0425 0.4886 0.4886 0.4886 0.0425 0.0425 0.4886 0.0425 0.0425
166 193 285 190 0.4886 0.0425 0.0425 0.4886 0.4886 0.4886 0.0425 0.4886 0.0425 0.0425 0.0425 0.0425 0.4886 0.0425 0.4886 0.4886
193 285 190 146 0.0425 0.4886 0.4886 0.4886 0.4886 0.0425 0.0425 0.0425 0.0425 0.0425 0.4886 0.4886 0.4886 0.0425 0.4886 0.0425
285 190 146 163 0.0425 0.4886 0.4886 0.0425 0.0425 0.0425 0.4886 0.0425 0.4886 0.4886 0.0425 0.4886 0.0425 0.0425 0.4886 0.4886
190 146 163 165 0.0425 0.0425 0.0425 0.4886 0.4886 0.4886 0.4886 0.0425 0.0425 0.4886 0.0425 0.0425 0.4886 0.4886 0.0425 0.0425
146 163 165 041 0.4886 0.0425 0.0425 0.0425 0.0425 0.4886 0.0425 0.4886 0.0425 0.4886 0.0425 0.4886 0.4886 0.0425 0.0425 0.0425
163 165 041 324 0.4886 0.0425 0.4886 0.4886 0.4886 0.4886 0.0425 0.0425 0.0425 0.0425 0.4886 0.0425 0.4886 0.0425 0.0425 0.0425
165 041 324 140 0.4886 0.0425 0.4886 0.0425 0.0425 0.4886 0.0425 0.0425 0.4886 0.4886 0.4886 0.0425 0.0425 0.0425 0.0425 0.4886
041 324 140 159 0.0425 0.4886 0.0425 0.4886 0.0425 0.0425 0.4886 0.4886 0.0425 0.4886 0.4886 0.0425 0.4886 0.4886 0.0425 0.0425
324 140 159 262 0.4886 0.4886 0.0425 0.0425 0.0425 0.4886 0.4886 0.0425 0.0425 0.0425 0.0425 0.4886 0.4886 0.4886 0.4886 0.4886
140 159 262 045 0.0425 0.4886 0.4886 0.0425 0.0425 0.4886 0.4886 0.0425 0.0425 0.0425 0.4886 0.0425 0.4886 0.0425 0.4886 0.4886
159 262 045 301 0.4886 0.4886 0.0425 0.4886 0.0425 0.0425 0.4886 0.0425 0.4886 0.0425 0.4886 0.0425 0.0425 0.4886 0.0425 0.0425
262 045 301 025 0.4886 0.0425 0.4886 0.0425 0.0425 0.4886 0.4886 0.0425 0.4886 0.0425 0.0425 0.4886 0.0425 0.0425 0.4886 0.0425
045 301 025 008 0.4886 0.0425 0.0425 0.4886 0.0425 0.4886 0.4886 0.0425 0.4886 0.4886 0.4886 0.4886 0.0425 0.0425 0.4886 0.0425
301 025 008 293 0.4886 0.0425 0.4886 0.0425 0.0425 0.4886 0.4886 0.4886 0.4886 0.0425 0.4886 0.4886 0.0425 0.4886 0.4886 0.0425
025 008 293 156 0.0425 0.4886 0.4886 0.4886 0.0425 0.0425 0.0425 0.4886 0.4886 0.0425 0.0425 0.0425 0.4886 0.0425 0.0425 0.0425
008 293 156 291 0.0425 0.4886 0.0425 0.0425 0.0425 0.4886 0.0425 0.0425 0.4886 0.0425 0.4886 0.0425 0.4886 0.4886 0.4886 0.0425
293 156 291 351 0.4886 0.4886 0.0425 0.0425 0.4886 0.0425 0.0425 0.4886 0.4886 0.4886 0.0425 0.0425 0.4886 0.4886 0.0425 0.4886
156 291 351 312 0.0425 0.0425 0.0425 0.0425 0.0425 0.0425 0.4886 0.4886 0.0425 0.0425 0.0425 0.0425 0.0425 0.0425 0.4886 0.0425
291 351 312 057 0.4886 0.4886 0.4886 0.0425 0.4886 0.4886 0.0425 0.0425 0.4886 0.0425 0.0425 0.4886 0.4886 0.0425 0.4886 0.0425
351 312 057 148 0.4886 0.4886 0.4886 0.0425 0.4886 0.4886 0.0425 0.0425 0.4886 0.4886 0.4886 0.0425 0.4886 0.4886 0.0425 0.4886
312 057 148 094 0.4886 0.4886 0.0425 0.0425 0.4886 0.4886 0.0425 0.4886 0.0425 0.0425 0.0425 0.0425 0.4886 0.0425 0.4886 0.4886
057 148 094 258 0.0425 0.0425 0.4886 0.0425 0.4886 0.0425 0.4886 0.0425 0.0425 0.0425 0.4886 0.4886 0.0425 0.0425 0.4886 0.0425
148 094 258 011 0.0425 0.0425 0.4886 0.0425 0.4886 0.4886 0.0425 0.4886 0.0425 0.0425 0.4886 0.0425 0.4886 0.0425 0.0425 0.4886
094 258 011 255 0.0425 0.0425 0.4886 0.0425 0.0425 0.0425 0.0425 0.4886 0.4886 0.4886 0.0425 0.4886 0.0425 0.0425 0.0425 0.4886
258 011 255 345 0.0425 0.4886 0.0425 0.4886 0.0425 0.0425 0.0425 0.0425 0.4886 0.0425 0.0425 0.0425 0.4886 0.0425 0.4886 0.4886
011 255 345 287 0.4886 0.4886 0.4886 0.0425 0.0425 0.4886 0.4886 0.0425 0.0425 0.4886 0.4886 0.0425 0.0425 0.4886 0.0425 0.4886
255 345 287 253 0.0425 0.4886 0.4886 0.4886 0.4886 0.4886 0.0425 0.0425 0.4886 0.4886 0.0425 0.0425 0.4886 0.0425 0.0425 0.0425
345 287 253 219 0.4886 0.0425 0.4886 0.0425 0.0425 0.0425 0.4886 0.4886 0.0425 0.4886 0.0425 0.0425 0.0425 0.4886 0.0425 0.4886
287 253 219 214 0.4886 0.0425 0.4886 0.4886 0.4886 0.0425 0.0425 0.4886 0.0425 0.4886 0.4886 0.0425 0.0425 0.0425 0.0425 0.4886
253 219 214 019 0.4886 0.4886 0.4886 0.4886 0.4886 0.0425 0.0425 0.4886 0.0425 0.4886 0.0425 0.4886 0.4886 0.4886 0.0425 0.4886
219 214 019 264 0.4886 0.4886 0.0425 0.0425 0.4886 0.0425 0.0425 0.4886 0.0425 0.0425 0.0425 0.0425 0.0425 0.4886 0.4886 0.0425
214 019 264 145 0.0425 0.4886 0.4886 0.4886 0.4886 0.4886 0.4886 0.0425 0.0425 0.4886 0.0425 0.0425 0.4886 0.4886 0.4886 0.4886
019 264 145 029 0.4886 0.4886 0.4886 0.4886 0.4886 0.0425 0.4886 0.0425 0.0425 0.4886 0.0425 0.4886 0.0425 0.0425 0.0425 0.4886
264 145 029 274 0.0425 0.0425 0.4886 0.4886 0.4886 0.4886 0.4886 0.4886 0.4886 0.0425 0.4886 0.0425 0.4886 0.0425 0.0425 0.0425
145 029 274 184 0.0425 0.0425 0.0425 0.0425 0.0425 0.0425 0.4886 0.0425 0.4886 0.0425 0.4886 0.4886 0.4886 0.0425 0.0425 0.4886
029 274 184 118 0.4886 0.0425 0.0425 0.0425 0.0425 0.4886 0.0425 0.4886 0.4886 0.4886 0.4886 0.4886 0.0425 0.4886 0.4886 0.0425
274 184 118 141 0.4886 0.0425 0.4886 0.4886 0.4886 0.4886 0.0425 0.0425 0.0425 0.4886 0.4886 0.4886 0.4886 0.4886 0.0425 0.4886
184 118 141 125 0.0425 0.4886 0.0425 0.0425 0.4886 0.0425 0.4886 0.4886 0.0425 0.0425 0.0425 0.4886 0.4886 0.4886 0.0425 0.0425
118 141 125 290 0.4886 0.0425 0.4886 0.0425 0.0425 0.0425 0.4886 0.0425 0.0425 0.0425 0.4886 0.0425 0.4886 0.0425 0.4886 0.4886
141 125 290 171 0.0425 0.0425 0.4886 0.4886 0.0425 0.0425 0.4886 0.4886 0.0425 0.4886 0.4886 0.0425 0.0425 0.0425 0.0425 0.4886
125 290 171 108 0.4886 0.4886 0.4886 0.0425 0.0425 0.0425 0.4886 0.0425 0.4886 0.0425 0.4886 0.0425 0.0425 0.0425 0.0425 0.4886
290 171 108 265 0.0425 0.0425 0.4886 0.0425 0.4886 0.0425 0.0425 0.0425 0.4886 0.0425 0.4886 0.4886 0.0425 0.0425 0.4886 0.4886
171 108 265 275 0.4886 0.0425 0.4886 0.4886 0.4886 0.0425 0.0425 0.4886 0.4886 0.4886 0.4886 0.4886 0.4886 0.4886 0.0425 0.0425
108 265 275 099 0.4886 0.4886 0.0425 0.0425 0.4886 0.4886 0.4886 0.4886 0.4886 0.0425 0.4886 0.0425 0.4886 0.4886 0.4886 0.0425
265 275 099 079 0.4886 0.0425 0.0425 0.4886 0.0425 0.4886 0.4886 0.0425 0.0425 0.0425 0.4886 0.0425 0.0425 0.4886 0.4886 0.4886
275 099 079 267 0.4886 0.4886 0.4886 0.4886 0.0425 0.4886 0.4886 0.0425 0.0425 0.0425 0.0425 0.0425 0.0425 0.0425 0.4886 0.4886
099 079 267 047 0.4886 0.0425 0.4886 0.0425 0.4886 0.4886 0.4886 0.0425 0.4886 0.0425 0.0425 0.4886 0.4886 0.4886 0.0425 0.4886
079 267 047 221 0.4886 0.0425 0.4886 0.0425 0.0425 0.4886 0.4886 0.0425 0.0425 0.0425 0.4886 0.0425 0.4886 0.4886 0.0425 0.4886
267 047 221 112 0.4886 0.4886 0.0425 0.4886 0.4886 0.0425 0.4886 0.4886 0.4886 0.0425 0.0425 0.4886 0.0425 0.4886 0.4886 0.4886
047 221 112 297 0.4886 0.4886 0.0425 0.4886 0.4886 0.0425 0.0425 0.4886 0.4886 0.0425 0.0425 0.0425 0.0425 0.0425 0.0425 0.4886
221 112 297 132 0.0425 0.0425 0.0425 0.0425 0.4886 0.0425 0.0425 0.0425 0.4886 0.4886 0.4886 0.4886 0.0425 0.4886 0.0425 0.0425
112 297 132 114 0.0425 0.0425 0.0425 0.0425 0.0425 0.0425 0.4886 0.4886 0.4886 0.4886 0.0425 0.4886 0.0425 0.4886 0.4886 0.4886
297 132 114 227 0.0425 0.0425 0.0425 0.4886 0.4886 0.4886 0.4886 0.0425 0.4886 0.0425 0.4886 0.4886 0.4886 0.0425 0.0425 0.0425
132 114 227 209 0.0425 0.4886 0.0425 0.0425 0.4886 0.0425 0.4886 0.4886 0.0425 0.4886 0.4886 0.0425 0.0425 0.4886 0.0425 0.0425
114 227 209 138 0.0425 0.4886 0.4886 0.4886 0.4886 0.0425 0.4886 0.4886 0.0425 0.0425 0.4886 0.0425 0.4886 0.0425 0.0425 0.0425
227 209 138 354 0.4886 0.4886 0.4886 0.0425 0.4886 0.4886 0.4886 0.0425 0.4886 0.0425 0.4886 0.4886 0.4886 0.0425 0.0425 0.0425
209 138 354 092 0.0425 0.0425 0.4886 0.4886 0.0425 0.0425 0.4886 0.0425 0.0425 0.0425 0.0425 0.0425 0.0425 0.4886 0.4886 0.0425
138 354 092 177 0.4886 0.0425 0.0425 0.4886 0.0425 0.0425 0.4886 0.4886 0.4886 0.4886 0.0425 0.4886 0.0425 0.0425 0.0425 0.4886
354 092 177 031 0.0425 0.0425 0.0425 0.4886 0.4886 0.4886 0.0425 0.4886 0.4886 0.4886 0.4886 0.4886 0.0425 0.4886 0.0425 0.4886
092 177 031 036 0.4886 0.4886 0.4886 0.4886 0.0425 0.4886 0.0425 0.0425 0.4886 0.0425 0.4886 0.0425 0.0425 0.4886 0.0425 0.0425
177 031 036 018 0.4886 0.0425 0.0425 0.4886 0.0425 0.0425 0.4886 0.4886 0.0425 0.4886 0.0425 0.4886 0.0425 0.4886 0.0425 0.4886
031 036 018 179 0.4886 0.0425 0.0425 0.4886 0.0425 0.4886 0.0425 0.4886 0.0425 0.0425 0.4886 0.4886 0.0425 0.4886 0.4886 0.4886
036 018 179 257 0.4886 0.0425 0.4886 0.4886 0.0425 0.4886 0.0425 0.4886 0.4886 0.0425 0.0425 0.4886 0.0425 0.0425 0.0425 0.4886
018 179 257 239 0.4886 0.4886 0.0425 0.0425 0.0425 0.0425 0.0425 0.0425 0.4886 0.0425 0.4886 0.4886 0.4886 0.0425 0.0425 0.4886
179 257 239 230 0.0425 0.0425 0.0425 0.4886 0.0425 0.4886 0.0425 0.0425 0.4886 0.4886 0.0425 0.0425 0.4886 0.4886 0.0425 0.0425
257 239 230 067 0.4886 0.4886 0.0425 0.0425 0.0425 0.0425 0.0425 0.4886 0.0425 0.0425 0.0425 0.0425 0.0425 0.0425 0.4886 0.0425
239 230 067 317 0.4886 0.4886 0.0425 0.4886 0.4886 0.4886 0.0425 0.0425 0.0425 0.4886 0.4886 0.4886 0.0425 0.0425 0.0425 0.4886
230 067 317 352 0.4886 0.0425 0.4886 0.0425 0.4886 0.0425 0.0425 0.4886 0.4886 0.4886 0.4886 0.0425 0.0425 0.0425 0.4886 0.0425
067 317 352 289 0.4886 0.0425 0.4886 0.4886 0.4886 0.0425 0.4886 0.0425 0.0425 0.4886 0.0425 0.0425 0.0425 0.4886 0.0425 0.4886
317 352 289 164 0.0425 0.0425 0.0425 0.4886 0.4886 0.4886 0.4886 0.4886 0.0425 0.0425 0.4886 0.0425 0.0425 0.4886 0.4886 0.4886
352 289 164 337 0.0425 0.4886 0.4886 0.4886 0.4886 0.4886 0.4886 0.4886 0.4886 0.4886 0.4886 0.4886 0.0425 0.0425 0.4886 0.0425
289 164 337 015 0.0425 0.4886 0.0425 0.4886 0.4886 0.0425 0.4886 0.0425 0.4886 0.4886 0.0425 0.4886 0.4886 0.0425 0.4886 0.0425
164 337 015 109 0.0425 0.0425 0.4886 0.0425 0.4886 0.0425 0.4886 0.0425 0.4886 0.0425 0.4886 0.0425 0.0425 0.0425 0.4886 0.4886
337 015 109 110 0.4886 0.4886 0.0425 0.0425 0.4886 0.0425 0.0425 0.4886 0.4886 0.0425 0.0425 0.4886 0.4886 0.4886 0.0425 0.4886
015 109 110 170 0.0425 0.4886 0.4886 0.0425 0.4886 0.4886 0.4886 0.4886 0.4886 0.4886 0.0425 0.0425 0.4886 0.4886 0.4886 0.4886
109 110 170 321 0.0425 0.0425 0.4886 0.0425 0.0425 0.0425 0.0425 0.4886 0.0425 0.4886 0.4886 0.0425 0.4886 0.4886 0.0425 0.4886
110 170 321 139 0.4886 0.4886 0.0425 0.0425 0.4886 0.0425 0.0425 0.0425 0.0425 0.4886 0.0425 0.4886 0.0425 0.4886 0.0425 0.0425
170 321 139 048 0.0425 0.0425 0.0425 0.0425 0.0425 0.4886 0.4886 0.0425 0.4886 0.4886 0.0425 0.4886 0.4886 0.4886 0.4886 0.4886
321 139 048 220 0.4886 0.4886 0.4886 0.4886 0.0425 0.0425 0.0425 0.4886 0.0425 0.4886 0.0425 0.0425 0.4886 0.4886 0.4886 0.4886
139 048 220 182 0.0425 0.0425 0.4886 0.0425 0.0425 0.4886 0.0425 0.4886 0.4886 0.4886 0.0425 0.0425 0.0425 0.4886 0.0425 0.4886
048 220 182 327 0.0425 0.4886 0.0425 0.0425 0.0425 0.4886 0.4886 0.4886 0.4886 0.4886 0.4886 0.4886 0.0425 0.0425 0.0425 0.4886
220 182 327 277 0.4886 0.0425 0.0425 0.0425 0.0425 0.0425 0.4886 0.0425 0.0425 0.4886 0.0425 0.4886 0.0425 0.0425 0.0425 0.0425
182 327 277 306 0.4886 0.4886 0.4886 0.0425 0.4886 0.0425 0.0425 0.4886 0.0425 0.0425 0.4886 0.0425 0.4886 0.4886 0.4886 0.4886
327 277 306 271 0.4886 0.4886 0.0425 0.4886 0.4886 0.0425 0.0425 0.0425 0.4886 0.0425 0.4886 0.4886 0.4886 0.0425 0.4886 0.0425
277 306 271 103 0.4886 0.4886 0.4886 0.4886 0.4886 0.4886 0.4886 0.4886 0.4886 0.0425 0.0425 0.4886 0.0425 0.0425 0.0425 0.0425
306 271 103 003 0.4886 0.0425 0.4886 0.0425 0.4886 0.4886 0.0425 0.4886 0.4886 0.0425 0.0425 0.4886 0.0425 0.4886 0.0425 0.0425
271 103 003 169 0.0425 0.4886 0.4886 0.0425 0.4886 0.0425 0.4886 0.4886 0.0425 0.4886 0.0425 0.4886 0.4886 0.4886 0.4886 0.0425
103 003 169 328 0.4886 0.0425 0.0425 0.0425 0.0425 0.4886 0.0425 0.0425 0.4886 0.4886 0.4886 0.4886 0.0425 0.0425 0.0425 0.4886
003 169 328 127 0.0425 0.4886 0.0425 0.4886 0.0425 0.0425 0.4886 0.0425 0.0425 0.4886 0.0425 0.0425 0.4886 0.0425 0.0425 0.0425
169 328 127 260 0.0425 0.0425 0.4886 0.0425 0.0425 0.4886 0.4886 0.0425 0.4886 0.0425 0.0425 0.4886 0.0425 0.4886 0.0425 0.4886
328 127 260 188 0.4886 0.0425 0.0425 0.4886 0.0425 0.0425 0.4886 0.4886 0.4886 0.4886 0.0425 0.4886 0.4886 0.0425 0.0425 0.0425
127 260 188 322 0.0425 0.4886 0.4886 0.4886 0.4886 0.4886 0.0425 0.4886 0.0425 0.0425 0.0425 0.4886 0.4886 0.0425 0.0425 0.0425
260 188 322 049 0.0425 0.0425 0.0425 0.0425 0.4886 0.4886 0.4886 0.0425 0.4886 0.0425 0.0425 0.4886 0.0425 0.4886 0.4886 0.4886
188 322 049 126 0.0425 0.4886 0.4886 0.4886 0.0425 0.0425 0.4886 0.4886 0.0425 0.0425 0.4886 0.0425 0.4886 0.4886 0.0425 0.4886
322 049 126 334 0.0425 0.0425 0.0425 0.0425 0.0425 0.4886 0.0425 0.0425 0.4886 0.4886 0.0425 0.0425 0.4886 0.4886 0.4886 0.0425
049 126 334 192 0.4886 0.4886 0.0425 0.0425 0.0425 0.0425 0.0425 0.4886 0.0425 0.4886 0.0425 0.4886 0.4886 0.0425 0.4886 0.4886
126 334 192 134 0.4886 0.4886 0.4886 0.4886 0.0425 0.0425 0.0425 0.4886 0.4886 0.4886 0.0425 0.0425 0.0425 0.0425 0.4886 0.0425
334 192 134 001 0.0425 0.0425 0.0425 0.0425 0.0425 0.4886 0.4886 0.0425 0.4886 0.4886 0.4886 0.0425 0.0425 0.0425 0.0425 0.4886
192 134 001 276 0.0425 0.0425 0.0425 0.0425 0.4886 0.4886 0.0425 0.4886 0.0425 0.4886 0.0425 0.4886 0.0425 0.0425 0.4886 0.0425
134 001 276 075 0.0425 0.4886 0.0425 0.0425 0.0425 0.4886 0.0425 0.0425 0.0425 0.4886 0.0425 0.0425 0.4886 0.0425 0.4886 0.4886
001 276 075 071 0.0425 0.4886 0.4886 0.4886 0.0425 0.4886 0.4886 0.0425 0.0425 0.4886 0.0425 0.0425 0.4886 0.4886 0.0425 0.0425
276 075 071 349 0.0425 0.4886 0.4886 0.0425 0.4886 0.4886 0.4886 0.4886 0.0425 0.4886 0.0425 0.4886 0.0425 0.0425 0.4886 0.0425
075 071 349 203 0.4886 0.0425 0.4886 0.4886 0.4886 0.0425 0.0425 0.4886 0.4886 0.4886 0.0425 0.0425 0.4886 0.4886 0.4886 0.4886
071 349 203 122 0.4886 0.4886 0.0425 0.4886 0.0425 0.0425 0.0425 0.4886 0.4886 0.0425 0.4886 0.0425 0.0425 0.0425 0.4886 0.4886
349 203 122 308 0.0425 0.4886 0.0425 0.4886 0.4886 0.0425 0.4886 0.4886 0.0425 0.4886 0.4886 0.4886 0.4886 0.0425 0.4886 0.0425
203 122 308 055 0.4886 0.0425 0.4886 0.4886 0.0425 0.4886 0.0425 0.4886 0.0425 0.0425 0.4886 0.0425 0.0425 0.4886 0.0425 0.4886
122 308 055 121 0.4886 0.0425 0.4886 0.0425 0.4886 0.0425 0.0425 0.0425 0.0425 0.0425 0.4886 0.4886 0.4886 0.4886 0.4886 0.4886
308 055 121 043 0.0425 0.0425 0.0425 0.0425 0.0425 0.0425 0.0425 0.4886 0.0425 0.0425 0.4886 0.4886 0.0425 0.4886 0.0425 0.0425
055 121 043 024 0.0425 0.4886 0.4886 0.4886 0.0425 0.4886 0.4886 0.4886 0.4886 0.4886 0.4886 0.4886 0.4886 0.0425 0.0425 0.4886
121 043 024 355 0.4886 0.4886 0.0425 0.0425 0.4886 0.4886 0.4886 0.4886 0.4886 0.0425 0.0425 0.4886 0.0425 0.0425 0.4886 0.4886
043 024 355 128 0.0425 0.4886 0.0425 0.4886 0.0425 0.0425 0.4886 0.4886 0.4886 0.0425 0.4886 0.4886 0.4886 0.4886 0.0425 0.0425
024 355 128 216 0.0425 0.0425 0.4886 0.4886 0.0425 0.0425 0.4886 0.0425 0.0425 0.0425 0.4886 0.4886 0.4886 0.4886 0.4886 0.4886
355 128 216 097 0.0425 0.0425 0.4886 0.0425 0.4886 0.4886 0.0425 0.0425 0.0425 0.4886 0.4886 0.4886 0.0425 0.4886 0.0425 0.0425
128 216 097 263 0.4886 0.4886 0.0425 0.4886 0.0425 0.0425 0.4886 0.4886 0.0425 0.0425 0.0425 0.0425 0.4886 0.0425 0.4886 0.4886
216 097 263 326 0.4886 0.4886 0.4886 0.0425 0.0425 0.4886 0.0425 0.0425 0.0425 0.0425 0.4886 0.0425 0.4886 0.4886 0.4886 0.4886
097 263 326 039 0.0425 0.4886 0.0425 0.4886 0.4886 0.4886 0.4886 0.0425 0.4886 0.0425 0.4886 0.4886 0.4886 0.4886 0.4886 0.0425
263 326 039 153 0.4886 0.0425 0.4886 0.4886 0.0425 0.4886 0.0425 0.4886 0.0425 0.0425 0.0425 0.0425 0.4886 0.0425 0.4886 0.4886
326 039 153 195 0.0425 0.0425 0.0425 0.4886 0.4886 0.4886 0.4886 0.0425 0.0425 0.0425 0.0425 0.4886 0.4886 0.0425 0.4886 0.0425
039 153 195 005 0.0425 0.0425 0.4886 0.4886 0.4886 0.0425 0.0425 0.4886 0.4886 0.4886 0.0425 0.4886 0.0425 0.4886 0.4886 0.0425
153 195 005 017 0.4886 0.4886 0.0425 0.0425 0.4886 0.4886 0.0425 0.4886 0.0425 0.0425 0.4886 0.4886 0.0425 0.4886 0.4886 0.0425
195 005 017 086 0.0425 0.0425 0.0425 0.4886 0.0425 0.0425 0.4886 0.4886 0.4886 0.4886 0.4886 0.0425 0.4886 0.0425 0.0425 0.4886
005 017 086 288 0.0425 0.4886 0.4886 0.0425 0.0425 0.4886 0.4886 0.0425 0.0425 0.4886 0.0425 0.0425 0.4886 0.0425 0.4886 0.4886
017 086 288 142 0.0425 0.0425 0.0425 0.0425 0.0425 0.0425 0.0425 0.4886 0.4886 0.4886 0.0425 0.4886 0.4886 0.4886 0.0425 0.0425
086 288 142 315 0.0425 0.4886 0.4886 0.0425 0.0425 0.4886 0.4886 0.0425 0.0425 0.0425 0.0425 0.0425 0.4886 0.0425 0.4886 0.4886
288 142 315 236 0.0425 0.0425 0.0425 0.0425 0.4886 0.0425 0.4886 0.4886 0.4886 0.4886 0.4886 0.4886 0.4886 0.0425 0.4886 0.4886
142 315 236 223 0.4886 0.4886 0.4886 0.4886 0.4886 0.0425 0.4886 0.0425 0.0425 0.0425 0.4886 0.4886 0.0425 0.0425 0.0425 0.4886
315 236 223 082 0.0425 0.4886 0.4886 0.0425 0.0425 0.4886 0.0425 0.4886 0.4886 0.0425 0.0425 0.0425 0.4886 0.0425 0.4886 0.4886
236 223 082 089 0.4886 0.0425 0.0425 0.0425 0.0425 0.4886 0.0425 0.0425 0.0425 0.4886 0.0425 0.0425 0.4886 0.4886 0.4886 0.4886
223 082 089 100 0.0425 0.4886 0.0425 0.0425 0.0425 0.0425 0.0425 0.4886 0.4886 0.0425 0.0425 0.4886 0.0425 0.0425 0.4886 0.4886
082 089 100 172 0.0425 0.0425 0.4886 0.4886 0.0425 0.4886 0.4886 0.0425 0.0425 0.0425 0.4886 0.4886 0.0425 0.0425 0.0425 0.0425
089 100 172 313 0.4886 0.4886 0.0425 0.0425 0.4886 0.0425 0.0425 0.4886 0.0425 0.0425 0.4886 0.4886 0.4886 0.4886 0.4886 0.0425
100 172 313 252 0.4886 0.4886 0.0425 0.0425 0.4886 0.4886 0.4886 0.4886 0.4886 0.4886 0.0425 0.4886 0.0425 0.0425 0.0425 0.0425
172 313 252 283 0.4886 0.4886 0.4886 0.4886 0.4886 0.4886 0.0425 0.4886 0.0425 0.4886 0.0425 0.0425 0.4886 0.0425 0.4886 0.4886
313 252 283 111 0.0425 0.4886 0.4886 0.0425 0.0425 0.0425 0.0425 0.4886 0.4886 0.4886 0.0425 0.4886 0.4886 0.0425 0.4886 0.0425
252 283 111 096 0.0425 0.4886 0.0425 0.4886 0.4886 0.0425 0.0425 0.0425 0.4886 0.0425 0.4886 0.0425 0.4886 0.4886 0.4886 0.0425
283 111 096 304 0.4886 0.4886 0.0425 0.4886 0.0425 0.0425 0.4886 0.4886 0.4886 0.4886 0.0425 0.4886 0.4886 0.4886 0.0425 0.0425
111 096 304 243 0.0425 0.4886 0.4886 0.4886 0.4886 0.0425 0.0425 0.0425 0.4886 0.4886 0.4886 0.4886 0.4886 0.0425 0.0425 0.4886
096 304 243 010 0.4886 0.0425 0.0425 0.4886 0.0425 0.0425 0.4886 0.0425 0.0425 0.4886 0.4886 0.0425 0.4886 0.0425 0.4886 0.4886
304 243 010 318 0.0425 0.4886 0.4886 0.0425 0.0425 0.0425 0.4886 0.0425 0.4886 0.4886 0.0425 0.0425 0.0425 0.4886 0.0425 0.0425
243 010 318 028 0.0425 0.0425 0.4886 0.4886 0.0425 0.4886 0.0425 0.4886 0.0425 0.0425 0.4886 0.4886 0.4886 0.4886 0.0425 0.0425
010 318 028 016 0.0425 0.4886 0.0425 0.0425 0.4886 0.4886 0.0425 0.0425 0.0425 0.0425 0.4886 0.0425 0.4886 0.4886 0.0425 0.4886
318 028 016 261 0.4886 0.4886 0.4886 0.4886 0.4886 0.0425 0.4886 0.4886 0.4886 0.4886 0.0425 0.0425 0.0425 0.0425 0.0425 0.0425
028 016 261 091 0.4886 0.4886 0.0425 0.4886 0.4886 0.4886 0.4886 0.0425 0.0425 0.0425 0.0425 0.0425 0.4886 0.4886 0.0425 0.0425
016 261 091 162 0.0425 0.0425 0.0425 0.0425 0.0425 0.4886 0.0425 0.0425 0.4886 0.4886 0.0425 0.4886 0.4886 0.4886 0.4886 0.0425
261 091 162 212 0.0425 0.0425 0.4886 0.4886 0.4886 0.0425 0.4886 0.4886 0.0425 0.0425 0.0425 0.0425 0.4886 0.0425 0.4886 0.0425
091 162 212 310 0.0425 0.0425 0.0425 0.0425 0.4886 0.0425 0.0425 0.4886 0.4886 0.0425 0.4886 0.4886 0.4886 0.0425 0.4886 0.0425
162 212 310 228 0.0425 0.4886 0.4886 0.4886 0.4886 0.4886 0.4886 0.0425 0.4886 0.0425 0.0425 0.4886 0.0425 0.4886 0.4886 0.0425
212 310 228 022 0.4886 0.4886 0.4886 0.4886 0.4886 0.4886 0.0425 0.4886 0.0425 0.0425 0.0425 0.0425 0.0425 0.0425 0.4886 0.4886
310 228 022 147 0.4886 0.4886 0.4886 0.4886 0.4886 0.4886 0.4886 0.0425 0.4886 0.0425 0.0425 0.0425 0.0425 0.4886 0.4886 0.0425
228 022 147 266 0.0425 0.0425 0.4886 0.0425 0.4886 0.0425 0.4886 0.0425 0.4886 0.0425 0.0425 0.4886 0.0425 0.0425 0.0425 0.0425
022 147 266 341 0.4886 0.4886 0.0425 0.4886 0.0425 0.4886 0.0425 0.4886 0.0425 0.4886 0.4886 0.4886 0.4886 0.4886 0.4886 0.4886
147 266 341 268 0.4886 0.0425 0.4886 0.0425 0.4886 0.4886 0.0425 0.4886 0.0425 0.4886 0.0425 0.4886 0.0425 0.4886 0.4886 0.4886
266 341 268 280 0.4886 0.4886 0.4886 0.4886 0.0425 0.4886 0.0425 0.4886 0.0425 0.0425 0.0425 0.4886 0.0425 0.4886 0.0425 0.0425
341 268 280 249 0.0425 0.4886 0.4886 0.0425 0.0425 0.4886 0.0425 0.0425 0.4886 0.4886 0.0425 0.0425 0.0425 0.4886 0.0425 0.0425
268 280 249 000 0.0425 0.4886 0.0425 0.4886 0.4886 0.4886 0.0425 0.4886 0.0425 0.4886 0.4886 0.0425 0.0425 0.0425 0.0425 0.4886
280 249 000 058 0.4886 0.0425 0.4886 0.4886 0.4886 0.0425 0.4886 0.4886 0.4886 0.0425 0.0425 0.4886 0.4886 0.0425 0.4886 0.0425
249 000 058 032 0.4886 0.0425 0.4886 0.4886 0.4886 0.4886 0.4886 0.4886 0.4886 0.0425 0.4886 0.0425 0.4886 0.4886 0.0425 0.4886
000 058 032 292 0.4886 0.0425 0.4886 0.0425 0.4886 0.0425 0.0425 0.0425 0.4886 0.0425 0.0425 0.0425 0.0425 0.0425 0.0425 0.0425
058 032 292 353 0.4886 0.0425 0.0425 0.4886 0.4886 0.0425 0.4886 0.0425 0.0425 0.0425 0.4886 0.0425 0.4886 0.4886 0.0425 0.4886
032 292 353 102 0.0425 0.4886 0.4886 0.0425 0.0425 0.4886 0.4886 0.0425 0.4886 0.0425 0.0425 0.0425 0.0425 0.4886 0.4886 0.4886
292 353 102 151 0.4886 0.0425 0.4886 0.4886 0.4886 0.4886 0.0425 0.4886 0.0425 0.4886 0.0425 0.4886 0.0425 0.0425 0.4886 0.4886
353 102 151 224 0.4886 0.0425 0.0425 0.4886 0.0425 0.0425 0.0425 0.4886 0.4886 0.4886 0.4886 0.0425 0.0425 0.0425 0.0425 0.4886
102 151 224 340 0.0425 0.4886 0.4886 0.0425 0.0425 0.4886 0.4886 0.4886 0.0425 0.4886 0.0425 0.0425 0.0425 0.0425 0.0425 0.0425
151 224 340 078 0.0425 0.0425 0.0425 0.4886 0.0425 0.0425 0.0425 0.0425 0.4886 0.0425 0.0425 0.0425 0.4886 0.0425 0.4886 0.0425
224 340 078 123 0.0425 0.0425 0.0425 0.0425 0.4886 0.4886 0.0425 0.4886 0.0425 0.4886 0.4886 0.4886 0.4886 0.4886 0.4886 0.0425
340 078 123 237 0.4886 0.0425 0.0425 0.0425 0.4886 0.4886 0.4886 0.0425 0.0425 0.0425 0.0425 0.4886 0.4886 0.4886 0.4886 0.4886
078 123 237 348 0.4886 0.0425 0.0425 0.4886 0.0425 0.0425 0.0425 0.4886 0.0425 0.4886 0.4886 0.4886 0.4886 0.4886 0.0425 0.4886
123 237 348 021 0.4886 0.0425 0.0425 0.4886 0.4886 0.0425 0.4886 0.4886 0.4886 0.4886 0.4886 0.4886 0.4886 0.0425 0.0425 0.4886
237 348 021 309 0.4886 0.4886 0.4886 0.4886 0.0425 0.4886 0.0425 0.4886 0.4886 0.0425 0.0425 0.0425 0.4886 0.4886 0.4886 0.4886
348 021 309 088 0.4886 0.4886 0.0425 0.0425 0.0425 0.0425 0.4886 0.4886 0.4886 0.4886 0.4886 0.4886 0.4886 0.0425 0.0425 0.0425
021 309 088 160 0.4886 0.0425 0.0425 0.0425 0.4886 0.0425 0.4886 0.0425 0.0425 0.4886 0.0425 0.4886 0.0425 0.4886 0.0425 0.4886
309 088 160 286 0.4886 0.4886 0.4886 0.4886 0.4886 0.4886 0.4886 0.0425 0.4886 0.0425 0.4886 0.0425 0.4886 0.0425 0.0425 0.0425
088 160 286 185 0.4886 0.0425 0.4886 0.4886 0.0425 0.0425 0.0425 0.4886 0.0425 0.4886 0.0425 0.0425 0.4886 0.4886 0.4886 0.0425
160 286 185 202 0.0425 0.0425 0.4886 0.0425 0.4886 0.4886 0.4886 0.0425 0.0425 0.0425 0.0425 0.4886 0.4886 0.4886 0.0425 0.0425
286 185 202 113 0.0425 0.4886 0.0425 0.0425 0.4886 0.4886 0.0425 0.0425 0.0425 0.4886 0.4886 0.4886 0.0425 0.0425 0.4886 0.0425
185 202 113 298 0.4886 0.0425 0.0425 0.0425 0.4886 0.0425 0.0425 0.4886 0.0425 0.0425 0.4886 0.4886 0.0425 0.4886 0.4886 0.0425
202 113 298 038 0.0425 0.0425 0.0425 0.0425 0.0425 0.0425 0.0425 0.4886 0.4886 0.4886 0.0425 0.4886 0.4886 0.4886 0.4886 0.0425
113 298 038 281 0.0425 0.0425 0.0425 0.0425 0.0425 0.4886 0.4886 0.4886 0.0425 0.0425 0.4886 0.0425 0.4886 0.0425 0.4886 0.4886
298 038 281 343 0.4886 0.4886 0.4886 0.0425 0.0425 0.4886 0.4886 0.0425 0.0425 0.0425 0.4886 0.4886 0.4886 0.0425 0.0425 0.4886
038 281 343 157 0.4886 0.0425 0.0425 0.4886 0.0425 0.0425 0.4886 0.0425 0.4886 0.0425 0.4886 0.4886 0.4886 0.4886 0.4886 0.0425
281 343 157 259 0.0425 0.0425 0.0425 0.4886 0.0425 0.4886 0.4886 0.0425 0.0425 0.4886 0.4886 0.4886 0.0425 0.4886 0.4886 0.4886
343 157 259 189 0.4886 0.4886 0.0425 0.0425 0.0425 0.4886 0.0425 0.4886 0.0425 0.4886 0.4886 0.4886 0.0425 0.4886 0.4886 0.0425
157 259 189 333 0.0425 0.4886 0.0425 0.4886 0.0425 0.0425 0.4886 0.4886 0.4886 0.0425 0.4886 0.4886 0.0425 0.0425 0.4886 0.0425
259 189 333 173 0.0425 0.4886 0.0425 0.0425 0.4886 0.0425 0.0425 0.4886 0.0425 0.4886 0.4886 0.4886 0.0425 0.4886 0.0425 0.4886
189 333 173 081 0.4886 0.4886 0.4886 0.4886 0.0425 0.0425 0.0425 0.0425 0.4886 0.4886 0.4886 0.0425 0.0425 0.4886 0.4886 0.0425
333 173 081 246 0.0425 0.0425 0.4886 0.4886 0.0425 0.4886 0.4886 0.0425 0.4886 0.4886 0.4886 0.4886 0.0425 0.0425 0.0425 0.4886
173 081 246 009 0.0425 0.4886 0.0425 0.0425 0.4886 0.4886 0.4886 0.0425 0.4886 0.4886 0.4886 0.4886 0.4886 0.4886 0.4886 0.0425
081 246 009 056 0.0425 0.0425 0.4886 0.4886 0.0425 0.4886 0.4886 0.0425 0.0425 0.0425 0.0425 0.4886 0.4886 0.0425 0.4886 0.4886
246 009 056 187 0.4886 0.4886 0.4886 0.0425 0.0425 0.0425 0.0425 0.4886 0.0425 0.4886 0.0425 0.4886 0.0425 0.4886 0.4886 0.0425
009 056 187 279 0.4886 0.4886 0.0425 0.4886 0.4886 0.0425 0.4886 0.4886 0.0425 0.0425 0.0425 0.4886 0.4886 0.4886 0.4886 0.0425
056 187 279 205 0.0425 0.4886 0.4886 0.0425 0.4886 0.0425 0.0425 0.0425 0.0425 0.0425 0.4886 0.4886 0.0425 0.0425 0.0425 0.0425
187 279 205 101 0.4886 0.0425 0.4886 0.4886 0.0425 0.0425 0.4886 0.4886 0.0425 0.4886 0.0425 0.0425 0.4886 0.4886 0.0425 0.4886
279 205 101 181 0.0425 0.4886 0.0425 0.4886 0.4886 0.0425 0.4886 0.4886 0.4886 0.4886 0.0425 0.0425 0.4886 0.0425 0.4886 0.4886
205 101 181 098 0.4886 0.4886 0.4886 0.0425 0.4886 0.4886 0.4886 0.4886 0.0425 0.0425 0.0425 0.0425 0.0425 0.0425 0.4886 0.0425
101 181 098 117 0.0425 0.4886 0.0425 0.4886 0.4886 0.0425 0.4886 0.4886 0.0425 0.4886 0.0425 0.0425 0.4886 0.0425 0.0425 0.4886
181 098 117 302 0.0425 0.0425 0.4886 0.0425 0.0425 0.4886 0.4886 0.4886 0.4886 0.4886 0.0425 0.0425 0.0425 0.4886 0.0425 0.0425
098 117 302 077 0.4886 0.0425 0.0425 0.0425 0.4886 0.0425 0.4886 0.0425 0.4886 0.0425 0.4886 0.4886 0.4886 0.4886 0.4886 0.4886
117 302 077 070 0.0425 0.4886 0.0425 0.0425 0.4886 0.4886 0.4886 0.4886 0.4886 0.4886 0.4886 0.4886 0.4886 0.0425 0.0425 0.4886
302 077 070 350 0.4886 0.0425 0.4886 0.4886 0.0425 0.4886 0.0425 0.4886 0.0425 0.4886 0.4886 0.4886 0.0425 0.0425 0.0425 0.4886
077 070 350 319 0.4886 0.0425 0.4886 0.4886 0.4886 0.0425 0.4886 0.4886 0.0425 0.4886 0.4886 0.4886 0.4886 0.4886 0.0425 0.4886
070 350 319 217 0.0425 0.4886 0.4886 0.0425 0.0425 0.4886 0.4886 0.4886 0.0425 0.4886 0.0425 0.0425 0.0425 0.0425 0.4886 0.4886
350 319 217 161 0.0425 0.0425 0.0425 0.4886 0.4886 0.4886 0.0425 0.4886 0.4886 0.4886 0.4886 0.0425 0.4886 0.0425 0.4886 0.0425
319 217 161 046 0.0425 0.4886 0.0425 0.0425 0.0425 0.4886 0.0425 0.0425 0.0425 0.4886 0.0425 0.0425 0.0425 0.4886 0.4886 0.4886
217 161 046 242 0.0425 0.0425 0.4886 0.4886 0.0425 0.4886 0.0425 0.4886 0.0425 0.4886 0.0425 0.0425 0.0425 0.0425 0.4886 0.0425
161 046 242 347 0.4886 0.4886 0.4886 0.4886 0.0425 0.0425 0.4886 0.0425 0.0425 0.0425 0.0425 0.0425 0.0425 0.4886 0.0425 0.0425
046 242 347 233 0.0425 0.4886 0.0425 0.0425 0.4886 0.0425 0.4886 0.0425 0.4886 0.0425 0.0425 0.0425 0.4886 0.0425 0.4886 0.4886
242 347 233 115 0.0425 0.4886 0.4886 0.0425 0.0425 0.4886 0.0425 0.0425 0.4886 0.0425 0.0425 0.0425 0.0425 0.4886 0.0425 0.4886
347 233 115 104 0.4886 0.0425 0.4886 0.4886 0.4886 0.0425 0.4886 0.0425 0.4886 0.4886 0.0425 0.4886 0.4886 0.0425 0.4886 0.4886
233 115 104 208 0.0425 0.4886 0.0425 0.0425 0.0425 0.0425 0.4886 0.0425 0.0425 0.4886 0.4886 0.4886 0.4886 0.0425 0.0425 0.0425
115 104 208 218 0.4886 0.4886 0.4886 0.0425 0.0425 0.4886 0.0425 0.0425 0.0425 0.0425 0.4886 0.4886 0.0425 0.4886 0.4886 0.0425
104 208 218 095 0.0425 0.0425 0.4886 0.4886 0.4886 0.4886 0.4886 0.0425 0.0425 0.0425 0.0425 0.0425 0.0425 0.4886 0.4886 0.0425
208 218 095 154 0.0425 0.0425 0.4886 0.4886 0.0425 0.4886 0.0425 0.0425 0.4886 0.4886 0.4886 0.4886 0.0425 0.4886 0.4886 0.0425
218 095 154 152 0.4886 0.0425 0.0425 0.0425 0.4886 0.4886 0.0425 0.0425 0.0425 0.0425 0.4886 0.0425 0.0425 0.0425 0.0425 0.4886
095 154 152 229 0.4886 0.0425 0.0425 0.0425 0.0425 0.0425 0.4886 0.0425 0.0425 0.0425 0.4886 0.4886 0.4886 0.0425 0.4886 0.4886
154 152 229 342 0.4886 0.0425 0.0425 0.4886 0.0425 0.4886 0.4886 0.0425 0.4886 0.0425 0.4886 0.4886 0.4886 0.4886 0.0425 0.0425
152 229 342 226 0.0425 0.0425 0.0425 0.4886 0.4886 0.4886 0.0425 0.0425 0.4886 0.0425 0.4886 0.0425 0.4886 0.0425 0.4886 0.4886
229 342 226 129 0.0425 0.0425 0.0425 0.4886 0.0425 0.4886 0.4886 0.0425 0.0425 0.0425 0.4886 0.0425 0.4886 0.0425 0.0425 0.4886
342 226 129 033 0.4886 0.4886 0.4886 0.4886 0.4886 0.4886 0.4886 0.4886 0.0425 0.0425 0.0425 0.4886 0.0425 0.4886 0.4886 0.4886
226 129 033 120 0.4886 0.0425 0.4886 0.4886 0.0425 0.4886 0.0425 0.4886 0.0425 0.0425 0.0425 0.0425 0.0425 0.4886 0.4886 0.4886
129 033 120 158 0.0425 0.4886 0.0425 0.0425 0.0425 0.4886 0.0425 0.4886 0.4886 0.4886 0.4886 0.0425 0.4886 0.4886 0.4886 0.0425
033 120 158 307 0.4886 0.0425 0.0425 0.0425 0.0425 0.0425 0.4886 0.4886 0.0425 0.4886 0.0425 0.0425 0.4886 0.4886 0.4886 0.4886
120 158 307 338 0.4886 0.0425 0.0425 0.0425 0.4886 0.0425 0.4886 0.4886 0.4886 0.4886 0.0425 0.0425 0.4886 0.4886 0.0425 0.4886
158 307 338 073 0.4886 0.4886 0.4886 0.0425 0.0425 0.4886 0.0425 0.4886 0.0425 0.4886 0.4886 0.4886 0.4886 0.4886 0.4886 0.0425
