356 031684 3
125 273 052 093 0.2065 0.4455 0.4455 0.2065 0.2065 0.4455 0.2065 0.2065 0.2065 0.4455 0.2065 0.2065 0.4455 0.4455 0.4455 0.2065
273 052 093 019 0.4455 0.4455 0.2065 0.4455 0.2065 0.2065 0.4455 0.2065 0.4455 0.4455 0.2065 0.4455 0.4455 0.4455 0.2065 0.4455
052 093 019 183 0.4455 0.2065 0.2065 0.2065 0.2065 0.2065 0.4455 0.4455 0.4455 0.2065 0.2065 0.2065 0.2065 0.4455 0.4455 0.2065
093 019 183 244 0.4455 0.2065 0.2065 0.2065 0.4455 0.4455 0.4455 0.4455 0.4455 0.2065 0.4455 0.4455 0.4455 0.2065 0.2065 0.4455
019 183 244 049 0.2065 0.4455 0.2065 0.2065 0.4455 0.2065 0.4455 0.2065 0.4455 0.2065 0.4455 0.2065 0.2065 0.2065 0.4455 0.2065
183 244 049 205 0.4455 0.2065 0.2065 0.4455 0.2065 0.2065 0.2065 0.2065 0.2065 0.4455 0.2065 0.4455 0.2065 0.4455 0.4455 0.4455
244 049 205 165 0.2065 0.2065 0.2065 0.4455 0.2065 0.2065 0.2065 0.2065 0.2065 0.2065 0.2065 0.2065 0.2065 0.4455 0.4455 0.2065
049 205 165 087 0.2065 0.2065 0.2065 0.4455 0.4455 0.2065 0.2065 0.4455 0.4455 0.4455 0.4455 0.2065 0.4455 0.2065 0.4455 0.4455
205 165 087 313 0.4455 0.4455 0.4455 0.2065 0.4455 0.2065 0.2065 0.2065 0.2065 0.2065 0.4455 0.4455 0.2065 0.2065 0.4455 0.4455
165 087 313 214 0.2065 0.2065 0.2065 0.4455 0.2065 0.2065 0.2065 0.4455 0.4455 0.2065 0.4455 0.2065 0.2065 0.2065 0.4455 0.2065
087 313 214 073 0.2065 0.4455 0.2065 0.2065 0.2065 0.4455 0.4455 0.4455 0.4455 0.4455 0.4455 0.2065 0.4455 0.4455 0.2065 0.4455
313 214 073 213 0.2065 0.2065 0.2065 0.4455 0.4455 0.4455 0.2065 0.4455 0.2065 0.2065 0.4455 0.2065 0.4455 0.4455 0.2065 0.2065
214 073 213 308 0.2065 0.2065 0.4455 0.2065 0.4455 0.2065 0.2065 0.2065 0.2065 0.2065 0.2065 0.2065 0.4455 0.4455 0.2065 0.4455
073 213 308 160 0.4455 0.2065 0.2065 0.2065 0.2065 0.4455 0.2065 0.4455 0.4455 0.2065 0.4455 0.4455 0.2065 0.4455 0.2065 0.4455
213 308 160 224 0.4455 0.2065 0.4455 0.4455 0.2065 0.4455 0.2065 0.4455 0.2065 0.2065 0.4455 0.2065 0.2065 0.2065 0.2065 0.4455
308 160 224 151 0.4455 0.4455 0.4455 0.2065 0.4455 0.2065 0.2065 0.2065 0.4455 0.4455 0.2065 0.4455 0.2065 0.2065 0.4455 0.2065
160 224 151 222 0.4455 0.4455 0.4455 0.2065 0.4455 0.4455 0.4455 0.4455 0.2065 0.4455 0.2065 0.2065 0.4455 0.2065 0.4455 0.2065
224 151 222 190 0.2065 0.4455 0.4455 0.4455 0.4455 0.4455 0.2065 0.4455 0.4455 0.2065 0.4455 0.2065 0.4455 0.4455 0.2065 0.2065
151 222 190 029 0.2065 0.2065 0.2065 0.4455 0.4455 0.4455 0.2065 0.2065 0.2065 0.2065 0.2065 0.2065 0.2065 0.4455 0.4455 0.4455
222 190 029 121 0.4455 0.4455 0.4455 0.4455 0.2065 0.4455 0.4455 0.2065 0.2065 0.2065 0.4455 0.2065 0.2065 0.2065 0.4455 0.4455
190 029 121 345 0.4455 0.4455 0.2065 0.4455 0.4455 0.4455 0.4455 0.4455 0.2065 0.2065 0.4455 0.4455 0.4455 0.2065 0.2065 0.2065
029 121 345 225 0.4455 0.4455 0.2065 0.4455 0.4455 0.2065 0.2065 0.4455 0.4455 0.4455 0.4455 0.4455 0.4455 0.4455 0.4455 0.2065
121 345 225 168 0.4455 0.4455 0.2065 0.4455 0.4455 0.2065 0.2065 0.4455 0.4455 0.4455 0.2065 0.4455 0.2065 0.4455 0.4455 0.4455
345 225 168 161 0.4455 0.2065 0.2065 0.2065 0.4455 0.4455 0.2065 0.2065 0.4455 0.2065 0.4455 0.2065 0.4455 0.4455 0.2065 0.4455
225 168 161 140 0.2065 0.2065 0.2065 0.2065 0.2065 0.2065 0.4455 0.4455 0.4455 0.4455 0.2065 0.2065 0.2065 0.4455 0.4455 0.4455
168 161 140 271 0.2065 0.2065 0.2065 0.2065 0.2065 0.2065 0.4455 0.2065 0.2065 0.4455 0.4455 0.2065 0.2065 0.2065 0.2065 0.4455
161 140 271 340 0.4455 0.2065 0.2065 0.4455 0.2065 0.4455 0.4455 0.2065 0.4455 0.4455 0.4455 0.4455 0.4455 0.4455 0.2065 0.4455
140 271 340 241 0.2065 0.4455 0.2065 0.2065 0.2065 0.2065 0.4455 0.2065 0.4455 0.4455 0.4455 0.4455 0.2065 0.2065 0.4455 0.4455
271 340 241 294 0.4455 0.2065 0.4455 0.2065 0.4455 0.2065 0.2065 0.4455 0.4455 0.2065 0.2065 0.2065 0.2065 0.4455 0.2065 0.4455
340 241 294 115 0.2065 0.2065 0.2065 0.2065 0.2065 0.4455 0.4455 0.2065 0.4455 0.2065 0.2065 0.4455 0.2065 0.2065 0.4455 0.2065
241 294 115 239 0.4455 0.2065 0.4455 0.4455 0.2065 0.2065 0.4455 0.2065 0.4455 0.4455 0.4455 0.2065 0.2065 0.2065 0.4455 0.4455
294 115 239 289 0.2065 0.2065 0.4455 0.2065 0.2065 0.4455 0.4455 0.2065 0.4455 0.2065 0.4455 0.2065 0.4455 0.2065 0.4455 0.2065
115 239 289 312 0.4455 0.4455 0.2065 0.4455 0.4455 0.2065 0.2065 0.4455 0.2065 0.2065 0.2065 0.2065 0.2065 0.2065 0.2065 0.2065
239 289 312 025 0.2065 0.4455 0.2065 0.4455 0.4455 0.4455 0.2065 0.2065 0.4455 0.2065 0.4455 0.4455 0.4455 0.4455 0.4455 0.4455
289 312 025 196 0.4455 0.4455 0.4455 0.4455 0.2065 0.2065 0.4455 0.2065 0.4455 0.2065 0.4455 0.4455 0.4455 0.4455 0.4455 0.4455
312 025 196 083 0.4455 0.2065 0.2065 0.4455 0.2065 0.4455 0.2065 0.4455 0.2065 0.2065 0.4455 0.2065 0.4455 0.4455 0.2065 0.4455
025 196 083 253 0.4455 0.4455 0.2065 0.2065 0.4455 0.4455 0.2065 0.2065 0.2065 0.4455 0.4455 0.2065 0.2065 0.2065 0.4455 0.2065
196 083 253 043 0.4455 0.4455 0.4455 0.2065 0.4455 0.2065 0.2065 0.2065 0.4455 0.4455 0.2065 0.2065 0.4455 0.4455 0.4455 0.2065
083 253 043 135 0.2065 0.2065 0.2065 0.4455 0.2065 0.4455 0.2065 0.2065 0.2065 0.2065 0.2065 0.4455 0.4455 0.2065 0.4455 0.4455
253 043 135 148 0.4455 0.4455 0.2065 0.2065 0.4455 0.4455 0.4455 0.2065 0.4455 0.2065 0.4455 0.4455 0.2065 0.2065 0.4455 0.4455
043 135 148 201 0.2065 0.4455 0.2065 0.4455 0.4455 0.4455 0.2065 0.4455 0.2065 0.2065 0.2065 0.4455 0.4455 0.2065 0.4455 0.4455
135 148 201 023 0.2065 0.2065 0.2065 0.2065 0.2065 0.4455 0.2065 0.4455 0.4455 0.2065 0.2065 0.2065 0.4455 0.4455 0.4455 0.4455
148 201 023 195 0.2065 0.4455 0.2065 0.4455 0.2065 0.2065 0.2065 0.4455 0.2065 0.4455 0.2065 0.4455 0.4455 0.2065 0.2065 0.2065
201 023 195 298 0.4455 0.2065 0.2065 0.4455 0.2065 0.2065 0.2065 0.2065 0.2065 0.4455 0.4455 0.2065 0.4455 0.4455 0.4455 0.4455
023 195 298 208 0.4455 0.4455 0.4455 0.2065 0.4455 0.4455 0.2065 0.4455 0.4455 0.4455 0.4455 0.4455 0.4455 0.4455 0.4455 0.4455
195 298 208 203 0.2065 0.4455 0.4455 0.2065 0.2065 0.2065 0.2065 0.2065 0.4455 0.2065 0.4455 0.4455 0.2065 0.2065 0.2065 0.2065
298 208 203 061 0.2065 0.4455 0.2065 0.2065 0.4455 0.2065 0.2065 0.4455 0.2065 0.4455 0.2065 0.2065 0.4455 0.4455 0.2065 0.4455
208 203 061 329 0.4455 0.2065 0.2065 0.2065 0.2065 0.2065 0.4455 0.4455 0.4455 0.4455 0.2065 0.4455 0.2065 0.4455 0.2065 0.4455
203 061 329 036 0.2065 0.4455 0.2065 0.2065 0.4455 0.4455 0.4455 0.4455 0.4455 0.2065 0.4455 0.4455 0.2065 0.2065 0.2065 0.2065
061 329 036 006 0.2065 0.4455 0.4455 0.4455 0.4455 0.4455 0.2065 0.2065 0.4455 0.2065 0.4455 0.4455 0.4455 0.2065 0.4455 0.2065
329 036 006 103 0.4455 0.2065 0.2065 0.2065 0.2065 0.2065 0.2065 0.2065 0.2065 0.4455 0.4455 0.4455 0.4455 0.4455 0.2065 0.2065
036 006 103 290 0.4455 0.4455 0.2065 0.2065 0.2065 0.2065 0.4455 0.2065 0.2065 0.4455 0.2065 0.2065 0.2065 0.4455 0.4455 0.4455
006 103 290 319 0.2065 0.2065 0.4455 0.2065 0.4455 0.2065 0.4455 0.2065 0.2065 0.4455 0.4455 0.2065 0.4455 0.4455 0.2065 0.4455
103 290 319 250 0.4455 0.2065 0.2065 0.4455 0.2065 0.4455 0.4455 0.4455 0.2065 0.2065 0.2065 0.4455 0.2065 0.4455 0.4455 0.4455
290 319 250 007 0.2065 0.4455 0.4455 0.4455 0.4455 0.4455 0.2065 0.4455 0.4455 0.2065 0.4455 0.2065 0.4455 0.2065 0.4455 0.4455
319 250 007 238 0.2065 0.4455 0.4455 0.4455 0.4455 0.4455 0.4455 0.4455 0.4455 0.2065 0.2065 0.2065 0.4455 0.4455 0.2065 0.4455
250 007 238 338 0.2065 0.4455 0.2065 0.2065 0.4455 0.2065 0.2065 0.2065 0.4455 0.2065 0.2065 0.2065 0.2065 0.2065 0.4455 0.4455
007 238 338 204 0.2065 0.2065 0.4455 0.4455 0.2065 0.4455 0.2065 0.2065 0.2065 0.4455 0.4455 0.2065 0.4455 0.2065 0.4455 0.2065
238 338 204 342 0.4455 0.2065 0.2065 0.4455 0.4455 0.4455 0.2065 0.4455 0.4455 0.2065 0.2065 0.2065 0.4455 0.2065 0.2065 0.4455
338 204 342 221 0.4455 0.4455 0.2065 0.4455 0.4455 0.4455 0.2065 0.2065 0.2065 0.4455 0.4455 0.2065 0.2065 0.4455 0.4455 0.2065
204 342 221 193 0.2065 0.4455 0.2065 0.4455 0.2065 0.4455 0.2065 0.2065 0.2065 0.4455 0.2065 0.2065 0.2065 0.2065 0.4455 0.2065
342 221 193 236 0.2065 0.2065 0.2065 0.2065 0.4455 0.4455 0.2065 0.2065 0.2065 0.4455 0.2065 0.4455 0.2065 0.2065 0.4455 0.4455
221 193 236 145 0.2065 0.4455 0.4455 0.4455 0.4455 0.2065 0.2065 0.4455 0.2065 0.4455 0.2065 0.4455 0.2065 0.2065 0.4455 0.2065
193 236 145 218 0.4455 0.4455 0.4455 0.2065 0.4455 0.2065 0.2065 0.2065 0.2065 0.4455 0.2065 0.4455 0.2065 0.4455 0.4455 0.4455
236 145 218 064 0.4455 0.4455 0.4455 0.4455 0.2065 0.2065 0.4455 0.2065 0.2065 0.4455 0.2065 0.2065 0.4455 0.2065 0.4455 0.2065
145 218 064 142 0.4455 0.4455 0.2065 0.2065 0.2065 0.4455 0.2065 0.4455 0.2065 0.4455 0.4455 0.4455 0.4455 0.4455 0.2065 0.4455
218 064 142 105 0.4455 0.2065 0.4455 0.4455 0.2065 0.4455 0.4455 0.4455 0.4455 0.4455 0.4455 0.4455 0.4455 0.2065 0.4455 0.2065
064 142 105 012 0.4455 0.4455 0.4455 0.4455 0.4455 0.2065 0.2065 0.4455 0.4455 0.4455 0.2065 0.4455 0.2065 0.2065 0.4455 0.2065
142 105 012 318 0.4455 0.2065 0.2065 0.2065 0.4455 0.2065 0.4455 0.4455 0.2065 0.2065 0.4455 0.4455 0.4455 0.2065 0.2065 0.4455
105 012 318 091 0.4455 0.4455 0.2065 0.4455 0.2065 0.2065 0.4455 0.4455 0.2065 0.2065 0.4455 0.4455 0.2065 0.2065 0.4455 0.4455
012 318 091 045 0.2065 0.4455 0.2065 0.2065 0.2065 0.2065 0.2065 0.2065 0.4455 0.2065 0.2065 0.2065 0.4455 0.4455 0.4455 0.4455
318 091 045 280 0.4455 0.2065 0.4455 0.4455 0.4455 0.2065 0.2065 0.2065 0.4455 0.4455 0.2065 0.2065 0.4455 0.4455 0.4455 0.4455
091 045 280 141 0.4455 0.2065 0.4455 0.4455 0.2065 0.4455 0.4455 0.2065 0.4455 0.2065 0.4455 0.4455 0.4455 0.4455 0.2065 0.4455
045 280 141 139 0.2065 0.4455 0.4455 0.4455 0.4455 0.4455 0.2065 0.4455 0.4455 0.4455 0.2065 0.2065 0.2065 0.4455 0.4455 0.4455
280 141 139 009 0.2065 0.4455 0.2065 0.2065 0.2065 0.4455 0.4455 0.2065 0.2065 0.4455 0.4455 0.2065 0.2065 0.2065 0.2065 0.4455
141 139 009 186 0.4455 0.4455 0.2065 0.4455 0.2065 0.4455 0.2065 0.2065 0.2065 0.4455 0.2065 0.4455 0.2065 0.2065 0.4455 0.4455
139 009 186 096 0.2065 0.2065 0.2065 0.4455 0.4455 0.4455 0.2065 0.4455 0.4455 0.4455 0.4455 0.4455 0.4455 0.4455 0.4455 0.2065
009 186 096 283 0.4455 0.4455 0.4455 0.2065 0.4455 0.2065 0.2065 0.4455 0.4455 0.2065 0.2065 0.4455 0.4455 0.4455 0.4455 0.2065
186 096 283 315 0.4455 0.4455 0.4455 0.2065 0.2065 0.2065 0.2065 0.4455 0.2065 0.4455 0.2065 0.2065 0.4455 0.2065 0.4455 0.4455
096 283 315 038 0.4455 0.4455 0.2065 0.2065 0.2065 0.2065 0.2065 0.4455 0.4455 0.4455 0.2065 0.2065 0.2065 0.4455 0.4455 0.4455
283 315 038 130 0.2065 0.4455 0.2065 0.2065 0.4455 0.4455 0.2065 0.4455 0.2065 0.2065 0.2065 0.2065 0.2065 0.2065 0.4455 0.2065
315 038 130 265 0.4455 0.2065 0.2065 0.4455 0.4455 0.4455 0.4455 0.4455 0.2065 0.2065 0.4455 0.2065 0.2065 0.4455 0.2065 0.4455
038 130 265 175 0.4455 0.4455 0.2065 0.4455 0.2065 0.4455 0.4455 0.2065 0.4455 0.2065 0.4455 0.4455 0.2065 0.2065 0.2065 0.2065
130 265 175 118 0.4455 0.2065 0.4455 0.2065 0.2065 0.4455 0.4455 0.4455 0.4455 0.4455 0.4455 0.4455 0.4455 0.4455 0.2065 0.2065
265 175 118 330 0.4455 0.4455 0.4455 0.4455 0.4455 0.2065 0.4455 0.4455 0.4455 0.2065 0.4455 0.4455 0.2065 0.4455 0.2065 0.4455
175 118 330 187 0.2065 0.2065 0.2065 0.4455 0.4455 0.2065 0.4455 0.2065 0.2065 0.4455 0.2065 0.2065 0.2065 0.4455 0.4455 0.4455
118 330 187 333 0.2065 0.4455 0.4455 0.4455 0.4455 0.2065 0.4455 0.4455 0.2065 0.4455 0.4455 0.2065 0.4455 0.4455 0.2065 0.4455
330 187 333 150 0.2065 0.4455 0.4455 0.4455 0.2065 0.2065 0.4455 0.4455 0.2065 0.2065 0.2065 0.2065 0.2065 0.4455 0.4455 0.2065
187 333 150 129 0.2065 0.4455 0.4455 0.4455 0.2065 0.2065 0.2065 0.2065 0.2065 0.2065 0.2065 0.2065 0.4455 0.2065 0.2065 0.4455
333 150 129 174 0.4455 0.2065 0.4455 0.2065 0.4455 0.2065 0.2065 0.2065 0.4455 0.2065 0.4455 0.4455 0.4455 0.4455 0.2065 0.2065
150 129 174 197 0.4455 0.2065 0.4455 0.4455 0.4455 0.2065 0.2065 0.2065 0.4455 0.2065 0.4455 0.4455 0.4455 0.4455 0.4455 0.4455
129 174 197 030 0.2065 0.4455 0.2065 0.4455 0.2065 0.2065 0.4455 0.4455 0.2065 0.4455 0.2065 0.2065 0.4455 0.4455 0.2065 0.4455
174 197 030 032 0.2065 0.4455 0.4455 0.2065 0.4455 0.2065 0.4455 0.2065 0.4455 0.2065 0.4455 0.2065 0.2065 0.2065 0.4455 0.2065
197 030 032 065 0.2065 0.2065 0.2065 0.2065 0.2065 0.4455 0.4455 0.4455 0.4455 0.4455 0.4455 0.4455 0.2065 0.4455 0.2065 0.2065
030 032 065 212 0.2065 0.4455 0.4455 0.2065 0.4455 0.4455 0.4455 0.2065 0.2065 0.4455 0.2065 0.4455 0.2065 0.2065 0.4455 0.4455
032 065 212 015 0.4455 0.4455 0.4455 0.4455 0.4455 0.4455 0.2065 0.2065 0.4455 0.4455 0.2065 0.2065 0.2065 0.2065 0.2065 0.4455
065 212 015 336 0.2065 0.4455 0.2065 0.2065 0.2065 0.2065 0.2065 0.2065 0.2065 0.4455 0.4455 0.2065 0.4455 0.4455 0.2065 0.4455
212 015 336 252 0.2065 0.4455 0.2065 0.2065 0.2065 0.4455 0.4455 0.4455 0.2065 0.4455 0.4455 0.2065 0.4455 0.2065 0.2065 0.4455
015 336 252 332 0.2065 0.2065 0.4455 0.4455 0.2065 0.2065 0.2065 0.4455 0.4455 0.4455 0.4455 0.4455 0.2065 0.4455 0.2065 0.4455
336 252 332 246 0.2065 0.4455 0.4455 0.2065 0.4455 0.4455 0.4455 0.4455 0.4455 0.2065 0.4455 0.4455 0.4455 0.2065 0.2065 0.2065
252 332 246 322 0.2065 0.4455 0.4455 0.2065 0.2065 0.2065 0.2065 0.2065 0.2065 0.4455 0.2065 0.4455 0.2065 0.2065 0.2065 0.4455
332 246 322 095 0.2065 0.4455 0.2065 0.2065 0.2065 0.2065 0.4455 0.2065 0.2065 0.2065 0.4455 0.4455 0.2065 0.2065 0.4455 0.2065
246 322 095 092 0.2065 0.2065 0.4455 0.2065 0.2065 0.2065 0.4455 0.2065 0.2065 0.2065 0.4455 0.4455 0.4455 0.4455 0.2065 0.2065
322 095 092 215 0.2065 0.4455 0.4455 0.2065 0.4455 0.2065 0.4455 0.4455 0.4455 0.2065 0.2065 0.2065 0.4455 0.2065 0.2065 0.2065
095 092 215 230 0.2065 0.2065 0.2065 0.4455 0.4455 0.2065 0.4455 0.2065 0.4455 0.4455 0.4455 0.4455 0.4455 0.4455 0.2065 0.4455
092 215 230 301 0.4455 0.2065 0.4455 0.2065 0.2065 0.2065 0.2065 0.4455 0.4455 0.2065 0.2065 0.2065 0.2065 0.4455 0.4455 0.2065
215 230 301 321 0.4455 0.4455 0.4455 0.4455 0.4455 0.2065 0.2065 0.4455 0.4455 0.2065 0.4455 0.2065 0.4455 0.4455 0.4455 0.4455
230 301 321 207 0.2065 0.4455 0.2065 0.2065 0.4455 0.2065 0.2065 0.4455 0.4455 0.4455 0.2065 0.4455 0.4455 0.4455 0.4455 0.4455
301 321 207 028 0.4455 0.4455 0.2065 0.2065 0.2065 0.2065 0.2065 0.2065 0.4455 0.4455 0.2065 0.2065 0.2065 0.4455 0.4455 0.2065
321 207 028 109 0.4455 0.2065 0.2065 0.4455 0.4455 0.4455 0.4455 0.2065 0.2065 0.2065 0.4455 0.4455 0.4455 0.4455 0.2065 0.2065
207 028 109 235 0.4455 0.2065 0.2065 0.2065 0.4455 0.4455 0.4455 0.4455 0.4455 0.2065 0.2065 0.2065 0.4455 0.2065 0.2065 0.4455
028 109 235 122 0.2065 0.4455 0.2065 0.4455 0.4455 0.4455 0.2065 0.4455 0.2065 0.4455 0.4455 0.2065 0.4455 0.2065 0.4455 0.4455
109 235 122 022 0.4455 0.2065 0.2065 0.2065 0.4455 0.2065 0.4455 0.2065 0.4455 0.2065 0.2065 0.4455 0.4455 0.4455 0.2065 0.2065
235 122 022 110 0.2065 0.2065 0.4455 0.4455 0.2065 0.4455 0.4455 0.2065 0.4455 0.2065 0.4455 0.2065 0.4455 0.2065 0.4455 0.2065
122 022 110 071 0.2065 0.4455 0.2065 0.2065 0.4455 0.4455 0.2065 0.2065 0.4455 0.4455 0.4455 0.4455 0.4455 0.4455 0.4455 0.2065
022 110 071 211 0.4455 0.2065 0.2065 0.4455 0.2065 0.2065 0.2065 0.4455 0.4455 0.2065 0.4455 0.4455 0.2065 0.4455 0.4455 0.2065
110 071 211 254 0.4455 0.2065 0.4455 0.4455 0.2065 0.2065 0.2065 0.4455 0.4455 0.2065 0.2065 0.2065 0.2065 0.4455 0.4455 0.2065
071 211 254 159 0.2065 0.4455 0.4455 0.4455 0.2065 0.2065 0.2065 0.4455 0.4455 0.4455 0.2065 0.2065 0.2065 0.4455 0.4455 0.4455
211 254 159 075 0.4455 0.4455 0.2065 0.4455 0.4455 0.4455 0.2065 0.4455 0.2065 0.4455 0.4455 0.2065 0.2065 0.2065 0.2065 0.2065
254 159 075 035 0.4455 0.2065 0.2065 0.4455 0.2065 0.2065 0.2065 0.2065 0.2065 0.4455 0.4455 0.2065 0.2065 0.4455 0.2065 0.2065
159 075 035 154 0.4455 0.2065 0.4455 0.4455 0.2065 0.4455 0.4455 0.2065 0.2065 0.4455 0.4455 0.4455 0.4455 0.2065 0.2065 0.4455
075 035 154 080 0.4455 0.4455 0.2065 0.2065 0.4455 0.2065 0.2065 0.2065 0.4455 0.2065 0.2065 0.2065 0.4455 0.2065 0.4455 0.4455
035 154 080 248 0.2065 0.4455 0.4455 0.4455 0.2065 0.4455 0.2065 0.4455 0.2065 0.2065 0.4455 0.2065 0.2065 0.2065 0.4455 0.4455
154 080 248 088 0.4455 0.4455 0.4455 0.2065 0.4455 0.4455 0.4455 0.4455 0.4455 0.4455 0.2065 0.4455 0.4455 0.4455 0.2065 0.2065
080 248 088 258 0.4455 0.4455 0.4455 0.4455 0.4455 0.2065 0.2065 0.2065 0.4455 0.2065 0.4455 0.4455 0.2065 0.4455 0.4455 0.4455
248 088 258 352 0.2065 0.2065 0.2065 0.4455 0.2065 0.2065 0.4455 0.4455 0.4455 0.2065 0.4455 0.2065 0.4455 0.2065 0.2065 0.4455
088 258 352 351 0.4455 0.2065 0.2065 0.4455 0.4455 0.2065 0.2065 0.2065 0.2065 0.2065 0.2065 0.2065 0.4455 0.4455 0.2065 0.2065
258 352 351 013 0.4455 0.4455 0.2065 0.4455 0.2065 0.4455 0.2065 0.4455 0.4455 0.2065 0.4455 0.4455 0.4455 0.4455 0.2065 0.2065
352 351 013 341 0.4455 0.4455 0.4455 0.4455 0.4455 0.2065 0.4455 0.4455 0.2065 0.2065 0.4455 0.4455 0.4455 0.2065 0.2065 0.2065
351 013 341 089 0.2065 0.2065 0.2065 0.2065 0.4455 0.4455 0.2065 0.4455 0.2065 0.2065 0.2065 0.2065 0.2065 0.2065 0.2065 0.4455
013 341 089 127 0.2065 0.4455 0.4455 0.4455 0.2065 0.2065 0.4455 0.4455 0.2065 0.4455 0.2065 0.4455 0.2065 0.4455 0.2065 0.4455
341 089 127 219 0.2065 0.4455 0.2065 0.2065 0.2065 0.4455 0.4455 0.4455 0.2065 0.4455 0.2065 0.4455 0.2065 0.4455 0.2065 0.2065
089 127 219 310 0.2065 0.2065 0.4455 0.4455 0.2065 0.4455 0.4455 0.2065 0.2065 0.2065 0.2065 0.4455 0.2065 0.2065 0.2065 0.2065
127 219 310 136 0.4455 0.2065 0.2065 0.4455 0.2065 0.2065 0.2065 0.2065 0.2065 0.4455 0.4455 0.2065 0.2065 0.2065 0.4455 0.4455
219 310 136 279 0.2065 0.4455 0.4455 0.4455 0.4455 0.2065 0.2065 0.2065 0.2065 0.4455 0.4455 0.2065 0.4455 0.4455 0.2065 0.4455
310 136 279 162 0.2065 0.2065 0.2065 0.4455 0.2065 0.4455 0.4455 0.4455 0.2065 0.4455 0.2065 0.4455 0.2065 0.4455 0.2065 0.2065
136 279 162 090 0.2065 0.4455 0.2065 0.4455 0.2065 0.2065 0.4455 0.4455 0.4455 0.2065 0.2065 0.2065 0.4455 0.4455 0.2065 0.2065
279 162 090 264 0.4455 0.2065 0.2065 0.2065 0.4455 0.2065 0.4455 0.4455 0.4455 0.2065 0.4455 0.4455 0.2065 0.4455 0.2065 0.4455
162 090 264 311 0.2065 0.4455 0.2065 0.4455 0.4455 0.2065 0.4455 0.4455 0.2065 0.2065 0.2065 0.2065 0.4455 0.2065 0.4455 0.4455
090 264 311 097 0.2065 0.2065 0.4455 0.4455 0.2065 0.4455 0.2065 0.4455 0.4455 0.4455 0.4455 0.2065 0.4455 0.4455 0.2065 0.2065
264 311 097 288 0.4455 0.4455 0.4455 0.2065 0.4455 0.4455 0.2065 0.2065 0.4455 0.2065 0.2065 0.2065 0.2065 0.2065 0.2065 0.2065
311 097 288 044 0.4455 0.4455 0.4455 0.2065 0.4455 0.4455 0.2065 0.4455 0.4455 0.4455 0.4455 0.2065 0.4455 0.4455 0.4455 0.2065
097 288 044 257 0.4455 0.2065 0.4455 0.2065 0.2065 0.4455 0.4455 0.2065 0.4455 0.4455 0.2065 0.2065 0.4455 0.2065 0.2065 0.4455
288 044 257 034 0.4455 0.4455 0.4455 0.4455 0.2065 0.4455 0.4455 0.2065 0.4455 0.4455 0.4455 0.2065 0.2065 0.4455 0.2065 0.4455
044 257 034 112 0.4455 0.4455 0.2065 0.4455 0.4455 0.2065 0.2065 0.4455 0.4455 0.4455 0.4455 0.2065 0.4455 0.2065 0.2065 0.4455
257 034 112 185 0.4455 0.4455 0.4455 0.4455 0.4455 0.2065 0.2065 0.4455 0.2065 0.2065 0.2065 0.2065 0.2065 0.4455 0.2065 0.2065
034 112 185 070 0.2065 0.4455 0.4455 0.2065 0.2065 0.2065 0.2065 0.4455 0.2065 0.4455 0.4455 0.4455 0.2065 0.2065 0.2065 0.4455
112 185 070 016 0.4455 0.2065 0.4455 0.2065 0.2065 0.4455 0.2065 0.2065 0.2065 0.2065 0.2065 0.2065 0.4455 0.2065 0.2065 0.2065
185 070 016 156 0.4455 0.2065 0.4455 0.4455 0.4455 0.2065 0.2065 0.4455 0.2065 0.4455 0.2065 0.4455 0.4455 0.4455 0.4455 0.4455
070 016 156 240 0.2065 0.2065 0.2065 0.4455 0.2065 0.4455 0.2065 0.2065 0.2065 0.4455 0.4455 0.4455 0.2065 0.4455 0.2065 0.2065
016 156 240 267 0.4455 0.2065 0.4455 0.2065 0.2065 0.4455 0.2065 0.4455 0.4455 0.2065 0.2065 0.4455 0.4455 0.2065 0.4455 0.4455
156 240 267 353 0.4455 0.2065 0.2065 0.2065 0.2065 0.4455 0.4455 0.4455 0.2065 0.2065 0.2065 0.4455 0.4455 0.4455 0.2065 0.2065
240 267 353 062 0.4455 0.2065 0.4455 0.4455 0.4455 0.2065 0.4455 0.2065 0.2065 0.2065 0.4455 0.4455 0.4455 0.4455 0.2065 0.4455
267 353 062 350 0.2065 0.2065 0.4455 0.2065 0.4455 0.2065 0.4455 0.2065 0.2065 0.4455 0.4455 0.2065 0.4455 0.4455 0.2065 0.2065
353 062 350 302 0.4455 0.2065 0.4455 0.2065 0.4455 0.4455 0.4455 0.4455 0.4455 0.2065 0.4455 0.4455 0.2065 0.4455 0.4455 0.2065
062 350 302 011 0.2065 0.2065 0.4455 0.4455 0.2065 0.2065 0.2065 0.2065 0.2065 0.4455 0.2065 0.2065 0.2065 0.2065 0.2065 0.4455
350 302 011 147 0.4455 0.2065 0.4455 0.4455 0.4455 0.4455 0.2065 0.4455 0.4455 0.2065 0.4455 0.4455 0.2065 0.2065 0.2065 0.2065
302 011 147 177 0.4455 0.2065 0.4455 0.4455 0.4455 0.4455 0.2065 0.4455 0.2065 0.4455 0.4455 0.4455 0.4455 0.4455 0.2065 0.4455
011 147 177 262 0.4455 0.4455 0.2065 0.2065 0.2065 0.2065 0.4455 0.2065 0.2065 0.2065 0.2065 0.2065 0.4455 0.4455 0.4455 0.2065
147 177 262 033 0.4455 0.2065 0.4455 0.2065 0.4455 0.4455 0.4455 0.2065 0.2065 0.2065 0.2065 0.4455 0.4455 0.2065 0.2065 0.2065
177 262 033 107 0.4455 0.2065 0.4455 0.4455 0.4455 0.4455 0.2065 0.2065 0.4455 0.2065 0.2065 0.4455 0.2065 0.2065 0.2065 0.2065
262 033 107 200 0.2065 0.2065 0.4455 0.4455 0.4455 0.4455 0.2065 0.4455 0.2065 0.4455 0.4455 0.2065 0.2065 0.4455 0.2065 0.2065
033 107 200 275 0.2065 0.4455 0.2065 0.2065 0.4455 0.2065 0.2065 0.2065 0.2065 0.4455 0.2065 0.2065 0.2065 0.4455 0.4455 0.4455
107 200 275 170 0.4455 0.4455 0.4455 0.4455 0.2065 0.2065 0.2065 0.2065 0.4455 0.4455 0.2065 0.2065 0.4455 0.2065 0.2065 0.4455
200 275 170 206 0.4455 0.2065 0.4455 0.4455 0.2065 0.4455 0.4455 0.4455 0.4455 0.2065 0.4455 0.4455 0.2065 0.2065 0.4455 0.2065
275 170 206 297 0.2065 0.4455 0.4455 0.4455 0.2065 0.2065 0.4455 0.4455 0.4455 0.4455 0.4455 0.4455 0.4455 0.2065 0.4455 0.4455
170 206 297 349 0.2065 0.4455 0.2065 0.4455 0.2065 0.2065 0.4455 0.2065 0.2065 0.2065 0.2065 0.4455 0.2065 0.2065 0.2065 0.2065
206 297 349 231 0.4455 0.2065 0.4455 0.2065 0.4455 0.4455 0.2065 0.2065 0.2065 0.2065 0.4455 0.2065 0.4455 0.4455 0.2065 0.4455
297 349 231 055 0.2065 0.2065 0.2065 0.4455 0.2065 0.2065 0.2065 0.2065 0.4455 0.2065 0.2065 0.4455 0.4455 0.2065 0.2065 0.2065
349 231 055 316 0.2065 0.2065 0.2065 0.2065 0.4455 0.4455 0.2065 0.2065 0.2065 0.4455 0.4455 0.4455 0.4455 0.4455 0.2065 0.4455
231 055 316 143 0.4455 0.4455 0.2065 0.4455 0.4455 0.2065 0.2065 0.2065 0.4455 0.2065 0.4455 0.2065 0.4455 0.4455 0.2065 0.2065
055 316 143 066 0.4455 0.2065 0.2065 0.2065 0.2065 0.4455 0.2065 0.2065 0.2065 0.4455 0.2065 0.2065 0.4455 0.4455 0.2065 0.2065
316 143 066 051 0.2065 0.2065 0.4455 0.4455 0.2065 0.4455 0.4455 0.4455 0.4455 0.4455 0.2065 0.2065 0.2065 0.4455 0.4455 0.2065
143 066 051 138 0.2065 0.4455 0.2065 0.4455 0.4455 0.4455 0.2065 0.4455 0.4455 0.4455 0.2065 0.2065 0.4455 0.2065 0.2065 0.2065
066 051 138 282 0.2065 0.2065 0.4455 0.4455 0.2065 0.4455 0.4455 0.2065 0.2065 0.4455 0.4455 0.2065 0.2065 0.2065 0.2065 0.2065
051 138 282 082 0.2065 0.2065 0.4455 0.4455 0.2065 0.2065 0.2065 0.4455 0.4455 0.4455 0.2065 0.2065 0.4455 0.4455 0.2065 0.4455
138 282 082 292 0.4455 0.2065 0.4455 0.4455 0.4455 0.2065 0.2065 0.2065 0.4455 0.4455 0.4455 0.2065 0.4455 0.2065 0.2065 0.4455
282 082 292 251 0.2065 0.2065 0.2065 0.4455 0.4455 0.4455 0.2065 0.2065 0.4455 0.2065 0.4455 0.2065 0.4455 0.4455 0.2065 0.2065
082 292 251 041 0.2065 0.4455 0.2065 0.4455 0.2065 0.2065 0.4455 0.4455 0.4455 0.4455 0.2065 0.2065 0.4455 0.4455 0.4455 0.2065
292 251 041 063 0.2065 0.2065 0.4455 0.2065 0.4455 0.4455 0.2065 0.4455 0.2065 0.2065 0.2065 0.4455 0.2065 0.2065 0.4455 0.4455
251 041 063 128 0.2065 0.4455 0.4455 0.2065 0.4455 0.2065 0.4455 0.4455 0.2065 0.2065 0.2065 0.4455 0.4455 0.2065 0.4455 0.2065
041 063 128 296 0.2065 0.4455 0.4455 0.2065 0.4455 0.2065 0.4455 0.2065 0.2065 0.2065 0.2065 0.2065 0.4455 0.4455 0.2065 0.2065
063 128 296 276 0.2065 0.4455 0.2065 0.2065 0.4455 0.2065 0.4455 0.2065 0.4455 0.2065 0.2065 0.4455 0.2065 0.2065 0.2065 0.4455
128 296 276 003 0.2065 0.2065 0.2065 0.4455 0.2065 0.4455 0.4455 0.2065 0.4455 0.4455 0.4455 0.4455 0.4455 0.4455 0.4455 0.4455
296 276 003 347 0.4455 0.2065 0.4455 0.2065 0.2065 0.2065 0.2065 0.2065 0.4455 0.4455 0.2065 0.2065 0.2065 0.4455 0.4455 0.2065
276 003 347 335 0.2065 0.2065 0.2065 0.4455 0.4455 0.4455 0.4455 0.2065 0.4455 0.2065 0.4455 0.4455 0.2065 0.2065 0.2065 0.2065
003 347 335 014 0.4455 0.2065 0.4455 0.4455 0.2065 0.4455 0.4455 0.4455 0.2065 0.4455 0.4455 0.4455 0.2065 0.4455 0.2065 0.2065
347 335 014 171 0.4455 0.2065 0.4455 0.2065 0.2065 0.2065 0.4455 0.2065 0.2065 0.2065 0.4455 0.4455 0.4455 0.4455 0.2065 0.4455
335 014 171 001 0.4455 0.2065 0.2065 0.4455 0.4455 0.2065 0.4455 0.4455 0.4455 0.2065 0.4455 0.2065 0.4455 0.2065 0.4455 0.2065
014 171 001 181 0.2065 0.4455 0.2065 0.4455 0.4455 0.4455 0.2065 0.2065 0.2065 0.4455 0.2065 0.2065 0.2065 0.2065 0.4455 0.4455
171 001 181 010 0.4455 0.4455 0.2065 0.2065 0.2065 0.2065 0.4455 0.2065 0.2065 0.4455 0.4455 0.4455 0.4455 0.2065 0.4455 0.2065
001 181 010 306 0.4455 0.2065 0.4455 0.4455 0.4455 0.4455 0.2065 0.2065 0.2065 0.2065 0.4455 0.2065 0.2065 0.4455 0.2065 0.4455
181 010 306 259 0.4455 0.4455 0.2065 0.2065 0.2065 0.4455 0.4455 0.4455 0.2065 0.2065 0.4455 0.2065 0.2065 0.4455 0.4455 0.4455
010 306 259 058 0.4455 0.2065 0.2065 0.4455 0.2065 0.2065 0.4455 0.2065 0.4455 0.4455 0.4455 0.2065 0.4455 0.2065 0.2065 0.4455
306 259 058 343 0.2065 0.4455 0.2065 0.4455 0.4455 0.4455 0.2065 0.4455 0.2065 0.2065 0.4455 0.4455 0.4455 0.4455 0.4455 0.4455
259 058 343 047 0.2065 0.4455 0.2065 0.2065 0.2065 0.2065 0.4455 0.4455 0.4455 0.2065 0.4455 0.4455 0.4455 0.4455 0.4455 0.2065
058 343 047 018 0.2065 0.4455 0.2065 0.4455 0.2065 0.2065 0.2065 0.4455 0.2065 0.4455 0.2065 0.2065 0.2065 0.4455 0.2065 0.2065
343 047 018 227 0.4455 0.4455 0.2065 0.4455 0.2065 0.2065 0.4455 0.4455 0.2065 0.4455 0.4455 0.4455 0.4455 0.4455 0.4455 0.4455
047 018 227 277 0.4455 0.2065 0.2065 0.4455 0.2065 0.4455 0.2065 0.2065 0.2065 0.4455 0.4455 0.2065 0.4455 0.2065 0.4455 0.2065
018 227 277 188 0.2065 0.2065 0.4455 0.2065 0.2065 0.2065 0.4455 0.4455 0.2065 0.2065 0.2065 0.2065 0.2065 0.4455 0.4455 0.2065
227 277 188 182 0.2065 0.4455 0.2065 0.2065 0.2065 0.4455 0.4455 0.4455 0.2065 0.4455 0.4455 0.2065 0.4455 0.4455 0.2065 0.4455
277 188 182 042 0.4455 0.4455 0.4455 0.4455 0.4455 0.2065 0.2065 0.4455 0.4455 0.2065 0.4455 0.2065 0.4455 0.2065 0.2065 0.4455
188 182 042 307 0.4455 0.4455 0.2065 0.2065 0.2065 0.4455 0.4455 0.2065 0.2065 0.2065 0.2065 0.2065 0.2065 0.4455 0.2065 0.4455
182 042 307 194 0.4455 0.4455 0.2065 0.2065 0.2065 0.4455 0.2065 0.4455 0.4455 0.4455 0.4455 0.4455 0.4455 0.4455 0.2065 0.2065
042 307 194 261 0.2065 0.4455 0.4455 0.2065 0.2065 0.2065 0.2065 0.2065 0.2065 0.2065 0.4455 0.2065 0.2065 0.4455 0.2065 0.4455
307 194 261 317 0.2065 0.4455 0.4455 0.4455 0.2065 0.4455 0.2065 0.2065 0.2065 0.2065 0.2065 0.4455 0.2065 0.2065 0.4455 0.2065
194 261 317 217 0.2065 0.2065 0.2065 0.2065 0.2065 0.4455 0.4455 0.2065 0.4455 0.2065 0.4455 0.4455 0.4455 0.2065 0.2065 0.4455
261 317 217 111 0.2065 0.4455 0.4455 0.4455 0.2065 0.4455 0.2065 0.4455 0.4455 0.2065 0.2065 0.2065 0.4455 0.2065 0.4455 0.2065
317 217 111 180 0.2065 0.4455 0.4455 0.2065 0.2065 0.2065 0.2065 0.2065 0.4455 0.2065 0.2065 0.4455 0.2065 0.4455 0.2065 0.2065
217 111 180 046 0.2065 0.2065 0.2065 0.2065 0.2065 0.4455 0.4455 0.4455 0.2065 0.4455 0.2065 0.2065 0.2065 0.4455 0.2065 0.4455
111 180 046 314 0.4455 0.2065 0.2065 0.4455 0.2065 0.2065 0.2065 0.4455 0.4455 0.4455 0.2065 0.2065 0.4455 0.2065 0.4455 0.2065
180 046 314 163 0.4455 0.2065 0.4455 0.4455 0.4455 0.4455 0.2065 0.2065 0.4455 0.4455 0.4455 0.4455 0.4455 0.4455 0.4455 0.2065
046 314 163 286 0.4455 0.2065 0.2065 0.4455 0.4455 0.4455 0.2065 0.2065 0.4455 0.4455 0.2065 0.2065 0.2065 0.4455 0.2065 0.2065
314 163 286 256 0.4455 0.4455 0.4455 0.4455 0.4455 0.4455 0.4455 0.4455 0.2065 0.2065 0.4455 0.2065 0.2065 0.4455 0.4455 0.2065
163 286 256 102 0.4455 0.2065 0.4455 0.2065 0.4455 0.4455 0.2065 0.4455 0.4455 0.2065 0.2065 0.4455 0.4455 0.4455 0.4455 0.4455
286 256 102 334 0.2065 0.4455 0.4455 0.2065 0.2065 0.2065 0.2065 0.2065 0.4455 0.4455 0.2065 0.4455 0.4455 0.2065 0.4455 0.2065
256 102 334 054 0.4455 0.2065 0.4455 0.4455 0.2065 0.4455 0.2065 0.4455 0.2065 0.2065 0.2065 0.2065 0.2065 0.2065 0.2065 0.4455
102 334 054 303 0.4455 0.2065 0.2065 0.4455 0.2065 0.2065 0.4455 0.2065 0.4455 0.4455 0.2065 0.4455 0.2065 0.4455 0.2065 0.2065
334 054 303 269 0.4455 0.4455 0.2065 0.4455 0.2065 0.4455 0.2065 0.4455 0.4455 0.4455 0.2065 0.4455 0.2065 0.4455 0.4455 0.2065
054 303 269 191 0.4455 0.2065 0.2065 0.4455 0.4455 0.2065 0.2065 0.2065 0.2065 0.4455 0.2065 0.2065 0.4455 0.2065 0.4455 0.2065
303 269 191 173 0.2065 0.4455 0.4455 0.2065 0.2065 0.2065 0.2065 0.4455 0.2065 0.2065 0.4455 0.2065 0.4455 0.4455 0.4455 0.2065
269 191 173 184 0.4455 0.4455 0.4455 0.2065 0.2065 0.2065 0.2065 0.4455 0.2065 0.4455 0.2065 0.2065 0.2065 0.4455 0.2065 0.2065
191 173 184 324 0.4455 0.4455 0.2065 0.2065 0.2065 0.2065 0.2065 0.4455 0.2065 0.2065 0.4455 0.4455 0.4455 0.4455 0.4455 0.2065
173 184 324 178 0.4455 0.2065 0.2065 0.2065 0.2065 0.2065 0.2065 0.2065 0.4455 0.4455 0.2065 0.4455 0.4455 0.4455 0.2065 0.4455
184 324 178 234 0.4455 0.2065 0.2065 0.2065 0.4455 0.2065 0.2065 0.4455 0.2065 0.4455 0.2065 0.2065 0.4455 0.2065 0.4455 0.2065
324 178 234 295 0.2065 0.4455 0.4455 0.4455 0.2065 0.4455 0.4455 0.2065 0.2065 0.2065 0.2065 0.2065 0.2065 0.2065 0.2065 0.4455
178 234 295 268 0.2065 0.4455 0.4455 0.4455 0.4455 0.2065 0.4455 0.2065 0.4455 0.2065 0.2065 0.2065 0.4455 0.2065 0.4455 0.4455
234 295 268 074 0.2065 0.2065 0.4455 0.4455 0.4455 0.4455 0.2065 0.4455 0.4455 0.2065 0.4455 0.2065 0.2065 0.4455 0.2065 0.4455
295 268 074 146 0.4455 0.2065 0.2065 0.4455 0.2065 0.4455 0.2065 0.2065 0.4455 0.2065 0.4455 0.2065 0.4455 0.4455 0.2065 0.2065
268 074 146 232 0.4455 0.4455 0.2065 0.2065 0.4455 0.2065 0.2065 0.4455 0.4455 0.2065 0.4455 0.4455 0.2065 0.2065 0.4455 0.4455
074 146 232 346 0.4455 0.4455 0.4455 0.4455 0.4455 0.4455 0.4455 0.2065 0.2065 0.2065 0.4455 0.2065 0.4455 0.4455 0.4455 0.2065
146 232 346 320 0.4455 0.2065 0.4455 0.4455 0.2065 0.4455 0.4455 0.4455 0.2065 0.4455 0.2065 0.2065 0.4455 0.4455 0.2065 0.2065
232 346 320 094 0.4455 0.2065 0.2065 0.2065 0.4455 0.4455 0.4455 0.2065 0.4455 0.4455 0.4455 0.2065 0.2065 0.4455 0.4455 0.2065
346 320 094 060 0.4455 0.2065 0.2065 0.2065 0.2065 0.2065 0.4455 0.2065 0.2065 0.2065 0.4455 0.4455 0.4455 0.2065 0.4455 0.4455
320 094 060 021 0.4455 0.2065 0.2065 0.2065 0.2065 0.4455 0.2065 0.2065 0.4455 0.2065 0.2065 0.2065 0.4455 0.2065 0.4455 0.2065
094 060 021 158 0.2065 0.4455 0.2065 0.2065 0.2065 0.2065 0.2065 0.4455 0.2065 0.4455 0.4455 0.4455 0.2065 0.2065 0.2065 0.4455
060 021 158 209 0.2065 0.4455 0.4455 0.2065 0.2065 0.4455 0.4455 0.4455 0.2065 0.2065 0.2065 0.2065 0.2065 0.4455 0.4455 0.4455
021 158 209 085 0.2065 0.2065 0.2065 0.4455 0.2065 0.2065 0.4455 0.2065 0.4455 0.4455 0.2065 0.4455 0.4455 0.4455 0.4455 0.2065
158 209 085 076 0.2065 0.4455 0.4455 0.4455 0.4455 0.2065 0.4455 0.2065 0.2065 0.2065 0.4455 0.4455 0.4455 0.4455 0.2065 0.4455
209 085 076 348 0.2065 0.4455 0.4455 0.4455 0.2065 0.2065 0.2065 0.2065 0.4455 0.2065 0.4455 0.4455 0.2065 0.2065 0.2065 0.4455
085 076 348 101 0.2065 0.2065 0.4455 0.2065 0.4455 0.2065 0.4455 0.4455 0.2065 0.4455 0.4455 0.4455 0.2065 0.2065 0.2065 0.2065
076 348 101 068 0.2065 0.4455 0.2065 0.4455 0.2065 0.2065 0.4455 0.4455 0.2065 0.4455 0.4455 0.4455 0.4455 0.2065 0.2065 0.2065
348 101 068 123 0.2065 0.2065 0.2065 0.2065 0.2065 0.2065 0.2065 0.2065 0.2065 0.2065 0.4455 0.4455 0.4455 0.4455 0.4455 0.2065
101 068 123 024 0.2065 0.2065 0.2065 0.2065 0.4455 0.2065 0.4455 0.4455 0.2065 0.2065 0.2065 0.4455 0.2065 0.2065 0.2065 0.4455
068 123 024 328 0.2065 0.2065 0.4455 0.4455 0.4455 0.4455 0.4455 0.2065 0.2065 0.4455 0.2065 0.4455 0.4455 0.2065 0.2065 0.2065
123 024 328 263 0.4455 0.2065 0.4455 0.2065 0.4455 0.2065 0.4455 0.4455 0.4455 0.2065 0.4455 0.2065 0.2065 0.2065 0.2065 0.2065
024 328 263 057 0.4455 0.4455 0.2065 0.2065 0.2065 0.2065 0.2065 0.2065 0.4455 0.2065 0.4455 0.2065 0.2065 0.4455 0.4455 0.2065
328 263 057 059 0.2065 0.4455 0.4455 0.2065 0.4455 0.4455 0.4455 0.2065 0.2065 0.4455 0.2065 0.4455 0.4455 0.2065 0.4455 0.2065
263 057 059 120 0.4455 0.4455 0.4455 0.4455 0.4455 0.2065 0.4455 0.2065 0.4455 0.4455 0.2065 0.2065 0.4455 0.4455 0.2065 0.4455
057 059 120 114 0.2065 0.4455 0.2065 0.4455 0.4455 0.4455 0.2065 0.2065 0.4455 0.2065 0.4455 0.2065 0.2065 0.4455 0.2065 0.2065
059 120 114 144 0.2065 0.2065 0.2065 0.2065 0.4455 0.2065 0.2065 0.4455 0.2065 0.2065 0.2065 0.4455 0.4455 0.4455 0.2065 0.4455
120 114 144 155 0.2065 0.4455 0.4455 0.4455 0.4455 0.4455 0.4455 0.2065 0.4455 0.2065 0.4455 0.4455 0.4455 0.2065 0.2065 0.2065
114 144 155 000 0.2065 0.4455 0.2065 0.4455 0.4455 0.2065 0.4455 0.2065 0.4455 0.2065 0.4455 0.2065 0.4455 0.2065 0.4455 0.2065
144 155 000 086 0.4455 0.4455 0.4455 0.2065 0.4455 0.4455 0.4455 0.4455 0.2065 0.2065 0.2065 0.2065 0.4455 0.4455 0.4455 0.4455
155 000 086 291 0.4455 0.2065 0.4455 0.4455 0.4455 0.4455 0.2065 0.4455 0.4455 0.2065 0.2065 0.4455 0.4455 0.2065 0.2065 0.4455
000 086 291 031 0.2065 0.2065 0.4455 0.4455 0.4455 0.2065 0.2065 0.4455 0.4455 0.4455 0.4455 0.2065 0.4455 0.4455 0.2065 0.2065
086 291 031 079 0.4455 0.4455 0.2065 0.2065 0.4455 0.4455 0.2065 0.2065 0.4455 0.2065 0.4455 0.2065 0.4455 0.2065 0.4455 0.2065
291 031 079 072 0.4455 0.2065 0.4455 0.4455 0.4455 0.4455 0.2065 0.2065 0.4455 0.2065 0.2065 0.4455 0.4455 0.4455 0.2065 0.2065
031 079 072 048 0.4455 0.4455 0.2065 0.2065 0.4455 0.4455 0.4455 0.4455 0.4455 0.4455 0.2065 0.4455 0.4455 0.4455 0.2065 0.2065
079 072 048 137 0.4455 0.2065 0.4455 0.4455 0.2065 0.4455 0.4455 0.2065 0.2065 0.2065 0.2065 0.4455 0.2065 0.4455 0.4455 0.4455
072 048 137 081 0.2065 0.2065 0.2065 0.2065 0.2065 0.2065 0.2065 0.2065 0.2065 0.2065 0.4455 0.2065 0.2065 0.4455 0.4455 0.2065
048 137 081 067 0.4455 0.2065 0.2065 0.2065 0.2065 0.4455 0.4455 0.4455 0.4455 0.4455 0.2065 0.4455 0.2065 0.2065 0.2065 0.2065
137 081 067 223 0.2065 0.4455 0.2065 0.2065 0.4455 0.2065 0.2065 0.2065 0.2065 0.4455 0.4455 0.4455 0.2065 0.2065 0.4455 0.4455
081 067 223 299 0.2065 0.4455 0.4455 0.2065 0.2065 0.2065 0.4455 0.4455 0.2065 0.4455 0.2065 0.4455 0.4455 0.4455 0.2065 0.2065
067 223 299 266 0.4455 0.4455 0.4455 0.4455 0.2065 0.4455 0.4455 0.4455 0.2065 0.2065 0.2065 0.4455 0.2065 0.4455 0.4455 0.4455
223 299 266 354 0.2065 0.4455 0.2065 0.4455 0.4455 0.2065 0.4455 0.2065 0.2065 0.2065 0.4455 0.2065 0.4455 0.2065 0.2065 0.2065
299 266 354 172 0.4455 0.4455 0.4455 0.4455 0.4455 0.2065 0.2065 0.2065 0.4455 0.4455 0.4455 0.2065 0.2065 0.4455 0.4455 0.4455
266 354 172 220 0.2065 0.2065 0.4455 0.2065 0.4455 0.2065 0.4455 0.2065 0.4455 0.2065 0.2065 0.2065 0.4455 0.2065 0.4455 0.4455
354 172 220 027 0.4455 0.4455 0.2065 0.2065 0.2065 0.2065 0.2065 0.4455 0.2065 0.4455 0.4455 0.4455 0.4455 0.4455 0.4455 0.4455
172 220 027 337 0.2065 0.2065 0.4455 0.2065 0.2065 0.2065 0.4455 0.2065 0.4455 0.2065 0.2065 0.4455 0.4455 0.4455 0.4455 0.2065
220 027 337 126 0.2065 0.2065 0.2065 0.4455 0.4455 0.4455 0.2065 0.4455 0.4455 0.2065 0.4455 0.2065 0.2065 0.4455 0.2065 0.4455
027 337 126 084 0.4455 0.4455 0.2065 0.4455 0.4455 0.4455 0.4455 0.4455 0.4455 0.2065 0.4455 0.2065 0.4455 0.4455 0.2065 0.4455
337 126 084 179 0.4455 0.2065 0.2065 0.4455 0.4455 0.4455 0.2065 0.4455 0.2065 0.2065 0.2065 0.4455 0.4455 0.4455 0.2065 0.2065
126 084 179 243 0.4455 0.2065 0.2065 0.4455 0.4455 0.2065 0.2065 0.4455 0.4455 0.4455 0.4455 0.2065 0.2065 0.2065 0.4455 0.4455
084 179 243 327 0.2065 0.4455 0.4455 0.4455 0.4455 0.2065 0.2065 0.4455 0.4455 0.2065 0.2065 0.4455 0.2065 0.2065 0.4455 0.4455
179 243 327 293 0.2065 0.4455 0.4455 0.4455 0.2065 0.2065 0.4455 0.4455 0.4455 0.4455 0.4455 0.2065 0.4455 0.2065 0.2065 0.4455
243 327 293 104 0.4455 0.2065 0.4455 0.4455 0.2065 0.2065 0.4455 0.4455 0.2065 0.4455 0.4455 0.2065 0.4455 0.2065 0.2065 0.2065
327 293 104 005 0.4455 0.4455 0.4455 0.2065 0.2065 0.2065 0.2065 0.4455 0.4455 0.2065 0.2065 0.4455 0.4455 0.4455 0.4455 0.2065
293 104 005 169 0.4455 0.2065 0.2065 0.2065 0.2065 0.2065 0.2065 0.4455 0.4455 0.4455 0.2065 0.4455 0.2065 0.4455 0.2065 0.4455
104 005 169 249 0.4455 0.2065 0.2065 0.2065 0.2065 0.2065 0.4455 0.4455 0.2065 0.4455 0.2065 0.2065 0.4455 0.4455 0.4455 0.4455
005 169 249 233 0.2065 0.2065 0.4455 0.2065 0.2065 0.4455 0.2065 0.2065 0.2065 0.4455 0.4455 0.4455 0.2065 0.4455 0.4455 0.2065
169 249 233 325 0.2065 0.4455 0.4455 0.2065 0.2065 0.2065 0.4455 0.2065 0.4455 0.2065 0.2065 0.2065 0.4455 0.2065 0.2065 0.4455
249 233 325 229 0.4455 0.4455 0.2065 0.4455 0.4455 0.4455 0.4455 0.2065 0.4455 0.4455 0.4455 0.2065 0.4455 0.4455 0.2065 0.4455
233 325 229 326 0.2065 0.4455 0.4455 0.2065 0.2065 0.2065 0.2065 0.2065 0.4455 0.4455 0.2065 0.2065 0.4455 0.2065 0.2065 0.4455
325 229 326 069 0.2065 0.4455 0.4455 0.2065 0.4455 0.4455 0.2065 0.4455 0.2065 0.4455 0.2065 0.2065 0.2065 0.2065 0.2065 0.4455
229 326 069 119 0.2065 0.4455 0.4455 0.2065 0.2065 0.2065 0.2065 0.2065 0.2065 0.2065 0.2065 0.4455 0.2065 0.4455 0.4455 0.4455
326 069 119 166 0.2065 0.2065 0.4455 0.2065 0.4455 0.2065 0.2065 0.2065 0.4455 0.4455 0.4455 0.4455 0.2065 0.2065 0.2065 0.4455
069 119 166 002 0.4455 0.4455 0.2065 0.2065 0.2065 0.2065 0.4455 0.2065 0.2065 0.2065 0.2065 0.2065 0.2065 0.2065 0.2065 0.2065
119 166 002 245 0.4455 0.2065 0.2065 0.4455 0.4455 0.4455 0.4455 0.2065 0.4455 0.2065 0.4455 0.2065 0.4455 0.4455 0.4455 0.4455
166 002 245 133 0.4455 0.2065 0.2065 0.4455 0.4455 0.2065 0.4455 0.4455 0.4455 0.4455 0.2065 0.2065 0.4455 0.4455 0.4455 0.4455
002 245 133 192 0.4455 0.4455 0.2065 0.4455 0.2065 0.4455 0.2065 0.4455 0.4455 0.2065 0.2065 0.4455 0.2065 0.4455 0.2065 0.2065
245 133 192 198 0.2065 0.2065 0.2065 0.4455 0.2065 0.4455 0.4455 0.4455 0.2065 0.4455 0.2065 0.2065 0.4455 0.4455 0.2065 0.4455
133 192 198 216 0.4455 0.2065 0.4455 0.2065 0.2065 0.4455 0.2065 0.2065 0.2065 0.2065 0.4455 0.2065 0.2065 0.4455 0.4455 0.2065
192 198 216 228 0.2065 0.2065 0.4455 0.4455 0.2065 0.4455 0.2065 0.4455 0.4455 0.2065 0.2065 0.4455 0.2065 0.2065 0.4455 0.2065
198 216 228 255 0.2065 0.4455 0.4455 0.2065 0.2065 0.2065 0.2065 0.4455 0.2065 0.4455 0.2065 0.2065 0.2065 0.2065 0.4455 0.2065
216 228 255 199 0.4455 0.2065 0.4455 0.4455 0.2065 0.4455 0.4455 0.2065 0.4455 0.2065 0.2065 0.4455 0.2065 0.4455 0.4455 0.2065
228 255 199 040 0.4455 0.2065 0.2065 0.4455 0.4455 0.2065 0.4455 0.4455 0.4455 0.2065 0.2065 0.2065 0.2065 0.4455 0.2065 0.2065
255 199 040 099 0.4455 0.2065 0.4455 0.4455 0.2065 0.2065 0.2065 0.2065 0.4455 0.2065 0.4455 0.2065 0.4455 0.2065 0.4455 0.2065
199 040 099 157 0.4455 0.2065 0.4455 0.2065 0.4455 0.2065 0.2065 0.2065 0.2065 0.4455 0.2065 0.4455 0.2065 0.2065 0.4455 0.4455
040 099 157 189 0.2065 0.4455 0.4455 0.2065 0.2065 0.2065 0.4455 0.4455 0.4455 0.4455 0.2065 0.4455 0.4455 0.2065 0.2065 0.4455
099 157 189 284 0.4455 0.4455 0.4455 0.4455 0.4455 0.4455 0.2065 0.2065 0.4455 0.4455 0.2065 0.2065 0.4455 0.4455 0.4455 0.2065
157 189 284 134 0.2065 0.4455 0.2065 0.2065 0.4455 0.2065 0.4455 0.2065 0.4455 0.2065 0.2065 0.2065 0.2065 0.4455 0.2065 0.2065
189 284 134 053 0.2065 0.4455 0.4455 0.2065 0.2065 0.2065 0.2065 0.4455 0.4455 0.2065 0.2065 0.4455 0.2065 0.4455 0.2065 0.2065
284 134 053 300 0.2065 0.2065 0.2065 0.4455 0.2065 0.4455 0.2065 0.2065 0.4455 0.4455 0.2065 0.2065 0.4455 0.2065 0.4455 0.2065
134 053 300 323 0.2065 0.2065 0.4455 0.4455 0.4455 0.4455 0.4455 0.4455 0.2065 0.2065 0.2065 0.4455 0.4455 0.4455 0.2065 0.2065
053 300 323 152 0.4455 0.4455 0.2065 0.4455 0.4455 0.4455 0.4455 0.4455 0.2065 0.4455 0.2065 0.2065 0.4455 0.2065 0.4455 0.4455
300 323 152 176 0.2065 0.2065 0.4455 0.4455 0.2065 0.4455 0.2065 0.2065 0.2065 0.4455 0.2065 0.2065 0.2065 0.2065 0.4455 0.4455
323 152 176 247 0.4455 0.2065 0.4455 0.4455 0.4455 0.2065 0.2065 0.4455 0.2065 0.4455 0.2065 0.4455 0.4455 0.2065 0.2065 0.2065
152 176 247 108 0.4455 0.2065 0.2065 0.4455 0.4455 0.2065 0.4455 0.4455 0.4455 0.4455 0.4455 0.4455 0.2065 0.2065 0.4455 0.2065
176 247 108 242 0.4455 0.4455 0.2065 0.2065 0.2065 0.2065 0.4455 0.2065 0.4455 0.2065 0.2065 0.4455 0.4455 0.2065 0.2065 0.4455
247 108 242 309 0.2065 0.4455 0.2065 0.4455 0.2065 0.2065 0.4455 0.2065 0.4455 0.2065 0.2065 0.2065 0.2065 0.4455 0.4455 0.4455
108 242 309 098 0.4455 0.2065 0.4455 0.4455 0.2065 0.4455 0.4455 0.2065 0.4455 0.2065 0.4455 0.2065 0.4455 0.2065 0.2065 0.4455
242 309 098 270 0.2065 0.4455 0.2065 0.4455 0.4455 0.4455 0.2065 0.4455 0.2065 0.4455 0.4455 0.4455 0.4455 0.2065 0.4455 0.4455
309 098 270 274 0.2065 0.2065 0.4455 0.2065 0.2065 0.4455 0.2065 0.4455 0.4455 0.4455 0.4455 0.2065 0.4455 0.2065 0.4455 0.4455
098 270 274 004 0.4455 0.4455 0.4455 0.4455 0.4455 0.4455 0.4455 0.2065 0.4455 0.4455 0.2065 0.4455 0.2065 0.4455 0.2065 0.2065
270 274 004 116 0.4455 0.4455 0.4455 0.2065 0.2065 0.4455 0.4455 0.2065 0.4455 0.2065 0.4455 0.2065 0.4455 0.2065 0.4455 0.2065
274 004 116 131 0.2065 0.4455 0.2065 0.2065 0.4455 0.2065 0.4455 0.4455 0.4455 0.4455 0.4455 0.4455 0.2065 0.2065 0.2065 0.2065
004 116 131 339 0.2065 0.4455 0.4455 0.4455 0.2065 0.4455 0.2065 0.2065 0.2065 0.2065 0.2065 0.4455 0.2065 0.2065 0.2065 0.2065
116 131 339 260 0.4455 0.4455 0.2065 0.2065 0.2065 0.4455 0.4455 0.2065 0.2065 0.4455 0.4455 0.2065 0.4455 0.4455 0.2065 0.2065
131 339 260 132 0.2065 0.4455 0.2065 0.4455 0.4455 0.4455 0.4455 0.2065 0.4455 0.4455 0.4455 0.2065 0.2065 0.2065 0.2065 0.4455
339 260 132 226 0.2065 0.4455 0.4455 0.4455 0.2065 0.4455 0.2065 0.2065 0.2065 0.2065 0.2065 0.4455 0.2065 0.4455 0.4455 0.2065
260 132 226 077 0.2065 0.2065 0.2065 0.2065 0.2065 0.4455 0.4455 0.4455 0.4455 0.2065 0.4455 0.2065 0.4455 0.2065 0.2065 0.4455
132 226 077 285 0.4455 0.2065 0.2065 0.4455 0.2065 0.4455 0.2065 0.4455 0.4455 0.2065 0.2065 0.4455 0.4455 0.2065 0.2065 0.4455
226 077 285 113 0.4455 0.2065 0.2065 0.2065 0.2065 0.4455 0.4455 0.4455 0.2065 0.2065 0.4455 0.2065 0.4455 0.4455 0.2065 0.2065
077 285 113 078 0.4455 0.2065 0.4455 0.2065 0.2065 0.4455 0.2065 0.2065 0.4455 0.2065 0.2065 0.2065 0.4455 0.4455 0.2065 0.4455
285 113 078 026 0.4455 0.2065 0.4455 0.2065 0.4455 0.4455 0.2065 0.2065 0.4455 0.2065 0.2065 0.2065 0.2065 0.4455 0.2065 0.4455
113 078 026 210 0.2065 0.2065 0.4455 0.2065 0.2065 0.4455 0.4455 0.2065 0.2065 0.4455 0.4455 0.2065 0.2065 0.2065 0.4455 0.4455
078 026 210 100 0.2065 0.4455 0.2065 0.4455 0.4455 0.2065 0.4455 0.4455 0.4455 0.2065 0.2065 0.4455 0.2065 0.4455 0.2065 0.4455
026 210 100 124 0.4455 0.2065 0.2065 0.4455 0.4455 0.4455 0.2065 0.4455 0.4455 0.2065 0.2065 0.4455 0.2065 0.4455 0.4455 0.4455
210 100 124 056 0.2065 0.4455 0.4455 0.2065 0.4455 0.4455 0.4455 0.4455 0.2065 0.2065 0.2065 0.4455 0.4455 0.2065 0.2065 0.2065
100 124 056 278 0.2065 0.2065 0.2065 0.4455 0.4455 0.4455 0.4455 0.4455 0.2065 0.2065 0.4455 0.2065 0.2065 0.2065 0.4455 0.4455
124 056 278 037 0.2065 0.4455 0.2065 0.4455 0.4455 0.2065 0.4455 0.4455 0.2065 0.2065 0.2065 0.4455 0.4455 0.4455 0.4455 0.2065
056 278 037 355 0.4455 0.4455 0.4455 0.2065 0.2065 0.4455 0.2065 0.2065 0.2065 0.4455 0.4455 0.2065 0.4455 0.4455 0.4455 0.4455
278 037 355 149 0.2065 0.4455 0.4455 0.4455 0.2065 0.2065 0.4455 0.4455 0.4455 0.2065 0.4455 0.2065 0.4455 0.2065 0.2065 0.4455
037 355 149 305 0.2065 0.2065 0.2065 0.2065 0.2065 0.4455 0.2065 0.2065 0.2065 0.2065 0.2065 0.2065 0.2065 0.2065 0.2065 0.2065
355 149 305 039 0.4455 0.4455 0.4455 0.4455 0.2065 0.2065 0.4455 0.2065 0.4455 0.2065 0.4455 0.2065 0.2065 0.2065 0.4455 0.2065
149 305 039 202 0.2065 0.2065 0.2065 0.4455 0.4455 0.4455 0.4455 0.2065 0.2065 0.4455 0.4455 0.2065 0.2065 0.4455 0.4455 0.2065
305 039 202 017 0.4455 0.4455 0.4455 0.4455 0.4455 0.4455 0.4455 0.2065 0.2065 0.4455 0.4455 0.2065 0.4455 0.2065 0.4455 0.2065
039 202 017 106 0.2065 0.2065 0.4455 0.4455 0.4455 0.4455 0.4455 0.2065 0.4455 0.4455 0.2065 0.4455 0.2065 0.2065 0.2065 0.2065
202 017 106 164 0.4455 0.2065 0.2065 0.4455 0.4455 0.4455 0.2065 0.4455 0.2065 0.4455 0.4455 0.2065 0.4455 0.4455 0.4455 0.4455
017 106 164 020 0.2065 0.4455 0.2065 0.2065 0.4455 0.4455 0.2065 0.4455 0.2065 0.2065 0.2065 0.4455 0.2065 0.2065 0.4455 0.2065
106 164 020 272 0.2065 0.2065 0.4455 0.2065 0.2065 0.2065 0.4455 0.4455 0.4455 0.4455 0.4455 0.2065 0.2065 0.4455 0.2065 0.2065
164 020 272 344 0.4455 0.4455 0.2065 0.2065 0.2065 0.4455 0.2065 0.2065 0.2065 0.2065 0.4455 0.4455 0.4455 0.4455 0.4455 0.4455
020 272 344 050 0.2065 0.4455 0.4455 0.2065 0.4455 0.2065 0.2065 0.2065 0.2065 0.2065 0.2065 0.4455 0.4455 0.4455 0.2065 0.2065
272 344 050 331 0.4455 0.2065 0.4455 0.2065 0.4455 0.4455 0.4455 0.4455 0.4455 0.4455 0.4455 0.4455 0.2065 0.4455 0.2065 0.4455
344 050 331 287 0.4455 0.2065 0.2065 0.2065 0.4455 0.2065 0.2065 0.4455 0.4455 0.2065 0.4455 0.2065 0.4455 0.2065 0.4455 0.4455
050 331 287 153 0.2065 0.4455 0.4455 0.4455 0.2065 0.2065 0.2065 0.2065 0.4455 0.2065 0.2065 0.4455 0.4455 0.2065 0.2065 0.2065
331 287 153 167 0.2065 0.4455 0.2065 0.4455 0.4455 0.4455 0.2065 0.2065 0.4455 0.2065 0.2065 0.2065 0.2065 0.4455 0.4455 0.4455
287 153 167 117 0.4455 0.4455 0.2065 0.4455 0.2065 0.2065 0.4455 0.2065 0.2065 0.4455 0.2065 0.4455 0.2065 0.2065 0.2065 0.4455
153 167 117 008 0.4455 0.2065 0.4455 0.4455 0.2065 0.4455 0.4455 0.2065 0.2065 0.2065 0.4455 0.2065 0.4455 0.4455 0.2065 0.4455
167 117 008 237 0.4455 0.2065 0.2065 0.4455 0.4455 0.2065 0.2065 0.4455 0.4455 0.2065 0.4455 0.4455 0.4455 0.4455 0.2065 0.4455
117 008 237 304 0.2065 0.4455 0.2065 0.2065 0.2065 0.4455 0.4455 0.4455 0.4455 0.2065 0.2065 0.4455 0.4455 0.2065 0.2065 0.4455
008 237 304 281 0.4455 0.4455 0.4455 0.4455 0.4455 0.2065 0.2065 0.4455 0.4455 0.4455 0.2065 0.2065 0.4455 0.4455 0.2065 0.2065
237 304 281 125 0.2065 0.2065 0.4455 0.4455 0.2065 0.4455 0.4455 0.2065 0.2065 0.2065 0.4455 0.2065 0.2065 0.2065 0.4455 0.4455
304 281 125 273 0.4455 0.4455 0.4455 0.2065 0.4455 0.2065 0.4455 0.2065 0.2065 0.2065 0.4455 0.2065 0.2065 0.4455 0.2065 0.4455
281 125 273 052 0.4455 0.2065 0.4455 0.2065 0.4455 0.2065 0.4455 0.4455 0.4455 0.4455 0.2065 0.4455 0.2065 0.2065 0.2065 0.4455
