356 031684 3
307 204 345 285 0.6160 0.7329 0.7329 0.7329 0.7329 0.7329 0.7329 0.6160 0.6160 0.7329 0.7329 0.6160 0.7329 0.6160 0.7329 0.7329
204 345 285 198 0.6160 0.7329 0.7329 0.7329 0.6160 0.6160 0.7329 0.7329 0.6160 0.6160 0.7329 0.6160 0.6160 0.6160 0.6160 0.7329
345 285 198 328 0.7329 0.6160 0.6160 0.6160 0.7329 0.6160 0.6160 0.7329 0.6160 0.7329 0.6160 0.6160 0.6160 0.6160 0.7329 0.7329
285 198 328 256 0.7329 0.7329 0.6160 0.6160 0.7329 0.6160 0.7329 0.6160 0.7329 0.6160 0.7329 0.7329 0.7329 0.6160 0.6160 0.6160
198 328 256 045 0.6160 0.6160 0.6160 0.7329 0.7329 0.7329 0.6160 0.6160 0.6160 0.7329 0.7329 0.7329 0.7329 0.7329 0.6160 0.7329
328 256 045 330 0.6160 0.7329 0.7329 0.6160 0.7329 0.6160 0.7329 0.6160 0.7329 0.6160 0.6160 0.7329 0.7329 0.7329 0.7329 0.6160
256 045 330 339 0.6160 0.7329 0.7329 0.7329 0.7329 0.7329 0.6160 0.6160 0.7329 0.6160 0.6160 0.7329 0.6160 0.6160 0.6160 0.6160
045 330 339 267 0.7329 0.6160 0.7329 0.6160 0.6160 0.7329 0.6160 0.7329 0.7329 0.7329 0.7329 0.7329 0.7329 0.6160 0.6160 0.7329
330 339 267 303 0.6160 0.7329 0.7329 0.7329 0.7329 0.6160 0.6160 0.7329 0.6160 0.7329 0.6160 0.6160 0.7329 0.6160 0.6160 0.6160
339 267 303 215 0.7329 0.6160 0.6160 0.6160 0.6160 0.6160 0.7329 0.6160 0.7329 0.6160 0.6160 0.6160 0.7329 0.6160 0.6160 0.6160
267 303 215 214 0.7329 0.6160 0.6160 0.6160 0.6160 0.6160 0.7329 0.7329 0.7329 0.6160 0.6160 0.7329 0.7329 0.7329 0.7329 0.7329
303 215 214 136 0.7329 0.6160 0.7329 0.7329 0.7329 0.6160 0.7329 0.7329 0.7329 0.7329 0.6160 0.7329 0.6160 0.7329 0.7329 0.7329
215 214 136 261 0.7329 0.7329 0.6160 0.7329 0.6160 0.7329 0.7329 0.6160 0.7329 0.6160 0.6160 0.6160 0.7329 0.6160 0.6160 0.7329
214 136 261 033 0.7329 0.6160 0.6160 0.7329 0.6160 0.7329 0.7329 0.7329 0.7329 0.7329 0.6160 0.6160 0.7329 0.7329 0.6160 0.6160
136 261 033 101 0.6160 0.7329 0.7329 0.7329 0.7329 0.6160 0.6160 0.7329 0.6160 0.6160 0.7329 0.7329 0.7329 0.6160 0.6160 0.6160
261 033 101 304 0.6160 0.7329 0.6160 0.7329 0.7329 0.6160 0.6160 0.7329 0.7329 0.7329 0.7329 0.6160 0.6160 0.7329 0.6160 0.6160
033 101 304 243 0.6160 0.6160 0.6160 0.6160 0.6160 0.6160 0.6160 0.7329 0.7329 0.6160 0.6160 0.7329 0.7329 0.7329 0.7329 0.7329
101 304 243 134 0.6160 0.6160 0.6160 0.6160 0.6160 0.7329 0.7329 0.7329 0.6160 0.7329 0.7329 0.7329 0.6160 0.6160 0.7329 0.7329
304 243 134 151 0.7329 0.7329 0.6160 0.6160 0.6160 0.6160 0.6160 0.7329 0.7329 0.6160 0.6160 0.6160 0.7329 0.7329 0.6160 0.6160
243 134 151 340 0.7329 0.6160 0.6160 0.6160 0.6160 0.6160 0.7329 0.6160 0.6160 0.7329 0.7329 0.6160 0.6160 0.7329 0.6160 0.7329
134 151 340 221 0.6160 0.6160 0.7329 0.6160 0.7329 0.6160 0.7329 0.7329 0.7329 0.6160 0.7329 0.6160 0.7329 0.7329 0.7329 0.6160
151 340 221 306 0.7329 0.6160 0.7329 0.7329 0.7329 0.7329 0.6160 0.7329 0.6160 0.7329 0.6160 0.6160 0.6160 0.7329 0.6160 0.7329
340 221 306 320 0.7329 0.7329 0.6160 0.7329 0.7329 0.6160 0.6160 0.6160 0.6160 0.6160 0.7329 0.7329 0.7329 0.7329 0.7329 0.6160
221 306 320 246 0.7329 0.6160 0.7329 0.6160 0.7329 0.7329 0.7329 0.7329 0.6160 0.7329 0.6160 0.7329 0.6160 0.6160 0.7329 0.7329
306 320 246 150 0.7329 0.6160 0.7329 0.7329 0.7329 0.6160 0.6160 0.7329 0.6160 0.7329 0.7329 0.6160 0.7329 0.7329 0.6160 0.6160
320 246 150 029 0.6160 0.6160 0.6160 0.6160 0.6160 0.7329 0.6160 0.6160 0.6160 0.6160 0.7329 0.6160 0.7329 0.6160 0.6160 0.6160
246 150 029 296 0.7329 0.6160 0.7329 0.6160 0.7329 0.7329 0.7329 0.6160 0.7329 0.6160 0.7329 0.7329 0.6160 0.6160 0.7329 0.6160
150 029 296 196 0.7329 0.6160 0.6160 0.6160 0.6160 0.7329 0.6160 0.7329 0.7329 0.7329 0.7329 0.6160 0.6160 0.7329 0.6160 0.7329
029 296 196 175 0.6160 0.7329 0.6160 0.7329 0.7329 0.6160 0.6160 0.7329 0.6160 0.7329 0.6160 0.6160 0.6160 0.7329 0.7329 0.6160
296 196 175 080 0.7329 0.7329 0.6160 0.6160 0.7329 0.6160 0.7329 0.7329 0.7329 0.7329 0.7329 0.6160 0.7329 0.6160 0.6160 0.6160
196 175 080 003 0.6160 0.6160 0.7329 0.6160 0.6160 0.7329 0.7329 0.6160 0.7329 0.6160 0.7329 0.7329 0.6160 0.6160 0.7329 0.6160
175 080 003 205 0.7329 0.6160 0.7329 0.7329 0.6160 0.7329 0.7329 0.6160 0.7329 0.6160 0.7329 0.6160 0.7329 0.6160 0.6160 0.6160
080 003 205 235 0.6160 0.6160 0.6160 0.7329 0.6160 0.7329 0.7329 0.6160 0.7329 0.6160 0.7329 0.7329 0.6160 0.7329 0.6160 0.6160
003 205 235 035 0.6160 0.6160 0.6160 0.7329 0.7329 0.7329 0.7329 0.7329 0.6160 0.6160 0.6160 0.6160 0.7329 0.6160 0.7329 0.7329
205 235 035 040 0.7329 0.6160 0.7329 0.7329 0.7329 0.7329 0.7329 0.7329 0.7329 0.7329 0.7329 0.7329 0.7329 0.6160 0.7329 0.6160
235 035 040 254 0.7329 0.6160 0.6160 0.6160 0.7329 0.7329 0.7329 0.6160 0.7329 0.6160 0.7329 0.6160 0.7329 0.6160 0.6160 0.7329
035 040 254 110 0.7329 0.6160 0.7329 0.7329 0.6160 0.6160 0.6160 0.6160 0.6160 0.6160 0.6160 0.6160 0.7329 0.7329 0.6160 0.7329
040 254 110 128 0.6160 0.6160 0.7329 0.6160 0.6160 0.7329 0.6160 0.7329 0.6160 0.7329 0.6160 0.7329 0.6160 0.6160 0.7329 0.6160
254 110 128 293 0.6160 0.7329 0.7329 0.6160 0.7329 0.7329 0.7329 0.6160 0.6160 0.7329 0.6160 0.7329 0.6160 0.6160 0.7329 0.6160
110 128 293 288 0.6160 0.6160 0.7329 0.7329 0.6160 0.7329 0.6160 0.7329 0.7329 0.7329 0.6160 0.7329 0.6160 0.7329 0.7329 0.6160
128 293 288 193 0.7329 0.6160 0.6160 0.7329 0.7329 0.6160 0.7329 0.7329 0.7329 0.6160 0.6160 0.7329 0.6160 0.7329 0.7329 0.7329
293 288 193 153 0.6160 0.6160 0.6160 0.6160 0.6160 0.7329 0.6160 0.7329 0.7329 0.7329 0.6160 0.6160 0.7329 0.7329 0.7329 0.6160
288 193 153 148 0.6160 0.7329 0.7329 0.7329 0.6160 0.7329 0.6160 0.6160 0.6160 0.7329 0.6160 0.7329 0.7329 0.6160 0.7329 0.6160
193 153 148 217 0.7329 0.6160 0.6160 0.6160 0.6160 0.7329 0.6160 0.6160 0.7329 0.6160 0.7329 0.6160 0.6160 0.6160 0.7329 0.6160
153 148 217 156 0.7329 0.6160 0.7329 0.7329 0.7329 0.6160 0.6160 0.7329 0.7329 0.6160 0.7329 0.7329 0.6160 0.6160 0.7329 0.6160
148 217 156 024 0.7329 0.7329 0.7329 0.6160 0.6160 0.6160 0.6160 0.6160 0.7329 0.6160 0.7329 0.7329 0.7329 0.7329 0.7329 0.7329
217 156 024 056 0.6160 0.7329 0.7329 0.6160 0.7329 0.6160 0.6160 0.7329 0.6160 0.7329 0.6160 0.7329 0.6160 0.7329 0.7329 0.7329
156 024 056 316 0.6160 0.7329 0.6160 0.7329 0.7329 0.6160 0.7329 0.7329 0.7329 0.6160 0.7329 0.6160 0.7329 0.6160 0.7329 0.6160
024 056 316 145 0.7329 0.7329 0.6160 0.7329 0.7329 0.6160 0.7329 0.6160 0.7329 0.6160 0.6160 0.7329 0.7329 0.6160 0.6160 0.7329
056 316 145 116 0.7329 0.6160 0.6160 0.7329 0.6160 0.7329 0.6160 0.6160 0.6160 0.6160 0.6160 0.7329 0.6160 0.7329 0.7329 0.6160
316 145 116 237 0.6160 0.6160 0.6160 0.6160 0.6160 0.6160 0.6160 0.7329 0.6160 0.7329 0.6160 0.6160 0.7329 0.6160 0.7329 0.7329
145 116 237 355 0.7329 0.7329 0.6160 0.6160 0.7329 0.7329 0.6160 0.6160 0.7329 0.7329 0.7329 0.6160 0.6160 0.6160 0.7329 0.6160
116 237 355 342 0.7329 0.7329 0.6160 0.6160 0.6160 0.6160 0.7329 0.6160 0.7329 0.7329 0.7329 0.7329 0.6160 0.7329 0.6160 0.6160
237 355 342 058 0.7329 0.7329 0.6160 0.6160 0.7329 0.6160 0.7329 0.6160 0.7329 0.7329 0.6160 0.7329 0.6160 0.7329 0.6160 0.7329
355 342 058 152 0.7329 0.6160 0.6160 0.7329 0.6160 0.6160 0.7329 0.6160 0.7329 0.6160 0.7329 0.7329 0.7329 0.6160 0.7329 0.6160
342 058 152 047 0.7329 0.7329 0.7329 0.7329 0.7329 0.6160 0.6160 0.7329 0.7329 0.7329 0.6160 0.7329 0.7329 0.7329 0.6160 0.6160
058 152 047 282 0.6160 0.7329 0.7329 0.7329 0.6160 0.7329 0.7329 0.6160 0.7329 0.6160 0.7329 0.6160 0.6160 0.6160 0.7329 0.6160
152 047 282 240 0.6160 0.6160 0.7329 0.6160 0.6160 0.7329 0.7329 0.6160 0.6160 0.7329 0.7329 0.6160 0.7329 0.7329 0.7329 0.6160
047 282 240 203 0.6160 0.6160 0.7329 0.6160 0.6160 0.7329 0.6160 0.7329 0.6160 0.6160 0.7329 0.7329 0.7329 0.7329 0.7329 0.6160
282 240 203 161 0.7329 0.6160 0.7329 0.6160 0.7329 0.7329 0.6160 0.7329 0.7329 0.7329 0.6160 0.6160 0.6160 0.6160 0.7329 0.6160
240 203 161 202 0.6160 0.6160 0.7329 0.6160 0.7329 0.7329 0.6160 0.6160 0.7329 0.6160 0.6160 0.6160 0.6160 0.7329 0.7329 0.7329
203 161 202 127 0.6160 0.7329 0.7329 0.6160 0.7329 0.7329 0.7329 0.7329 0.7329 0.7329 0.7329 0.6160 0.7329 0.7329 0.7329 0.7329
161 202 127 140 0.7329 0.6160 0.7329 0.6160 0.6160 0.6160 0.7329 0.6160 0.7329 0.6160 0.6160 0.6160 0.6160 0.7329 0.7329 0.6160
202 127 140 171 0.6160 0.6160 0.6160 0.7329 0.7329 0.6160 0.7329 0.6160 0.6160 0.7329 0.7329 0.7329 0.7329 0.6160 0.7329 0.6160
127 140 171 141 0.6160 0.7329 0.7329 0.6160 0.7329 0.6160 0.6160 0.6160 0.6160 0.7329 0.6160 0.7329 0.6160 0.7329 0.6160 0.6160
140 171 141 007 0.7329 0.7329 0.6160 0.6160 0.6160 0.7329 0.6160 0.7329 0.6160 0.7329 0.7329 0.6160 0.7329 0.7329 0.6160 0.7329
171 141 007 223 0.7329 0.6160 0.6160 0.6160 0.6160 0.6160 0.6160 0.7329 0.6160 0.7329 0.6160 0.6160 0.7329 0.7329 0.7329 0.7329
141 007 223 176 0.6160 0.7329 0.6160 0.7329 0.7329 0.7329 0.7329 0.6160 0.7329 0.6160 0.7329 0.6160 0.7329 0.7329 0.6160 0.7329
007 223 176 190 0.7329 0.6160 0.6160 0.7329 0.6160 0.6160 0.6160 0.6160 0.7329 0.7329 0.7329 0.6160 0.7329 0.6160 0.6160 0.6160
223 176 190 325 0.7329 0.6160 0.7329 0.7329 0.7329 0.7329 0.6160 0.6160 0.7329 0.6160 0.6160 0.6160 0.6160 0.6160 0.6160 0.7329
176 190 325 174 0.7329 0.7329 0.6160 0.7329 0.6160 0.6160 0.6160 0.7329 0.7329 0.7329 0.7329 0.6160 0.7329 0.6160 0.7329 0.7329
190 325 174 010 0.6160 0.7329 0.7329 0.6160 0.7329 0.7329 0.7329 0.7329 0.7329 0.6160 0.6160 0.7329 0.7329 0.6160 0.6160 0.6160
325 174 010 009 0.6160 0.6160 0.6160 0.6160 0.7329 0.7329 0.7329 0.6160 0.6160 0.7329 0.6160 0.7329 0.7329 0.7329 0.7329 0.7329
174 010 009 051 0.6160 0.7329 0.6160 0.6160 0.6160 0.6160 0.6160 0.7329 0.6160 0.6160 0.6160 0.6160 0.6160 0.7329 0.7329 0.7329
010 009 051 067 0.6160 0.7329 0.7329 0.7329 0.7329 0.6160 0.6160 0.7329 0.6160 0.7329 0.7329 0.6160 0.6160 0.7329 0.6160 0.6160
009 051 067 290 0.6160 0.7329 0.6160 0.6160 0.6160 0.6160 0.7329 0.6160 0.7329 0.7329 0.6160 0.7329 0.7329 0.7329 0.7329 0.7329
051 067 290 117 0.6160 0.7329 0.7329 0.6160 0.6160 0.7329 0.6160 0.6160 0.6160 0.7329 0.6160 0.7329 0.6160 0.7329 0.7329 0.6160
067 290 117 210 0.7329 0.7329 0.7329 0.7329 0.6160 0.7329 0.6160 0.7329 0.7329 0.6160 0.7329 0.6160 0.6160 0.7329 0.6160 0.6160
290 117 210 346 0.7329 0.7329 0.7329 0.7329 0.6160 0.7329 0.6160 0.6160 0.7329 0.7329 0.6160 0.6160 0.7329 0.7329 0.6160 0.6160
117 210 346 066 0.6160 0.7329 0.6160 0.6160 0.7329 0.6160 0.6160 0.7329 0.6160 0.6160 0.7329 0.6160 0.6160 0.6160 0.6160 0.7329
210 346 066 263 0.7329 0.6160 0.7329 0.7329 0.7329 0.6160 0.7329 0.7329 0.7329 0.6160 0.6160 0.6160 0.7329 0.7329 0.7329 0.7329
346 066 263 016 0.7329 0.7329 0.6160 0.7329 0.7329 0.6160 0.7329 0.6160 0.7329 0.7329 0.6160 0.7329 0.6160 0.6160 0.6160 0.6160
066 263 016 269 0.7329 0.6160 0.6160 0.7329 0.7329 0.6160 0.6160 0.7329 0.7329 0.7329 0.7329 0.6160 0.7329 0.6160 0.6160 0.7329
263 016 269 142 0.6160 0.6160 0.6160 0.7329 0.7329 0.7329 0.6160 0.7329 0.7329 0.7329 0.7329 0.7329 0.7329 0.7329 0.6160 0.7329
016 269 142 119 0.6160 0.7329 0.7329 0.7329 0.7329 0.7329 0.7329 0.6160 0.7329 0.7329 0.7329 0.6160 0.6160 0.6160 0.6160 0.6160
269 142 119 268 0.6160 0.7329 0.7329 0.7329 0.6160 0.6160 0.6160 0.6160 0.6160 0.6160 0.6160 0.7329 0.6160 0.6160 0.7329 0.7329
142 119 268 012 0.6160 0.6160 0.6160 0.6160 0.7329 0.6160 0.7329 0.7329 0.6160 0.6160 0.7329 0.6160 0.7329 0.6160 0.7329 0.6160
119 268 012 118 0.6160 0.6160 0.6160 0.7329 0.6160 0.7329 0.7329 0.7329 0.6160 0.6160 0.7329 0.6160 0.7329 0.6160 0.7329 0.6160
268 012 118 239 0.7329 0.7329 0.6160 0.7329 0.6160 0.7329 0.6160 0.7329 0.7329 0.6160 0.7329 0.6160 0.6160 0.6160 0.7329 0.7329
012 118 239 114 0.7329 0.6160 0.7329 0.7329 0.6160 0.7329 0.6160 0.6160 0.7329 0.7329 0.7329 0.6160 0.7329 0.6160 0.7329 0.7329
118 239 114 229 0.6160 0.7329 0.7329 0.6160 0.6160 0.7329 0.7329 0.6160 0.6160 0.6160 0.7329 0.7329 0.7329 0.7329 0.7329 0.6160
239 114 229 060 0.6160 0.6160 0.7329 0.6160 0.6160 0.6160 0.7329 0.7329 0.7329 0.6160 0.7329 0.6160 0.6160 0.6160 0.7329 0.7329
114 229 060 099 0.6160 0.7329 0.6160 0.7329 0.7329 0.7329 0.6160 0.6160 0.7329 0.6160 0.6160 0.7329 0.6160 0.7329 0.7329 0.7329
229 060 099 160 0.6160 0.7329 0.7329 0.6160 0.6160 0.7329 0.6160 0.7329 0.6160 0.7329 0.6160 0.6160 0.6160 0.7329 0.6160 0.6160
060 099 160 352 0.7329 0.7329 0.6160 0.7329 0.7329 0.6160 0.7329 0.7329 0.6160 0.7329 0.7329 0.7329 0.7329 0.6160 0.6160 0.7329
099 160 352 321 0.7329 0.6160 0.7329 0.7329 0.7329 0.7329 0.7329 0.7329 0.6160 0.7329 0.7329 0.7329 0.7329 0.6160 0.7329 0.6160
160 352 321 022 0.7329 0.6160 0.7329 0.6160 0.6160 0.6160 0.6160 0.6160 0.7329 0.6160 0.6160 0.6160 0.6160 0.7329 0.7329 0.7329
352 321 022 036 0.7329 0.7329 0.6160 0.7329 0.7329 0.6160 0.6160 0.7329 0.7329 0.7329 0.7329 0.6160 0.6160 0.7329 0.7329 0.7329
321 022 036 159 0.7329 0.7329 0.6160 0.7329 0.7329 0.7329 0.7329 0.6160 0.6160 0.6160 0.7329 0.6160 0.6160 0.7329 0.6160 0.7329
022 036 159 093 0.7329 0.6160 0.7329 0.6160 0.7329 0.6160 0.6160 0.7329 0.6160 0.7329 0.6160 0.7329 0.7329 0.6160 0.6160 0.7329
036 159 093 077 0.6160 0.7329 0.7329 0.6160 0.6160 0.7329 0.6160 0.6160 0.7329 0.6160 0.7329 0.7329 0.7329 0.7329 0.7329 0.6160
159 093 077 070 0.7329 0.6160 0.7329 0.7329 0.7329 0.7329 0.7329 0.7329 0.6160 0.7329 0.7329 0.6160 0.6160 0.7329 0.6160 0.6160
093 077 070 072 0.6160 0.7329 0.7329 0.7329 0.7329 0.6160 0.6160 0.7329 0.6160 0.6160 0.6160 0.6160 0.7329 0.7329 0.7329 0.6160
077 070 072 178 0.6160 0.6160 0.7329 0.7329 0.7329 0.6160 0.6160 0.6160 0.7329 0.6160 0.6160 0.6160 0.6160 0.7329 0.6160 0.7329
070 072 178 297 0.7329 0.7329 0.7329 0.7329 0.6160 0.6160 0.6160 0.6160 0.7329 0.6160 0.6160 0.7329 0.7329 0.6160 0.6160 0.7329
072 178 297 131 0.6160 0.7329 0.6160 0.7329 0.7329 0.6160 0.6160 0.6160 0.6160 0.6160 0.6160 0.7329 0.6160 0.6160 0.7329 0.7329
178 297 131 102 0.6160 0.6160 0.7329 0.7329 0.6160 0.7329 0.6160 0.6160 0.7329 0.6160 0.6160 0.6160 0.7329 0.6160 0.7329 0.6160
297 131 102 183 0.7329 0.7329 0.7329 0.7329 0.7329 0.7329 0.6160 0.7329 0.6160 0.7329 0.6160 0.7329 0.6160 0.7329 0.6160 0.7329
131 102 183 305 0.6160 0.7329 0.7329 0.7329 0.7329 0.7329 0.7329 0.7329 0.7329 0.7329 0.6160 0.6160 0.7329 0.6160 0.7329 0.7329
102 183 305 298 0.7329 0.6160 0.6160 0.6160 0.6160 0.6160 0.7329 0.6160 0.6160 0.7329 0.7329 0.6160 0.7329 0.7329 0.7329 0.7329
183 305 298 125 0.6160 0.7329 0.7329 0.6160 0.6160 0.7329 0.7329 0.6160 0.6160 0.6160 0.7329 0.7329 0.7329 0.6160 0.7329 0.7329
305 298 125 300 0.6160 0.6160 0.7329 0.7329 0.7329 0.7329 0.6160 0.6160 0.7329 0.6160 0.7329 0.6160 0.7329 0.6160 0.7329 0.7329
298 125 300 216 0.6160 0.6160 0.6160 0.6160 0.7329 0.6160 0.6160 0.6160 0.7329 0.6160 0.6160 0.6160 0.7329 0.6160 0.6160 0.6160
125 300 216 232 0.6160 0.6160 0.7329 0.7329 0.7329 0.6160 0.7329 0.7329 0.6160 0.7329 0.6160 0.7329 0.7329 0.7329 0.6160 0.7329
300 216 232 103 0.6160 0.7329 0.6160 0.7329 0.7329 0.7329 0.7329 0.6160 0.6160 0.7329 0.7329 0.6160 0.6160 0.6160 0.7329 0.6160
216 232 103 004 0.6160 0.7329 0.7329 0.6160 0.6160 0.7329 0.7329 0.6160 0.7329 0.6160 0.6160 0.6160 0.7329 0.6160 0.6160 0.6160
232 103 004 075 0.6160 0.7329 0.7329 0.7329 0.7329 0.7329 0.7329 0.6160 0.6160 0.6160 0.7329 0.6160 0.6160 0.7329 0.6160 0.7329
103 004 075 277 0.7329 0.6160 0.6160 0.6160 0.7329 0.6160 0.7329 0.6160 0.7329 0.6160 0.6160 0.7329 0.7329 0.7329 0.7329 0.7329
004 075 277 158 0.7329 0.6160 0.7329 0.6160 0.7329 0.6160 0.6160 0.7329 0.6160 0.6160 0.7329 0.7329 0.6160 0.6160 0.6160 0.7329
075 277 158 222 0.6160 0.6160 0.6160 0.6160 0.7329 0.7329 0.7329 0.6160 0.7329 0.6160 0.6160 0.7329 0.7329 0.6160 0.6160 0.6160
277 158 222 255 0.7329 0.6160 0.7329 0.6160 0.6160 0.6160 0.7329 0.7329 0.6160 0.6160 0.7329 0.6160 0.6160 0.6160 0.7329 0.6160
158 222 255 213 0.6160 0.6160 0.7329 0.7329 0.7329 0.6160 0.7329 0.7329 0.6160 0.6160 0.7329 0.6160 0.7329 0.6160 0.7329 0.6160
222 255 213 124 0.7329 0.6160 0.7329 0.7329 0.6160 0.6160 0.6160 0.6160 0.7329 0.6160 0.7329 0.6160 0.7329 0.7329 0.7329 0.7329
255 213 124 023 0.6160 0.6160 0.7329 0.7329 0.6160 0.7329 0.7329 0.7329 0.6160 0.6160 0.6160 0.6160 0.6160 0.6160 0.6160 0.7329
213 124 023 236 0.7329 0.6160 0.7329 0.6160 0.7329 0.6160 0.7329 0.6160 0.6160 0.6160 0.6160 0.6160 0.7329 0.6160 0.6160 0.6160
124 023 236 126 0.7329 0.6160 0.6160 0.7329 0.7329 0.7329 0.7329 0.7329 0.6160 0.6160 0.6160 0.6160 0.7329 0.7329 0.6160 0.6160
023 236 126 326 0.6160 0.7329 0.6160 0.6160 0.7329 0.7329 0.6160 0.7329 0.6160 0.6160 0.6160 0.6160 0.6160 0.7329 0.6160 0.7329
236 126 326 200 0.6160 0.6160 0.7329 0.7329 0.6160 0.6160 0.7329 0.6160 0.7329 0.7329 0.7329 0.6160 0.6160 0.6160 0.6160 0.6160
126 326 200 106 0.6160 0.6160 0.7329 0.6160 0.6160 0.7329 0.6160 0.6160 0.6160 0.6160 0.7329 0.7329 0.7329 0.6160 0.7329 0.6160
326 200 106 068 0.7329 0.7329 0.6160 0.6160 0.6160 0.7329 0.6160 0.7329 0.7329 0.6160 0.6160 0.7329 0.6160 0.6160 0.7329 0.7329
200 106 068 301 0.6160 0.6160 0.6160 0.6160 0.7329 0.7329 0.6160 0.6160 0.7329 0.7329 0.7329 0.6160 0.6160 0.6160 0.7329 0.7329
106 068 301 132 0.7329 0.6160 0.7329 0.6160 0.6160 0.7329 0.7329 0.7329 0.7329 0.6160 0.7329 0.7329 0.7329 0.6160 0.7329 0.7329
068 301 132 180 0.6160 0.6160 0.6160 0.6160 0.6160 0.7329 0.6160 0.6160 0.7329 0.6160 0.7329 0.7329 0.6160 0.6160 0.6160 0.7329
301 132 180 197 0.6160 0.7329 0.6160 0.7329 0.7329 0.7329 0.6160 0.6160 0.6160 0.7329 0.6160 0.7329 0.6160 0.7329 0.7329 0.7329
132 180 197 086 0.6160 0.7329 0.7329 0.7329 0.7329 0.7329 0.6160 0.7329 0.7329 0.7329 0.6160 0.7329 0.6160 0.7329 0.6160 0.7329
180 197 086 284 0.6160 0.7329 0.7329 0.6160 0.7329 0.7329 0.7329 0.6160 0.6160 0.7329 0.6160 0.7329 0.7329 0.6160 0.6160 0.7329
197 086 284 322 0.7329 0.7329 0.6160 0.7329 0.6160 0.6160 0.6160 0.6160 0.7329 0.6160 0.6160 0.7329 0.7329 0.6160 0.7329 0.6160
086 284 322 347 0.7329 0.6160 0.7329 0.7329 0.6160 0.6160 0.6160 0.6160 0.6160 0.6160 0.6160 0.7329 0.6160 0.6160 0.6160 0.6160
284 322 347 209 0.6160 0.6160 0.7329 0.6160 0.7329 0.6160 0.7329 0.7329 0.7329 0.7329 0.7329 0.7329 0.7329 0.7329 0.6160 0.6160
322 347 209 157 0.7329 0.7329 0.6160 0.7329 0.7329 0.7329 0.6160 0.6160 0.7329 0.7329 0.6160 0.6160 0.7329 0.7329 0.6160 0.7329
347 209 157 076 0.7329 0.7329 0.6160 0.7329 0.7329 0.6160 0.7329 0.7329 0.7329 0.6160 0.6160 0.7329 0.7329 0.7329 0.6160 0.6160
209 157 076 343 0.7329 0.7329 0.7329 0.7329 0.7329 0.7329 0.7329 0.6160 0.6160 0.6160 0.6160 0.7329 0.6160 0.6160 0.6160 0.7329
157 076 343 092 0.7329 0.7329 0.6160 0.7329 0.7329 0.7329 0.7329 0.7329 0.6160 0.6160 0.7329 0.6160 0.6160 0.7329 0.6160 0.7329
076 343 092 206 0.7329 0.6160 0.7329 0.6160 0.6160 0.7329 0.7329 0.6160 0.7329 0.7329 0.6160 0.6160 0.6160 0.7329 0.7329 0.6160
343 092 206 041 0.6160 0.6160 0.6160 0.7329 0.6160 0.6160 0.6160 0.7329 0.7329 0.7329 0.7329 0.7329 0.6160 0.7329 0.7329 0.6160
092 206 041 017 0.6160 0.7329 0.6160 0.6160 0.7329 0.7329 0.7329 0.6160 0.7329 0.7329 0.7329 0.7329 0.6160 0.7329 0.6160 0.7329
206 041 017 082 0.6160 0.7329 0.7329 0.6160 0.7329 0.6160 0.6160 0.7329 0.6160 0.7329 0.7329 0.6160 0.7329 0.6160 0.7329 0.7329
041 017 082 299 0.6160 0.7329 0.6160 0.7329 0.6160 0.7329 0.7329 0.6160 0.6160 0.7329 0.7329 0.6160 0.7329 0.7329 0.7329 0.7329
017 082 299 186 0.7329 0.7329 0.7329 0.7329 0.6160 0.6160 0.6160 0.7329 0.7329 0.7329 0.7329 0.6160 0.7329 0.6160 0.6160 0.7329
082 299 186 279 0.7329 0.6160 0.7329 0.6160 0.7329 0.6160 0.7329 0.7329 0.7329 0.6160 0.6160 0.6160 0.7329 0.7329 0.6160 0.7329
299 186 279 341 0.7329 0.6160 0.7329 0.7329 0.6160 0.6160 0.6160 0.7329 0.6160 0.6160 0.7329 0.6160 0.7329 0.6160 0.6160 0.7329
186 279 341 005 0.6160 0.6160 0.6160 0.6160 0.6160 0.7329 0.6160 0.6160 0.6160 0.6160 0.7329 0.7329 0.7329 0.6160 0.7329 0.7329
279 341 005 079 0.6160 0.6160 0.7329 0.7329 0.6160 0.7329 0.6160 0.6160 0.7329 0.7329 0.6160 0.7329 0.6160 0.6160 0.7329 0.6160
341 005 079 251 0.6160 0.7329 0.7329 0.6160 0.6160 0.7329 0.6160 0.6160 0.7329 0.6160 0.6160 0.6160 0.6160 0.6160 0.7329 0.6160
005 079 251 144 0.6160 0.7329 0.7329 0.7329 0.7329 0.7329 0.6160 0.6160 0.7329 0.7329 0.7329 0.7329 0.6160 0.6160 0.7329 0.6160
079 251 144 013 0.7329 0.6160 0.6160 0.6160 0.7329 0.7329 0.6160 0.7329 0.7329 0.6160 0.7329 0.7329 0.6160 0.6160 0.7329 0.6160
251 144 013 090 0.7329 0.6160 0.6160 0.7329 0.6160 0.6160 0.7329 0.6160 0.7329 0.7329 0.6160 0.6160 0.6160 0.6160 0.7329 0.7329
144 013 090 257 0.6160 0.7329 0.7329 0.6160 0.6160 0.7329 0.7329 0.7329 0.7329 0.6160 0.6160 0.7329 0.7329 0.7329 0.7329 0.6160
013 090 257 329 0.6160 0.7329 0.7329 0.6160 0.6160 0.6160 0.7329 0.7329 0.7329 0.6160 0.6160 0.7329 0.7329 0.7329 0.7329 0.6160
090 257 329 097 0.6160 0.7329 0.7329 0.6160 0.7329 0.7329 0.7329 0.7329 0.6160 0.6160 0.7329 0.7329 0.7329 0.7329 0.7329 0.7329
257 329 097 182 0.6160 0.6160 0.6160 0.6160 0.6160 0.6160 0.7329 0.7329 0.7329 0.7329 0.6160 0.6160 0.7329 0.6160 0.6160 0.7329
329 097 182 179 0.7329 0.6160 0.7329 0.6160 0.6160 0.7329 0.7329 0.7329 0.6160 0.7329 0.7329 0.6160 0.7329 0.6160 0.7329 0.7329
097 182 179 031 0.7329 0.7329 0.6160 0.6160 0.6160 0.6160 0.7329 0.7329 0.6160 0.6160 0.7329 0.7329 0.7329 0.7329 0.7329 0.7329
182 179 031 294 0.6160 0.7329 0.7329 0.7329 0.6160 0.6160 0.7329 0.6160 0.7329 0.6160 0.6160 0.7329 0.7329 0.7329 0.6160 0.7329
179 031 294 074 0.7329 0.6160 0.6160 0.7329 0.6160 0.7329 0.7329 0.6160 0.6160 0.7329 0.7329 0.7329 0.6160 0.7329 0.6160 0.6160
031 294 074 021 0.7329 0.7329 0.7329 0.7329 0.7329 0.6160 0.6160 0.7329 0.6160 0.7329 0.6160 0.6160 0.6160 0.7329 0.6160 0.7329
294 074 021 166 0.7329 0.6160 0.6160 0.7329 0.6160 0.7329 0.6160 0.7329 0.6160 0.7329 0.6160 0.6160 0.6160 0.7329 0.6160 0.6160
074 021 166 081 0.6160 0.6160 0.7329 0.6160 0.7329 0.7329 0.7329 0.7329 0.6160 0.6160 0.6160 0.6160 0.6160 0.6160 0.7329 0.6160
021 166 081 187 0.6160 0.6160 0.6160 0.6160 0.7329 0.7329 0.6160 0.6160 0.6160 0.6160 0.7329 0.6160 0.6160 0.6160 0.6160 0.7329
166 081 187 001 0.7329 0.6160 0.7329 0.6160 0.6160 0.7329 0.6160 0.7329 0.6160 0.7329 0.6160 0.6160 0.7329 0.6160 0.6160 0.7329
081 187 001 096 0.7329 0.6160 0.7329 0.7329 0.7329 0.7329 0.7329 0.7329 0.6160 0.6160 0.6160 0.7329 0.7329 0.7329 0.7329 0.7329
187 001 096 165 0.7329 0.6160 0.7329 0.7329 0.6160 0.7329 0.7329 0.6160 0.6160 0.7329 0.6160 0.6160 0.7329 0.6160 0.7329 0.6160
001 096 165 138 0.7329 0.7329 0.7329 0.6160 0.7329 0.7329 0.7329 0.6160 0.6160 0.6160 0.7329 0.6160 0.7329 0.7329 0.7329 0.6160
096 165 138 100 0.6160 0.6160 0.6160 0.7329 0.6160 0.7329 0.7329 0.6160 0.7329 0.7329 0.6160 0.6160 0.7329 0.7329 0.6160 0.6160
165 138 100 292 0.6160 0.7329 0.7329 0.6160 0.6160 0.6160 0.7329 0.6160 0.6160 0.7329 0.7329 0.7329 0.7329 0.7329 0.7329 0.6160
138 100 292 311 0.7329 0.7329 0.7329 0.6160 0.7329 0.6160 0.6160 0.6160 0.7329 0.7329 0.6160 0.7329 0.6160 0.7329 0.6160 0.6160
100 292 311 014 0.7329 0.6160 0.6160 0.6160 0.6160 0.6160 0.6160 0.6160 0.6160 0.6160 0.7329 0.7329 0.6160 0.6160 0.6160 0.7329
292 311 014 226 0.6160 0.6160 0.6160 0.6160 0.7329 0.7329 0.7329 0.6160 0.7329 0.6160 0.7329 0.7329 0.7329 0.6160 0.7329 0.6160
311 014 226 181 0.7329 0.6160 0.6160 0.7329 0.6160 0.7329 0.6160 0.6160 0.6160 0.6160 0.6160 0.7329 0.7329 0.7329 0.6160 0.7329
014 226 181 309 0.6160 0.6160 0.6160 0.6160 0.6160 0.7329 0.6160 0.7329 0.7329 0.7329 0.7329 0.6160 0.6160 0.6160 0.7329 0.6160
226 181 309 002 0.6160 0.6160 0.6160 0.6160 0.6160 0.7329 0.6160 0.7329 0.7329 0.7329 0.6160 0.6160 0.7329 0.7329 0.6160 0.6160
181 309 002 052 0.6160 0.7329 0.6160 0.6160 0.6160 0.7329 0.6160 0.6160 0.7329 0.6160 0.7329 0.7329 0.6160 0.6160 0.6160 0.6160
309 002 052 286 0.6160 0.6160 0.7329 0.6160 0.6160 0.6160 0.6160 0.6160 0.6160 0.6160 0.7329 0.6160 0.7329 0.7329 0.7329 0.6160
002 052 286 027 0.6160 0.6160 0.6160 0.6160 0.6160 0.6160 0.7329 0.6160 0.6160 0.7329 0.6160 0.6160 0.6160 0.7329 0.7329 0.6160
052 286 027 291 0.6160 0.6160 0.7329 0.7329 0.6160 0.6160 0.6160 0.7329 0.7329 0.7329 0.7329 0.6160 0.6160 0.7329 0.6160 0.6160
286 027 291 085 0.7329 0.7329 0.7329 0.7329 0.6160 0.6160 0.6160 0.7329 0.7329 0.7329 0.6160 0.7329 0.6160 0.6160 0.7329 0.6160
027 291 085 069 0.6160 0.6160 0.7329 0.7329 0.6160 0.7329 0.6160 0.7329 0.7329 0.7329 0.7329 0.7329 0.6160 0.6160 0.7329 0.7329
291 085 069 231 0.6160 0.7329 0.6160 0.6160 0.7329 0.7329 0.6160 0.6160 0.7329 0.7329 0.7329 0.6160 0.6160 0.6160 0.6160 0.6160
085 069 231 170 0.7329 0.7329 0.6160 0.7329 0.7329 0.7329 0.7329 0.6160 0.7329 0.7329 0.7329 0.6160 0.7329 0.7329 0.6160 0.6160
069 231 170 094 0.7329 0.7329 0.7329 0.7329 0.6160 0.6160 0.6160 0.7329 0.7329 0.6160 0.6160 0.7329 0.7329 0.7329 0.7329 0.6160
231 170 094 037 0.6160 0.7329 0.7329 0.7329 0.7329 0.6160 0.6160 0.6160 0.6160 0.6160 0.7329 0.6160 0.6160 0.7329 0.7329 0.6160
170 094 037 314 0.6160 0.7329 0.7329 0.6160 0.7329 0.6160 0.6160 0.6160 0.6160 0.7329 0.7329 0.7329 0.6160 0.6160 0.6160 0.7329
094 037 314 249 0.7329 0.7329 0.6160 0.7329 0.7329 0.7329 0.7329 0.7329 0.6160 0.7329 0.7329 0.6160 0.7329 0.7329 0.7329 0.6160
037 314 249 273 0.7329 0.7329 0.7329 0.7329 0.7329 0.7329 0.7329 0.7329 0.6160 0.7329 0.6160 0.6160 0.7329 0.6160 0.6160 0.7329
314 249 273 091 0.7329 0.7329 0.6160 0.7329 0.6160 0.7329 0.7329 0.7329 0.6160 0.7329 0.6160 0.7329 0.7329 0.7329 0.6160 0.7329
249 273 091 208 0.6160 0.6160 0.6160 0.7329 0.7329 0.6160 0.6160 0.7329 0.6160 0.7329 0.6160 0.7329 0.6160 0.6160 0.7329 0.7329
273 091 208 015 0.7329 0.7329 0.6160 0.6160 0.7329 0.6160 0.7329 0.7329 0.7329 0.6160 0.7329 0.7329 0.7329 0.6160 0.6160 0.7329
091 208 015 043 0.7329 0.7329 0.7329 0.7329 0.6160 0.6160 0.6160 0.7329 0.6160 0.7329 0.6160 0.6160 0.7329 0.6160 0.7329 0.7329
208 015 043 111 0.6160 0.7329 0.6160 0.6160 0.6160 0.7329 0.6160 0.6160 0.7329 0.6160 0.7329 0.7329 0.7329 0.7329 0.7329 0.6160
015 043 111 260 0.7329 0.6160 0.6160 0.6160 0.6160 0.6160 0.6160 0.7329 0.6160 0.7329 0.7329 0.7329 0.7329 0.6160 0.7329 0.7329
043 111 260 155 0.6160 0.6160 0.6160 0.7329 0.6160 0.6160 0.7329 0.7329 0.6160 0.6160 0.6160 0.6160 0.7329 0.7329 0.6160 0.6160
111 260 155 084 0.6160 0.6160 0.7329 0.6160 0.7329 0.7329 0.7329 0.7329 0.7329 0.6160 0.6160 0.6160 0.7329 0.6160 0.7329 0.6160
260 155 084 349 0.7329 0.7329 0.7329 0.7329 0.6160 0.7329 0.6160 0.7329 0.6160 0.7329 0.6160 0.6160 0.6160 0.7329 0.7329 0.7329
155 084 349 194 0.6160 0.6160 0.6160 0.6160 0.7329 0.7329 0.7329 0.6160 0.6160 0.6160 0.7329 0.6160 0.6160 0.6160 0.7329 0.7329
084 349 194 034 0.6160 0.7329 0.7329 0.6160 0.6160 0.7329 0.7329 0.7329 0.6160 0.6160 0.7329 0.7329 0.6160 0.7329 0.7329 0.6160
349 194 034 113 0.6160 0.7329 0.7329 0.6160 0.6160 0.7329 0.7329 0.6160 0.6160 0.6160 0.6160 0.7329 0.7329 0.7329 0.6160 0.6160
194 034 113 073 0.6160 0.7329 0.6160 0.7329 0.7329 0.6160 0.6160 0.6160 0.7329 0.6160 0.6160 0.6160 0.7329 0.6160 0.6160 0.6160
034 113 073 247 0.6160 0.6160 0.6160 0.7329 0.7329 0.7329 0.6160 0.6160 0.6160 0.6160 0.6160 0.6160 0.7329 0.6160 0.6160 0.6160
113 073 247 095 0.6160 0.6160 0.7329 0.7329 0.7329 0.7329 0.7329 0.7329 0.6160 0.7329 0.7329 0.6160 0.7329 0.6160 0.7329 0.6160
073 247 095 028 0.7329 0.7329 0.6160 0.7329 0.6160 0.6160 0.7329 0.7329 0.6160 0.6160 0.7329 0.7329 0.7329 0.7329 0.6160 0.7329
247 095 028 234 0.7329 0.6160 0.6160 0.7329 0.7329 0.7329 0.7329 0.7329 0.7329 0.6160 0.7329 0.7329 0.6160 0.7329 0.7329 0.7329
095 028 234 104 0.7329 0.7329 0.7329 0.6160 0.6160 0.6160 0.7329 0.7329 0.6160 0.6160 0.6160 0.7329 0.7329 0.6160 0.6160 0.6160
028 234 104 315 0.6160 0.6160 0.6160 0.6160 0.7329 0.6160 0.7329 0.7329 0.7329 0.6160 0.7329 0.6160 0.7329 0.7329 0.6160 0.6160
234 104 315 312 0.6160 0.7329 0.6160 0.6160 0.7329 0.6160 0.7329 0.7329 0.7329 0.7329 0.7329 0.7329 0.6160 0.7329 0.6160 0.7329
104 315 312 177 0.6160 0.7329 0.7329 0.6160 0.7329 0.7329 0.7329 0.7329 0.7329 0.6160 0.7329 0.7329 0.7329 0.6160 0.6160 0.6160
315 312 177 064 0.6160 0.7329 0.6160 0.6160 0.6160 0.7329 0.7329 0.7329 0.6160 0.6160 0.6160 0.7329 0.6160 0.7329 0.6160 0.6160
312 177 064 242 0.6160 0.7329 0.6160 0.6160 0.7329 0.6160 0.6160 0.6160 0.7329 0.7329 0.6160 0.7329 0.6160 0.6160 0.7329 0.7329
177 064 242 250 0.6160 0.6160 0.7329 0.7329 0.6160 0.6160 0.6160 0.7329 0.6160 0.7329 0.7329 0.6160 0.7329 0.6160 0.6160 0.7329
064 242 250 295 0.6160 0.7329 0.7329 0.6160 0.7329 0.7329 0.6160 0.7329 0.6160 0.6160 0.6160 0.7329 0.7329 0.6160 0.6160 0.6160
242 250 295 225 0.7329 0.7329 0.7329 0.6160 0.6160 0.7329 0.6160 0.7329 0.6160 0.7329 0.6160 0.6160 0.7329 0.7329 0.6160 0.6160
250 295 225 133 0.7329 0.6160 0.7329 0.7329 0.6160 0.6160 0.7329 0.6160 0.7329 0.6160 0.7329 0.7329 0.7329 0.6160 0.7329 0.6160
295 225 133 313 0.6160 0.6160 0.7329 0.7329 0.7329 0.7329 0.7329 0.7329 0.6160 0.6160 0.6160 0.6160 0.6160 0.7329 0.7329 0.7329
225 133 313 164 0.6160 0.7329 0.6160 0.7329 0.6160 0.6160 0.7329 0.7329 0.6160 0.6160 0.7329 0.7329 0.6160 0.6160 0.6160 0.7329
133 313 164 348 0.6160 0.6160 0.6160 0.7329 0.6160 0.6160 0.7329 0.6160 0.7329 0.6160 0.6160 0.6160 0.7329 0.6160 0.7329 0.6160
313 164 348 338 0.6160 0.7329 0.7329 0.6160 0.7329 0.6160 0.6160 0.6160 0.6160 0.6160 0.7329 0.7329 0.6160 0.6160 0.7329 0.7329
164 348 338 122 0.6160 0.6160 0.7329 0.6160 0.7329 0.7329 0.7329 0.6160 0.6160 0.7329 0.7329 0.7329 0.6160 0.7329 0.6160 0.6160
348 338 122 025 0.6160 0.6160 0.7329 0.6160 0.6160 0.7329 0.7329 0.7329 0.6160 0.6160 0.6160 0.6160 0.7329 0.6160 0.6160 0.7329
338 122 025 184 0.6160 0.6160 0.6160 0.6160 0.6160 0.7329 0.7329 0.7329 0.7329 0.6160 0.6160 0.6160 0.6160 0.6160 0.7329 0.7329
122 025 184 238 0.7329 0.7329 0.7329 0.6160 0.6160 0.7329 0.6160 0.6160 0.6160 0.6160 0.6160 0.6160 0.6160 0.6160 0.6160 0.6160
025 184 238 333 0.7329 0.7329 0.7329 0.7329 0.6160 0.6160 0.6160 0.6160 0.7329 0.7329 0.7329 0.6160 0.7329 0.6160 0.6160 0.7329
184 238 333 019 0.7329 0.6160 0.7329 0.6160 0.6160 0.7329 0.7329 0.7329 0.6160 0.6160 0.6160 0.7329 0.6160 0.6160 0.6160 0.6160
238 333 019 055 0.7329 0.6160 0.7329 0.6160 0.7329 0.7329 0.6160 0.7329 0.7329 0.6160 0.7329 0.7329 0.7329 0.7329 0.6160 0.7329
333 019 055 120 0.7329 0.6160 0.7329 0.7329 0.7329 0.6160 0.6160 0.6160 0.7329 0.6160 0.7329 0.6160 0.6160 0.7329 0.6160 0.7329
019 055 120 130 0.6160 0.6160 0.7329 0.6160 0.6160 0.7329 0.6160 0.7329 0.7329 0.7329 0.7329 0.6160 0.7329 0.7329 0.6160 0.6160
055 120 130 063 0.7329 0.7329 0.7329 0.6160 0.6160 0.7329 0.7329 0.7329 0.7329 0.7329 0.7329 0.6160 0.7329 0.6160 0.6160 0.6160
120 130 063 258 0.7329 0.7329 0.7329 0.6160 0.6160 0.7329 0.7329 0.7329 0.6160 0.7329 0.7329 0.6160 0.7329 0.7329 0.6160 0.6160
130 063 258 337 0.7329 0.6160 0.7329 0.6160 0.6160 0.6160 0.6160 0.7329 0.6160 0.7329 0.7329 0.7329 0.7329 0.6160 0.7329 0.7329
063 258 337 332 0.6160 0.6160 0.7329 0.6160 0.6160 0.6160 0.6160 0.6160 0.6160 0.7329 0.7329 0.7329 0.7329 0.7329 0.7329 0.7329
258 337 332 188 0.7329 0.6160 0.6160 0.7329 0.6160 0.7329 0.6160 0.6160 0.7329 0.6160 0.7329 0.7329 0.7329 0.7329 0.7329 0.7329
337 332 188 039 0.6160 0.7329 0.7329 0.6160 0.6160 0.6160 0.7329 0.7329 0.6160 0.7329 0.6160 0.6160 0.7329 0.7329 0.6160 0.6160
332 188 039 038 0.7329 0.6160 0.6160 0.6160 0.7329 0.7329 0.6160 0.7329 0.6160 0.6160 0.6160 0.6160 0.7329 0.7329 0.6160 0.7329
188 039 038 248 0.7329 0.6160 0.6160 0.7329 0.7329 0.6160 0.6160 0.6160 0.7329 0.6160 0.7329 0.6160 0.7329 0.6160 0.6160 0.7329
039 038 248 270 0.6160 0.7329 0.6160 0.6160 0.7329 0.7329 0.6160 0.6160 0.6160 0.7329 0.7329 0.6160 0.7329 0.6160 0.7329 0.7329
038 248 270 011 0.7329 0.7329 0.7329 0.6160 0.7329 0.7329 0.7329 0.6160 0.7329 0.7329 0.7329 0.6160 0.7329 0.6160 0.7329 0.6160
248 270 011 211 0.7329 0.7329 0.6160 0.6160 0.7329 0.6160 0.7329 0.6160 0.6160 0.6160 0.7329 0.7329 0.6160 0.6160 0.7329 0.6160
270 011 211 324 0.6160 0.6160 0.6160 0.6160 0.6160 0.6160 0.7329 0.6160 0.6160 0.7329 0.6160 0.6160 0.6160 0.6160 0.7329 0.7329
011 211 324 143 0.7329 0.7329 0.7329 0.7329 0.7329 0.7329 0.6160 0.6160 0.7329 0.6160 0.6160 0.7329 0.6160 0.7329 0.7329 0.7329
211 324 143 354 0.6160 0.6160 0.7329 0.6160 0.7329 0.6160 0.6160 0.7329 0.7329 0.6160 0.6160 0.6160 0.7329 0.6160 0.6160 0.7329
324 143 354 265 0.6160 0.6160 0.7329 0.7329 0.7329 0.7329 0.6160 0.6160 0.7329 0.6160 0.7329 0.7329 0.6160 0.7329 0.6160 0.6160
143 354 265 062 0.7329 0.6160 0.7329 0.7329 0.7329 0.7329 0.7329 0.7329 0.7329 0.6160 0.7329 0.6160 0.7329 0.7329 0.6160 0.6160
354 265 062 108 0.6160 0.7329 0.6160 0.6160 0.7329 0.7329 0.7329 0.6160 0.7329 0.6160 0.6160 0.7329 0.7329 0.6160 0.6160 0.6160
265 062 108 173 0.7329 0.7329 0.7329 0.6160 0.6160 0.7329 0.7329 0.6160 0.6160 0.7329 0.7329 0.7329 0.6160 0.7329 0.6160 0.6160
062 108 173 162 0.6160 0.6160 0.7329 0.6160 0.6160 0.7329 0.6160 0.6160 0.7329 0.7329 0.6160 0.7329 0.6160 0.6160 0.7329 0.6160
108 173 162 319 0.6160 0.6160 0.6160 0.7329 0.6160 0.7329 0.6160 0.6160 0.6160 0.7329 0.7329 0.7329 0.6160 0.7329 0.7329 0.6160
173 162 319 230 0.6160 0.7329 0.6160 0.6160 0.6160 0.7329 0.6160 0.7329 0.7329 0.6160 0.6160 0.6160 0.7329 0.6160 0.6160 0.6160
162 319 230 115 0.7329 0.6160 0.7329 0.7329 0.7329 0.6160 0.7329 0.7329 0.6160 0.6160 0.6160 0.7329 0.6160 0.7329 0.6160 0.7329
319 230 115 149 0.7329 0.7329 0.6160 0.6160 0.6160 0.7329 0.6160 0.7329 0.7329 0.7329 0.6160 0.7329 0.7329 0.7329 0.7329 0.7329
230 115 149 078 0.6160 0.7329 0.6160 0.7329 0.6160 0.7329 0.7329 0.7329 0.6160 0.6160 0.6160 0.6160 0.7329 0.7329 0.6160 0.7329
115 149 078 219 0.6160 0.6160 0.7329 0.6160 0.7329 0.7329 0.6160 0.6160 0.6160 0.6160 0.7329 0.7329 0.6160 0.7329 0.7329 0.7329
149 078 219 189 0.7329 0.7329 0.6160 0.6160 0.7329 0.6160 0.6160 0.7329 0.6160 0.6160 0.7329 0.6160 0.7329 0.7329 0.7329 0.6160
078 219 189 212 0.7329 0.6160 0.7329 0.7329 0.6160 0.6160 0.7329 0.6160 0.6160 0.7329 0.7329 0.6160 0.6160 0.7329 0.6160 0.7329
219 189 212 283 0.7329 0.7329 0.6160 0.7329 0.7329 0.7329 0.6160 0.6160 0.6160 0.7329 0.7329 0.6160 0.6160 0.6160 0.7329 0.7329
189 212 283 233 0.6160 0.6160 0.7329 0.6160 0.6160 0.7329 0.7329 0.6160 0.6160 0.7329 0.7329 0.6160 0.6160 0.6160 0.7329 0.6160
212 283 233 046 0.6160 0.6160 0.7329 0.7329 0.7329 0.7329 0.6160 0.6160 0.6160 0.7329 0.7329 0.6160 0.6160 0.7329 0.6160 0.7329
283 233 046 310 0.6160 0.6160 0.6160 0.6160 0.7329 0.6160 0.7329 0.7329 0.6160 0.7329 0.6160 0.7329 0.7329 0.7329 0.7329 0.6160
233 046 310 335 0.6160 0.6160 0.7329 0.7329 0.7329 0.6160 0.7329 0.7329 0.6160 0.6160 0.7329 0.7329 0.7329 0.6160 0.7329 0.6160
046 310 335 336 0.7329 0.6160 0.7329 0.7329 0.6160 0.7329 0.6160 0.7329 0.6160 0.6160 0.7329 0.6160 0.6160 0.6160 0.6160 0.6160
310 335 336 331 0.7329 0.7329 0.6160 0.6160 0.6160 0.7329 0.7329 0.6160 0.6160 0.7329 0.7329 0.7329 0.7329 0.7329 0.7329 0.7329
335 336 331 272 0.6160 0.6160 0.6160 0.7329 0.6160 0.7329 0.6160 0.7329 0.6160 0.6160 0.7329 0.7329 0.6160 0.6160 0.6160 0.7329
336 331 272 350 0.7329 0.6160 0.7329 0.7329 0.7329 0.6160 0.7329 0.6160 0.6160 0.7329 0.6160 0.7329 0.6160 0.6160 0.6160 0.7329
331 272 350 323 0.7329 0.6160 0.7329 0.7329 0.7329 0.6160 0.7329 0.6160 0.7329 0.7329 0.7329 0.6160 0.6160 0.6160 0.7329 0.6160
272 350 323 154 0.7329 0.6160 0.6160 0.7329 0.7329 0.6160 0.7329 0.6160 0.6160 0.7329 0.7329 0.6160 0.7329 0.6160 0.7329 0.6160
350 323 154 032 0.7329 0.6160 0.7329 0.7329 0.6160 0.7329 0.7329 0.6160 0.7329 0.6160 0.7329 0.6160 0.6160 0.6160 0.6160 0.6160
323 154 032 167 0.6160 0.6160 0.7329 0.6160 0.6160 0.7329 0.7329 0.7329 0.7329 0.6160 0.6160 0.6160 0.6160 0.6160 0.7329 0.7329
154 032 167 274 0.6160 0.7329 0.6160 0.7329 0.7329 0.6160 0.7329 0.6160 0.7329 0.7329 0.7329 0.6160 0.6160 0.6160 0.6160 0.6160
032 167 274 139 0.6160 0.7329 0.6160 0.6160 0.7329 0.7329 0.7329 0.6160 0.7329 0.7329 0.7329 0.6160 0.6160 0.7329 0.6160 0.7329
167 274 139 030 0.6160 0.7329 0.6160 0.7329 0.6160 0.7329 0.7329 0.7329 0.7329 0.6160 0.7329 0.6160 0.6160 0.6160 0.7329 0.7329
274 139 030 195 0.6160 0.6160 0.6160 0.6160 0.7329 0.6160 0.7329 0.7329 0.7329 0.6160 0.6160 0.7329 0.6160 0.7329 0.7329 0.6160
139 030 195 191 0.7329 0.6160 0.7329 0.6160 0.6160 0.7329 0.6160 0.7329 0.7329 0.7329 0.6160 0.7329 0.6160 0.6160 0.6160 0.6160
030 195 191 245 0.6160 0.6160 0.7329 0.7329 0.6160 0.6160 0.6160 0.6160 0.6160 0.7329 0.6160 0.7329 0.7329 0.6160 0.7329 0.6160
195 191 245 006 0.7329 0.7329 0.6160 0.6160 0.7329 0.7329 0.6160 0.6160 0.6160 0.7329 0.7329 0.6160 0.7329 0.7329 0.7329 0.6160
191 245 006 351 0.6160 0.6160 0.7329 0.7329 0.7329 0.7329 0.7329 0.7329 0.6160 0.6160 0.7329 0.6160 0.6160 0.6160 0.7329 0.7329
245 006 351 344 0.7329 0.6160 0.7329 0.6160 0.7329 0.6160 0.6160 0.7329 0.6160 0.6160 0.7329 0.6160 0.7329 0.6160 0.7329 0.6160
006 351 344 264 0.6160 0.7329 0.7329 0.7329 0.7329 0.7329 0.6160 0.7329 0.7329 0.6160 0.7329 0.7329 0.7329 0.6160 0.6160 0.6160
351 344 264 050 0.6160 0.6160 0.6160 0.7329 0.7329 0.6160 0.6160 0.6160 0.7329 0.7329 0.6160 0.7329 0.7329 0.7329 0.7329 0.6160
344 264 050 026 0.6160 0.6160 0.7329 0.6160 0.7329 0.6160 0.7329 0.7329 0.7329 0.6160 0.6160 0.7329 0.6160 0.6160 0.7329 0.7329
264 050 026 044 0.6160 0.7329 0.7329 0.7329 0.7329 0.7329 0.7329 0.7329 0.6160 0.7329 0.7329 0.7329 0.7329 0.7329 0.6160 0.7329
050 026 044 048 0.6160 0.6160 0.7329 0.6160 0.7329 0.6160 0.6160 0.6160 0.6160 0.6160 0.6160 0.6160 0.7329 0.7329 0.6160 0.7329
026 044 048 146 0.7329 0.7329 0.7329 0.6160 0.6160 0.6160 0.6160 0.6160 0.6160 0.6160 0.7329 0.7329 0.6160 0.6160 0.6160 0.7329
044 048 146 018 0.6160 0.7329 0.7329 0.6160 0.6160 0.7329 0.6160 0.7329 0.6160 0.6160 0.6160 0.7329 0.6160 0.6160 0.7329 0.6160
048 146 018 276 0.6160 0.7329 0.6160 0.7329 0.7329 0.6160 0.7329 0.6160 0.6160 0.6160 0.6160 0.6160 0.6160 0.6160 0.6160 0.6160
146 018 276 244 0.6160 0.6160 0.6160 0.6160 0.7329 0.7329 0.6160 0.7329 0.6160 0.6160 0.6160 0.6160 0.6160 0.6160 0.7329 0.7329
018 276 244 088 0.7329 0.6160 0.7329 0.6160 0.6160 0.6160 0.6160 0.6160 0.7329 0.6160 0.7329 0.7329 0.6160 0.6160 0.7329 0.6160
276 244 088 287 0.7329 0.7329 0.7329 0.6160 0.7329 0.7329 0.7329 0.7329 0.6160 0.6160 0.6160 0.7329 0.7329 0.7329 0.6160 0.6160
244 088 287 271 0.6160 0.7329 0.6160 0.6160 0.6160 0.7329 0.7329 0.7329 0.6160 0.6160 0.7329 0.6160 0.6160 0.7329 0.7329 0.7329
088 287 271 163 0.7329 0.7329 0.6160 0.6160 0.7329 0.7329 0.6160 0.7329 0.7329 0.7329 0.6160 0.7329 0.6160 0.6160 0.7329 0.6160
287 271 163 112 0.7329 0.7329 0.6160 0.7329 0.6160 0.6160 0.7329 0.6160 0.7329 0.7329 0.7329 0.6160 0.7329 0.7329 0.7329 0.7329
271 163 112 252 0.7329 0.6160 0.6160 0.6160 0.6160 0.6160 0.6160 0.6160 0.6160 0.7329 0.7329 0.7329 0.6160 0.6160 0.7329 0.7329
163 112 252 000 0.6160 0.7329 0.7329 0.6160 0.7329 0.6160 0.7329 0.6160 0.6160 0.7329 0.7329 0.7329 0.6160 0.7329 0.6160 0.7329
112 252 000 207 0.7329 0.6160 0.7329 0.6160 0.6160 0.7329 0.6160 0.7329 0.6160 0.6160 0.6160 0.7329 0.7329 0.7329 0.6160 0.6160
252 000 207 147 0.7329 0.7329 0.7329 0.6160 0.6160 0.7329 0.6160 0.6160 0.7329 0.7329 0.6160 0.7329 0.6160 0.6160 0.6160 0.6160
000 207 147 008 0.7329 0.7329 0.6160 0.6160 0.6160 0.7329 0.6160 0.6160 0.7329 0.6160 0.6160 0.6160 0.7329 0.7329 0.6160 0.7329
207 147 008 057 0.7329 0.7329 0.7329 0.7329 0.6160 0.6160 0.7329 0.6160 0.7329 0.6160 0.7329 0.6160 0.6160 0.7329 0.7329 0.7329
147 008 057 172 0.6160 0.7329 0.7329 0.7329 0.6160 0.7329 0.7329 0.7329 0.6160 0.6160 0.6160 0.7329 0.7329 0.7329 0.7329 0.7329
008 057 172 049 0.7329 0.6160 0.6160 0.6160 0.6160 0.7329 0.6160 0.6160 0.7329 0.7329 0.6160 0.7329 0.7329 0.6160 0.6160 0.6160
057 172 049 289 0.7329 0.6160 0.6160 0.7329 0.7329 0.7329 0.6160 0.7329 0.6160 0.6160 0.7329 0.7329 0.6160 0.6160 0.7329 0.7329
172 049 289 201 0.6160 0.6160 0.7329 0.7329 0.7329 0.7329 0.6160 0.7329 0.7329 0.6160 0.7329 0.6160 0.6160 0.7329 0.7329 0.6160
049 289 201 169 0.7329 0.6160 0.6160 0.6160 0.7329 0.7329 0.7329 0.6160 0.7329 0.6160 0.7329 0.7329 0.6160 0.7329 0.7329 0.7329
289 201 169 137 0.7329 0.6160 0.7329 0.6160 0.6160 0.7329 0.6160 0.7329 0.7329 0.6160 0.7329 0.7329 0.6160 0.6160 0.7329 0.6160
201 169 137 059 0.6160 0.6160 0.6160 0.6160 0.6160 0.6160 0.6160 0.6160 0.7329 0.6160 0.6160 0.7329 0.7329 0.6160 0.6160 0.7329
169 137 059 327 0.7329 0.7329 0.6160 0.6160 0.7329 0.6160 0.6160 0.7329 0.7329 0.7329 0.6160 0.6160 0.6160 0.6160 0.7329 0.6160
137 059 327 302 0.7329 0.6160 0.6160 0.7329 0.6160 0.7329 0.7329 0.6160 0.7329 0.7329 0.7329 0.6160 0.6160 0.6160 0.6160 0.6160
059 327 302 224 0.6160 0.7329 0.7329 0.6160 0.7329 0.6160 0.6160 0.7329 0.7329 0.6160 0.6160 0.6160 0.7329 0.7329 0.6160 0.7329
327 302 224 308 0.7329 0.6160 0.6160 0.7329 0.7329 0.7329 0.6160 0.7329 0.7329 0.7329 0.6160 0.6160 0.7329 0.6160 0.7329 0.6160
302 224 308 020 0.6160 0.7329 0.6160 0.7329 0.6160 0.6160 0.7329 0.6160 0.7329 0.7329 0.6160 0.6160 0.6160 0.7329 0.6160 0.7329
224 308 020 109 0.7329 0.7329 0.7329 0.6160 0.7329 0.6160 0.6160 0.6160 0.6160 0.6160 0.6160 0.7329 0.6160 0.7329 0.6160 0.6160
308 020 109 220 0.7329 0.6160 0.6160 0.7329 0.6160 0.7329 0.7329 0.6160 0.6160 0.7329 0.7329 0.6160 0.7329 0.7329 0.6160 0.6160
020 109 220 087 0.7329 0.7329 0.7329 0.7329 0.7329 0.6160 0.6160 0.7329 0.7329 0.6160 0.6160 0.6160 0.7329 0.6160 0.7329 0.6160
109 220 087 192 0.7329 0.6160 0.6160 0.6160 0.6160 0.7329 0.6160 0.6160 0.6160 0.6160 0.6160 0.7329 0.6160 0.7329 0.6160 0.7329
220 087 192 061 0.7329 0.6160 0.6160 0.6160 0.6160 0.7329 0.7329 0.7329 0.7329 0.7329 0.7329 0.7329 0.7329 0.6160 0.7329 0.6160
087 192 061 353 0.6160 0.6160 0.7329 0.6160 0.7329 0.6160 0.6160 0.6160 0.6160 0.7329 0.6160 0.6160 0.6160 0.7329 0.7329 0.6160
192 061 353 318 0.7329 0.7329 0.7329 0.6160 0.6160 0.7329 0.7329 0.6160 0.6160 0.6160 0.7329 0.7329 0.7329 0.6160 0.7329 0.7329
061 353 318 185 0.6160 0.6160 0.7329 0.6160 0.6160 0.7329 0.7329 0.7329 0.7329 0.6160 0.7329 0.7329 0.6160 0.6160 0.6160 0.7329
353 318 185 218 0.6160 0.7329 0.6160 0.7329 0.6160 0.6160 0.6160 0.7329 0.7329 0.7329 0.7329 0.6160 0.7329 0.6160 0.6160 0.7329
318 185 218 266 0.6160 0.6160 0.7329 0.6160 0.7329 0.6160 0.7329 0.6160 0.6160 0.6160 0.7329 0.7329 0.6160 0.7329 0.6160 0.7329
185 218 266 228 0.7329 0.7329 0.6160 0.6160 0.7329 0.6160 0.7329 0.6160 0.7329 0.7329 0.6160 0.7329 0.6160 0.7329 0.7329 0.6160
218 266 228 129 0.7329 0.7329 0.7329 0.7329 0.6160 0.7329 0.7329 0.7329 0.7329 0.6160 0.6160 0.7329 0.7329 0.6160 0.6160 0.6160
266 228 129 054 0.6160 0.7329 0.7329 0.7329 0.6160 0.6160 0.7329 0.7329 0.6160 0.7329 0.6160 0.6160 0.6160 0.7329 0.7329 0.7329
228 129 054 121 0.7329 0.6160 0.7329 0.6160 0.6160 0.7329 0.6160 0.7329 0.6160 0.6160 0.7329 0.6160 0.7329 0.6160 0.6160 0.6160
129 054 121 275 0.6160 0.6160 0.6160 0.7329 0.6160 0.6160 0.7329 0.7329 0.7329 0.7329 0.7329 0.6160 0.6160 0.6160 0.7329 0.7329
054 121 275 071 0.6160 0.7329 0.6160 0.7329 0.7329 0.6160 0.7329 0.7329 0.6160 0.7329 0.7329 0.6160 0.7329 0.6160 0.7329 0.7329
121 275 071 262 0.7329 0.6160 0.6160 0.6160 0.7329 0.7329 0.7329 0.7329 0.7329 0.7329 0.7329 0.7329 0.6160 0.6160 0.7329 0.6160
275 071 262 334 0.7329 0.7329 0.6160 0.7329 0.6160 0.7329 0.7329 0.7329 0.6160 0.6160 0.6160 0.7329 0.6160 0.6160 0.7329 0.7329
071 262 334 042 0.6160 0.7329 0.6160 0.6160 0.7329 0.7329 0.6160 0.6160 0.7329 0.7329 0.6160 0.7329 0.7329 0.6160 0.7329 0.7329
262 334 042 253 0.6160 0.7329 0.7329 0.6160 0.7329 0.6160 0.7329 0.6160 0.6160 0.7329 0.6160 0.6160 0.7329 0.7329 0.7329 0.6160
334 042 253 053 0.7329 0.6160 0.7329 0.7329 0.6160 0.6160 0.6160 0.6160 0.7329 0.7329 0.7329 0.6160 0.7329 0.6160 0.7329 0.6160
042 253 053 089 0.6160 0.6160 0.6160 0.6160 0.6160 0.7329 0.6160 0.7329 0.7329 0.7329 0.7329 0.7329 0.6160 0.6160 0.7329 0.6160
253 053 089 123 0.7329 0.7329 0.7329 0.6160 0.7329 0.7329 0.6160 0.7329 0.6160 0.6160 0.6160 0.7329 0.6160 0.6160 0.7329 0.7329
053 089 123 227 0.7329 0.7329 0.7329 0.7329 0.7329 0.6160 0.7329 0.7329 0.7329 0.6160 0.7329 0.6160 0.7329 0.6160 0.7329 0.6160
089 123 227 317 0.6160 0.7329 0.7329 0.7329 0.7329 0.7329 0.7329 0.7329 0.6160 0.6160 0.6160 0.6160 0.6160 0.6160 0.7329 0.7329
123 227 317 065 0.7329 0.7329 0.6160 0.7329 0.6160 0.6160 0.6160 0.7329 0.6160 0.6160 0.6160 0.7329 0.6160 0.7329 0.7329 0.6160
227 317 065 199 0.6160 0.7329 0.6160 0.7329 0.7329 0.6160 0.7329 0.7329 0.7329 0.7329 0.6160 0.7329 0.6160 0.7329 0.7329 0.7329
317 065 199 083 0.6160 0.6160 0.7329 0.6160 0.6160 0.6160 0.6160 0.6160 0.6160 0.6160 0.6160 0.6160 0.6160 0.7329 0.7329 0.6160
065 199 083 278 0.6160 0.6160 0.7329 0.7329 0.7329 0.6160 0.6160 0.7329 0.6160 0.7329 0.6160 0.6160 0.7329 0.6160 0.7329 0.6160
199 083 278 280 0.7329 0.7329 0.7329 0.7329 0.7329 0.6160 0.6160 0.6160 0.7329 0.7329 0.7329 0.7329 0.6160 0.7329 0.7329 0.6160
083 278 280 107 0.6160 0.7329 0.6160 0.7329 0.6160 0.6160 0.6160 0.7329 0.7329 0.6160 0.7329 0.6160 0.6160 0.7329 0.7329 0.6160
278 280 107 259 0.6160 0.7329 0.7329 0.6160 0.7329 0.6160 0.6160 0.7329 0.6160 0.6160 0.7329 0.6160 0.7329 0.7329 0.7329 0.7329
280 107 259 168 0.7329 0.6160 0.7329 0.7329 0.6160 0.7329 0.6160 0.6160 0.7329 0.7329 0.6160 0.6160 0.7329 0.7329 0.6160 0.7329
107 259 168 135 0.6160 0.6160 0.7329 0.6160 0.6160 0.7329 0.6160 0.7329 0.7329 0.7329 0.7329 0.7329 0.7329 0.6160 0.6160 0.7329
259 168 135 105 0.6160 0.7329 0.7329 0.6160 0.7329 0.6160 0.7329 0.6160 0.7329 0.6160 0.6160 0.6160 0.7329 0.6160 0.6160 0.7329
168 135 105 241 0.6160 0.7329 0.7329 0.6160 0.7329 0.6160 0.7329 0.7329 0.7329 0.6160 0.6160 0.7329 0.6160 0.7329 0.6160 0.6160
135 105 241 098 0.7329 0.7329 0.7329 0.6160 0.7329 0.6160 0.7329 0.6160 0.6160 0.7329 0.7329 0.6160 0.7329 0.6160 0.7329 0.7329
105 241 098 281 0.6160 0.7329 0.6160 0.6160 0.7329 0.7329 0.6160 0.6160 0.6160 0.7329 0.7329 0.7329 0.7329 0.7329 0.6160 0.7329
241 098 281 307 0.7329 0.6160 0.6160 0.7329 0.6160 0.7329 0.7329 0.7329 0.6160 0.6160 0.6160 0.7329 0.7329 0.7329 0.6160 0.7329
098 281 307 204 0.6160 0.6160 0.6160 0.7329 0.7329 0.7329 0.7329 0.6160 0.6160 0.6160 0.7329 0.6160 0.6160 0.7329 0.7329 0.6160
281 307 204 345 0.7329 0.6160 0.6160 0.6160 0.7329 0.7329 0.6160 0.7329 0.6160 0.6160 0.6160 0.7329 0.7329 0.7329 0.6160 0.6160
