356 031684 3
345 291 250 173 0.6079 0.1901 0.1901 0.6079 0.6079 0.1901 0.6079 0.1901 0.1901 0.1901 0.6079 0.1901 0.6079 0.6079 0.6079 0.6079
291 250 173 341 0.6079 0.1901 0.6079 0.6079 0.6079 0.1901 0.6079 0.6079 0.1901 0.1901 0.1901 0.1901 0.6079 0.1901 0.1901 0.1901
250 173 341 072 0.1901 0.1901 0.6079 0.6079 0.6079 0.1901 0.6079 0.1901 0.1901 0.1901 0.1901 0.1901 0.1901 0.1901 0.1901 0.6079
173 341 072 049 0.1901 0.6079 0.6079 0.6079 0.6079 0.1901 0.1901 0.6079 0.6079 0.6079 0.1901 0.6079 0.1901 0.1901 0.1901 0.6079
341 072 049 004 0.1901 0.1901 0.6079 0.6079 0.6079 0.6079 0.1901 0.6079 0.6079 0.1901 0.1901 0.1901 0.1901 0.6079 0.6079 0.6079
072 049 004 079 0.6079 0.1901 0.1901 0.1901 0.6079 0.1901 0.6079 0.1901 0.1901 0.6079 0.1901 0.1901 0.1901 0.1901 0.6079 0.6079
049 004 079 330 0.1901 0.6079 0.6079 0.6079 0.6079 0.1901 0.6079 0.1901 0.6079 0.6079 0.6079 0.6079 0.6079 0.1901 0.6079 0.6079
004 079 330 281 0.1901 0.1901 0.1901 0.1901 0.6079 0.1901 0.1901 0.1901 0.1901 0.6079 0.6079 0.1901 0.1901 0.1901 0.1901 0.6079
079 330 281 001 0.1901 0.6079 0.1901 0.6079 0.1901 0.6079 0.1901 0.6079 0.1901 0.1901 0.6079 0.6079 0.6079 0.6079 0.1901 0.1901
330 281 001 137 0.1901 0.1901 0.6079 0.1901 0.6079 0.6079 0.6079 0.6079 0.6079 0.1901 0.1901 0.1901 0.6079 0.6079 0.6079 0.1901
281 001 137 150 0.1901 0.6079 0.6079 0.6079 0.1901 0.1901 0.6079 0.6079 0.6079 0.6079 0.1901 0.6079 0.6079 0.6079 0.6079 0.1901
001 137 150 209 0.1901 0.6079 0.1901 0.6079 0.6079 0.1901 0.1901 0.1901 0.1901 0.1901 0.6079 0.1901 0.1901 0.1901 0.6079 0.6079
137 150 209 077 0.1901 0.1901 0.6079 0.6079 0.1901 0.6079 0.1901 0.6079 0.1901 0.6079 0.6079 0.1901 0.6079 0.6079 0.1901 0.6079
150 209 077 066 0.6079 0.1901 0.6079 0.6079 0.6079 0.1901 0.1901 0.6079 0.6079 0.6079 0.6079 0.1901 0.6079 0.6079 0.6079 0.1901
209 077 066 202 0.6079 0.6079 0.6079 0.1901 0.6079 0.6079 0.1901 0.1901 0.6079 0.6079 0.6079 0.6079 0.6079 0.1901 0.1901 0.1901
077 066 202 263 0.1901 0.6079 0.1901 0.1901 0.6079 0.6079 0.6079 0.1901 0.6079 0.1901 0.1901 0.1901 0.6079 0.1901 0.6079 0.6079
066 202 263 099 0.6079 0.6079 0.1901 0.1901 0.1901 0.6079 0.6079 0.1901 0.6079 0.6079 0.6079 0.6079 0.6079 0.6079 0.1901 0.6079
202 263 099 008 0.6079 0.6079 0.1901 0.1901 0.6079 0.6079 0.6079 0.1901 0.1901 0.6079 0.6079 0.1901 0.1901 0.6079 0.1901 0.1901
263 099 008 348 0.1901 0.1901 0.1901 0.6079 0.6079 0.1901 0.6079 0.6079 0.1901 0.6079 0.6079 0.6079 0.1901 0.1901 0.1901 0.6079
099 008 348 200 0.6079 0.6079 0.6079 0.6079 0.6079 0.1901 0.1901 0.6079 0.6079 0.1901 0.1901 0.6079 0.6079 0.6079 0.1901 0.1901
008 348 200 331 0.6079 0.1901 0.6079 0.1901 0.6079 0.1901 0.6079 0.6079 0.1901 0.1901 0.1901 0.6079 0.1901 0.1901 0.1901 0.6079
348 200 331 110 0.6079 0.1901 0.6079 0.6079 0.1901 0.1901 0.1901 0.1901 0.1901 0.1901 0.6079 0.1901 0.1901 0.1901 0.1901 0.1901
200 331 110 180 0.6079 0.1901 0.1901 0.6079 0.1901 0.6079 0.1901 0.6079 0.1901 0.1901 0.6079 0.1901 0.1901 0.1901 0.6079 0.6079
331 110 180 219 0.6079 0.6079 0.1901 0.1901 0.1901 0.6079 0.6079 0.6079 0.1901 0.6079 0.1901 0.1901 0.6079 0.1901 0.6079 0.6079
110 180 219 319 0.6079 0.6079 0.6079 0.6079 0.6079 0.1901 0.6079 0.1901 0.1901 0.6079 0.1901 0.1901 0.1901 0.6079 0.1901 0.1901
180 219 319 076 0.6079 0.1901 0.6079 0.6079 0.6079 0.1901 0.6079 0.1901 0.6079 0.1901 0.1901 0.6079 0.1901 0.6079 0.6079 0.6079
219 319 076 073 0.6079 0.1901 0.1901 0.1901 0.6079 0.1901 0.6079 0.6079 0.1901 0.6079 0.1901 0.1901 0.6079 0.6079 0.6079 0.1901
319 076 073 183 0.6079 0.1901 0.1901 0.1901 0.1901 0.6079 0.6079 0.6079 0.1901 0.6079 0.1901 0.6079 0.1901 0.6079 0.6079 0.6079
076 073 183 181 0.1901 0.1901 0.1901 0.1901 0.1901 0.6079 0.1901 0.6079 0.6079 0.6079 0.6079 0.6079 0.1901 0.6079 0.6079 0.6079
073 183 181 119 0.1901 0.6079 0.1901 0.6079 0.1901 0.6079 0.6079 0.1901 0.6079 0.1901 0.6079 0.6079 0.1901 0.1901 0.1901 0.1901
183 181 119 005 0.6079 0.6079 0.1901 0.6079 0.6079 0.6079 0.1901 0.1901 0.6079 0.6079 0.6079 0.6079 0.6079 0.1901 0.1901 0.1901
181 119 005 020 0.6079 0.6079 0.1901 0.1901 0.1901 0.1901 0.6079 0.6079 0.1901 0.1901 0.6079 0.6079 0.6079 0.1901 0.1901 0.6079
119 005 020 083 0.1901 0.1901 0.1901 0.1901 0.1901 0.1901 0.6079 0.1901 0.1901 0.1901 0.6079 0.1901 0.1901 0.1901 0.1901 0.6079
005 020 083 003 0.6079 0.1901 0.6079 0.6079 0.1901 0.6079 0.1901 0.6079 0.6079 0.6079 0.6079 0.6079 0.1901 0.6079 0.1901 0.1901
020 083 003 169 0.6079 0.6079 0.1901 0.6079 0.1901 0.6079 0.1901 0.6079 0.1901 0.1901 0.1901 0.6079 0.6079 0.6079 0.1901 0.1901
083 003 169 059 0.6079 0.6079 0.6079 0.1901 0.1901 0.6079 0.6079 0.6079 0.6079 0.1901 0.6079 0.6079 0.6079 0.1901 0.6079 0.6079
003 169 059 251 0.6079 0.6079 0.6079 0.1901 0.1901 0.6079 0.1901 0.6079 0.1901 0.1901 0.6079 0.1901 0.1901 0.6079 0.6079 0.1901
169 059 251 182 0.1901 0.6079 0.1901 0.1901 0.6079 0.1901 0.6079 0.1901 0.1901 0.6079 0.6079 0.1901 0.6079 0.6079 0.6079 0.1901
059 251 182 175 0.6079 0.1901 0.6079 0.6079 0.1901 0.1901 0.1901 0.6079 0.6079 0.1901 0.1901 0.1901 0.6079 0.1901 0.1901 0.6079
251 182 175 048 0.6079 0.6079 0.6079 0.1901 0.1901 0.1901 0.1901 0.6079 0.6079 0.1901 0.1901 0.1901 0.1901 0.1901 0.6079 0.1901
182 175 048 210 0.6079 0.6079 0.1901 0.6079 0.6079 0.6079 0.6079 0.1901 0.1901 0.1901 0.1901 0.1901 0.1901 0.1901 0.6079 0.1901
175 048 210 253 0.6079 0.1901 0.1901 0.1901 0.1901 0.1901 0.6079 0.6079 0.6079 0.1901 0.6079 0.1901 0.1901 0.6079 0.6079 0.1901
048 210 253 309 0.1901 0.1901 0.1901 0.1901 0.1901 0.1901 0.6079 0.6079 0.6079 0.1901 0.6079 0.6079 0.6079 0.1901 0.1901 0.6079
210 253 309 124 0.1901 0.6079 0.6079 0.1901 0.1901 0.6079 0.6079 0.1901 0.1901 0.1901 0.6079 0.6079 0.6079 0.6079 0.6079 0.6079
253 309 124 243 0.1901 0.6079 0.6079 0.6079 0.6079 0.1901 0.6079 0.6079 0.6079 0.6079 0.6079 0.6079 0.1901 0.1901 0.6079 0.6079
309 124 243 091 0.6079 0.6079 0.1901 0.1901 0.6079 0.1901 0.6079 0.6079 0.1901 0.1901 0.6079 0.6079 0.1901 0.1901 0.1901 0.6079
124 243 091 033 0.1901 0.6079 0.6079 0.1901 0.6079 0.6079 0.6079 0.6079 0.6079 0.6079 0.1901 0.6079 0.6079 0.1901 0.1901 0.1901
243 091 033 087 0.1901 0.6079 0.1901 0.6079 0.6079 0.1901 0.6079 0.1901 0.1901 0.1901 0.1901 0.6079 0.6079 0.1901 0.6079 0.1901
091 033 087 275 0.1901 0.6079 0.6079 0.1901 0.6079 0.1901 0.6079 0.6079 0.6079 0.1901 0.1901 0.6079 0.1901 0.1901 0.6079 0.6079
033 087 275 095 0.1901 0.1901 0.1901 0.1901 0.6079 0.6079 0.6079 0.1901 0.6079 0.1901 0.1901 0.1901 0.6079 0.6079 0.1901 0.6079
087 275 095 041 0.1901 0.6079 0.1901 0.1901 0.1901 0.6079 0.6079 0.1901 0.1901 0.6079 0.1901 0.1901 0.1901 0.6079 0.1901 0.1901
275 095 041 265 0.6079 0.1901 0.6079 0.1901 0.6079 0.6079 0.6079 0.1901 0.1901 0.6079 0.6079 0.6079 0.1901 0.1901 0.1901 0.6079
095 041 265 333 0.1901 0.1901 0.1901 0.1901 0.6079 0.1901 0.6079 0.6079 0.6079 0.6079 0.6079 0.1901 0.6079 0.6079 0.6079 0.6079
041 265 333 114 0.1901 0.1901 0.1901 0.6079 0.6079 0.6079 0.6079 0.6079 0.6079 0.6079 0.6079 0.1901 0.6079 0.1901 0.1901 0.6079
265 333 114 244 0.6079 0.6079 0.1901 0.1901 0.6079 0.1901 0.1901 0.1901 0.1901 0.1901 0.1901 0.6079 0.1901 0.1901 0.6079 0.6079
333 114 244 028 0.1901 0.1901 0.6079 0.6079 0.1901 0.6079 0.1901 0.6079 0.1901 0.6079 0.1901 0.1901 0.6079 0.1901 0.6079 0.1901
114 244 028 260 0.6079 0.6079 0.1901 0.6079 0.6079 0.6079 0.1901 0.1901 0.1901 0.1901 0.6079 0.6079 0.1901 0.6079 0.1901 0.1901
244 028 260 197 0.6079 0.6079 0.6079 0.1901 0.1901 0.6079 0.6079 0.1901 0.1901 0.6079 0.1901 0.1901 0.1901 0.1901 0.6079 0.6079
028 260 197 024 0.1901 0.6079 0.6079 0.1901 0.6079 0.1901 0.6079 0.1901 0.1901 0.1901 0.1901 0.1901 0.6079 0.1901 0.1901 0.1901
260 197 024 017 0.1901 0.1901 0.1901 0.6079 0.1901 0.6079 0.1901 0.1901 0.6079 0.1901 0.1901 0.6079 0.1901 0.6079 0.1901 0.1901
197 024 017 214 0.6079 0.6079 0.6079 0.6079 0.6079 0.6079 0.1901 0.6079 0.1901 0.1901 0.1901 0.6079 0.6079 0.6079 0.6079 0.1901
024 017 214 187 0.6079 0.1901 0.6079 0.6079 0.1901 0.1901 0.1901 0.1901 0.1901 0.6079 0.1901 0.6079 0.1901 0.6079 0.6079 0.6079
017 214 187 352 0.1901 0.1901 0.6079 0.6079 0.1901 0.6079 0.6079 0.1901 0.6079 0.6079 0.1901 0.6079 0.6079 0.6079 0.6079 0.6079
214 187 352 135 0.1901 0.1901 0.6079 0.6079 0.6079 0.6079 0.1901 0.1901 0.6079 0.1901 0.6079 0.1901 0.6079 0.6079 0.6079 0.6079
187 352 135 185 0.1901 0.1901 0.6079 0.1901 0.1901 0.1901 0.1901 0.1901 0.6079 0.1901 0.1901 0.6079 0.1901 0.6079 0.1901 0.6079
352 135 185 320 0.1901 0.6079 0.1901 0.6079 0.1901 0.6079 0.6079 0.1901 0.6079 0.6079 0.1901 0.1901 0.6079 0.1901 0.1901 0.6079
135 185 320 117 0.1901 0.6079 0.6079 0.1901 0.1901 0.6079 0.1901 0.1901 0.6079 0.6079 0.6079 0.1901 0.6079 0.1901 0.1901 0.6079
185 320 117 156 0.1901 0.6079 0.6079 0.1901 0.6079 0.6079 0.1901 0.1901 0.6079 0.6079 0.1901 0.6079 0.1901 0.1901 0.6079 0.1901
320 117 156 144 0.6079 0.1901 0.6079 0.6079 0.1901 0.1901 0.1901 0.6079 0.1901 0.6079 0.1901 0.1901 0.1901 0.6079 0.1901 0.6079
117 156 144 038 0.1901 0.1901 0.1901 0.1901 0.1901 0.6079 0.1901 0.1901 0.6079 0.1901 0.6079 0.6079 0.6079 0.1901 0.6079 0.6079
156 144 038 127 0.6079 0.1901 0.1901 0.1901 0.1901 0.1901 0.6079 0.6079 0.1901 0.6079 0.6079 0.6079 0.6079 0.1901 0.1901 0.1901
144 038 127 098 0.6079 0.1901 0.6079 0.6079 0.1901 0.6079 0.6079 0.6079 0.6079 0.1901 0.1901 0.6079 0.1901 0.6079 0.1901 0.1901
038 127 098 138 0.1901 0.6079 0.6079 0.6079 0.1901 0.1901 0.1901 0.6079 0.6079 0.6079 0.1901 0.1901 0.1901 0.1901 0.1901 0.1901
127 098 138 078 0.1901 0.6079 0.1901 0.6079 0.6079 0.6079 0.6079 0.6079 0.1901 0.1901 0.6079 0.1901 0.6079 0.6079 0.6079 0.1901
098 138 078 101 0.6079 0.6079 0.1901 0.1901 0.1901 0.1901 0.1901 0.6079 0.1901 0.6079 0.1901 0.1901 0.1901 0.6079 0.1901 0.6079
138 078 101 328 0.1901 0.6079 0.6079 0.1901 0.6079 0.6079 0.1901 0.6079 0.1901 0.6079 0.1901 0.1901 0.6079 0.6079 0.6079 0.6079
078 101 328 025 0.1901 0.1901 0.6079 0.6079 0.6079 0.6079 0.6079 0.6079 0.6079 0.1901 0.1901 0.1901 0.1901 0.1901 0.1901 0.6079
101 328 025 274 0.1901 0.1901 0.1901 0.1901 0.1901 0.6079 0.6079 0.6079 0.6079 0.6079 0.1901 0.6079 0.6079 0.6079 0.1901 0.6079
328 025 274 171 0.6079 0.6079 0.1901 0.1901 0.6079 0.6079 0.6079 0.1901 0.6079 0.6079 0.6079 0.1901 0.1901 0.6079 0.6079 0.1901
025 274 171 149 0.1901 0.1901 0.6079 0.6079 0.6079 0.1901 0.1901 0.6079 0.6079 0.1901 0.1901 0.6079 0.6079 0.6079 0.1901 0.1901
274 171 149 256 0.6079 0.1901 0.1901 0.6079 0.6079 0.1901 0.6079 0.6079 0.1901 0.1901 0.6079 0.1901 0.1901 0.6079 0.6079 0.6079
171 149 256 221 0.1901 0.6079 0.1901 0.6079 0.1901 0.6079 0.1901 0.1901 0.6079 0.6079 0.6079 0.1901 0.1901 0.6079 0.1901 0.1901
149 256 221 212 0.6079 0.6079 0.6079 0.1901 0.6079 0.1901 0.6079 0.6079 0.1901 0.6079 0.1901 0.1901 0.1901 0.6079 0.1901 0.1901
256 221 212 259 0.6079 0.1901 0.6079 0.1901 0.6079 0.1901 0.6079 0.6079 0.1901 0.6079 0.1901 0.6079 0.6079 0.6079 0.1901 0.6079
221 212 259 129 0.1901 0.1901 0.6079 0.1901 0.6079 0.1901 0.1901 0.6079 0.1901 0.1901 0.6079 0.6079 0.1901 0.1901 0.6079 0.1901
212 259 129 224 0.1901 0.6079 0.1901 0.1901 0.6079 0.1901 0.6079 0.1901 0.6079 0.1901 0.6079 0.6079 0.1901 0.6079 0.1901 0.1901
259 129 224 147 0.1901 0.1901 0.6079 0.1901 0.1901 0.6079 0.6079 0.6079 0.1901 0.6079 0.1901 0.1901 0.1901 0.1901 0.6079 0.6079
129 224 147 000 0.1901 0.1901 0.1901 0.6079 0.6079 0.1901 0.1901 0.1901 0.6079 0.1901 0.6079 0.6079 0.1901 0.1901 0.6079 0.1901
224 147 000 050 0.1901 0.6079 0.1901 0.6079 0.6079 0.1901 0.6079 0.6079 0.1901 0.1901 0.6079 0.1901 0.6079 0.1901 0.1901 0.1901
147 000 050 055 0.1901 0.6079 0.1901 0.1901 0.6079 0.6079 0.6079 0.6079 0.6079 0.1901 0.6079 0.1901 0.1901 0.1901 0.6079 0.6079
000 050 055 174 0.1901 0.1901 0.6079 0.6079 0.1901 0.1901 0.6079 0.6079 0.1901 0.1901 0.1901 0.6079 0.1901 0.1901 0.1901 0.6079
050 055 174 350 0.1901 0.1901 0.6079 0.1901 0.6079 0.1901 0.6079 0.1901 0.6079 0.1901 0.1901 0.1901 0.6079 0.1901 0.1901 0.6079
055 174 350 247 0.6079 0.1901 0.6079 0.6079 0.1901 0.6079 0.6079 0.6079 0.1901 0.1901 0.1901 0.6079 0.1901 0.1901 0.6079 0.6079
174 350 247 109 0.6079 0.6079 0.1901 0.1901 0.6079 0.1901 0.6079 0.1901 0.6079 0.1901 0.1901 0.1901 0.6079 0.1901 0.6079 0.6079
350 247 109 238 0.1901 0.6079 0.6079 0.6079 0.1901 0.6079 0.6079 0.6079 0.6079 0.1901 0.1901 0.6079 0.1901 0.6079 0.6079 0.6079
247 109 238 206 0.1901 0.1901 0.1901 0.1901 0.1901 0.6079 0.6079 0.6079 0.1901 0.6079 0.1901 0.6079 0.6079 0.1901 0.1901 0.1901
109 238 206 335 0.1901 0.6079 0.1901 0.1901 0.1901 0.6079 0.1901 0.1901 0.1901 0.1901 0.1901 0.6079 0.1901 0.1901 0.6079 0.1901
238 206 335 130 0.1901 0.6079 0.6079 0.6079 0.6079 0.6079 0.1901 0.1901 0.1901 0.1901 0.1901 0.6079 0.1901 0.6079 0.1901 0.1901
206 335 130 094 0.6079 0.6079 0.6079 0.6079 0.6079 0.6079 0.1901 0.6079 0.6079 0.1901 0.6079 0.1901 0.1901 0.6079 0.1901 0.1901
335 130 094 160 0.6079 0.1901 0.1901 0.1901 0.6079 0.1901 0.6079 0.1901 0.1901 0.1901 0.6079 0.6079 0.6079 0.6079 0.1901 0.6079
130 094 160 057 0.1901 0.1901 0.6079 0.1901 0.6079 0.1901 0.1901 0.6079 0.6079 0.1901 0.6079 0.1901 0.1901 0.6079 0.1901 0.1901
094 160 057 167 0.1901 0.1901 0.1901 0.6079 0.6079 0.6079 0.6079 0.6079 0.1901 0.6079 0.6079 0.6079 0.6079 0.6079 0.1901 0.6079
160 057 167 223 0.6079 0.1901 0.1901 0.6079 0.6079 0.6079 0.6079 0.6079 0.1901 0.1901 0.1901 0.6079 0.6079 0.6079 0.6079 0.1901
057 167 223 153 0.1901 0.6079 0.6079 0.1901 0.1901 0.6079 0.6079 0.1901 0.6079 0.1901 0.1901 0.1901 0.6079 0.6079 0.1901 0.1901
167 223 153 151 0.1901 0.1901 0.1901 0.1901 0.6079 0.6079 0.1901 0.6079 0.1901 0.6079 0.6079 0.1901 0.6079 0.1901 0.1901 0.6079
223 153 151 107 0.1901 0.6079 0.1901 0.1901 0.1901 0.6079 0.6079 0.6079 0.6079 0.6079 0.1901 0.1901 0.6079 0.1901 0.6079 0.6079
153 151 107 035 0.1901 0.6079 0.6079 0.6079 0.6079 0.1901 0.6079 0.1901 0.1901 0.6079 0.6079 0.1901 0.1901 0.6079 0.6079 0.6079
151 107 035 188 0.1901 0.6079 0.1901 0.6079 0.6079 0.6079 0.1901 0.6079 0.1901 0.6079 0.6079 0.1901 0.6079 0.6079 0.1901 0.1901
107 035 188 042 0.6079 0.1901 0.1901 0.1901 0.1901 0.1901 0.1901 0.6079 0.1901 0.1901 0.6079 0.1901 0.1901 0.6079 0.1901 0.1901
035 188 042 018 0.6079 0.6079 0.1901 0.1901 0.1901 0.1901 0.6079 0.6079 0.1901 0.1901 0.6079 0.6079 0.6079 0.6079 0.1901 0.1901
188 042 018 248 0.1901 0.6079 0.1901 0.6079 0.1901 0.6079 0.1901 0.1901 0.6079 0.1901 0.1901 0.6079 0.6079 0.6079 0.6079 0.1901
042 018 248 045 0.1901 0.6079 0.6079 0.6079 0.6079 0.1901 0.6079 0.1901 0.1901 0.6079 0.1901 0.6079 0.1901 0.6079 0.6079 0.1901
018 248 045 176 0.1901 0.6079 0.6079 0.6079 0.1901 0.1901 0.1901 0.1901 0.6079 0.6079 0.1901 0.6079 0.6079 0.1901 0.1901 0.1901
248 045 176 097 0.1901 0.6079 0.1901 0.6079 0.1901 0.1901 0.6079 0.1901 0.6079 0.6079 0.6079 0.1901 0.6079 0.1901 0.6079 0.1901
045 176 097 336 0.6079 0.1901 0.1901 0.1901 0.6079 0.6079 0.6079 0.6079 0.1901 0.6079 0.1901 0.6079 0.1901 0.1901 0.6079 0.6079
176 097 336 231 0.1901 0.1901 0.1901 0.1901 0.1901 0.6079 0.1901 0.1901 0.6079 0.6079 0.1901 0.6079 0.1901 0.6079 0.6079 0.1901
097 336 231 132 0.6079 0.1901 0.1901 0.6079 0.1901 0.1901 0.6079 0.1901 0.1901 0.1901 0.1901 0.6079 0.1901 0.6079 0.6079 0.6079
336 231 132 178 0.1901 0.1901 0.6079 0.1901 0.1901 0.6079 0.1901 0.1901 0.1901 0.6079 0.6079 0.6079 0.1901 0.6079 0.1901 0.6079
231 132 178 276 0.1901 0.1901 0.1901 0.1901 0.1901 0.1901 0.6079 0.1901 0.1901 0.1901 0.6079 0.6079 0.1901 0.6079 0.1901 0.1901
132 178 276 233 0.6079 0.1901 0.1901 0.6079 0.6079 0.6079 0.6079 0.1901 0.6079 0.6079 0.6079 0.1901 0.1901 0.6079 0.6079 0.1901
178 276 233 102 0.1901 0.6079 0.6079 0.6079 0.1901 0.6079 0.6079 0.6079 0.6079 0.6079 0.6079 0.6079 0.1901 0.6079 0.1901 0.1901
276 233 102 013 0.1901 0.6079 0.6079 0.6079 0.1901 0.6079 0.6079 0.1901 0.1901 0.6079 0.1901 0.6079 0.1901 0.6079 0.6079 0.1901
233 102 013 034 0.6079 0.1901 0.6079 0.1901 0.1901 0.1901 0.1901 0.1901 0.1901 0.6079 0.6079 0.1901 0.1901 0.1901 0.1901 0.1901
102 013 034 002 0.6079 0.1901 0.1901 0.1901 0.6079 0.1901 0.6079 0.1901 0.1901 0.1901 0.1901 0.6079 0.1901 0.6079 0.6079 0.6079
013 034 002 189 0.1901 0.6079 0.1901 0.1901 0.6079 0.1901 0.1901 0.1901 0.6079 0.6079 0.6079 0.6079 0.6079 0.6079 0.1901 0.1901
034 002 189 064 0.6079 0.1901 0.1901 0.1901 0.1901 0.6079 0.1901 0.1901 0.6079 0.1901 0.6079 0.6079 0.6079 0.6079 0.1901 0.6079
002 189 064 051 0.1901 0.1901 0.1901 0.1901 0.6079 0.6079 0.1901 0.1901 0.1901 0.6079 0.6079 0.6079 0.1901 0.1901 0.1901 0.1901
189 064 051 353 0.6079 0.6079 0.6079 0.6079 0.1901 0.6079 0.6079 0.6079 0.1901 0.6079 0.6079 0.1901 0.1901 0.1901 0.6079 0.6079
064 051 353 027 0.1901 0.1901 0.6079 0.1901 0.1901 0.6079 0.1901 0.1901 0.6079 0.1901 0.6079 0.6079 0.1901 0.1901 0.6079 0.6079
051 353 027 113 0.6079 0.1901 0.6079 0.1901 0.1901 0.1901 0.1901 0.1901 0.6079 0.1901 0.1901 0.1901 0.6079 0.6079 0.1901 0.1901
353 027 113 093 0.1901 0.6079 0.1901 0.6079 0.1901 0.6079 0.6079 0.6079 0.1901 0.1901 0.1901 0.6079 0.6079 0.1901 0.1901 0.1901
027 113 093 062 0.6079 0.1901 0.1901 0.1901 0.1901 0.1901 0.6079 0.6079 0.6079 0.1901 0.1901 0.6079 0.1901 0.1901 0.1901 0.1901
113 093 062 136 0.6079 0.6079 0.1901 0.6079 0.1901 0.1901 0.1901 0.6079 0.6079 0.1901 0.6079 0.1901 0.1901 0.1901 0.1901 0.6079
093 062 136 293 0.6079 0.6079 0.6079 0.1901 0.1901 0.1901 0.1901 0.1901 0.1901 0.1901 0.6079 0.1901 0.1901 0.1901 0.6079 0.6079
062 136 293 172 0.1901 0.1901 0.6079 0.6079 0.1901 0.6079 0.6079 0.1901 0.1901 0.1901 0.6079 0.1901 0.6079 0.6079 0.1901 0.1901
136 293 172 295 0.6079 0.1901 0.6079 0.1901 0.6079 0.6079 0.1901 0.6079 0.6079 0.1901 0.6079 0.6079 0.1901 0.1901 0.6079 0.6079
293 172 295 208 0.6079 0.6079 0.1901 0.6079 0.1901 0.1901 0.1901 0.6079 0.6079 0.1901 0.6079 0.6079 0.1901 0.1901 0.1901 0.1901
172 295 208 306 0.1901 0.1901 0.1901 0.6079 0.1901 0.6079 0.1901 0.1901 0.1901 0.6079 0.1901 0.6079 0.1901 0.1901 0.1901 0.1901
295 208 306 217 0.1901 0.6079 0.1901 0.6079 0.1901 0.6079 0.6079 0.6079 0.1901 0.1901 0.6079 0.1901 0.6079 0.6079 0.6079 0.1901
208 306 217 030 0.1901 0.6079 0.6079 0.1901 0.1901 0.6079 0.6079 0.6079 0.6079 0.1901 0.6079 0.6079 0.6079 0.6079 0.6079 0.6079
306 217 030 115 0.1901 0.6079 0.1901 0.1901 0.1901 0.6079 0.6079 0.6079 0.1901 0.1901 0.1901 0.1901 0.6079 0.1901 0.1901 0.1901
217 030 115 314 0.1901 0.6079 0.6079 0.1901 0.6079 0.1901 0.6079 0.1901 0.6079 0.1901 0.6079 0.6079 0.1901 0.6079 0.1901 0.6079
030 115 314 266 0.1901 0.6079 0.6079 0.6079 0.6079 0.1901 0.1901 0.1901 0.6079 0.6079 0.6079 0.6079 0.6079 0.1901 0.1901 0.1901
115 314 266 118 0.1901 0.6079 0.1901 0.1901 0.1901 0.1901 0.6079 0.6079 0.6079 0.6079 0.1901 0.1901 0.6079 0.6079 0.6079 0.6079
314 266 118 192 0.1901 0.1901 0.6079 0.1901 0.1901 0.1901 0.1901 0.1901 0.1901 0.6079 0.1901 0.6079 0.6079 0.6079 0.6079 0.6079
266 118 192 252 0.1901 0.6079 0.6079 0.1901 0.1901 0.1901 0.6079 0.6079 0.1901 0.6079 0.6079 0.6079 0.6079 0.6079 0.1901 0.6079
118 192 252 270 0.6079 0.6079 0.1901 0.6079 0.6079 0.1901 0.6079 0.6079 0.6079 0.6079 0.1901 0.1901 0.1901 0.1901 0.1901 0.1901
192 252 270 063 0.1901 0.6079 0.1901 0.1901 0.1901 0.1901 0.1901 0.1901 0.1901 0.1901 0.1901 0.1901 0.6079 0.1901 0.1901 0.1901
252 270 063 146 0.1901 0.6079 0.6079 0.6079 0.6079 0.1901 0.6079 0.1901 0.6079 0.6079 0.6079 0.6079 0.6079 0.1901 0.1901 0.6079
270 063 146 344 0.1901 0.1901 0.6079 0.1901 0.1901 0.6079 0.6079 0.6079 0.1901 0.6079 0.1901 0.1901 0.1901 0.1901 0.6079 0.6079
063 146 344 227 0.1901 0.1901 0.1901 0.6079 0.6079 0.6079 0.1901 0.6079 0.1901 0.6079 0.6079 0.6079 0.6079 0.1901 0.6079 0.1901
146 344 227 218 0.1901 0.6079 0.6079 0.1901 0.1901 0.1901 0.1901 0.6079 0.6079 0.1901 0.1901 0.1901 0.6079 0.1901 0.6079 0.1901
344 227 218 235 0.6079 0.1901 0.1901 0.1901 0.1901 0.1901 0.6079 0.1901 0.1901 0.1901 0.1901 0.1901 0.1901 0.6079 0.1901 0.1901
227 218 235 346 0.6079 0.6079 0.6079 0.6079 0.1901 0.6079 0.1901 0.6079 0.1901 0.6079 0.6079 0.1901 0.1901 0.6079 0.1901 0.6079
218 235 346 296 0.1901 0.1901 0.1901 0.6079 0.6079 0.1901 0.6079 0.1901 0.6079 0.1901 0.1901 0.6079 0.6079 0.1901 0.6079 0.1901
235 346 296 327 0.6079 0.1901 0.6079 0.1901 0.1901 0.1901 0.1901 0.1901 0.1901 0.6079 0.6079 0.1901 0.6079 0.1901 0.1901 0.6079
346 296 327 111 0.1901 0.6079 0.6079 0.6079 0.6079 0.6079 0.1901 0.1901 0.6079 0.6079 0.6079 0.6079 0.1901 0.6079 0.1901 0.1901
296 327 111 068 0.1901 0.1901 0.1901 0.6079 0.6079 0.1901 0.6079 0.1901 0.6079 0.6079 0.6079 0.6079 0.6079 0.6079 0.1901 0.6079
327 111 068 339 0.6079 0.1901 0.6079 0.6079 0.1901 0.1901 0.6079 0.6079 0.1901 0.1901 0.6079 0.6079 0.6079 0.1901 0.6079 0.1901
111 068 339 145 0.1901 0.6079 0.1901 0.6079 0.6079 0.6079 0.6079 0.6079 0.6079 0.6079 0.6079 0.1901 0.6079 0.6079 0.1901 0.1901
068 339 145 080 0.1901 0.6079 0.1901 0.1901 0.6079 0.1901 0.1901 0.6079 0.1901 0.6079 0.6079 0.6079 0.6079 0.6079 0.6079 0.1901
339 145 080 096 0.1901 0.6079 0.1901 0.6079 0.1901 0.1901 0.1901 0.6079 0.1901 0.1901 0.1901 0.1901 0.1901 0.1901 0.6079 0.6079
145 080 096 249 0.6079 0.1901 0.6079 0.6079 0.1901 0.6079 0.6079 0.1901 0.6079 0.6079 0.1901 0.6079 0.1901 0.1901 0.1901 0.6079
080 096 249 015 0.1901 0.6079 0.6079 0.6079 0.1901 0.6079 0.1901 0.6079 0.1901 0.6079 0.6079 0.6079 0.6079 0.1901 0.6079 0.6079
096 249 015 043 0.6079 0.1901 0.1901 0.1901 0.1901 0.1901 0.6079 0.1901 0.6079 0.6079 0.1901 0.1901 0.1901 0.6079 0.6079 0.1901
249 015 043 103 0.6079 0.6079 0.1901 0.1901 0.1901 0.1901 0.6079 0.1901 0.1901 0.1901 0.1901 0.6079 0.1901 0.6079 0.1901 0.1901
015 043 103 052 0.6079 0.1901 0.6079 0.6079 0.1901 0.1901 0.1901 0.6079 0.1901 0.1901 0.1901 0.1901 0.1901 0.6079 0.1901 0.1901
043 103 052 193 0.1901 0.6079 0.1901 0.6079 0.1901 0.1901 0.6079 0.6079 0.1901 0.6079 0.1901 0.6079 0.6079 0.6079 0.6079 0.1901
103 052 193 152 0.1901 0.6079 0.6079 0.1901 0.6079 0.6079 0.1901 0.6079 0.1901 0.1901 0.1901 0.1901 0.1901 0.1901 0.1901 0.1901
052 193 152 334 0.6079 0.6079 0.1901 0.6079 0.6079 0.1901 0.1901 0.6079 0.6079 0.6079 0.6079 0.1901 0.6079 0.6079 0.1901 0.1901
193 152 334 198 0.6079 0.1901 0.1901 0.6079 0.1901 0.1901 0.1901 0.6079 0.1901 0.6079 0.1901 0.1901 0.1901 0.6079 0.6079 0.6079
152 334 198 215 0.1901 0.1901 0.1901 0.1901 0.6079 0.6079 0.1901 0.1901 0.6079 0.1901 0.1901 0.6079 0.1901 0.6079 0.1901 0.1901
334 198 215 261 0.6079 0.6079 0.6079 0.1901 0.6079 0.1901 0.1901 0.1901 0.6079 0.1901 0.1901 0.1901 0.1901 0.6079 0.6079 0.1901
198 215 261 054 0.6079 0.1901 0.6079 0.6079 0.1901 0.6079 0.6079 0.1901 0.6079 0.1901 0.6079 0.1901 0.6079 0.1901 0.1901 0.1901
215 261 054 190 0.6079 0.1901 0.6079 0.6079 0.6079 0.1901 0.1901 0.6079 0.6079 0.1901 0.1901 0.6079 0.6079 0.1901 0.6079 0.1901
261 054 190 325 0.6079 0.6079 0.1901 0.1901 0.6079 0.1901 0.1901 0.6079 0.1901 0.1901 0.6079 0.1901 0.1901 0.1901 0.1901 0.1901
054 190 325 204 0.6079 0.1901 0.1901 0.1901 0.6079 0.6079 0.1901 0.6079 0.6079 0.1901 0.6079 0.1901 0.1901 0.6079 0.6079 0.6079
190 325 204 203 0.6079 0.1901 0.6079 0.1901 0.6079 0.1901 0.1901 0.1901 0.6079 0.1901 0.6079 0.6079 0.6079 0.1901 0.1901 0.1901
325 204 203 044 0.1901 0.1901 0.1901 0.1901 0.1901 0.1901 0.6079 0.6079 0.1901 0.1901 0.6079 0.6079 0.1901 0.1901 0.1901 0.1901
204 203 044 273 0.1901 0.1901 0.1901 0.6079 0.1901 0.6079 0.6079 0.6079 0.6079 0.6079 0.1901 0.1901 0.6079 0.6079 0.6079 0.1901
203 044 273 289 0.1901 0.1901 0.6079 0.6079 0.6079 0.1901 0.1901 0.1901 0.1901 0.6079 0.6079 0.1901 0.1901 0.6079 0.6079 0.1901
044 273 289 168 0.1901 0.6079 0.1901 0.6079 0.6079 0.6079 0.6079 0.6079 0.6079 0.6079 0.6079 0.1901 0.6079 0.6079 0.1901 0.1901
273 289 168 347 0.6079 0.1901 0.6079 0.1901 0.6079 0.6079 0.1901 0.6079 0.1901 0.6079 0.1901 0.6079 0.1901 0.1901 0.6079 0.1901
289 168 347 053 0.1901 0.6079 0.6079 0.6079 0.6079 0.1901 0.6079 0.6079 0.6079 0.6079 0.1901 0.6079 0.6079 0.6079 0.6079 0.1901
168 347 053 106 0.1901 0.1901 0.6079 0.6079 0.1901 0.6079 0.6079 0.6079 0.6079 0.1901 0.6079 0.6079 0.1901 0.1901 0.6079 0.6079
347 053 106 121 0.6079 0.1901 0.6079 0.6079 0.1901 0.1901 0.1901 0.6079 0.6079 0.6079 0.1901 0.1901 0.1901 0.6079 0.6079 0.6079
053 106 121 239 0.1901 0.1901 0.1901 0.1901 0.1901 0.1901 0.1901 0.6079 0.1901 0.1901 0.6079 0.1901 0.6079 0.6079 0.1901 0.1901
106 121 239 090 0.6079 0.6079 0.6079 0.6079 0.1901 0.6079 0.6079 0.6079 0.1901 0.6079 0.1901 0.6079 0.6079 0.1901 0.1901 0.6079
121 239 090 112 0.6079 0.1901 0.1901 0.6079 0.1901 0.6079 0.6079 0.1901 0.6079 0.1901 0.6079 0.6079 0.1901 0.1901 0.1901 0.1901
239 090 112 159 0.6079 0.1901 0.6079 0.1901 0.1901 0.6079 0.1901 0.6079 0.6079 0.1901 0.6079 0.1901 0.6079 0.6079 0.1901 0.6079
090 112 159 321 0.1901 0.1901 0.6079 0.6079 0.1901 0.1901 0.1901 0.6079 0.1901 0.1901 0.1901 0.1901 0.6079 0.6079 0.6079 0.6079
112 159 321 278 0.1901 0.6079 0.1901 0.6079 0.1901 0.1901 0.6079 0.6079 0.6079 0.6079 0.1901 0.1901 0.1901 0.6079 0.1901 0.1901
159 321 278 022 0.1901 0.6079 0.1901 0.6079 0.6079 0.6079 0.1901 0.6079 0.1901 0.6079 0.1901 0.6079 0.6079 0.6079 0.6079 0.6079
321 278 022 222 0.1901 0.6079 0.1901 0.1901 0.1901 0.6079 0.6079 0.1901 0.6079 0.6079 0.1901 0.1901 0.1901 0.1901 0.6079 0.1901
278 022 222 056 0.6079 0.6079 0.6079 0.6079 0.6079 0.1901 0.6079 0.1901 0.1901 0.6079 0.1901 0.1901 0.6079 0.6079 0.1901 0.1901
022 222 056 074 0.1901 0.1901 0.1901 0.6079 0.6079 0.6079 0.1901 0.1901 0.1901 0.1901 0.1901 0.1901 0.6079 0.1901 0.1901 0.1901
222 056 074 047 0.1901 0.1901 0.6079 0.6079 0.1901 0.6079 0.6079 0.6079 0.1901 0.6079 0.6079 0.1901 0.1901 0.6079 0.1901 0.6079
056 074 047 298 0.1901 0.6079 0.6079 0.6079 0.1901 0.6079 0.1901 0.1901 0.6079 0.6079 0.6079 0.1901 0.6079 0.6079 0.6079 0.6079
074 047 298 258 0.1901 0.6079 0.6079 0.1901 0.1901 0.6079 0.6079 0.6079 0.6079 0.6079 0.1901 0.6079 0.6079 0.1901 0.6079 0.6079
047 298 258 165 0.6079 0.1901 0.6079 0.6079 0.1901 0.1901 0.1901 0.1901 0.6079 0.6079 0.1901 0.6079 0.6079 0.6079 0.1901 0.6079
298 258 165 088 0.6079 0.1901 0.6079 0.1901 0.1901 0.1901 0.1901 0.6079 0.6079 0.6079 0.6079 0.6079 0.6079 0.1901 0.1901 0.6079
258 165 088 012 0.1901 0.6079 0.6079 0.6079 0.1901 0.1901 0.1901 0.6079 0.1901 0.6079 0.1901 0.1901 0.6079 0.6079 0.6079 0.6079
165 088 012 297 0.1901 0.6079 0.6079 0.6079 0.6079 0.1901 0.1901 0.1901 0.6079 0.1901 0.1901 0.6079 0.6079 0.1901 0.1901 0.1901
088 012 297 229 0.6079 0.1901 0.1901 0.6079 0.6079 0.6079 0.1901 0.1901 0.1901 0.1901 0.1901 0.1901 0.1901 0.6079 0.6079 0.6079
012 297 229 139 0.1901 0.6079 0.1901 0.1901 0.1901 0.6079 0.6079 0.6079 0.1901 0.6079 0.1901 0.6079 0.6079 0.1901 0.1901 0.6079
297 229 139 285 0.1901 0.6079 0.6079 0.1901 0.1901 0.6079 0.1901 0.6079 0.6079 0.1901 0.6079 0.6079 0.1901 0.1901 0.1901 0.1901
229 139 285 246 0.1901 0.6079 0.6079 0.1901 0.1901 0.1901 0.6079 0.1901 0.1901 0.6079 0.6079 0.1901 0.1901 0.1901 0.1901 0.1901
139 285 246 158 0.1901 0.6079 0.6079 0.1901 0.6079 0.6079 0.1901 0.6079 0.1901 0.1901 0.1901 0.1901 0.1901 0.1901 0.1901 0.6079
285 246 158 205 0.1901 0.6079 0.6079 0.1901 0.1901 0.1901 0.1901 0.6079 0.1901 0.6079 0.1901 0.6079 0.1901 0.6079 0.6079 0.6079
246 158 205 313 0.1901 0.1901 0.6079 0.1901 0.6079 0.1901 0.1901 0.6079 0.1901 0.6079 0.6079 0.6079 0.1901 0.1901 0.6079 0.6079
158 205 313 255 0.6079 0.1901 0.6079 0.6079 0.1901 0.1901 0.1901 0.6079 0.1901 0.1901 0.1901 0.6079 0.1901 0.6079 0.6079 0.6079
205 313 255 342 0.1901 0.1901 0.6079 0.1901 0.6079 0.6079 0.1901 0.1901 0.1901 0.6079 0.6079 0.1901 0.6079 0.1901 0.6079 0.6079
313 255 342 177 0.6079 0.1901 0.1901 0.1901 0.6079 0.1901 0.6079 0.1901 0.6079 0.1901 0.1901 0.1901 0.6079 0.1901 0.1901 0.6079
255 342 177 220 0.6079 0.6079 0.6079 0.6079 0.1901 0.1901 0.1901 0.1901 0.6079 0.1901 0.6079 0.1901 0.6079 0.1901 0.6079 0.6079
342 177 220 318 0.1901 0.1901 0.6079 0.1901 0.1901 0.1901 0.6079 0.6079 0.6079 0.6079 0.1901 0.6079 0.6079 0.1901 0.6079 0.1901
177 220 318 007 0.1901 0.6079 0.6079 0.6079 0.1901 0.1901 0.6079 0.1901 0.6079 0.1901 0.6079 0.1901 0.6079 0.1901 0.6079 0.6079
220 318 007 040 0.1901 0.1901 0.6079 0.6079 0.1901 0.6079 0.6079 0.1901 0.1901 0.1901 0.1901 0.6079 0.1901 0.6079 0.6079 0.1901
318 007 040 082 0.6079 0.6079 0.1901 0.6079 0.1901 0.6079 0.6079 0.1901 0.6079 0.6079 0.6079 0.1901 0.6079 0.6079 0.6079 0.1901
007 040 082 006 0.6079 0.6079 0.6079 0.6079 0.6079 0.1901 0.1901 0.6079 0.1901 0.6079 0.1901 0.1901 0.1901 0.6079 0.1901 0.1901
040 082 006 287 0.6079 0.6079 0.1901 0.1901 0.6079 0.1901 0.6079 0.6079 0.6079 0.1901 0.6079 0.1901 0.6079 0.1901 0.1901 0.1901
082 006 287 241 0.1901 0.1901 0.1901 0.1901 0.6079 0.6079 0.6079 0.1901 0.1901 0.1901 0.1901 0.1901 0.6079 0.6079 0.1901 0.1901
006 287 241 026 0.6079 0.6079 0.1901 0.6079 0.1901 0.1901 0.6079 0.1901 0.1901 0.6079 0.6079 0.6079 0.6079 0.1901 0.1901 0.1901
287 241 026 211 0.1901 0.6079 0.6079 0.1901 0.1901 0.1901 0.1901 0.6079 0.1901 0.1901 0.1901 0.1901 0.1901 0.6079 0.1901 0.6079
241 026 211 216 0.6079 0.1901 0.1901 0.6079 0.6079 0.6079 0.6079 0.1901 0.6079 0.6079 0.1901 0.6079 0.1901 0.6079 0.6079 0.1901
026 211 216 128 0.6079 0.1901 0.6079 0.6079 0.6079 0.6079 0.1901 0.1901 0.6079 0.1901 0.6079 0.6079 0.1901 0.6079 0.6079 0.6079
211 216 128 069 0.6079 0.1901 0.6079 0.6079 0.1901 0.1901 0.6079 0.1901 0.1901 0.6079 0.6079 0.1901 0.6079 0.6079 0.1901 0.6079
216 128 069 125 0.1901 0.1901 0.6079 0.1901 0.6079 0.6079 0.6079 0.1901 0.6079 0.1901 0.6079 0.6079 0.1901 0.1901 0.6079 0.1901
128 069 125 195 0.1901 0.6079 0.1901 0.6079 0.6079 0.6079 0.6079 0.6079 0.6079 0.6079 0.6079 0.1901 0.6079 0.6079 0.1901 0.1901
069 125 195 186 0.6079 0.6079 0.6079 0.6079 0.6079 0.6079 0.1901 0.1901 0.6079 0.1901 0.6079 0.1901 0.1901 0.6079 0.6079 0.1901
125 195 186 338 0.6079 0.1901 0.6079 0.1901 0.1901 0.6079 0.1901 0.1901 0.1901 0.6079 0.6079 0.6079 0.6079 0.1901 0.6079 0.1901
195 186 338 157 0.6079 0.1901 0.1901 0.6079 0.6079 0.6079 0.1901 0.6079 0.1901 0.6079 0.1901 0.6079 0.6079 0.1901 0.6079 0.1901
186 338 157 058 0.1901 0.1901 0.1901 0.6079 0.6079 0.1901 0.1901 0.6079 0.1901 0.6079 0.1901 0.1901 0.1901 0.6079 0.1901 0.6079
338 157 058 163 0.1901 0.6079 0.1901 0.1901 0.1901 0.6079 0.1901 0.6079 0.6079 0.1901 0.6079 0.1901 0.1901 0.1901 0.6079 0.6079
157 058 163 340 0.6079 0.6079 0.6079 0.1901 0.6079 0.1901 0.1901 0.6079 0.6079 0.1901 0.1901 0.6079 0.1901 0.6079 0.1901 0.1901
058 163 340 155 0.6079 0.6079 0.6079 0.1901 0.6079 0.6079 0.1901 0.1901 0.6079 0.1901 0.6079 0.6079 0.1901 0.1901 0.6079 0.6079
163 340 155 154 0.6079 0.6079 0.1901 0.1901 0.6079 0.1901 0.6079 0.1901 0.1901 0.6079 0.1901 0.1901 0.1901 0.6079 0.6079 0.1901
340 155 154 236 0.6079 0.6079 0.1901 0.6079 0.1901 0.1901 0.1901 0.6079 0.1901 0.6079 0.1901 0.6079 0.6079 0.1901 0.6079 0.1901
155 154 236 023 0.6079 0.1901 0.6079 0.1901 0.6079 0.6079 0.1901 0.1901 0.1901 0.6079 0.6079 0.1901 0.6079 0.6079 0.6079 0.1901
154 236 023 290 0.6079 0.1901 0.6079 0.1901 0.6079 0.1901 0.6079 0.6079 0.6079 0.1901 0.6079 0.6079 0.1901 0.6079 0.1901 0.6079
236 023 290 148 0.1901 0.6079 0.6079 0.1901 0.6079 0.6079 0.6079 0.6079 0.6079 0.6079 0.6079 0.6079 0.1901 0.6079 0.6079 0.1901
023 290 148 010 0.6079 0.1901 0.1901 0.1901 0.1901 0.6079 0.1901 0.1901 0.6079 0.1901 0.6079 0.1901 0.6079 0.6079 0.6079 0.1901
290 148 010 123 0.1901 0.1901 0.6079 0.6079 0.6079 0.6079 0.1901 0.1901 0.6079 0.1901 0.6079 0.1901 0.6079 0.1901 0.6079 0.1901
148 010 123 284 0.6079 0.6079 0.1901 0.6079 0.1901 0.6079 0.1901 0.6079 0.6079 0.6079 0.1901 0.1901 0.6079 0.1901 0.6079 0.6079
010 123 284 237 0.6079 0.1901 0.1901 0.1901 0.1901 0.6079 0.1901 0.1901 0.1901 0.6079 0.1901 0.6079 0.1901 0.6079 0.6079 0.1901
123 284 237 299 0.1901 0.6079 0.1901 0.6079 0.6079 0.6079 0.1901 0.6079 0.1901 0.1901 0.1901 0.6079 0.6079 0.6079 0.6079 0.1901
284 237 299 262 0.1901 0.1901 0.6079 0.6079 0.6079 0.6079 0.1901 0.6079 0.1901 0.6079 0.1901 0.1901 0.1901 0.6079 0.1901 0.1901
237 299 262 191 0.6079 0.1901 0.6079 0.6079 0.6079 0.6079 0.6079 0.6079 0.6079 0.1901 0.6079 0.1901 0.6079 0.6079 0.6079 0.1901
299 262 191 329 0.1901 0.1901 0.1901 0.1901 0.6079 0.1901 0.1901 0.6079 0.6079 0.6079 0.1901 0.6079 0.1901 0.6079 0.6079 0.6079
262 191 329 343 0.6079 0.6079 0.1901 0.6079 0.1901 0.6079 0.6079 0.6079 0.1901 0.1901 0.1901 0.6079 0.6079 0.1901 0.6079 0.1901
191 329 343 060 0.6079 0.6079 0.6079 0.6079 0.1901 0.1901 0.1901 0.1901 0.1901 0.6079 0.1901 0.6079 0.6079 0.1901 0.1901 0.1901
329 343 060 292 0.1901 0.1901 0.1901 0.6079 0.6079 0.6079 0.6079 0.1901 0.6079 0.1901 0.1901 0.1901 0.1901 0.6079 0.1901 0.6079
343 060 292 075 0.6079 0.6079 0.6079 0.6079 0.1901 0.1901 0.6079 0.6079 0.1901 0.1901 0.6079 0.1901 0.6079 0.1901 0.6079 0.6079
060 292 075 108 0.6079 0.1901 0.6079 0.6079 0.6079 0.6079 0.1901 0.6079 0.6079 0.6079 0.1901 0.6079 0.6079 0.1901 0.1901 0.6079
292 075 108 308 0.1901 0.6079 0.6079 0.6079 0.1901 0.1901 0.6079 0.1901 0.1901 0.1901 0.6079 0.1901 0.6079 0.6079 0.6079 0.1901
075 108 308 245 0.1901 0.6079 0.1901 0.6079 0.6079 0.6079 0.1901 0.1901 0.1901 0.1901 0.6079 0.1901 0.6079 0.6079 0.6079 0.6079
108 308 245 288 0.6079 0.1901 0.6079 0.1901 0.6079 0.1901 0.6079 0.6079 0.1901 0.6079 0.1901 0.1901 0.6079 0.1901 0.1901 0.1901
308 245 288 019 0.6079 0.1901 0.1901 0.1901 0.6079 0.6079 0.1901 0.6079 0.6079 0.1901 0.6079 0.6079 0.6079 0.6079 0.6079 0.1901
245 288 019 046 0.6079 0.6079 0.6079 0.1901 0.6079 0.6079 0.1901 0.1901 0.6079 0.1901 0.1901 0.1901 0.6079 0.1901 0.1901 0.6079
288 019 046 014 0.6079 0.6079 0.1901 0.1901 0.1901 0.6079 0.1901 0.1901 0.6079 0.6079 0.6079 0.6079 0.6079 0.6079 0.1901 0.6079
019 046 014 134 0.1901 0.6079 0.1901 0.1901 0.1901 0.6079 0.6079 0.6079 0.6079 0.6079 0.6079 0.6079 0.6079 0.1901 0.1901 0.6079
046 014 134 279 0.1901 0.1901 0.6079 0.6079 0.6079 0.1901 0.1901 0.6079 0.1901 0.6079 0.1901 0.1901 0.6079 0.6079 0.1901 0.1901
014 134 279 141 0.1901 0.6079 0.1901 0.1901 0.6079 0.6079 0.6079 0.1901 0.6079 0.6079 0.1901 0.1901 0.6079 0.1901 0.1901 0.6079
134 279 141 070 0.1901 0.6079 0.1901 0.1901 0.1901 0.1901 0.6079 0.6079 0.6079 0.6079 0.6079 0.1901 0.1901 0.1901 0.6079 0.6079
279 141 070 349 0.1901 0.1901 0.6079 0.1901 0.1901 0.1901 0.6079 0.6079 0.6079 0.6079 0.1901 0.6079 0.1901 0.6079 0.6079 0.6079
141 070 349 280 0.6079 0.6079 0.1901 0.6079 0.1901 0.6079 0.1901 0.6079 0.1901 0.1901 0.6079 0.1901 0.6079 0.6079 0.1901 0.6079
070 349 280 354 0.1901 0.1901 0.1901 0.6079 0.1901 0.6079 0.6079 0.1901 0.6079 0.1901 0.6079 0.1901 0.1901 0.6079 0.1901 0.1901
349 280 354 081 0.1901 0.1901 0.6079 0.1901 0.1901 0.1901 0.6079 0.6079 0.1901 0.1901 0.6079 0.1901 0.6079 0.1901 0.1901 0.6079
280 354 081 131 0.6079 0.1901 0.1901 0.6079 0.1901 0.1901 0.6079 0.6079 0.1901 0.1901 0.1901 0.6079 0.1901 0.1901 0.6079 0.6079
354 081 131 311 0.1901 0.1901 0.1901 0.1901 0.6079 0.6079 0.1901 0.1901 0.1901 0.1901 0.6079 0.1901 0.1901 0.6079 0.6079 0.1901
081 131 311 304 0.1901 0.6079 0.6079 0.1901 0.1901 0.1901 0.6079 0.1901 0.6079 0.1901 0.6079 0.1901 0.6079 0.1901 0.1901 0.6079
131 311 304 332 0.1901 0.1901 0.1901 0.6079 0.1901 0.6079 0.6079 0.1901 0.6079 0.6079 0.1901 0.1901 0.1901 0.6079 0.1901 0.6079
311 304 332 282 0.6079 0.6079 0.6079 0.1901 0.6079 0.1901 0.6079 0.1901 0.1901 0.6079 0.6079 0.1901 0.1901 0.1901 0.1901 0.6079
304 332 282 133 0.1901 0.6079 0.6079 0.1901 0.1901 0.1901 0.1901 0.6079 0.6079 0.6079 0.1901 0.1901 0.1901 0.6079 0.1901 0.6079
332 282 133 267 0.6079 0.6079 0.1901 0.1901 0.1901 0.1901 0.1901 0.1901 0.1901 0.6079 0.1901 0.1901 0.1901 0.6079 0.6079 0.6079
282 133 267 065 0.1901 0.6079 0.1901 0.6079 0.1901 0.6079 0.1901 0.1901 0.1901 0.6079 0.6079 0.6079 0.6079 0.1901 0.1901 0.6079
133 267 065 355 0.6079 0.1901 0.6079 0.1901 0.6079 0.6079 0.1901 0.1901 0.1901 0.6079 0.6079 0.6079 0.1901 0.6079 0.6079 0.1901
267 065 355 162 0.6079 0.1901 0.6079 0.1901 0.1901 0.6079 0.1901 0.1901 0.1901 0.1901 0.1901 0.6079 0.6079 0.1901 0.1901 0.6079
065 355 162 269 0.6079 0.1901 0.6079 0.6079 0.6079 0.6079 0.1901 0.6079 0.1901 0.6079 0.1901 0.6079 0.1901 0.6079 0.6079 0.1901
355 162 269 264 0.1901 0.1901 0.1901 0.6079 0.6079 0.1901 0.6079 0.1901 0.6079 0.6079 0.6079 0.1901 0.1901 0.1901 0.6079 0.1901
162 269 264 029 0.1901 0.1901 0.1901 0.6079 0.6079 0.1901 0.1901 0.6079 0.1901 0.1901 0.6079 0.6079 0.1901 0.1901 0.1901 0.6079
269 264 029 310 0.6079 0.6079 0.6079 0.6079 0.1901 0.1901 0.1901 0.1901 0.1901 0.1901 0.6079 0.1901 0.6079 0.1901 0.1901 0.1901
264 029 310 226 0.1901 0.6079 0.1901 0.6079 0.6079 0.6079 0.1901 0.6079 0.6079 0.6079 0.1901 0.1901 0.1901 0.1901 0.1901 0.1901
029 310 226 324 0.1901 0.6079 0.1901 0.1901 0.6079 0.1901 0.6079 0.1901 0.1901 0.6079 0.1901 0.1901 0.6079 0.6079 0.1901 0.6079
310 226 324 031 0.1901 0.6079 0.1901 0.1901 0.6079 0.1901 0.1901 0.6079 0.1901 0.6079 0.1901 0.6079 0.1901 0.6079 0.6079 0.1901
226 324 031 272 0.6079 0.1901 0.1901 0.6079 0.6079 0.6079 0.6079 0.1901 0.6079 0.1901 0.6079 0.6079 0.1901 0.6079 0.6079 0.6079
324 031 272 326 0.1901 0.1901 0.1901 0.6079 0.6079 0.6079 0.1901 0.6079 0.6079 0.6079 0.6079 0.6079 0.1901 0.1901 0.6079 0.1901
031 272 326 277 0.6079 0.1901 0.6079 0.1901 0.1901 0.1901 0.1901 0.6079 0.1901 0.6079 0.1901 0.6079 0.1901 0.1901 0.1901 0.1901
272 326 277 201 0.6079 0.1901 0.6079 0.1901 0.6079 0.1901 0.6079 0.1901 0.6079 0.1901 0.1901 0.1901 0.6079 0.1901 0.6079 0.6079
326 277 201 085 0.1901 0.1901 0.1901 0.6079 0.1901 0.1901 0.6079 0.6079 0.1901 0.1901 0.6079 0.1901 0.1901 0.1901 0.6079 0.1901
277 201 085 009 0.1901 0.1901 0.1901 0.1901 0.6079 0.6079 0.1901 0.1901 0.1901 0.6079 0.6079 0.6079 0.1901 0.6079 0.1901 0.6079
201 085 009 283 0.6079 0.1901 0.6079 0.6079 0.6079 0.6079 0.1901 0.6079 0.6079 0.6079 0.6079 0.1901 0.6079 0.6079 0.1901 0.6079
085 009 283 323 0.6079 0.6079 0.6079 0.6079 0.1901 0.1901 0.6079 0.6079 0.1901 0.6079 0.6079 0.6079 0.6079 0.1901 0.1901 0.1901
009 283 323 067 0.1901 0.6079 0.1901 0.6079 0.1901 0.1901 0.6079 0.6079 0.1901 0.1901 0.6079 0.6079 0.1901 0.1901 0.1901 0.6079
283 323 067 301 0.6079 0.1901 0.6079 0.1901 0.6079 0.6079 0.6079 0.1901 0.6079 0.6079 0.6079 0.6079 0.6079 0.1901 0.6079 0.1901
323 067 301 011 0.6079 0.6079 0.6079 0.6079 0.1901 0.1901 0.1901 0.1901 0.1901 0.1901 0.6079 0.1901 0.6079 0.6079 0.6079 0.6079
067 301 011 039 0.1901 0.6079 0.6079 0.1901 0.1901 0.1901 0.6079 0.1901 0.6079 0.6079 0.6079 0.1901 0.6079 0.6079 0.6079 0.6079
301 011 039 116 0.6079 0.6079 0.6079 0.6079 0.6079 0.1901 0.1901 0.6079 0.1901 0.1901 0.1901 0.1901 0.6079 0.6079 0.6079 0.6079
011 039 116 170 0.6079 0.1901 0.1901 0.6079 0.6079 0.1901 0.6079 0.6079 0.6079 0.6079 0.6079 0.6079 0.1901 0.1901 0.1901 0.6079
039 116 170 166 0.6079 0.1901 0.6079 0.6079 0.1901 0.6079 0.1901 0.1901 0.6079 0.6079 0.1901 0.6079 0.1901 0.1901 0.1901 0.6079
116 170 166 086 0.6079 0.6079 0.1901 0.1901 0.6079 0.6079 0.6079 0.1901 0.1901 0.1901 0.6079 0.1901 0.1901 0.1901 0.6079 0.6079
170 166 086 032 0.6079 0.1901 0.6079 0.1901 0.6079 0.6079 0.1901 0.1901 0.1901 0.6079 0.1901 0.1901 0.6079 0.6079 0.6079 0.1901
166 086 032 037 0.6079 0.1901 0.6079 0.1901 0.6079 0.6079 0.1901 0.6079 0.6079 0.1901 0.6079 0.6079 0.6079 0.1901 0.1901 0.1901
086 032 037 234 0.6079 0.1901 0.6079 0.1901 0.1901 0.6079 0.6079 0.1901 0.1901 0.6079 0.1901 0.6079 0.6079 0.6079 0.1901 0.6079
032 037 234 337 0.1901 0.6079 0.6079 0.6079 0.6079 0.1901 0.6079 0.6079 0.1901 0.1901 0.6079 0.6079 0.1901 0.1901 0.1901 0.1901
037 234 337 092 0.1901 0.6079 0.1901 0.6079 0.1901 0.6079 0.6079 0.6079 0.1901 0.6079 0.6079 0.6079 0.6079 0.1901 0.1901 0.1901
234 337 092 302 0.1901 0.1901 0.6079 0.1901 0.1901 0.6079 0.1901 0.1901 0.6079 0.6079 0.6079 0.1901 0.1901 0.1901 0.1901 0.1901
337 092 302 071 0.1901 0.6079 0.6079 0.6079 0.1901 0.1901 0.1901 0.1901 0.6079 0.6079 0.6079 0.1901 0.6079 0.6079 0.1901 0.6079
092 302 071 228 0.6079 0.6079 0.6079 0.6079 0.6079 0.1901 0.1901 0.1901 0.1901 0.1901 0.1901 0.1901 0.1901 0.1901 0.1901 0.6079
302 071 228 061 0.6079 0.6079 0.6079 0.6079 0.1901 0.1901 0.6079 0.1901 0.6079 0.6079 0.1901 0.6079 0.1901 0.6079 0.6079 0.1901
071 228 061 225 0.6079 0.6079 0.1901 0.6079 0.6079 0.1901 0.1901 0.1901 0.6079 0.1901 0.6079 0.1901 0.6079 0.1901 0.6079 0.6079
228 061 225 179 0.6079 0.1901 0.1901 0.1901 0.6079 0.6079 0.1901 0.1901 0.1901 0.1901 0.1901 0.1901 0.1901 0.6079 0.6079 0.6079
061 225 179 271 0.1901 0.1901 0.6079 0.1901 0.6079 0.6079 0.1901 0.6079 0.6079 0.1901 0.1901 0.6079 0.1901 0.1901 0.6079 0.1901
225 179 271 207 0.1901 0.1901 0.1901 0.1901 0.1901 0.1901 0.6079 0.1901 0.6079 0.1901 0.1901 0.1901 0.1901 0.1901 0.1901 0.6079
179 271 207 315 0.6079 0.1901 0.1901 0.1901 0.6079 0.6079 0.1901 0.1901 0.1901 0.1901 0.1901 0.6079 0.6079 0.6079 0.1901 0.6079
271 207 315 194 0.1901 0.1901 0.1901 0.6079 0.6079 0.1901 0.6079 0.1901 0.6079 0.6079 0.6079 0.1901 0.1901 0.1901 0.1901 0.6079
207 315 194 021 0.6079 0.1901 0.1901 0.1901 0.6079 0.6079 0.6079 0.1901 0.1901 0.1901 0.6079 0.6079 0.1901 0.6079 0.6079 0.6079
315 194 021 104 0.6079 0.1901 0.1901 0.1901 0.1901 0.6079 0.6079 0.1901 0.1901 0.6079 0.1901 0.6079 0.1901 0.1901 0.1901 0.6079
194 021 104 300 0.6079 0.6079 0.6079 0.1901 0.1901 0.6079 0.6079 0.6079 0.6079 0.6079 0.1901 0.6079 0.6079 0.1901 0.6079 0.6079
021 104 300 294 0.6079 0.6079 0.6079 0.6079 0.6079 0.6079 0.1901 0.6079 0.6079 0.6079 0.6079 0.1901 0.1901 0.6079 0.6079 0.6079
104 300 294 303 0.6079 0.6079 0.6079 0.6079 0.6079 0.1901 0.6079 0.6079 0.1901 0.6079 0.1901 0.1901 0.6079 0.6079 0.1901 0.1901
300 294 303 317 0.6079 0.6079 0.6079 0.6079 0.1901 0.1901 0.6079 0.1901 0.6079 0.1901 0.6079 0.1901 0.6079 0.6079 0.6079 0.6079
294 303 317 126 0.1901 0.1901 0.6079 0.1901 0.6079 0.6079 0.1901 0.6079 0.6079 0.6079 0.1901 0.6079 0.6079 0.6079 0.1901 0.1901
303 317 126 105 0.1901 0.1901 0.6079 0.1901 0.1901 0.6079 0.1901 0.6079 0.1901 0.6079 0.1901 0.6079 0.6079 0.1901 0.6079 0.6079
317 126 105 213 0.1901 0.6079 0.6079 0.6079 0.6079 0.1901 0.6079 0.1901 0.6079 0.6079 0.1901 0.6079 0.6079 0.1901 0.1901 0.6079
126 105 213 100 0.1901 0.1901 0.6079 0.6079 0.1901 0.1901 0.6079 0.1901 0.6079 0.6079 0.1901 0.6079 0.6079 0.6079 0.6079 0.6079
105 213 100 089 0.1901 0.1901 0.1901 0.6079 0.6079 0.6079 0.6079 0.1901 0.1901 0.1901 0.1901 0.6079 0.6079 0.6079 0.1901 0.6079
213 100 089 161 0.1901 0.1901 0.6079 0.6079 0.1901 0.1901 0.1901 0.6079 0.1901 0.1901 0.1901 0.1901 0.1901 0.6079 0.6079 0.1901
100 089 161 268 0.6079 0.6079 0.6079 0.1901 0.6079 0.6079 0.6079 0.6079 0.1901 0.1901 0.6079 0.1901 0.1901 0.6079 0.6079 0.1901
089 161 268 286 0.1901 0.6079 0.1901 0.6079 0.6079 0.1901 0.1901 0.6079 0.6079 0.6079 0.1901 0.1901 0.1901 0.1901 0.6079 0.6079
161 268 286 084 0.6079 0.1901 0.1901 0.6079 0.6079 0.1901 0.1901 0.6079 0.1901 0.1901 0.6079 0.6079 0.1901 0.6079 0.6079 0.1901
268 286 084 196 0.6079 0.1901 0.6079 0.1901 0.6079 0.1901 0.6079 0.1901 0.1901 0.6079 0.6079 0.1901 0.1901 0.1901 0.6079 0.1901
286 084 196 312 0.1901 0.1901 0.1901 0.6079 0.6079 0.1901 0.1901 0.1901 0.6079 0.6079 0.1901 0.1901 0.6079 0.1901 0.1901 0.6079
084 196 312 142 0.1901 0.1901 0.6079 0.6079 0.6079 0.1901 0.6079 0.1901 0.1901 0.1901 0.1901 0.1901 0.6079 0.1901 0.1901 0.1901
196 312 142 232 0.1901 0.6079 0.6079 0.1901 0.6079 0.1901 0.1901 0.1901 0.6079 0.1901 0.6079 0.6079 0.1901 0.1901 0.1901 0.1901
312 142 232 199 0.1901 0.1901 0.1901 0.6079 0.6079 0.6079 0.6079 0.6079 0.1901 0.1901 0.6079 0.1901 0.1901 0.6079 0.6079 0.6079
142 232 199 230 0.1901 0.1901 0.1901 0.1901 0.6079 0.1901 0.1901 0.6079 0.1901 0.1901 0.1901 0.6079 0.6079 0.6079 0.6079 0.6079
232 199 230 240 0.6079 0.1901 0.6079 0.6079 0.1901 0.1901 0.1901 0.6079 0.6079 0.6079 0.6079 0.6079 0.1901 0.1901 0.1901 0.1901
199 230 240 242 0.1901 0.6079 0.6079 0.6079 0.1901 0.6079 0.1901 0.6079 0.6079 0.6079 0.1901 0.6079 0.6079 0.1901 0.6079 0.6079
230 240 242 184 0.1901 0.1901 0.1901 0.6079 0.1901 0.6079 0.1901 0.1901 0.1901 0.6079 0.6079 0.1901 0.1901 0.1901 0.1901 0.1901
240 242 184 120 0.1901 0.1901 0.6079 0.1901 0.6079 0.1901 0.1901 0.6079 0.6079 0.1901 0.1901 0.6079 0.1901 0.6079 0.1901 0.6079
242 184 120 122 0.1901 0.1901 0.6079 0.6079 0.6079 0.6079 0.1901 0.6079 0.6079 0.1901 0.6079 0.6079 0.1901 0.1901 0.1901 0.1901
184 120 122 164 0.6079 0.6079 0.1901 0.6079 0.1901 0.6079 0.6079 0.6079 0.1901 0.6079 0.1901 0.1901 0.6079 0.6079 0.1901 0.1901
120 122 164 016 0.6079 0.1901 0.6079 0.6079 0.1901 0.1901 0.6079 0.1901 0.1901 0.1901 0.6079 0.6079 0.1901 0.6079 0.1901 0.6079
122 164 016 257 0.1901 0.1901 0.6079 0.6079 0.6079 0.6079 0.1901 0.6079 0.1901 0.6079 0.6079 0.1901 0.6079 0.6079 0.1901 0.6079
164 016 257 316 0.1901 0.1901 0.6079 0.6079 0.6079 0.6079 0.6079 0.6079 0.1901 0.1901 0.1901 0.6079 0.1901 0.1901 0.6079 0.6079
016 257 316 140 0.6079 0.1901 0.1901 0.1901 0.6079 0.1901 0.1901 0.1901 0.1901 0.6079 0.6079 0.6079 0.1901 0.6079 0.6079 0.1901
257 316 140 254 0.6079 0.6079 0.1901 0.6079 0.6079 0.6079 0.6079 0.6079 0.1901 0.6079 0.6079 0.6079 0.1901 0.1901 0.1901 0.6079
316 140 254 322 0.6079 0.6079 0.1901 0.1901 0.1901 0.1901 0.6079 0.6079 0.6079 0.1901 0.6079 0.1901 0.1901 0.6079 0.1901 0.1901
140 254 322 351 0.1901 0.1901 0.6079 0.6079 0.6079 0.6079 0.1901 0.1901 0.1901 0.1901 0.1901 0.6079 0.6079 0.6079 0.1901 0.6079
254 322 351 036 0.6079 0.6079 0.6079 0.1901 0.1901 0.6079 0.1901 0.1901 0.1901 0.6079 0.6079 0.1901 0.1901 0.1901 0.6079 0.6079
322 351 036 307 0.6079 0.1901 0.6079 0.6079 0.6079 0.6079 0.1901 0.1901 0.6079 0.6079 0.1901 0.1901 0.1901 0.1901 0.6079 0.6079
351 036 307 305 0.6079 0.1901 0.1901 0.6079 0.6079 0.1901 0.6079 0.1901 0.1901 0.6079 0.6079 0.6079 0.6079 0.6079 0.1901 0.6079
036 307 305 143 0.1901 0.1901 0.6079 0.6079 0.6079 0.1901 0.1901 0.6079 0.6079 0.1901 0.1901 0.6079 0.1901 0.1901 0.6079 0.6079
307 305 143 345 0.1901 0.1901 0.1901 0.1901 0.1901 0.1901 0.1901 0.6079 0.6079 0.1901 0.1901 0.1901 0.6079 0.1901 0.1901 0.1901
305 143 345 291 0.6079 0.6079 0.6079 0.1901 0.1901 0.1901 0.6079 0.6079 0.6079 0.1901 0.6079 0.1901 0.1901 0.1901 0.6079 0.6079
143 345 291 250 0.6079 0.1901 0.6079 0.6079 0.6079 0.1901 0.6079 0.6079 0.6079 0.6079 0.1901 0.6079 0.1901 0.6079 0.1901 0.6079
