356 031684 3
076 067 273 028 0.2883 0.4501 0.4501 0.2883 0.2883 0.2883 0.4501 0.2883 0.2883 0.4501 0.4501 0.2883 0.2883 0.2883 0.4501 0.4501
067 273 028 348 0.4501 0.4501 0.4501 0.4501 0.4501 0.4501 0.2883 0.4501 0.2883 0.4501 0.2883 0.4501 0.4501 0.2883 0.4501 0.4501
273 028 348 148 0.4501 0.4501 0.4501 0.4501 0.4501 0.4501 0.4501 0.2883 0.4501 0.2883 0.2883 0.2883 0.4501 0.4501 0.2883 0.4501
028 348 148 184 0.4501 0.4501 0.2883 0.2883 0.4501 0.2883 0.4501 0.2883 0.2883 0.4501 0.2883 0.2883 0.2883 0.2883 0.2883 0.2883
348 148 184 219 0.2883 0.2883 0.4501 0.4501 0.4501 0.4501 0.2883 0.4501 0.4501 0.4501 0.2883 0.2883 0.2883 0.4501 0.4501 0.4501
148 184 219 298 0.4501 0.4501 0.2883 0.4501 0.4501 0.4501 0.2883 0.4501 0.4501 0.2883 0.4501 0.2883 0.2883 0.4501 0.4501 0.2883
184 219 298 070 0.4501 0.2883 0.4501 0.2883 0.2883 0.4501 0.4501 0.2883 0.4501 0.4501 0.4501 0.4501 0.2883 0.2883 0.2883 0.4501
219 298 070 266 0.4501 0.2883 0.4501 0.2883 0.2883 0.2883 0.4501 0.2883 0.4501 0.4501 0.2883 0.4501 0.2883 0.4501 0.4501 0.4501
298 070 266 050 0.4501 0.2883 0.4501 0.2883 0.4501 0.4501 0.4501 0.2883 0.4501 0.4501 0.2883 0.4501 0.4501 0.2883 0.4501 0.2883
070 266 050 127 0.4501 0.2883 0.2883 0.4501 0.2883 0.4501 0.2883 0.2883 0.2883 0.4501 0.4501 0.2883 0.2883 0.4501 0.2883 0.2883
266 050 127 017 0.2883 0.4501 0.2883 0.2883 0.2883 0.2883 0.2883 0.2883 0.4501 0.2883 0.4501 0.4501 0.4501 0.2883 0.2883 0.2883
050 127 017 104 0.4501 0.2883 0.4501 0.4501 0.4501 0.4501 0.2883 0.4501 0.4501 0.4501 0.2883 0.2883 0.2883 0.2883 0.4501 0.2883
127 017 104 098 0.2883 0.2883 0.4501 0.2883 0.2883 0.4501 0.4501 0.4501 0.2883 0.4501 0.4501 0.2883 0.4501 0.4501 0.4501 0.2883
017 104 098 163 0.4501 0.4501 0.4501 0.2883 0.4501 0.4501 0.2883 0.2883 0.2883 0.4501 0.2883 0.2883 0.2883 0.4501 0.4501 0.4501
104 098 163 303 0.4501 0.2883 0.2883 0.4501 0.4501 0.2883 0.2883 0.4501 0.4501 0.4501 0.2883 0.2883 0.2883 0.4501 0.4501 0.4501
098 163 303 147 0.4501 0.2883 0.2883 0.2883 0.2883 0.2883 0.2883 0.2883 0.2883 0.4501 0.4501 0.4501 0.4501 0.2883 0.4501 0.4501
163 303 147 292 0.4501 0.2883 0.4501 0.4501 0.2883 0.2883 0.4501 0.4501 0.4501 0.2883 0.4501 0.4501 0.4501 0.4501 0.2883 0.2883
303 147 292 161 0.4501 0.2883 0.2883 0.2883 0.4501 0.4501 0.4501 0.4501 0.4501 0.2883 0.2883 0.2883 0.4501 0.2883 0.4501 0.2883
147 292 161 139 0.2883 0.4501 0.2883 0.4501 0.4501 0.4501 0.2883 0.4501 0.2883 0.2883 0.2883 0.2883 0.4501 0.2883 0.2883 0.2883
292 161 139 277 0.2883 0.4501 0.4501 0.4501 0.4501 0.2883 0.2883 0.2883 0.2883 0.4501 0.4501 0.4501 0.4501 0.2883 0.4501 0.4501
161 139 277 291 0.2883 0.4501 0.4501 0.2883 0.4501 0.4501 0.2883 0.4501 0.2883 0.4501 0.4501 0.2883 0.2883 0.4501 0.4501 0.4501
139 277 291 290 0.2883 0.4501 0.2883 0.4501 0.2883 0.4501 0.4501 0.2883 0.2883 0.2883 0.2883 0.2883 0.4501 0.2883 0.4501 0.2883
277 291 290 334 0.4501 0.4501 0.4501 0.4501 0.2883 0.4501 0.2883 0.4501 0.2883 0.4501 0.2883 0.2883 0.4501 0.2883 0.2883 0.4501
291 290 334 328 0.4501 0.2883 0.4501 0.4501 0.4501 0.4501 0.2883 0.4501 0.4501 0.2883 0.4501 0.2883 0.4501 0.4501 0.4501 0.4501
290 334 328 165 0.4501 0.4501 0.2883 0.4501 0.2883 0.2883 0.2883 0.4501 0.4501 0.4501 0.2883 0.4501 0.2883 0.2883 0.2883 0.4501
334 328 165 235 0.2883 0.4501 0.4501 0.2883 0.2883 0.4501 0.4501 0.2883 0.2883 0.4501 0.2883 0.4501 0.2883 0.2883 0.4501 0.4501
328 165 235 094 0.2883 0.4501 0.2883 0.2883 0.4501 0.2883 0.4501 0.4501 0.4501 0.4501 0.2883 0.4501 0.2883 0.4501 0.4501 0.4501
165 235 094 174 0.2883 0.2883 0.2883 0.2883 0.4501 0.4501 0.4501 0.2883 0.4501 0.2883 0.2883 0.4501 0.2883 0.4501 0.2883 0.2883
235 094 174 216 0.2883 0.4501 0.4501 0.4501 0.2883 0.4501 0.4501 0.4501 0.4501 0.2883 0.2883 0.4501 0.4501 0.2883 0.4501 0.2883
094 174 216 038 0.2883 0.4501 0.2883 0.2883 0.4501 0.4501 0.2883 0.2883 0.4501 0.2883 0.4501 0.4501 0.2883 0.2883 0.2883 0.2883
174 216 038 226 0.4501 0.2883 0.2883 0.2883 0.2883 0.4501 0.2883 0.4501 0.2883 0.2883 0.4501 0.2883 0.4501 0.2883 0.2883 0.4501
216 038 226 196 0.2883 0.2883 0.4501 0.2883 0.4501 0.2883 0.2883 0.2883 0.4501 0.2883 0.4501 0.2883 0.2883 0.2883 0.4501 0.4501
038 226 196 276 0.4501 0.4501 0.2883 0.4501 0.4501 0.4501 0.2883 0.4501 0.4501 0.4501 0.4501 0.2883 0.4501 0.2883 0.4501 0.4501
226 196 276 026 0.4501 0.2883 0.2883 0.4501 0.4501 0.4501 0.2883 0.4501 0.2883 0.4501 0.2883 0.4501 0.4501 0.4501 0.4501 0.2883
196 276 026 085 0.4501 0.2883 0.4501 0.4501 0.4501 0.4501 0.2883 0.2883 0.2883 0.2883 0.2883 0.4501 0.2883 0.4501 0.2883 0.2883
276 026 085 347 0.4501 0.4501 0.4501 0.4501 0.4501 0.2883 0.4501 0.2883 0.2883 0.2883 0.2883 0.2883 0.2883 0.2883 0.4501 0.2883
026 085 347 305 0.4501 0.4501 0.2883 0.4501 0.2883 0.4501 0.2883 0.2883 0.2883 0.2883 0.4501 0.2883 0.4501 0.4501 0.2883 0.2883
085 347 305 299 0.4501 0.2883 0.2883 0.4501 0.4501 0.4501 0.4501 0.2883 0.2883 0.2883 0.2883 0.2883 0.4501 0.4501 0.2883 0.2883
347 305 299 263 0.4501 0.2883 0.4501 0.4501 0.4501 0.4501 0.2883 0.2883 0.4501 0.2883 0.4501 0.2883 0.2883 0.4501 0.2883 0.4501
305 299 263 013 0.2883 0.4501 0.2883 0.2883 0.2883 0.2883 0.4501 0.2883 0.4501 0.4501 0.2883 0.4501 0.4501 0.2883 0.4501 0.2883
299 263 013 275 0.2883 0.2883 0.4501 0.2883 0.2883 0.2883 0.4501 0.2883 0.2883 0.2883 0.2883 0.4501 0.2883 0.2883 0.2883 0.4501
263 013 275 333 0.4501 0.2883 0.2883 0.4501 0.4501 0.2883 0.4501 0.4501 0.2883 0.2883 0.2883 0.2883 0.4501 0.2883 0.2883 0.2883
013 275 333 090 0.2883 0.4501 0.4501 0.2883 0.4501 0.4501 0.4501 0.2883 0.2883 0.2883 0.2883 0.4501 0.4501 0.2883 0.4501 0.2883
275 333 090 048 0.4501 0.2883 0.2883 0.4501 0.2883 0.4501 0.2883 0.4501 0.2883 0.2883 0.4501 0.4501 0.4501 0.2883 0.4501 0.4501
333 090 048 099 0.2883 0.2883 0.2883 0.4501 0.2883 0.2883 0.4501 0.2883 0.4501 0.2883 0.2883 0.4501 0.2883 0.4501 0.2883 0.2883
090 048 099 354 0.4501 0.4501 0.4501 0.2883 0.4501 0.2883 0.2883 0.4501 0.2883 0.2883 0.4501 0.4501 0.2883 0.4501 0.4501 0.2883
048 099 354 101 0.4501 0.4501 0.2883 0.4501 0.2883 0.4501 0.2883 0.2883 0.4501 0.4501 0.2883 0.2883 0.2883 0.4501 0.4501 0.2883
099 354 101 350 0.2883 0.4501 0.4501 0.4501 0.2883 0.4501 0.4501 0.2883 0.2883 0.4501 0.2883 0.4501 0.2883 0.4501 0.2883 0.4501
354 101 350 227 0.2883 0.4501 0.2883 0.4501 0.4501 0.4501 0.4501 0.2883 0.2883 0.4501 0.4501 0.2883 0.4501 0.4501 0.4501 0.2883
101 350 227 327 0.2883 0.2883 0.2883 0.4501 0.2883 0.4501 0.2883 0.4501 0.4501 0.2883 0.2883 0.4501 0.2883 0.4501 0.4501 0.4501
350 227 327 008 0.4501 0.4501 0.4501 0.2883 0.2883 0.2883 0.2883 0.2883 0.2883 0.2883 0.2883 0.4501 0.4501 0.4501 0.2883 0.4501
227 327 008 324 0.4501 0.2883 0.4501 0.4501 0.2883 0.4501 0.2883 0.2883 0.2883 0.2883 0.4501 0.4501 0.2883 0.4501 0.2883 0.2883
327 008 324 022 0.4501 0.4501 0.2883 0.2883 0.4501 0.4501 0.2883 0.4501 0.4501 0.4501 0.2883 0.4501 0.2883 0.2883 0.2883 0.2883
008 324 022 133 0.2883 0.4501 0.4501 0.4501 0.2883 0.2883 0.2883 0.4501 0.2883 0.4501 0.2883 0.4501 0.2883 0.4501 0.2883 0.4501
324 022 133 124 0.2883 0.2883 0.4501 0.4501 0.2883 0.4501 0.4501 0.4501 0.2883 0.2883 0.2883 0.4501 0.4501 0.4501 0.2883 0.2883
022 133 124 318 0.2883 0.4501 0.4501 0.2883 0.2883 0.2883 0.4501 0.2883 0.2883 0.4501 0.4501 0.4501 0.4501 0.2883 0.2883 0.4501
133 124 318 177 0.4501 0.4501 0.4501 0.2883 0.2883 0.2883 0.2883 0.2883 0.2883 0.4501 0.2883 0.4501 0.4501 0.4501 0.4501 0.4501
124 318 177 001 0.4501 0.2883 0.4501 0.2883 0.4501 0.4501 0.4501 0.4501 0.2883 0.2883 0.4501 0.4501 0.4501 0.4501 0.4501 0.2883
318 177 001 075 0.4501 0.4501 0.4501 0.4501 0.4501 0.2883 0.2883 0.2883 0.2883 0.4501 0.2883 0.4501 0.4501 0.4501 0.2883 0.4501
177 001 075 322 0.2883 0.2883 0.2883 0.2883 0.4501 0.2883 0.2883 0.2883 0.2883 0.2883 0.4501 0.4501 0.2883 0.2883 0.4501 0.2883
001 075 322 271 0.2883 0.2883 0.4501 0.2883 0.2883 0.2883 0.4501 0.2883 0.2883 0.2883 0.2883 0.4501 0.4501 0.4501 0.4501 0.4501
075 322 271 034 0.2883 0.4501 0.4501 0.4501 0.4501 0.4501 0.2883 0.2883 0.4501 0.2883 0.2883 0.2883 0.2883 0.2883 0.2883 0.2883
322 271 034 293 0.2883 0.4501 0.4501 0.2883 0.2883 0.2883 0.4501 0.2883 0.2883 0.4501 0.2883 0.2883 0.2883 0.4501 0.4501 0.2883
271 034 293 009 0.4501 0.2883 0.4501 0.2883 0.2883 0.4501 0.4501 0.2883 0.4501 0.2883 0.2883 0.2883 0.2883 0.2883 0.4501 0.4501
034 293 009 016 0.4501 0.4501 0.4501 0.4501 0.2883 0.4501 0.4501 0.4501 0.2883 0.2883 0.4501 0.2883 0.2883 0.2883 0.2883 0.2883
293 009 016 349 0.2883 0.2883 0.4501 0.4501 0.4501 0.2883 0.4501 0.4501 0.2883 0.4501 0.2883 0.4501 0.4501 0.4501 0.4501 0.2883
009 016 349 069 0.4501 0.2883 0.2883 0.4501 0.4501 0.2883 0.4501 0.4501 0.4501 0.4501 0.2883 0.2883 0.2883 0.2883 0.2883 0.4501
016 349 069 207 0.4501 0.4501 0.4501 0.2883 0.4501 0.2883 0.2883 0.2883 0.4501 0.2883 0.4501 0.2883 0.4501 0.4501 0.2883 0.4501
349 069 207 036 0.2883 0.4501 0.4501 0.2883 0.4501 0.4501 0.4501 0.4501 0.2883 0.4501 0.2883 0.4501 0.2883 0.4501 0.4501 0.4501
069 207 036 320 0.2883 0.4501 0.4501 0.4501 0.4501 0.4501 0.4501 0.2883 0.4501 0.4501 0.2883 0.4501 0.4501 0.2883 0.4501 0.4501
207 036 320 245 0.2883 0.2883 0.2883 0.4501 0.2883 0.4501 0.2883 0.4501 0.2883 0.2883 0.4501 0.4501 0.2883 0.2883 0.4501 0.2883
036 320 245 089 0.2883 0.2883 0.2883 0.4501 0.4501 0.4501 0.2883 0.2883 0.2883 0.2883 0.4501 0.2883 0.2883 0.4501 0.2883 0.4501
320 245 089 195 0.4501 0.2883 0.4501 0.2883 0.2883 0.2883 0.2883 0.2883 0.4501 0.4501 0.4501 0.4501 0.2883 0.2883 0.2883 0.2883
245 089 195 259 0.4501 0.4501 0.4501 0.2883 0.4501 0.4501 0.2883 0.2883 0.2883 0.2883 0.4501 0.2883 0.4501 0.2883 0.4501 0.4501
089 195 259 152 0.4501 0.2883 0.4501 0.2883 0.2883 0.4501 0.4501 0.2883 0.2883 0.4501 0.2883 0.2883 0.4501 0.4501 0.2883 0.4501
195 259 152 052 0.2883 0.4501 0.2883 0.2883 0.4501 0.4501 0.4501 0.4501 0.4501 0.4501 0.4501 0.4501 0.2883 0.4501 0.2883 0.4501
259 152 052 252 0.2883 0.4501 0.2883 0.4501 0.2883 0.4501 0.2883 0.2883 0.2883 0.4501 0.4501 0.2883 0.2883 0.4501 0.4501 0.4501
152 052 252 309 0.4501 0.4501 0.2883 0.2883 0.4501 0.4501 0.2883 0.4501 0.2883 0.2883 0.2883 0.4501 0.2883 0.2883 0.2883 0.4501
052 252 309 339 0.4501 0.4501 0.2883 0.4501 0.2883 0.4501 0.4501 0.2883 0.2883 0.4501 0.4501 0.4501 0.4501 0.4501 0.2883 0.4501
252 309 339 106 0.4501 0.4501 0.2883 0.2883 0.2883 0.2883 0.2883 0.2883 0.2883 0.4501 0.2883 0.2883 0.4501 0.4501 0.2883 0.2883
309 339 106 073 0.2883 0.2883 0.4501 0.2883 0.4501 0.2883 0.2883 0.4501 0.2883 0.4501 0.2883 0.4501 0.4501 0.2883 0.4501 0.4501
339 106 073 306 0.4501 0.2883 0.4501 0.2883 0.4501 0.4501 0.2883 0.2883 0.2883 0.2883 0.4501 0.4501 0.4501 0.4501 0.4501 0.4501
106 073 306 297 0.4501 0.4501 0.4501 0.4501 0.4501 0.4501 0.4501 0.4501 0.4501 0.2883 0.2883 0.2883 0.2883 0.4501 0.4501 0.2883
073 306 297 082 0.4501 0.2883 0.4501 0.4501 0.2883 0.2883 0.2883 0.4501 0.4501 0.2883 0.4501 0.2883 0.2883 0.2883 0.4501 0.4501
306 297 082 224 0.2883 0.2883 0.2883 0.4501 0.2883 0.2883 0.4501 0.2883 0.2883 0.4501 0.4501 0.2883 0.4501 0.4501 0.2883 0.4501
297 082 224 157 0.4501 0.2883 0.2883 0.4501 0.4501 0.4501 0.2883 0.4501 0.2883 0.2883 0.2883 0.4501 0.4501 0.2883 0.2883 0.2883
082 224 157 287 0.4501 0.4501 0.4501 0.2883 0.4501 0.4501 0.4501 0.2883 0.4501 0.4501 0.4501 0.4501 0.2883 0.4501 0.4501 0.2883
224 157 287 325 0.2883 0.2883 0.2883 0.2883 0.2883 0.4501 0.4501 0.4501 0.2883 0.4501 0.2883 0.4501 0.2883 0.2883 0.4501 0.4501
157 287 325 310 0.4501 0.2883 0.4501 0.2883 0.2883 0.4501 0.4501 0.2883 0.2883 0.2883 0.2883 0.2883 0.2883 0.4501 0.2883 0.2883
287 325 310 023 0.4501 0.4501 0.4501 0.4501 0.2883 0.2883 0.2883 0.4501 0.2883 0.2883 0.4501 0.2883 0.4501 0.4501 0.2883 0.4501
325 310 023 341 0.2883 0.4501 0.2883 0.4501 0.4501 0.2883 0.4501 0.4501 0.4501 0.2883 0.2883 0.2883 0.2883 0.2883 0.4501 0.2883
310 023 341 068 0.4501 0.4501 0.2883 0.4501 0.2883 0.4501 0.4501 0.2883 0.4501 0.2883 0.2883 0.2883 0.4501 0.2883 0.2883 0.4501
023 341 068 113 0.2883 0.2883 0.4501 0.4501 0.4501 0.4501 0.2883 0.4501 0.4501 0.2883 0.4501 0.2883 0.4501 0.4501 0.2883 0.4501
341 068 113 114 0.2883 0.2883 0.4501 0.2883 0.2883 0.2883 0.2883 0.4501 0.2883 0.2883 0.4501 0.4501 0.2883 0.4501 0.4501 0.4501
068 113 114 103 0.4501 0.2883 0.2883 0.4501 0.4501 0.2883 0.4501 0.4501 0.2883 0.2883 0.4501 0.2883 0.4501 0.4501 0.4501 0.4501
113 114 103 020 0.4501 0.4501 0.4501 0.4501 0.4501 0.4501 0.4501 0.4501 0.2883 0.4501 0.4501 0.2883 0.4501 0.2883 0.4501 0.4501
114 103 020 049 0.2883 0.4501 0.2883 0.4501 0.4501 0.4501 0.2883 0.4501 0.2883 0.4501 0.2883 0.2883 0.2883 0.2883 0.2883 0.2883
103 020 049 117 0.2883 0.2883 0.2883 0.4501 0.4501 0.2883 0.2883 0.4501 0.2883 0.2883 0.2883 0.2883 0.4501 0.2883 0.4501 0.2883
020 049 117 288 0.2883 0.4501 0.4501 0.2883 0.4501 0.2883 0.2883 0.2883 0.4501 0.4501 0.4501 0.4501 0.4501 0.2883 0.4501 0.2883
049 117 288 257 0.4501 0.4501 0.2883 0.2883 0.4501 0.4501 0.2883 0.4501 0.2883 0.4501 0.2883 0.2883 0.2883 0.4501 0.4501 0.2883
117 288 257 012 0.2883 0.4501 0.2883 0.4501 0.4501 0.2883 0.4501 0.2883 0.2883 0.2883 0.2883 0.2883 0.2883 0.4501 0.2883 0.2883
288 257 012 251 0.4501 0.4501 0.4501 0.4501 0.2883 0.2883 0.2883 0.2883 0.4501 0.4501 0.4501 0.4501 0.4501 0.4501 0.2883 0.2883
257 012 251 074 0.2883 0.2883 0.2883 0.2883 0.2883 0.2883 0.4501 0.2883 0.2883 0.4501 0.2883 0.2883 0.2883 0.4501 0.2883 0.4501
012 251 074 255 0.2883 0.2883 0.2883 0.4501 0.4501 0.2883 0.2883 0.4501 0.2883 0.4501 0.4501 0.2883 0.2883 0.4501 0.2883 0.2883
251 074 255 153 0.2883 0.4501 0.2883 0.2883 0.4501 0.2883 0.4501 0.2883 0.4501 0.2883 0.2883 0.2883 0.2883 0.2883 0.4501 0.2883
074 255 153 191 0.4501 0.4501 0.2883 0.4501 0.2883 0.4501 0.2883 0.4501 0.4501 0.4501 0.2883 0.2883 0.2883 0.4501 0.2883 0.2883
255 153 191 030 0.2883 0.4501 0.2883 0.4501 0.2883 0.4501 0.4501 0.4501 0.4501 0.2883 0.2883 0.2883 0.2883 0.4501 0.2883 0.4501
153 191 030 109 0.2883 0.4501 0.4501 0.4501 0.2883 0.2883 0.2883 0.4501 0.2883 0.2883 0.4501 0.2883 0.4501 0.2883 0.4501 0.2883
191 030 109 092 0.2883 0.4501 0.2883 0.2883 0.4501 0.2883 0.2883 0.4501 0.4501 0.2883 0.2883 0.4501 0.2883 0.2883 0.4501 0.2883
030 109 092 035 0.4501 0.2883 0.4501 0.2883 0.4501 0.2883 0.2883 0.2883 0.2883 0.4501 0.2883 0.4501 0.4501 0.2883 0.2883 0.2883
109 092 035 080 0.2883 0.4501 0.2883 0.4501 0.4501 0.2883 0.4501 0.2883 0.2883 0.2883 0.2883 0.2883 0.4501 0.4501 0.4501 0.4501
092 035 080 037 0.2883 0.2883 0.4501 0.2883 0.4501 0.4501 0.4501 0.2883 0.2883 0.2883 0.2883 0.4501 0.2883 0.4501 0.2883 0.2883
035 080 037 168 0.4501 0.2883 0.2883 0.4501 0.2883 0.4501 0.2883 0.2883 0.2883 0.2883 0.2883 0.2883 0.4501 0.4501 0.2883 0.2883
080 037 168 071 0.2883 0.4501 0.4501 0.2883 0.2883 0.4501 0.4501 0.2883 0.4501 0.4501 0.4501 0.2883 0.2883 0.2883 0.4501 0.4501
037 168 071 243 0.2883 0.2883 0.2883 0.2883 0.4501 0.4501 0.4501 0.2883 0.2883 0.2883 0.2883 0.4501 0.4501 0.4501 0.4501 0.4501
168 071 243 183 0.4501 0.4501 0.4501 0.4501 0.4501 0.2883 0.2883 0.4501 0.4501 0.2883 0.4501 0.4501 0.4501 0.2883 0.2883 0.4501
071 243 183 063 0.2883 0.4501 0.4501 0.2883 0.2883 0.2883 0.2883 0.2883 0.2883 0.2883 0.4501 0.2883 0.4501 0.4501 0.4501 0.4501
243 183 063 119 0.2883 0.4501 0.2883 0.2883 0.2883 0.4501 0.4501 0.2883 0.4501 0.2883 0.2883 0.2883 0.2883 0.4501 0.4501 0.4501
183 063 119 256 0.4501 0.4501 0.2883 0.2883 0.2883 0.4501 0.4501 0.4501 0.2883 0.4501 0.4501 0.2883 0.2883 0.4501 0.2883 0.2883
063 119 256 141 0.4501 0.4501 0.2883 0.2883 0.4501 0.2883 0.4501 0.4501 0.2883 0.4501 0.4501 0.4501 0.2883 0.4501 0.2883 0.4501
119 256 141 218 0.2883 0.4501 0.4501 0.4501 0.4501 0.2883 0.2883 0.4501 0.4501 0.4501 0.2883 0.4501 0.4501 0.4501 0.2883 0.4501
256 141 218 254 0.4501 0.4501 0.4501 0.4501 0.4501 0.4501 0.2883 0.4501 0.4501 0.2883 0.4501 0.2883 0.4501 0.4501 0.2883 0.4501
141 218 254 160 0.4501 0.4501 0.4501 0.4501 0.2883 0.2883 0.4501 0.2883 0.2883 0.4501 0.4501 0.4501 0.4501 0.4501 0.2883 0.2883
218 254 160 135 0.4501 0.2883 0.2883 0.4501 0.2883 0.2883 0.2883 0.4501 0.2883 0.4501 0.2883 0.4501 0.2883 0.2883 0.4501 0.2883
254 160 135 238 0.4501 0.4501 0.2883 0.4501 0.2883 0.2883 0.2883 0.2883 0.2883 0.2883 0.2883 0.4501 0.4501 0.4501 0.4501 0.2883
160 135 238 129 0.2883 0.4501 0.4501 0.2883 0.2883 0.4501 0.2883 0.2883 0.4501 0.4501 0.4501 0.2883 0.2883 0.4501 0.2883 0.4501
135 238 129 024 0.2883 0.2883 0.2883 0.2883 0.4501 0.4501 0.2883 0.2883 0.4501 0.4501 0.2883 0.4501 0.4501 0.2883 0.2883 0.4501
238 129 024 258 0.4501 0.4501 0.2883 0.2883 0.4501 0.4501 0.4501 0.4501 0.4501 0.2883 0.2883 0.4501 0.4501 0.2883 0.2883 0.2883
129 024 258 208 0.2883 0.2883 0.4501 0.4501 0.2883 0.4501 0.4501 0.4501 0.4501 0.2883 0.4501 0.2883 0.4501 0.4501 0.4501 0.4501
024 258 208 205 0.2883 0.2883 0.2883 0.2883 0.2883 0.2883 0.2883 0.2883 0.4501 0.2883 0.2883 0.2883 0.2883 0.2883 0.4501 0.4501
258 208 205 136 0.4501 0.2883 0.4501 0.2883 0.2883 0.2883 0.4501 0.2883 0.4501 0.4501 0.4501 0.2883 0.2883 0.2883 0.2883 0.2883
208 205 136 128 0.2883 0.2883 0.4501 0.2883 0.2883 0.4501 0.4501 0.2883 0.2883 0.2883 0.2883 0.4501 0.4501 0.2883 0.2883 0.2883
205 136 128 203 0.2883 0.2883 0.4501 0.4501 0.4501 0.4501 0.2883 0.2883 0.2883 0.4501 0.2883 0.2883 0.4501 0.2883 0.4501 0.4501
136 128 203 244 0.2883 0.2883 0.4501 0.4501 0.4501 0.4501 0.4501 0.2883 0.2883 0.4501 0.4501 0.2883 0.2883 0.4501 0.2883 0.2883
128 203 244 283 0.4501 0.4501 0.2883 0.4501 0.2883 0.4501 0.2883 0.4501 0.2883 0.2883 0.4501 0.2883 0.2883 0.2883 0.2883 0.4501
203 244 283 312 0.4501 0.4501 0.2883 0.4501 0.4501 0.4501 0.4501 0.4501 0.2883 0.4501 0.4501 0.4501 0.2883 0.2883 0.4501 0.2883
244 283 312 018 0.4501 0.4501 0.4501 0.4501 0.2883 0.2883 0.4501 0.4501 0.2883 0.2883 0.2883 0.2883 0.4501 0.4501 0.2883 0.2883
283 312 018 120 0.4501 0.2883 0.4501 0.4501 0.4501 0.4501 0.4501 0.4501 0.2883 0.2883 0.4501 0.2883 0.2883 0.4501 0.4501 0.4501
312 018 120 102 0.2883 0.4501 0.4501 0.4501 0.2883 0.2883 0.2883 0.2883 0.2883 0.2883 0.4501 0.4501 0.4501 0.2883 0.4501 0.2883
018 120 102 186 0.4501 0.4501 0.2883 0.4501 0.2883 0.2883 0.4501 0.4501 0.2883 0.2883 0.4501 0.2883 0.2883 0.2883 0.4501 0.4501
120 102 186 302 0.4501 0.2883 0.2883 0.4501 0.2883 0.4501 0.4501 0.2883 0.4501 0.4501 0.4501 0.4501 0.2883 0.4501 0.4501 0.2883
102 186 302 187 0.4501 0.2883 0.2883 0.4501 0.2883 0.4501 0.4501 0.4501 0.2883 0.4501 0.4501 0.4501 0.2883 0.4501 0.4501 0.2883
186 302 187 213 0.2883 0.4501 0.4501 0.4501 0.2883 0.4501 0.4501 0.2883 0.4501 0.2883 0.2883 0.2883 0.4501 0.4501 0.2883 0.4501
302 187 213 264 0.4501 0.4501 0.2883 0.2883 0.2883 0.4501 0.2883 0.4501 0.2883 0.4501 0.2883 0.4501 0.2883 0.2883 0.4501 0.4501
187 213 264 308 0.2883 0.4501 0.4501 0.4501 0.4501 0.4501 0.2883 0.4501 0.2883 0.2883 0.4501 0.2883 0.4501 0.4501 0.4501 0.4501
213 264 308 261 0.4501 0.2883 0.2883 0.2883 0.4501 0.2883 0.2883 0.2883 0.2883 0.2883 0.2883 0.2883 0.4501 0.4501 0.2883 0.2883
264 308 261 162 0.4501 0.4501 0.2883 0.2883 0.2883 0.2883 0.4501 0.2883 0.2883 0.4501 0.4501 0.4501 0.2883 0.2883 0.2883 0.2883
308 261 162 146 0.4501 0.2883 0.2883 0.2883 0.4501 0.2883 0.2883 0.2883 0.4501 0.4501 0.4501 0.4501 0.4501 0.2883 0.4501 0.2883
261 162 146 132 0.4501 0.4501 0.2883 0.2883 0.2883 0.4501 0.2883 0.4501 0.4501 0.4501 0.2883 0.2883 0.4501 0.2883 0.2883 0.4501
162 146 132 140 0.4501 0.2883 0.4501 0.4501 0.2883 0.4501 0.2883 0.4501 0.2883 0.4501 0.2883 0.4501 0.2883 0.4501 0.2883 0.4501
146 132 140 284 0.4501 0.4501 0.4501 0.2883 0.4501 0.2883 0.2883 0.4501 0.4501 0.2883 0.2883 0.2883 0.2883 0.2883 0.2883 0.2883
132 140 284 164 0.2883 0.4501 0.4501 0.4501 0.4501 0.2883 0.4501 0.4501 0.2883 0.4501 0.2883 0.4501 0.4501 0.4501 0.4501 0.2883
140 284 164 286 0.2883 0.4501 0.4501 0.4501 0.2883 0.4501 0.2883 0.2883 0.2883 0.4501 0.4501 0.4501 0.4501 0.2883 0.2883 0.2883
284 164 286 057 0.4501 0.2883 0.4501 0.2883 0.2883 0.4501 0.4501 0.2883 0.2883 0.4501 0.4501 0.4501 0.4501 0.2883 0.4501 0.4501
164 286 057 123 0.4501 0.4501 0.4501 0.4501 0.4501 0.2883 0.2883 0.4501 0.4501 0.4501 0.4501 0.4501 0.4501 0.2883 0.4501 0.2883
286 057 123 126 0.4501 0.2883 0.4501 0.2883 0.4501 0.4501 0.4501 0.4501 0.2883 0.2883 0.2883 0.4501 0.2883 0.4501 0.2883 0.2883
057 123 126 199 0.4501 0.4501 0.4501 0.4501 0.4501 0.4501 0.2883 0.4501 0.2883 0.4501 0.4501 0.2883 0.2883 0.4501 0.2883 0.2883
123 126 199 053 0.2883 0.2883 0.4501 0.4501 0.2883 0.4501 0.4501 0.2883 0.4501 0.2883 0.4501 0.2883 0.2883 0.2883 0.2883 0.2883
126 199 053 047 0.2883 0.4501 0.4501 0.2883 0.2883 0.4501 0.2883 0.2883 0.2883 0.2883 0.4501 0.4501 0.2883 0.2883 0.4501 0.4501
199 053 047 222 0.2883 0.4501 0.4501 0.4501 0.2883 0.4501 0.4501 0.4501 0.4501 0.2883 0.4501 0.4501 0.4501 0.2883 0.2883 0.4501
053 047 222 169 0.4501 0.4501 0.2883 0.4501 0.4501 0.2883 0.2883 0.4501 0.2883 0.4501 0.4501 0.4501 0.2883 0.4501 0.4501 0.2883
047 222 169 154 0.4501 0.2883 0.2883 0.2883 0.2883 0.4501 0.4501 0.2883 0.4501 0.2883 0.4501 0.4501 0.4501 0.4501 0.2883 0.4501
222 169 154 151 0.4501 0.2883 0.2883 0.2883 0.4501 0.2883 0.2883 0.2883 0.2883 0.2883 0.4501 0.4501 0.2883 0.2883 0.4501 0.2883
169 154 151 056 0.4501 0.4501 0.2883 0.2883 0.2883 0.4501 0.4501 0.2883 0.2883 0.2883 0.2883 0.2883 0.2883 0.4501 0.2883 0.4501
154 151 056 249 0.2883 0.4501 0.2883 0.2883 0.4501 0.2883 0.4501 0.2883 0.4501 0.4501 0.2883 0.2883 0.2883 0.4501 0.4501 0.4501
151 056 249 188 0.4501 0.4501 0.4501 0.4501 0.4501 0.4501 0.2883 0.4501 0.2883 0.2883 0.4501 0.4501 0.4501 0.4501 0.4501 0.4501
056 249 188 081 0.2883 0.2883 0.2883 0.4501 0.4501 0.2883 0.4501 0.4501 0.4501 0.2883 0.4501 0.2883 0.4501 0.4501 0.4501 0.4501
249 188 081 316 0.2883 0.2883 0.2883 0.4501 0.2883 0.4501 0.4501 0.4501 0.4501 0.2883 0.4501 0.4501 0.4501 0.2883 0.2883 0.2883
188 081 316 000 0.4501 0.4501 0.4501 0.2883 0.2883 0.4501 0.2883 0.2883 0.2883 0.4501 0.2883 0.4501 0.4501 0.2883 0.2883 0.4501
081 316 000 221 0.2883 0.2883 0.2883 0.4501 0.4501 0.4501 0.4501 0.2883 0.2883 0.4501 0.4501 0.2883 0.2883 0.2883 0.4501 0.4501
316 000 221 083 0.4501 0.4501 0.2883 0.4501 0.2883 0.2883 0.2883 0.4501 0.4501 0.2883 0.4501 0.4501 0.4501 0.4501 0.2883 0.2883
000 221 083 054 0.2883 0.2883 0.4501 0.4501 0.2883 0.4501 0.2883 0.2883 0.2883 0.4501 0.4501 0.2883 0.4501 0.2883 0.4501 0.4501
221 083 054 137 0.2883 0.4501 0.2883 0.4501 0.4501 0.4501 0.2883 0.4501 0.4501 0.4501 0.4501 0.2883 0.4501 0.2883 0.4501 0.4501
083 054 137 115 0.4501 0.4501 0.2883 0.4501 0.2883 0.4501 0.4501 0.4501 0.4501 0.2883 0.2883 0.4501 0.2883 0.2883 0.4501 0.4501
054 137 115 253 0.4501 0.2883 0.2883 0.4501 0.2883 0.2883 0.2883 0.2883 0.4501 0.4501 0.4501 0.4501 0.2883 0.2883 0.4501 0.2883
137 115 253 281 0.4501 0.2883 0.2883 0.2883 0.4501 0.4501 0.4501 0.4501 0.4501 0.2883 0.2883 0.4501 0.2883 0.4501 0.2883 0.4501
115 253 281 202 0.4501 0.2883 0.2883 0.4501 0.2883 0.4501 0.4501 0.4501 0.4501 0.4501 0.2883 0.4501 0.4501 0.4501 0.4501 0.4501
253 281 202 150 0.2883 0.2883 0.2883 0.2883 0.4501 0.2883 0.2883 0.4501 0.2883 0.4501 0.4501 0.4501 0.4501 0.2883 0.4501 0.4501
281 202 150 046 0.4501 0.4501 0.2883 0.2883 0.2883 0.2883 0.2883 0.4501 0.2883 0.4501 0.4501 0.2883 0.4501 0.4501 0.2883 0.2883
202 150 046 337 0.2883 0.2883 0.2883 0.2883 0.4501 0.2883 0.2883 0.2883 0.2883 0.4501 0.4501 0.4501 0.4501 0.2883 0.4501 0.2883
150 046 337 247 0.4501 0.4501 0.2883 0.2883 0.4501 0.2883 0.2883 0.4501 0.2883 0.4501 0.2883 0.4501 0.4501 0.4501 0.2883 0.4501
046 337 247 274 0.4501 0.4501 0.2883 0.4501 0.4501 0.2883 0.4501 0.4501 0.2883 0.4501 0.4501 0.4501 0.4501 0.2883 0.2883 0.2883
337 247 274 240 0.2883 0.2883 0.4501 0.4501 0.4501 0.2883 0.4501 0.4501 0.4501 0.2883 0.4501 0.4501 0.2883 0.2883 0.4501 0.2883
247 274 240 058 0.2883 0.4501 0.2883 0.2883 0.2883 0.4501 0.4501 0.2883 0.2883 0.4501 0.4501 0.4501 0.4501 0.2883 0.4501 0.2883
274 240 058 314 0.2883 0.4501 0.2883 0.4501 0.4501 0.2883 0.2883 0.4501 0.2883 0.2883 0.4501 0.2883 0.4501 0.4501 0.4501 0.4501
240 058 314 331 0.2883 0.2883 0.2883 0.4501 0.4501 0.2883 0.4501 0.2883 0.2883 0.2883 0.2883 0.4501 0.4501 0.4501 0.2883 0.2883
058 314 331 029 0.4501 0.2883 0.4501 0.4501 0.2883 0.2883 0.2883 0.4501 0.2883 0.4501 0.2883 0.4501 0.4501 0.4501 0.4501 0.4501
314 331 029 015 0.4501 0.4501 0.2883 0.4501 0.2883 0.4501 0.4501 0.2883 0.2883 0.4501 0.4501 0.4501 0.4501 0.4501 0.2883 0.2883
331 029 015 237 0.2883 0.2883 0.4501 0.4501 0.4501 0.4501 0.4501 0.4501 0.4501 0.2883 0.4501 0.4501 0.2883 0.4501 0.4501 0.4501
029 015 237 210 0.2883 0.4501 0.4501 0.4501 0.2883 0.2883 0.2883 0.4501 0.4501 0.2883 0.2883 0.2883 0.2883 0.4501 0.4501 0.4501
015 237 210 280 0.2883 0.2883 0.2883 0.2883 0.4501 0.4501 0.2883 0.4501 0.4501 0.4501 0.4501 0.4501 0.2883 0.4501 0.4501 0.4501
237 210 280 301 0.4501 0.2883 0.4501 0.4501 0.4501 0.4501 0.4501 0.2883 0.4501 0.2883 0.4501 0.2883 0.4501 0.2883 0.4501 0.4501
210 280 301 078 0.4501 0.2883 0.2883 0.2883 0.4501 0.2883 0.4501 0.2883 0.2883 0.4501 0.4501 0.2883 0.2883 0.2883 0.2883 0.4501
280 301 078 156 0.2883 0.2883 0.2883 0.2883 0.2883 0.4501 0.2883 0.4501 0.4501 0.4501 0.2883 0.4501 0.2883 0.4501 0.4501 0.4501
301 078 156 027 0.4501 0.2883 0.2883 0.2883 0.4501 0.2883 0.2883 0.4501 0.4501 0.2883 0.4501 0.2883 0.4501 0.2883 0.4501 0.4501
078 156 027 335 0.4501 0.2883 0.4501 0.4501 0.4501 0.2883 0.4501 0.4501 0.2883 0.4501 0.2883 0.2883 0.2883 0.2883 0.4501 0.4501
156 027 335 176 0.2883 0.4501 0.4501 0.2883 0.4501 0.4501 0.2883 0.2883 0.2883 0.4501 0.2883 0.4501 0.2883 0.4501 0.4501 0.4501
027 335 176 110 0.2883 0.2883 0.4501 0.4501 0.2883 0.4501 0.2883 0.4501 0.4501 0.2883 0.2883 0.2883 0.4501 0.2883 0.2883 0.2883
335 176 110 095 0.4501 0.2883 0.4501 0.4501 0.2883 0.2883 0.2883 0.4501 0.4501 0.4501 0.4501 0.2883 0.2883 0.4501 0.2883 0.2883
176 110 095 198 0.4501 0.4501 0.4501 0.2883 0.2883 0.4501 0.4501 0.4501 0.4501 0.2883 0.2883 0.4501 0.4501 0.2883 0.2883 0.2883
110 095 198 005 0.2883 0.2883 0.2883 0.4501 0.4501 0.4501 0.2883 0.4501 0.2883 0.4501 0.4501 0.2883 0.2883 0.4501 0.2883 0.2883
095 198 005 088 0.4501 0.4501 0.4501 0.2883 0.2883 0.2883 0.4501 0.2883 0.4501 0.2883 0.4501 0.4501 0.4501 0.4501 0.4501 0.4501
198 005 088 175 0.4501 0.4501 0.2883 0.4501 0.2883 0.4501 0.2883 0.4501 0.4501 0.4501 0.4501 0.2883 0.4501 0.2883 0.4501 0.2883
005 088 175 066 0.4501 0.4501 0.2883 0.2883 0.4501 0.2883 0.4501 0.4501 0.4501 0.2883 0.2883 0.4501 0.2883 0.4501 0.4501 0.2883
088 175 066 043 0.4501 0.2883 0.2883 0.4501 0.4501 0.2883 0.4501 0.2883 0.4501 0.4501 0.2883 0.2883 0.2883 0.2883 0.4501 0.4501
175 066 043 025 0.4501 0.4501 0.4501 0.4501 0.2883 0.4501 0.2883 0.4501 0.2883 0.4501 0.2883 0.2883 0.2883 0.4501 0.2883 0.2883
066 043 025 006 0.2883 0.4501 0.2883 0.4501 0.2883 0.4501 0.2883 0.2883 0.2883 0.4501 0.2883 0.2883 0.4501 0.2883 0.4501 0.2883
043 025 006 323 0.4501 0.4501 0.4501 0.2883 0.2883 0.2883 0.4501 0.2883 0.2883 0.4501 0.4501 0.4501 0.4501 0.4501 0.4501 0.4501
025 006 323 211 0.2883 0.4501 0.4501 0.4501 0.2883 0.4501 0.4501 0.2883 0.2883 0.2883 0.2883 0.2883 0.4501 0.2883 0.4501 0.2883
006 323 211 192 0.2883 0.2883 0.2883 0.2883 0.2883 0.2883 0.4501 0.2883 0.2883 0.2883 0.2883 0.4501 0.2883 0.2883 0.2883 0.2883
323 211 192 294 0.2883 0.4501 0.2883 0.4501 0.4501 0.2883 0.4501 0.4501 0.2883 0.2883 0.2883 0.2883 0.4501 0.2883 0.2883 0.4501
211 192 294 122 0.2883 0.4501 0.2883 0.2883 0.2883 0.4501 0.4501 0.4501 0.2883 0.4501 0.2883 0.2883 0.2883 0.2883 0.4501 0.2883
192 294 122 044 0.2883 0.2883 0.4501 0.2883 0.2883 0.2883 0.4501 0.2883 0.2883 0.2883 0.2883 0.2883 0.4501 0.2883 0.4501 0.4501
294 122 044 181 0.2883 0.2883 0.2883 0.2883 0.4501 0.4501 0.4501 0.2883 0.2883 0.2883 0.4501 0.2883 0.4501 0.4501 0.2883 0.2883
122 044 181 236 0.2883 0.4501 0.2883 0.4501 0.2883 0.4501 0.4501 0.2883 0.2883 0.4501 0.4501 0.2883 0.4501 0.2883 0.4501 0.4501
044 181 236 343 0.2883 0.2883 0.4501 0.4501 0.2883 0.2883 0.2883 0.2883 0.2883 0.2883 0.4501 0.4501 0.2883 0.2883 0.4501 0.2883
181 236 343 351 0.4501 0.4501 0.2883 0.2883 0.2883 0.2883 0.4501 0.2883 0.4501 0.2883 0.4501 0.4501 0.4501 0.4501 0.2883 0.2883
236 343 351 077 0.2883 0.2883 0.4501 0.2883 0.4501 0.4501 0.2883 0.2883 0.4501 0.4501 0.2883 0.4501 0.2883 0.4501 0.2883 0.2883
343 351 077 189 0.4501 0.4501 0.2883 0.4501 0.4501 0.4501 0.4501 0.4501 0.4501 0.2883 0.4501 0.4501 0.4501 0.2883 0.2883 0.4501
351 077 189 062 0.4501 0.2883 0.2883 0.2883 0.4501 0.2883 0.4501 0.4501 0.4501 0.2883 0.4501 0.2883 0.2883 0.2883 0.4501 0.4501
077 189 062 105 0.4501 0.2883 0.2883 0.4501 0.2883 0.4501 0.2883 0.2883 0.4501 0.2883 0.4501 0.2883 0.2883 0.4501 0.4501 0.2883
189 062 105 197 0.2883 0.2883 0.2883 0.2883 0.2883 0.4501 0.4501 0.4501 0.4501 0.2883 0.4501 0.4501 0.4501 0.4501 0.2883 0.4501
062 105 197 223 0.4501 0.2883 0.2883 0.4501 0.2883 0.4501 0.2883 0.2883 0.2883 0.4501 0.4501 0.4501 0.2883 0.4501 0.2883 0.2883
105 197 223 143 0.4501 0.4501 0.2883 0.4501 0.2883 0.4501 0.4501 0.2883 0.4501 0.2883 0.4501 0.4501 0.4501 0.2883 0.2883 0.2883
197 223 143 004 0.2883 0.2883 0.4501 0.2883 0.2883 0.2883 0.4501 0.4501 0.4501 0.4501 0.4501 0.4501 0.4501 0.2883 0.4501 0.4501
223 143 004 097 0.4501 0.4501 0.4501 0.4501 0.2883 0.4501 0.2883 0.2883 0.4501 0.4501 0.4501 0.4501 0.2883 0.2883 0.4501 0.2883
143 004 097 332 0.2883 0.2883 0.4501 0.4501 0.4501 0.4501 0.2883 0.2883 0.2883 0.4501 0.4501 0.4501 0.4501 0.4501 0.4501 0.2883
004 097 332 313 0.4501 0.4501 0.4501 0.2883 0.4501 0.4501 0.2883 0.2883 0.4501 0.4501 0.2883 0.4501 0.2883 0.2883 0.2883 0.4501
097 332 313 144 0.4501 0.2883 0.2883 0.4501 0.4501 0.2883 0.4501 0.4501 0.4501 0.4501 0.2883 0.2883 0.4501 0.4501 0.2883 0.4501
332 313 144 180 0.2883 0.2883 0.4501 0.2883 0.2883 0.4501 0.4501 0.4501 0.2883 0.4501 0.4501 0.4501 0.4501 0.2883 0.2883 0.4501
313 144 180 242 0.2883 0.4501 0.2883 0.2883 0.4501 0.4501 0.2883 0.2883 0.2883 0.2883 0.2883 0.4501 0.2883 0.2883 0.2883 0.2883
144 180 242 214 0.4501 0.2883 0.2883 0.2883 0.2883 0.2883 0.4501 0.4501 0.4501 0.4501 0.2883 0.4501 0.4501 0.2883 0.4501 0.4501
180 242 214 019 0.2883 0.2883 0.4501 0.2883 0.4501 0.2883 0.4501 0.4501 0.4501 0.2883 0.2883 0.4501 0.4501 0.2883 0.2883 0.4501
242 214 019 270 0.4501 0.2883 0.2883 0.4501 0.2883 0.4501 0.2883 0.4501 0.4501 0.4501 0.2883 0.2883 0.2883 0.4501 0.4501 0.4501
214 019 270 239 0.2883 0.2883 0.4501 0.2883 0.2883 0.2883 0.2883 0.4501 0.2883 0.4501 0.2883 0.2883 0.2883 0.2883 0.4501 0.4501
019 270 239 338 0.2883 0.4501 0.4501 0.2883 0.2883 0.4501 0.2883 0.2883 0.2883 0.2883 0.2883 0.2883 0.2883 0.2883 0.4501 0.2883
270 239 338 230 0.4501 0.4501 0.4501 0.4501 0.2883 0.2883 0.4501 0.2883 0.2883 0.4501 0.4501 0.2883 0.2883 0.4501 0.2883 0.2883
239 338 230 317 0.4501 0.4501 0.4501 0.2883 0.4501 0.4501 0.4501 0.4501 0.2883 0.4501 0.4501 0.2883 0.4501 0.2883 0.2883 0.4501
338 230 317 319 0.2883 0.4501 0.2883 0.4501 0.4501 0.4501 0.4501 0.2883 0.4501 0.2883 0.4501 0.4501 0.2883 0.4501 0.4501 0.4501
230 317 319 159 0.4501 0.2883 0.4501 0.4501 0.2883 0.2883 0.4501 0.4501 0.2883 0.2883 0.2883 0.2883 0.2883 0.4501 0.4501 0.4501
317 319 159 060 0.4501 0.4501 0.4501 0.4501 0.4501 0.4501 0.2883 0.4501 0.4501 0.4501 0.2883 0.2883 0.4501 0.2883 0.4501 0.2883
319 159 060 045 0.2883 0.4501 0.2883 0.4501 0.2883 0.4501 0.4501 0.2883 0.4501 0.2883 0.4501 0.4501 0.4501 0.4501 0.2883 0.2883
159 060 045 231 0.2883 0.2883 0.4501 0.2883 0.4501 0.4501 0.4501 0.2883 0.2883 0.2883 0.2883 0.2883 0.2883 0.2883 0.4501 0.4501
060 045 231 003 0.4501 0.2883 0.4501 0.2883 0.4501 0.4501 0.2883 0.2883 0.2883 0.4501 0.4501 0.4501 0.4501 0.4501 0.2883 0.4501
045 231 003 007 0.4501 0.2883 0.4501 0.4501 0.2883 0.2883 0.4501 0.2883 0.4501 0.2883 0.4501 0.2883 0.4501 0.2883 0.2883 0.4501
231 003 007 086 0.4501 0.4501 0.2883 0.2883 0.2883 0.2883 0.2883 0.2883 0.2883 0.2883 0.2883 0.4501 0.2883 0.2883 0.4501 0.2883
003 007 086 039 0.2883 0.2883 0.4501 0.4501 0.2883 0.4501 0.4501 0.4501 0.2883 0.2883 0.2883 0.2883 0.2883 0.2883 0.4501 0.2883
007 086 039 346 0.2883 0.4501 0.2883 0.2883 0.4501 0.2883 0.4501 0.4501 0.4501 0.4501 0.2883 0.4501 0.2883 0.4501 0.2883 0.2883
086 039 346 145 0.4501 0.4501 0.2883 0.4501 0.4501 0.4501 0.2883 0.2883 0.2883 0.2883 0.2883 0.4501 0.2883 0.2883 0.4501 0.4501
039 346 145 204 0.4501 0.4501 0.4501 0.2883 0.2883 0.2883 0.2883 0.2883 0.4501 0.2883 0.4501 0.4501 0.2883 0.2883 0.2883 0.4501
346 145 204 155 0.4501 0.2883 0.2883 0.4501 0.2883 0.2883 0.4501 0.4501 0.4501 0.4501 0.4501 0.4501 0.4501 0.2883 0.4501 0.4501
145 204 155 171 0.2883 0.2883 0.2883 0.4501 0.2883 0.2883 0.4501 0.2883 0.2883 0.4501 0.4501 0.2883 0.4501 0.4501 0.4501 0.2883
204 155 171 285 0.2883 0.4501 0.4501 0.2883 0.2883 0.2883 0.4501 0.4501 0.2883 0.2883 0.4501 0.4501 0.4501 0.4501 0.4501 0.2883
155 171 285 234 0.4501 0.2883 0.2883 0.4501 0.2883 0.2883 0.4501 0.2883 0.2883 0.2883 0.4501 0.2883 0.4501 0.4501 0.4501 0.4501
171 285 234 108 0.2883 0.2883 0.4501 0.2883 0.2883 0.2883 0.4501 0.4501 0.4501 0.2883 0.4501 0.4501 0.2883 0.4501 0.2883 0.4501
285 234 108 206 0.2883 0.4501 0.2883 0.2883 0.2883 0.4501 0.2883 0.4501 0.2883 0.2883 0.2883 0.4501 0.4501 0.2883 0.2883 0.2883
234 108 206 158 0.4501 0.2883 0.2883 0.4501 0.4501 0.2883 0.2883 0.2883 0.2883 0.4501 0.2883 0.2883 0.4501 0.2883 0.2883 0.2883
108 206 158 059 0.4501 0.2883 0.2883 0.2883 0.2883 0.2883 0.2883 0.2883 0.4501 0.4501 0.2883 0.2883 0.2883 0.2883 0.4501 0.2883
206 158 059 079 0.2883 0.2883 0.2883 0.2883 0.4501 0.4501 0.2883 0.4501 0.2883 0.4501 0.2883 0.4501 0.4501 0.4501 0.2883 0.4501
158 059 079 065 0.2883 0.2883 0.2883 0.2883 0.4501 0.4501 0.4501 0.2883 0.2883 0.4501 0.2883 0.4501 0.4501 0.2883 0.2883 0.4501
059 079 065 125 0.2883 0.2883 0.2883 0.2883 0.2883 0.2883 0.4501 0.2883 0.2883 0.4501 0.4501 0.2883 0.4501 0.4501 0.2883 0.2883
079 065 125 260 0.2883 0.2883 0.2883 0.2883 0.4501 0.2883 0.2883 0.2883 0.4501 0.4501 0.4501 0.4501 0.4501 0.4501 0.4501 0.4501
065 125 260 116 0.2883 0.4501 0.2883 0.4501 0.2883 0.4501 0.4501 0.2883 0.2883 0.2883 0.4501 0.2883 0.4501 0.4501 0.4501 0.2883
125 260 116 311 0.2883 0.4501 0.4501 0.2883 0.2883 0.4501 0.2883 0.4501 0.4501 0.2883 0.4501 0.4501 0.2883 0.4501 0.2883 0.4501
260 116 311 087 0.4501 0.4501 0.2883 0.4501 0.4501 0.2883 0.4501 0.4501 0.4501 0.4501 0.2883 0.2883 0.2883 0.2883 0.2883 0.2883
116 311 087 172 0.4501 0.2883 0.4501 0.4501 0.4501 0.4501 0.4501 0.2883 0.2883 0.4501 0.2883 0.2883 0.2883 0.2883 0.4501 0.4501
311 087 172 061 0.2883 0.2883 0.2883 0.4501 0.2883 0.4501 0.4501 0.2883 0.4501 0.4501 0.2883 0.2883 0.2883 0.4501 0.4501 0.4501
087 172 061 201 0.4501 0.4501 0.2883 0.4501 0.4501 0.4501 0.2883 0.2883 0.4501 0.4501 0.2883 0.2883 0.2883 0.4501 0.4501 0.4501
172 061 201 209 0.2883 0.2883 0.4501 0.2883 0.2883 0.2883 0.2883 0.4501 0.4501 0.2883 0.4501 0.4501 0.4501 0.2883 0.2883 0.2883
061 201 209 225 0.2883 0.4501 0.4501 0.2883 0.4501 0.2883 0.2883 0.4501 0.4501 0.2883 0.4501 0.4501 0.2883 0.4501 0.2883 0.2883
201 209 225 051 0.4501 0.2883 0.2883 0.2883 0.4501 0.4501 0.4501 0.4501 0.4501 0.2883 0.4501 0.4501 0.2883 0.2883 0.4501 0.2883
209 225 051 268 0.4501 0.2883 0.2883 0.4501 0.4501 0.4501 0.4501 0.2883 0.2883 0.2883 0.2883 0.2883 0.4501 0.4501 0.4501 0.4501
225 051 268 096 0.2883 0.2883 0.2883 0.2883 0.2883 0.2883 0.4501 0.4501 0.2883 0.4501 0.4501 0.4501 0.4501 0.2883 0.2883 0.4501
051 268 096 134 0.2883 0.2883 0.4501 0.2883 0.2883 0.4501 0.4501 0.2883 0.2883 0.2883 0.4501 0.2883 0.4501 0.4501 0.4501 0.2883
268 096 134 091 0.4501 0.2883 0.2883 0.4501 0.2883 0.2883 0.4501 0.4501 0.2883 0.2883 0.2883 0.4501 0.2883 0.2883 0.4501 0.2883
096 134 091 345 0.2883 0.4501 0.4501 0.4501 0.2883 0.4501 0.4501 0.2883 0.4501 0.2883 0.4501 0.2883 0.2883 0.4501 0.2883 0.4501
134 091 345 248 0.2883 0.4501 0.4501 0.2883 0.2883 0.2883 0.2883 0.4501 0.4501 0.4501 0.2883 0.2883 0.4501 0.4501 0.4501 0.2883
091 345 248 193 0.4501 0.4501 0.4501 0.4501 0.4501 0.4501 0.2883 0.4501 0.4501 0.4501 0.4501 0.4501 0.4501 0.4501 0.4501 0.2883
345 248 193 282 0.2883 0.4501 0.4501 0.2883 0.2883 0.4501 0.2883 0.2883 0.2883 0.4501 0.4501 0.2883 0.2883 0.2883 0.4501 0.2883
248 193 282 032 0.2883 0.2883 0.2883 0.4501 0.2883 0.4501 0.2883 0.2883 0.2883 0.4501 0.4501 0.2883 0.2883 0.2883 0.2883 0.2883
193 282 032 040 0.4501 0.4501 0.2883 0.2883 0.2883 0.4501 0.4501 0.2883 0.4501 0.2883 0.2883 0.2883 0.2883 0.4501 0.2883 0.4501
282 032 040 042 0.4501 0.2883 0.2883 0.2883 0.4501 0.4501 0.4501 0.2883 0.4501 0.4501 0.4501 0.2883 0.2883 0.4501 0.2883 0.2883
032 040 042 190 0.2883 0.4501 0.2883 0.2883 0.2883 0.4501 0.2883 0.2883 0.4501 0.4501 0.2883 0.4501 0.2883 0.2883 0.4501 0.4501
040 042 190 118 0.4501 0.4501 0.4501 0.4501 0.2883 0.2883 0.4501 0.4501 0.2883 0.4501 0.4501 0.2883 0.2883 0.2883 0.4501 0.4501
042 190 118 173 0.4501 0.4501 0.4501 0.2883 0.2883 0.2883 0.4501 0.2883 0.4501 0.2883 0.4501 0.2883 0.4501 0.4501 0.2883 0.2883
190 118 173 279 0.4501 0.4501 0.4501 0.2883 0.4501 0.4501 0.2883 0.2883 0.2883 0.2883 0.2883 0.2883 0.4501 0.2883 0.4501 0.4501
118 173 279 321 0.2883 0.2883 0.2883 0.4501 0.2883 0.2883 0.2883 0.4501 0.4501 0.4501 0.2883 0.2883 0.4501 0.2883 0.2883 0.2883
173 279 321 329 0.4501 0.2883 0.2883 0.4501 0.4501 0.2883 0.2883 0.2883 0.4501 0.2883 0.2883 0.2883 0.4501 0.2883 0.4501 0.4501
279 321 329 228 0.2883 0.2883 0.2883 0.4501 0.2883 0.4501 0.4501 0.2883 0.4501 0.4501 0.4501 0.4501 0.4501 0.2883 0.2883 0.2883
321 329 228 217 0.4501 0.2883 0.4501 0.2883 0.2883 0.4501 0.4501 0.2883 0.4501 0.4501 0.4501 0.2883 0.4501 0.4501 0.4501 0.2883
329 228 217 250 0.4501 0.4501 0.2883 0.2883 0.4501 0.2883 0.2883 0.2883 0.4501 0.2883 0.4501 0.2883 0.4501 0.2883 0.4501 0.4501
228 217 250 200 0.4501 0.4501 0.2883 0.2883 0.4501 0.2883 0.4501 0.4501 0.4501 0.4501 0.2883 0.2883 0.2883 0.4501 0.4501 0.4501
217 250 200 269 0.4501 0.2883 0.4501 0.2883 0.4501 0.4501 0.2883 0.4501 0.4501 0.4501 0.4501 0.2883 0.2883 0.4501 0.2883 0.2883
250 200 269 278 0.4501 0.4501 0.4501 0.2883 0.2883 0.4501 0.2883 0.4501 0.2883 0.4501 0.4501 0.2883 0.2883 0.4501 0.2883 0.4501
200 269 278 033 0.4501 0.2883 0.4501 0.4501 0.4501 0.4501 0.2883 0.2883 0.4501 0.2883 0.4501 0.4501 0.2883 0.4501 0.4501 0.2883
269 278 033 185 0.2883 0.2883 0.2883 0.4501 0.2883 0.4501 0.4501 0.4501 0.2883 0.4501 0.2883 0.2883 0.2883 0.4501 0.2883 0.4501
278 033 185 220 0.4501 0.2883 0.4501 0.2883 0.2883 0.4501 0.4501 0.2883 0.2883 0.2883 0.2883 0.4501 0.2883 0.4501 0.2883 0.4501
033 185 220 100 0.4501 0.4501 0.2883 0.2883 0.2883 0.2883 0.4501 0.2883 0.4501 0.4501 0.4501 0.4501 0.2883 0.4501 0.2883 0.2883
185 220 100 307 0.2883 0.4501 0.4501 0.2883 0.4501 0.2883 0.2883 0.4501 0.2883 0.4501 0.4501 0.4501 0.2883 0.2883 0.2883 0.4501
220 100 307 031 0.4501 0.4501 0.4501 0.2883 0.4501 0.2883 0.2883 0.2883 0.2883 0.4501 0.2883 0.4501 0.2883 0.2883 0.4501 0.2883
100 307 031 229 0.4501 0.2883 0.4501 0.2883 0.2883 0.4501 0.4501 0.4501 0.4501 0.2883 0.4501 0.4501 0.2883 0.4501 0.2883 0.2883
307 031 229 014 0.4501 0.2883 0.4501 0.4501 0.2883 0.4501 0.4501 0.4501 0.2883 0.2883 0.2883 0.4501 0.4501 0.2883 0.4501 0.4501
031 229 014 021 0.2883 0.4501 0.4501 0.2883 0.4501 0.2883 0.4501 0.2883 0.2883 0.4501 0.4501 0.4501 0.4501 0.2883 0.4501 0.2883
229 014 021 130 0.2883 0.2883 0.4501 0.2883 0.2883 0.4501 0.4501 0.4501 0.4501 0.4501 0.2883 0.4501 0.2883 0.2883 0.2883 0.4501
014 021 130 215 0.2883 0.4501 0.4501 0.2883 0.4501 0.2883 0.2883 0.4501 0.2883 0.4501 0.2883 0.4501 0.2883 0.2883 0.2883 0.2883
021 130 215 055 0.4501 0.2883 0.4501 0.2883 0.2883 0.2883 0.2883 0.4501 0.4501 0.2883 0.2883 0.4501 0.4501 0.2883 0.2883 0.4501
130 215 055 300 0.4501 0.4501 0.4501 0.2883 0.4501 0.4501 0.4501 0.4501 0.2883 0.4501 0.2883 0.4501 0.4501 0.2883 0.4501 0.2883
215 055 300 212 0.4501 0.4501 0.4501 0.4501 0.4501 0.2883 0.4501 0.2883 0.2883 0.2883 0.4501 0.2883 0.2883 0.2883 0.2883 0.4501
055 300 212 011 0.2883 0.4501 0.2883 0.4501 0.2883 0.2883 0.2883 0.4501 0.4501 0.2883 0.2883 0.4501 0.2883 0.4501 0.4501 0.4501
300 212 011 330 0.4501 0.4501 0.4501 0.4501 0.4501 0.4501 0.2883 0.4501 0.2883 0.4501 0.2883 0.4501 0.2883 0.2883 0.4501 0.2883
212 011 330 121 0.2883 0.2883 0.2883 0.2883 0.4501 0.2883 0.2883 0.2883 0.2883 0.4501 0.4501 0.4501 0.2883 0.2883 0.4501 0.2883
011 330 121 064 0.2883 0.2883 0.2883 0.2883 0.2883 0.4501 0.2883 0.2883 0.2883 0.4501 0.4501 0.2883 0.2883 0.2883 0.2883 0.4501
330 121 064 246 0.2883 0.2883 0.4501 0.4501 0.2883 0.4501 0.2883 0.4501 0.4501 0.4501 0.2883 0.2883 0.2883 0.2883 0.4501 0.4501
121 064 246 002 0.4501 0.4501 0.2883 0.2883 0.4501 0.2883 0.2883 0.4501 0.2883 0.4501 0.2883 0.2883 0.2883 0.2883 0.2883 0.2883
064 246 002 179 0.2883 0.2883 0.2883 0.4501 0.4501 0.4501 0.2883 0.4501 0.4501 0.4501 0.4501 0.2883 0.2883 0.4501 0.2883 0.2883
246 002 179 107 0.2883 0.2883 0.2883 0.2883 0.4501 0.4501 0.4501 0.2883 0.4501 0.4501 0.2883 0.4501 0.4501 0.2883 0.2883 0.4501
002 179 107 342 0.2883 0.4501 0.2883 0.2883 0.2883 0.2883 0.2883 0.4501 0.4501 0.2883 0.2883 0.2883 0.2883 0.2883 0.2883 0.2883
179 107 342 355 0.4501 0.2883 0.4501 0.2883 0.4501 0.4501 0.4501 0.2883 0.4501 0.4501 0.2883 0.4501 0.2883 0.4501 0.4501 0.4501
107 342 355 336 0.4501 0.4501 0.2883 0.2883 0.4501 0.4501 0.4501 0.4501 0.4501 0.2883 0.2883 0.4501 0.4501 0.2883 0.2883 0.4501
342 355 336 296 0.2883 0.2883 0.2883 0.2883 0.2883 0.2883 0.2883 0.2883 0.4501 0.4501 0.2883 0.4501 0.2883 0.2883 0.2883 0.4501
355 336 296 241 0.2883 0.4501 0.4501 0.4501 0.4501 0.2883 0.4501 0.2883 0.2883 0.4501 0.2883 0.4501 0.2883 0.4501 0.4501 0.2883
336 296 241 167 0.4501 0.2883 0.2883 0.2883 0.2883 0.2883 0.4501 0.4501 0.4501 0.4501 0.4501 0.4501 0.2883 0.2883 0.4501 0.4501
296 241 167 170 0.2883 0.4501 0.2883 0.4501 0.4501 0.2883 0.2883 0.2883 0.4501 0.2883 0.4501 0.4501 0.2883 0.2883 0.2883 0.4501
241 167 170 194 0.4501 0.2883 0.4501 0.2883 0.2883 0.2883 0.4501 0.4501 0.4501 0.4501 0.2883 0.4501 0.2883 0.2883 0.4501 0.2883
167 170 194 262 0.4501 0.4501 0.4501 0.2883 0.4501 0.4501 0.4501 0.2883 0.4501 0.4501 0.2883 0.2883 0.4501 0.4501 0.2883 0.2883
170 194 262 178 0.4501 0.4501 0.2883 0.4501 0.2883 0.4501 0.4501 0.4501 0.4501 0.2883 0.2883 0.4501 0.2883 0.2883 0.4501 0.2883
194 262 178 072 0.2883 0.4501 0.4501 0.4501 0.4501 0.2883 0.4501 0.4501 0.4501 0.2883 0.2883 0.4501 0.4501 0.4501 0.2883 0.4501
262 178 072 295 0.4501 0.2883 0.2883 0.2883 0.4501 0.4501 0.2883 0.2883 0.2883 0.2883 0.2883 0.2883 0.4501 0.2883 0.2883 0.2883
178 072 295 138 0.2883 0.4501 0.4501 0.2883 0.2883 0.4501 0.2883 0.4501 0.4501 0.2883 0.2883 0.4501 0.4501 0.2883 0.4501 0.4501
072 295 138 093 0.4501 0.2883 0.2883 0.2883 0.2883 0.2883 0.2883 0.4501 0.2883 0.2883 0.2883 0.4501 0.4501 0.2883 0.2883 0.4501
295 138 093 344 0.2883 0.2883 0.4501 0.4501 0.2883 0.4501 0.2883 0.2883 0.2883 0.2883 0.4501 0.4501 0.2883 0.2883 0.2883 0.4501
138 093 344 272 0.2883 0.2883 0.4501 0.2883 0.4501 0.4501 0.2883 0.2883 0.2883 0.4501 0.4501 0.2883 0.2883 0.2883 0.4501 0.2883
093 344 272 267 0.2883 0.2883 0.2883 0.2883 0.2883 0.2883 0.2883 0.4501 0.4501 0.2883 0.2883 0.4501 0.2883 0.4501 0.2883 0.2883
344 272 267 112 0.4501 0.4501 0.2883 0.2883 0.4501 0.2883 0.2883 0.2883 0.4501 0.4501 0.4501 0.4501 0.4501 0.2883 0.2883 0.4501
272 267 112 265 0.4501 0.4501 0.4501 0.2883 0.2883 0.4501 0.2883 0.2883 0.4501 0.2883 0.2883 0.2883 0.2883 0.2883 0.2883 0.2883
267 112 265 010 0.4501 0.2883 0.4501 0.2883 0.2883 0.4501 0.4501 0.4501 0.4501 0.2883 0.2883 0.2883 0.4501 0.4501 0.4501 0.2883
112 265 010 353 0.2883 0.4501 0.4501 0.2883 0.2883 0.2883 0.2883 0.2883 0.4501 0.2883 0.2883 0.4501 0.4501 0.2883 0.2883 0.4501
265 010 353 149 0.4501 0.2883 0.2883 0.4501 0.4501 0.2883 0.2883 0.2883 0.4501 0.2883 0.2883 0.2883 0.2883 0.2883 0.2883 0.2883
010 353 149 289 0.2883 0.4501 0.4501 0.2883 0.2883 0.2883 0.4501 0.4501 0.2883 0.2883 0.4501 0.2883 0.2883 0.4501 0.4501 0.2883
353 149 289 166 0.4501 0.4501 0.4501 0.4501 0.4501 0.4501 0.4501 0.4501 0.4501 0.4501 0.4501 0.4501 0.4501 0.2883 0.4501 0.2883
149 289 166 232 0.4501 0.2883 0.2883 0.2883 0.4501 0.2883 0.4501 0.2883 0.4501 0.4501 0.4501 0.2883 0.4501 0.2883 0.4501 0.4501
289 166 232 304 0.4501 0.4501 0.2883 0.4501 0.4501 0.4501 0.2883 0.4501 0.2883 0.4501 0.2883 0.2883 0.2883 0.2883 0.2883 0.4501
166 232 304 084 0.2883 0.4501 0.4501 0.2883 0.4501 0.2883 0.2883 0.2883 0.4501 0.4501 0.4501 0.4501 0.4501 0.4501 0.2883 0.4501
232 304 084 182 0.2883 0.4501 0.4501 0.2883 0.4501 0.4501 0.4501 0.2883 0.4501 0.2883 0.2883 0.2883 0.2883 0.2883 0.2883 0.2883
304 084 182 233 0.4501 0.2883 0.2883 0.4501 0.2883 0.2883 0.4501 0.4501 0.4501 0.4501 0.4501 0.4501 0.4501 0.4501 0.2883 0.4501
084 182 233 340 0.4501 0.2883 0.2883 0.2883 0.2883 0.4501 0.2883 0.4501 0.4501 0.2883 0.4501 0.2883 0.4501 0.4501 0.4501 0.2883
182 233 340 352 0.4501 0.2883 0.2883 0.4501 0.2883 0.2883 0.2883 0.4501 0.4501 0.4501 0.2883 0.4501 0.2883 0.2883 0.4501 0.2883
233 340 352 041 0.2883 0.2883 0.4501 0.4501 0.2883 0.2883 0.2883 0.4501 0.4501 0.2883 0.2883 0.4501 0.4501 0.4501 0.4501 0.2883
340 352 041 315 0.2883 0.4501 0.2883 0.4501 0.2883 0.2883 0.2883 0.4501 0.2883 0.2883 0.2883 0.2883 0.2883 0.2883 0.4501 0.2883
352 041 315 142 0.4501 0.4501 0.4501 0.2883 0.4501 0.4501 0.4501 0.2883 0.4501 0.2883 0.2883 0.2883 0.4501 0.2883 0.4501 0.4501
041 315 142 111 0.4501 0.4501 0.4501 0.2883 0.4501 0.2883 0.2883 0.2883 0.4501 0.2883 0.2883 0.4501 0.4501 0.2883 0.4501 0.2883
315 142 111 131 0.2883 0.2883 0.4501 0.2883 0.2883 0.2883 0.2883 0.2883 0.2883 0.4501 0.2883 0.2883 0.2883 0.2883 0.2883 0.2883
142 111 131 326 0.4501 0.2883 0.4501 0.4501 0.2883 0.2883 0.2883 0.2883 0.2883 0.4501 0.2883 0.4501 0.2883 0.4501 0.2883 0.2883
111 131 326 076 0.2883 0.4501 0.2883 0.2883 0.2883 0.2883 0.4501 0.2883 0.4501 0.4501 0.4501 0.2883 0.4501 0.4501 0.2883 0.2883
131 326 076 067 0.2883 0.2883 0.2883 0.2883 0.2883 0.2883 0.2883 0.2883 0.4501 0.2883 0.4501 0.2883 0.4501 0.2883 0.4501 0.2883
326 076 067 273 0.4501 0.4501 0.2883 0.2883 0.4501 0.2883 0.2883 0.4501 0.4501 0.4501 0.4501 0.2883 0.2883 0.4501 0.4501 0.4501
