356 031684 3
128 348 281 074 0.8840 0.8840 0.8840 0.8865 0.8865 0.8840 0.8865 0.8840 0.8840 0.8840 0.8840 0.8865 0.8840 0.8865 0.8865 0.8865
348 281 074 231 0.8840 0.8865 0.8840 0.8865 0.8840 0.8840 0.8840 0.8840 0.8840 0.8865 0.8865 0.8865 0.8865 0.8865 0.8840 0.8840
281 074 231 323 0.8865 0.8865 0.8840 0.8840 0.8865 0.8865 0.8840 0.8840 0.8840 0.8865 0.8840 0.8865 0.8840 0.8840 0.8865 0.8865
074 231 323 211 0.8865 0.8865 0.8840 0.8840 0.8865 0.8840 0.8865 0.8840 0.8865 0.8865 0.8840 0.8840 0.8840 0.8865 0.8865 0.8840
231 323 211 135 0.8865 0.8865 0.8840 0.8865 0.8840 0.8840 0.8840 0.8840 0.8840 0.8865 0.8840 0.8840 0.8865 0.8865 0.8840 0.8840
323 211 135 136 0.8840 0.8865 0.8840 0.8840 0.8865 0.8865 0.8865 0.8840 0.8840 0.8840 0.8840 0.8865 0.8840 0.8865 0.8840 0.8840
211 135 136 315 0.8865 0.8840 0.8840 0.8865 0.8840 0.8865 0.8865 0.8840 0.8840 0.8840 0.8840 0.8865 0.8840 0.8865 0.8840 0.8865
135 136 315 065 0.8865 0.8840 0.8865 0.8840 0.8865 0.8865 0.8865 0.8865 0.8840 0.8840 0.8865 0.8840 0.8840 0.8865 0.8865 0.8865
136 315 065 076 0.8865 0.8865 0.8865 0.8840 0.8840 0.8865 0.8865 0.8865 0.8865 0.8840 0.8865 0.8840 0.8865 0.8865 0.8865 0.8840
315 065 076 000 0.8865 0.8840 0.8865 0.8865 0.8840 0.8865 0.8865 0.8865 0.8840 0.8865 0.8865 0.8840 0.8840 0.8865 0.8865 0.8865
065 076 000 271 0.8840 0.8865 0.8840 0.8840 0.8865 0.8840 0.8840 0.8840 0.8865 0.8840 0.8865 0.8865 0.8840 0.8865 0.8840 0.8865
076 000 271 301 0.8865 0.8840 0.8865 0.8840 0.8865 0.8840 0.8865 0.8840 0.8865 0.8865 0.8865 0.8840 0.8865 0.8865 0.8840 0.8840
000 271 301 093 0.8840 0.8865 0.8865 0.8865 0.8865 0.8840 0.8840 0.8865 0.8840 0.8865 0.8865 0.8840 0.8865 0.8840 0.8865 0.8840
271 301 093 205 0.8865 0.8840 0.8840 0.8865 0.8840 0.8865 0.8865 0.8840 0.8840 0.8840 0.8840 0.8840 0.8840 0.8865 0.8840 0.8840
301 093 205 300 0.8840 0.8840 0.8840 0.8865 0.8840 0.8865 0.8865 0.8840 0.8865 0.8865 0.8865 0.8840 0.8865 0.8840 0.8865 0.8840
093 205 300 011 0.8840 0.8865 0.8865 0.8840 0.8840 0.8840 0.8865 0.8865 0.8840 0.8865 0.8840 0.8865 0.8865 0.8865 0.8840 0.8865
205 300 011 277 0.8865 0.8865 0.8840 0.8865 0.8865 0.8865 0.8865 0.8865 0.8865 0.8865 0.8840 0.8840 0.8840 0.8865 0.8840 0.8865
300 011 277 247 0.8840 0.8865 0.8840 0.8865 0.8840 0.8865 0.8865 0.8865 0.8840 0.8840 0.8840 0.8840 0.8865 0.8865 0.8865 0.8865
011 277 247 151 0.8840 0.8865 0.8840 0.8865 0.8840 0.8840 0.8840 0.8865 0.8865 0.8865 0.8840 0.8840 0.8840 0.8840 0.8840 0.8840
277 247 151 078 0.8840 0.8865 0.8865 0.8865 0.8865 0.8840 0.8865 0.8840 0.8840 0.8840 0.8865 0.8840 0.8840 0.8865 0.8840 0.8840
247 151 078 026 0.8865 0.8840 0.8840 0.8840 0.8865 0.8840 0.8840 0.8840 0.8865 0.8840 0.8840 0.8840 0.8840 0.8840 0.8840 0.8865
151 078 026 332 0.8865 0.8865 0.8840 0.8865 0.8865 0.8840 0.8865 0.8865 0.8840 0.8840 0.8840 0.8840 0.8865 0.8865 0.8865 0.8840
078 026 332 081 0.8840 0.8865 0.8865 0.8865 0.8865 0.8840 0.8865 0.8840 0.8840 0.8865 0.8840 0.8840 0.8865 0.8865 0.8865 0.8865
026 332 081 070 0.8865 0.8865 0.8840 0.8840 0.8865 0.8865 0.8865 0.8865 0.8840 0.8865 0.8865 0.8865 0.8840 0.8865 0.8865 0.8865
332 081 070 092 0.8840 0.8840 0.8840 0.8840 0.8865 0.8865 0.8840 0.8865 0.8840 0.8840 0.8865 0.8865 0.8840 0.8840 0.8865 0.8840
081 070 092 306 0.8840 0.8840 0.8840 0.8840 0.8865 0.8840 0.8865 0.8840 0.8865 0.8865 0.8840 0.8840 0.8840 0.8865 0.8840 0.8865
070 092 306 035 0.8865 0.8865 0.8865 0.8840 0.8865 0.8865 0.8840 0.8865 0.8865 0.8840 0.8840 0.8840 0.8840 0.8865 0.8840 0.8840
092 306 035 263 0.8865 0.8865 0.8840 0.8840 0.8840 0.8840 0.8865 0.8840 0.8840 0.8840 0.8840 0.8840 0.8840 0.8840 0.8865 0.8865
306 035 263 140 0.8840 0.8840 0.8840 0.8865 0.8840 0.8865 0.8865 0.8840 0.8840 0.8865 0.8840 0.8865 0.8865 0.8840 0.8840 0.8865
035 263 140 286 0.8840 0.8865 0.8840 0.8840 0.8865 0.8840 0.8840 0.8840 0.8840 0.8840 0.8840 0.8840 0.8840 0.8865 0.8840 0.8865
263 140 286 066 0.8865 0.8840 0.8840 0.8865 0.8865 0.8840 0.8840 0.8840 0.8840 0.8840 0.8865 0.8865 0.8865 0.8840 0.8840 0.8865
140 286 066 312 0.8840 0.8840 0.8865 0.8840 0.8840 0.8840 0.8865 0.8840 0.8840 0.8840 0.8865 0.8840 0.8865 0.8865 0.8865 0.8865
286 066 312 150 0.8840 0.8840 0.8865 0.8865 0.8840 0.8840 0.8865 0.8840 0.8865 0.8865 0.8865 0.8865 0.8840 0.8840 0.8840 0.8840
066 312 150 080 0.8865 0.8840 0.8865 0.8840 0.8840 0.8865 0.8865 0.8865 0.8840 0.8865 0.8840 0.8865 0.8865 0.8840 0.8840 0.8865
312 150 080 090 0.8865 0.8865 0.8865 0.8840 0.8865 0.8865 0.8865 0.8865 0.8840 0.8840 0.8865 0.8840 0.8840 0.8840 0.8840 0.8865
150 080 090 219 0.8840 0.8840 0.8840 0.8865 0.8840 0.8840 0.8865 0.8840 0.8840 0.8865 0.8840 0.8865 0.8865 0.8840 0.8840 0.8840
080 090 219 124 0.8865 0.8865 0.8865 0.8865 0.8865 0.8840 0.8865 0.8865 0.8840 0.8865 0.8865 0.8840 0.8865 0.8840 0.8840 0.8840
090 219 124 304 0.8865 0.8865 0.8840 0.8840 0.8865 0.8840 0.8865 0.8840 0.8840 0.8840 0.8840 0.8840 0.8840 0.8840 0.8840 0.8840
219 124 304 007 0.8840 0.8840 0.8840 0.8865 0.8840 0.8840 0.8840 0.8865 0.8865 0.8865 0.8840 0.8865 0.8840 0.8840 0.8840 0.8865
124 304 007 102 0.8865 0.8865 0.8840 0.8840 0.8840 0.8865 0.8840 0.8840 0.8840 0.8865 0.8865 0.8865 0.8865 0.8840 0.8840 0.8840
304 007 102 155 0.8840 0.8865 0.8840 0.8865 0.8840 0.8865 0.8865 0.8840 0.8865 0.8840 0.8865 0.8865 0.8865 0.8840 0.8840 0.8865
007 102 155 051 0.8840 0.8840 0.8865 0.8840 0.8840 0.8865 0.8865 0.8840 0.8840 0.8865 0.8865 0.8840 0.8865 0.8865 0.8865 0.8840
102 155 051 177 0.8840 0.8865 0.8840 0.8865 0.8840 0.8840 0.8865 0.8865 0.8840 0.8865 0.8865 0.8840 0.8840 0.8865 0.8865 0.8840
155 051 177 333 0.8840 0.8865 0.8865 0.8840 0.8865 0.8840 0.8840 0.8865 0.8840 0.8840 0.8840 0.8840 0.8840 0.8865 0.8840 0.8840
051 177 333 228 0.8840 0.8840 0.8840 0.8865 0.8840 0.8840 0.8840 0.8865 0.8840 0.8840 0.8840 0.8865 0.8840 0.8865 0.8865 0.8840
177 333 228 218 0.8865 0.8865 0.8840 0.8840 0.8840 0.8865 0.8865 0.8840 0.8865 0.8840 0.8865 0.8865 0.8865 0.8865 0.8840 0.8840
333 228 218 194 0.8865 0.8840 0.8840 0.8840 0.8840 0.8865 0.8840 0.8865 0.8865 0.8865 0.8840 0.8865 0.8840 0.8840 0.8840 0.8865
228 218 194 236 0.8865 0.8840 0.8840 0.8840 0.8865 0.8840 0.8865 0.8840 0.8865 0.8865 0.8840 0.8865 0.8840 0.8865 0.8840 0.8865
218 194 236 010 0.8840 0.8865 0.8865 0.8865 0.8840 0.8840 0.8840 0.8865 0.8840 0.8865 0.8865 0.8865 0.8840 0.8865 0.8840 0.8840
194 236 010 075 0.8865 0.8840 0.8840 0.8840 0.8865 0.8840 0.8840 0.8840 0.8865 0.8865 0.8865 0.8865 0.8840 0.8865 0.8865 0.8865
236 010 075 294 0.8865 0.8840 0.8865 0.8840 0.8865 0.8865 0.8840 0.8865 0.8865 0.8840 0.8865 0.8840 0.8865 0.8840 0.8865 0.8840
010 075 294 275 0.8840 0.8865 0.8840 0.8865 0.8840 0.8865 0.8840 0.8840 0.8840 0.8865 0.8865 0.8840 0.8840 0.8865 0.8865 0.8865
075 294 275 229 0.8840 0.8865 0.8840 0.8865 0.8840 0.8865 0.8840 0.8865 0.8840 0.8865 0.8840 0.8865 0.8865 0.8865 0.8865 0.8840
294 275 229 091 0.8865 0.8840 0.8840 0.8840 0.8865 0.8840 0.8865 0.8865 0.8840 0.8840 0.8840 0.8865 0.8840 0.8840 0.8840 0.8840
275 229 091 204 0.8865 0.8865 0.8865 0.8865 0.8865 0.8840 0.8865 0.8840 0.8865 0.8865 0.8865 0.8865 0.8865 0.8865 0.8840 0.8865
229 091 204 003 0.8865 0.8840 0.8865 0.8865 0.8865 0.8840 0.8865 0.8840 0.8840 0.8865 0.8865 0.8840 0.8865 0.8840 0.8840 0.8865
091 204 003 292 0.8865 0.8840 0.8840 0.8840 0.8840 0.8840 0.8840 0.8865 0.8865 0.8840 0.8865 0.8865 0.8865 0.8840 0.8840 0.8865
204 003 292 222 0.8840 0.8840 0.8865 0.8840 0.8840 0.8865 0.8840 0.8865 0.8840 0.8840 0.8840 0.8865 0.8840 0.8840 0.8865 0.8865
003 292 222 056 0.8840 0.8865 0.8865 0.8840 0.8840 0.8840 0.8840 0.8865 0.8840 0.8865 0.8865 0.8840 0.8865 0.8865 0.8865 0.8840
292 222 056 345 0.8865 0.8840 0.8840 0.8840 0.8840 0.8865 0.8865 0.8865 0.8840 0.8865 0.8865 0.8865 0.8840 0.8840 0.8840 0.8865
222 056 345 008 0.8865 0.8840 0.8840 0.8865 0.8840 0.8865 0.8865 0.8840 0.8840 0.8865 0.8840 0.8840 0.8865 0.8865 0.8865 0.8840
056 345 008 101 0.8840 0.8840 0.8840 0.8865 0.8865 0.8865 0.8865 0.8840 0.8865 0.8840 0.8865 0.8840 0.8840 0.8840 0.8865 0.8840
345 008 101 005 0.8840 0.8840 0.8840 0.8865 0.8840 0.8840 0.8840 0.8840 0.8865 0.8865 0.8840 0.8840 0.8865 0.8840 0.8865 0.8840
008 101 005 320 0.8840 0.8840 0.8840 0.8840 0.8865 0.8865 0.8840 0.8840 0.8840 0.8840 0.8865 0.8865 0.8865 0.8840 0.8865 0.8840
101 005 320 268 0.8865 0.8840 0.8840 0.8865 0.8865 0.8840 0.8865 0.8840 0.8865 0.8840 0.8865 0.8840 0.8865 0.8865 0.8840 0.8865
005 320 268 185 0.8840 0.8865 0.8865 0.8840 0.8865 0.8865 0.8865 0.8840 0.8840 0.8840 0.8865 0.8840 0.8840 0.8840 0.8840 0.8840
320 268 185 173 0.8865 0.8865 0.8840 0.8865 0.8840 0.8840 0.8840 0.8865 0.8865 0.8840 0.8840 0.8840 0.8840 0.8840 0.8865 0.8865
268 185 173 251 0.8865 0.8840 0.8865 0.8840 0.8865 0.8840 0.8840 0.8865 0.8840 0.8865 0.8840 0.8865 0.8865 0.8840 0.8865 0.8865
185 173 251 209 0.8840 0.8840 0.8865 0.8865 0.8840 0.8840 0.8840 0.8840 0.8840 0.8865 0.8840 0.8840 0.8840 0.8865 0.8865 0.8865
173 251 209 213 0.8865 0.8865 0.8840 0.8865 0.8840 0.8865 0.8865 0.8865 0.8840 0.8865 0.8865 0.8865 0.8865 0.8865 0.8865 0.8840
251 209 213 112 0.8865 0.8840 0.8840 0.8840 0.8840 0.8865 0.8865 0.8865 0.8865 0.8840 0.8840 0.8840 0.8840 0.8840 0.8865 0.8840
209 213 112 107 0.8840 0.8840 0.8840 0.8865 0.8865 0.8840 0.8865 0.8865 0.8865 0.8865 0.8840 0.8865 0.8865 0.8865 0.8840 0.8865
213 112 107 307 0.8840 0.8865 0.8840 0.8865 0.8840 0.8865 0.8840 0.8865 0.8865 0.8840 0.8840 0.8865 0.8840 0.8865 0.8865 0.8840
112 107 307 336 0.8840 0.8865 0.8840 0.8865 0.8865 0.8840 0.8840 0.8840 0.8865 0.8865 0.8840 0.8840 0.8840 0.8840 0.8865 0.8840
107 307 336 054 0.8865 0.8865 0.8840 0.8840 0.8865 0.8865 0.8840 0.8865 0.8840 0.8865 0.8865 0.8865 0.8865 0.8840 0.8840 0.8840
307 336 054 273 0.8865 0.8865 0.8865 0.8840 0.8840 0.8840 0.8865 0.8840 0.8840 0.8840 0.8840 0.8840 0.8840 0.8865 0.8865 0.8865
336 054 273 318 0.8865 0.8840 0.8840 0.8865 0.8840 0.8865 0.8840 0.8865 0.8840 0.8865 0.8840 0.8865 0.8865 0.8840 0.8865 0.8865
054 273 318 282 0.8865 0.8865 0.8840 0.8840 0.8865 0.8865 0.8840 0.8865 0.8840 0.8840 0.8865 0.8865 0.8840 0.8840 0.8840 0.8840
273 318 282 015 0.8840 0.8840 0.8865 0.8840 0.8865 0.8840 0.8865 0.8865 0.8840 0.8840 0.8840 0.8865 0.8865 0.8865 0.8865 0.8840
318 282 015 023 0.8840 0.8865 0.8840 0.8840 0.8865 0.8840 0.8840 0.8865 0.8840 0.8840 0.8865 0.8840 0.8840 0.8840 0.8865 0.8865
282 015 023 059 0.8840 0.8840 0.8865 0.8840 0.8865 0.8865 0.8840 0.8865 0.8865 0.8865 0.8865 0.8840 0.8840 0.8840 0.8840 0.8865
015 023 059 139 0.8865 0.8865 0.8865 0.8865 0.8840 0.8840 0.8840 0.8840 0.8840 0.8865 0.8865 0.8865 0.8840 0.8840 0.8865 0.8840
023 059 139 253 0.8840 0.8840 0.8865 0.8865 0.8865 0.8865 0.8865 0.8840 0.8840 0.8840 0.8840 0.8840 0.8865 0.8840 0.8865 0.8865
059 139 253 098 0.8865 0.8840 0.8840 0.8840 0.8840 0.8865 0.8840 0.8840 0.8865 0.8865 0.8840 0.8865 0.8865 0.8865 0.8865 0.8865
139 253 098 308 0.8840 0.8865 0.8840 0.8865 0.8840 0.8840 0.8865 0.8840 0.8865 0.8840 0.8865 0.8865 0.8840 0.8865 0.8865 0.8865
253 098 308 334 0.8840 0.8840 0.8865 0.8865 0.8865 0.8840 0.8865 0.8865 0.8840 0.8840 0.8840 0.8865 0.8840 0.8840 0.8865 0.8840
098 308 334 203 0.8865 0.8865 0.8865 0.8865 0.8865 0.8840 0.8840 0.8840 0.8840 0.8865 0.8840 0.8840 0.8840 0.8865 0.8865 0.8865
308 334 203 224 0.8840 0.8865 0.8840 0.8840 0.8865 0.8865 0.8840 0.8865 0.8865 0.8865 0.8865 0.8840 0.8865 0.8840 0.8840 0.8865
334 203 224 021 0.8865 0.8865 0.8840 0.8865 0.8840 0.8865 0.8840 0.8840 0.8840 0.8865 0.8865 0.8840 0.8840 0.8865 0.8840 0.8840
203 224 021 077 0.8865 0.8865 0.8840 0.8865 0.8840 0.8840 0.8840 0.8840 0.8865 0.8840 0.8865 0.8840 0.8865 0.8865 0.8865 0.8840
224 021 077 130 0.8865 0.8865 0.8865 0.8865 0.8865 0.8840 0.8840 0.8840 0.8840 0.8840 0.8865 0.8840 0.8840 0.8865 0.8840 0.8865
021 077 130 261 0.8840 0.8865 0.8865 0.8840 0.8840 0.8865 0.8865 0.8865 0.8865 0.8840 0.8865 0.8865 0.8840 0.8865 0.8840 0.8865
077 130 261 242 0.8865 0.8865 0.8865 0.8840 0.8840 0.8865 0.8840 0.8840 0.8865 0.8840 0.8840 0.8865 0.8840 0.8840 0.8865 0.8840
130 261 242 350 0.8840 0.8840 0.8865 0.8840 0.8865 0.8840 0.8840 0.8865 0.8865 0.8840 0.8865 0.8840 0.8840 0.8865 0.8865 0.8865
261 242 350 324 0.8840 0.8840 0.8840 0.8865 0.8840 0.8840 0.8840 0.8865 0.8865 0.8840 0.8865 0.8865 0.8840 0.8840 0.8865 0.8865
242 350 324 305 0.8865 0.8840 0.8840 0.8840 0.8865 0.8840 0.8865 0.8865 0.8865 0.8840 0.8840 0.8865 0.8840 0.8840 0.8840 0.8865
350 324 305 196 0.8865 0.8865 0.8865 0.8865 0.8840 0.8840 0.8840 0.8865 0.8840 0.8840 0.8865 0.8840 0.8865 0.8840 0.8840 0.8865
324 305 196 033 0.8865 0.8865 0.8840 0.8840 0.8840 0.8865 0.8865 0.8840 0.8840 0.8865 0.8865 0.8840 0.8840 0.8865 0.8865 0.8865
305 196 033 258 0.8840 0.8865 0.8865 0.8840 0.8865 0.8840 0.8840 0.8865 0.8865 0.8840 0.8865 0.8865 0.8840 0.8840 0.8865 0.8840
196 033 258 352 0.8840 0.8840 0.8840 0.8840 0.8840 0.8865 0.8840 0.8840 0.8840 0.8840 0.8840 0.8840 0.8840 0.8840 0.8840 0.8865
033 258 352 147 0.8865 0.8840 0.8865 0.8840 0.8840 0.8840 0.8840 0.8840 0.8865 0.8865 0.8865 0.8840 0.8865 0.8840 0.8865 0.8840
258 352 147 244 0.8840 0.8865 0.8865 0.8840 0.8865 0.8840 0.8840 0.8865 0.8840 0.8865 0.8840 0.8865 0.8865 0.8840 0.8840 0.8840
352 147 244 291 0.8865 0.8840 0.8840 0.8840 0.8865 0.8840 0.8865 0.8840 0.8865 0.8865 0.8865 0.8865 0.8840 0.8865 0.8840 0.8840
147 244 291 111 0.8865 0.8865 0.8840 0.8865 0.8840 0.8840 0.8840 0.8840 0.8865 0.8840 0.8840 0.8865 0.8840 0.8865 0.8840 0.8865
244 291 111 146 0.8840 0.8865 0.8840 0.8865 0.8840 0.8840 0.8840 0.8840 0.8865 0.8840 0.8865 0.8840 0.8840 0.8840 0.8865 0.8865
291 111 146 017 0.8865 0.8865 0.8865 0.8865 0.8865 0.8865 0.8840 0.8865 0.8865 0.8840 0.8840 0.8840 0.8840 0.8865 0.8865 0.8840
111 146 017 127 0.8865 0.8840 0.8865 0.8840 0.8840 0.8840 0.8840 0.8840 0.8865 0.8840 0.8840 0.8840 0.8840 0.8865 0.8865 0.8865
146 017 127 020 0.8865 0.8840 0.8840 0.8865 0.8865 0.8840 0.8840 0.8840 0.8865 0.8865 0.8865 0.8865 0.8840 0.8840 0.8865 0.8840
017 127 020 187 0.8840 0.8865 0.8840 0.8865 0.8840 0.8865 0.8865 0.8865 0.8865 0.8865 0.8840 0.8865 0.8865 0.8865 0.8865 0.8840
127 020 187 162 0.8865 0.8840 0.8840 0.8865 0.8840 0.8865 0.8865 0.8865 0.8865 0.8840 0.8840 0.8840 0.8865 0.8865 0.8865 0.8840
020 187 162 225 0.8865 0.8865 0.8840 0.8840 0.8865 0.8840 0.8865 0.8865 0.8840 0.8840 0.8840 0.8865 0.8865 0.8840 0.8840 0.8840
187 162 225 085 0.8865 0.8865 0.8840 0.8865 0.8865 0.8840 0.8840 0.8865 0.8840 0.8840 0.8840 0.8840 0.8840 0.8840 0.8840 0.8840
162 225 085 232 0.8865 0.8865 0.8840 0.8865 0.8840 0.8840 0.8865 0.8840 0.8840 0.8865 0.8840 0.8840 0.8840 0.8865 0.8840 0.8865
225 085 232 220 0.8840 0.8865 0.8865 0.8865 0.8865 0.8865 0.8840 0.8865 0.8840 0.8865 0.8840 0.8840 0.8865 0.8840 0.8865 0.8865
085 232 220 165 0.8840 0.8840 0.8865 0.8840 0.8840 0.8865 0.8840 0.8865 0.8865 0.8865 0.8840 0.8865 0.8865 0.8865 0.8865 0.8840
232 220 165 120 0.8840 0.8865 0.8840 0.8865 0.8840 0.8840 0.8840 0.8840 0.8840 0.8840 0.8865 0.8840 0.8865 0.8865 0.8840 0.8865
220 165 120 309 0.8840 0.8840 0.8865 0.8840 0.8840 0.8865 0.8840 0.8865 0.8840 0.8840 0.8840 0.8865 0.8865 0.8840 0.8865 0.8865
165 120 309 325 0.8840 0.8865 0.8840 0.8840 0.8840 0.8840 0.8840 0.8865 0.8865 0.8840 0.8865 0.8840 0.8865 0.8840 0.8840 0.8865
120 309 325 186 0.8840 0.8865 0.8840 0.8865 0.8840 0.8840 0.8840 0.8865 0.8840 0.8840 0.8865 0.8865 0.8865 0.8840 0.8840 0.8865
309 325 186 013 0.8865 0.8840 0.8840 0.8840 0.8865 0.8840 0.8865 0.8865 0.8840 0.8840 0.8865 0.8865 0.8840 0.8840 0.8865 0.8865
325 186 013 050 0.8865 0.8840 0.8865 0.8840 0.8840 0.8865 0.8840 0.8865 0.8865 0.8840 0.8865 0.8840 0.8840 0.8865 0.8865 0.8840
186 013 050 314 0.8840 0.8840 0.8840 0.8840 0.8865 0.8840 0.8840 0.8840 0.8865 0.8840 0.8840 0.8865 0.8840 0.8840 0.8840 0.8865
013 050 314 046 0.8865 0.8840 0.8865 0.8865 0.8840 0.8840 0.8865 0.8840 0.8840 0.8865 0.8840 0.8865 0.8840 0.8865 0.8865 0.8840
050 314 046 274 0.8865 0.8865 0.8865 0.8865 0.8840 0.8840 0.8840 0.8865 0.8840 0.8840 0.8840 0.8840 0.8840 0.8840 0.8865 0.8840
314 046 274 157 0.8840 0.8865 0.8840 0.8840 0.8865 0.8865 0.8865 0.8840 0.8865 0.8840 0.8865 0.8840 0.8865 0.8840 0.8840 0.8840
046 274 157 036 0.8865 0.8865 0.8840 0.8865 0.8865 0.8865 0.8840 0.8865 0.8840 0.8840 0.8840 0.8840 0.8865 0.8865 0.8840 0.8840
274 157 036 278 0.8865 0.8865 0.8865 0.8840 0.8840 0.8865 0.8840 0.8865 0.8865 0.8865 0.8865 0.8840 0.8840 0.8865 0.8840 0.8840
157 036 278 002 0.8865 0.8840 0.8840 0.8865 0.8865 0.8865 0.8865 0.8865 0.8840 0.8840 0.8840 0.8840 0.8865 0.8840 0.8865 0.8840
036 278 002 137 0.8865 0.8865 0.8840 0.8840 0.8865 0.8865 0.8840 0.8840 0.8865 0.8865 0.8865 0.8865 0.8840 0.8840 0.8865 0.8865
278 002 137 164 0.8865 0.8865 0.8840 0.8865 0.8840 0.8840 0.8840 0.8840 0.8840 0.8840 0.8865 0.8865 0.8865 0.8840 0.8840 0.8840
002 137 164 331 0.8865 0.8840 0.8840 0.8865 0.8865 0.8865 0.8865 0.8840 0.8840 0.8840 0.8865 0.8865 0.8840 0.8865 0.8840 0.8840
137 164 331 214 0.8840 0.8840 0.8840 0.8865 0.8840 0.8840 0.8865 0.8840 0.8865 0.8840 0.8840 0.8840 0.8865 0.8865 0.8865 0.8840
164 331 214 108 0.8865 0.8840 0.8865 0.8840 0.8865 0.8840 0.8840 0.8840 0.8840 0.8840 0.8840 0.8865 0.8840 0.8840 0.8865 0.8840
331 214 108 255 0.8865 0.8865 0.8840 0.8865 0.8840 0.8865 0.8840 0.8865 0.8840 0.8840 0.8865 0.8865 0.8865 0.8840 0.8865 0.8840
214 108 255 158 0.8840 0.8865 0.8865 0.8840 0.8865 0.8865 0.8840 0.8840 0.8840 0.8840 0.8840 0.8865 0.8840 0.8840 0.8840 0.8865
108 255 158 295 0.8865 0.8840 0.8840 0.8865 0.8865 0.8865 0.8840 0.8865 0.8840 0.8840 0.8865 0.8865 0.8865 0.8840 0.8865 0.8840
255 158 295 104 0.8865 0.8865 0.8865 0.8840 0.8865 0.8840 0.8840 0.8865 0.8865 0.8840 0.8840 0.8840 0.8865 0.8840 0.8865 0.8865
158 295 104 067 0.8865 0.8840 0.8865 0.8865 0.8865 0.8865 0.8865 0.8865 0.8865 0.8865 0.8840 0.8865 0.8840 0.8865 0.8840 0.8840
295 104 067 200 0.8865 0.8840 0.8840 0.8840 0.8865 0.8865 0.8840 0.8865 0.8840 0.8840 0.8840 0.8840 0.8840 0.8840 0.8865 0.8865
104 067 200 027 0.8865 0.8865 0.8865 0.8840 0.8840 0.8865 0.8840 0.8840 0.8865 0.8840 0.8865 0.8840 0.8865 0.8865 0.8865 0.8865
067 200 027 321 0.8840 0.8840 0.8865 0.8865 0.8865 0.8865 0.8865 0.8840 0.8865 0.8840 0.8865 0.8865 0.8840 0.8840 0.8840 0.8840
200 027 321 122 0.8840 0.8865 0.8840 0.8840 0.8865 0.8840 0.8840 0.8840 0.8865 0.8840 0.8840 0.8840 0.8865 0.8865 0.8865 0.8840
027 321 122 340 0.8840 0.8840 0.8865 0.8865 0.8840 0.8840 0.8840 0.8840 0.8865 0.8840 0.8865 0.8840 0.8840 0.8865 0.8865 0.8840
321 122 340 123 0.8840 0.8840 0.8865 0.8865 0.8865 0.8840 0.8865 0.8840 0.8840 0.8865 0.8865 0.8840 0.8840 0.8865 0.8865 0.8865
122 340 123 055 0.8865 0.8865 0.8865 0.8840 0.8840 0.8865 0.8840 0.8840 0.8865 0.8865 0.8840 0.8865 0.8840 0.8840 0.8865 0.8865
340 123 055 267 0.8865 0.8865 0.8840 0.8865 0.8840 0.8865 0.8865 0.8840 0.8865 0.8865 0.8840 0.8865 0.8865 0.8840 0.8840 0.8865
123 055 267 109 0.8865 0.8840 0.8865 0.8840 0.8865 0.8865 0.8865 0.8865 0.8865 0.8840 0.8840 0.8840 0.8840 0.8840 0.8840 0.8865
055 267 109 250 0.8865 0.8840 0.8840 0.8840 0.8840 0.8840 0.8865 0.8865 0.8865 0.8840 0.8865 0.8865 0.8865 0.8840 0.8840 0.8865
267 109 250 045 0.8865 0.8840 0.8840 0.8840 0.8865 0.8840 0.8840 0.8840 0.8840 0.8840 0.8840 0.8865 0.8865 0.8840 0.8865 0.8865
109 250 045 106 0.8865 0.8865 0.8840 0.8840 0.8865 0.8865 0.8865 0.8865 0.8865 0.8840 0.8840 0.8840 0.8865 0.8840 0.8840 0.8840
250 045 106 116 0.8865 0.8865 0.8840 0.8840 0.8840 0.8865 0.8865 0.8865 0.8865 0.8865 0.8865 0.8865 0.8865 0.8840 0.8865 0.8840
045 106 116 095 0.8865 0.8865 0.8840 0.8865 0.8840 0.8865 0.8840 0.8865 0.8865 0.8840 0.8865 0.8865 0.8840 0.8865 0.8865 0.8840
106 116 095 296 0.8865 0.8865 0.8865 0.8865 0.8865 0.8865 0.8840 0.8840 0.8840 0.8865 0.8865 0.8840 0.8840 0.8840 0.8840 0.8840
116 095 296 042 0.8865 0.8840 0.8865 0.8865 0.8865 0.8865 0.8865 0.8840 0.8865 0.8840 0.8865 0.8840 0.8840 0.8840 0.8865 0.8840
095 296 042 145 0.8865 0.8865 0.8865 0.8840 0.8840 0.8865 0.8840 0.8865 0.8840 0.8840 0.8865 0.8865 0.8840 0.8865 0.8865 0.8840
296 042 145 226 0.8865 0.8865 0.8865 0.8840 0.8840 0.8865 0.8865 0.8865 0.8840 0.8865 0.8865 0.8865 0.8840 0.8840 0.8865 0.8865
042 145 226 342 0.8865 0.8865 0.8865 0.8865 0.8840 0.8865 0.8865 0.8865 0.8840 0.8840 0.8840 0.8865 0.8865 0.8865 0.8865 0.8865
145 226 342 132 0.8840 0.8865 0.8840 0.8865 0.8865 0.8840 0.8865 0.8865 0.8840 0.8865 0.8865 0.8840 0.8840 0.8840 0.8840 0.8865
226 342 132 148 0.8840 0.8840 0.8865 0.8865 0.8840 0.8840 0.8840 0.8865 0.8840 0.8840 0.8865 0.8865 0.8865 0.8840 0.8840 0.8865
342 132 148 160 0.8840 0.8840 0.8865 0.8840 0.8840 0.8840 0.8840 0.8840 0.8840 0.8840 0.8840 0.8840 0.8840 0.8840 0.8840 0.8865
132 148 160 198 0.8840 0.8840 0.8840 0.8865 0.8840 0.8865 0.8840 0.8865 0.8840 0.8865 0.8840 0.8865 0.8840 0.8840 0.8840 0.8840
148 160 198 299 0.8865 0.8865 0.8840 0.8865 0.8865 0.8840 0.8840 0.8865 0.8865 0.8865 0.8865 0.8840 0.8865 0.8840 0.8865 0.8865
160 198 299 072 0.8840 0.8865 0.8840 0.8840 0.8840 0.8840 0.8865 0.8840 0.8865 0.8840 0.8840 0.8840 0.8865 0.8865 0.8865 0.8840
198 299 072 170 0.8840 0.8865 0.8865 0.8840 0.8865 0.8865 0.8865 0.8865 0.8865 0.8840 0.8865 0.8840 0.8840 0.8865 0.8865 0.8865
299 072 170 044 0.8865 0.8865 0.8865 0.8865 0.8865 0.8865 0.8840 0.8865 0.8865 0.8840 0.8840 0.8840 0.8840 0.8865 0.8840 0.8865
072 170 044 049 0.8840 0.8840 0.8865 0.8865 0.8865 0.8840 0.8865 0.8865 0.8840 0.8840 0.8840 0.8865 0.8840 0.8840 0.8865 0.8840
170 044 049 180 0.8840 0.8865 0.8865 0.8840 0.8865 0.8865 0.8840 0.8865 0.8840 0.8840 0.8840 0.8840 0.8865 0.8840 0.8865 0.8865
044 049 180 266 0.8865 0.8865 0.8865 0.8865 0.8865 0.8865 0.8865 0.8840 0.8840 0.8840 0.8865 0.8865 0.8840 0.8865 0.8865 0.8840
049 180 266 264 0.8840 0.8865 0.8865 0.8865 0.8840 0.8865 0.8865 0.8865 0.8840 0.8840 0.8840 0.8840 0.8840 0.8865 0.8865 0.8865
180 266 264 096 0.8865 0.8865 0.8840 0.8840 0.8865 0.8865 0.8840 0.8865 0.8865 0.8865 0.8865 0.8840 0.8840 0.8840 0.8840 0.8840
266 264 096 293 0.8840 0.8840 0.8840 0.8865 0.8865 0.8865 0.8840 0.8840 0.8840 0.8865 0.8865 0.8840 0.8840 0.8865 0.8865 0.8840
264 096 293 241 0.8840 0.8840 0.8840 0.8865 0.8840 0.8865 0.8840 0.8865 0.8840 0.8865 0.8840 0.8865 0.8840 0.8865 0.8840 0.8865
096 293 241 063 0.8840 0.8865 0.8840 0.8840 0.8865 0.8865 0.8840 0.8840 0.8865 0.8840 0.8865 0.8840 0.8840 0.8840 0.8840 0.8840
293 241 063 235 0.8865 0.8840 0.8840 0.8865 0.8840 0.8865 0.8840 0.8865 0.8865 0.8865 0.8865 0.8865 0.8840 0.8865 0.8865 0.8840
241 063 235 179 0.8840 0.8840 0.8840 0.8840 0.8865 0.8865 0.8865 0.8865 0.8865 0.8840 0.8865 0.8865 0.8865 0.8840 0.8840 0.8865
063 235 179 206 0.8865 0.8840 0.8840 0.8865 0.8840 0.8840 0.8840 0.8840 0.8840 0.8840 0.8840 0.8865 0.8865 0.8865 0.8865 0.8840
235 179 206 329 0.8840 0.8865 0.8865 0.8840 0.8840 0.8865 0.8865 0.8865 0.8865 0.8865 0.8865 0.8865 0.8840 0.8865 0.8865 0.8865
179 206 329 210 0.8865 0.8865 0.8865 0.8840 0.8865 0.8840 0.8840 0.8840 0.8840 0.8840 0.8840 0.8840 0.8840 0.8840 0.8865 0.8865
206 329 210 031 0.8840 0.8865 0.8865 0.8840 0.8840 0.8865 0.8840 0.8840 0.8840 0.8865 0.8865 0.8865 0.8865 0.8840 0.8865 0.8865
329 210 031 328 0.8865 0.8865 0.8840 0.8865 0.8865 0.8840 0.8840 0.8840 0.8865 0.8840 0.8865 0.8865 0.8840 0.8865 0.8865 0.8865
210 031 328 161 0.8865 0.8840 0.8865 0.8865 0.8840 0.8865 0.8840 0.8840 0.8865 0.8840 0.8840 0.8865 0.8865 0.8865 0.8840 0.8865
031 328 161 192 0.8865 0.8840 0.8865 0.8840 0.8840 0.8840 0.8840 0.8840 0.8865 0.8865 0.8840 0.8840 0.8840 0.8840 0.8840 0.8840
328 161 192 001 0.8840 0.8865 0.8840 0.8865 0.8865 0.8865 0.8840 0.8840 0.8865 0.8865 0.8840 0.8865 0.8840 0.8840 0.8840 0.8840
161 192 001 262 0.8840 0.8840 0.8865 0.8865 0.8840 0.8865 0.8865 0.8840 0.8865 0.8840 0.8840 0.8840 0.8865 0.8865 0.8840 0.8865
192 001 262 276 0.8840 0.8865 0.8865 0.8840 0.8865 0.8840 0.8840 0.8840 0.8865 0.8865 0.8840 0.8840 0.8865 0.8840 0.8840 0.8840
001 262 276 040 0.8865 0.8865 0.8840 0.8840 0.8865 0.8865 0.8865 0.8840 0.8865 0.8840 0.8865 0.8840 0.8865 0.8840 0.8865 0.8840
262 276 040 082 0.8865 0.8865 0.8840 0.8840 0.8865 0.8840 0.8865 0.8865 0.8840 0.8840 0.8865 0.8865 0.8865 0.8840 0.8865 0.8840
276 040 082 167 0.8865 0.8865 0.8840 0.8840 0.8840 0.8840 0.8865 0.8840 0.8840 0.8840 0.8840 0.8865 0.8865 0.8840 0.8840 0.8840
040 082 167 025 0.8840 0.8865 0.8840 0.8840 0.8840 0.8865 0.8840 0.8865 0.8840 0.8840 0.8865 0.8840 0.8840 0.8865 0.8840 0.8840
082 167 025 221 0.8840 0.8840 0.8840 0.8865 0.8865 0.8865 0.8865 0.8865 0.8840 0.8840 0.8840 0.8865 0.8840 0.8840 0.8840 0.8865
167 025 221 310 0.8840 0.8840 0.8840 0.8840 0.8865 0.8865 0.8865 0.8840 0.8865 0.8865 0.8840 0.8865 0.8840 0.8840 0.8865 0.8840
025 221 310 038 0.8865 0.8865 0.8840 0.8865 0.8865 0.8865 0.8840 0.8865 0.8865 0.8840 0.8865 0.8865 0.8865 0.8865 0.8865 0.8865
221 310 038 097 0.8865 0.8865 0.8840 0.8840 0.8840 0.8865 0.8840 0.8840 0.8865 0.8840 0.8865 0.8840 0.8840 0.8865 0.8840 0.8840
310 038 097 016 0.8840 0.8840 0.8865 0.8865 0.8865 0.8865 0.8865 0.8840 0.8840 0.8840 0.8865 0.8865 0.8865 0.8840 0.8865 0.8840
038 097 016 006 0.8840 0.8840 0.8840 0.8865 0.8865 0.8840 0.8865 0.8865 0.8865 0.8865 0.8865 0.8840 0.8865 0.8865 0.8840 0.8865
097 016 006 245 0.8865 0.8865 0.8840 0.8840 0.8840 0.8840 0.8840 0.8865 0.8840 0.8840 0.8840 0.8840 0.8865 0.8865 0.8865 0.8865
016 006 245 184 0.8865 0.8840 0.8865 0.8840 0.8840 0.8865 0.8865 0.8865 0.8865 0.8840 0.8865 0.8840 0.8840 0.8840 0.8840 0.8865
006 245 184 041 0.8840 0.8865 0.8840 0.8840 0.8840 0.8865 0.8840 0.8840 0.8840 0.8840 0.8865 0.8865 0.8840 0.8865 0.8865 0.8865
245 184 041 341 0.8840 0.8840 0.8865 0.8865 0.8865 0.8865 0.8840 0.8865 0.8840 0.8865 0.8865 0.8865 0.8840 0.8865 0.8840 0.8840
184 041 341 257 0.8840 0.8865 0.8840 0.8865 0.8840 0.8840 0.8865 0.8840 0.8840 0.8865 0.8840 0.8865 0.8865 0.8840 0.8840 0.8865
041 341 257 119 0.8840 0.8865 0.8865 0.8865 0.8840 0.8865 0.8865 0.8865 0.8865 0.8840 0.8840 0.8865 0.8840 0.8865 0.8865 0.8865
341 257 119 239 0.8865 0.8840 0.8865 0.8840 0.8865 0.8840 0.8865 0.8840 0.8840 0.8840 0.8840 0.8865 0.8865 0.8865 0.8840 0.8865
257 119 239 311 0.8840 0.8840 0.8865 0.8865 0.8865 0.8865 0.8865 0.8840 0.8840 0.8840 0.8865 0.8865 0.8865 0.8865 0.8865 0.8840
119 239 311 129 0.8865 0.8865 0.8865 0.8840 0.8865 0.8840 0.8840 0.8840 0.8840 0.8865 0.8865 0.8865 0.8865 0.8865 0.8865 0.8865
239 311 129 270 0.8865 0.8840 0.8840 0.8865 0.8865 0.8865 0.8865 0.8865 0.8840 0.8840 0.8840 0.8865 0.8865 0.8840 0.8840 0.8840
311 129 270 138 0.8865 0.8865 0.8840 0.8840 0.8865 0.8865 0.8840 0.8865 0.8840 0.8840 0.8865 0.8865 0.8840 0.8840 0.8865 0.8840
129 270 138 238 0.8840 0.8840 0.8840 0.8865 0.8840 0.8840 0.8840 0.8840 0.8840 0.8840 0.8865 0.8840 0.8840 0.8865 0.8865 0.8865
270 138 238 043 0.8840 0.8840 0.8840 0.8840 0.8840 0.8865 0.8840 0.8865 0.8865 0.8840 0.8865 0.8840 0.8840 0.8865 0.8840 0.8865
138 238 043 351 0.8865 0.8840 0.8840 0.8840 0.8840 0.8865 0.8840 0.8865 0.8865 0.8840 0.8865 0.8840 0.8840 0.8865 0.8840 0.8840
238 043 351 176 0.8865 0.8840 0.8840 0.8840 0.8865 0.8840 0.8840 0.8840 0.8865 0.8865 0.8840 0.8840 0.8865 0.8840 0.8865 0.8840
043 351 176 099 0.8865 0.8865 0.8865 0.8865 0.8865 0.8840 0.8865 0.8840 0.8840 0.8865 0.8865 0.8865 0.8865 0.8840 0.8840 0.8840
351 176 099 156 0.8840 0.8840 0.8865 0.8840 0.8865 0.8865 0.8865 0.8840 0.8865 0.8865 0.8840 0.8865 0.8865 0.8865 0.8840 0.8840
176 099 156 248 0.8840 0.8865 0.8865 0.8840 0.8865 0.8865 0.8840 0.8840 0.8865 0.8865 0.8865 0.8840 0.8840 0.8840 0.8840 0.8840
099 156 248 143 0.8840 0.8840 0.8840 0.8865 0.8865 0.8840 0.8840 0.8840 0.8865 0.8840 0.8865 0.8865 0.8865 0.8840 0.8865 0.8840
156 248 143 272 0.8840 0.8865 0.8865 0.8840 0.8865 0.8865 0.8865 0.8865 0.8840 0.8865 0.8865 0.8865 0.8840 0.8865 0.8865 0.8840
248 143 272 199 0.8865 0.8840 0.8865 0.8865 0.8840 0.8840 0.8865 0.8840 0.8840 0.8840 0.8840 0.8865 0.8840 0.8865 0.8840 0.8865
143 272 199 249 0.8840 0.8865 0.8840 0.8865 0.8865 0.8865 0.8840 0.8865 0.8840 0.8865 0.8865 0.8840 0.8865 0.8840 0.8840 0.8840
272 199 249 237 0.8840 0.8865 0.8840 0.8865 0.8840 0.8840 0.8840 0.8865 0.8865 0.8865 0.8840 0.8865 0.8865 0.8840 0.8865 0.8865
199 249 237 069 0.8840 0.8840 0.8840 0.8865 0.8840 0.8865 0.8840 0.8840 0.8865 0.8865 0.8840 0.8865 0.8865 0.8840 0.8840 0.8865
249 237 069 280 0.8840 0.8865 0.8840 0.8865 0.8865 0.8865 0.8840 0.8865 0.8865 0.8840 0.8840 0.8840 0.8840 0.8840 0.8865 0.8865
237 069 280 172 0.8865 0.8865 0.8865 0.8865 0.8840 0.8840 0.8865 0.8840 0.8865 0.8840 0.8865 0.8865 0.8840 0.8865 0.8865 0.8865
069 280 172 131 0.8840 0.8865 0.8865 0.8840 0.8865 0.8840 0.8840 0.8865 0.8865 0.8865 0.8865 0.8840 0.8840 0.8840 0.8865 0.8865
280 172 131 154 0.8865 0.8865 0.8840 0.8865 0.8840 0.8840 0.8840 0.8840 0.8840 0.8865 0.8865 0.8865 0.8840 0.8865 0.8840 0.8840
172 131 154 289 0.8840 0.8840 0.8865 0.8865 0.8840 0.8865 0.8865 0.8840 0.8840 0.8840 0.8840 0.8865 0.8840 0.8840 0.8840 0.8840
131 154 289 117 0.8865 0.8865 0.8840 0.8840 0.8840 0.8840 0.8865 0.8865 0.8865 0.8840 0.8865 0.8840 0.8865 0.8840 0.8840 0.8840
154 289 117 024 0.8840 0.8840 0.8865 0.8840 0.8865 0.8840 0.8865 0.8840 0.8865 0.8840 0.8865 0.8840 0.8840 0.8865 0.8865 0.8840
289 117 024 039 0.8840 0.8840 0.8840 0.8865 0.8840 0.8840 0.8840 0.8840 0.8840 0.8865 0.8840 0.8865 0.8865 0.8840 0.8840 0.8840
117 024 039 353 0.8840 0.8865 0.8865 0.8840 0.8865 0.8840 0.8840 0.8865 0.8840 0.8840 0.8840 0.8840 0.8840 0.8840 0.8840 0.8840
024 039 353 233 0.8840 0.8840 0.8865 0.8840 0.8840 0.8865 0.8840 0.8865 0.8865 0.8840 0.8840 0.8865 0.8840 0.8865 0.8840 0.8840
039 353 233 149 0.8840 0.8840 0.8865 0.8840 0.8865 0.8865 0.8865 0.8840 0.8865 0.8865 0.8840 0.8865 0.8865 0.8865 0.8865 0.8865
353 233 149 349 0.8840 0.8840 0.8840 0.8865 0.8840 0.8840 0.8840 0.8840 0.8865 0.8840 0.8865 0.8840 0.8865 0.8840 0.8865 0.8840
233 149 349 047 0.8840 0.8865 0.8865 0.8840 0.8840 0.8865 0.8865 0.8840 0.8865 0.8865 0.8865 0.8865 0.8840 0.8840 0.8840 0.8865
149 349 047 269 0.8865 0.8840 0.8865 0.8865 0.8840 0.8840 0.8865 0.8865 0.8840 0.8865 0.8865 0.8840 0.8865 0.8865 0.8840 0.8865
349 047 269 243 0.8840 0.8865 0.8865 0.8865 0.8840 0.8865 0.8865 0.8865 0.8840 0.8865 0.8865 0.8865 0.8840 0.8865 0.8865 0.8865
047 269 243 337 0.8865 0.8865 0.8840 0.8865 0.8865 0.8840 0.8865 0.8840 0.8840 0.8865 0.8865 0.8865 0.8840 0.8840 0.8865 0.8865
269 243 337 053 0.8840 0.8865 0.8865 0.8865 0.8840 0.8840 0.8865 0.8840 0.8865 0.8840 0.8840 0.8840 0.8865 0.8840 0.8840 0.8865
243 337 053 019 0.8840 0.8840 0.8840 0.8865 0.8840 0.8840 0.8840 0.8840 0.8840 0.8865 0.8865 0.8840 0.8840 0.8840 0.8840 0.8865
337 053 019 064 0.8840 0.8840 0.8865 0.8840 0.8840 0.8865 0.8865 0.8840 0.8865 0.8865 0.8865 0.8840 0.8865 0.8865 0.8840 0.8840
053 019 064 153 0.8840 0.8840 0.8865 0.8840 0.8865 0.8865 0.8865 0.8840 0.8840 0.8865 0.8840 0.8865 0.8840 0.8865 0.8865 0.8840
019 064 153 089 0.8840 0.8840 0.8840 0.8865 0.8840 0.8865 0.8840 0.8840 0.8865 0.8840 0.8865 0.8840 0.8865 0.8865 0.8865 0.8865
064 153 089 240 0.8865 0.8865 0.8865 0.8865 0.8865 0.8840 0.8840 0.8840 0.8840 0.8865 0.8840 0.8865 0.8865 0.8840 0.8865 0.8865
153 089 240 071 0.8865 0.8865 0.8865 0.8865 0.8840 0.8840 0.8865 0.8865 0.8840 0.8840 0.8840 0.8865 0.8840 0.8865 0.8865 0.8840
089 240 071 254 0.8840 0.8840 0.8840 0.8865 0.8840 0.8840 0.8865 0.8865 0.8840 0.8840 0.8840 0.8840 0.8865 0.8865 0.8865 0.8840
240 071 254 302 0.8840 0.8840 0.8840 0.8840 0.8840 0.8840 0.8840 0.8840 0.8865 0.8840 0.8865 0.8840 0.8865 0.8840 0.8865 0.8865
071 254 302 133 0.8840 0.8865 0.8865 0.8865 0.8840 0.8840 0.8840 0.8865 0.8865 0.8840 0.8865 0.8865 0.8865 0.8840 0.8865 0.8840
254 302 133 134 0.8840 0.8865 0.8865 0.8865 0.8840 0.8865 0.8840 0.8840 0.8840 0.8865 0.8865 0.8840 0.8840 0.8865 0.8840 0.8840
302 133 134 168 0.8840 0.8865 0.8865 0.8840 0.8840 0.8840 0.8840 0.8840 0.8865 0.8840 0.8865 0.8840 0.8840 0.8865 0.8865 0.8840
133 134 168 283 0.8865 0.8840 0.8840 0.8865 0.8865 0.8840 0.8865 0.8865 0.8865 0.8865 0.8840 0.8840 0.8840 0.8865 0.8840 0.8840
134 168 283 202 0.8840 0.8865 0.8865 0.8865 0.8840 0.8840 0.8840 0.8840 0.8840 0.8865 0.8840 0.8865 0.8865 0.8865 0.8840 0.8840
168 283 202 118 0.8840 0.8865 0.8840 0.8840 0.8865 0.8840 0.8840 0.8865 0.8865 0.8865 0.8840 0.8840 0.8840 0.8840 0.8840 0.8865
283 202 118 284 0.8840 0.8865 0.8840 0.8865 0.8865 0.8865 0.8865 0.8865 0.8840 0.8865 0.8840 0.8840 0.8840 0.8865 0.8840 0.8840
202 118 284 285 0.8840 0.8865 0.8865 0.8865 0.8840 0.8865 0.8865 0.8865 0.8865 0.8865 0.8865 0.8865 0.8840 0.8865 0.8865 0.8865
118 284 285 171 0.8840 0.8865 0.8840 0.8840 0.8865 0.8840 0.8865 0.8840 0.8865 0.8865 0.8865 0.8840 0.8840 0.8840 0.8840 0.8840
284 285 171 178 0.8840 0.8865 0.8840 0.8865 0.8840 0.8865 0.8865 0.8865 0.8865 0.8840 0.8865 0.8865 0.8840 0.8840 0.8840 0.8865
285 171 178 163 0.8865 0.8840 0.8840 0.8865 0.8865 0.8840 0.8865 0.8865 0.8840 0.8840 0.8840 0.8865 0.8840 0.8865 0.8865 0.8840
171 178 163 322 0.8865 0.8840 0.8865 0.8840 0.8865 0.8865 0.8865 0.8865 0.8840 0.8865 0.8840 0.8865 0.8840 0.8865 0.8840 0.8840
178 163 322 087 0.8865 0.8840 0.8865 0.8865 0.8865 0.8840 0.8840 0.8840 0.8840 0.8865 0.8865 0.8865 0.8840 0.8840 0.8865 0.8865
163 322 087 086 0.8840 0.8865 0.8840 0.8840 0.8840 0.8865 0.8840 0.8865 0.8865 0.8840 0.8865 0.8840 0.8840 0.8865 0.8865 0.8865
322 087 086 114 0.8865 0.8865 0.8865 0.8865 0.8840 0.8840 0.8865 0.8865 0.8840 0.8865 0.8840 0.8865 0.8865 0.8865 0.8840 0.8840
087 086 114 062 0.8840 0.8840 0.8865 0.8865 0.8840 0.8865 0.8865 0.8865 0.8840 0.8865 0.8865 0.8865 0.8865 0.8865 0.8865 0.8865
086 114 062 110 0.8865 0.8840 0.8865 0.8840 0.8865 0.8840 0.8840 0.8840 0.8840 0.8840 0.8840 0.8840 0.8865 0.8865 0.8865 0.8865
114 062 110 084 0.8840 0.8865 0.8840 0.8840 0.8865 0.8840 0.8865 0.8840 0.8840 0.8865 0.8840 0.8865 0.8865 0.8840 0.8865 0.8865
062 110 084 217 0.8840 0.8865 0.8865 0.8840 0.8840 0.8840 0.8865 0.8840 0.8865 0.8840 0.8840 0.8865 0.8865 0.8840 0.8865 0.8840
110 084 217 230 0.8840 0.8865 0.8865 0.8865 0.8840 0.8840 0.8840 0.8865 0.8865 0.8865 0.8840 0.8865 0.8865 0.8840 0.8865 0.8865
084 217 230 189 0.8840 0.8865 0.8840 0.8865 0.8865 0.8865 0.8840 0.8865 0.8840 0.8865 0.8840 0.8865 0.8840 0.8865 0.8865 0.8840
217 230 189 060 0.8865 0.8840 0.8840 0.8840 0.8865 0.8865 0.8840 0.8840 0.8840 0.8865 0.8840 0.8840 0.8865 0.8865 0.8865 0.8865
230 189 060 188 0.8840 0.8840 0.8865 0.8840 0.8840 0.8865 0.8840 0.8840 0.8865 0.8865 0.8865 0.8840 0.8840 0.8840 0.8865 0.8840
189 060 188 012 0.8865 0.8840 0.8840 0.8840 0.8865 0.8840 0.8840 0.8865 0.8865 0.8840 0.8840 0.8840 0.8840 0.8840 0.8865 0.8865
060 188 012 083 0.8865 0.8865 0.8865 0.8840 0.8865 0.8865 0.8840 0.8840 0.8840 0.8840 0.8865 0.8865 0.8865 0.8840 0.8840 0.8865
188 012 083 303 0.8840 0.8865 0.8840 0.8865 0.8865 0.8840 0.8840 0.8840 0.8840 0.8840 0.8840 0.8865 0.8840 0.8865 0.8865 0.8865
012 083 303 057 0.8865 0.8865 0.8840 0.8840 0.8865 0.8865 0.8840 0.8865 0.8840 0.8840 0.8865 0.8840 0.8840 0.8840 0.8840 0.8840
083 303 057 169 0.8865 0.8865 0.8840 0.8865 0.8840 0.8865 0.8840 0.8865 0.8865 0.8865 0.8840 0.8865 0.8840 0.8865 0.8840 0.8840
303 057 169 216 0.8865 0.8840 0.8865 0.8865 0.8840 0.8865 0.8840 0.8840 0.8840 0.8840 0.8865 0.8840 0.8840 0.8865 0.8865 0.8840
057 169 216 103 0.8865 0.8865 0.8865 0.8865 0.8865 0.8865 0.8840 0.8840 0.8865 0.8840 0.8865 0.8840 0.8865 0.8840 0.8865 0.8840
169 216 103 208 0.8840 0.8865 0.8865 0.8840 0.8840 0.8840 0.8865 0.8865 0.8840 0.8840 0.8865 0.8865 0.8840 0.8840 0.8840 0.8865
216 103 208 259 0.8840 0.8840 0.8840 0.8865 0.8865 0.8865 0.8865 0.8865 0.8840 0.8840 0.8840 0.8840 0.8840 0.8840 0.8840 0.8840
103 208 259 347 0.8840 0.8865 0.8865 0.8840 0.8865 0.8840 0.8840 0.8865 0.8865 0.8865 0.8840 0.8865 0.8840 0.8840 0.8865 0.8840
208 259 347 215 0.8865 0.8865 0.8865 0.8840 0.8840 0.8865 0.8865 0.8840 0.8865 0.8840 0.8865 0.8865 0.8865 0.8865 0.8865 0.8840
259 347 215 061 0.8840 0.8840 0.8865 0.8865 0.8840 0.8840 0.8865 0.8865 0.8840 0.8840 0.8840 0.8840 0.8865 0.8840 0.8865 0.8840
347 215 061 256 0.8865 0.8865 0.8840 0.8840 0.8840 0.8865 0.8865 0.8865 0.8840 0.8865 0.8840 0.8865 0.8865 0.8840 0.8865 0.8840
215 061 256 227 0.8840 0.8840 0.8865 0.8865 0.8865 0.8865 0.8865 0.8840 0.8840 0.8865 0.8840 0.8840 0.8840 0.8840 0.8840 0.8840
061 256 227 343 0.8840 0.8840 0.8865 0.8865 0.8840 0.8840 0.8840 0.8865 0.8840 0.8840 0.8840 0.8865 0.8840 0.8865 0.8840 0.8840
256 227 343 288 0.8865 0.8865 0.8840 0.8840 0.8865 0.8840 0.8840 0.8865 0.8840 0.8840 0.8840 0.8840 0.8840 0.8840 0.8865 0.8865
227 343 288 265 0.8865 0.8865 0.8840 0.8840 0.8865 0.8865 0.8865 0.8840 0.8840 0.8840 0.8865 0.8865 0.8840 0.8840 0.8865 0.8840
343 288 265 029 0.8865 0.8865 0.8840 0.8840 0.8840 0.8840 0.8840 0.8840 0.8865 0.8840 0.8865 0.8840 0.8840 0.8865 0.8840 0.8840
288 265 029 319 0.8840 0.8840 0.8840 0.8840 0.8840 0.8865 0.8840 0.8865 0.8865 0.8865 0.8865 0.8840 0.8840 0.8865 0.8865 0.8865
265 029 319 234 0.8865 0.8840 0.8865 0.8865 0.8865 0.8840 0.8865 0.8840 0.8865 0.8865 0.8865 0.8840 0.8840 0.8840 0.8840 0.8865
029 319 234 290 0.8865 0.8840 0.8865 0.8840 0.8865 0.8865 0.8865 0.8840 0.8840 0.8865 0.8865 0.8840 0.8865 0.8865 0.8865 0.8840
319 234 290 068 0.8840 0.8865 0.8865 0.8840 0.8865 0.8865 0.8840 0.8865 0.8865 0.8840 0.8840 0.8840 0.8840 0.8840 0.8865 0.8840
234 290 068 298 0.8840 0.8865 0.8840 0.8840 0.8865 0.8865 0.8865 0.8840 0.8840 0.8840 0.8865 0.8865 0.8865 0.8840 0.8840 0.8840
290 068 298 174 0.8865 0.8865 0.8865 0.8865 0.8865 0.8840 0.8865 0.8840 0.8865 0.8840 0.8840 0.8840 0.8840 0.8865 0.8840 0.8865
068 298 174 297 0.8840 0.8865 0.8865 0.8840 0.8865 0.8840 0.8840 0.8865 0.8865 0.8865 0.8865 0.8840 0.8865 0.8840 0.8840 0.8865
298 174 297 197 0.8840 0.8840 0.8840 0.8840 0.8840 0.8840 0.8865 0.8840 0.8865 0.8840 0.8840 0.8865 0.8840 0.8840 0.8840 0.8865
174 297 197 037 0.8840 0.8840 0.8865 0.8865 0.8865 0.8840 0.8865 0.8840 0.8840 0.8840 0.8865 0.8865 0.8840 0.8840 0.8865 0.8865
297 197 037 152 0.8840 0.8840 0.8865 0.8865 0.8865 0.8865 0.8840 0.8865 0.8840 0.8865 0.8840 0.8865 0.8865 0.8865 0.8840 0.8865
197 037 152 193 0.8840 0.8840 0.8865 0.8840 0.8865 0.8840 0.8840 0.8865 0.8865 0.8840 0.8840 0.8865 0.8865 0.8865 0.8840 0.8865
037 152 193 159 0.8865 0.8840 0.8840 0.8840 0.8840 0.8865 0.8865 0.8840 0.8865 0.8840 0.8840 0.8840 0.8840 0.8865 0.8840 0.8840
152 193 159 115 0.8840 0.8840 0.8865 0.8840 0.8865 0.8865 0.8840 0.8865 0.8840 0.8865 0.8840 0.8840 0.8840 0.8840 0.8865 0.8865
193 159 115 032 0.8840 0.8865 0.8865 0.8840 0.8865 0.8840 0.8840 0.8840 0.8840 0.8840 0.8840 0.8865 0.8865 0.8840 0.8840 0.8865
159 115 032 022 0.8840 0.8840 0.8840 0.8840 0.8840 0.8840 0.8840 0.8865 0.8840 0.8840 0.8865 0.8840 0.8840 0.8840 0.8865 0.8865
115 032 022 052 0.8865 0.8840 0.8865 0.8840 0.8865 0.8840 0.8840 0.8840 0.8840 0.8840 0.8840 0.8840 0.8840 0.8865 0.8840 0.8865
032 022 052 094 0.8865 0.8865 0.8840 0.8865 0.8840 0.8865 0.8840 0.8865 0.8865 0.8840 0.8840 0.8865 0.8840 0.8840 0.8840 0.8865
022 052 094 125 0.8865 0.8840 0.8865 0.8840 0.8840 0.8865 0.8840 0.8865 0.8865 0.8865 0.8840 0.8865 0.8840 0.8865 0.8840 0.8840
052 094 125 141 0.8840 0.8865 0.8840 0.8865 0.8840 0.8865 0.8840 0.8865 0.8865 0.8865 0.8840 0.8865 0.8840 0.8840 0.8865 0.8865
094 125 141 018 0.8840 0.8840 0.8865 0.8865 0.8865 0.8865 0.8840 0.8840 0.8840 0.8840 0.8840 0.8840 0.8865 0.8840 0.8840 0.8840
125 141 018 354 0.8840 0.8865 0.8840 0.8865 0.8865 0.8840 0.8840 0.8840 0.8865 0.8865 0.8840 0.8840 0.8865 0.8865 0.8840 0.8840
141 018 354 034 0.8840 0.8840 0.8865 0.8865 0.8840 0.8840 0.8865 0.8865 0.8840 0.8865 0.8840 0.8840 0.8865 0.8865 0.8840 0.8865
018 354 034 058 0.8865 0.8840 0.8840 0.8840 0.8865 0.8840 0.8840 0.8840 0.8840 0.8865 0.8840 0.8840 0.8840 0.8840 0.8840 0.8840
354 034 058 330 0.8840 0.8865 0.8865 0.8840 0.8840 0.8840 0.8840 0.8865 0.8840 0.8865 0.8865 0.8840 0.8865 0.8865 0.8865 0.8840
034 058 330 113 0.8865 0.8865 0.8840 0.8840 0.8865 0.8840 0.8840 0.8840 0.8865 0.8865 0.8865 0.8840 0.8865 0.8840 0.8840 0.8840
058 330 113 252 0.8840 0.8840 0.8865 0.8865 0.8840 0.8840 0.8840 0.8840 0.8865 0.8840 0.8840 0.8840 0.8865 0.8840 0.8840 0.8840
330 113 252 191 0.8865 0.8840 0.8840 0.8865 0.8840 0.8840 0.8840 0.8865 0.8840 0.8865 0.8865 0.8865 0.8840 0.8840 0.8840 0.8865
113 252 191 260 0.8840 0.8865 0.8840 0.8865 0.8865 0.8840 0.8865 0.8865 0.8865 0.8865 0.8840 0.8840 0.8840 0.8840 0.8865 0.8865
252 191 260 004 0.8865 0.8865 0.8840 0.8865 0.8865 0.8840 0.8840 0.8865 0.8865 0.8840 0.8840 0.8840 0.8865 0.8840 0.8840 0.8840
191 260 004 317 0.8865 0.8840 0.8840 0.8840 0.8840 0.8840 0.8840 0.8865 0.8865 0.8840 0.8865 0.8865 0.8865 0.8840 0.8865 0.8865
260 004 317 175 0.8865 0.8865 0.8840 0.8840 0.8840 0.8840 0.8865 0.8840 0.8865 0.8865 0.8865 0.8840 0.8865 0.8865 0.8865 0.8840
004 317 175 338 0.8865 0.8840 0.8865 0.8840 0.8840 0.8840 0.8840 0.8840 0.8840 0.8840 0.8865 0.8865 0.8840 0.8840 0.8840 0.8865
317 175 338 316 0.8840 0.8865 0.8840 0.8840 0.8865 0.8840 0.8840 0.8840 0.8840 0.8840 0.8840 0.8865 0.8840 0.8840 0.8840 0.8865
175 338 316 030 0.8865 0.8865 0.8865 0.8840 0.8865 0.8840 0.8840 0.8840 0.8865 0.8865 0.8865 0.8840 0.8840 0.8840 0.8865 0.8865
338 316 030 195 0.8840 0.8865 0.8865 0.8865 0.8865 0.8865 0.8840 0.8840 0.8865 0.8865 0.8840 0.8865 0.8865 0.8840 0.8840 0.8840
316 030 195 181 0.8840 0.8840 0.8840 0.8840 0.8840 0.8865 0.8865 0.8865 0.8865 0.8865 0.8865 0.8865 0.8840 0.8865 0.8840 0.8840
030 195 181 014 0.8840 0.8865 0.8840 0.8865 0.8865 0.8840 0.8865 0.8865 0.8840 0.8865 0.8840 0.8865 0.8865 0.8840 0.8865 0.8865
195 181 014 335 0.8840 0.8840 0.8865 0.8865 0.8840 0.8865 0.8840 0.8840 0.8865 0.8865 0.8840 0.8840 0.8840 0.8840 0.8840 0.8840
181 014 335 166 0.8840 0.8865 0.8840 0.8840 0.8840 0.8865 0.8840 0.8865 0.8840 0.8865 0.8840 0.8840 0.8865 0.8865 0.8840 0.8840
014 335 166 028 0.8840 0.8865 0.8840 0.8865 0.8840 0.8865 0.8865 0.8840 0.8865 0.8865 0.8865 0.8840 0.8865 0.8865 0.8840 0.8840
335 166 028 201 0.8865 0.8840 0.8865 0.8840 0.8840 0.8840 0.8865 0.8840 0.8865 0.8840 0.8865 0.8865 0.8840 0.8865 0.8840 0.8840
166 028 201 073 0.8865 0.8840 0.8865 0.8865 0.8865 0.8840 0.8840 0.8840 0.8840 0.8840 0.8865 0.8865 0.8840 0.8865 0.8840 0.8840
028 201 073 009 0.8865 0.8865 0.8865 0.8865 0.8840 0.8840 0.8840 0.8865 0.8840 0.8865 0.8865 0.8865 0.8865 0.8840 0.8865 0.8865
201 073 009 121 0.8840 0.8865 0.8840 0.8865 0.8840 0.8865 0.8865 0.8865 0.8865 0.8865 0.8865 0.8865 0.8865 0.8865 0.8840 0.8840
073 009 121 105 0.8840 0.8865 0.8840 0.8840 0.8840 0.8840 0.8865 0.8840 0.8865 0.8840 0.8865 0.8865 0.8840 0.8865 0.8865 0.8865
009 121 105 048 0.8865 0.8865 0.8865 0.8840 0.8840 0.8865 0.8840 0.8840 0.8840 0.8840 0.8840 0.8840 0.8840 0.8840 0.8865 0.8840
121 105 048 088 0.8865 0.8865 0.8865 0.8865 0.8840 0.8840 0.8865 0.8840 0.8865 0.8865 0.8865 0.8840 0.8865 0.8865 0.8840 0.8865
105 048 088 207 0.8865 0.8865 0.8865 0.8840 0.8865 0.8840 0.8840 0.8865 0.8840 0.8865 0.8865 0.8865 0.8840 0.8865 0.8840 0.8865
048 088 207 339 0.8865 0.8840 0.8865 0.8840 0.8865 0.8865 0.8865 0.8865 0.8865 0.8840 0.8865 0.8840 0.8865 0.8840 0.8840 0.8840
088 207 339 144 0.8865 0.8840 0.8865 0.8865 0.8840 0.8865 0.8865 0.8865 0.8840 0.8865 0.8865 0.8865 0.8840 0.8840 0.8865 0.8840
207 339 144 326 0.8840 0.8840 0.8865 0.8865 0.8840 0.8840 0.8865 0.8840 0.8865 0.8865 0.8840 0.8840 0.8865 0.8840 0.8840 0.8865
339 144 326 183 0.8840 0.8840 0.8865 0.8840 0.8865 0.8840 0.8865 0.8865 0.8840 0.8840 0.8865 0.8840 0.8865 0.8865 0.8840 0.8865
144 326 183 142 0.8840 0.8865 0.8840 0.8840 0.8865 0.8865 0.8865 0.8865 0.8865 0.8865 0.8865 0.8865 0.8865 0.8840 0.8865 0.8840
326 183 142 079 0.8865 0.8865 0.8865 0.8840 0.8840 0.8865 0.8840 0.8840 0.8840 0.8865 0.8865 0.8865 0.8840 0.8840 0.8840 0.8840
183 142 079 212 0.8865 0.8865 0.8865 0.8865 0.8840 0.8840 0.8865 0.8840 0.8865 0.8865 0.8840 0.8865 0.8840 0.8865 0.8840 0.8865
142 079 212 313 0.8865 0.8840 0.8865 0.8865 0.8840 0.8840 0.8840 0.8840 0.8840 0.8865 0.8865 0.8865 0.8865 0.8840 0.8840 0.8865
079 212 313 279 0.8865 0.8840 0.8865 0.8865 0.8840 0.8840 0.8840 0.8840 0.8840 0.8840 0.8865 0.8865 0.8840 0.8865 0.8840 0.8840
212 313 279 190 0.8865 0.8840 0.8865 0.8840 0.8865 0.8865 0.8865 0.8840 0.8840 0.8865 0.8865 0.8840 0.8865 0.8840 0.8865 0.8865
313 279 190 346 0.8840 0.8840 0.8865 0.8840 0.8840 0.8865 0.8865 0.8840 0.8865 0.8840 0.8865 0.8865 0.8840 0.8865 0.8840 0.8840
279 190 346 287 0.8840 0.8840 0.8840 0.8865 0.8865 0.8840 0.8865 0.8865 0.8865 0.8840 0.8840 0.8865 0.8865 0.8865 0.8865 0.8865
190 346 287 182 0.8865 0.8865 0.8865 0.8865 0.8840 0.8840 0.8865 0.8865 0.8840 0.8865 0.8840 0.8865 0.8865 0.8840 0.8840 0.8840
346 287 182 355 0.8840 0.8840 0.8840 0.8840 0.8840 0.8840 0.8865 0.8840 0.8865 0.8865 0.8865 0.8865 0.8840 0.8865 0.8865 0.8840
287 182 355 223 0.8840 0.8865 0.8865 0.8840 0.8840 0.8840 0.8865 0.8865 0.8865 0.8840 0.8840 0.8865 0.8865 0.8865 0.8840 0.8865
182 355 223 327 0.8840 0.8865 0.8840 0.8865 0.8840 0.8840 0.8865 0.8865 0.8865 0.8865 0.8865 0.8840 0.8865 0.8840 0.8865 0.8865
355 223 327 126 0.8840 0.8865 0.8865 0.8865 0.8840 0.8865 0.8865 0.8840 0.8865 0.8840 0.8840 0.8840 0.8865 0.8840 0.8840 0.8840
223 327 126 344 0.8865 0.8865 0.8840 0.8865 0.8840 0.8865 0.8865 0.8840 0.8865 0.8840 0.8840 0.8840 0.8865 0.8840 0.8865 0.8865
327 126 344 100 0.8865 0.8840 0.8865 0.8865 0.8865 0.8865 0.8865 0.8865 0.8840 0.8865 0.8865 0.8840 0.8840 0.8840 0.8865 0.8865
126 344 100 246 0.8840 0.8840 0.8865 0.8865 0.8840 0.8865 0.8865 0.8865 0.8840 0.8865 0.8840 0.8865 0.8865 0.8840 0.8865 0.8865
344 100 246 128 0.8865 0.8840 0.8865 0.8840 0.8865 0.8865 0.8865 0.8865 0.8840 0.8840 0.8840 0.8865 0.8865 0.8840 0.8840 0.8865
100 246 128 348 0.8840 0.8865 0.8840 0.8840 0.8865 0.8840 0.8865 0.8865 0.8865 0.8865 0.8840 0.8865 0.8865 0.8865 0.8840 0.8840
246 128 348 281 0.8840 0.8865 0.8865 0.8840 0.8840 0.8865 0.8840 0.8865 0.8840 0.8840 0.8865 0.8865 0.8840 0.8840 0.8865 0.8865
