356 031684 3
120 143 225 142 0.3935 0.0959 0.3935 0.3935 0.0959 0.0959 0.0959 0.0959 0.0959 0.0959 0.3935 0.3935 0.0959 0.0959 0.0959 0.3935
143 225 142 288 0.3935 0.3935 0.3935 0.3935 0.0959 0.0959 0.0959 0.0959 0.0959 0.0959 0.3935 0.3935 0.0959 0.3935 0.3935 0.0959
225 142 288 226 0.3935 0.3935 0.3935 0.0959 0.3935 0.3935 0.0959 0.3935 0.0959 0.0959 0.0959 0.3935 0.0959 0.3935 0.0959 0.3935
142 288 226 201 0.3935 0.0959 0.3935 0.3935 0.0959 0.3935 0.0959 0.3935 0.3935 0.0959 0.0959 0.0959 0.3935 0.3935 0.3935 0.3935
288 226 201 006 0.0959 0.0959 0.3935 0.0959 0.3935 0.0959 0.3935 0.0959 0.0959 0.0959 0.0959 0.3935 0.0959 0.3935 0.3935 0.0959
226 201 006 235 0.3935 0.0959 0.0959 0.3935 0.3935 0.0959 0.0959 0.3935 0.3935 0.3935 0.0959 0.0959 0.0959 0.3935 0.0959 0.0959
201 006 235 213 0.3935 0.3935 0.3935 0.3935 0.0959 0.0959 0.3935 0.0959 0.0959 0.0959 0.0959 0.0959 0.0959 0.3935 0.0959 0.3935
006 235 213 162 0.3935 0.3935 0.0959 0.3935 0.3935 0.3935 0.0959 0.3935 0.3935 0.0959 0.0959 0.0959 0.3935 0.0959 0.3935 0.0959
235 213 162 327 0.3935 0.3935 0.3935 0.0959 0.0959 0.3935 0.0959 0.0959 0.3935 0.0959 0.0959 0.3935 0.3935 0.0959 0.0959 0.3935
213 162 327 183 0.3935 0.3935 0.0959 0.0959 0.3935 0.3935 0.0959 0.0959 0.3935 0.0959 0.0959 0.0959 0.3935 0.3935 0.0959 0.3935
162 327 183 284 0.3935 0.0959 0.3935 0.0959 0.0959 0.3935 0.0959 0.0959 0.3935 0.3935 0.3935 0.3935 0.3935 0.0959 0.3935 0.0959
327 183 284 192 0.0959 0.0959 0.3935 0.3935 0.0959 0.0959 0.3935 0.0959 0.0959 0.0959 0.0959 0.0959 0.0959 0.0959 0.0959 0.3935
183 284 192 052 0.0959 0.0959 0.3935 0.0959 0.0959 0.3935 0.3935 0.3935 0.0959 0.3935 0.3935 0.0959 0.3935 0.0959 0.3935 0.0959
284 192 052 191 0.3935 0.3935 0.3935 0.3935 0.3935 0.0959 0.3935 0.3935 0.3935 0.0959 0.3935 0.0959 0.0959 0.0959 0.0959 0.3935
192 052 191 322 0.0959 0.0959 0.0959 0.0959 0.3935 0.3935 0.3935 0.3935 0.3935 0.3935 0.0959 0.0959 0.0959 0.0959 0.0959 0.3935
052 191 322 071 0.3935 0.3935 0.0959 0.0959 0.3935 0.3935 0.3935 0.3935 0.3935 0.0959 0.0959 0.3935 0.3935 0.3935 0.0959 0.0959
191 322 071 276 0.3935 0.3935 0.3935 0.3935 0.3935 0.0959 0.0959 0.3935 0.0959 0.3935 0.0959 0.0959 0.3935 0.0959 0.3935 0.0959
322 071 276 019 0.0959 0.3935 0.0959 0.0959 0.3935 0.3935 0.0959 0.0959 0.0959 0.3935 0.0959 0.3935 0.3935 0.3935 0.0959 0.3935
071 276 019 033 0.3935 0.3935 0.3935 0.3935 0.0959 0.0959 0.3935 0.0959 0.3935 0.0959 0.0959 0.3935 0.3935 0.0959 0.0959 0.3935
276 019 033 344 0.3935 0.0959 0.3935 0.0959 0.3935 0.3935 0.3935 0.0959 0.3935 0.3935 0.3935 0.0959 0.3935 0.3935 0.3935 0.0959
019 033 344 171 0.3935 0.3935 0.3935 0.0959 0.3935 0.3935 0.3935 0.0959 0.3935 0.3935 0.3935 0.3935 0.3935 0.3935 0.0959 0.0959
033 344 171 125 0.0959 0.0959 0.3935 0.3935 0.3935 0.3935 0.3935 0.3935 0.0959 0.3935 0.0959 0.0959 0.3935 0.3935 0.0959 0.3935
344 171 125 036 0.0959 0.3935 0.3935 0.3935 0.3935 0.0959 0.3935 0.3935 0.0959 0.0959 0.0959 0.0959 0.0959 0.0959 0.3935 0.0959
171 125 036 180 0.0959 0.0959 0.0959 0.0959 0.0959 0.3935 0.3935 0.0959 0.3935 0.0959 0.0959 0.3935 0.3935 0.0959 0.0959 0.0959
125 036 180 084 0.3935 0.0959 0.0959 0.0959 0.0959 0.3935 0.3935 0.3935 0.0959 0.3935 0.3935 0.3935 0.3935 0.3935 0.3935 0.3935
036 180 084 111 0.0959 0.0959 0.3935 0.3935 0.3935 0.0959 0.0959 0.3935 0.0959 0.0959 0.3935 0.3935 0.3935 0.0959 0.0959 0.0959
180 084 111 144 0.3935 0.3935 0.0959 0.3935 0.0959 0.3935 0.0959 0.3935 0.3935 0.3935 0.3935 0.3935 0.3935 0.3935 0.0959 0.0959
084 111 144 291 0.0959 0.3935 0.3935 0.3935 0.3935 0.3935 0.0959 0.3935 0.3935 0.3935 0.3935 0.0959 0.0959 0.0959 0.3935 0.3935
111 144 291 207 0.3935 0.3935 0.0959 0.3935 0.0959 0.0959 0.3935 0.0959 0.3935 0.3935 0.0959 0.0959 0.3935 0.3935 0.3935 0.0959
144 291 207 306 0.0959 0.3935 0.3935 0.3935 0.0959 0.3935 0.3935 0.0959 0.0959 0.0959 0.3935 0.3935 0.0959 0.0959 0.3935 0.0959
291 207 306 273 0.3935 0.3935 0.3935 0.3935 0.0959 0.0959 0.3935 0.0959 0.3935 0.3935 0.0959 0.0959 0.3935 0.3935 0.3935 0.0959
207 306 273 166 0.3935 0.3935 0.3935 0.0959 0.0959 0.3935 0.3935 0.3935 0.0959 0.3935 0.3935 0.0959 0.3935 0.0959 0.0959 0.3935
306 273 166 328 0.0959 0.3935 0.0959 0.3935 0.3935 0.0959 0.3935 0.3935 0.0959 0.0959 0.0959 0.3935 0.3935 0.3935 0.3935 0.0959
273 166 328 260 0.0959 0.0959 0.3935 0.0959 0.3935 0.3935 0.3935 0.0959 0.3935 0.3935 0.3935 0.3935 0.3935 0.0959 0.3935 0.0959
166 328 260 204 0.3935 0.0959 0.0959 0.0959 0.3935 0.0959 0.3935 0.3935 0.3935 0.3935 0.0959 0.0959 0.3935 0.3935 0.3935 0.3935
328 260 204 302 0.0959 0.3935 0.3935 0.3935 0.0959 0.3935 0.3935 0.3935 0.0959 0.3935 0.0959 0.0959 0.3935 0.3935 0.0959 0.0959
260 204 302 156 0.3935 0.0959 0.3935 0.0959 0.0959 0.3935 0.3935 0.0959 0.0959 0.0959 0.3935 0.3935 0.0959 0.3935 0.3935 0.3935
204 302 156 193 0.0959 0.3935 0.0959 0.0959 0.0959 0.3935 0.3935 0.0959 0.3935 0.3935 0.0959 0.3935 0.0959 0.0959 0.0959 0.0959
302 156 193 282 0.3935 0.3935 0.3935 0.0959 0.0959 0.3935 0.0959 0.0959 0.0959 0.0959 0.0959 0.3935 0.0959 0.3935 0.0959 0.3935
156 193 282 203 0.3935 0.3935 0.0959 0.3935 0.3935 0.3935 0.0959 0.0959 0.3935 0.3935 0.3935 0.0959 0.3935 0.3935 0.0959 0.0959
193 282 203 042 0.3935 0.3935 0.0959 0.0959 0.0959 0.0959 0.0959 0.3935 0.3935 0.0959 0.0959 0.3935 0.3935 0.3935 0.3935 0.3935
282 203 042 269 0.3935 0.0959 0.3935 0.0959 0.3935 0.3935 0.0959 0.3935 0.0959 0.3935 0.3935 0.3935 0.3935 0.3935 0.3935 0.3935
203 042 269 188 0.0959 0.0959 0.3935 0.3935 0.3935 0.0959 0.0959 0.3935 0.0959 0.0959 0.3935 0.3935 0.3935 0.0959 0.0959 0.3935
042 269 188 022 0.3935 0.0959 0.0959 0.3935 0.3935 0.3935 0.3935 0.3935 0.3935 0.0959 0.3935 0.0959 0.3935 0.3935 0.3935 0.3935
269 188 022 262 0.3935 0.0959 0.0959 0.3935 0.3935 0.3935 0.3935 0.3935 0.0959 0.0959 0.0959 0.0959 0.3935 0.0959 0.3935 0.3935
188 022 262 256 0.0959 0.0959 0.0959 0.3935 0.0959 0.3935 0.3935 0.3935 0.0959 0.3935 0.3935 0.3935 0.3935 0.0959 0.3935 0.0959
022 262 256 043 0.0959 0.3935 0.3935 0.3935 0.3935 0.3935 0.3935 0.3935 0.0959 0.0959 0.0959 0.0959 0.0959 0.0959 0.3935 0.0959
262 256 043 233 0.3935 0.3935 0.3935 0.0959 0.0959 0.3935 0.0959 0.3935 0.3935 0.0959 0.0959 0.0959 0.0959 0.0959 0.3935 0.3935
256 043 233 021 0.3935 0.3935 0.3935 0.0959 0.0959 0.0959 0.3935 0.0959 0.3935 0.3935 0.0959 0.3935 0.3935 0.0959 0.0959 0.0959
043 233 021 010 0.0959 0.0959 0.0959 0.3935 0.3935 0.0959 0.3935 0.0959 0.3935 0.0959 0.3935 0.0959 0.3935 0.0959 0.0959 0.0959
233 021 010 062 0.3935 0.3935 0.0959 0.0959 0.0959 0.3935 0.0959 0.3935 0.0959 0.3935 0.3935 0.0959 0.3935 0.0959 0.3935 0.0959
021 010 062 024 0.3935 0.0959 0.3935 0.3935 0.3935 0.0959 0.3935 0.0959 0.3935 0.0959 0.0959 0.3935 0.3935 0.3935 0.0959 0.3935
010 062 024 151 0.0959 0.0959 0.0959 0.3935 0.0959 0.0959 0.3935 0.3935 0.0959 0.0959 0.3935 0.0959 0.3935 0.3935 0.0959 0.3935
062 024 151 274 0.3935 0.3935 0.0959 0.0959 0.3935 0.3935 0.3935 0.3935 0.0959 0.0959 0.3935 0.3935 0.3935 0.0959 0.0959 0.3935
024 151 274 316 0.3935 0.0959 0.0959 0.0959 0.0959 0.3935 0.3935 0.3935 0.3935 0.3935 0.0959 0.3935 0.3935 0.3935 0.3935 0.0959
151 274 316 029 0.0959 0.3935 0.0959 0.0959 0.3935 0.0959 0.0959 0.0959 0.0959 0.3935 0.3935 0.0959 0.0959 0.0959 0.3935 0.0959
274 316 029 167 0.3935 0.0959 0.0959 0.0959 0.3935 0.3935 0.0959 0.3935 0.0959 0.0959 0.0959 0.0959 0.0959 0.3935 0.0959 0.3935
316 029 167 079 0.3935 0.3935 0.3935 0.3935 0.0959 0.3935 0.0959 0.3935 0.0959 0.0959 0.3935 0.0959 0.0959 0.3935 0.3935 0.3935
029 167 079 157 0.0959 0.3935 0.0959 0.0959 0.3935 0.3935 0.3935 0.3935 0.0959 0.0959 0.3935 0.0959 0.3935 0.0959 0.0959 0.0959
167 079 157 182 0.3935 0.3935 0.0959 0.3935 0.0959 0.0959 0.3935 0.3935 0.3935 0.3935 0.3935 0.3935 0.0959 0.0959 0.0959 0.3935
079 157 182 100 0.3935 0.3935 0.3935 0.0959 0.0959 0.0959 0.3935 0.0959 0.0959 0.0959 0.0959 0.0959 0.3935 0.0959 0.0959 0.3935
157 182 100 095 0.0959 0.0959 0.3935 0.3935 0.0959 0.3935 0.3935 0.0959 0.0959 0.3935 0.0959 0.3935 0.0959 0.3935 0.3935 0.3935
182 100 095 130 0.0959 0.3935 0.0959 0.3935 0.0959 0.0959 0.3935 0.3935 0.0959 0.3935 0.0959 0.0959 0.0959 0.0959 0.3935 0.3935
100 095 130 285 0.0959 0.3935 0.0959 0.3935 0.0959 0.3935 0.3935 0.3935 0.3935 0.0959 0.0959 0.0959 0.3935 0.3935 0.3935 0.0959
095 130 285 206 0.0959 0.3935 0.0959 0.0959 0.3935 0.0959 0.3935 0.0959 0.0959 0.3935 0.0959 0.3935 0.3935 0.3935 0.0959 0.3935
130 285 206 141 0.3935 0.3935 0.0959 0.0959 0.3935 0.0959 0.3935 0.0959 0.3935 0.0959 0.3935 0.3935 0.0959 0.3935 0.3935 0.3935
285 206 141 155 0.0959 0.3935 0.3935 0.3935 0.0959 0.0959 0.0959 0.3935 0.3935 0.0959 0.3935 0.3935 0.0959 0.0959 0.0959 0.0959
206 141 155 255 0.0959 0.3935 0.3935 0.0959 0.0959 0.0959 0.0959 0.3935 0.3935 0.3935 0.0959 0.0959 0.0959 0.3935 0.0959 0.0959
141 155 255 003 0.3935 0.3935 0.0959 0.0959 0.3935 0.3935 0.3935 0.0959 0.3935 0.3935 0.3935 0.0959 0.0959 0.0959 0.3935 0.0959
155 255 003 054 0.0959 0.3935 0.0959 0.0959 0.3935 0.0959 0.3935 0.0959 0.0959 0.0959 0.0959 0.0959 0.3935 0.3935 0.3935 0.3935
255 003 054 175 0.3935 0.0959 0.3935 0.3935 0.0959 0.0959 0.0959 0.3935 0.0959 0.0959 0.3935 0.3935 0.0959 0.3935 0.0959 0.3935
003 054 175 298 0.3935 0.0959 0.0959 0.0959 0.0959 0.0959 0.3935 0.0959 0.0959 0.0959 0.0959 0.3935 0.3935 0.3935 0.3935 0.3935
054 175 298 196 0.0959 0.0959 0.0959 0.3935 0.0959 0.0959 0.3935 0.3935 0.0959 0.3935 0.3935 0.0959 0.3935 0.3935 0.3935 0.0959
175 298 196 128 0.3935 0.3935 0.0959 0.3935 0.0959 0.3935 0.0959 0.0959 0.0959 0.0959 0.3935 0.3935 0.3935 0.0959 0.3935 0.3935
298 196 128 247 0.0959 0.3935 0.0959 0.0959 0.3935 0.0959 0.3935 0.0959 0.3935 0.0959 0.3935 0.0959 0.3935 0.3935 0.3935 0.3935
196 128 247 227 0.3935 0.0959 0.0959 0.3935 0.3935 0.3935 0.0959 0.3935 0.3935 0.0959 0.3935 0.3935 0.3935 0.3935 0.3935 0.3935
128 247 227 074 0.0959 0.0959 0.3935 0.0959 0.0959 0.3935 0.0959 0.3935 0.0959 0.0959 0.3935 0.0959 0.3935 0.3935 0.0959 0.3935
247 227 074 085 0.3935 0.3935 0.3935 0.0959 0.3935 0.0959 0.3935 0.0959 0.3935 0.0959 0.0959 0.3935 0.3935 0.3935 0.0959 0.3935
227 074 085 014 0.3935 0.3935 0.0959 0.0959 0.3935 0.3935 0.3935 0.3935 0.3935 0.0959 0.0959 0.3935 0.0959 0.3935 0.3935 0.3935
074 085 014 138 0.0959 0.3935 0.3935 0.3935 0.0959 0.0959 0.0959 0.3935 0.3935 0.3935 0.3935 0.0959 0.0959 0.0959 0.3935 0.3935
085 014 138 028 0.0959 0.3935 0.3935 0.0959 0.3935 0.0959 0.0959 0.0959 0.0959 0.3935 0.3935 0.3935 0.3935 0.3935 0.0959 0.0959
014 138 028 053 0.3935 0.0959 0.0959 0.3935 0.0959 0.0959 0.0959 0.3935 0.0959 0.3935 0.3935 0.3935 0.3935 0.3935 0.0959 0.3935
138 028 053 351 0.0959 0.3935 0.0959 0.0959 0.0959 0.3935 0.3935 0.3935 0.3935 0.0959 0.3935 0.3935 0.3935 0.0959 0.3935 0.3935
028 053 351 057 0.0959 0.3935 0.3935 0.0959 0.0959 0.3935 0.0959 0.3935 0.3935 0.0959 0.3935 0.3935 0.3935 0.0959 0.3935 0.3935
053 351 057 331 0.3935 0.0959 0.0959 0.3935 0.3935 0.3935 0.0959 0.3935 0.0959 0.0959 0.3935 0.0959 0.3935 0.3935 0.0959 0.3935
351 057 331 186 0.0959 0.0959 0.0959 0.0959 0.3935 0.3935 0.0959 0.0959 0.3935 0.3935 0.3935 0.0959 0.0959 0.0959 0.0959 0.0959
057 331 186 001 0.3935 0.0959 0.0959 0.0959 0.0959 0.0959 0.0959 0.3935 0.3935 0.0959 0.3935 0.0959 0.0959 0.3935 0.3935 0.0959
331 186 001 133 0.3935 0.0959 0.0959 0.0959 0.3935 0.3935 0.0959 0.0959 0.3935 0.0959 0.0959 0.0959 0.3935 0.0959 0.0959 0.3935
186 001 133 169 0.3935 0.3935 0.0959 0.0959 0.3935 0.0959 0.3935 0.0959 0.3935 0.0959 0.0959 0.0959 0.0959 0.3935 0.3935 0.0959
001 133 169 038 0.0959 0.3935 0.3935 0.3935 0.3935 0.0959 0.3935 0.3935 0.0959 0.0959 0.0959 0.0959 0.3935 0.3935 0.3935 0.0959
133 169 038 015 0.0959 0.3935 0.3935 0.3935 0.0959 0.0959 0.3935 0.3935 0.0959 0.3935 0.3935 0.0959 0.0959 0.0959 0.3935 0.0959
169 038 015 240 0.3935 0.3935 0.0959 0.0959 0.0959 0.3935 0.0959 0.0959 0.3935 0.0959 0.0959 0.0959 0.3935 0.3935 0.3935 0.0959
038 015 240 152 0.3935 0.3935 0.0959 0.3935 0.3935 0.3935 0.0959 0.0959 0.3935 0.3935 0.0959 0.0959 0.3935 0.3935 0.0959 0.3935
015 240 152 214 0.3935 0.0959 0.3935 0.3935 0.0959 0.3935 0.3935 0.3935 0.0959 0.0959 0.0959 0.3935 0.3935 0.3935 0.3935 0.3935
240 152 214 250 0.3935 0.0959 0.3935 0.0959 0.3935 0.0959 0.3935 0.3935 0.0959 0.3935 0.3935 0.0959 0.0959 0.0959 0.0959 0.3935
152 214 250 110 0.3935 0.3935 0.3935 0.0959 0.3935 0.0959 0.3935 0.0959 0.0959 0.0959 0.3935 0.0959 0.3935 0.0959 0.0959 0.0959
214 250 110 009 0.0959 0.0959 0.3935 0.0959 0.3935 0.3935 0.3935 0.0959 0.0959 0.0959 0.3935 0.0959 0.3935 0.3935 0.0959 0.3935
250 110 009 032 0.0959 0.0959 0.0959 0.3935 0.0959 0.0959 0.0959 0.3935 0.3935 0.3935 0.0959 0.0959 0.0959 0.3935 0.3935 0.3935
110 009 032 275 0.3935 0.0959 0.3935 0.3935 0.0959 0.0959 0.3935 0.3935 0.0959 0.0959 0.3935 0.3935 0.3935 0.0959 0.3935 0.3935
009 032 275 104 0.3935 0.3935 0.0959 0.0959 0.3935 0.3935 0.0959 0.0959 0.0959 0.0959 0.0959 0.3935 0.0959 0.0959 0.0959 0.3935
032 275 104 146 0.0959 0.0959 0.0959 0.0959 0.0959 0.0959 0.0959 0.0959 0.0959 0.0959 0.0959 0.0959 0.3935 0.3935 0.0959 0.3935
275 104 146 208 0.0959 0.3935 0.0959 0.0959 0.3935 0.0959 0.0959 0.3935 0.0959 0.3935 0.0959 0.3935 0.0959 0.0959 0.3935 0.0959
104 146 208 310 0.0959 0.0959 0.3935 0.3935 0.0959 0.3935 0.3935 0.3935 0.0959 0.0959 0.0959 0.0959 0.0959 0.3935 0.0959 0.0959
146 208 310 290 0.0959 0.3935 0.3935 0.0959 0.3935 0.3935 0.3935 0.0959 0.0959 0.0959 0.3935 0.3935 0.3935 0.0959 0.3935 0.3935
208 310 290 265 0.3935 0.3935 0.3935 0.0959 0.3935 0.0959 0.0959 0.0959 0.3935 0.0959 0.3935 0.3935 0.0959 0.3935 0.3935 0.0959
310 290 265 179 0.0959 0.3935 0.3935 0.3935 0.0959 0.0959 0.3935 0.0959 0.0959 0.0959 0.3935 0.0959 0.0959 0.0959 0.0959 0.0959
290 265 179 246 0.3935 0.0959 0.3935 0.3935 0.0959 0.0959 0.3935 0.0959 0.3935 0.3935 0.3935 0.3935 0.3935 0.3935 0.0959 0.3935
265 179 246 072 0.3935 0.0959 0.3935 0.0959 0.0959 0.3935 0.0959 0.3935 0.3935 0.3935 0.3935 0.0959 0.0959 0.3935 0.3935 0.3935
179 246 072 147 0.0959 0.3935 0.0959 0.3935 0.0959 0.0959 0.0959 0.3935 0.0959 0.0959 0.3935 0.0959 0.3935 0.3935 0.0959 0.0959
246 072 147 281 0.3935 0.3935 0.3935 0.3935 0.0959 0.3935 0.0959 0.3935 0.3935 0.3935 0.0959 0.3935 0.3935 0.0959 0.3935 0.0959
072 147 281 268 0.0959 0.0959 0.3935 0.3935 0.0959 0.0959 0.0959 0.3935 0.0959 0.3935 0.3935 0.3935 0.3935 0.0959 0.3935 0.3935
147 281 268 238 0.3935 0.0959 0.3935 0.0959 0.3935 0.3935 0.3935 0.0959 0.3935 0.0959 0.0959 0.0959 0.3935 0.3935 0.0959 0.3935
281 268 238 140 0.3935 0.0959 0.3935 0.3935 0.0959 0.3935 0.3935 0.0959 0.3935 0.3935 0.0959 0.3935 0.0959 0.0959 0.0959 0.3935
268 238 140 197 0.0959 0.0959 0.3935 0.0959 0.3935 0.0959 0.0959 0.0959 0.0959 0.0959 0.0959 0.0959 0.0959 0.0959 0.0959 0.3935
238 140 197 334 0.3935 0.3935 0.3935 0.0959 0.3935 0.0959 0.3935 0.0959 0.3935 0.0959 0.3935 0.0959 0.0959 0.3935 0.3935 0.0959
140 197 334 267 0.3935 0.3935 0.0959 0.3935 0.3935 0.3935 0.3935 0.3935 0.0959 0.3935 0.3935 0.0959 0.0959 0.3935 0.3935 0.0959
197 334 267 007 0.0959 0.0959 0.3935 0.0959 0.0959 0.0959 0.3935 0.0959 0.3935 0.0959 0.3935 0.3935 0.0959 0.0959 0.0959 0.0959
334 267 007 047 0.0959 0.0959 0.3935 0.0959 0.3935 0.0959 0.3935 0.0959 0.0959 0.0959 0.0959 0.0959 0.3935 0.0959 0.3935 0.3935
267 007 047 131 0.3935 0.0959 0.0959 0.3935 0.0959 0.0959 0.0959 0.0959 0.3935 0.3935 0.0959 0.3935 0.0959 0.3935 0.0959 0.0959
007 047 131 349 0.3935 0.3935 0.3935 0.0959 0.0959 0.0959 0.3935 0.3935 0.3935 0.3935 0.0959 0.0959 0.3935 0.0959 0.0959 0.3935
047 131 349 031 0.0959 0.3935 0.0959 0.0959 0.0959 0.0959 0.0959 0.0959 0.0959 0.3935 0.3935 0.3935 0.3935 0.3935 0.3935 0.0959
131 349 031 096 0.3935 0.3935 0.0959 0.3935 0.0959 0.0959 0.3935 0.3935 0.0959 0.3935 0.0959 0.0959 0.3935 0.0959 0.0959 0.3935
349 031 096 321 0.0959 0.0959 0.0959 0.3935 0.3935 0.3935 0.0959 0.3935 0.0959 0.0959 0.3935 0.3935 0.3935 0.0959 0.3935 0.3935
031 096 321 325 0.3935 0.0959 0.0959 0.3935 0.0959 0.3935 0.3935 0.0959 0.3935 0.3935 0.3935 0.0959 0.0959 0.3935 0.3935 0.3935
096 321 325 090 0.0959 0.0959 0.3935 0.3935 0.0959 0.3935 0.3935 0.0959 0.0959 0.0959 0.3935 0.3935 0.3935 0.0959 0.0959 0.0959
321 325 090 068 0.3935 0.0959 0.3935 0.0959 0.0959 0.3935 0.0959 0.0959 0.0959 0.0959 0.3935 0.3935 0.3935 0.0959 0.3935 0.3935
325 090 068 212 0.0959 0.3935 0.0959 0.0959 0.0959 0.0959 0.3935 0.3935 0.0959 0.3935 0.0959 0.3935 0.3935 0.0959 0.3935 0.3935
090 068 212 119 0.0959 0.3935 0.0959 0.3935 0.3935 0.3935 0.3935 0.3935 0.3935 0.0959 0.3935 0.3935 0.3935 0.3935 0.3935 0.0959
068 212 119 005 0.3935 0.3935 0.3935 0.0959 0.0959 0.3935 0.0959 0.0959 0.0959 0.0959 0.3935 0.0959 0.0959 0.3935 0.3935 0.3935
212 119 005 088 0.3935 0.0959 0.3935 0.3935 0.0959 0.3935 0.0959 0.0959 0.0959 0.0959 0.3935 0.0959 0.0959 0.3935 0.0959 0.3935
119 005 088 098 0.3935 0.0959 0.0959 0.3935 0.3935 0.3935 0.3935 0.0959 0.3935 0.3935 0.3935 0.0959 0.0959 0.3935 0.3935 0.0959
005 088 098 237 0.0959 0.0959 0.3935 0.3935 0.0959 0.0959 0.3935 0.0959 0.3935 0.0959 0.3935 0.0959 0.0959 0.0959 0.3935 0.0959
088 098 237 065 0.0959 0.3935 0.0959 0.3935 0.3935 0.3935 0.0959 0.0959 0.3935 0.3935 0.0959 0.0959 0.0959 0.3935 0.3935 0.0959
098 237 065 277 0.0959 0.3935 0.0959 0.0959 0.0959 0.3935 0.3935 0.0959 0.0959 0.3935 0.0959 0.0959 0.0959 0.0959 0.3935 0.3935
237 065 277 050 0.0959 0.0959 0.0959 0.0959 0.3935 0.0959 0.0959 0.0959 0.3935 0.3935 0.0959 0.3935 0.0959 0.3935 0.0959 0.3935
065 277 050 106 0.0959 0.3935 0.3935 0.3935 0.3935 0.0959 0.0959 0.3935 0.3935 0.3935 0.3935 0.3935 0.3935 0.0959 0.0959 0.3935
277 050 106 092 0.0959 0.3935 0.3935 0.0959 0.0959 0.0959 0.3935 0.3935 0.0959 0.3935 0.3935 0.3935 0.3935 0.3935 0.3935 0.3935
050 106 092 132 0.0959 0.0959 0.0959 0.3935 0.3935 0.3935 0.3935 0.3935 0.3935 0.3935 0.0959 0.3935 0.3935 0.3935 0.0959 0.3935
106 092 132 076 0.3935 0.3935 0.3935 0.3935 0.0959 0.3935 0.3935 0.0959 0.0959 0.3935 0.0959 0.3935 0.3935 0.3935 0.0959 0.3935
092 132 076 008 0.3935 0.0959 0.0959 0.0959 0.0959 0.0959 0.0959 0.0959 0.0959 0.0959 0.3935 0.3935 0.3935 0.3935 0.3935 0.3935
132 076 008 027 0.0959 0.0959 0.3935 0.0959 0.3935 0.0959 0.3935 0.0959 0.3935 0.3935 0.3935 0.0959 0.0959 0.0959 0.3935 0.3935
076 008 027 159 0.0959 0.0959 0.3935 0.0959 0.0959 0.0959 0.3935 0.3935 0.3935 0.0959 0.0959 0.0959 0.0959 0.3935 0.0959 0.0959
008 027 159 025 0.3935 0.0959 0.0959 0.0959 0.0959 0.0959 0.3935 0.3935 0.0959 0.3935 0.3935 0.0959 0.3935 0.3935 0.3935 0.3935
027 159 025 350 0.0959 0.0959 0.0959 0.3935 0.3935 0.3935 0.3935 0.3935 0.3935 0.3935 0.0959 0.0959 0.3935 0.3935 0.3935 0.3935
159 025 350 039 0.3935 0.3935 0.0959 0.0959 0.3935 0.0959 0.0959 0.3935 0.3935 0.3935 0.0959 0.0959 0.0959 0.0959 0.0959 0.0959
025 350 039 187 0.3935 0.0959 0.0959 0.0959 0.0959 0.3935 0.0959 0.0959 0.3935 0.0959 0.0959 0.0959 0.3935 0.0959 0.3935 0.0959
350 039 187 341 0.3935 0.3935 0.0959 0.0959 0.3935 0.0959 0.0959 0.3935 0.0959 0.0959 0.0959 0.3935 0.0959 0.3935 0.3935 0.0959
039 187 341 221 0.0959 0.3935 0.3935 0.3935 0.0959 0.0959 0.3935 0.0959 0.0959 0.0959 0.0959 0.0959 0.3935 0.0959 0.0959 0.3935
187 341 221 216 0.0959 0.3935 0.0959 0.0959 0.3935 0.0959 0.3935 0.3935 0.0959 0.0959 0.3935 0.0959 0.3935 0.3935 0.0959 0.0959
341 221 216 295 0.0959 0.3935 0.0959 0.0959 0.0959 0.0959 0.0959 0.3935 0.0959 0.3935 0.3935 0.3935 0.0959 0.0959 0.3935 0.3935
221 216 295 040 0.0959 0.0959 0.3935 0.0959 0.0959 0.3935 0.3935 0.3935 0.0959 0.3935 0.3935 0.0959 0.3935 0.0959 0.0959 0.0959
216 295 040 127 0.3935 0.0959 0.3935 0.0959 0.0959 0.0959 0.0959 0.3935 0.3935 0.3935 0.0959 0.0959 0.3935 0.3935 0.0959 0.0959
295 040 127 093 0.3935 0.0959 0.3935 0.3935 0.3935 0.3935 0.0959 0.0959 0.0959 0.0959 0.3935 0.3935 0.0959 0.0959 0.0959 0.0959
040 127 093 037 0.0959 0.3935 0.3935 0.3935 0.0959 0.0959 0.0959 0.3935 0.0959 0.0959 0.0959 0.0959 0.0959 0.3935 0.0959 0.3935
127 093 037 228 0.0959 0.3935 0.3935 0.3935 0.0959 0.0959 0.0959 0.3935 0.0959 0.3935 0.3935 0.0959 0.3935 0.0959 0.3935 0.0959
093 037 228 103 0.3935 0.0959 0.3935 0.3935 0.3935 0.0959 0.3935 0.0959 0.0959 0.0959 0.3935 0.0959 0.3935 0.0959 0.3935 0.0959
037 228 103 137 0.0959 0.3935 0.0959 0.0959 0.3935 0.3935 0.3935 0.3935 0.0959 0.0959 0.0959 0.0959 0.0959 0.0959 0.3935 0.3935
228 103 137 222 0.3935 0.0959 0.3935 0.0959 0.3935 0.0959 0.0959 0.3935 0.0959 0.0959 0.0959 0.0959 0.0959 0.0959 0.0959 0.3935
103 137 222 161 0.3935 0.3935 0.0959 0.0959 0.0959 0.3935 0.3935 0.3935 0.3935 0.3935 0.0959 0.0959 0.3935 0.0959 0.0959 0.0959
137 222 161 035 0.0959 0.3935 0.3935 0.0959 0.3935 0.0959 0.3935 0.0959 0.3935 0.0959 0.3935 0.3935 0.0959 0.0959 0.0959 0.0959
222 161 035 069 0.3935 0.3935 0.0959 0.3935 0.3935 0.3935 0.3935 0.0959 0.0959 0.3935 0.3935 0.3935 0.0959 0.3935 0.0959 0.0959
161 035 069 089 0.3935 0.0959 0.3935 0.3935 0.0959 0.0959 0.0959 0.0959 0.3935 0.0959 0.3935 0.3935 0.3935 0.0959 0.3935 0.0959
035 069 089 283 0.0959 0.0959 0.0959 0.3935 0.0959 0.3935 0.3935 0.0959 0.3935 0.3935 0.3935 0.3935 0.0959 0.0959 0.3935 0.0959
069 089 283 165 0.0959 0.0959 0.0959 0.0959 0.3935 0.0959 0.0959 0.3935 0.0959 0.0959 0.3935 0.3935 0.0959 0.0959 0.3935 0.3935
089 283 165 263 0.0959 0.3935 0.3935 0.0959 0.3935 0.3935 0.0959 0.3935 0.3935 0.3935 0.3935 0.3935 0.3935 0.3935 0.0959 0.3935
283 165 263 243 0.0959 0.3935 0.0959 0.0959 0.0959 0.0959 0.3935 0.0959 0.3935 0.0959 0.3935 0.0959 0.0959 0.0959 0.0959 0.3935
165 263 243 311 0.0959 0.3935 0.0959 0.3935 0.0959 0.0959 0.3935 0.3935 0.0959 0.3935 0.0959 0.0959 0.3935 0.3935 0.0959 0.0959
263 243 311 102 0.3935 0.0959 0.3935 0.3935 0.3935 0.3935 0.3935 0.0959 0.0959 0.0959 0.0959 0.0959 0.0959 0.0959 0.0959 0.3935
243 311 102 116 0.0959 0.0959 0.3935 0.3935 0.3935 0.0959 0.0959 0.3935 0.3935 0.3935 0.3935 0.0959 0.0959 0.0959 0.3935 0.0959
311 102 116 105 0.0959 0.3935 0.0959 0.0959 0.0959 0.0959 0.0959 0.3935 0.3935 0.3935 0.0959 0.0959 0.0959 0.3935 0.0959 0.0959
102 116 105 094 0.3935 0.3935 0.3935 0.3935 0.3935 0.3935 0.0959 0.3935 0.0959 0.0959 0.3935 0.0959 0.0959 0.3935 0.0959 0.0959
116 105 094 086 0.3935 0.0959 0.3935 0.0959 0.0959 0.0959 0.3935 0.0959 0.3935 0.0959 0.0959 0.0959 0.0959 0.0959 0.0959 0.0959
105 094 086 345 0.0959 0.0959 0.3935 0.3935 0.3935 0.0959 0.3935 0.3935 0.3935 0.0959 0.0959 0.0959 0.3935 0.3935 0.3935 0.0959
094 086 345 012 0.3935 0.0959 0.0959 0.0959 0.0959 0.0959 0.0959 0.0959 0.0959 0.0959 0.3935 0.3935 0.0959 0.0959 0.0959 0.3935
086 345 012 056 0.0959 0.0959 0.0959 0.0959 0.3935 0.3935 0.3935 0.0959 0.0959 0.3935 0.0959 0.0959 0.3935 0.3935 0.0959 0.0959
345 012 056 030 0.3935 0.3935 0.0959 0.0959 0.0959 0.3935 0.0959 0.3935 0.3935 0.3935 0.3935 0.3935 0.3935 0.0959 0.0959 0.0959
012 056 030 168 0.0959 0.3935 0.0959 0.0959 0.3935 0.0959 0.3935 0.3935 0.0959 0.3935 0.3935 0.0959 0.0959 0.0959 0.0959 0.0959
056 030 168 352 0.0959 0.0959 0.0959 0.3935 0.0959 0.3935 0.0959 0.3935 0.3935 0.0959 0.3935 0.3935 0.3935 0.3935 0.0959 0.3935
030 168 352 292 0.3935 0.0959 0.3935 0.3935 0.0959 0.0959 0.3935 0.3935 0.3935 0.0959 0.3935 0.0959 0.3935 0.3935 0.0959 0.3935
168 352 292 135 0.3935 0.3935 0.3935 0.3935 0.3935 0.3935 0.0959 0.3935 0.3935 0.0959 0.0959 0.3935 0.0959 0.3935 0.0959 0.0959
352 292 135 347 0.3935 0.0959 0.3935 0.0959 0.0959 0.3935 0.3935 0.3935 0.0959 0.0959 0.3935 0.0959 0.0959 0.3935 0.3935 0.0959
292 135 347 107 0.3935 0.3935 0.3935 0.0959 0.3935 0.0959 0.0959 0.0959 0.0959 0.3935 0.0959 0.0959 0.3935 0.3935 0.3935 0.3935
135 347 107 286 0.0959 0.0959 0.3935 0.3935 0.0959 0.0959 0.3935 0.3935 0.0959 0.3935 0.3935 0.3935 0.0959 0.0959 0.0959 0.0959
347 107 286 340 0.3935 0.3935 0.0959 0.3935 0.3935 0.0959 0.3935 0.3935 0.3935 0.3935 0.0959 0.3935 0.0959 0.3935 0.0959 0.3935
107 286 340 279 0.3935 0.0959 0.0959 0.3935 0.0959 0.3935 0.3935 0.0959 0.0959 0.3935 0.3935 0.3935 0.0959 0.0959 0.0959 0.0959
286 340 279 332 0.3935 0.3935 0.3935 0.0959 0.3935 0.0959 0.3935 0.0959 0.3935 0.0959 0.3935 0.3935 0.3935 0.0959 0.3935 0.0959
340 279 332 080 0.3935 0.3935 0.3935 0.3935 0.0959 0.3935 0.0959 0.3935 0.3935 0.0959 0.3935 0.0959 0.3935 0.0959 0.0959 0.0959
279 332 080 034 0.3935 0.0959 0.3935 0.0959 0.3935 0.3935 0.0959 0.0959 0.0959 0.3935 0.3935 0.0959 0.0959 0.3935 0.0959 0.3935
332 080 034 312 0.3935 0.0959 0.3935 0.0959 0.3935 0.0959 0.3935 0.0959 0.3935 0.0959 0.3935 0.0959 0.0959 0.3935 0.0959 0.0959
080 034 312 178 0.3935 0.0959 0.0959 0.0959 0.0959 0.3935 0.0959 0.3935 0.3935 0.3935 0.0959 0.0959 0.3935 0.0959 0.0959 0.3935
034 312 178 239 0.0959 0.0959 0.3935 0.0959 0.3935 0.0959 0.0959 0.0959 0.0959 0.3935 0.0959 0.0959 0.0959 0.0959 0.3935 0.0959
312 178 239 218 0.0959 0.0959 0.3935 0.3935 0.3935 0.0959 0.3935 0.3935 0.3935 0.0959 0.3935 0.0959 0.0959 0.0959 0.0959 0.0959
178 239 218 163 0.0959 0.0959 0.0959 0.3935 0.0959 0.0959 0.3935 0.3935 0.3935 0.3935 0.0959 0.0959 0.3935 0.3935 0.0959 0.0959
239 218 163 271 0.3935 0.0959 0.3935 0.3935 0.0959 0.3935 0.3935 0.3935 0.3935 0.0959 0.3935 0.3935 0.0959 0.0959 0.0959 0.0959
218 163 271 199 0.0959 0.3935 0.3935 0.3935 0.3935 0.0959 0.0959 0.3935 0.0959 0.0959 0.0959 0.0959 0.0959 0.0959 0.3935 0.0959
163 271 199 264 0.0959 0.0959 0.3935 0.0959 0.3935 0.3935 0.0959 0.3935 0.3935 0.3935 0.3935 0.0959 0.0959 0.0959 0.3935 0.0959
271 199 264 113 0.3935 0.3935 0.3935 0.3935 0.3935 0.3935 0.0959 0.3935 0.0959 0.0959 0.3935 0.0959 0.3935 0.3935 0.3935 0.0959
199 264 113 307 0.0959 0.0959 0.0959 0.0959 0.3935 0.0959 0.3935 0.3935 0.0959 0.0959 0.0959 0.3935 0.3935 0.3935 0.0959 0.3935
264 113 307 059 0.3935 0.3935 0.0959 0.3935 0.0959 0.0959 0.3935 0.3935 0.3935 0.3935 0.3935 0.0959 0.3935 0.0959 0.3935 0.0959
113 307 059 280 0.0959 0.0959 0.0959 0.3935 0.0959 0.3935 0.3935 0.0959 0.0959 0.3935 0.3935 0.3935 0.0959 0.3935 0.0959 0.0959
307 059 280 287 0.0959 0.0959 0.3935 0.3935 0.3935 0.0959 0.0959 0.0959 0.0959 0.3935 0.3935 0.0959 0.0959 0.3935 0.0959 0.0959
059 280 287 355 0.0959 0.0959 0.3935 0.0959 0.0959 0.0959 0.0959 0.0959 0.3935 0.3935 0.0959 0.3935 0.3935 0.3935 0.3935 0.3935
280 287 355 176 0.0959 0.0959 0.0959 0.3935 0.3935 0.3935 0.0959 0.0959 0.3935 0.0959 0.0959 0.0959 0.3935 0.3935 0.3935 0.3935
287 355 176 348 0.3935 0.0959 0.3935 0.3935 0.0959 0.3935 0.0959 0.3935 0.3935 0.3935 0.3935 0.3935 0.3935 0.0959 0.0959 0.3935
355 176 348 121 0.0959 0.0959 0.3935 0.0959 0.0959 0.3935 0.0959 0.0959 0.3935 0.3935 0.0959 0.3935 0.0959 0.0959 0.3935 0.3935
176 348 121 248 0.0959 0.3935 0.3935 0.0959 0.3935 0.0959 0.3935 0.0959 0.3935 0.3935 0.3935 0.0959 0.3935 0.0959 0.0959 0.0959
348 121 248 198 0.3935 0.3935 0.0959 0.0959 0.3935 0.3935 0.0959 0.3935 0.3935 0.0959 0.0959 0.3935 0.0959 0.3935 0.0959 0.3935
121 248 198 122 0.3935 0.3935 0.3935 0.3935 0.0959 0.0959 0.0959 0.3935 0.0959 0.3935 0.0959 0.3935 0.0959 0.0959 0.0959 0.0959
248 198 122 049 0.0959 0.3935 0.0959 0.0959 0.3935 0.0959 0.3935 0.3935 0.0959 0.0959 0.3935 0.0959 0.0959 0.0959 0.0959 0.0959
198 122 049 112 0.0959 0.3935 0.3935 0.0959 0.0959 0.0959 0.3935 0.0959 0.0959 0.0959 0.0959 0.3935 0.0959 0.3935 0.0959 0.3935
122 049 112 011 0.3935 0.3935 0.3935 0.0959 0.0959 0.0959 0.0959 0.3935 0.3935 0.3935 0.0959 0.3935 0.0959 0.3935 0.0959 0.3935
049 112 011 257 0.0959 0.0959 0.0959 0.0959 0.0959 0.3935 0.3935 0.3935 0.0959 0.3935 0.3935 0.0959 0.3935 0.3935 0.3935 0.3935
112 011 257 200 0.3935 0.3935 0.3935 0.0959 0.3935 0.3935 0.3935 0.3935 0.0959 0.0959 0.0959 0.0959 0.3935 0.3935 0.3935 0.3935
011 257 200 134 0.3935 0.3935 0.3935 0.3935 0.3935 0.3935 0.0959 0.0959 0.0959 0.3935 0.3935 0.0959 0.0959 0.3935 0.0959 0.3935
257 200 134 064 0.0959 0.0959 0.3935 0.3935 0.3935 0.3935 0.3935 0.0959 0.0959 0.3935 0.3935 0.3935 0.3935 0.3935 0.3935 0.0959
200 134 064 170 0.0959 0.0959 0.0959 0.0959 0.3935 0.0959 0.3935 0.0959 0.3935 0.0959 0.3935 0.0959 0.3935 0.0959 0.3935 0.0959
134 064 170 319 0.3935 0.3935 0.3935 0.0959 0.0959 0.3935 0.3935 0.3935 0.3935 0.0959 0.0959 0.0959 0.0959 0.0959 0.0959 0.0959
064 170 319 020 0.0959 0.3935 0.0959 0.0959 0.0959 0.0959 0.0959 0.3935 0.3935 0.3935 0.3935 0.3935 0.3935 0.0959 0.3935 0.0959
170 319 020 124 0.3935 0.3935 0.3935 0.0959 0.3935 0.3935 0.0959 0.0959 0.0959 0.3935 0.0959 0.3935 0.3935 0.0959 0.3935 0.0959
319 020 124 215 0.0959 0.0959 0.3935 0.0959 0.0959 0.0959 0.0959 0.0959 0.3935 0.0959 0.0959 0.0959 0.0959 0.0959 0.3935 0.0959
020 124 215 060 0.3935 0.3935 0.3935 0.0959 0.0959 0.0959 0.0959 0.0959 0.0959 0.3935 0.3935 0.3935 0.3935 0.3935 0.3935 0.3935
124 215 060 184 0.3935 0.3935 0.0959 0.0959 0.0959 0.0959 0.0959 0.3935 0.0959 0.0959 0.3935 0.3935 0.0959 0.0959 0.3935 0.0959
215 060 184 289 0.0959 0.0959 0.0959 0.3935 0.0959 0.0959 0.0959 0.3935 0.0959 0.3935 0.3935 0.3935 0.0959 0.3935 0.3935 0.0959
060 184 289 219 0.0959 0.3935 0.0959 0.0959 0.0959 0.0959 0.0959 0.0959 0.0959 0.3935 0.3935 0.3935 0.0959 0.0959 0.0959 0.0959
184 289 219 051 0.0959 0.3935 0.3935 0.3935 0.3935 0.0959 0.0959 0.0959 0.0959 0.3935 0.0959 0.0959 0.0959 0.0959 0.0959 0.0959
289 219 051 278 0.0959 0.0959 0.0959 0.0959 0.0959 0.3935 0.0959 0.0959 0.3935 0.3935 0.3935 0.3935 0.0959 0.0959 0.3935 0.0959
219 051 278 354 0.0959 0.3935 0.0959 0.3935 0.3935 0.0959 0.3935 0.3935 0.3935 0.0959 0.0959 0.3935 0.0959 0.0959 0.0959 0.3935
051 278 354 304 0.0959 0.3935 0.0959 0.0959 0.3935 0.3935 0.0959 0.0959 0.3935 0.3935 0.0959 0.3935 0.3935 0.0959 0.3935 0.0959
278 354 304 139 0.3935 0.0959 0.3935 0.3935 0.0959 0.0959 0.3935 0.3935 0.3935 0.3935 0.3935 0.3935 0.0959 0.3935 0.3935 0.0959
354 304 139 097 0.3935 0.0959 0.3935 0.0959 0.0959 0.0959 0.3935 0.0959 0.0959 0.0959 0.0959 0.3935 0.0959 0.3935 0.0959 0.3935
304 139 097 313 0.0959 0.3935 0.3935 0.3935 0.3935 0.0959 0.3935 0.3935 0.3935 0.0959 0.3935 0.3935 0.3935 0.3935 0.0959 0.3935
139 097 313 190 0.0959 0.3935 0.3935 0.3935 0.0959 0.3935 0.3935 0.3935 0.3935 0.0959 0.3935 0.0959 0.3935 0.3935 0.3935 0.0959
097 313 190 320 0.0959 0.0959 0.0959 0.3935 0.0959 0.0959 0.0959 0.0959 0.3935 0.0959 0.3935 0.0959 0.0959 0.3935 0.3935 0.3935
313 190 320 044 0.3935 0.0959 0.0959 0.0959 0.3935 0.0959 0.3935 0.0959 0.3935 0.3935 0.3935 0.3935 0.0959 0.3935 0.0959 0.0959
190 320 044 326 0.3935 0.3935 0.3935 0.3935 0.3935 0.0959 0.0959 0.3935 0.0959 0.0959 0.0959 0.3935 0.0959 0.3935 0.3935 0.3935
320 044 326 343 0.3935 0.3935 0.0959 0.3935 0.0959 0.0959 0.3935 0.0959 0.0959 0.3935 0.3935 0.3935 0.3935 0.3935 0.0959 0.0959
044 326 343 061 0.0959 0.3935 0.3935 0.0959 0.0959 0.0959 0.3935 0.0959 0.3935 0.3935 0.0959 0.3935 0.3935 0.0959 0.0959 0.3935
326 343 061 342 0.0959 0.3935 0.3935 0.3935 0.3935 0.3935 0.3935 0.3935 0.3935 0.3935 0.3935 0.0959 0.3935 0.3935 0.0959 0.0959
343 061 342 245 0.3935 0.0959 0.3935 0.0959 0.3935 0.0959 0.0959 0.0959 0.3935 0.0959 0.0959 0.3935 0.3935 0.3935 0.0959 0.3935
061 342 245 082 0.3935 0.0959 0.0959 0.3935 0.0959 0.0959 0.0959 0.0959 0.3935 0.0959 0.0959 0.0959 0.0959 0.3935 0.0959 0.3935
342 245 082 205 0.3935 0.3935 0.3935 0.0959 0.0959 0.0959 0.3935 0.0959 0.3935 0.3935 0.3935 0.3935 0.0959 0.0959 0.3935 0.3935
245 082 205 202 0.3935 0.0959 0.0959 0.0959 0.0959 0.3935 0.3935 0.3935 0.0959 0.3935 0.3935 0.0959 0.3935 0.3935 0.0959 0.3935
082 205 202 338 0.3935 0.3935 0.0959 0.3935 0.0959 0.3935 0.3935 0.3935 0.3935 0.0959 0.3935 0.3935 0.3935 0.0959 0.0959 0.0959
205 202 338 333 0.0959 0.3935 0.3935 0.3935 0.0959 0.0959 0.3935 0.0959 0.3935 0.0959 0.0959 0.0959 0.3935 0.0959 0.3935 0.3935
202 338 333 336 0.3935 0.3935 0.0959 0.3935 0.0959 0.0959 0.0959 0.3935 0.0959 0.3935 0.0959 0.0959 0.3935 0.0959 0.0959 0.3935
338 333 336 013 0.0959 0.3935 0.0959 0.0959 0.0959 0.3935 0.0959 0.3935 0.0959 0.0959 0.0959 0.3935 0.3935 0.0959 0.3935 0.3935
333 336 013 210 0.0959 0.0959 0.0959 0.0959 0.0959 0.0959 0.3935 0.0959 0.0959 0.0959 0.0959 0.3935 0.3935 0.3935 0.3935 0.0959
336 013 210 300 0.0959 0.0959 0.3935 0.0959 0.3935 0.3935 0.0959 0.3935 0.0959 0.3935 0.3935 0.3935 0.3935 0.3935 0.3935 0.0959
013 210 300 317 0.0959 0.3935 0.3935 0.0959 0.3935 0.0959 0.0959 0.3935 0.0959 0.0959 0.3935 0.0959 0.0959 0.0959 0.0959 0.0959
210 300 317 000 0.3935 0.3935 0.3935 0.0959 0.3935 0.0959 0.3935 0.0959 0.0959 0.3935 0.3935 0.3935 0.0959 0.3935 0.0959 0.0959
300 317 000 242 0.3935 0.3935 0.3935 0.0959 0.0959 0.3935 0.0959 0.3935 0.0959 0.3935 0.3935 0.0959 0.3935 0.0959 0.0959 0.0959
317 000 242 091 0.3935 0.0959 0.3935 0.0959 0.3935 0.0959 0.3935 0.0959 0.3935 0.0959 0.3935 0.3935 0.0959 0.0959 0.3935 0.3935
000 242 091 145 0.0959 0.3935 0.0959 0.3935 0.3935 0.3935 0.3935 0.3935 0.3935 0.0959 0.3935 0.3935 0.0959 0.3935 0.3935 0.3935
242 091 145 004 0.3935 0.3935 0.3935 0.3935 0.3935 0.3935 0.0959 0.0959 0.0959 0.3935 0.3935 0.0959 0.3935 0.3935 0.0959 0.3935
091 145 004 211 0.3935 0.0959 0.3935 0.0959 0.0959 0.0959 0.0959 0.3935 0.3935 0.0959 0.3935 0.0959 0.3935 0.0959 0.0959 0.0959
145 004 211 055 0.3935 0.0959 0.3935 0.3935 0.3935 0.3935 0.0959 0.3935 0.0959 0.0959 0.0959 0.0959 0.3935 0.3935 0.3935 0.3935
004 211 055 296 0.0959 0.0959 0.0959 0.0959 0.0959 0.0959 0.0959 0.3935 0.3935 0.0959 0.3935 0.0959 0.0959 0.0959 0.0959 0.0959
211 055 296 126 0.3935 0.0959 0.0959 0.3935 0.0959 0.3935 0.3935 0.3935 0.0959 0.3935 0.0959 0.3935 0.0959 0.3935 0.3935 0.0959
055 296 126 299 0.3935 0.3935 0.0959 0.0959 0.3935 0.0959 0.0959 0.3935 0.3935 0.0959 0.0959 0.0959 0.3935 0.0959 0.3935 0.0959
296 126 299 002 0.0959 0.0959 0.0959 0.0959 0.0959 0.0959 0.0959 0.0959 0.0959 0.0959 0.3935 0.3935 0.0959 0.0959 0.0959 0.0959
126 299 002 305 0.0959 0.0959 0.3935 0.0959 0.0959 0.3935 0.3935 0.3935 0.0959 0.3935 0.3935 0.3935 0.0959 0.0959 0.0959 0.0959
299 002 305 160 0.0959 0.0959 0.0959 0.3935 0.3935 0.0959 0.0959 0.3935 0.0959 0.0959 0.0959 0.0959 0.3935 0.0959 0.3935 0.3935
002 305 160 083 0.3935 0.0959 0.3935 0.0959 0.3935 0.0959 0.3935 0.0959 0.3935 0.0959 0.0959 0.0959 0.3935 0.0959 0.3935 0.0959
305 160 083 251 0.0959 0.0959 0.3935 0.0959 0.3935 0.0959 0.0959 0.0959 0.0959 0.3935 0.0959 0.0959 0.0959 0.3935 0.3935 0.0959
160 083 251 224 0.0959 0.3935 0.0959 0.0959 0.3935 0.3935 0.3935 0.0959 0.0959 0.3935 0.3935 0.0959 0.3935 0.3935 0.3935 0.3935
083 251 224 309 0.3935 0.3935 0.3935 0.3935 0.0959 0.3935 0.3935 0.3935 0.0959 0.3935 0.0959 0.3935 0.0959 0.0959 0.3935 0.3935
251 224 309 075 0.3935 0.3935 0.3935 0.3935 0.3935 0.3935 0.0959 0.0959 0.0959 0.0959 0.3935 0.3935 0.3935 0.3935 0.3935 0.3935
224 309 075 195 0.0959 0.3935 0.0959 0.0959 0.0959 0.3935 0.0959 0.3935 0.3935 0.0959 0.3935 0.0959 0.3935 0.3935 0.3935 0.0959
309 075 195 018 0.0959 0.3935 0.0959 0.3935 0.3935 0.3935 0.3935 0.3935 0.3935 0.0959 0.3935 0.3935 0.3935 0.0959 0.3935 0.3935
075 195 018 066 0.3935 0.0959 0.3935 0.0959 0.0959 0.3935 0.0959 0.0959 0.3935 0.3935 0.0959 0.0959 0.0959 0.0959 0.3935 0.3935
195 018 066 070 0.3935 0.0959 0.3935 0.3935 0.0959 0.0959 0.3935 0.3935 0.0959 0.0959 0.3935 0.3935 0.0959 0.3935 0.3935 0.0959
018 066 070 063 0.3935 0.3935 0.0959 0.0959 0.3935 0.0959 0.0959 0.3935 0.3935 0.0959 0.3935 0.3935 0.0959 0.3935 0.0959 0.3935
066 070 063 324 0.0959 0.0959 0.3935 0.0959 0.3935 0.0959 0.3935 0.0959 0.0959 0.0959 0.3935 0.0959 0.0959 0.0959 0.3935 0.0959
070 063 324 045 0.0959 0.3935 0.3935 0.3935 0.0959 0.0959 0.0959 0.0959 0.3935 0.3935 0.3935 0.3935 0.0959 0.0959 0.3935 0.3935
063 324 045 016 0.0959 0.0959 0.0959 0.0959 0.0959 0.0959 0.0959 0.3935 0.0959 0.3935 0.0959 0.3935 0.0959 0.3935 0.3935 0.3935
324 045 016 294 0.3935 0.0959 0.0959 0.3935 0.0959 0.3935 0.3935 0.3935 0.3935 0.0959 0.0959 0.3935 0.0959 0.3935 0.0959 0.3935
045 016 294 230 0.3935 0.3935 0.3935 0.0959 0.0959 0.0959 0.0959 0.0959 0.0959 0.3935 0.3935 0.3935 0.0959 0.3935 0.3935 0.3935
016 294 230 217 0.0959 0.0959 0.3935 0.0959 0.3935 0.0959 0.0959 0.0959 0.0959 0.3935 0.3935 0.3935 0.3935 0.3935 0.3935 0.3935
294 230 217 023 0.3935 0.0959 0.0959 0.0959 0.3935 0.3935 0.3935 0.3935 0.0959 0.3935 0.3935 0.3935 0.0959 0.3935 0.3935 0.3935
230 217 023 231 0.0959 0.3935 0.0959 0.3935 0.0959 0.3935 0.0959 0.0959 0.0959 0.3935 0.3935 0.3935 0.0959 0.3935 0.3935 0.3935
217 023 231 109 0.3935 0.0959 0.3935 0.3935 0.3935 0.3935 0.0959 0.0959 0.3935 0.0959 0.3935 0.3935 0.3935 0.0959 0.0959 0.3935
023 231 109 046 0.3935 0.3935 0.0959 0.3935 0.3935 0.3935 0.3935 0.3935 0.3935 0.0959 0.0959 0.0959 0.0959 0.0959 0.0959 0.0959
231 109 046 153 0.3935 0.3935 0.3935 0.0959 0.3935 0.0959 0.0959 0.0959 0.0959 0.0959 0.3935 0.0959 0.0959 0.3935 0.0959 0.0959
109 046 153 346 0.0959 0.0959 0.0959 0.3935 0.0959 0.3935 0.3935 0.3935 0.0959 0.3935 0.0959 0.0959 0.3935 0.0959 0.3935 0.0959
046 153 346 318 0.3935 0.3935 0.0959 0.3935 0.3935 0.0959 0.0959 0.0959 0.0959 0.3935 0.0959 0.0959 0.0959 0.3935 0.3935 0.3935
153 346 318 337 0.0959 0.0959 0.0959 0.3935 0.0959 0.3935 0.3935 0.3935 0.0959 0.0959 0.0959 0.0959 0.0959 0.3935 0.0959 0.0959
346 318 337 174 0.3935 0.0959 0.3935 0.3935 0.3935 0.0959 0.3935 0.0959 0.3935 0.0959 0.0959 0.0959 0.0959 0.3935 0.0959 0.3935
318 337 174 315 0.3935 0.3935 0.0959 0.0959 0.3935 0.0959 0.0959 0.3935 0.0959 0.0959 0.3935 0.3935 0.0959 0.0959 0.0959 0.3935
337 174 315 301 0.0959 0.0959 0.3935 0.0959 0.3935 0.0959 0.0959 0.0959 0.3935 0.0959 0.0959 0.0959 0.0959 0.0959 0.3935 0.3935
174 315 301 048 0.0959 0.3935 0.0959 0.3935 0.3935 0.3935 0.0959 0.3935 0.0959 0.3935 0.3935 0.3935 0.3935 0.3935 0.0959 0.0959
315 301 048 253 0.0959 0.0959 0.3935 0.0959 0.3935 0.3935 0.3935 0.0959 0.3935 0.0959 0.3935 0.0959 0.0959 0.0959 0.3935 0.3935
301 048 253 194 0.3935 0.0959 0.3935 0.3935 0.3935 0.0959 0.3935 0.0959 0.3935 0.3935 0.0959 0.3935 0.0959 0.3935 0.3935 0.0959
048 253 194 150 0.0959 0.3935 0.0959 0.0959 0.0959 0.0959 0.0959 0.3935 0.0959 0.3935 0.0959 0.3935 0.3935 0.3935 0.0959 0.3935
253 194 150 272 0.3935 0.0959 0.0959 0.3935 0.0959 0.3935 0.3935 0.3935 0.3935 0.0959 0.0959 0.3935 0.3935 0.3935 0.0959 0.0959
194 150 272 335 0.3935 0.0959 0.3935 0.3935 0.3935 0.3935 0.0959 0.0959 0.0959 0.0959 0.0959 0.0959 0.0959 0.3935 0.0959 0.0959
150 272 335 270 0.3935 0.0959 0.3935 0.3935 0.0959 0.0959 0.0959 0.0959 0.0959 0.0959 0.0959 0.3935 0.0959 0.3935 0.3935 0.0959
272 335 270 249 0.0959 0.3935 0.3935 0.0959 0.0959 0.0959 0.0959 0.3935 0.3935 0.0959 0.0959 0.0959 0.3935 0.3935 0.0959 0.3935
335 270 249 303 0.0959 0.3935 0.0959 0.0959 0.0959 0.0959 0.0959 0.3935 0.0959 0.3935 0.0959 0.3935 0.3935 0.0959 0.0959 0.3935
270 249 303 154 0.3935 0.0959 0.0959 0.0959 0.3935 0.3935 0.3935 0.0959 0.3935 0.3935 0.3935 0.0959 0.3935 0.0959 0.3935 0.0959
249 303 154 136 0.0959 0.3935 0.0959 0.0959 0.0959 0.0959 0.0959 0.0959 0.3935 0.3935 0.0959 0.0959 0.3935 0.0959 0.3935 0.3935
303 154 136 073 0.0959 0.3935 0.3935 0.3935 0.0959 0.0959 0.3935 0.3935 0.0959 0.3935 0.3935 0.3935 0.3935 0.0959 0.3935 0.0959
154 136 073 261 0.0959 0.3935 0.0959 0.3935 0.3935 0.0959 0.0959 0.0959 0.3935 0.3935 0.3935 0.3935 0.0959 0.0959 0.3935 0.3935
136 073 261 236 0.0959 0.0959 0.3935 0.3935 0.3935 0.0959 0.0959 0.3935 0.0959 0.0959 0.3935 0.3935 0.3935 0.3935 0.3935 0.0959
073 261 236 158 0.0959 0.0959 0.3935 0.0959 0.0959 0.0959 0.3935 0.3935 0.0959 0.3935 0.0959 0.0959 0.3935 0.3935 0.0959 0.0959
261 236 158 099 0.3935 0.3935 0.3935 0.0959 0.0959 0.3935 0.3935 0.0959 0.0959 0.0959 0.0959 0.0959 0.0959 0.0959 0.3935 0.3935
236 158 099 181 0.0959 0.0959 0.0959 0.3935 0.0959 0.0959 0.0959 0.3935 0.0959 0.3935 0.0959 0.0959 0.3935 0.0959 0.3935 0.3935
158 099 181 314 0.3935 0.3935 0.0959 0.0959 0.0959 0.0959 0.3935 0.3935 0.3935 0.3935 0.0959 0.0959 0.3935 0.0959 0.3935 0.0959
099 181 314 172 0.3935 0.3935 0.0959 0.0959 0.0959 0.3935 0.0959 0.3935 0.0959 0.3935 0.3935 0.3935 0.3935 0.3935 0.0959 0.0959
181 314 172 129 0.3935 0.3935 0.3935 0.3935 0.0959 0.0959 0.3935 0.3935 0.3935 0.3935 0.0959 0.3935 0.3935 0.3935 0.3935 0.3935
314 172 129 258 0.0959 0.3935 0.0959 0.3935 0.0959 0.3935 0.3935 0.3935 0.3935 0.0959 0.0959 0.3935 0.3935 0.3935 0.0959 0.0959
172 129 258 209 0.0959 0.0959 0.3935 0.0959 0.0959 0.0959 0.3935 0.3935 0.0959 0.0959 0.0959 0.0959 0.0959 0.3935 0.3935 0.0959
129 258 209 114 0.3935 0.3935 0.3935 0.0959 0.3935 0.0959 0.3935 0.0959 0.0959 0.0959 0.3935 0.3935 0.3935 0.3935 0.0959 0.0959
258 209 114 330 0.0959 0.3935 0.0959 0.0959 0.3935 0.0959 0.3935 0.0959 0.0959 0.3935 0.0959 0.0959 0.0959 0.0959 0.0959 0.0959
209 114 330 259 0.3935 0.3935 0.3935 0.0959 0.3935 0.3935 0.0959 0.3935 0.0959 0.3935 0.3935 0.0959 0.0959 0.0959 0.0959 0.0959
114 330 259 241 0.3935 0.0959 0.3935 0.3935 0.3935 0.3935 0.0959 0.3935 0.3935 0.0959 0.3935 0.0959 0.0959 0.3935 0.3935 0.0959
330 259 241 115 0.3935 0.3935 0.3935 0.3935 0.0959 0.0959 0.0959 0.3935 0.0959 0.0959 0.0959 0.0959 0.3935 0.3935 0.3935 0.3935
259 241 115 223 0.0959 0.0959 0.3935 0.0959 0.3935 0.0959 0.0959 0.0959 0.3935 0.0959 0.0959 0.0959 0.0959 0.0959 0.3935 0.3935
241 115 223 173 0.3935 0.3935 0.3935 0.0959 0.0959 0.0959 0.3935 0.3935 0.3935 0.0959 0.3935 0.0959 0.0959 0.3935 0.3935 0.0959
115 223 173 266 0.0959 0.0959 0.3935 0.3935 0.3935 0.3935 0.3935 0.0959 0.0959 0.3935 0.0959 0.3935 0.0959 0.0959 0.0959 0.3935
223 173 266 229 0.3935 0.3935 0.3935 0.0959 0.3935 0.3935 0.0959 0.3935 0.0959 0.0959 0.0959 0.0959 0.3935 0.0959 0.3935 0.0959
173 266 229 101 0.3935 0.0959 0.3935 0.3935 0.3935 0.0959 0.3935 0.0959 0.0959 0.0959 0.0959 0.3935 0.0959 0.0959 0.3935 0.3935
266 229 101 118 0.0959 0.3935 0.0959 0.3935 0.0959 0.0959 0.0959 0.3935 0.3935 0.0959 0.0959 0.0959 0.3935 0.0959 0.3935 0.0959
229 101 118 254 0.3935 0.0959 0.0959 0.0959 0.0959 0.0959 0.0959 0.3935 0.0959 0.0959 0.0959 0.3935 0.0959 0.0959 0.3935 0.3935
101 118 254 293 0.0959 0.0959 0.0959 0.3935 0.3935 0.0959 0.0959 0.0959 0.3935 0.0959 0.3935 0.3935 0.3935 0.0959 0.0959 0.0959
118 254 293 185 0.3935 0.3935 0.3935 0.3935 0.3935 0.3935 0.0959 0.3935 0.3935 0.3935 0.3935 0.0959 0.0959 0.0959 0.3935 0.3935
254 293 185 308 0.0959 0.3935 0.0959 0.0959 0.0959 0.0959 0.0959 0.0959 0.3935 0.3935 0.3935 0.0959 0.0959 0.3935 0.3935 0.3935
293 185 308 123 0.3935 0.3935 0.0959 0.0959 0.3935 0.3935 0.3935 0.0959 0.0959 0.0959 0.3935 0.3935 0.0959 0.0959 0.3935 0.0959
185 308 123 148 0.0959 0.0959 0.3935 0.3935 0.0959 0.3935 0.0959 0.3935 0.0959 0.0959 0.3935 0.3935 0.0959 0.3935 0.3935 0.3935
308 123 148 149 0.3935 0.3935 0.0959 0.0959 0.3935 0.3935 0.0959 0.3935 0.3935 0.3935 0.0959 0.0959 0.3935 0.0959 0.3935 0.3935
123 148 149 220 0.0959 0.0959 0.0959 0.0959 0.3935 0.0959 0.0959 0.3935 0.3935 0.0959 0.3935 0.3935 0.3935 0.0959 0.0959 0.3935
148 149 220 117 0.3935 0.3935 0.0959 0.3935 0.3935 0.0959 0.3935 0.0959 0.3935 0.0959 0.0959 0.3935 0.0959 0.0959 0.3935 0.3935
149 220 117 323 0.0959 0.3935 0.0959 0.3935 0.0959 0.0959 0.3935 0.3935 0.0959 0.3935 0.3935 0.0959 0.0959 0.0959 0.0959 0.0959
220 117 323 058 0.0959 0.0959 0.3935 0.0959 0.0959 0.0959 0.0959 0.3935 0.3935 0.3935 0.3935 0.0959 0.0959 0.3935 0.3935 0.0959
117 323 058 244 0.0959 0.0959 0.3935 0.0959 0.3935 0.0959 0.0959 0.3935 0.0959 0.3935 0.0959 0.0959 0.0959 0.0959 0.3935 0.0959
323 058 244 164 0.0959 0.3935 0.3935 0.3935 0.0959 0.3935 0.3935 0.0959 0.0959 0.3935 0.0959 0.0959 0.3935 0.0959 0.3935 0.3935
058 244 164 067 0.0959 0.3935 0.3935 0.0959 0.0959 0.3935 0.0959 0.0959 0.0959 0.3935 0.3935 0.0959 0.0959 0.3935 0.0959 0.0959
244 164 067 177 0.0959 0.0959 0.0959 0.3935 0.3935 0.3935 0.0959 0.3935 0.3935 0.0959 0.3935 0.3935 0.3935 0.0959 0.3935 0.3935
164 067 177 252 0.0959 0.3935 0.3935 0.3935 0.0959 0.0959 0.0959 0.3935 0.3935 0.0959 0.0959 0.3935 0.0959 0.3935 0.3935 0.3935
067 177 252 232 0.3935 0.3935 0.3935 0.3935 0.3935 0.3935 0.0959 0.3935 0.0959 0.3935 0.3935 0.3935 0.0959 0.3935 0.3935 0.3935
177 252 232 081 0.0959 0.0959 0.0959 0.3935 0.0959 0.0959 0.0959 0.3935 0.0959 0.3935 0.3935 0.3935 0.0959 0.0959 0.3935 0.0959
252 232 081 026 0.0959 0.0959 0.3935 0.0959 0.3935 0.3935 0.3935 0.3935 0.0959 0.3935 0.0959 0.3935 0.0959 0.0959 0.0959 0.0959
232 081 026 329 0.0959 0.3935 0.3935 0.0959 0.0959 0.3935 0.3935 0.0959 0.3935 0.3935 0.3935 0.0959 0.0959 0.3935 0.0959 0.3935
081 026 329 189 0.3935 0.0959 0.0959 0.3935 0.3935 0.0959 0.3935 0.3935 0.0959 0.0959 0.3935 0.0959 0.3935 0.3935 0.0959 0.3935
026 329 189 339 0.0959 0.3935 0.3935 0.3935 0.3935 0.0959 0.0959 0.0959 0.3935 0.3935 0.0959 0.0959 0.3935 0.0959 0.3935 0.3935
329 189 339 108 0.0959 0.0959 0.3935 0.3935 0.0959 0.0959 0.0959 0.3935 0.0959 0.3935 0.3935 0.0959 0.3935 0.3935 0.3935 0.3935
189 339 108 077 0.0959 0.0959 0.3935 0.0959 0.0959 0.0959 0.3935 0.3935 0.3935 0.3935 0.0959 0.3935 0.0959 0.0959 0.3935 0.0959
339 108 077 234 0.3935 0.0959 0.3935 0.0959 0.0959 0.3935 0.3935 0.3935 0.3935 0.3935 0.0959 0.0959 0.3935 0.3935 0.0959 0.0959
108 077 234 078 0.3935 0.3935 0.3935 0.3935 0.0959 0.3935 0.3935 0.3935 0.0959 0.0959 0.0959 0.0959 0.3935 0.3935 0.3935 0.0959
077 234 078 297 0.0959 0.3935 0.3935 0.3935 0.0959 0.0959 0.3935 0.3935 0.0959 0.3935 0.3935 0.3935 0.0959 0.3935 0.3935 0.3935
234 078 297 017 0.0959 0.3935 0.3935 0.0959 0.0959 0.0959 0.0959 0.3935 0.0959 0.0959 0.3935 0.0959 0.3935 0.3935 0.3935 0.0959
078 297 017 041 0.0959 0.3935 0.3935 0.0959 0.3935 0.3935 0.3935 0.3935 0.3935 0.0959 0.0959 0.3935 0.0959 0.0959 0.0959 0.0959
297 017 041 353 0.0959 0.0959 0.3935 0.0959 0.0959 0.3935 0.0959 0.0959 0.0959 0.3935 0.0959 0.0959 0.3935 0.3935 0.3935 0.0959
017 041 353 087 0.3935 0.3935 0.0959 0.0959 0.3935 0.0959 0.3935 0.0959 0.3935 0.0959 0.0959 0.3935 0.3935 0.0959 0.3935 0.3935
041 353 087 120 0.0959 0.3935 0.3935 0.0959 0.0959 0.0959 0.0959 0.0959 0.3935 0.3935 0.0959 0.0959 0.3935 0.0959 0.0959 0.0959
353 087 120 143 0.3935 0.0959 0.0959 0.0959 0.0959 0.3935 0.0959 0.0959 0.3935 0.0959 0.3935 0.0959 0.0959 0.0959 0.0959 0.0959
087 120 143 225 0.3935 0.3935 0.3935 0.0959 0.0959 0.3935 0.0959 0.0959 0.3935 0.3935 0.3935 0.0959 0.0959 0.3935 0.3935 0.0959
