356 031684 3
148 187 033 294 0.1889 0.9858 0.1889 0.9858 0.1889 0.9858 0.1889 0.1889 0.1889 0.9858 0.9858 0.1889 0.9858 0.9858 0.1889 0.9858
187 033 294 272 0.9858 0.9858 0.9858 0.1889 0.1889 0.1889 0.1889 0.9858 0.9858 0.1889 0.9858 0.9858 0.9858 0.1889 0.9858 0.1889
033 294 272 288 0.9858 0.9858 0.1889 0.9858 0.1889 0.9858 0.9858 0.9858 0.9858 0.1889 0.9858 0.1889 0.9858 0.9858 0.9858 0.9858
294 272 288 101 0.9858 0.9858 0.1889 0.9858 0.9858 0.1889 0.1889 0.1889 0.1889 0.9858 0.1889 0.1889 0.1889 0.9858 0.9858 0.9858
272 288 101 054 0.9858 0.9858 0.9858 0.1889 0.1889 0.9858 0.1889 0.1889 0.9858 0.1889 0.1889 0.9858 0.9858 0.9858 0.1889 0.1889
288 101 054 097 0.1889 0.9858 0.1889 0.9858 0.9858 0.9858 0.9858 0.1889 0.1889 0.1889 0.9858 0.9858 0.1889 0.9858 0.9858 0.1889
101 054 097 190 0.1889 0.1889 0.9858 0.9858 0.9858 0.1889 0.1889 0.9858 0.1889 0.1889 0.9858 0.9858 0.9858 0.1889 0.1889 0.9858
054 097 190 151 0.1889 0.1889 0.1889 0.1889 0.1889 0.9858 0.9858 0.9858 0.9858 0.1889 0.9858 0.1889 0.9858 0.9858 0.9858 0.9858
097 190 151 253 0.1889 0.1889 0.9858 0.1889 0.9858 0.9858 0.9858 0.9858 0.9858 0.9858 0.1889 0.9858 0.9858 0.1889 0.1889 0.1889
190 151 253 147 0.1889 0.1889 0.1889 0.1889 0.9858 0.9858 0.9858 0.9858 0.1889 0.9858 0.9858 0.9858 0.1889 0.1889 0.9858 0.9858
151 253 147 167 0.1889 0.1889 0.1889 0.9858 0.1889 0.9858 0.9858 0.1889 0.9858 0.9858 0.9858 0.9858 0.1889 0.1889 0.1889 0.1889
253 147 167 333 0.1889 0.9858 0.9858 0.1889 0.9858 0.9858 0.1889 0.9858 0.1889 0.9858 0.9858 0.9858 0.9858 0.9858 0.9858 0.9858
147 167 333 292 0.9858 0.1889 0.9858 0.1889 0.9858 0.1889 0.9858 0.1889 0.1889 0.1889 0.1889 0.9858 0.9858 0.9858 0.9858 0.9858
167 333 292 326 0.1889 0.1889 0.9858 0.1889 0.1889 0.9858 0.9858 0.9858 0.9858 0.9858 0.9858 0.1889 0.9858 0.1889 0.9858 0.1889
333 292 326 070 0.9858 0.1889 0.1889 0.9858 0.1889 0.9858 0.9858 0.9858 0.9858 0.1889 0.1889 0.9858 0.9858 0.9858 0.9858 0.9858
292 326 070 061 0.1889 0.1889 0.1889 0.9858 0.9858 0.1889 0.9858 0.9858 0.9858 0.9858 0.9858 0.9858 0.1889 0.1889 0.9858 0.1889
326 070 061 226 0.1889 0.1889 0.9858 0.1889 0.1889 0.9858 0.9858 0.1889 0.9858 0.1889 0.9858 0.9858 0.1889 0.1889 0.9858 0.9858
070 061 226 172 0.1889 0.1889 0.9858 0.9858 0.1889 0.9858 0.9858 0.1889 0.1889 0.9858 0.1889 0.1889 0.9858 0.9858 0.9858 0.9858
061 226 172 115 0.9858 0.9858 0.1889 0.1889 0.9858 0.9858 0.1889 0.9858 0.1889 0.9858 0.1889 0.1889 0.1889 0.1889 0.1889 0.1889
226 172 115 164 0.1889 0.9858 0.9858 0.9858 0.1889 0.1889 0.1889 0.9858 0.9858 0.9858 0.1889 0.9858 0.9858 0.1889 0.1889 0.1889
172 115 164 312 0.9858 0.1889 0.1889 0.9858 0.9858 0.9858 0.1889 0.1889 0.1889 0.9858 0.9858 0.9858 0.9858 0.1889 0.1889 0.9858
115 164 312 098 0.9858 0.9858 0.1889 0.9858 0.1889 0.9858 0.9858 0.9858 0.1889 0.9858 0.9858 0.9858 0.1889 0.9858 0.9858 0.1889
164 312 098 244 0.9858 0.9858 0.9858 0.1889 0.9858 0.9858 0.1889 0.1889 0.9858 0.9858 0.9858 0.1889 0.1889 0.9858 0.1889 0.9858
312 098 244 145 0.1889 0.9858 0.9858 0.9858 0.1889 0.1889 0.1889 0.9858 0.1889 0.9858 0.1889 0.1889 0.1889 0.1889 0.9858 0.1889
098 244 145 025 0.1889 0.1889 0.9858 0.1889 0.1889 0.9858 0.1889 0.9858 0.9858 0.1889 0.9858 0.9858 0.1889 0.9858 0.1889 0.1889
244 145 025 236 0.1889 0.9858 0.9858 0.9858 0.9858 0.9858 0.9858 0.1889 0.9858 0.1889 0.1889 0.9858 0.1889 0.1889 0.1889 0.9858
145 025 236 157 0.1889 0.1889 0.9858 0.1889 0.1889 0.9858 0.9858 0.9858 0.9858 0.1889 0.9858 0.9858 0.9858 0.9858 0.1889 0.9858
025 236 157 065 0.1889 0.1889 0.9858 0.9858 0.1889 0.1889 0.1889 0.1889 0.9858 0.9858 0.1889 0.1889 0.1889 0.1889 0.9858 0.9858
236 157 065 007 0.9858 0.9858 0.9858 0.1889 0.1889 0.9858 0.9858 0.9858 0.9858 0.9858 0.9858 0.1889 0.9858 0.1889 0.1889 0.9858
157 065 007 126 0.1889 0.9858 0.1889 0.9858 0.9858 0.9858 0.9858 0.9858 0.9858 0.9858 0.1889 0.9858 0.9858 0.1889 0.1889 0.1889
065 007 126 328 0.1889 0.1889 0.9858 0.1889 0.9858 0.9858 0.9858 0.9858 0.9858 0.1889 0.1889 0.1889 0.9858 0.1889 0.9858 0.9858
007 126 328 219 0.9858 0.9858 0.1889 0.1889 0.1889 0.9858 0.9858 0.1889 0.9858 0.1889 0.1889 0.9858 0.9858 0.1889 0.1889 0.9858
126 328 219 313 0.9858 0.9858 0.9858 0.9858 0.9858 0.9858 0.1889 0.9858 0.1889 0.9858 0.9858 0.9858 0.1889 0.1889 0.1889 0.9858
328 219 313 063 0.9858 0.9858 0.1889 0.1889 0.9858 0.1889 0.9858 0.1889 0.1889 0.9858 0.9858 0.9858 0.1889 0.9858 0.1889 0.1889
219 313 063 336 0.1889 0.1889 0.1889 0.9858 0.9858 0.9858 0.9858 0.9858 0.9858 0.9858 0.1889 0.9858 0.1889 0.1889 0.1889 0.9858
313 063 336 119 0.9858 0.9858 0.9858 0.1889 0.9858 0.9858 0.9858 0.9858 0.1889 0.1889 0.9858 0.1889 0.1889 0.9858 0.1889 0.9858
063 336 119 095 0.1889 0.1889 0.1889 0.9858 0.1889 0.1889 0.9858 0.9858 0.1889 0.9858 0.9858 0.9858 0.1889 0.1889 0.1889 0.1889
336 119 095 113 0.1889 0.1889 0.9858 0.1889 0.1889 0.9858 0.9858 0.1889 0.9858 0.1889 0.9858 0.1889 0.9858 0.9858 0.1889 0.1889
119 095 113 091 0.9858 0.9858 0.9858 0.9858 0.9858 0.9858 0.1889 0.1889 0.9858 0.1889 0.9858 0.9858 0.1889 0.9858 0.9858 0.1889
095 113 091 344 0.1889 0.9858 0.9858 0.9858 0.1889 0.1889 0.9858 0.1889 0.1889 0.1889 0.9858 0.9858 0.9858 0.1889 0.1889 0.1889
113 091 344 234 0.1889 0.9858 0.1889 0.9858 0.1889 0.1889 0.9858 0.9858 0.1889 0.1889 0.9858 0.9858 0.1889 0.1889 0.9858 0.9858
091 344 234 264 0.9858 0.9858 0.1889 0.1889 0.9858 0.9858 0.9858 0.9858 0.9858 0.1889 0.9858 0.1889 0.9858 0.9858 0.1889 0.1889
344 234 264 322 0.1889 0.9858 0.9858 0.1889 0.1889 0.1889 0.1889 0.9858 0.1889 0.1889 0.9858 0.9858 0.1889 0.1889 0.1889 0.1889
234 264 322 048 0.9858 0.9858 0.1889 0.1889 0.9858 0.1889 0.9858 0.9858 0.1889 0.1889 0.9858 0.1889 0.9858 0.1889 0.9858 0.9858
264 322 048 039 0.9858 0.1889 0.1889 0.9858 0.1889 0.1889 0.1889 0.1889 0.1889 0.1889 0.1889 0.9858 0.1889 0.1889 0.9858 0.9858
322 048 039 057 0.9858 0.9858 0.9858 0.1889 0.9858 0.1889 0.9858 0.1889 0.1889 0.9858 0.9858 0.9858 0.9858 0.1889 0.9858 0.9858
048 039 057 185 0.9858 0.1889 0.1889 0.1889 0.9858 0.9858 0.9858 0.1889 0.9858 0.1889 0.9858 0.1889 0.1889 0.1889 0.9858 0.9858
039 057 185 194 0.9858 0.9858 0.1889 0.9858 0.1889 0.9858 0.9858 0.1889 0.1889 0.9858 0.9858 0.1889 0.9858 0.9858 0.9858 0.1889
057 185 194 330 0.9858 0.9858 0.1889 0.9858 0.1889 0.1889 0.1889 0.1889 0.9858 0.1889 0.1889 0.9858 0.1889 0.9858 0.9858 0.9858
185 194 330 203 0.1889 0.1889 0.1889 0.9858 0.1889 0.1889 0.1889 0.9858 0.1889 0.1889 0.9858 0.9858 0.1889 0.9858 0.1889 0.1889
194 330 203 284 0.9858 0.1889 0.1889 0.1889 0.9858 0.9858 0.9858 0.9858 0.9858 0.1889 0.9858 0.9858 0.9858 0.1889 0.1889 0.1889
330 203 284 102 0.1889 0.9858 0.1889 0.1889 0.9858 0.9858 0.9858 0.9858 0.1889 0.1889 0.1889 0.9858 0.9858 0.1889 0.9858 0.9858
203 284 102 227 0.1889 0.9858 0.1889 0.1889 0.9858 0.1889 0.1889 0.9858 0.9858 0.1889 0.9858 0.1889 0.1889 0.9858 0.9858 0.9858
284 102 227 045 0.1889 0.1889 0.9858 0.9858 0.9858 0.9858 0.1889 0.9858 0.9858 0.1889 0.9858 0.9858 0.1889 0.9858 0.1889 0.9858
102 227 045 240 0.9858 0.1889 0.1889 0.1889 0.1889 0.9858 0.9858 0.1889 0.9858 0.9858 0.1889 0.1889 0.9858 0.1889 0.1889 0.1889
227 045 240 143 0.9858 0.9858 0.1889 0.9858 0.9858 0.1889 0.9858 0.9858 0.1889 0.9858 0.9858 0.1889 0.9858 0.1889 0.1889 0.1889
045 240 143 340 0.1889 0.9858 0.1889 0.1889 0.9858 0.9858 0.9858 0.9858 0.9858 0.9858 0.9858 0.9858 0.1889 0.9858 0.1889 0.9858
240 143 340 012 0.1889 0.1889 0.9858 0.9858 0.1889 0.9858 0.9858 0.1889 0.1889 0.9858 0.9858 0.1889 0.1889 0.1889 0.1889 0.9858
143 340 012 302 0.9858 0.1889 0.9858 0.9858 0.9858 0.1889 0.9858 0.1889 0.9858 0.1889 0.9858 0.1889 0.1889 0.9858 0.1889 0.9858
340 012 302 307 0.9858 0.9858 0.9858 0.9858 0.1889 0.9858 0.9858 0.9858 0.1889 0.1889 0.9858 0.9858 0.9858 0.9858 0.9858 0.1889
012 302 307 255 0.9858 0.9858 0.1889 0.9858 0.1889 0.1889 0.1889 0.9858 0.1889 0.9858 0.9858 0.1889 0.9858 0.1889 0.1889 0.1889
302 307 255 274 0.1889 0.1889 0.1889 0.1889 0.1889 0.1889 0.1889 0.1889 0.9858 0.9858 0.9858 0.9858 0.9858 0.1889 0.1889 0.1889
307 255 274 263 0.9858 0.1889 0.9858 0.9858 0.9858 0.9858 0.9858 0.9858 0.1889 0.9858 0.1889 0.1889 0.1889 0.1889 0.1889 0.1889
255 274 263 319 0.9858 0.1889 0.1889 0.1889 0.9858 0.1889 0.9858 0.9858 0.1889 0.1889 0.9858 0.9858 0.1889 0.9858 0.1889 0.9858
274 263 319 351 0.1889 0.1889 0.1889 0.1889 0.1889 0.1889 0.9858 0.1889 0.1889 0.1889 0.1889 0.9858 0.9858 0.9858 0.9858 0.1889
263 319 351 200 0.9858 0.1889 0.1889 0.9858 0.9858 0.1889 0.1889 0.1889 0.9858 0.9858 0.9858 0.1889 0.1889 0.1889 0.1889 0.9858
319 351 200 100 0.1889 0.1889 0.1889 0.1889 0.9858 0.1889 0.1889 0.9858 0.1889 0.1889 0.1889 0.9858 0.1889 0.9858 0.1889 0.9858
351 200 100 277 0.9858 0.9858 0.1889 0.9858 0.9858 0.9858 0.1889 0.1889 0.9858 0.9858 0.9858 0.9858 0.1889 0.9858 0.9858 0.9858
200 100 277 046 0.1889 0.9858 0.9858 0.9858 0.9858 0.1889 0.9858 0.1889 0.1889 0.1889 0.1889 0.1889 0.9858 0.9858 0.9858 0.9858
100 277 046 136 0.9858 0.9858 0.1889 0.1889 0.1889 0.9858 0.1889 0.1889 0.9858 0.9858 0.9858 0.1889 0.9858 0.1889 0.9858 0.1889
277 046 136 139 0.1889 0.1889 0.1889 0.1889 0.1889 0.9858 0.9858 0.1889 0.9858 0.9858 0.1889 0.9858 0.9858 0.1889 0.9858 0.9858
046 136 139 163 0.9858 0.1889 0.9858 0.9858 0.1889 0.1889 0.9858 0.9858 0.9858 0.9858 0.9858 0.9858 0.1889 0.1889 0.9858 0.1889
136 139 163 254 0.1889 0.1889 0.1889 0.1889 0.9858 0.1889 0.9858 0.1889 0.1889 0.9858 0.1889 0.1889 0.1889 0.1889 0.1889 0.9858
139 163 254 089 0.1889 0.1889 0.1889 0.1889 0.9858 0.9858 0.9858 0.1889 0.9858 0.1889 0.1889 0.9858 0.9858 0.9858 0.9858 0.1889
163 254 089 252 0.9858 0.9858 0.1889 0.1889 0.1889 0.9858 0.1889 0.9858 0.9858 0.1889 0.9858 0.1889 0.1889 0.1889 0.9858 0.9858
254 089 252 332 0.9858 0.9858 0.1889 0.9858 0.9858 0.1889 0.9858 0.9858 0.1889 0.1889 0.1889 0.9858 0.1889 0.1889 0.9858 0.1889
089 252 332 082 0.1889 0.1889 0.9858 0.9858 0.1889 0.1889 0.9858 0.1889 0.1889 0.9858 0.9858 0.9858 0.1889 0.9858 0.1889 0.1889
252 332 082 337 0.9858 0.9858 0.9858 0.9858 0.9858 0.9858 0.9858 0.9858 0.9858 0.1889 0.9858 0.9858 0.1889 0.9858 0.9858 0.9858
332 082 337 080 0.9858 0.1889 0.1889 0.9858 0.1889 0.9858 0.1889 0.9858 0.1889 0.1889 0.1889 0.9858 0.1889 0.1889 0.1889 0.1889
082 337 080 235 0.9858 0.9858 0.9858 0.9858 0.1889 0.1889 0.1889 0.1889 0.1889 0.9858 0.9858 0.1889 0.9858 0.1889 0.9858 0.1889
337 080 235 241 0.1889 0.1889 0.9858 0.9858 0.1889 0.1889 0.9858 0.9858 0.9858 0.9858 0.1889 0.1889 0.1889 0.1889 0.1889 0.9858
080 235 241 128 0.1889 0.9858 0.1889 0.1889 0.1889 0.1889 0.1889 0.9858 0.9858 0.9858 0.9858 0.1889 0.9858 0.1889 0.9858 0.9858
235 241 128 181 0.1889 0.9858 0.1889 0.9858 0.1889 0.1889 0.1889 0.1889 0.9858 0.9858 0.1889 0.1889 0.1889 0.1889 0.9858 0.9858
241 128 181 106 0.9858 0.1889 0.9858 0.1889 0.1889 0.9858 0.1889 0.9858 0.9858 0.9858 0.1889 0.9858 0.1889 0.1889 0.9858 0.1889
128 181 106 211 0.9858 0.9858 0.9858 0.9858 0.9858 0.9858 0.1889 0.1889 0.1889 0.9858 0.9858 0.9858 0.1889 0.9858 0.9858 0.9858
181 106 211 138 0.1889 0.9858 0.1889 0.9858 0.1889 0.9858 0.1889 0.1889 0.9858 0.1889 0.1889 0.1889 0.9858 0.9858 0.1889 0.9858
106 211 138 133 0.9858 0.9858 0.1889 0.9858 0.1889 0.9858 0.1889 0.1889 0.9858 0.9858 0.1889 0.1889 0.1889 0.9858 0.9858 0.1889
211 138 133 324 0.9858 0.1889 0.9858 0.1889 0.1889 0.1889 0.1889 0.1889 0.9858 0.9858 0.1889 0.1889 0.9858 0.9858 0.9858 0.1889
138 133 324 085 0.9858 0.9858 0.1889 0.9858 0.9858 0.9858 0.1889 0.9858 0.9858 0.1889 0.1889 0.9858 0.9858 0.1889 0.1889 0.9858
133 324 085 040 0.1889 0.9858 0.1889 0.1889 0.1889 0.9858 0.9858 0.1889 0.1889 0.9858 0.9858 0.9858 0.9858 0.9858 0.9858 0.9858
324 085 040 077 0.1889 0.9858 0.9858 0.9858 0.1889 0.9858 0.9858 0.1889 0.9858 0.9858 0.1889 0.1889 0.1889 0.9858 0.1889 0.1889
085 040 077 345 0.9858 0.9858 0.1889 0.9858 0.9858 0.1889 0.9858 0.9858 0.9858 0.1889 0.9858 0.9858 0.1889 0.9858 0.1889 0.9858
040 077 345 174 0.1889 0.9858 0.9858 0.1889 0.9858 0.9858 0.9858 0.1889 0.1889 0.9858 0.1889 0.1889 0.1889 0.1889 0.9858 0.9858
077 345 174 146 0.9858 0.1889 0.1889 0.9858 0.9858 0.1889 0.1889 0.1889 0.1889 0.1889 0.9858 0.1889 0.1889 0.1889 0.9858 0.1889
345 174 146 074 0.1889 0.1889 0.1889 0.1889 0.9858 0.1889 0.1889 0.1889 0.1889 0.9858 0.9858 0.1889 0.9858 0.1889 0.9858 0.1889
174 146 074 036 0.9858 0.9858 0.9858 0.1889 0.1889 0.9858 0.1889 0.1889 0.9858 0.1889 0.1889 0.9858 0.1889 0.9858 0.9858 0.9858
146 074 036 071 0.9858 0.1889 0.9858 0.9858 0.1889 0.1889 0.9858 0.9858 0.9858 0.9858 0.9858 0.1889 0.9858 0.1889 0.9858 0.9858
074 036 071 209 0.9858 0.1889 0.1889 0.9858 0.9858 0.1889 0.1889 0.9858 0.9858 0.9858 0.1889 0.9858 0.9858 0.1889 0.1889 0.9858
036 071 209 015 0.9858 0.9858 0.9858 0.1889 0.1889 0.9858 0.1889 0.1889 0.9858 0.1889 0.1889 0.1889 0.1889 0.1889 0.1889 0.1889
071 209 015 154 0.1889 0.1889 0.1889 0.1889 0.9858 0.9858 0.9858 0.9858 0.1889 0.9858 0.1889 0.9858 0.9858 0.9858 0.9858 0.1889
209 015 154 158 0.1889 0.9858 0.9858 0.1889 0.9858 0.1889 0.9858 0.9858 0.1889 0.1889 0.9858 0.1889 0.1889 0.9858 0.9858 0.9858
015 154 158 009 0.9858 0.1889 0.1889 0.1889 0.9858 0.9858 0.1889 0.1889 0.9858 0.1889 0.1889 0.1889 0.9858 0.1889 0.9858 0.9858
154 158 009 285 0.1889 0.9858 0.1889 0.1889 0.9858 0.1889 0.9858 0.1889 0.1889 0.9858 0.1889 0.9858 0.1889 0.1889 0.1889 0.1889
158 009 285 124 0.9858 0.9858 0.1889 0.9858 0.1889 0.1889 0.9858 0.1889 0.9858 0.1889 0.9858 0.9858 0.9858 0.9858 0.1889 0.9858
009 285 124 222 0.1889 0.9858 0.9858 0.9858 0.9858 0.1889 0.9858 0.1889 0.1889 0.9858 0.9858 0.1889 0.9858 0.9858 0.1889 0.1889
285 124 222 051 0.1889 0.1889 0.9858 0.9858 0.9858 0.9858 0.1889 0.1889 0.1889 0.1889 0.9858 0.1889 0.1889 0.9858 0.9858 0.1889
124 222 051 291 0.1889 0.9858 0.9858 0.9858 0.1889 0.9858 0.1889 0.1889 0.9858 0.9858 0.1889 0.9858 0.1889 0.9858 0.1889 0.1889
222 051 291 232 0.1889 0.1889 0.1889 0.9858 0.9858 0.9858 0.1889 0.1889 0.9858 0.9858 0.9858 0.1889 0.9858 0.1889 0.1889 0.9858
051 291 232 001 0.9858 0.9858 0.9858 0.1889 0.1889 0.9858 0.9858 0.9858 0.1889 0.9858 0.9858 0.9858 0.1889 0.1889 0.9858 0.1889
291 232 001 075 0.9858 0.9858 0.1889 0.1889 0.1889 0.9858 0.9858 0.9858 0.1889 0.9858 0.9858 0.9858 0.1889 0.9858 0.9858 0.9858
232 001 075 150 0.9858 0.1889 0.9858 0.9858 0.1889 0.9858 0.1889 0.1889 0.9858 0.1889 0.9858 0.1889 0.1889 0.9858 0.9858 0.9858
001 075 150 034 0.1889 0.9858 0.1889 0.1889 0.1889 0.1889 0.9858 0.9858 0.1889 0.9858 0.1889 0.9858 0.9858 0.9858 0.1889 0.1889
075 150 034 055 0.9858 0.9858 0.1889 0.1889 0.1889 0.1889 0.9858 0.9858 0.1889 0.1889 0.9858 0.9858 0.1889 0.9858 0.9858 0.9858
150 034 055 023 0.9858 0.9858 0.9858 0.9858 0.1889 0.1889 0.9858 0.1889 0.9858 0.1889 0.1889 0.9858 0.9858 0.1889 0.1889 0.9858
034 055 023 117 0.1889 0.1889 0.9858 0.9858 0.1889 0.1889 0.1889 0.1889 0.9858 0.1889 0.1889 0.9858 0.9858 0.1889 0.1889 0.1889
055 023 117 121 0.9858 0.1889 0.1889 0.9858 0.9858 0.1889 0.9858 0.1889 0.9858 0.9858 0.9858 0.1889 0.9858 0.1889 0.9858 0.9858
023 117 121 316 0.1889 0.9858 0.1889 0.1889 0.1889 0.1889 0.1889 0.9858 0.9858 0.9858 0.9858 0.9858 0.9858 0.1889 0.1889 0.9858
117 121 316 002 0.9858 0.1889 0.9858 0.1889 0.9858 0.1889 0.1889 0.9858 0.1889 0.9858 0.9858 0.9858 0.9858 0.1889 0.9858 0.1889
121 316 002 218 0.1889 0.9858 0.9858 0.9858 0.9858 0.1889 0.1889 0.1889 0.9858 0.9858 0.1889 0.1889 0.1889 0.9858 0.1889 0.1889
316 002 218 204 0.1889 0.9858 0.9858 0.1889 0.9858 0.1889 0.9858 0.9858 0.1889 0.1889 0.9858 0.1889 0.9858 0.9858 0.1889 0.9858
002 218 204 298 0.1889 0.1889 0.9858 0.1889 0.9858 0.1889 0.9858 0.1889 0.1889 0.9858 0.1889 0.9858 0.1889 0.9858 0.9858 0.1889
218 204 298 166 0.1889 0.1889 0.1889 0.9858 0.9858 0.1889 0.9858 0.9858 0.9858 0.1889 0.9858 0.9858 0.9858 0.1889 0.1889 0.1889
204 298 166 032 0.1889 0.1889 0.9858 0.9858 0.1889 0.1889 0.1889 0.9858 0.1889 0.9858 0.9858 0.9858 0.9858 0.9858 0.9858 0.1889
298 166 032 017 0.1889 0.9858 0.1889 0.1889 0.1889 0.9858 0.9858 0.9858 0.9858 0.1889 0.1889 0.1889 0.9858 0.1889 0.9858 0.1889
166 032 017 342 0.9858 0.1889 0.1889 0.9858 0.1889 0.1889 0.9858 0.1889 0.1889 0.9858 0.9858 0.9858 0.1889 0.1889 0.9858 0.9858
032 017 342 099 0.1889 0.1889 0.1889 0.9858 0.1889 0.9858 0.9858 0.1889 0.1889 0.9858 0.1889 0.1889 0.9858 0.9858 0.1889 0.1889
017 342 099 068 0.1889 0.9858 0.9858 0.1889 0.9858 0.1889 0.9858 0.9858 0.9858 0.1889 0.1889 0.1889 0.9858 0.1889 0.1889 0.9858
342 099 068 030 0.9858 0.9858 0.9858 0.9858 0.9858 0.9858 0.9858 0.1889 0.9858 0.1889 0.9858 0.9858 0.1889 0.1889 0.1889 0.1889
099 068 030 093 0.9858 0.1889 0.1889 0.9858 0.1889 0.9858 0.1889 0.9858 0.1889 0.9858 0.1889 0.1889 0.9858 0.1889 0.9858 0.1889
068 030 093 067 0.1889 0.9858 0.9858 0.1889 0.9858 0.9858 0.9858 0.9858 0.1889 0.1889 0.1889 0.9858 0.1889 0.1889 0.1889 0.9858
030 093 067 303 0.9858 0.9858 0.9858 0.1889 0.9858 0.1889 0.1889 0.9858 0.9858 0.9858 0.9858 0.9858 0.1889 0.1889 0.1889 0.1889
093 067 303 248 0.9858 0.9858 0.1889 0.9858 0.1889 0.1889 0.9858 0.9858 0.1889 0.9858 0.1889 0.1889 0.1889 0.9858 0.9858 0.1889
067 303 248 215 0.9858 0.9858 0.9858 0.1889 0.1889 0.9858 0.1889 0.1889 0.9858 0.1889 0.1889 0.1889 0.1889 0.1889 0.9858 0.9858
303 248 215 184 0.1889 0.9858 0.9858 0.9858 0.9858 0.1889 0.9858 0.9858 0.1889 0.9858 0.9858 0.1889 0.9858 0.9858 0.1889 0.1889
248 215 184 042 0.1889 0.1889 0.9858 0.1889 0.1889 0.1889 0.1889 0.9858 0.1889 0.9858 0.9858 0.9858 0.1889 0.1889 0.1889 0.1889
215 184 042 205 0.9858 0.1889 0.9858 0.1889 0.1889 0.9858 0.9858 0.1889 0.1889 0.1889 0.1889 0.1889 0.1889 0.1889 0.9858 0.9858
184 042 205 341 0.1889 0.9858 0.9858 0.9858 0.1889 0.9858 0.9858 0.1889 0.1889 0.1889 0.1889 0.1889 0.1889 0.9858 0.9858 0.1889
042 205 341 321 0.1889 0.1889 0.1889 0.1889 0.1889 0.1889 0.9858 0.9858 0.9858 0.1889 0.9858 0.1889 0.1889 0.9858 0.9858 0.9858
205 341 321 141 0.1889 0.1889 0.9858 0.1889 0.1889 0.9858 0.9858 0.1889 0.9858 0.1889 0.1889 0.1889 0.1889 0.1889 0.1889 0.1889
341 321 141 031 0.9858 0.9858 0.1889 0.1889 0.9858 0.9858 0.9858 0.1889 0.9858 0.1889 0.9858 0.1889 0.1889 0.9858 0.9858 0.1889
321 141 031 293 0.1889 0.1889 0.9858 0.1889 0.9858 0.1889 0.1889 0.9858 0.1889 0.1889 0.1889 0.1889 0.1889 0.1889 0.1889 0.9858
141 031 293 092 0.9858 0.9858 0.9858 0.1889 0.9858 0.1889 0.1889 0.9858 0.1889 0.9858 0.9858 0.9858 0.9858 0.9858 0.9858 0.9858
031 293 092 116 0.9858 0.9858 0.1889 0.1889 0.1889 0.1889 0.9858 0.9858 0.1889 0.1889 0.1889 0.1889 0.9858 0.9858 0.1889 0.1889
293 092 116 214 0.9858 0.1889 0.1889 0.1889 0.1889 0.9858 0.1889 0.9858 0.9858 0.9858 0.1889 0.1889 0.9858 0.9858 0.1889 0.1889
092 116 214 161 0.1889 0.1889 0.1889 0.9858 0.1889 0.1889 0.9858 0.1889 0.9858 0.1889 0.9858 0.9858 0.1889 0.1889 0.9858 0.1889
116 214 161 066 0.9858 0.1889 0.1889 0.9858 0.1889 0.9858 0.9858 0.1889 0.9858 0.1889 0.9858 0.1889 0.9858 0.9858 0.1889 0.1889
214 161 066 247 0.1889 0.9858 0.1889 0.1889 0.1889 0.9858 0.9858 0.1889 0.1889 0.1889 0.9858 0.1889 0.1889 0.1889 0.9858 0.1889
161 066 247 271 0.9858 0.9858 0.9858 0.9858 0.1889 0.1889 0.1889 0.1889 0.9858 0.9858 0.9858 0.1889 0.1889 0.9858 0.9858 0.9858
066 247 271 112 0.1889 0.1889 0.9858 0.9858 0.9858 0.9858 0.9858 0.1889 0.1889 0.1889 0.9858 0.1889 0.9858 0.9858 0.9858 0.9858
247 271 112 189 0.9858 0.9858 0.1889 0.9858 0.9858 0.9858 0.9858 0.9858 0.1889 0.9858 0.9858 0.1889 0.1889 0.9858 0.9858 0.9858
271 112 189 329 0.1889 0.9858 0.9858 0.1889 0.1889 0.1889 0.1889 0.9858 0.1889 0.9858 0.9858 0.1889 0.9858 0.9858 0.1889 0.1889
112 189 329 104 0.9858 0.1889 0.9858 0.9858 0.9858 0.1889 0.9858 0.1889 0.9858 0.9858 0.1889 0.9858 0.9858 0.1889 0.1889 0.1889
189 329 104 153 0.9858 0.1889 0.1889 0.9858 0.9858 0.1889 0.9858 0.9858 0.9858 0.9858 0.9858 0.9858 0.9858 0.9858 0.9858 0.9858
329 104 153 105 0.1889 0.1889 0.9858 0.1889 0.1889 0.9858 0.1889 0.1889 0.1889 0.9858 0.1889 0.1889 0.9858 0.1889 0.9858 0.1889
104 153 105 317 0.9858 0.9858 0.1889 0.1889 0.1889 0.1889 0.1889 0.1889 0.1889 0.9858 0.1889 0.1889 0.9858 0.1889 0.9858 0.9858
153 105 317 130 0.1889 0.9858 0.1889 0.9858 0.1889 0.9858 0.1889 0.1889 0.9858 0.1889 0.9858 0.1889 0.1889 0.9858 0.1889 0.1889
105 317 130 228 0.9858 0.1889 0.9858 0.9858 0.1889 0.9858 0.9858 0.1889 0.9858 0.9858 0.1889 0.9858 0.9858 0.1889 0.1889 0.1889
317 130 228 210 0.9858 0.9858 0.9858 0.9858 0.1889 0.9858 0.9858 0.9858 0.9858 0.9858 0.9858 0.1889 0.9858 0.1889 0.1889 0.1889
130 228 210 311 0.1889 0.1889 0.1889 0.1889 0.1889 0.1889 0.9858 0.1889 0.9858 0.1889 0.9858 0.1889 0.1889 0.9858 0.9858 0.1889
228 210 311 196 0.9858 0.9858 0.9858 0.9858 0.1889 0.1889 0.1889 0.1889 0.1889 0.1889 0.9858 0.9858 0.1889 0.9858 0.1889 0.9858
210 311 196 170 0.1889 0.1889 0.9858 0.9858 0.9858 0.1889 0.9858 0.1889 0.1889 0.9858 0.1889 0.9858 0.1889 0.9858 0.1889 0.9858
311 196 170 245 0.1889 0.9858 0.9858 0.1889 0.9858 0.9858 0.9858 0.9858 0.9858 0.1889 0.9858 0.1889 0.1889 0.1889 0.9858 0.1889
196 170 245 335 0.9858 0.1889 0.9858 0.1889 0.9858 0.9858 0.1889 0.9858 0.9858 0.9858 0.1889 0.9858 0.1889 0.9858 0.1889 0.1889
170 245 335 064 0.1889 0.1889 0.9858 0.1889 0.9858 0.9858 0.1889 0.1889 0.1889 0.9858 0.9858 0.1889 0.1889 0.1889 0.1889 0.1889
245 335 064 221 0.1889 0.1889 0.1889 0.1889 0.1889 0.9858 0.1889 0.1889 0.9858 0.9858 0.1889 0.1889 0.1889 0.1889 0.1889 0.1889
335 064 221 237 0.9858 0.9858 0.9858 0.9858 0.1889 0.9858 0.1889 0.9858 0.9858 0.9858 0.1889 0.9858 0.9858 0.1889 0.1889 0.1889
064 221 237 110 0.9858 0.1889 0.1889 0.1889 0.9858 0.1889 0.9858 0.9858 0.1889 0.1889 0.9858 0.1889 0.9858 0.1889 0.1889 0.1889
221 237 110 260 0.1889 0.9858 0.9858 0.1889 0.9858 0.1889 0.9858 0.1889 0.9858 0.1889 0.9858 0.9858 0.9858 0.1889 0.1889 0.9858
237 110 260 137 0.1889 0.9858 0.1889 0.1889 0.1889 0.1889 0.1889 0.1889 0.9858 0.1889 0.9858 0.1889 0.1889 0.9858 0.1889 0.1889
110 260 137 053 0.1889 0.1889 0.9858 0.1889 0.9858 0.1889 0.1889 0.1889 0.1889 0.9858 0.1889 0.9858 0.9858 0.9858 0.1889 0.1889
260 137 053 129 0.9858 0.9858 0.1889 0.1889 0.9858 0.1889 0.9858 0.9858 0.1889 0.1889 0.1889 0.1889 0.9858 0.1889 0.9858 0.9858
137 053 129 192 0.9858 0.1889 0.9858 0.1889 0.1889 0.9858 0.1889 0.9858 0.9858 0.1889 0.9858 0.1889 0.1889 0.9858 0.9858 0.9858
053 129 192 276 0.1889 0.1889 0.9858 0.9858 0.1889 0.9858 0.9858 0.1889 0.1889 0.9858 0.1889 0.1889 0.1889 0.9858 0.9858 0.9858
129 192 276 090 0.1889 0.9858 0.1889 0.1889 0.1889 0.1889 0.1889 0.1889 0.1889 0.9858 0.9858 0.9858 0.9858 0.9858 0.9858 0.9858
192 276 090 278 0.1889 0.9858 0.1889 0.1889 0.9858 0.9858 0.1889 0.9858 0.1889 0.1889 0.1889 0.1889 0.1889 0.1889 0.1889 0.1889
276 090 278 208 0.1889 0.1889 0.1889 0.1889 0.1889 0.1889 0.1889 0.1889 0.9858 0.1889 0.9858 0.9858 0.1889 0.9858 0.1889 0.1889
090 278 208 165 0.1889 0.1889 0.9858 0.9858 0.9858 0.9858 0.1889 0.1889 0.1889 0.9858 0.1889 0.9858 0.1889 0.1889 0.1889 0.1889
278 208 165 059 0.9858 0.1889 0.9858 0.9858 0.9858 0.9858 0.1889 0.1889 0.1889 0.1889 0.1889 0.9858 0.9858 0.1889 0.9858 0.9858
208 165 059 350 0.9858 0.9858 0.1889 0.1889 0.1889 0.1889 0.1889 0.1889 0.9858 0.9858 0.9858 0.9858 0.9858 0.1889 0.9858 0.9858
165 059 350 037 0.1889 0.1889 0.1889 0.1889 0.9858 0.9858 0.1889 0.1889 0.9858 0.9858 0.9858 0.1889 0.1889 0.9858 0.9858 0.9858
059 350 037 182 0.1889 0.9858 0.9858 0.9858 0.9858 0.9858 0.9858 0.1889 0.1889 0.9858 0.9858 0.1889 0.1889 0.1889 0.1889 0.9858
350 037 182 238 0.1889 0.9858 0.9858 0.1889 0.1889 0.9858 0.9858 0.9858 0.1889 0.1889 0.9858 0.1889 0.9858 0.1889 0.1889 0.1889
037 182 238 348 0.1889 0.1889 0.9858 0.1889 0.1889 0.9858 0.1889 0.1889 0.9858 0.1889 0.1889 0.9858 0.9858 0.9858 0.9858 0.1889
182 238 348 160 0.9858 0.9858 0.9858 0.9858 0.9858 0.1889 0.9858 0.1889 0.9858 0.1889 0.1889 0.9858 0.1889 0.9858 0.9858 0.1889
238 348 160 135 0.9858 0.9858 0.1889 0.1889 0.1889 0.1889 0.9858 0.1889 0.9858 0.9858 0.9858 0.1889 0.1889 0.1889 0.1889 0.9858
348 160 135 206 0.9858 0.9858 0.9858 0.9858 0.1889 0.9858 0.9858 0.9858 0.9858 0.9858 0.1889 0.9858 0.9858 0.9858 0.9858 0.1889
160 135 206 152 0.1889 0.9858 0.1889 0.1889 0.1889 0.1889 0.1889 0.9858 0.9858 0.1889 0.1889 0.9858 0.1889 0.1889 0.9858 0.9858
135 206 152 354 0.1889 0.9858 0.9858 0.1889 0.9858 0.1889 0.9858 0.1889 0.1889 0.9858 0.1889 0.1889 0.9858 0.1889 0.1889 0.9858
206 152 354 327 0.9858 0.1889 0.9858 0.1889 0.1889 0.1889 0.9858 0.9858 0.1889 0.9858 0.1889 0.1889 0.9858 0.1889 0.9858 0.9858
152 354 327 325 0.9858 0.1889 0.1889 0.9858 0.1889 0.1889 0.9858 0.9858 0.9858 0.9858 0.1889 0.9858 0.1889 0.9858 0.1889 0.1889
354 327 325 179 0.9858 0.1889 0.9858 0.9858 0.9858 0.9858 0.9858 0.9858 0.9858 0.9858 0.9858 0.1889 0.9858 0.1889 0.9858 0.1889
327 325 179 047 0.9858 0.9858 0.1889 0.1889 0.9858 0.9858 0.9858 0.1889 0.1889 0.1889 0.9858 0.1889 0.1889 0.1889 0.1889 0.9858
325 179 047 268 0.9858 0.9858 0.9858 0.9858 0.1889 0.1889 0.9858 0.9858 0.1889 0.9858 0.1889 0.1889 0.1889 0.1889 0.9858 0.1889
179 047 268 197 0.1889 0.1889 0.1889 0.9858 0.1889 0.1889 0.9858 0.9858 0.1889 0.1889 0.1889 0.1889 0.1889 0.9858 0.9858 0.9858
047 268 197 122 0.1889 0.9858 0.9858 0.9858 0.1889 0.1889 0.9858 0.1889 0.1889 0.1889 0.9858 0.1889 0.1889 0.9858 0.9858 0.1889
268 197 122 258 0.9858 0.1889 0.1889 0.9858 0.1889 0.1889 0.1889 0.1889 0.1889 0.9858 0.9858 0.1889 0.9858 0.9858 0.9858 0.9858
197 122 258 125 0.9858 0.9858 0.1889 0.9858 0.9858 0.1889 0.1889 0.9858 0.9858 0.9858 0.9858 0.1889 0.1889 0.9858 0.1889 0.1889
122 258 125 212 0.9858 0.9858 0.9858 0.1889 0.1889 0.9858 0.9858 0.9858 0.1889 0.1889 0.1889 0.1889 0.1889 0.1889 0.9858 0.1889
258 125 212 273 0.1889 0.1889 0.1889 0.1889 0.1889 0.1889 0.9858 0.9858 0.1889 0.9858 0.1889 0.9858 0.1889 0.9858 0.1889 0.1889
125 212 273 076 0.9858 0.9858 0.9858 0.9858 0.9858 0.9858 0.9858 0.1889 0.9858 0.9858 0.1889 0.1889 0.9858 0.9858 0.9858 0.1889
212 273 076 305 0.9858 0.9858 0.1889 0.1889 0.1889 0.1889 0.1889 0.1889 0.1889 0.1889 0.1889 0.1889 0.1889 0.1889 0.1889 0.9858
273 076 305 178 0.1889 0.1889 0.1889 0.9858 0.9858 0.1889 0.9858 0.9858 0.9858 0.1889 0.9858 0.1889 0.9858 0.9858 0.1889 0.9858
076 305 178 191 0.1889 0.9858 0.1889 0.1889 0.9858 0.1889 0.1889 0.1889 0.9858 0.1889 0.9858 0.1889 0.9858 0.1889 0.1889 0.9858
305 178 191 287 0.9858 0.1889 0.1889 0.9858 0.1889 0.9858 0.9858 0.9858 0.1889 0.1889 0.1889 0.9858 0.9858 0.9858 0.1889 0.1889
178 191 287 295 0.1889 0.1889 0.1889 0.9858 0.1889 0.9858 0.9858 0.9858 0.9858 0.1889 0.9858 0.9858 0.9858 0.1889 0.9858 0.9858
191 287 295 088 0.9858 0.1889 0.1889 0.9858 0.9858 0.1889 0.9858 0.1889 0.9858 0.9858 0.9858 0.1889 0.9858 0.1889 0.9858 0.9858
287 295 088 176 0.1889 0.9858 0.9858 0.9858 0.9858 0.1889 0.9858 0.1889 0.1889 0.1889 0.1889 0.9858 0.9858 0.1889 0.1889 0.9858
295 088 176 114 0.9858 0.1889 0.9858 0.1889 0.1889 0.9858 0.1889 0.1889 0.1889 0.9858 0.9858 0.1889 0.1889 0.9858 0.9858 0.1889
088 176 114 131 0.1889 0.1889 0.1889 0.9858 0.9858 0.1889 0.9858 0.9858 0.1889 0.9858 0.9858 0.9858 0.9858 0.9858 0.1889 0.1889
176 114 131 304 0.1889 0.1889 0.9858 0.9858 0.9858 0.9858 0.1889 0.1889 0.9858 0.1889 0.9858 0.1889 0.1889 0.1889 0.1889 0.9858
114 131 304 217 0.1889 0.1889 0.9858 0.1889 0.9858 0.9858 0.9858 0.9858 0.1889 0.1889 0.9858 0.9858 0.9858 0.1889 0.1889 0.1889
131 304 217 029 0.1889 0.1889 0.9858 0.1889 0.1889 0.9858 0.1889 0.9858 0.9858 0.1889 0.1889 0.1889 0.1889 0.1889 0.9858 0.1889
304 217 029 004 0.1889 0.1889 0.9858 0.1889 0.1889 0.9858 0.9858 0.1889 0.1889 0.9858 0.1889 0.1889 0.9858 0.9858 0.9858 0.1889
217 029 004 207 0.9858 0.1889 0.9858 0.9858 0.9858 0.1889 0.1889 0.1889 0.1889 0.1889 0.9858 0.9858 0.9858 0.9858 0.1889 0.9858
029 004 207 078 0.1889 0.1889 0.1889 0.9858 0.9858 0.9858 0.1889 0.9858 0.1889 0.1889 0.1889 0.1889 0.9858 0.1889 0.1889 0.1889
004 207 078 243 0.9858 0.1889 0.1889 0.1889 0.1889 0.1889 0.1889 0.9858 0.9858 0.9858 0.1889 0.1889 0.1889 0.9858 0.1889 0.1889
207 078 243 107 0.9858 0.9858 0.1889 0.9858 0.1889 0.1889 0.1889 0.1889 0.1889 0.1889 0.1889 0.9858 0.1889 0.1889 0.9858 0.9858
078 243 107 058 0.1889 0.9858 0.9858 0.1889 0.9858 0.1889 0.9858 0.1889 0.1889 0.1889 0.9858 0.9858 0.9858 0.9858 0.1889 0.9858
243 107 058 246 0.1889 0.1889 0.1889 0.9858 0.1889 0.1889 0.1889 0.9858 0.1889 0.1889 0.1889 0.9858 0.1889 0.9858 0.9858 0.1889
107 058 246 006 0.1889 0.1889 0.9858 0.9858 0.1889 0.1889 0.1889 0.1889 0.9858 0.9858 0.1889 0.1889 0.1889 0.1889 0.9858 0.1889
058 246 006 314 0.9858 0.9858 0.9858 0.1889 0.9858 0.1889 0.9858 0.9858 0.9858 0.1889 0.9858 0.9858 0.1889 0.1889 0.1889 0.1889
246 006 314 282 0.1889 0.9858 0.1889 0.9858 0.1889 0.1889 0.9858 0.9858 0.1889 0.9858 0.9858 0.9858 0.9858 0.9858 0.9858 0.1889
006 314 282 038 0.9858 0.9858 0.9858 0.1889 0.1889 0.9858 0.9858 0.9858 0.9858 0.1889 0.1889 0.9858 0.1889 0.9858 0.1889 0.9858
314 282 038 005 0.9858 0.1889 0.9858 0.9858 0.1889 0.9858 0.1889 0.9858 0.1889 0.1889 0.1889 0.1889 0.1889 0.9858 0.1889 0.9858
282 038 005 300 0.1889 0.9858 0.9858 0.9858 0.9858 0.1889 0.9858 0.9858 0.9858 0.9858 0.1889 0.9858 0.1889 0.1889 0.9858 0.9858
038 005 300 346 0.1889 0.1889 0.9858 0.9858 0.9858 0.1889 0.9858 0.1889 0.1889 0.9858 0.1889 0.1889 0.1889 0.1889 0.1889 0.1889
005 300 346 233 0.9858 0.9858 0.1889 0.9858 0.9858 0.9858 0.1889 0.9858 0.1889 0.9858 0.9858 0.9858 0.1889 0.9858 0.1889 0.1889
300 346 233 213 0.1889 0.1889 0.9858 0.9858 0.1889 0.9858 0.1889 0.1889 0.1889 0.9858 0.1889 0.1889 0.1889 0.1889 0.9858 0.9858
346 233 213 021 0.9858 0.1889 0.1889 0.1889 0.9858 0.1889 0.1889 0.9858 0.9858 0.9858 0.9858 0.9858 0.9858 0.9858 0.9858 0.1889
233 213 021 320 0.9858 0.1889 0.1889 0.1889 0.1889 0.1889 0.1889 0.9858 0.9858 0.9858 0.9858 0.9858 0.9858 0.1889 0.1889 0.1889
213 021 320 188 0.9858 0.9858 0.1889 0.1889 0.9858 0.1889 0.9858 0.1889 0.1889 0.1889 0.9858 0.9858 0.1889 0.9858 0.9858 0.1889
021 320 188 060 0.9858 0.9858 0.9858 0.1889 0.9858 0.9858 0.9858 0.9858 0.1889 0.1889 0.9858 0.1889 0.1889 0.9858 0.9858 0.9858
320 188 060 267 0.1889 0.1889 0.9858 0.9858 0.1889 0.1889 0.1889 0.1889 0.1889 0.9858 0.1889 0.1889 0.1889 0.1889 0.1889 0.9858
188 060 267 043 0.9858 0.9858 0.1889 0.9858 0.9858 0.9858 0.1889 0.1889 0.1889 0.9858 0.9858 0.1889 0.1889 0.1889 0.9858 0.9858
060 267 043 275 0.9858 0.1889 0.1889 0.9858 0.1889 0.1889 0.1889 0.9858 0.9858 0.9858 0.9858 0.9858 0.1889 0.9858 0.9858 0.1889
267 043 275 094 0.1889 0.9858 0.1889 0.1889 0.1889 0.1889 0.1889 0.1889 0.1889 0.1889 0.1889 0.9858 0.1889 0.9858 0.1889 0.9858
043 275 094 081 0.9858 0.9858 0.1889 0.9858 0.1889 0.1889 0.1889 0.9858 0.9858 0.1889 0.9858 0.9858 0.1889 0.9858 0.1889 0.9858
275 094 081 062 0.1889 0.9858 0.9858 0.9858 0.9858 0.9858 0.9858 0.9858 0.9858 0.9858 0.1889 0.1889 0.9858 0.9858 0.9858 0.9858
094 081 062 297 0.1889 0.1889 0.9858 0.9858 0.9858 0.9858 0.1889 0.9858 0.9858 0.9858 0.1889 0.1889 0.1889 0.1889 0.1889 0.1889
081 062 297 052 0.1889 0.9858 0.1889 0.1889 0.9858 0.1889 0.9858 0.1889 0.1889 0.1889 0.9858 0.1889 0.9858 0.1889 0.9858 0.1889
062 297 052 087 0.9858 0.1889 0.9858 0.1889 0.9858 0.9858 0.9858 0.1889 0.1889 0.9858 0.1889 0.1889 0.1889 0.1889 0.1889 0.9858
297 052 087 296 0.1889 0.9858 0.1889 0.1889 0.9858 0.9858 0.1889 0.9858 0.9858 0.1889 0.9858 0.9858 0.9858 0.9858 0.9858 0.1889
052 087 296 118 0.1889 0.9858 0.1889 0.9858 0.9858 0.1889 0.1889 0.9858 0.9858 0.1889 0.9858 0.1889 0.9858 0.1889 0.9858 0.9858
087 296 118 352 0.1889 0.1889 0.1889 0.1889 0.1889 0.9858 0.9858 0.9858 0.9858 0.1889 0.1889 0.9858 0.1889 0.9858 0.9858 0.9858
296 118 352 134 0.1889 0.1889 0.1889 0.1889 0.1889 0.1889 0.9858 0.9858 0.1889 0.9858 0.9858 0.9858 0.9858 0.9858 0.9858 0.1889
118 352 134 310 0.9858 0.9858 0.9858 0.9858 0.1889 0.9858 0.1889 0.1889 0.1889 0.9858 0.1889 0.1889 0.1889 0.1889 0.9858 0.9858
352 134 310 279 0.9858 0.9858 0.9858 0.9858 0.9858 0.1889 0.1889 0.9858 0.1889 0.1889 0.9858 0.9858 0.9858 0.9858 0.1889 0.9858
134 310 279 186 0.9858 0.1889 0.1889 0.9858 0.9858 0.1889 0.1889 0.9858 0.9858 0.9858 0.1889 0.1889 0.9858 0.9858 0.9858 0.9858
310 279 186 256 0.1889 0.9858 0.9858 0.9858 0.9858 0.1889 0.9858 0.1889 0.1889 0.9858 0.9858 0.9858 0.1889 0.1889 0.9858 0.9858
279 186 256 156 0.1889 0.1889 0.9858 0.9858 0.1889 0.1889 0.1889 0.9858 0.1889 0.1889 0.1889 0.9858 0.1889 0.1889 0.1889 0.9858
186 256 156 201 0.9858 0.9858 0.1889 0.9858 0.1889 0.1889 0.9858 0.9858 0.1889 0.9858 0.1889 0.9858 0.1889 0.9858 0.1889 0.1889
256 156 201 195 0.1889 0.9858 0.9858 0.9858 0.1889 0.1889 0.9858 0.9858 0.9858 0.9858 0.9858 0.9858 0.9858 0.1889 0.9858 0.9858
156 201 195 111 0.1889 0.1889 0.9858 0.9858 0.9858 0.9858 0.9858 0.9858 0.9858 0.9858 0.1889 0.9858 0.9858 0.1889 0.9858 0.1889
201 195 111 331 0.1889 0.9858 0.1889 0.1889 0.9858 0.9858 0.9858 0.9858 0.1889 0.1889 0.1889 0.9858 0.9858 0.9858 0.9858 0.9858
195 111 331 308 0.9858 0.9858 0.1889 0.1889 0.9858 0.1889 0.1889 0.9858 0.9858 0.1889 0.1889 0.1889 0.9858 0.9858 0.9858 0.9858
111 331 308 014 0.9858 0.1889 0.1889 0.1889 0.1889 0.1889 0.9858 0.9858 0.9858 0.1889 0.1889 0.9858 0.9858 0.1889 0.9858 0.1889
331 308 014 008 0.9858 0.1889 0.9858 0.9858 0.1889 0.1889 0.9858 0.1889 0.1889 0.9858 0.9858 0.9858 0.1889 0.9858 0.1889 0.9858
308 014 008 283 0.1889 0.9858 0.1889 0.1889 0.1889 0.1889 0.1889 0.1889 0.9858 0.9858 0.1889 0.9858 0.1889 0.9858 0.1889 0.1889
014 008 283 020 0.1889 0.1889 0.9858 0.1889 0.1889 0.9858 0.1889 0.1889 0.1889 0.9858 0.9858 0.9858 0.9858 0.1889 0.9858 0.1889
008 283 020 132 0.1889 0.1889 0.9858 0.9858 0.9858 0.1889 0.1889 0.9858 0.9858 0.9858 0.9858 0.9858 0.1889 0.9858 0.9858 0.1889
283 020 132 018 0.9858 0.1889 0.1889 0.9858 0.9858 0.1889 0.1889 0.1889 0.1889 0.9858 0.9858 0.9858 0.1889 0.9858 0.9858 0.9858
020 132 018 339 0.9858 0.9858 0.1889 0.1889 0.9858 0.1889 0.1889 0.9858 0.9858 0.9858 0.1889 0.9858 0.9858 0.9858 0.1889 0.1889
132 018 339 149 0.1889 0.9858 0.1889 0.9858 0.9858 0.9858 0.1889 0.9858 0.1889 0.1889 0.1889 0.9858 0.1889 0.9858 0.1889 0.1889
018 339 149 347 0.1889 0.1889 0.9858 0.9858 0.1889 0.1889 0.9858 0.1889 0.9858 0.9858 0.1889 0.1889 0.9858 0.9858 0.9858 0.9858
339 149 347 198 0.9858 0.9858 0.9858 0.1889 0.9858 0.9858 0.9858 0.9858 0.9858 0.9858 0.1889 0.9858 0.9858 0.1889 0.9858 0.9858
149 347 198 079 0.1889 0.9858 0.9858 0.9858 0.1889 0.9858 0.1889 0.1889 0.1889 0.9858 0.9858 0.9858 0.1889 0.9858 0.9858 0.9858
347 198 079 010 0.9858 0.1889 0.1889 0.9858 0.9858 0.1889 0.9858 0.1889 0.1889 0.9858 0.9858 0.9858 0.1889 0.1889 0.9858 0.9858
198 079 010 013 0.1889 0.1889 0.9858 0.9858 0.9858 0.1889 0.1889 0.9858 0.9858 0.1889 0.1889 0.1889 0.1889 0.1889 0.9858 0.1889
079 010 013 127 0.1889 0.1889 0.1889 0.9858 0.9858 0.1889 0.1889 0.9858 0.1889 0.1889 0.1889 0.9858 0.9858 0.9858 0.9858 0.9858
010 013 127 223 0.9858 0.9858 0.1889 0.1889 0.9858 0.9858 0.1889 0.1889 0.9858 0.9858 0.9858 0.1889 0.1889 0.9858 0.1889 0.1889
013 127 223 173 0.9858 0.1889 0.1889 0.9858 0.9858 0.1889 0.9858 0.9858 0.9858 0.9858 0.1889 0.1889 0.1889 0.1889 0.1889 0.1889
127 223 173 355 0.9858 0.9858 0.9858 0.9858 0.9858 0.1889 0.1889 0.9858 0.9858 0.9858 0.1889 0.9858 0.1889 0.9858 0.9858 0.1889
223 173 355 069 0.9858 0.9858 0.1889 0.1889 0.9858 0.1889 0.1889 0.9858 0.9858 0.9858 0.1889 0.9858 0.9858 0.9858 0.9858 0.9858
173 355 069 096 0.1889 0.1889 0.1889 0.9858 0.9858 0.1889 0.9858 0.1889 0.1889 0.9858 0.9858 0.9858 0.9858 0.9858 0.1889 0.1889
355 069 096 315 0.9858 0.9858 0.1889 0.9858 0.9858 0.9858 0.1889 0.1889 0.9858 0.9858 0.1889 0.9858 0.1889 0.9858 0.1889 0.9858
069 096 315 120 0.1889 0.9858 0.9858 0.1889 0.9858 0.9858 0.1889 0.9858 0.9858 0.9858 0.1889 0.9858 0.9858 0.9858 0.9858 0.9858
096 315 120 193 0.9858 0.1889 0.9858 0.9858 0.1889 0.1889 0.1889 0.1889 0.9858 0.1889 0.1889 0.1889 0.9858 0.1889 0.9858 0.9858
315 120 193 202 0.1889 0.9858 0.9858 0.1889 0.1889 0.9858 0.9858 0.1889 0.9858 0.1889 0.9858 0.1889 0.9858 0.1889 0.9858 0.1889
120 193 202 026 0.9858 0.9858 0.1889 0.9858 0.9858 0.9858 0.1889 0.9858 0.1889 0.9858 0.9858 0.9858 0.1889 0.1889 0.9858 0.1889
193 202 026 050 0.1889 0.1889 0.9858 0.1889 0.9858 0.9858 0.9858 0.1889 0.1889 0.1889 0.1889 0.9858 0.9858 0.1889 0.1889 0.1889
202 026 050 231 0.9858 0.9858 0.1889 0.9858 0.9858 0.9858 0.1889 0.1889 0.1889 0.1889 0.1889 0.9858 0.9858 0.1889 0.1889 0.9858
026 050 231 250 0.9858 0.9858 0.1889 0.1889 0.1889 0.1889 0.9858 0.9858 0.9858 0.9858 0.1889 0.9858 0.9858 0.1889 0.9858 0.9858
050 231 250 265 0.1889 0.1889 0.9858 0.9858 0.1889 0.9858 0.9858 0.1889 0.9858 0.9858 0.9858 0.1889 0.9858 0.1889 0.9858 0.9858
231 250 265 142 0.9858 0.9858 0.1889 0.1889 0.1889 0.9858 0.9858 0.1889 0.9858 0.1889 0.9858 0.9858 0.1889 0.9858 0.9858 0.9858
250 265 142 251 0.9858 0.1889 0.9858 0.1889 0.1889 0.1889 0.1889 0.9858 0.1889 0.9858 0.1889 0.9858 0.1889 0.9858 0.9858 0.1889
265 142 251 041 0.1889 0.9858 0.1889 0.1889 0.1889 0.1889 0.9858 0.9858 0.1889 0.1889 0.9858 0.1889 0.9858 0.1889 0.9858 0.1889
142 251 041 140 0.9858 0.9858 0.9858 0.9858 0.1889 0.9858 0.1889 0.9858 0.1889 0.9858 0.9858 0.1889 0.9858 0.1889 0.1889 0.9858
251 041 140 016 0.1889 0.1889 0.9858 0.9858 0.9858 0.9858 0.1889 0.9858 0.9858 0.1889 0.9858 0.1889 0.9858 0.9858 0.1889 0.9858
041 140 016 177 0.9858 0.1889 0.1889 0.1889 0.9858 0.9858 0.1889 0.1889 0.9858 0.1889 0.9858 0.9858 0.9858 0.9858 0.1889 0.9858
140 016 177 180 0.9858 0.1889 0.1889 0.9858 0.9858 0.9858 0.1889 0.9858 0.9858 0.9858 0.1889 0.1889 0.9858 0.1889 0.9858 0.9858
016 177 180 168 0.1889 0.1889 0.1889 0.9858 0.9858 0.9858 0.1889 0.9858 0.1889 0.1889 0.9858 0.9858 0.9858 0.9858 0.9858 0.1889
177 180 168 280 0.9858 0.9858 0.9858 0.1889 0.1889 0.1889 0.1889 0.1889 0.9858 0.1889 0.1889 0.9858 0.9858 0.1889 0.9858 0.9858
180 168 280 183 0.9858 0.1889 0.1889 0.1889 0.9858 0.1889 0.1889 0.9858 0.1889 0.1889 0.1889 0.1889 0.9858 0.9858 0.9858 0.1889
168 280 183 216 0.9858 0.1889 0.9858 0.9858 0.1889 0.9858 0.9858 0.1889 0.1889 0.9858 0.9858 0.1889 0.1889 0.1889 0.9858 0.1889
280 183 216 230 0.9858 0.1889 0.9858 0.1889 0.1889 0.1889 0.1889 0.9858 0.1889 0.1889 0.1889 0.9858 0.9858 0.9858 0.9858 0.1889
183 216 230 281 0.9858 0.9858 0.1889 0.9858 0.1889 0.9858 0.1889 0.1889 0.9858 0.1889 0.1889 0.9858 0.9858 0.1889 0.1889 0.9858
216 230 281 003 0.9858 0.1889 0.9858 0.1889 0.9858 0.1889 0.1889 0.1889 0.9858 0.9858 0.1889 0.1889 0.1889 0.1889 0.9858 0.9858
230 281 003 000 0.9858 0.9858 0.9858 0.9858 0.9858 0.9858 0.1889 0.1889 0.9858 0.1889 0.9858 0.9858 0.9858 0.9858 0.9858 0.9858
281 003 000 108 0.9858 0.1889 0.1889 0.9858 0.9858 0.1889 0.1889 0.1889 0.9858 0.1889 0.9858 0.9858 0.9858 0.9858 0.9858 0.1889
003 000 108 290 0.9858 0.9858 0.1889 0.1889 0.9858 0.9858 0.9858 0.9858 0.1889 0.9858 0.1889 0.9858 0.1889 0.1889 0.1889 0.9858
000 108 290 162 0.1889 0.1889 0.9858 0.1889 0.1889 0.1889 0.9858 0.1889 0.1889 0.1889 0.9858 0.9858 0.1889 0.1889 0.9858 0.9858
108 290 162 073 0.9858 0.9858 0.9858 0.1889 0.9858 0.9858 0.1889 0.1889 0.9858 0.9858 0.1889 0.1889 0.9858 0.1889 0.9858 0.1889
290 162 073 027 0.1889 0.1889 0.9858 0.1889 0.1889 0.9858 0.9858 0.9858 0.9858 0.1889 0.1889 0.9858 0.1889 0.1889 0.9858 0.9858
162 073 027 257 0.9858 0.9858 0.9858 0.9858 0.1889 0.1889 0.1889 0.9858 0.1889 0.9858 0.9858 0.9858 0.9858 0.1889 0.9858 0.9858
073 027 257 224 0.9858 0.1889 0.1889 0.9858 0.1889 0.1889 0.9858 0.9858 0.1889 0.9858 0.1889 0.9858 0.1889 0.9858 0.9858 0.9858
027 257 224 199 0.9858 0.1889 0.1889 0.9858 0.9858 0.1889 0.1889 0.9858 0.1889 0.1889 0.1889 0.9858 0.1889 0.9858 0.1889 0.9858
257 224 199 155 0.1889 0.9858 0.1889 0.9858 0.9858 0.9858 0.9858 0.1889 0.1889 0.1889 0.1889 0.1889 0.1889 0.9858 0.1889 0.9858
224 199 155 270 0.1889 0.1889 0.1889 0.9858 0.1889 0.9858 0.1889 0.9858 0.9858 0.9858 0.9858 0.9858 0.9858 0.1889 0.1889 0.1889
199 155 270 353 0.1889 0.9858 0.9858 0.9858 0.9858 0.1889 0.9858 0.9858 0.1889 0.1889 0.1889 0.9858 0.9858 0.1889 0.1889 0.1889
155 270 353 220 0.1889 0.9858 0.9858 0.1889 0.1889 0.9858 0.9858 0.1889 0.1889 0.9858 0.1889 0.1889 0.9858 0.9858 0.9858 0.1889
270 353 220 334 0.9858 0.1889 0.1889 0.9858 0.1889 0.1889 0.1889 0.9858 0.1889 0.1889 0.9858 0.1889 0.1889 0.1889 0.1889 0.9858
353 220 334 171 0.1889 0.9858 0.9858 0.9858 0.9858 0.9858 0.1889 0.1889 0.1889 0.9858 0.1889 0.9858 0.1889 0.1889 0.9858 0.1889
220 334 171 011 0.1889 0.9858 0.9858 0.9858 0.9858 0.9858 0.9858 0.1889 0.9858 0.1889 0.9858 0.1889 0.9858 0.9858 0.1889 0.1889
334 171 011 144 0.9858 0.9858 0.9858 0.1889 0.1889 0.9858 0.9858 0.9858 0.1889 0.9858 0.9858 0.9858 0.1889 0.1889 0.1889 0.1889
171 011 144 289 0.1889 0.1889 0.9858 0.9858 0.9858 0.9858 0.9858 0.9858 0.9858 0.1889 0.1889 0.1889 0.9858 0.9858 0.9858 0.9858
011 144 289 084 0.1889 0.1889 0.9858 0.9858 0.9858 0.1889 0.9858 0.1889 0.9858 0.1889 0.1889 0.1889 0.9858 0.9858 0.1889 0.9858
144 289 084 249 0.9858 0.1889 0.9858 0.1889 0.9858 0.9858 0.1889 0.9858 0.1889 0.9858 0.9858 0.9858 0.9858 0.9858 0.9858 0.1889
289 084 249 349 0.9858 0.9858 0.9858 0.9858 0.9858 0.9858 0.9858 0.9858 0.9858 0.1889 0.9858 0.1889 0.9858 0.9858 0.9858 0.1889
084 249 349 022 0.9858 0.9858 0.1889 0.9858 0.9858 0.9858 0.1889 0.1889 0.9858 0.1889 0.1889 0.9858 0.1889 0.1889 0.1889 0.9858
249 349 022 159 0.9858 0.1889 0.9858 0.9858 0.9858 0.9858 0.9858 0.1889 0.1889 0.1889 0.1889 0.9858 0.9858 0.9858 0.9858 0.1889
349 022 159 028 0.1889 0.1889 0.1889 0.9858 0.1889 0.9858 0.9858 0.9858 0.9858 0.9858 0.9858 0.9858 0.1889 0.1889 0.9858 0.1889
022 159 028 259 0.1889 0.9858 0.1889 0.9858 0.9858 0.1889 0.1889 0.1889 0.9858 0.9858 0.1889 0.1889 0.1889 0.9858 0.1889 0.9858
159 028 259 239 0.9858 0.1889 0.1889 0.9858 0.1889 0.1889 0.9858 0.9858 0.9858 0.9858 0.1889 0.1889 0.9858 0.9858 0.1889 0.9858
028 259 239 229 0.1889 0.1889 0.9858 0.9858 0.9858 0.9858 0.9858 0.9858 0.9858 0.9858 0.1889 0.1889 0.9858 0.9858 0.9858 0.9858
259 239 229 225 0.9858 0.1889 0.9858 0.1889 0.9858 0.9858 0.1889 0.9858 0.9858 0.1889 0.9858 0.9858 0.1889 0.1889 0.9858 0.1889
239 229 225 309 0.1889 0.1889 0.1889 0.9858 0.9858 0.1889 0.9858 0.9858 0.1889 0.9858 0.1889 0.1889 0.9858 0.9858 0.9858 0.1889
229 225 309 266 0.9858 0.9858 0.9858 0.9858 0.1889 0.1889 0.1889 0.1889 0.9858 0.9858 0.9858 0.1889 0.1889 0.9858 0.9858 0.9858
225 309 266 169 0.1889 0.9858 0.1889 0.9858 0.1889 0.9858 0.1889 0.1889 0.9858 0.1889 0.1889 0.9858 0.9858 0.1889 0.1889 0.1889
309 266 169 301 0.9858 0.9858 0.1889 0.1889 0.1889 0.1889 0.1889 0.1889 0.9858 0.1889 0.9858 0.9858 0.9858 0.9858 0.1889 0.1889
266 169 301 242 0.9858 0.1889 0.9858 0.9858 0.9858 0.9858 0.1889 0.1889 0.9858 0.9858 0.9858 0.9858 0.1889 0.1889 0.1889 0.1889
169 301 242 175 0.1889 0.9858 0.9858 0.1889 0.1889 0.9858 0.9858 0.1889 0.9858 0.1889 0.9858 0.9858 0.1889 0.9858 0.1889 0.9858
301 242 175 323 0.1889 0.1889 0.1889 0.9858 0.1889 0.9858 0.9858 0.1889 0.1889 0.1889 0.1889 0.1889 0.9858 0.9858 0.9858 0.9858
242 175 323 019 0.1889 0.1889 0.9858 0.1889 0.9858 0.9858 0.9858 0.9858 0.9858 0.9858 0.9858 0.9858 0.9858 0.9858 0.1889 0.9858
175 323 019 318 0.9858 0.9858 0.1889 0.1889 0.1889 0.1889 0.9858 0.9858 0.1889 0.9858 0.9858 0.1889 0.1889 0.9858 0.1889 0.1889
323 019 318 044 0.1889 0.9858 0.1889 0.1889 0.1889 0.1889 0.9858 0.1889 0.1889 0.1889 0.1889 0.9858 0.1889 0.9858 0.9858 0.9858
019 318 044 306 0.9858 0.9858 0.1889 0.1889 0.9858 0.1889 0.9858 0.9858 0.1889 0.1889 0.1889 0.1889 0.9858 0.1889 0.9858 0.9858
318 044 306 103 0.1889 0.1889 0.1889 0.9858 0.1889 0.9858 0.1889 0.9858 0.9858 0.1889 0.1889 0.9858 0.1889 0.9858 0.9858 0.9858
044 306 103 056 0.9858 0.9858 0.9858 0.1889 0.9858 0.9858 0.1889 0.1889 0.9858 0.1889 0.9858 0.1889 0.1889 0.9858 0.9858 0.1889
306 103 056 343 0.9858 0.9858 0.9858 0.9858 0.1889 0.1889 0.9858 0.1889 0.9858 0.9858 0.9858 0.9858 0.1889 0.9858 0.9858 0.9858
103 056 343 024 0.9858 0.1889 0.9858 0.1889 0.1889 0.9858 0.9858 0.9858 0.9858 0.1889 0.1889 0.1889 0.1889 0.1889 0.9858 0.9858
056 343 024 109 0.9858 0.9858 0.1889 0.9858 0.1889 0.1889 0.9858 0.1889 0.9858 0.9858 0.9858 0.1889 0.1889 0.9858 0.1889 0.9858
343 024 109 123 0.9858 0.1889 0.1889 0.9858 0.1889 0.9858 0.9858 0.1889 0.9858 0.9858 0.9858 0.1889 0.1889 0.1889 0.1889 0.1889
024 109 123 286 0.1889 0.9858 0.9858 0.9858 0.9858 0.1889 0.9858 0.9858 0.1889 0.1889 0.1889 0.9858 0.1889 0.9858 0.9858 0.9858
109 123 286 262 0.1889 0.9858 0.9858 0.9858 0.9858 0.1889 0.9858 0.9858 0.1889 0.9858 0.9858 0.1889 0.9858 0.1889 0.9858 0.1889
123 286 262 299 0.9858 0.9858 0.9858 0.1889 0.9858 0.9858 0.9858 0.1889 0.9858 0.1889 0.9858 0.1889 0.9858 0.1889 0.9858 0.1889
286 262 299 035 0.1889 0.9858 0.9858 0.1889 0.9858 0.1889 0.9858 0.9858 0.1889 0.1889 0.9858 0.1889 0.1889 0.1889 0.1889 0.9858
262 299 035 261 0.9858 0.9858 0.1889 0.1889 0.9858 0.1889 0.1889 0.1889 0.9858 0.1889 0.9858 0.9858 0.1889 0.9858 0.9858 0.1889
299 035 261 269 0.9858 0.1889 0.1889 0.9858 0.9858 0.9858 0.1889 0.1889 0.9858 0.1889 0.9858 0.1889 0.9858 0.9858 0.1889 0.9858
035 261 269 072 0.9858 0.1889 0.1889 0.9858 0.1889 0.9858 0.1889 0.1889 0.1889 0.1889 0.1889 0.1889 0.1889 0.9858 0.1889 0.9858
261 269 072 086 0.1889 0.1889 0.1889 0.1889 0.9858 0.1889 0.1889 0.1889 0.1889 0.1889 0.1889 0.1889 0.1889 0.1889 0.1889 0.9858
269 072 086 083 0.9858 0.9858 0.1889 0.9858 0.9858 0.1889 0.1889 0.9858 0.9858 0.1889 0.1889 0.9858 0.9858 0.1889 0.1889 0.1889
072 086 083 049 0.1889 0.1889 0.9858 0.1889 0.9858 0.9858 0.1889 0.9858 0.1889 0.1889 0.1889 0.9858 0.1889 0.1889 0.1889 0.1889
086 083 049 338 0.9858 0.1889 0.9858 0.9858 0.9858 0.1889 0.1889 0.9858 0.1889 0.9858 0.1889 0.9858 0.9858 0.1889 0.1889 0.1889
083 049 338 148 0.9858 0.1889 0.1889 0.9858 0.1889 0.1889 0.1889 0.1889 0.1889 0.9858 0.9858 0.1889 0.9858 0.9858 0.9858 0.1889
049 338 148 187 0.1889 0.1889 0.1889 0.9858 0.1889 0.9858 0.9858 0.1889 0.9858 0.1889 0.9858 0.1889 0.1889 0.9858 0.1889 0.1889
338 148 187 033 0.9858 0.1889 0.9858 0.1889 0.1889 0.9858 0.1889 0.1889 0.1889 0.9858 0.9858 0.1889 0.9858 0.1889 0.1889 0.1889
