356 031684 3
244 057 239 281 0.1447 0.1447 0.9448 0.1447 0.9448 0.9448 0.9448 0.1447 0.1447 0.9448 0.1447 0.1447 0.1447 0.1447 0.1447 0.9448
057 239 281 166 0.9448 0.9448 0.9448 0.9448 0.9448 0.1447 0.9448 0.9448 0.1447 0.9448 0.1447 0.9448 0.1447 0.9448 0.9448 0.1447
239 281 166 022 0.1447 0.1447 0.1447 0.9448 0.1447 0.1447 0.9448 0.1447 0.9448 0.1447 0.1447 0.1447 0.9448 0.1447 0.9448 0.1447
281 166 022 133 0.9448 0.1447 0.9448 0.1447 0.9448 0.1447 0.1447 0.1447 0.9448 0.9448 0.9448 0.1447 0.9448 0.1447 0.1447 0.1447
166 022 133 203 0.1447 0.1447 0.1447 0.9448 0.9448 0.1447 0.1447 0.1447 0.1447 0.1447 0.9448 0.9448 0.1447 0.1447 0.1447 0.1447
022 133 203 155 0.9448 0.1447 0.9448 0.9448 0.9448 0.1447 0.9448 0.9448 0.9448 0.1447 0.1447 0.9448 0.1447 0.9448 0.9448 0.9448
133 203 155 292 0.9448 0.1447 0.9448 0.9448 0.9448 0.1447 0.9448 0.1447 0.9448 0.1447 0.9448 0.1447 0.1447 0.9448 0.1447 0.9448
203 155 292 053 0.9448 0.9448 0.1447 0.9448 0.1447 0.9448 0.1447 0.9448 0.9448 0.9448 0.9448 0.1447 0.9448 0.9448 0.9448 0.1447
155 292 053 352 0.9448 0.1447 0.9448 0.1447 0.9448 0.1447 0.1447 0.9448 0.9448 0.9448 0.9448 0.1447 0.9448 0.1447 0.1447 0.1447
292 053 352 279 0.1447 0.9448 0.9448 0.1447 0.1447 0.1447 0.9448 0.1447 0.1447 0.1447 0.9448 0.9448 0.1447 0.9448 0.9448 0.1447
053 352 279 014 0.9448 0.9448 0.9448 0.9448 0.9448 0.1447 0.9448 0.1447 0.9448 0.9448 0.9448 0.9448 0.9448 0.9448 0.1447 0.1447
352 279 014 233 0.1447 0.9448 0.9448 0.9448 0.9448 0.1447 0.9448 0.9448 0.9448 0.1447 0.1447 0.9448 0.9448 0.1447 0.1447 0.9448
279 014 233 020 0.9448 0.1447 0.1447 0.1447 0.1447 0.1447 0.9448 0.9448 0.1447 0.9448 0.1447 0.9448 0.1447 0.9448 0.9448 0.9448
014 233 020 031 0.9448 0.9448 0.1447 0.9448 0.1447 0.9448 0.1447 0.9448 0.9448 0.1447 0.9448 0.9448 0.1447 0.9448 0.9448 0.9448
233 020 031 025 0.1447 0.9448 0.9448 0.1447 0.1447 0.9448 0.1447 0.1447 0.1447 0.9448 0.9448 0.9448 0.9448 0.1447 0.9448 0.9448
020 031 025 298 0.9448 0.1447 0.1447 0.1447 0.9448 0.1447 0.9448 0.9448 0.1447 0.9448 0.1447 0.1447 0.1447 0.1447 0.9448 0.9448
031 025 298 317 0.1447 0.1447 0.1447 0.9448 0.1447 0.1447 0.1447 0.9448 0.1447 0.1447 0.1447 0.9448 0.9448 0.9448 0.9448 0.9448
025 298 317 236 0.1447 0.9448 0.9448 0.1447 0.1447 0.9448 0.1447 0.1447 0.1447 0.1447 0.1447 0.9448 0.1447 0.1447 0.1447 0.9448
298 317 236 277 0.9448 0.1447 0.9448 0.9448 0.9448 0.1447 0.1447 0.9448 0.9448 0.9448 0.9448 0.9448 0.9448 0.9448 0.1447 0.1447
317 236 277 221 0.1447 0.9448 0.9448 0.1447 0.1447 0.1447 0.9448 0.9448 0.1447 0.1447 0.1447 0.1447 0.9448 0.9448 0.1447 0.1447
236 277 221 119 0.1447 0.1447 0.1447 0.9448 0.9448 0.1447 0.1447 0.9448 0.9448 0.1447 0.1447 0.1447 0.1447 0.1447 0.9448 0.1447
277 221 119 091 0.9448 0.1447 0.1447 0.9448 0.1447 0.9448 0.1447 0.1447 0.1447 0.9448 0.1447 0.1447 0.9448 0.9448 0.1447 0.9448
221 119 091 198 0.1447 0.9448 0.9448 0.9448 0.1447 0.9448 0.1447 0.1447 0.9448 0.9448 0.9448 0.1447 0.9448 0.1447 0.1447 0.9448
119 091 198 205 0.9448 0.9448 0.9448 0.9448 0.1447 0.1447 0.9448 0.9448 0.9448 0.9448 0.1447 0.9448 0.1447 0.1447 0.1447 0.1447
091 198 205 115 0.1447 0.9448 0.1447 0.9448 0.1447 0.1447 0.1447 0.1447 0.9448 0.1447 0.1447 0.9448 0.1447 0.9448 0.1447 0.1447
198 205 115 163 0.9448 0.9448 0.9448 0.9448 0.1447 0.1447 0.9448 0.9448 0.1447 0.9448 0.9448 0.1447 0.1447 0.9448 0.9448 0.9448
205 115 163 323 0.9448 0.9448 0.1447 0.1447 0.1447 0.1447 0.9448 0.9448 0.9448 0.1447 0.1447 0.9448 0.9448 0.9448 0.9448 0.9448
115 163 323 341 0.9448 0.1447 0.9448 0.1447 0.1447 0.9448 0.1447 0.1447 0.1447 0.1447 0.9448 0.1447 0.1447 0.9448 0.1447 0.9448
163 323 341 351 0.9448 0.9448 0.9448 0.9448 0.9448 0.1447 0.9448 0.9448 0.9448 0.1447 0.9448 0.9448 0.9448 0.1447 0.1447 0.9448
323 341 351 189 0.1447 0.1447 0.9448 0.9448 0.1447 0.9448 0.9448 0.1447 0.1447 0.9448 0.1447 0.1447 0.9448 0.9448 0.1447 0.9448
341 351 189 171 0.9448 0.1447 0.9448 0.9448 0.9448 0.1447 0.9448 0.1447 0.9448 0.1447 0.9448 0.9448 0.9448 0.1447 0.1447 0.9448
351 189 171 231 0.9448 0.1447 0.9448 0.9448 0.9448 0.1447 0.9448 0.9448 0.9448 0.9448 0.9448 0.9448 0.9448 0.9448 0.9448 0.9448
189 171 231 012 0.1447 0.1447 0.1447 0.1447 0.9448 0.9448 0.1447 0.1447 0.9448 0.1447 0.1447 0.1447 0.9448 0.9448 0.1447 0.9448
171 231 012 044 0.9448 0.1447 0.1447 0.9448 0.9448 0.1447 0.1447 0.1447 0.1447 0.1447 0.1447 0.9448 0.1447 0.9448 0.1447 0.9448
231 012 044 222 0.9448 0.1447 0.1447 0.1447 0.1447 0.9448 0.1447 0.1447 0.1447 0.1447 0.9448 0.1447 0.9448 0.1447 0.1447 0.1447
012 044 222 249 0.1447 0.9448 0.9448 0.9448 0.1447 0.9448 0.1447 0.1447 0.9448 0.9448 0.9448 0.9448 0.1447 0.1447 0.1447 0.9448
044 222 249 047 0.9448 0.9448 0.9448 0.1447 0.9448 0.9448 0.9448 0.1447 0.9448 0.1447 0.9448 0.9448 0.9448 0.9448 0.9448 0.1447
222 249 047 260 0.9448 0.1447 0.1447 0.1447 0.9448 0.1447 0.9448 0.1447 0.9448 0.1447 0.1447 0.9448 0.9448 0.1447 0.9448 0.1447
249 047 260 301 0.1447 0.1447 0.9448 0.9448 0.1447 0.9448 0.1447 0.9448 0.1447 0.1447 0.9448 0.9448 0.1447 0.9448 0.9448 0.9448
047 260 301 097 0.9448 0.9448 0.1447 0.1447 0.9448 0.1447 0.9448 0.9448 0.9448 0.9448 0.9448 0.1447 0.1447 0.1447 0.9448 0.9448
260 301 097 107 0.9448 0.9448 0.9448 0.1447 0.1447 0.9448 0.1447 0.9448 0.1447 0.9448 0.1447 0.9448 0.9448 0.1447 0.9448 0.9448
301 097 107 106 0.9448 0.1447 0.9448 0.9448 0.9448 0.1447 0.9448 0.9448 0.9448 0.1447 0.9448 0.1447 0.9448 0.9448 0.1447 0.9448
097 107 106 272 0.9448 0.1447 0.1447 0.9448 0.1447 0.1447 0.9448 0.1447 0.9448 0.1447 0.9448 0.9448 0.9448 0.1447 0.1447 0.9448
107 106 272 121 0.1447 0.1447 0.1447 0.9448 0.1447 0.9448 0.1447 0.9448 0.9448 0.1447 0.1447 0.1447 0.1447 0.1447 0.1447 0.1447
106 272 121 175 0.1447 0.9448 0.9448 0.9448 0.1447 0.1447 0.1447 0.9448 0.9448 0.9448 0.9448 0.1447 0.1447 0.9448 0.9448 0.1447
272 121 175 082 0.9448 0.9448 0.1447 0.9448 0.1447 0.9448 0.1447 0.9448 0.9448 0.1447 0.1447 0.9448 0.9448 0.1447 0.1447 0.1447
121 175 082 294 0.1447 0.9448 0.1447 0.9448 0.9448 0.1447 0.9448 0.1447 0.9448 0.9448 0.1447 0.1447 0.9448 0.9448 0.1447 0.9448
175 082 294 201 0.1447 0.9448 0.1447 0.9448 0.1447 0.9448 0.9448 0.9448 0.9448 0.1447 0.9448 0.1447 0.9448 0.9448 0.9448 0.9448
082 294 201 273 0.9448 0.9448 0.1447 0.9448 0.9448 0.1447 0.1447 0.1447 0.9448 0.1447 0.9448 0.9448 0.1447 0.1447 0.9448 0.1447
294 201 273 002 0.9448 0.1447 0.1447 0.1447 0.1447 0.9448 0.9448 0.1447 0.1447 0.1447 0.1447 0.1447 0.9448 0.1447 0.9448 0.9448
201 273 002 067 0.9448 0.9448 0.9448 0.1447 0.1447 0.1447 0.1447 0.1447 0.9448 0.1447 0.1447 0.9448 0.9448 0.1447 0.9448 0.9448
273 002 067 306 0.9448 0.9448 0.1447 0.9448 0.9448 0.1447 0.9448 0.1447 0.1447 0.1447 0.9448 0.1447 0.1447 0.9448 0.9448 0.9448
002 067 306 033 0.1447 0.1447 0.1447 0.1447 0.1447 0.9448 0.1447 0.9448 0.9448 0.1447 0.1447 0.1447 0.1447 0.1447 0.1447 0.1447
067 306 033 113 0.9448 0.9448 0.9448 0.1447 0.1447 0.1447 0.1447 0.9448 0.9448 0.1447 0.9448 0.9448 0.9448 0.9448 0.1447 0.9448
306 033 113 157 0.9448 0.9448 0.9448 0.1447 0.1447 0.1447 0.1447 0.1447 0.9448 0.1447 0.9448 0.1447 0.1447 0.9448 0.9448 0.9448
033 113 157 322 0.9448 0.1447 0.9448 0.1447 0.1447 0.1447 0.9448 0.9448 0.1447 0.1447 0.9448 0.1447 0.9448 0.1447 0.1447 0.9448
113 157 322 001 0.9448 0.1447 0.1447 0.1447 0.9448 0.9448 0.9448 0.1447 0.9448 0.9448 0.9448 0.9448 0.1447 0.9448 0.1447 0.1447
157 322 001 348 0.9448 0.1447 0.1447 0.1447 0.1447 0.9448 0.1447 0.1447 0.1447 0.9448 0.1447 0.9448 0.1447 0.1447 0.1447 0.1447
322 001 348 300 0.9448 0.1447 0.9448 0.9448 0.1447 0.9448 0.1447 0.9448 0.9448 0.9448 0.1447 0.1447 0.1447 0.9448 0.1447 0.1447
001 348 300 282 0.9448 0.9448 0.9448 0.9448 0.9448 0.1447 0.1447 0.1447 0.1447 0.9448 0.9448 0.1447 0.9448 0.1447 0.9448 0.1447
348 300 282 135 0.9448 0.9448 0.1447 0.9448 0.9448 0.9448 0.9448 0.9448 0.1447 0.9448 0.1447 0.1447 0.1447 0.9448 0.1447 0.9448
300 282 135 122 0.1447 0.1447 0.9448 0.9448 0.1447 0.1447 0.1447 0.1447 0.1447 0.1447 0.1447 0.9448 0.9448 0.1447 0.9448 0.9448
282 135 122 343 0.9448 0.1447 0.9448 0.9448 0.1447 0.9448 0.9448 0.1447 0.9448 0.1447 0.1447 0.1447 0.9448 0.1447 0.1447 0.9448
135 122 343 312 0.1447 0.1447 0.9448 0.9448 0.9448 0.9448 0.1447 0.1447 0.1447 0.1447 0.9448 0.1447 0.9448 0.1447 0.9448 0.1447
122 343 312 226 0.1447 0.9448 0.1447 0.9448 0.9448 0.1447 0.1447 0.9448 0.9448 0.1447 0.1447 0.9448 0.9448 0.1447 0.9448 0.9448
343 312 226 177 0.9448 0.1447 0.1447 0.9448 0.9448 0.1447 0.9448 0.1447 0.9448 0.1447 0.9448 0.1447 0.9448 0.1447 0.9448 0.1447
312 226 177 048 0.9448 0.1447 0.1447 0.9448 0.1447 0.1447 0.9448 0.9448 0.1447 0.1447 0.1447 0.1447 0.1447 0.1447 0.1447 0.9448
226 177 048 213 0.9448 0.9448 0.9448 0.9448 0.1447 0.9448 0.1447 0.9448 0.9448 0.1447 0.9448 0.1447 0.1447 0.1447 0.1447 0.1447
177 048 213 011 0.9448 0.1447 0.1447 0.9448 0.1447 0.1447 0.1447 0.1447 0.1447 0.1447 0.9448 0.1447 0.9448 0.9448 0.1447 0.1447
048 213 011 315 0.1447 0.9448 0.9448 0.9448 0.9448 0.9448 0.9448 0.9448 0.9448 0.9448 0.9448 0.9448 0.1447 0.1447 0.1447 0.1447
213 011 315 354 0.9448 0.1447 0.9448 0.1447 0.9448 0.1447 0.1447 0.1447 0.9448 0.9448 0.9448 0.9448 0.9448 0.1447 0.1447 0.9448
011 315 354 275 0.1447 0.9448 0.1447 0.9448 0.1447 0.9448 0.1447 0.1447 0.9448 0.1447 0.9448 0.1447 0.9448 0.9448 0.9448 0.9448
315 354 275 137 0.9448 0.9448 0.1447 0.9448 0.9448 0.1447 0.9448 0.9448 0.9448 0.9448 0.9448 0.9448 0.1447 0.1447 0.1447 0.9448
354 275 137 309 0.9448 0.9448 0.1447 0.9448 0.1447 0.1447 0.1447 0.9448 0.9448 0.1447 0.1447 0.9448 0.9448 0.1447 0.9448 0.9448
275 137 309 023 0.9448 0.1447 0.1447 0.1447 0.9448 0.9448 0.1447 0.1447 0.1447 0.1447 0.9448 0.1447 0.1447 0.9448 0.1447 0.9448
137 309 023 291 0.9448 0.1447 0.9448 0.9448 0.1447 0.1447 0.9448 0.1447 0.9448 0.9448 0.1447 0.9448 0.1447 0.1447 0.9448 0.1447
309 023 291 240 0.9448 0.1447 0.9448 0.9448 0.1447 0.9448 0.9448 0.1447 0.1447 0.9448 0.1447 0.1447 0.1447 0.9448 0.9448 0.1447
023 291 240 074 0.9448 0.1447 0.9448 0.9448 0.1447 0.1447 0.9448 0.1447 0.9448 0.9448 0.9448 0.1447 0.9448 0.1447 0.9448 0.9448
291 240 074 293 0.1447 0.1447 0.9448 0.1447 0.9448 0.1447 0.1447 0.9448 0.9448 0.9448 0.9448 0.9448 0.9448 0.9448 0.9448 0.1447
240 074 293 305 0.1447 0.9448 0.1447 0.9448 0.9448 0.1447 0.1447 0.1447 0.9448 0.1447 0.1447 0.9448 0.1447 0.9448 0.1447 0.9448
074 293 305 037 0.9448 0.9448 0.9448 0.9448 0.9448 0.9448 0.1447 0.9448 0.9448 0.9448 0.1447 0.1447 0.1447 0.9448 0.9448 0.9448
293 305 037 070 0.9448 0.1447 0.9448 0.9448 0.9448 0.1447 0.1447 0.1447 0.1447 0.1447 0.1447 0.1447 0.1447 0.1447 0.1447 0.1447
305 037 070 206 0.1447 0.9448 0.1447 0.9448 0.1447 0.9448 0.1447 0.9448 0.1447 0.1447 0.9448 0.1447 0.9448 0.1447 0.1447 0.9448
037 070 206 259 0.1447 0.1447 0.9448 0.9448 0.1447 0.9448 0.9448 0.9448 0.1447 0.1447 0.1447 0.9448 0.9448 0.9448 0.1447 0.9448
070 206 259 340 0.9448 0.1447 0.9448 0.9448 0.1447 0.9448 0.1447 0.9448 0.9448 0.9448 0.1447 0.9448 0.1447 0.1447 0.1447 0.1447
206 259 340 032 0.9448 0.9448 0.9448 0.9448 0.9448 0.1447 0.1447 0.1447 0.9448 0.9448 0.9448 0.9448 0.9448 0.1447 0.9448 0.1447
259 340 032 018 0.9448 0.9448 0.1447 0.9448 0.1447 0.9448 0.1447 0.9448 0.1447 0.1447 0.9448 0.1447 0.9448 0.1447 0.1447 0.9448
340 032 018 081 0.1447 0.1447 0.1447 0.1447 0.9448 0.9448 0.1447 0.1447 0.1447 0.9448 0.9448 0.1447 0.9448 0.9448 0.9448 0.1447
032 018 081 302 0.1447 0.9448 0.9448 0.1447 0.9448 0.1447 0.1447 0.9448 0.1447 0.9448 0.9448 0.1447 0.1447 0.1447 0.9448 0.9448
018 081 302 241 0.1447 0.9448 0.1447 0.9448 0.1447 0.9448 0.9448 0.9448 0.1447 0.1447 0.1447 0.1447 0.9448 0.1447 0.1447 0.1447
081 302 241 311 0.9448 0.9448 0.9448 0.1447 0.9448 0.1447 0.9448 0.9448 0.9448 0.9448 0.1447 0.1447 0.1447 0.9448 0.9448 0.9448
302 241 311 290 0.1447 0.9448 0.1447 0.9448 0.1447 0.9448 0.9448 0.9448 0.1447 0.9448 0.1447 0.9448 0.9448 0.1447 0.1447 0.1447
241 311 290 124 0.1447 0.9448 0.9448 0.1447 0.1447 0.9448 0.9448 0.9448 0.9448 0.1447 0.1447 0.1447 0.9448 0.9448 0.1447 0.1447
311 290 124 220 0.1447 0.9448 0.1447 0.9448 0.1447 0.1447 0.9448 0.9448 0.9448 0.9448 0.9448 0.1447 0.9448 0.1447 0.1447 0.9448
290 124 220 174 0.9448 0.9448 0.1447 0.1447 0.1447 0.9448 0.9448 0.1447 0.1447 0.1447 0.1447 0.1447 0.9448 0.1447 0.9448 0.1447
124 220 174 079 0.9448 0.9448 0.1447 0.1447 0.1447 0.1447 0.1447 0.1447 0.1447 0.1447 0.9448 0.9448 0.1447 0.9448 0.1447 0.9448
220 174 079 188 0.1447 0.1447 0.9448 0.1447 0.9448 0.9448 0.1447 0.9448 0.1447 0.9448 0.1447 0.1447 0.1447 0.1447 0.1447 0.9448
174 079 188 192 0.9448 0.1447 0.9448 0.9448 0.1447 0.9448 0.1447 0.9448 0.1447 0.1447 0.1447 0.9448 0.9448 0.9448 0.1447 0.1447
079 188 192 128 0.9448 0.1447 0.9448 0.1447 0.9448 0.9448 0.1447 0.1447 0.9448 0.1447 0.9448 0.1447 0.9448 0.9448 0.1447 0.9448
188 192 128 258 0.9448 0.1447 0.1447 0.1447 0.1447 0.1447 0.9448 0.9448 0.9448 0.1447 0.9448 0.1447 0.9448 0.9448 0.1447 0.1447
192 128 258 211 0.1447 0.9448 0.9448 0.1447 0.1447 0.9448 0.1447 0.1447 0.1447 0.9448 0.9448 0.9448 0.9448 0.9448 0.1447 0.1447
128 258 211 253 0.9448 0.9448 0.9448 0.9448 0.9448 0.9448 0.9448 0.9448 0.1447 0.1447 0.9448 0.9448 0.9448 0.1447 0.9448 0.1447
258 211 253 126 0.9448 0.9448 0.1447 0.1447 0.9448 0.1447 0.9448 0.9448 0.1447 0.9448 0.1447 0.1447 0.1447 0.9448 0.1447 0.9448
211 253 126 214 0.1447 0.9448 0.9448 0.1447 0.9448 0.9448 0.9448 0.1447 0.9448 0.9448 0.9448 0.9448 0.1447 0.9448 0.9448 0.9448
253 126 214 355 0.1447 0.1447 0.1447 0.9448 0.1447 0.1447 0.9448 0.9448 0.1447 0.9448 0.9448 0.1447 0.9448 0.1447 0.9448 0.1447
126 214 355 058 0.1447 0.1447 0.9448 0.1447 0.1447 0.1447 0.9448 0.1447 0.1447 0.1447 0.1447 0.9448 0.9448 0.9448 0.1447 0.1447
214 355 058 061 0.9448 0.1447 0.9448 0.9448 0.1447 0.9448 0.1447 0.9448 0.1447 0.1447 0.9448 0.9448 0.9448 0.1447 0.1447 0.9448
355 058 061 329 0.1447 0.1447 0.1447 0.9448 0.1447 0.1447 0.1447 0.9448 0.9448 0.1447 0.9448 0.1447 0.1447 0.1447 0.1447 0.1447
058 061 329 087 0.9448 0.1447 0.9448 0.9448 0.1447 0.9448 0.9448 0.1447 0.9448 0.1447 0.1447 0.1447 0.9448 0.9448 0.9448 0.1447
061 329 087 333 0.1447 0.9448 0.9448 0.9448 0.1447 0.9448 0.9448 0.1447 0.9448 0.9448 0.9448 0.1447 0.9448 0.9448 0.9448 0.1447
329 087 333 027 0.1447 0.1447 0.1447 0.9448 0.9448 0.9448 0.1447 0.9448 0.1447 0.1447 0.9448 0.1447 0.1447 0.1447 0.9448 0.9448
087 333 027 148 0.9448 0.1447 0.9448 0.1447 0.9448 0.9448 0.9448 0.1447 0.9448 0.1447 0.9448 0.1447 0.9448 0.9448 0.9448 0.1447
333 027 148 210 0.1447 0.9448 0.1447 0.9448 0.9448 0.9448 0.1447 0.9448 0.1447 0.1447 0.1447 0.9448 0.9448 0.1447 0.1447 0.1447
027 148 210 080 0.9448 0.9448 0.1447 0.1447 0.9448 0.1447 0.1447 0.1447 0.1447 0.1447 0.9448 0.1447 0.9448 0.9448 0.1447 0.1447
148 210 080 245 0.1447 0.1447 0.1447 0.1447 0.1447 0.9448 0.1447 0.1447 0.9448 0.9448 0.1447 0.9448 0.1447 0.9448 0.1447 0.1447
210 080 245 143 0.1447 0.1447 0.1447 0.1447 0.1447 0.9448 0.9448 0.1447 0.1447 0.1447 0.9448 0.1447 0.9448 0.9448 0.1447 0.9448
080 245 143 284 0.9448 0.9448 0.9448 0.1447 0.1447 0.1447 0.1447 0.9448 0.1447 0.1447 0.9448 0.9448 0.1447 0.9448 0.1447 0.1447
245 143 284 256 0.9448 0.1447 0.9448 0.1447 0.1447 0.9448 0.9448 0.9448 0.9448 0.1447 0.9448 0.1447 0.9448 0.1447 0.9448 0.1447
143 284 256 350 0.9448 0.9448 0.1447 0.9448 0.1447 0.1447 0.1447 0.1447 0.1447 0.1447 0.1447 0.9448 0.1447 0.9448 0.1447 0.1447
284 256 350 283 0.9448 0.1447 0.1447 0.9448 0.1447 0.9448 0.1447 0.1447 0.9448 0.1447 0.9448 0.1447 0.9448 0.1447 0.1447 0.9448
256 350 283 304 0.1447 0.1447 0.1447 0.9448 0.1447 0.9448 0.1447 0.1447 0.9448 0.1447 0.1447 0.1447 0.9448 0.1447 0.9448 0.1447
350 283 304 324 0.1447 0.9448 0.1447 0.9448 0.9448 0.9448 0.9448 0.1447 0.1447 0.1447 0.9448 0.1447 0.1447 0.1447 0.9448 0.1447
283 304 324 325 0.1447 0.9448 0.1447 0.9448 0.9448 0.9448 0.1447 0.9448 0.9448 0.9448 0.9448 0.9448 0.1447 0.9448 0.9448 0.1447
304 324 325 307 0.9448 0.1447 0.1447 0.9448 0.9448 0.9448 0.1447 0.9448 0.1447 0.9448 0.9448 0.1447 0.9448 0.9448 0.9448 0.1447
324 325 307 153 0.9448 0.1447 0.9448 0.9448 0.1447 0.9448 0.1447 0.1447 0.1447 0.1447 0.9448 0.9448 0.1447 0.1447 0.1447 0.9448
325 307 153 003 0.1447 0.1447 0.9448 0.9448 0.1447 0.9448 0.1447 0.1447 0.1447 0.9448 0.1447 0.9448 0.9448 0.9448 0.1447 0.9448
307 153 003 118 0.1447 0.9448 0.9448 0.9448 0.1447 0.9448 0.1447 0.1447 0.9448 0.9448 0.9448 0.1447 0.1447 0.9448 0.1447 0.9448
153 003 118 217 0.9448 0.1447 0.9448 0.9448 0.1447 0.1447 0.9448 0.1447 0.1447 0.9448 0.1447 0.9448 0.1447 0.9448 0.9448 0.9448
003 118 217 035 0.9448 0.9448 0.1447 0.9448 0.9448 0.9448 0.9448 0.1447 0.9448 0.9448 0.1447 0.9448 0.1447 0.1447 0.1447 0.9448
118 217 035 016 0.9448 0.1447 0.9448 0.9448 0.1447 0.9448 0.9448 0.1447 0.1447 0.9448 0.1447 0.9448 0.1447 0.1447 0.9448 0.1447
217 035 016 250 0.9448 0.9448 0.9448 0.9448 0.9448 0.1447 0.9448 0.1447 0.1447 0.9448 0.9448 0.1447 0.1447 0.9448 0.1447 0.1447
035 016 250 141 0.1447 0.9448 0.1447 0.1447 0.1447 0.9448 0.9448 0.9448 0.9448 0.9448 0.9448 0.1447 0.1447 0.9448 0.1447 0.9448
016 250 141 010 0.1447 0.1447 0.1447 0.1447 0.1447 0.9448 0.1447 0.9448 0.1447 0.9448 0.9448 0.1447 0.9448 0.9448 0.1447 0.9448
250 141 010 224 0.9448 0.9448 0.1447 0.1447 0.1447 0.9448 0.1447 0.9448 0.1447 0.9448 0.1447 0.1447 0.9448 0.1447 0.9448 0.9448
141 010 224 129 0.1447 0.1447 0.9448 0.1447 0.1447 0.9448 0.9448 0.1447 0.9448 0.1447 0.9448 0.1447 0.9448 0.1447 0.9448 0.1447
010 224 129 028 0.1447 0.1447 0.1447 0.9448 0.9448 0.9448 0.1447 0.1447 0.1447 0.9448 0.9448 0.1447 0.9448 0.1447 0.9448 0.1447
224 129 028 045 0.1447 0.9448 0.1447 0.1447 0.1447 0.9448 0.9448 0.1447 0.1447 0.1447 0.9448 0.9448 0.1447 0.1447 0.9448 0.9448
129 028 045 183 0.1447 0.9448 0.9448 0.9448 0.1447 0.1447 0.1447 0.1447 0.1447 0.9448 0.9448 0.1447 0.9448 0.1447 0.9448 0.9448
028 045 183 103 0.9448 0.1447 0.1447 0.9448 0.9448 0.9448 0.9448 0.9448 0.9448 0.9448 0.9448 0.1447 0.1447 0.1447 0.9448 0.1447
045 183 103 310 0.1447 0.9448 0.1447 0.9448 0.1447 0.1447 0.9448 0.1447 0.9448 0.9448 0.9448 0.9448 0.1447 0.1447 0.1447 0.1447
183 103 310 098 0.1447 0.9448 0.9448 0.9448 0.1447 0.9448 0.1447 0.1447 0.1447 0.9448 0.9448 0.1447 0.9448 0.9448 0.1447 0.1447
103 310 098 039 0.1447 0.1447 0.9448 0.9448 0.1447 0.9448 0.1447 0.1447 0.9448 0.9448 0.9448 0.9448 0.9448 0.1447 0.1447 0.1447
310 098 039 187 0.9448 0.9448 0.9448 0.1447 0.1447 0.9448 0.9448 0.9448 0.1447 0.9448 0.1447 0.9448 0.1447 0.9448 0.1447 0.1447
098 039 187 056 0.9448 0.1447 0.9448 0.9448 0.1447 0.1447 0.9448 0.9448 0.1447 0.1447 0.1447 0.9448 0.1447 0.9448 0.1447 0.9448
039 187 056 147 0.1447 0.9448 0.9448 0.1447 0.9448 0.9448 0.9448 0.9448 0.9448 0.1447 0.9448 0.9448 0.9448 0.9448 0.1447 0.1447
187 056 147 219 0.9448 0.9448 0.1447 0.9448 0.9448 0.9448 0.9448 0.9448 0.9448 0.9448 0.1447 0.1447 0.1447 0.9448 0.9448 0.1447
056 147 219 314 0.1447 0.1447 0.1447 0.1447 0.9448 0.9448 0.9448 0.9448 0.9448 0.9448 0.9448 0.9448 0.9448 0.9448 0.9448 0.9448
147 219 314 207 0.9448 0.9448 0.1447 0.9448 0.9448 0.1447 0.1447 0.1447 0.9448 0.1447 0.1447 0.1447 0.9448 0.1447 0.1447 0.1447
219 314 207 232 0.1447 0.1447 0.9448 0.1447 0.9448 0.1447 0.9448 0.9448 0.9448 0.1447 0.9448 0.9448 0.1447 0.1447 0.9448 0.1447
314 207 232 179 0.9448 0.1447 0.9448 0.1447 0.1447 0.1447 0.1447 0.9448 0.9448 0.1447 0.1447 0.1447 0.9448 0.1447 0.9448 0.9448
207 232 179 078 0.9448 0.1447 0.1447 0.1447 0.9448 0.9448 0.1447 0.1447 0.1447 0.9448 0.1447 0.9448 0.1447 0.9448 0.1447 0.9448
232 179 078 288 0.1447 0.1447 0.1447 0.1447 0.9448 0.1447 0.9448 0.9448 0.9448 0.9448 0.1447 0.1447 0.1447 0.1447 0.1447 0.1447
179 078 288 041 0.1447 0.9448 0.9448 0.1447 0.1447 0.9448 0.9448 0.9448 0.1447 0.9448 0.1447 0.1447 0.9448 0.1447 0.1447 0.1447
078 288 041 093 0.1447 0.9448 0.9448 0.9448 0.9448 0.9448 0.9448 0.1447 0.9448 0.1447 0.1447 0.9448 0.1447 0.1447 0.9448 0.1447
288 041 093 125 0.1447 0.1447 0.9448 0.1447 0.9448 0.1447 0.1447 0.9448 0.9448 0.1447 0.9448 0.9448 0.1447 0.1447 0.9448 0.9448
041 093 125 064 0.9448 0.1447 0.9448 0.9448 0.1447 0.9448 0.9448 0.1447 0.1447 0.1447 0.9448 0.1447 0.9448 0.1447 0.1447 0.9448
093 125 064 316 0.9448 0.9448 0.1447 0.1447 0.1447 0.9448 0.1447 0.9448 0.9448 0.9448 0.9448 0.1447 0.9448 0.1447 0.1447 0.9448
125 064 316 013 0.1447 0.9448 0.1447 0.9448 0.1447 0.9448 0.1447 0.9448 0.9448 0.9448 0.9448 0.1447 0.9448 0.1447 0.9448 0.9448
064 316 013 043 0.9448 0.9448 0.9448 0.1447 0.9448 0.1447 0.1447 0.9448 0.1447 0.1447 0.9448 0.1447 0.1447 0.1447 0.1447 0.9448
316 013 043 110 0.1447 0.1447 0.1447 0.9448 0.9448 0.1447 0.9448 0.9448 0.9448 0.1447 0.1447 0.9448 0.1447 0.1447 0.9448 0.1447
013 043 110 114 0.1447 0.9448 0.9448 0.9448 0.1447 0.1447 0.9448 0.1447 0.9448 0.1447 0.1447 0.1447 0.9448 0.9448 0.9448 0.1447
043 110 114 251 0.9448 0.9448 0.9448 0.9448 0.1447 0.1447 0.1447 0.9448 0.1447 0.1447 0.9448 0.9448 0.1447 0.9448 0.1447 0.9448
110 114 251 265 0.1447 0.9448 0.1447 0.1447 0.1447 0.1447 0.1447 0.9448 0.9448 0.1447 0.9448 0.1447 0.1447 0.1447 0.9448 0.9448
114 251 265 295 0.1447 0.9448 0.9448 0.9448 0.9448 0.9448 0.1447 0.9448 0.9448 0.1447 0.9448 0.9448 0.9448 0.1447 0.1447 0.9448
251 265 295 130 0.1447 0.1447 0.1447 0.1447 0.9448 0.9448 0.9448 0.1447 0.1447 0.1447 0.1447 0.9448 0.1447 0.9448 0.1447 0.9448
265 295 130 280 0.1447 0.9448 0.9448 0.9448 0.9448 0.1447 0.9448 0.9448 0.9448 0.9448 0.9448 0.1447 0.9448 0.9448 0.9448 0.9448
295 130 280 077 0.9448 0.9448 0.9448 0.1447 0.9448 0.9448 0.9448 0.9448 0.9448 0.9448 0.1447 0.1447 0.1447 0.1447 0.9448 0.9448
130 280 077 336 0.1447 0.9448 0.9448 0.1447 0.9448 0.1447 0.1447 0.9448 0.9448 0.9448 0.9448 0.9448 0.9448 0.1447 0.9448 0.9448
280 077 336 029 0.9448 0.1447 0.1447 0.9448 0.1447 0.9448 0.9448 0.9448 0.9448 0.1447 0.1447 0.9448 0.9448 0.1447 0.9448 0.1447
077 336 029 075 0.9448 0.9448 0.1447 0.9448 0.1447 0.9448 0.1447 0.9448 0.9448 0.1447 0.1447 0.9448 0.9448 0.9448 0.1447 0.1447
336 029 075 263 0.9448 0.9448 0.1447 0.1447 0.9448 0.1447 0.1447 0.1447 0.1447 0.9448 0.9448 0.9448 0.1447 0.9448 0.1447 0.1447
029 075 263 181 0.9448 0.9448 0.9448 0.9448 0.1447 0.1447 0.9448 0.9448 0.1447 0.1447 0.1447 0.1447 0.1447 0.1447 0.9448 0.9448
075 263 181 073 0.9448 0.9448 0.1447 0.9448 0.1447 0.1447 0.9448 0.1447 0.1447 0.1447 0.9448 0.9448 0.1447 0.9448 0.9448 0.1447
263 181 073 204 0.9448 0.9448 0.9448 0.9448 0.1447 0.1447 0.1447 0.1447 0.9448 0.1447 0.9448 0.9448 0.1447 0.9448 0.9448 0.9448
181 073 204 055 0.9448 0.1447 0.1447 0.9448 0.9448 0.9448 0.1447 0.1447 0.9448 0.1447 0.1447 0.9448 0.9448 0.1447 0.9448 0.1447
073 204 055 246 0.1447 0.1447 0.9448 0.1447 0.1447 0.9448 0.9448 0.9448 0.9448 0.1447 0.1447 0.9448 0.1447 0.9448 0.1447 0.1447
204 055 246 184 0.9448 0.1447 0.1447 0.1447 0.1447 0.9448 0.9448 0.9448 0.1447 0.9448 0.9448 0.9448 0.9448 0.1447 0.1447 0.1447
055 246 184 042 0.1447 0.9448 0.1447 0.9448 0.9448 0.1447 0.1447 0.1447 0.1447 0.1447 0.9448 0.9448 0.9448 0.9448 0.1447 0.9448
246 184 042 008 0.9448 0.9448 0.1447 0.1447 0.9448 0.1447 0.1447 0.9448 0.9448 0.9448 0.1447 0.1447 0.9448 0.1447 0.1447 0.9448
184 042 008 212 0.1447 0.9448 0.9448 0.9448 0.1447 0.1447 0.9448 0.9448 0.9448 0.9448 0.9448 0.1447 0.9448 0.9448 0.9448 0.1447
042 008 212 026 0.9448 0.1447 0.9448 0.1447 0.9448 0.9448 0.1447 0.1447 0.1447 0.9448 0.9448 0.9448 0.1447 0.9448 0.9448 0.1447
008 212 026 030 0.9448 0.1447 0.1447 0.1447 0.1447 0.1447 0.1447 0.9448 0.1447 0.1447 0.9448 0.9448 0.9448 0.1447 0.1447 0.1447
212 026 030 200 0.9448 0.1447 0.9448 0.9448 0.1447 0.1447 0.9448 0.1447 0.9448 0.9448 0.9448 0.1447 0.9448 0.9448 0.1447 0.9448
026 030 200 158 0.9448 0.1447 0.1447 0.9448 0.9448 0.9448 0.1447 0.1447 0.1447 0.9448 0.9448 0.1447 0.9448 0.9448 0.9448 0.9448
030 200 158 186 0.1447 0.9448 0.1447 0.9448 0.9448 0.9448 0.9448 0.9448 0.1447 0.1447 0.9448 0.1447 0.9448 0.1447 0.9448 0.9448
200 158 186 167 0.9448 0.9448 0.9448 0.1447 0.1447 0.1447 0.1447 0.9448 0.1447 0.1447 0.1447 0.9448 0.1447 0.1447 0.1447 0.1447
158 186 167 046 0.1447 0.1447 0.9448 0.1447 0.1447 0.9448 0.1447 0.9448 0.1447 0.9448 0.1447 0.9448 0.1447 0.9448 0.9448 0.9448
186 167 046 071 0.1447 0.1447 0.9448 0.9448 0.9448 0.1447 0.1447 0.9448 0.1447 0.9448 0.9448 0.1447 0.1447 0.9448 0.1447 0.9448
167 046 071 335 0.9448 0.9448 0.9448 0.1447 0.1447 0.9448 0.1447 0.1447 0.9448 0.1447 0.1447 0.1447 0.9448 0.9448 0.9448 0.9448
046 071 335 068 0.9448 0.1447 0.1447 0.9448 0.9448 0.1447 0.9448 0.9448 0.9448 0.9448 0.9448 0.1447 0.9448 0.1447 0.1447 0.9448
071 335 068 321 0.1447 0.1447 0.1447 0.9448 0.1447 0.9448 0.9448 0.1447 0.9448 0.9448 0.1447 0.1447 0.9448 0.9448 0.1447 0.9448
335 068 321 127 0.1447 0.1447 0.9448 0.1447 0.1447 0.1447 0.9448 0.9448 0.1447 0.9448 0.1447 0.1447 0.1447 0.1447 0.1447 0.9448
068 321 127 296 0.1447 0.1447 0.1447 0.9448 0.1447 0.1447 0.1447 0.9448 0.1447 0.9448 0.9448 0.1447 0.1447 0.9448 0.9448 0.1447
321 127 296 176 0.9448 0.1447 0.9448 0.9448 0.9448 0.1447 0.9448 0.1447 0.9448 0.1447 0.9448 0.9448 0.1447 0.1447 0.9448 0.1447
127 296 176 278 0.9448 0.9448 0.1447 0.9448 0.1447 0.9448 0.1447 0.9448 0.1447 0.1447 0.9448 0.1447 0.1447 0.1447 0.1447 0.1447
296 176 278 347 0.9448 0.9448 0.1447 0.1447 0.1447 0.1447 0.9448 0.9448 0.9448 0.1447 0.9448 0.1447 0.1447 0.1447 0.1447 0.9448
176 278 347 024 0.9448 0.1447 0.1447 0.9448 0.1447 0.9448 0.1447 0.9448 0.1447 0.1447 0.1447 0.1447 0.9448 0.1447 0.9448 0.9448
278 347 024 337 0.1447 0.1447 0.9448 0.1447 0.9448 0.9448 0.9448 0.9448 0.1447 0.9448 0.9448 0.1447 0.9448 0.9448 0.9448 0.1447
347 024 337 066 0.1447 0.9448 0.9448 0.1447 0.1447 0.1447 0.1447 0.1447 0.1447 0.9448 0.1447 0.1447 0.1447 0.1447 0.1447 0.1447
024 337 066 209 0.1447 0.1447 0.9448 0.9448 0.1447 0.9448 0.9448 0.9448 0.9448 0.9448 0.1447 0.9448 0.9448 0.9448 0.9448 0.1447
337 066 209 313 0.1447 0.9448 0.9448 0.1447 0.9448 0.1447 0.1447 0.1447 0.9448 0.1447 0.1447 0.9448 0.1447 0.1447 0.1447 0.1447
066 209 313 159 0.9448 0.1447 0.1447 0.9448 0.9448 0.9448 0.9448 0.9448 0.1447 0.9448 0.1447 0.1447 0.1447 0.9448 0.9448 0.1447
209 313 159 227 0.9448 0.1447 0.9448 0.9448 0.9448 0.1447 0.9448 0.9448 0.1447 0.1447 0.1447 0.1447 0.1447 0.9448 0.9448 0.9448
313 159 227 165 0.9448 0.1447 0.1447 0.9448 0.9448 0.9448 0.9448 0.1447 0.1447 0.9448 0.9448 0.9448 0.1447 0.1447 0.1447 0.1447
159 227 165 195 0.1447 0.1447 0.9448 0.1447 0.9448 0.1447 0.1447 0.1447 0.9448 0.1447 0.9448 0.9448 0.1447 0.1447 0.9448 0.1447
227 165 195 173 0.1447 0.1447 0.9448 0.1447 0.9448 0.9448 0.9448 0.1447 0.1447 0.9448 0.1447 0.1447 0.1447 0.9448 0.1447 0.1447
165 195 173 145 0.1447 0.1447 0.9448 0.9448 0.9448 0.9448 0.9448 0.1447 0.9448 0.9448 0.1447 0.9448 0.9448 0.9448 0.1447 0.9448
195 173 145 286 0.9448 0.9448 0.9448 0.1447 0.9448 0.9448 0.1447 0.1447 0.1447 0.1447 0.1447 0.1447 0.9448 0.9448 0.1447 0.9448
173 145 286 242 0.9448 0.9448 0.1447 0.1447 0.1447 0.1447 0.1447 0.9448 0.9448 0.1447 0.9448 0.1447 0.9448 0.1447 0.9448 0.1447
145 286 242 349 0.9448 0.9448 0.9448 0.9448 0.1447 0.1447 0.1447 0.1447 0.1447 0.9448 0.1447 0.9448 0.1447 0.1447 0.9448 0.1447
286 242 349 234 0.1447 0.1447 0.9448 0.9448 0.1447 0.9448 0.9448 0.1447 0.1447 0.1447 0.1447 0.1447 0.9448 0.9448 0.9448 0.9448
242 349 234 303 0.1447 0.1447 0.9448 0.1447 0.1447 0.1447 0.9448 0.9448 0.1447 0.1447 0.1447 0.1447 0.9448 0.9448 0.1447 0.1447
349 234 303 193 0.1447 0.1447 0.1447 0.1447 0.9448 0.1447 0.1447 0.1447 0.1447 0.9448 0.1447 0.1447 0.9448 0.9448 0.9448 0.9448
234 303 193 178 0.1447 0.1447 0.9448 0.9448 0.1447 0.9448 0.1447 0.9448 0.9448 0.9448 0.9448 0.9448 0.1447 0.1447 0.1447 0.1447
303 193 178 252 0.9448 0.1447 0.1447 0.1447 0.1447 0.1447 0.9448 0.9448 0.1447 0.9448 0.9448 0.9448 0.9448 0.9448 0.9448 0.9448
193 178 252 112 0.1447 0.1447 0.1447 0.9448 0.9448 0.1447 0.9448 0.1447 0.1447 0.1447 0.1447 0.1447 0.9448 0.1447 0.9448 0.9448
178 252 112 237 0.9448 0.9448 0.9448 0.1447 0.1447 0.1447 0.1447 0.1447 0.1447 0.1447 0.1447 0.1447 0.9448 0.9448 0.1447 0.9448
252 112 237 140 0.9448 0.1447 0.9448 0.1447 0.1447 0.1447 0.1447 0.9448 0.9448 0.9448 0.1447 0.1447 0.9448 0.1447 0.1447 0.1447
112 237 140 089 0.1447 0.9448 0.1447 0.1447 0.9448 0.1447 0.1447 0.1447 0.9448 0.9448 0.9448 0.1447 0.1447 0.9448 0.1447 0.9448
237 140 089 117 0.9448 0.9448 0.9448 0.9448 0.9448 0.1447 0.9448 0.9448 0.1447 0.9448 0.9448 0.9448 0.9448 0.1447 0.1447 0.9448
140 089 117 191 0.9448 0.9448 0.9448 0.9448 0.9448 0.1447 0.1447 0.1447 0.1447 0.9448 0.1447 0.9448 0.1447 0.1447 0.9448 0.1447
089 117 191 009 0.9448 0.1447 0.9448 0.9448 0.1447 0.9448 0.1447 0.1447 0.1447 0.1447 0.9448 0.9448 0.1447 0.1447 0.9448 0.1447
117 191 009 238 0.1447 0.9448 0.1447 0.1447 0.1447 0.9448 0.9448 0.1447 0.1447 0.9448 0.9448 0.1447 0.9448 0.9448 0.9448 0.9448
191 009 238 100 0.1447 0.9448 0.9448 0.9448 0.9448 0.9448 0.1447 0.9448 0.1447 0.9448 0.9448 0.9448 0.1447 0.1447 0.9448 0.1447
009 238 100 330 0.1447 0.1447 0.9448 0.1447 0.1447 0.9448 0.9448 0.9448 0.1447 0.9448 0.9448 0.1447 0.1447 0.9448 0.1447 0.1447
238 100 330 215 0.9448 0.1447 0.1447 0.9448 0.1447 0.9448 0.9448 0.9448 0.9448 0.1447 0.9448 0.9448 0.9448 0.9448 0.1447 0.1447
100 330 215 088 0.9448 0.9448 0.1447 0.1447 0.9448 0.9448 0.9448 0.9448 0.1447 0.1447 0.9448 0.9448 0.9448 0.1447 0.9448 0.1447
330 215 088 299 0.1447 0.9448 0.9448 0.9448 0.9448 0.1447 0.1447 0.1447 0.1447 0.9448 0.9448 0.1447 0.9448 0.9448 0.1447 0.9448
215 088 299 185 0.9448 0.1447 0.9448 0.1447 0.1447 0.9448 0.1447 0.9448 0.1447 0.1447 0.1447 0.1447 0.9448 0.9448 0.9448 0.9448
088 299 185 036 0.1447 0.1447 0.1447 0.9448 0.9448 0.1447 0.9448 0.1447 0.1447 0.9448 0.1447 0.1447 0.1447 0.9448 0.1447 0.9448
299 185 036 331 0.1447 0.9448 0.1447 0.1447 0.9448 0.1447 0.9448 0.1447 0.1447 0.9448 0.1447 0.9448 0.1447 0.1447 0.1447 0.9448
185 036 331 083 0.9448 0.9448 0.1447 0.1447 0.9448 0.1447 0.1447 0.9448 0.1447 0.9448 0.1447 0.9448 0.1447 0.1447 0.9448 0.1447
036 331 083 065 0.9448 0.1447 0.1447 0.9448 0.9448 0.9448 0.9448 0.9448 0.9448 0.9448 0.1447 0.1447 0.1447 0.1447 0.9448 0.9448
331 083 065 051 0.9448 0.1447 0.1447 0.1447 0.9448 0.9448 0.1447 0.9448 0.9448 0.9448 0.1447 0.9448 0.9448 0.1447 0.1447 0.9448
083 065 051 346 0.9448 0.9448 0.9448 0.9448 0.1447 0.1447 0.9448 0.1447 0.1447 0.1447 0.1447 0.9448 0.1447 0.9448 0.1447 0.1447
065 051 346 152 0.1447 0.1447 0.1447 0.9448 0.9448 0.1447 0.9448 0.9448 0.9448 0.1447 0.9448 0.1447 0.9448 0.1447 0.9448 0.1447
051 346 152 069 0.1447 0.1447 0.9448 0.1447 0.9448 0.1447 0.1447 0.9448 0.1447 0.9448 0.9448 0.9448 0.1447 0.9448 0.9448 0.1447
346 152 069 289 0.9448 0.1447 0.9448 0.1447 0.1447 0.1447 0.1447 0.1447 0.9448 0.1447 0.9448 0.1447 0.9448 0.9448 0.1447 0.1447
152 069 289 038 0.1447 0.1447 0.9448 0.9448 0.9448 0.1447 0.9448 0.1447 0.1447 0.1447 0.1447 0.9448 0.1447 0.1447 0.1447 0.9448
069 289 038 328 0.1447 0.9448 0.9448 0.9448 0.1447 0.9448 0.1447 0.1447 0.1447 0.9448 0.9448 0.1447 0.1447 0.9448 0.9448 0.9448
289 038 328 276 0.1447 0.9448 0.1447 0.1447 0.9448 0.9448 0.9448 0.9448 0.9448 0.9448 0.9448 0.9448 0.9448 0.1447 0.1447 0.9448
038 328 276 228 0.9448 0.1447 0.1447 0.9448 0.1447 0.9448 0.9448 0.9448 0.1447 0.9448 0.1447 0.9448 0.9448 0.9448 0.1447 0.9448
328 276 228 334 0.9448 0.1447 0.1447 0.1447 0.1447 0.9448 0.1447 0.9448 0.1447 0.1447 0.1447 0.9448 0.1447 0.1447 0.1447 0.9448
276 228 334 040 0.9448 0.1447 0.9448 0.1447 0.1447 0.9448 0.1447 0.9448 0.9448 0.9448 0.1447 0.9448 0.1447 0.9448 0.9448 0.1447
228 334 040 154 0.1447 0.1447 0.1447 0.9448 0.9448 0.9448 0.9448 0.1447 0.9448 0.9448 0.1447 0.9448 0.9448 0.9448 0.9448 0.9448
334 040 154 235 0.9448 0.1447 0.1447 0.9448 0.9448 0.9448 0.9448 0.1447 0.1447 0.9448 0.1447 0.1447 0.9448 0.1447 0.9448 0.9448
040 154 235 102 0.1447 0.9448 0.9448 0.9448 0.9448 0.9448 0.1447 0.1447 0.1447 0.1447 0.9448 0.1447 0.1447 0.1447 0.1447 0.9448
154 235 102 269 0.1447 0.1447 0.1447 0.1447 0.1447 0.9448 0.9448 0.9448 0.9448 0.9448 0.1447 0.1447 0.1447 0.9448 0.9448 0.1447
235 102 269 134 0.9448 0.1447 0.1447 0.9448 0.9448 0.1447 0.1447 0.9448 0.9448 0.9448 0.1447 0.1447 0.1447 0.1447 0.9448 0.1447
102 269 134 170 0.1447 0.1447 0.1447 0.9448 0.1447 0.9448 0.9448 0.9448 0.1447 0.9448 0.9448 0.1447 0.9448 0.1447 0.1447 0.9448
269 134 170 257 0.9448 0.9448 0.1447 0.9448 0.1447 0.9448 0.1447 0.9448 0.9448 0.9448 0.1447 0.9448 0.1447 0.1447 0.9448 0.9448
134 170 257 096 0.1447 0.1447 0.9448 0.1447 0.1447 0.9448 0.1447 0.1447 0.9448 0.9448 0.1447 0.1447 0.1447 0.9448 0.1447 0.1447
170 257 096 120 0.9448 0.9448 0.9448 0.9448 0.1447 0.9448 0.9448 0.1447 0.1447 0.1447 0.9448 0.9448 0.9448 0.1447 0.9448 0.1447
257 096 120 180 0.9448 0.9448 0.9448 0.1447 0.1447 0.9448 0.1447 0.1447 0.1447 0.1447 0.9448 0.1447 0.1447 0.1447 0.1447 0.1447
096 120 180 339 0.1447 0.1447 0.1447 0.9448 0.1447 0.9448 0.1447 0.1447 0.9448 0.9448 0.9448 0.1447 0.9448 0.1447 0.9448 0.1447
120 180 339 169 0.9448 0.9448 0.1447 0.1447 0.9448 0.9448 0.1447 0.1447 0.1447 0.1447 0.1447 0.1447 0.1447 0.1447 0.9448 0.1447
180 339 169 319 0.1447 0.1447 0.9448 0.1447 0.9448 0.1447 0.9448 0.9448 0.1447 0.9448 0.1447 0.9448 0.1447 0.9448 0.9448 0.1447
339 169 319 229 0.9448 0.1447 0.1447 0.1447 0.1447 0.9448 0.1447 0.1447 0.9448 0.9448 0.1447 0.1447 0.9448 0.1447 0.9448 0.1447
169 319 229 194 0.9448 0.9448 0.9448 0.1447 0.1447 0.1447 0.1447 0.9448 0.1447 0.1447 0.9448 0.1447 0.1447 0.1447 0.1447 0.1447
319 229 194 086 0.9448 0.1447 0.1447 0.9448 0.9448 0.1447 0.9448 0.9448 0.1447 0.1447 0.1447 0.1447 0.9448 0.1447 0.9448 0.1447
229 194 086 084 0.9448 0.1447 0.1447 0.9448 0.1447 0.9448 0.1447 0.9448 0.9448 0.1447 0.1447 0.1447 0.1447 0.9448 0.9448 0.9448
194 086 084 287 0.9448 0.9448 0.1447 0.9448 0.9448 0.1447 0.1447 0.9448 0.1447 0.9448 0.1447 0.1447 0.9448 0.9448 0.1447 0.9448
086 084 287 059 0.9448 0.1447 0.9448 0.1447 0.1447 0.1447 0.9448 0.1447 0.9448 0.1447 0.9448 0.1447 0.9448 0.9448 0.1447 0.1447
084 287 059 131 0.1447 0.9448 0.9448 0.9448 0.1447 0.1447 0.9448 0.1447 0.1447 0.9448 0.1447 0.9448 0.9448 0.1447 0.9448 0.1447
287 059 131 092 0.9448 0.9448 0.1447 0.1447 0.1447 0.1447 0.1447 0.1447 0.9448 0.9448 0.9448 0.1447 0.9448 0.1447 0.9448 0.1447
059 131 092 104 0.1447 0.1447 0.9448 0.1447 0.1447 0.9448 0.1447 0.9448 0.1447 0.9448 0.1447 0.9448 0.1447 0.9448 0.1447 0.1447
131 092 104 208 0.9448 0.9448 0.1447 0.9448 0.1447 0.1447 0.1447 0.9448 0.1447 0.9448 0.9448 0.1447 0.1447 0.9448 0.1447 0.1447
092 104 208 353 0.9448 0.1447 0.9448 0.1447 0.9448 0.1447 0.9448 0.9448 0.1447 0.1447 0.1447 0.9448 0.9448 0.9448 0.9448 0.1447
104 208 353 161 0.9448 0.1447 0.9448 0.9448 0.1447 0.1447 0.1447 0.1447 0.9448 0.1447 0.9448 0.9448 0.9448 0.9448 0.9448 0.9448
208 353 161 230 0.1447 0.9448 0.1447 0.1447 0.1447 0.1447 0.1447 0.9448 0.1447 0.1447 0.9448 0.9448 0.1447 0.1447 0.1447 0.9448
353 161 230 138 0.1447 0.1447 0.9448 0.1447 0.9448 0.1447 0.1447 0.9448 0.9448 0.9448 0.1447 0.9448 0.9448 0.9448 0.1447 0.1447
161 230 138 076 0.9448 0.9448 0.1447 0.1447 0.9448 0.9448 0.1447 0.1447 0.1447 0.9448 0.1447 0.1447 0.9448 0.1447 0.9448 0.9448
230 138 076 199 0.9448 0.1447 0.1447 0.9448 0.1447 0.1447 0.1447 0.1447 0.9448 0.9448 0.1447 0.9448 0.9448 0.9448 0.9448 0.1447
138 076 199 190 0.1447 0.9448 0.9448 0.9448 0.1447 0.1447 0.1447 0.1447 0.1447 0.9448 0.1447 0.1447 0.9448 0.9448 0.1447 0.9448
076 199 190 139 0.9448 0.9448 0.9448 0.1447 0.9448 0.9448 0.1447 0.9448 0.1447 0.1447 0.1447 0.9448 0.1447 0.1447 0.1447 0.1447
199 190 139 007 0.9448 0.9448 0.1447 0.1447 0.9448 0.1447 0.9448 0.1447 0.9448 0.9448 0.1447 0.1447 0.9448 0.1447 0.9448 0.1447
190 139 007 266 0.9448 0.9448 0.9448 0.9448 0.9448 0.1447 0.1447 0.1447 0.1447 0.9448 0.1447 0.9448 0.1447 0.9448 0.9448 0.9448
139 007 266 090 0.1447 0.9448 0.9448 0.9448 0.1447 0.9448 0.9448 0.1447 0.9448 0.9448 0.9448 0.9448 0.9448 0.1447 0.1447 0.9448
007 266 090 000 0.1447 0.9448 0.1447 0.9448 0.9448 0.9448 0.1447 0.9448 0.1447 0.9448 0.1447 0.9448 0.1447 0.1447 0.9448 0.9448
266 090 000 049 0.1447 0.9448 0.1447 0.9448 0.1447 0.1447 0.1447 0.1447 0.1447 0.1447 0.1447 0.1447 0.9448 0.9448 0.1447 0.1447
090 000 049 015 0.9448 0.9448 0.9448 0.9448 0.1447 0.9448 0.1447 0.1447 0.1447 0.1447 0.1447 0.9448 0.9448 0.1447 0.9448 0.9448
000 049 015 216 0.1447 0.1447 0.1447 0.9448 0.1447 0.9448 0.9448 0.9448 0.9448 0.1447 0.9448 0.9448 0.1447 0.1447 0.1447 0.9448
049 015 216 052 0.1447 0.9448 0.1447 0.1447 0.9448 0.9448 0.1447 0.1447 0.9448 0.1447 0.1447 0.9448 0.9448 0.9448 0.1447 0.1447
015 216 052 327 0.1447 0.9448 0.9448 0.1447 0.9448 0.1447 0.1447 0.9448 0.1447 0.1447 0.9448 0.1447 0.1447 0.1447 0.9448 0.1447
216 052 327 132 0.9448 0.9448 0.1447 0.1447 0.1447 0.9448 0.9448 0.1447 0.1447 0.1447 0.9448 0.9448 0.9448 0.1447 0.9448 0.9448
052 327 132 109 0.1447 0.9448 0.9448 0.9448 0.9448 0.1447 0.9448 0.9448 0.1447 0.1447 0.9448 0.9448 0.9448 0.9448 0.1447 0.9448
327 132 109 156 0.9448 0.1447 0.1447 0.9448 0.9448 0.1447 0.1447 0.9448 0.9448 0.1447 0.1447 0.9448 0.1447 0.1447 0.9448 0.1447
132 109 156 149 0.9448 0.9448 0.9448 0.1447 0.9448 0.9448 0.9448 0.9448 0.1447 0.9448 0.9448 0.9448 0.9448 0.9448 0.1447 0.1447
109 156 149 308 0.9448 0.1447 0.9448 0.9448 0.1447 0.1447 0.9448 0.1447 0.9448 0.1447 0.1447 0.1447 0.1447 0.1447 0.1447 0.1447
156 149 308 264 0.1447 0.9448 0.1447 0.9448 0.9448 0.9448 0.1447 0.9448 0.9448 0.1447 0.9448 0.1447 0.1447 0.9448 0.1447 0.1447
149 308 264 060 0.1447 0.9448 0.1447 0.9448 0.9448 0.9448 0.1447 0.1447 0.1447 0.1447 0.9448 0.1447 0.9448 0.9448 0.9448 0.1447
308 264 060 182 0.1447 0.9448 0.1447 0.1447 0.9448 0.1447 0.1447 0.1447 0.9448 0.9448 0.9448 0.9448 0.9448 0.1447 0.9448 0.9448
264 060 182 172 0.1447 0.1447 0.9448 0.9448 0.9448 0.9448 0.9448 0.1447 0.9448 0.1447 0.9448 0.9448 0.1447 0.1447 0.1447 0.9448
060 182 172 050 0.1447 0.1447 0.9448 0.9448 0.1447 0.9448 0.1447 0.1447 0.9448 0.1447 0.1447 0.9448 0.1447 0.9448 0.9448 0.9448
182 172 050 146 0.1447 0.9448 0.1447 0.9448 0.1447 0.9448 0.1447 0.1447 0.9448 0.9448 0.9448 0.1447 0.1447 0.9448 0.9448 0.1447
172 050 146 297 0.9448 0.9448 0.9448 0.9448 0.1447 0.9448 0.1447 0.1447 0.1447 0.9448 0.1447 0.1447 0.9448 0.1447 0.9448 0.1447
050 146 297 345 0.1447 0.9448 0.9448 0.9448 0.9448 0.1447 0.1447 0.1447 0.1447 0.1447 0.1447 0.9448 0.9448 0.1447 0.9448 0.1447
146 297 345 005 0.1447 0.9448 0.1447 0.9448 0.1447 0.1447 0.9448 0.9448 0.1447 0.1447 0.1447 0.9448 0.9448 0.9448 0.1447 0.1447
297 345 005 006 0.9448 0.9448 0.1447 0.1447 0.9448 0.9448 0.9448 0.1447 0.9448 0.1447 0.1447 0.9448 0.1447 0.1447 0.1447 0.9448
345 005 006 255 0.1447 0.1447 0.1447 0.9448 0.1447 0.1447 0.1447 0.9448 0.9448 0.9448 0.1447 0.1447 0.1447 0.9448 0.9448 0.1447
005 006 255 160 0.9448 0.9448 0.1447 0.9448 0.9448 0.9448 0.1447 0.9448 0.9448 0.1447 0.1447 0.9448 0.1447 0.9448 0.9448 0.1447
006 255 160 105 0.1447 0.1447 0.9448 0.1447 0.9448 0.9448 0.9448 0.1447 0.1447 0.9448 0.1447 0.9448 0.9448 0.1447 0.1447 0.1447
255 160 105 271 0.9448 0.1447 0.9448 0.1447 0.1447 0.9448 0.9448 0.1447 0.1447 0.1447 0.1447 0.1447 0.1447 0.9448 0.9448 0.9448
160 105 271 164 0.9448 0.9448 0.1447 0.1447 0.1447 0.1447 0.1447 0.9448 0.1447 0.1447 0.1447 0.1447 0.9448 0.1447 0.9448 0.1447
105 271 164 072 0.1447 0.1447 0.1447 0.1447 0.9448 0.9448 0.1447 0.9448 0.9448 0.1447 0.9448 0.1447 0.1447 0.1447 0.1447 0.9448
271 164 072 094 0.1447 0.9448 0.1447 0.1447 0.9448 0.1447 0.9448 0.1447 0.9448 0.1447 0.9448 0.9448 0.1447 0.9448 0.1447 0.1447
164 072 094 111 0.1447 0.1447 0.9448 0.1447 0.1447 0.1447 0.9448 0.1447 0.9448 0.9448 0.9448 0.9448 0.1447 0.9448 0.9448 0.9448
072 094 111 017 0.1447 0.1447 0.9448 0.9448 0.9448 0.9448 0.9448 0.1447 0.1447 0.9448 0.9448 0.1447 0.1447 0.9448 0.9448 0.9448
094 111 017 085 0.9448 0.1447 0.9448 0.9448 0.9448 0.1447 0.1447 0.1447 0.1447 0.9448 0.9448 0.1447 0.9448 0.1447 0.1447 0.1447
111 017 085 144 0.1447 0.9448 0.9448 0.9448 0.1447 0.1447 0.9448 0.9448 0.1447 0.9448 0.1447 0.1447 0.9448 0.1447 0.9448 0.9448
017 085 144 101 0.9448 0.9448 0.9448 0.9448 0.9448 0.1447 0.1447 0.1447 0.9448 0.1447 0.1447 0.1447 0.1447 0.9448 0.1447 0.1447
085 144 101 162 0.1447 0.9448 0.1447 0.9448 0.1447 0.9448 0.9448 0.9448 0.9448 0.1447 0.9448 0.1447 0.1447 0.1447 0.9448 0.9448
144 101 162 338 0.9448 0.9448 0.1447 0.1447 0.1447 0.1447 0.1447 0.1447 0.1447 0.9448 0.9448 0.1447 0.1447 0.9448 0.9448 0.9448
101 162 338 225 0.1447 0.1447 0.9448 0.1447 0.9448 0.9448 0.9448 0.1447 0.9448 0.9448 0.9448 0.9448 0.1447 0.9448 0.9448 0.9448
162 338 225 095 0.9448 0.1447 0.9448 0.9448 0.1447 0.9448 0.1447 0.1447 0.9448 0.1447 0.1447 0.9448 0.9448 0.9448 0.9448 0.1447
338 225 095 099 0.9448 0.9448 0.9448 0.9448 0.9448 0.9448 0.1447 0.9448 0.1447 0.1447 0.9448 0.1447 0.1447 0.1447 0.9448 0.9448
225 095 099 063 0.9448 0.1447 0.1447 0.9448 0.9448 0.9448 0.9448 0.9448 0.1447 0.1447 0.9448 0.9448 0.1447 0.1447 0.9448 0.1447
095 099 063 142 0.9448 0.1447 0.1447 0.1447 0.1447 0.9448 0.1447 0.1447 0.1447 0.1447 0.9448 0.1447 0.1447 0.1447 0.1447 0.1447
099 063 142 326 0.9448 0.1447 0.1447 0.1447 0.9448 0.1447 0.1447 0.9448 0.9448 0.1447 0.9448 0.1447 0.9448 0.1447 0.9448 0.9448
063 142 326 202 0.9448 0.9448 0.9448 0.1447 0.1447 0.9448 0.9448 0.1447 0.9448 0.1447 0.1447 0.9448 0.1447 0.1447 0.9448 0.9448
142 326 202 254 0.9448 0.9448 0.9448 0.9448 0.9448 0.9448 0.9448 0.1447 0.9448 0.9448 0.1447 0.1447 0.9448 0.9448 0.1447 0.9448
326 202 254 223 0.9448 0.9448 0.1447 0.1447 0.1447 0.1447 0.1447 0.9448 0.9448 0.9448 0.9448 0.1447 0.9448 0.1447 0.1447 0.1447
202 254 223 034 0.1447 0.1447 0.9448 0.9448 0.1447 0.1447 0.1447 0.9448 0.1447 0.1447 0.9448 0.9448 0.9448 0.9448 0.9448 0.1447
254 223 034 123 0.9448 0.1447 0.1447 0.9448 0.9448 0.1447 0.1447 0.1447 0.1447 0.1447 0.9448 0.9448 0.1447 0.1447 0.9448 0.9448
223 034 123 108 0.9448 0.9448 0.9448 0.9448 0.1447 0.9448 0.9448 0.1447 0.9448 0.9448 0.1447 0.9448 0.9448 0.9448 0.1447 0.9448
034 123 108 274 0.9448 0.1447 0.9448 0.9448 0.1447 0.1447 0.1447 0.9448 0.1447 0.1447 0.9448 0.1447 0.1447 0.1447 0.1447 0.1447
123 108 274 262 0.1447 0.9448 0.9448 0.9448 0.1447 0.1447 0.1447 0.9448 0.9448 0.9448 0.9448 0.9448 0.9448 0.9448 0.9448 0.9448
108 274 262 344 0.1447 0.1447 0.1447 0.9448 0.1447 0.9448 0.1447 0.9448 0.9448 0.9448 0.1447 0.9448 0.9448 0.9448 0.1447 0.9448
274 262 344 054 0.1447 0.1447 0.1447 0.9448 0.1447 0.1447 0.9448 0.9448 0.1447 0.1447 0.9448 0.1447 0.1447 0.9448 0.9448 0.9448
262 344 054 019 0.1447 0.1447 0.1447 0.9448 0.1447 0.9448 0.9448 0.9448 0.9448 0.9448 0.9448 0.9448 0.1447 0.1447 0.9448 0.9448
344 054 019 270 0.9448 0.1447 0.9448 0.9448 0.1447 0.1447 0.1447 0.9448 0.9448 0.1447 0.9448 0.1447 0.9448 0.1447 0.9448 0.9448
054 019 270 248 0.9448 0.1447 0.9448 0.9448 0.9448 0.1447 0.9448 0.1447 0.9448 0.1447 0.1447 0.9448 0.9448 0.1447 0.9448 0.9448
019 270 248 021 0.1447 0.9448 0.1447 0.1447 0.1447 0.1447 0.1447 0.9448 0.1447 0.1447 0.9448 0.9448 0.9448 0.9448 0.9448 0.1447
270 248 021 136 0.1447 0.9448 0.9448 0.1447 0.1447 0.9448 0.1447 0.9448 0.9448 0.9448 0.1447 0.9448 0.1447 0.9448 0.9448 0.1447
248 021 136 218 0.9448 0.9448 0.9448 0.1447 0.1447 0.9448 0.9448 0.9448 0.9448 0.1447 0.9448 0.1447 0.1447 0.1447 0.1447 0.1447
021 136 218 268 0.1447 0.1447 0.1447 0.9448 0.9448 0.9448 0.1447 0.9448 0.9448 0.1447 0.1447 0.1447 0.9448 0.9448 0.1447 0.9448
136 218 268 004 0.1447 0.9448 0.1447 0.1447 0.1447 0.9448 0.9448 0.9448 0.1447 0.1447 0.9448 0.9448 0.9448 0.9448 0.1447 0.1447
218 268 004 247 0.1447 0.1447 0.9448 0.9448 0.1447 0.1447 0.1447 0.9448 0.9448 0.1447 0.1447 0.1447 0.1447 0.1447 0.1447 0.9448
268 004 247 285 0.9448 0.1447 0.1447 0.1447 0.9448 0.9448 0.1447 0.9448 0.9448 0.9448 0.9448 0.9448 0.1447 0.1447 0.9448 0.9448
004 247 285 261 0.9448 0.9448 0.1447 0.1447 0.9448 0.1447 0.9448 0.1447 0.1447 0.9448 0.1447 0.1447 0.9448 0.9448 0.9448 0.1447
247 285 261 151 0.9448 0.9448 0.9448 0.1447 0.1447 0.9448 0.1447 0.1447 0.9448 0.1447 0.1447 0.9448 0.9448 0.1447 0.9448 0.9448
285 261 151 197 0.9448 0.9448 0.9448 0.9448 0.9448 0.1447 0.9448 0.1447 0.1447 0.9448 0.1447 0.9448 0.9448 0.9448 0.9448 0.1447
261 151 197 243 0.9448 0.9448 0.9448 0.1447 0.1447 0.1447 0.9448 0.9448 0.1447 0.9448 0.9448 0.9448 0.1447 0.1447 0.9448 0.1447
151 197 243 342 0.9448 0.9448 0.1447 0.9448 0.9448 0.9448 0.1447 0.9448 0.1447 0.1447 0.9448 0.1447 0.9448 0.1447 0.9448 0.9448
197 243 342 267 0.9448 0.1447 0.9448 0.1447 0.1447 0.1447 0.1447 0.9448 0.9448 0.9448 0.9448 0.1447 0.1447 0.1447 0.1447 0.1447
243 342 267 332 0.1447 0.9448 0.1447 0.1447 0.1447 0.9448 0.1447 0.1447 0.1447 0.9448 0.1447 0.1447 0.1447 0.1447 0.9448 0.1447
342 267 332 150 0.9448 0.9448 0.1447 0.9448 0.1447 0.9448 0.9448 0.9448 0.1447 0.9448 0.9448 0.1447 0.9448 0.1447 0.1447 0.1447
267 332 150 062 0.1447 0.1447 0.9448 0.1447 0.1447 0.1447 0.1447 0.9448 0.9448 0.9448 0.1447 0.9448 0.1447 0.1447 0.9448 0.9448
332 150 062 116 0.1447 0.1447 0.1447 0.9448 0.9448 0.9448 0.1447 0.1447 0.9448 0.9448 0.1447 0.9448 0.1447 0.9448 0.1447 0.9448
150 062 116 168 0.1447 0.9448 0.1447 0.1447 0.9448 0.1447 0.1447 0.1447 0.9448 0.9448 0.9448 0.1447 0.9448 0.9448 0.9448 0.1447
062 116 168 318 0.1447 0.9448 0.1447 0.1447 0.9448 0.1447 0.9448 0.9448 0.1447 0.9448 0.1447 0.1447 0.1447 0.1447 0.9448 0.1447
116 168 318 320 0.9448 0.9448 0.9448 0.9448 0.9448 0.1447 0.9448 0.9448 0.9448 0.9448 0.1447 0.9448 0.1447 0.9448 0.9448 0.9448
168 318 320 196 0.9448 0.9448 0.1447 0.1447 0.9448 0.9448 0.9448 0.1447 0.9448 0.9448 0.9448 0.1447 0.1447 0.9448 0.1447 0.1447
318 320 196 244 0.1447 0.9448 0.9448 0.9448 0.1447 0.1447 0.1447 0.1447 0.1447 0.1447 0.9448 0.9448 0.9448 0.1447 0.9448 0.1447
320 196 244 057 0.1447 0.1447 0.9448 0.1447 0.9448 0.9448 0.9448 0.1447 0.1447 0.9448 0.9448 0.9448 0.9448 0.1447 0.9448 0.1447
196 244 057 239 0.1447 0.9448 0.1447 0.9448 0.9448 0.9448 0.9448 0.9448 0.1447 0.9448 0.1447 0.9448 0.1447 0.9448 0.9448 0.1447
