356 031684 3
337 300 193 006 0.5720 0.8780 0.8780 0.8780 0.8780 0.5720 0.8780 0.8780 0.8780 0.5720 0.8780 0.5720 0.5720 0.8780 0.5720 0.5720
300 193 006 031 0.8780 0.8780 0.5720 0.5720 0.8780 0.8780 0.8780 0.8780 0.5720 0.8780 0.5720 0.5720 0.8780 0.5720 0.5720 0.8780
193 006 031 315 0.5720 0.5720 0.5720 0.8780 0.8780 0.8780 0.8780 0.8780 0.5720 0.8780 0.8780 0.5720 0.5720 0.8780 0.8780 0.5720
006 031 315 022 0.5720 0.8780 0.8780 0.5720 0.5720 0.5720 0.5720 0.5720 0.5720 0.5720 0.5720 0.5720 0.5720 0.5720 0.8780 0.8780
031 315 022 269 0.5720 0.5720 0.8780 0.8780 0.5720 0.8780 0.5720 0.8780 0.8780 0.8780 0.8780 0.8780 0.5720 0.5720 0.8780 0.5720
315 022 269 080 0.5720 0.8780 0.5720 0.5720 0.8780 0.8780 0.8780 0.5720 0.8780 0.5720 0.8780 0.5720 0.8780 0.5720 0.8780 0.5720
022 269 080 230 0.5720 0.8780 0.5720 0.5720 0.5720 0.5720 0.5720 0.8780 0.8780 0.8780 0.8780 0.8780 0.8780 0.5720 0.5720 0.8780
269 080 230 259 0.8780 0.5720 0.8780 0.8780 0.5720 0.5720 0.8780 0.8780 0.5720 0.8780 0.5720 0.8780 0.8780 0.8780 0.8780 0.5720
080 230 259 288 0.5720 0.5720 0.8780 0.5720 0.5720 0.5720 0.8780 0.5720 0.8780 0.5720 0.5720 0.5720 0.5720 0.5720 0.5720 0.5720
230 259 288 078 0.8780 0.8780 0.8780 0.5720 0.8780 0.5720 0.8780 0.5720 0.5720 0.8780 0.5720 0.5720 0.5720 0.8780 0.5720 0.8780
259 288 078 335 0.5720 0.5720 0.8780 0.5720 0.5720 0.8780 0.8780 0.8780 0.8780 0.5720 0.8780 0.8780 0.8780 0.5720 0.5720 0.5720
288 078 335 009 0.8780 0.5720 0.5720 0.5720 0.5720 0.5720 0.5720 0.5720 0.5720 0.5720 0.8780 0.8780 0.5720 0.8780 0.5720 0.8780
078 335 009 228 0.8780 0.5720 0.8780 0.8780 0.8780 0.8780 0.8780 0.5720 0.8780 0.5720 0.5720 0.5720 0.8780 0.8780 0.8780 0.8780
335 009 228 090 0.8780 0.8780 0.5720 0.8780 0.5720 0.5720 0.8780 0.8780 0.5720 0.8780 0.5720 0.5720 0.8780 0.5720 0.5720 0.5720
009 228 090 270 0.8780 0.8780 0.8780 0.8780 0.5720 0.5720 0.5720 0.8780 0.8780 0.8780 0.8780 0.5720 0.5720 0.5720 0.5720 0.8780
228 090 270 042 0.5720 0.5720 0.5720 0.8780 0.5720 0.8780 0.5720 0.5720 0.8780 0.8780 0.8780 0.5720 0.8780 0.5720 0.8780 0.5720
090 270 042 293 0.5720 0.5720 0.8780 0.5720 0.8780 0.5720 0.5720 0.8780 0.8780 0.8780 0.5720 0.8780 0.8780 0.5720 0.5720 0.8780
270 042 293 146 0.5720 0.8780 0.5720 0.8780 0.5720 0.8780 0.8780 0.8780 0.8780 0.8780 0.8780 0.5720 0.8780 0.5720 0.8780 0.8780
042 293 146 196 0.8780 0.5720 0.5720 0.5720 0.5720 0.8780 0.5720 0.5720 0.8780 0.5720 0.5720 0.8780 0.5720 0.8780 0.5720 0.5720
293 146 196 021 0.8780 0.8780 0.8780 0.8780 0.8780 0.5720 0.5720 0.8780 0.5720 0.5720 0.8780 0.5720 0.5720 0.8780 0.5720 0.8780
146 196 021 223 0.8780 0.5720 0.8780 0.5720 0.8780 0.5720 0.8780 0.8780 0.5720 0.5720 0.5720 0.5720 0.8780 0.5720 0.8780 0.8780
196 021 223 128 0.5720 0.5720 0.8780 0.5720 0.8780 0.5720 0.5720 0.8780 0.5720 0.8780 0.5720 0.5720 0.5720 0.5720 0.5720 0.5720
021 223 128 083 0.5720 0.5720 0.5720 0.5720 0.8780 0.5720 0.5720 0.8780 0.5720 0.8780 0.8780 0.5720 0.5720 0.5720 0.5720 0.8780
223 128 083 136 0.5720 0.5720 0.5720 0.8780 0.8780 0.8780 0.8780 0.5720 0.5720 0.5720 0.8780 0.8780 0.5720 0.8780 0.8780 0.8780
128 083 136 095 0.8780 0.5720 0.8780 0.5720 0.8780 0.5720 0.5720 0.8780 0.5720 0.8780 0.5720 0.8780 0.8780 0.8780 0.8780 0.5720
083 136 095 113 0.5720 0.5720 0.5720 0.5720 0.5720 0.5720 0.8780 0.5720 0.8780 0.8780 0.8780 0.5720 0.5720 0.5720 0.8780 0.5720
136 095 113 017 0.8780 0.5720 0.5720 0.5720 0.5720 0.5720 0.5720 0.5720 0.8780 0.8780 0.5720 0.5720 0.5720 0.5720 0.5720 0.8780
095 113 017 244 0.5720 0.5720 0.8780 0.8780 0.5720 0.5720 0.5720 0.8780 0.5720 0.8780 0.5720 0.5720 0.8780 0.5720 0.8780 0.8780
113 017 244 019 0.5720 0.8780 0.8780 0.5720 0.8780 0.8780 0.5720 0.5720 0.5720 0.5720 0.8780 0.5720 0.8780 0.8780 0.5720 0.8780
017 244 019 041 0.8780 0.8780 0.8780 0.5720 0.8780 0.5720 0.8780 0.5720 0.8780 0.5720 0.5720 0.5720 0.5720 0.8780 0.8780 0.8780
244 019 041 260 0.8780 0.5720 0.5720 0.5720 0.8780 0.5720 0.8780 0.8780 0.5720 0.8780 0.8780 0.8780 0.5720 0.8780 0.5720 0.8780
019 041 260 064 0.5720 0.5720 0.8780 0.5720 0.5720 0.8780 0.8780 0.8780 0.5720 0.8780 0.8780 0.5720 0.5720 0.5720 0.8780 0.5720
041 260 064 256 0.5720 0.8780 0.5720 0.8780 0.8780 0.5720 0.8780 0.5720 0.5720 0.5720 0.5720 0.5720 0.8780 0.8780 0.8780 0.5720
260 064 256 187 0.8780 0.5720 0.5720 0.5720 0.5720 0.8780 0.8780 0.5720 0.5720 0.5720 0.8780 0.8780 0.8780 0.5720 0.5720 0.8780
064 256 187 214 0.5720 0.8780 0.8780 0.8780 0.8780 0.8780 0.8780 0.8780 0.5720 0.5720 0.5720 0.5720 0.5720 0.8780 0.8780 0.8780
256 187 214 183 0.5720 0.5720 0.5720 0.5720 0.5720 0.5720 0.8780 0.8780 0.8780 0.5720 0.8780 0.5720 0.5720 0.8780 0.8780 0.8780
187 214 183 205 0.5720 0.8780 0.8780 0.8780 0.8780 0.5720 0.5720 0.8780 0.5720 0.5720 0.5720 0.8780 0.8780 0.8780 0.8780 0.8780
214 183 205 336 0.8780 0.8780 0.8780 0.5720 0.8780 0.8780 0.8780 0.8780 0.8780 0.5720 0.5720 0.8780 0.8780 0.5720 0.5720 0.8780
183 205 336 135 0.8780 0.8780 0.5720 0.8780 0.5720 0.5720 0.5720 0.8780 0.5720 0.5720 0.8780 0.8780 0.8780 0.5720 0.8780 0.5720
205 336 135 043 0.8780 0.8780 0.8780 0.8780 0.8780 0.5720 0.8780 0.8780 0.8780 0.5720 0.5720 0.5720 0.8780 0.8780 0.8780 0.8780
336 135 043 322 0.5720 0.5720 0.5720 0.8780 0.8780 0.5720 0.5720 0.5720 0.5720 0.5720 0.5720 0.8780 0.8780 0.8780 0.5720 0.8780
135 043 322 060 0.5720 0.5720 0.8780 0.8780 0.5720 0.5720 0.8780 0.8780 0.8780 0.8780 0.8780 0.5720 0.5720 0.5720 0.5720 0.8780
043 322 060 208 0.5720 0.8780 0.5720 0.5720 0.8780 0.8780 0.8780 0.8780 0.8780 0.5720 0.8780 0.5720 0.8780 0.8780 0.8780 0.5720
322 060 208 206 0.8780 0.5720 0.8780 0.8780 0.8780 0.5720 0.8780 0.5720 0.8780 0.5720 0.8780 0.8780 0.8780 0.8780 0.5720 0.8780
060 208 206 264 0.8780 0.8780 0.8780 0.8780 0.5720 0.8780 0.5720 0.8780 0.8780 0.5720 0.5720 0.8780 0.5720 0.5720 0.8780 0.5720
208 206 264 074 0.5720 0.5720 0.5720 0.8780 0.5720 0.8780 0.5720 0.5720 0.8780 0.5720 0.8780 0.8780 0.8780 0.5720 0.8780 0.5720
206 264 074 210 0.8780 0.8780 0.5720 0.5720 0.8780 0.5720 0.8780 0.5720 0.5720 0.8780 0.5720 0.8780 0.5720 0.5720 0.8780 0.8780
264 074 210 348 0.5720 0.8780 0.8780 0.5720 0.5720 0.5720 0.5720 0.8780 0.5720 0.5720 0.8780 0.5720 0.8780 0.5720 0.5720 0.5720
074 210 348 310 0.8780 0.8780 0.5720 0.5720 0.5720 0.8780 0.5720 0.8780 0.8780 0.5720 0.8780 0.5720 0.5720 0.8780 0.8780 0.8780
210 348 310 246 0.5720 0.5720 0.5720 0.5720 0.8780 0.8780 0.5720 0.8780 0.8780 0.5720 0.5720 0.8780 0.8780 0.5720 0.5720 0.8780
348 310 246 221 0.8780 0.8780 0.5720 0.8780 0.8780 0.8780 0.8780 0.5720 0.5720 0.8780 0.5720 0.5720 0.5720 0.8780 0.8780 0.8780
310 246 221 099 0.5720 0.5720 0.5720 0.8780 0.5720 0.8780 0.5720 0.5720 0.5720 0.5720 0.5720 0.5720 0.8780 0.8780 0.8780 0.8780
246 221 099 234 0.8780 0.8780 0.8780 0.5720 0.5720 0.5720 0.8780 0.8780 0.5720 0.5720 0.8780 0.8780 0.5720 0.8780 0.8780 0.8780
221 099 234 249 0.8780 0.8780 0.5720 0.5720 0.8780 0.8780 0.5720 0.8780 0.5720 0.8780 0.5720 0.8780 0.5720 0.8780 0.8780 0.5720
099 234 249 242 0.8780 0.5720 0.8780 0.8780 0.8780 0.8780 0.8780 0.5720 0.5720 0.8780 0.8780 0.5720 0.8780 0.5720 0.8780 0.8780
234 249 242 155 0.8780 0.8780 0.8780 0.5720 0.8780 0.5720 0.5720 0.5720 0.5720 0.8780 0.8780 0.5720 0.8780 0.5720 0.5720 0.5720
249 242 155 056 0.5720 0.8780 0.8780 0.8780 0.8780 0.8780 0.8780 0.5720 0.5720 0.5720 0.5720 0.5720 0.8780 0.5720 0.5720 0.5720
242 155 056 247 0.5720 0.5720 0.8780 0.8780 0.5720 0.8780 0.5720 0.5720 0.8780 0.5720 0.5720 0.5720 0.5720 0.8780 0.5720 0.5720
155 056 247 175 0.5720 0.5720 0.8780 0.5720 0.8780 0.8780 0.8780 0.8780 0.8780 0.8780 0.8780 0.8780 0.5720 0.8780 0.8780 0.8780
056 247 175 143 0.5720 0.8780 0.5720 0.8780 0.5720 0.5720 0.8780 0.5720 0.8780 0.8780 0.5720 0.8780 0.8780 0.8780 0.5720 0.5720
247 175 143 233 0.5720 0.5720 0.8780 0.8780 0.5720 0.5720 0.8780 0.5720 0.5720 0.5720 0.5720 0.5720 0.8780 0.8780 0.8780 0.8780
175 143 233 127 0.5720 0.5720 0.5720 0.5720 0.5720 0.5720 0.5720 0.5720 0.8780 0.8780 0.8780 0.8780 0.8780 0.5720 0.5720 0.5720
143 233 127 147 0.5720 0.8780 0.5720 0.8780 0.5720 0.8780 0.5720 0.5720 0.8780 0.5720 0.8780 0.5720 0.5720 0.5720 0.5720 0.5720
233 127 147 213 0.5720 0.5720 0.5720 0.8780 0.5720 0.5720 0.8780 0.8780 0.8780 0.5720 0.8780 0.5720 0.5720 0.8780 0.5720 0.5720
127 147 213 015 0.5720 0.5720 0.5720 0.5720 0.5720 0.8780 0.8780 0.5720 0.5720 0.5720 0.8780 0.5720 0.5720 0.8780 0.8780 0.8780
147 213 015 184 0.8780 0.5720 0.8780 0.8780 0.5720 0.5720 0.5720 0.8780 0.8780 0.5720 0.8780 0.8780 0.5720 0.8780 0.5720 0.8780
213 015 184 219 0.8780 0.5720 0.8780 0.5720 0.8780 0.5720 0.5720 0.5720 0.8780 0.5720 0.8780 0.8780 0.8780 0.5720 0.8780 0.5720
015 184 219 194 0.5720 0.5720 0.5720 0.5720 0.5720 0.5720 0.8780 0.5720 0.5720 0.8780 0.5720 0.8780 0.5720 0.8780 0.8780 0.8780
184 219 194 110 0.5720 0.5720 0.8780 0.8780 0.8780 0.5720 0.5720 0.5720 0.5720 0.5720 0.5720 0.5720 0.5720 0.5720 0.5720 0.8780
219 194 110 119 0.5720 0.8780 0.8780 0.5720 0.8780 0.5720 0.5720 0.5720 0.8780 0.5720 0.5720 0.8780 0.8780 0.5720 0.8780 0.5720
194 110 119 343 0.8780 0.5720 0.8780 0.8780 0.8780 0.5720 0.5720 0.5720 0.5720 0.5720 0.8780 0.5720 0.5720 0.8780 0.8780 0.5720
110 119 343 005 0.5720 0.8780 0.8780 0.8780 0.8780 0.8780 0.8780 0.8780 0.5720 0.8780 0.5720 0.5720 0.8780 0.5720 0.5720 0.8780
119 343 005 305 0.8780 0.5720 0.5720 0.8780 0.5720 0.5720 0.8780 0.5720 0.5720 0.8780 0.8780 0.5720 0.8780 0.8780 0.5720 0.5720
343 005 305 239 0.8780 0.8780 0.5720 0.8780 0.8780 0.5720 0.5720 0.8780 0.8780 0.8780 0.5720 0.8780 0.5720 0.5720 0.5720 0.8780
005 305 239 044 0.5720 0.8780 0.8780 0.8780 0.8780 0.5720 0.5720 0.5720 0.8780 0.5720 0.8780 0.5720 0.8780 0.8780 0.8780 0.5720
305 239 044 038 0.5720 0.8780 0.5720 0.8780 0.5720 0.5720 0.8780 0.8780 0.5720 0.5720 0.5720 0.5720 0.5720 0.8780 0.8780 0.8780
239 044 038 202 0.8780 0.5720 0.5720 0.5720 0.5720 0.5720 0.5720 0.8780 0.8780 0.8780 0.5720 0.5720 0.5720 0.5720 0.8780 0.8780
044 038 202 052 0.8780 0.5720 0.8780 0.5720 0.5720 0.8780 0.5720 0.8780 0.8780 0.8780 0.8780 0.5720 0.5720 0.5720 0.5720 0.8780
038 202 052 267 0.8780 0.5720 0.8780 0.8780 0.8780 0.8780 0.5720 0.8780 0.5720 0.5720 0.5720 0.8780 0.5720 0.5720 0.8780 0.5720
202 052 267 132 0.5720 0.5720 0.8780 0.8780 0.5720 0.8780 0.5720 0.5720 0.8780 0.8780 0.8780 0.8780 0.8780 0.5720 0.8780 0.5720
052 267 132 039 0.8780 0.8780 0.8780 0.5720 0.5720 0.8780 0.5720 0.5720 0.8780 0.8780 0.8780 0.5720 0.5720 0.8780 0.5720 0.5720
267 132 039 306 0.5720 0.5720 0.8780 0.5720 0.5720 0.8780 0.5720 0.5720 0.5720 0.8780 0.8780 0.8780 0.5720 0.8780 0.5720 0.8780
132 039 306 035 0.8780 0.5720 0.5720 0.5720 0.8780 0.5720 0.5720 0.5720 0.8780 0.5720 0.5720 0.5720 0.5720 0.5720 0.5720 0.5720
039 306 035 071 0.5720 0.5720 0.8780 0.5720 0.8780 0.8780 0.8780 0.8780 0.5720 0.8780 0.5720 0.5720 0.5720 0.8780 0.5720 0.5720
306 035 071 255 0.5720 0.5720 0.5720 0.5720 0.5720 0.5720 0.5720 0.5720 0.5720 0.8780 0.5720 0.5720 0.5720 0.5720 0.8780 0.5720
035 071 255 173 0.5720 0.8780 0.8780 0.5720 0.8780 0.5720 0.8780 0.8780 0.5720 0.5720 0.5720 0.8780 0.5720 0.8780 0.5720 0.8780
071 255 173 301 0.5720 0.5720 0.8780 0.8780 0.5720 0.8780 0.8780 0.5720 0.8780 0.5720 0.5720 0.8780 0.5720 0.8780 0.5720 0.8780
255 173 301 124 0.8780 0.8780 0.5720 0.8780 0.5720 0.5720 0.5720 0.5720 0.5720 0.5720 0.5720 0.5720 0.5720 0.5720 0.8780 0.8780
173 301 124 229 0.5720 0.8780 0.5720 0.8780 0.8780 0.5720 0.5720 0.8780 0.5720 0.8780 0.5720 0.8780 0.5720 0.8780 0.5720 0.8780
301 124 229 082 0.8780 0.5720 0.5720 0.8780 0.5720 0.8780 0.8780 0.8780 0.8780 0.8780 0.8780 0.8780 0.8780 0.5720 0.8780 0.8780
124 229 082 352 0.8780 0.8780 0.8780 0.8780 0.8780 0.8780 0.8780 0.8780 0.8780 0.8780 0.5720 0.8780 0.5720 0.5720 0.5720 0.8780
229 082 352 141 0.8780 0.8780 0.5720 0.8780 0.5720 0.5720 0.5720 0.5720 0.5720 0.5720 0.8780 0.5720 0.8780 0.8780 0.5720 0.8780
082 352 141 220 0.5720 0.5720 0.5720 0.5720 0.8780 0.5720 0.8780 0.8780 0.5720 0.5720 0.8780 0.8780 0.5720 0.8780 0.5720 0.8780
352 141 220 016 0.8780 0.8780 0.8780 0.8780 0.8780 0.8780 0.5720 0.8780 0.8780 0.8780 0.8780 0.8780 0.8780 0.8780 0.8780 0.5720
141 220 016 126 0.8780 0.8780 0.5720 0.8780 0.8780 0.8780 0.5720 0.5720 0.8780 0.8780 0.5720 0.5720 0.8780 0.5720 0.5720 0.8780
220 016 126 289 0.8780 0.5720 0.8780 0.5720 0.5720 0.5720 0.8780 0.5720 0.5720 0.5720 0.5720 0.5720 0.5720 0.8780 0.5720 0.8780
016 126 289 161 0.8780 0.5720 0.8780 0.5720 0.8780 0.8780 0.8780 0.8780 0.8780 0.8780 0.5720 0.8780 0.8780 0.5720 0.5720 0.8780
126 289 161 321 0.5720 0.8780 0.5720 0.8780 0.5720 0.5720 0.8780 0.8780 0.5720 0.5720 0.8780 0.5720 0.8780 0.5720 0.5720 0.8780
289 161 321 191 0.8780 0.5720 0.8780 0.8780 0.5720 0.8780 0.5720 0.5720 0.5720 0.8780 0.8780 0.8780 0.8780 0.5720 0.5720 0.5720
161 321 191 086 0.8780 0.8780 0.5720 0.8780 0.5720 0.8780 0.8780 0.5720 0.8780 0.5720 0.5720 0.8780 0.5720 0.8780 0.5720 0.5720
321 191 086 344 0.5720 0.8780 0.5720 0.8780 0.5720 0.5720 0.8780 0.8780 0.8780 0.5720 0.8780 0.8780 0.8780 0.8780 0.5720 0.5720
191 086 344 025 0.5720 0.5720 0.8780 0.5720 0.8780 0.8780 0.8780 0.8780 0.5720 0.8780 0.8780 0.8780 0.8780 0.5720 0.5720 0.8780
086 344 025 093 0.5720 0.5720 0.8780 0.5720 0.5720 0.8780 0.5720 0.5720 0.8780 0.8780 0.5720 0.8780 0.5720 0.8780 0.5720 0.8780
344 025 093 011 0.5720 0.8780 0.5720 0.5720 0.5720 0.5720 0.8780 0.8780 0.5720 0.8780 0.5720 0.5720 0.8780 0.5720 0.8780 0.5720
025 093 011 274 0.5720 0.8780 0.5720 0.5720 0.5720 0.5720 0.8780 0.5720 0.5720 0.5720 0.5720 0.8780 0.5720 0.5720 0.5720 0.5720
093 011 274 215 0.5720 0.5720 0.8780 0.8780 0.5720 0.5720 0.8780 0.5720 0.5720 0.5720 0.5720 0.8780 0.8780 0.8780 0.8780 0.8780
011 274 215 156 0.5720 0.5720 0.5720 0.5720 0.8780 0.5720 0.5720 0.8780 0.5720 0.8780 0.8780 0.8780 0.8780 0.5720 0.8780 0.8780
274 215 156 104 0.5720 0.8780 0.5720 0.8780 0.8780 0.5720 0.5720 0.5720 0.8780 0.5720 0.8780 0.8780 0.8780 0.8780 0.8780 0.5720
215 156 104 157 0.8780 0.5720 0.5720 0.5720 0.8780 0.5720 0.5720 0.8780 0.8780 0.8780 0.5720 0.8780 0.5720 0.8780 0.8780 0.5720
156 104 157 271 0.8780 0.5720 0.8780 0.5720 0.8780 0.5720 0.8780 0.8780 0.8780 0.8780 0.8780 0.8780 0.8780 0.8780 0.5720 0.8780
104 157 271 224 0.5720 0.8780 0.5720 0.8780 0.8780 0.8780 0.8780 0.5720 0.5720 0.8780 0.5720 0.5720 0.8780 0.8780 0.8780 0.8780
157 271 224 098 0.8780 0.5720 0.8780 0.5720 0.5720 0.8780 0.8780 0.8780 0.8780 0.5720 0.5720 0.5720 0.5720 0.5720 0.5720 0.8780
271 224 098 332 0.8780 0.5720 0.5720 0.5720 0.5720 0.8780 0.8780 0.5720 0.5720 0.8780 0.8780 0.5720 0.5720 0.5720 0.5720 0.8780
224 098 332 340 0.5720 0.5720 0.5720 0.5720 0.8780 0.5720 0.8780 0.5720 0.8780 0.8780 0.8780 0.8780 0.5720 0.5720 0.8780 0.8780
098 332 340 328 0.8780 0.5720 0.8780 0.5720 0.5720 0.8780 0.8780 0.5720 0.8780 0.5720 0.8780 0.5720 0.8780 0.5720 0.5720 0.5720
332 340 328 231 0.5720 0.8780 0.8780 0.8780 0.5720 0.8780 0.8780 0.8780 0.8780 0.8780 0.8780 0.5720 0.8780 0.5720 0.5720 0.5720
340 328 231 029 0.8780 0.8780 0.8780 0.8780 0.5720 0.8780 0.5720 0.8780 0.5720 0.8780 0.5720 0.5720 0.8780 0.5720 0.5720 0.5720
328 231 029 121 0.5720 0.5720 0.8780 0.5720 0.5720 0.8780 0.8780 0.5720 0.5720 0.8780 0.8780 0.8780 0.5720 0.8780 0.5720 0.5720
231 029 121 279 0.8780 0.5720 0.8780 0.8780 0.8780 0.8780 0.5720 0.8780 0.5720 0.8780 0.5720 0.5720 0.5720 0.5720 0.8780 0.5720
029 121 279 232 0.5720 0.5720 0.5720 0.5720 0.8780 0.8780 0.5720 0.5720 0.8780 0.8780 0.8780 0.5720 0.5720 0.5720 0.5720 0.5720
121 279 232 160 0.5720 0.8780 0.5720 0.5720 0.8780 0.5720 0.5720 0.8780 0.5720 0.5720 0.8780 0.8780 0.8780 0.8780 0.5720 0.8780
279 232 160 004 0.5720 0.8780 0.5720 0.5720 0.8780 0.5720 0.8780 0.8780 0.8780 0.8780 0.5720 0.5720 0.5720 0.8780 0.8780 0.8780
232 160 004 197 0.5720 0.5720 0.8780 0.8780 0.8780 0.8780 0.8780 0.8780 0.5720 0.5720 0.5720 0.8780 0.8780 0.8780 0.8780 0.5720
160 004 197 129 0.8780 0.8780 0.8780 0.8780 0.8780 0.8780 0.8780 0.5720 0.5720 0.5720 0.5720 0.8780 0.5720 0.8780 0.5720 0.5720
004 197 129 298 0.5720 0.8780 0.8780 0.5720 0.5720 0.5720 0.8780 0.8780 0.5720 0.5720 0.8780 0.5720 0.8780 0.8780 0.8780 0.5720
197 129 298 182 0.8780 0.8780 0.8780 0.8780 0.5720 0.5720 0.5720 0.8780 0.8780 0.5720 0.8780 0.8780 0.5720 0.5720 0.5720 0.5720
129 298 182 061 0.8780 0.8780 0.8780 0.8780 0.5720 0.8780 0.8780 0.5720 0.8780 0.8780 0.8780 0.8780 0.5720 0.5720 0.5720 0.8780
298 182 061 225 0.8780 0.8780 0.5720 0.8780 0.8780 0.5720 0.8780 0.5720 0.5720 0.8780 0.8780 0.5720 0.5720 0.8780 0.8780 0.8780
182 061 225 115 0.8780 0.8780 0.8780 0.5720 0.5720 0.5720 0.8780 0.8780 0.5720 0.8780 0.8780 0.5720 0.8780 0.8780 0.5720 0.5720
061 225 115 216 0.8780 0.8780 0.5720 0.8780 0.8780 0.5720 0.5720 0.8780 0.8780 0.5720 0.8780 0.8780 0.5720 0.5720 0.8780 0.5720
225 115 216 069 0.5720 0.5720 0.5720 0.8780 0.8780 0.8780 0.5720 0.8780 0.8780 0.8780 0.8780 0.5720 0.5720 0.5720 0.5720 0.5720
115 216 069 203 0.5720 0.8780 0.8780 0.8780 0.8780 0.5720 0.5720 0.5720 0.8780 0.5720 0.5720 0.8780 0.8780 0.8780 0.5720 0.8780
216 069 203 326 0.5720 0.8780 0.5720 0.5720 0.8780 0.8780 0.8780 0.5720 0.5720 0.8780 0.8780 0.8780 0.8780 0.8780 0.5720 0.5720
069 203 326 111 0.5720 0.8780 0.5720 0.5720 0.5720 0.8780 0.5720 0.8780 0.8780 0.8780 0.8780 0.8780 0.8780 0.8780 0.8780 0.8780
203 326 111 243 0.8780 0.5720 0.8780 0.8780 0.8780 0.8780 0.5720 0.8780 0.5720 0.5720 0.5720 0.8780 0.5720 0.5720 0.8780 0.8780
326 111 243 040 0.8780 0.5720 0.8780 0.5720 0.5720 0.8780 0.5720 0.8780 0.5720 0.5720 0.5720 0.5720 0.8780 0.8780 0.5720 0.5720
111 243 040 053 0.8780 0.5720 0.5720 0.8780 0.5720 0.5720 0.5720 0.5720 0.5720 0.8780 0.5720 0.8780 0.8780 0.5720 0.8780 0.8780
243 040 053 068 0.5720 0.5720 0.5720 0.8780 0.5720 0.5720 0.8780 0.5720 0.8780 0.8780 0.5720 0.8780 0.8780 0.5720 0.5720 0.5720
040 053 068 317 0.5720 0.5720 0.5720 0.8780 0.8780 0.5720 0.8780 0.8780 0.5720 0.5720 0.8780 0.5720 0.5720 0.5720 0.8780 0.5720
053 068 317 094 0.8780 0.8780 0.8780 0.8780 0.5720 0.8780 0.5720 0.8780 0.8780 0.5720 0.5720 0.5720 0.8780 0.5720 0.8780 0.5720
068 317 094 331 0.8780 0.5720 0.5720 0.5720 0.8780 0.5720 0.5720 0.5720 0.5720 0.8780 0.8780 0.5720 0.5720 0.8780 0.8780 0.8780
317 094 331 177 0.5720 0.8780 0.8780 0.5720 0.8780 0.8780 0.8780 0.5720 0.5720 0.8780 0.5720 0.8780 0.5720 0.5720 0.5720 0.8780
094 331 177 200 0.5720 0.8780 0.5720 0.5720 0.8780 0.5720 0.5720 0.8780 0.8780 0.8780 0.8780 0.8780 0.8780 0.8780 0.5720 0.5720
331 177 200 311 0.8780 0.8780 0.5720 0.8780 0.8780 0.8780 0.5720 0.8780 0.5720 0.5720 0.5720 0.5720 0.8780 0.8780 0.8780 0.5720
177 200 311 112 0.5720 0.5720 0.8780 0.5720 0.5720 0.8780 0.5720 0.5720 0.5720 0.8780 0.5720 0.8780 0.8780 0.8780 0.5720 0.8780
200 311 112 171 0.5720 0.5720 0.5720 0.8780 0.8780 0.5720 0.8780 0.5720 0.8780 0.8780 0.8780 0.8780 0.8780 0.8780 0.8780 0.8780
311 112 171 248 0.8780 0.8780 0.8780 0.5720 0.8780 0.5720 0.5720 0.5720 0.8780 0.5720 0.5720 0.5720 0.5720 0.8780 0.8780 0.5720
112 171 248 350 0.5720 0.8780 0.5720 0.8780 0.8780 0.5720 0.5720 0.8780 0.8780 0.5720 0.8780 0.8780 0.5720 0.5720 0.8780 0.8780
171 248 350 303 0.8780 0.8780 0.8780 0.5720 0.5720 0.8780 0.8780 0.5720 0.8780 0.5720 0.5720 0.8780 0.8780 0.8780 0.5720 0.5720
248 350 303 188 0.8780 0.5720 0.8780 0.8780 0.5720 0.5720 0.8780 0.8780 0.8780 0.5720 0.5720 0.5720 0.8780 0.5720 0.5720 0.5720
350 303 188 164 0.8780 0.5720 0.8780 0.8780 0.8780 0.5720 0.5720 0.8780 0.5720 0.8780 0.8780 0.8780 0.8780 0.5720 0.8780 0.5720
303 188 164 309 0.5720 0.5720 0.8780 0.5720 0.5720 0.8780 0.5720 0.5720 0.8780 0.5720 0.8780 0.8780 0.5720 0.8780 0.8780 0.8780
188 164 309 165 0.5720 0.5720 0.5720 0.8780 0.5720 0.8780 0.5720 0.8780 0.5720 0.8780 0.8780 0.5720 0.8780 0.5720 0.5720 0.5720
164 309 165 237 0.5720 0.5720 0.8780 0.8780 0.8780 0.8780 0.8780 0.8780 0.5720 0.8780 0.5720 0.8780 0.5720 0.8780 0.8780 0.8780
309 165 237 152 0.5720 0.8780 0.8780 0.5720 0.5720 0.5720 0.5720 0.5720 0.5720 0.5720 0.5720 0.8780 0.8780 0.8780 0.8780 0.5720
165 237 152 120 0.8780 0.8780 0.5720 0.5720 0.5720 0.5720 0.8780 0.5720 0.5720 0.5720 0.8780 0.5720 0.8780 0.5720 0.5720 0.8780
237 152 120 236 0.8780 0.8780 0.8780 0.8780 0.5720 0.8780 0.8780 0.5720 0.5720 0.5720 0.8780 0.8780 0.5720 0.5720 0.5720 0.5720
152 120 236 079 0.5720 0.8780 0.5720 0.5720 0.5720 0.5720 0.5720 0.8780 0.8780 0.5720 0.5720 0.8780 0.5720 0.8780 0.8780 0.8780
120 236 079 158 0.5720 0.8780 0.5720 0.8780 0.8780 0.8780 0.5720 0.8780 0.8780 0.8780 0.8780 0.5720 0.8780 0.8780 0.5720 0.8780
236 079 158 330 0.8780 0.8780 0.5720 0.8780 0.5720 0.5720 0.8780 0.5720 0.8780 0.5720 0.8780 0.5720 0.5720 0.5720 0.5720 0.8780
079 158 330 347 0.8780 0.8780 0.5720 0.8780 0.8780 0.8780 0.8780 0.8780 0.5720 0.8780 0.8780 0.5720 0.5720 0.5720 0.8780 0.8780
158 330 347 186 0.8780 0.5720 0.8780 0.8780 0.5720 0.5720 0.8780 0.5720 0.8780 0.5720 0.8780 0.8780 0.8780 0.5720 0.5720 0.8780
330 347 186 032 0.8780 0.5720 0.8780 0.8780 0.8780 0.5720 0.5720 0.5720 0.8780 0.8780 0.5720 0.8780 0.5720 0.5720 0.8780 0.8780
347 186 032 020 0.5720 0.8780 0.8780 0.8780 0.8780 0.8780 0.5720 0.8780 0.8780 0.8780 0.5720 0.8780 0.8780 0.5720 0.5720 0.8780
186 032 020 296 0.5720 0.5720 0.5720 0.8780 0.8780 0.8780 0.8780 0.8780 0.5720 0.8780 0.5720 0.8780 0.5720 0.5720 0.8780 0.8780
032 020 296 077 0.5720 0.5720 0.8780 0.5720 0.5720 0.8780 0.5720 0.8780 0.8780 0.8780 0.5720 0.8780 0.5720 0.8780 0.5720 0.5720
020 296 077 109 0.8780 0.5720 0.5720 0.8780 0.8780 0.5720 0.5720 0.8780 0.8780 0.8780 0.5720 0.5720 0.5720 0.5720 0.8780 0.8780
296 077 109 100 0.5720 0.8780 0.8780 0.5720 0.5720 0.8780 0.8780 0.5720 0.8780 0.5720 0.8780 0.5720 0.5720 0.8780 0.8780 0.8780
077 109 100 325 0.5720 0.5720 0.5720 0.5720 0.5720 0.8780 0.5720 0.5720 0.8780 0.5720 0.8780 0.8780 0.5720 0.5720 0.8780 0.8780
109 100 325 299 0.8780 0.5720 0.5720 0.8780 0.5720 0.8780 0.5720 0.8780 0.5720 0.8780 0.5720 0.8780 0.8780 0.8780 0.5720 0.5720
100 325 299 055 0.5720 0.5720 0.5720 0.8780 0.8780 0.5720 0.8780 0.5720 0.8780 0.5720 0.5720 0.8780 0.5720 0.8780 0.8780 0.8780
325 299 055 211 0.8780 0.5720 0.8780 0.8780 0.8780 0.8780 0.8780 0.8780 0.5720 0.5720 0.8780 0.5720 0.5720 0.5720 0.8780 0.5720
299 055 211 265 0.8780 0.5720 0.8780 0.8780 0.8780 0.8780 0.8780 0.5720 0.8780 0.8780 0.8780 0.8780 0.8780 0.8780 0.8780 0.8780
055 211 265 258 0.8780 0.5720 0.8780 0.5720 0.8780 0.5720 0.8780 0.5720 0.5720 0.5720 0.8780 0.8780 0.8780 0.8780 0.8780 0.5720
211 265 258 329 0.8780 0.8780 0.8780 0.8780 0.5720 0.8780 0.8780 0.5720 0.8780 0.8780 0.8780 0.5720 0.5720 0.8780 0.5720 0.5720
265 258 329 257 0.8780 0.8780 0.8780 0.5720 0.8780 0.8780 0.8780 0.8780 0.8780 0.5720 0.8780 0.8780 0.8780 0.5720 0.8780 0.5720
258 329 257 294 0.8780 0.5720 0.5720 0.5720 0.8780 0.5720 0.5720 0.5720 0.8780 0.8780 0.8780 0.8780 0.8780 0.8780 0.5720 0.5720
329 257 294 245 0.5720 0.5720 0.5720 0.8780 0.8780 0.5720 0.5720 0.5720 0.8780 0.5720 0.5720 0.8780 0.8780 0.8780 0.5720 0.5720
257 294 245 355 0.5720 0.5720 0.8780 0.5720 0.8780 0.5720 0.5720 0.5720 0.5720 0.5720 0.8780 0.5720 0.8780 0.8780 0.8780 0.8780
294 245 355 304 0.5720 0.5720 0.8780 0.8780 0.8780 0.5720 0.5720 0.5720 0.8780 0.8780 0.5720 0.8780 0.5720 0.8780 0.8780 0.5720
245 355 304 235 0.5720 0.5720 0.8780 0.5720 0.5720 0.8780 0.5720 0.5720 0.8780 0.5720 0.8780 0.8780 0.5720 0.5720 0.8780 0.8780
355 304 235 028 0.5720 0.5720 0.5720 0.5720 0.8780 0.8780 0.8780 0.8780 0.8780 0.8780 0.8780 0.5720 0.5720 0.5720 0.8780 0.8780
304 235 028 138 0.8780 0.5720 0.5720 0.8780 0.5720 0.8780 0.8780 0.8780 0.8780 0.5720 0.5720 0.8780 0.8780 0.8780 0.8780 0.5720
235 028 138 204 0.8780 0.5720 0.8780 0.8780 0.5720 0.8780 0.8780 0.8780 0.8780 0.8780 0.5720 0.8780 0.8780 0.5720 0.5720 0.8780
028 138 204 313 0.8780 0.5720 0.5720 0.5720 0.5720 0.5720 0.5720 0.8780 0.5720 0.8780 0.5720 0.8780 0.5720 0.8780 0.8780 0.5720
138 204 313 159 0.8780 0.8780 0.5720 0.5720 0.8780 0.8780 0.5720 0.8780 0.8780 0.5720 0.5720 0.8780 0.5720 0.5720 0.5720 0.8780
204 313 159 333 0.5720 0.8780 0.8780 0.5720 0.5720 0.5720 0.5720 0.8780 0.8780 0.8780 0.8780 0.8780 0.5720 0.5720 0.5720 0.8780
313 159 333 149 0.5720 0.5720 0.8780 0.8780 0.8780 0.8780 0.5720 0.8780 0.5720 0.5720 0.5720 0.5720 0.5720 0.8780 0.5720 0.8780
159 333 149 088 0.8780 0.5720 0.5720 0.5720 0.8780 0.8780 0.8780 0.5720 0.5720 0.5720 0.8780 0.5720 0.5720 0.5720 0.5720 0.5720
333 149 088 122 0.5720 0.8780 0.5720 0.8780 0.5720 0.5720 0.5720 0.8780 0.5720 0.8780 0.8780 0.8780 0.8780 0.5720 0.5720 0.8780
149 088 122 007 0.5720 0.5720 0.5720 0.5720 0.5720 0.8780 0.8780 0.5720 0.5720 0.5720 0.8780 0.8780 0.5720 0.8780 0.8780 0.8780
088 122 007 168 0.8780 0.5720 0.8780 0.5720 0.8780 0.8780 0.8780 0.8780 0.5720 0.5720 0.8780 0.5720 0.5720 0.8780 0.5720 0.5720
122 007 168 012 0.5720 0.8780 0.8780 0.5720 0.5720 0.8780 0.5720 0.5720 0.8780 0.5720 0.8780 0.8780 0.8780 0.5720 0.8780 0.8780
007 168 012 342 0.8780 0.8780 0.5720 0.5720 0.5720 0.5720 0.5720 0.8780 0.5720 0.5720 0.5720 0.8780 0.5720 0.8780 0.8780 0.5720
168 012 342 280 0.5720 0.8780 0.8780 0.8780 0.5720 0.5720 0.5720 0.5720 0.5720 0.8780 0.8780 0.8780 0.5720 0.8780 0.8780 0.8780
012 342 280 179 0.8780 0.8780 0.5720 0.8780 0.8780 0.8780 0.5720 0.8780 0.8780 0.8780 0.5720 0.5720 0.5720 0.8780 0.5720 0.5720
342 280 179 092 0.5720 0.5720 0.5720 0.5720 0.5720 0.5720 0.5720 0.8780 0.5720 0.8780 0.8780 0.5720 0.8780 0.8780 0.8780 0.5720
280 179 092 066 0.8780 0.5720 0.5720 0.8780 0.8780 0.5720 0.5720 0.8780 0.5720 0.8780 0.8780 0.5720 0.5720 0.5720 0.8780 0.8780
179 092 066 198 0.5720 0.8780 0.5720 0.5720 0.5720 0.8780 0.8780 0.5720 0.8780 0.8780 0.5720 0.5720 0.8780 0.5720 0.8780 0.5720
092 066 198 287 0.5720 0.5720 0.8780 0.8780 0.8780 0.5720 0.8780 0.8780 0.8780 0.5720 0.5720 0.5720 0.5720 0.5720 0.8780 0.5720
066 198 287 339 0.5720 0.5720 0.5720 0.8780 0.8780 0.8780 0.8780 0.8780 0.5720 0.5720 0.8780 0.8780 0.5720 0.8780 0.8780 0.5720
198 287 339 034 0.8780 0.5720 0.8780 0.5720 0.8780 0.5720 0.5720 0.8780 0.5720 0.5720 0.8780 0.8780 0.8780 0.5720 0.8780 0.8780
287 339 034 085 0.5720 0.5720 0.8780 0.5720 0.5720 0.5720 0.8780 0.8780 0.5720 0.8780 0.5720 0.5720 0.8780 0.5720 0.5720 0.5720
339 034 085 047 0.8780 0.5720 0.5720 0.8780 0.5720 0.5720 0.8780 0.8780 0.8780 0.8780 0.5720 0.5720 0.8780 0.5720 0.8780 0.8780
034 085 047 217 0.5720 0.5720 0.8780 0.8780 0.5720 0.5720 0.5720 0.5720 0.8780 0.5720 0.8780 0.5720 0.8780 0.5720 0.8780 0.5720
085 047 217 185 0.8780 0.8780 0.8780 0.5720 0.8780 0.5720 0.8780 0.8780 0.8780 0.5720 0.8780 0.5720 0.8780 0.8780 0.8780 0.5720
047 217 185 058 0.5720 0.8780 0.8780 0.8780 0.8780 0.8780 0.5720 0.5720 0.5720 0.5720 0.8780 0.8780 0.5720 0.5720 0.5720 0.8780
217 185 058 169 0.5720 0.8780 0.8780 0.8780 0.8780 0.8780 0.5720 0.8780 0.5720 0.8780 0.8780 0.5720 0.5720 0.5720 0.8780 0.8780
185 058 169 227 0.8780 0.5720 0.8780 0.5720 0.8780 0.5720 0.5720 0.8780 0.5720 0.5720 0.8780 0.5720 0.8780 0.8780 0.5720 0.8780
058 169 227 302 0.8780 0.8780 0.5720 0.5720 0.8780 0.8780 0.8780 0.5720 0.8780 0.8780 0.8780 0.5720 0.8780 0.5720 0.8780 0.5720
169 227 302 199 0.8780 0.5720 0.5720 0.5720 0.5720 0.5720 0.5720 0.5720 0.5720 0.5720 0.5720 0.8780 0.8780 0.5720 0.5720 0.5720
227 302 199 001 0.8780 0.5720 0.8780 0.5720 0.8780 0.8780 0.5720 0.8780 0.8780 0.5720 0.5720 0.8780 0.5720 0.5720 0.5720 0.5720
302 199 001 107 0.8780 0.8780 0.8780 0.5720 0.5720 0.8780 0.8780 0.8780 0.8780 0.5720 0.8780 0.8780 0.8780 0.8780 0.8780 0.5720
199 001 107 226 0.5720 0.5720 0.5720 0.5720 0.8780 0.8780 0.8780 0.5720 0.5720 0.5720 0.8780 0.5720 0.5720 0.5720 0.8780 0.8780
001 107 226 013 0.8780 0.5720 0.5720 0.5720 0.8780 0.8780 0.8780 0.5720 0.8780 0.5720 0.5720 0.5720 0.8780 0.8780 0.5720 0.5720
107 226 013 125 0.5720 0.5720 0.5720 0.5720 0.8780 0.5720 0.5720 0.5720 0.5720 0.5720 0.5720 0.8780 0.8780 0.5720 0.5720 0.8780
226 013 125 178 0.8780 0.8780 0.8780 0.8780 0.5720 0.8780 0.5720 0.8780 0.5720 0.5720 0.5720 0.5720 0.5720 0.8780 0.5720 0.5720
013 125 178 284 0.8780 0.8780 0.8780 0.5720 0.5720 0.5720 0.5720 0.5720 0.8780 0.5720 0.8780 0.8780 0.5720 0.8780 0.8780 0.8780
125 178 284 222 0.8780 0.8780 0.8780 0.5720 0.8780 0.5720 0.5720 0.8780 0.8780 0.8780 0.8780 0.8780 0.5720 0.5720 0.5720 0.8780
178 284 222 252 0.5720 0.5720 0.8780 0.8780 0.5720 0.8780 0.5720 0.8780 0.5720 0.5720 0.8780 0.5720 0.5720 0.8780 0.8780 0.8780
284 222 252 181 0.8780 0.5720 0.5720 0.8780 0.5720 0.5720 0.5720 0.5720 0.5720 0.8780 0.8780 0.8780 0.5720 0.5720 0.5720 0.5720
222 252 181 162 0.8780 0.8780 0.8780 0.8780 0.5720 0.5720 0.5720 0.5720 0.5720 0.8780 0.5720 0.5720 0.8780 0.8780 0.8780 0.5720
252 181 162 180 0.5720 0.8780 0.8780 0.5720 0.8780 0.5720 0.5720 0.8780 0.8780 0.8780 0.5720 0.8780 0.5720 0.5720 0.5720 0.5720
181 162 180 262 0.5720 0.8780 0.8780 0.5720 0.8780 0.5720 0.8780 0.5720 0.8780 0.5720 0.8780 0.5720 0.5720 0.8780 0.5720 0.5720
162 180 262 026 0.8780 0.8780 0.8780 0.5720 0.8780 0.5720 0.5720 0.5720 0.8780 0.8780 0.5720 0.5720 0.5720 0.5720 0.8780 0.5720
180 262 026 266 0.5720 0.5720 0.5720 0.5720 0.8780 0.8780 0.5720 0.5720 0.5720 0.8780 0.8780 0.5720 0.8780 0.8780 0.8780 0.5720
262 026 266 117 0.5720 0.5720 0.8780 0.8780 0.8780 0.8780 0.5720 0.8780 0.8780 0.8780 0.5720 0.8780 0.5720 0.5720 0.5720 0.5720
026 266 117 065 0.8780 0.5720 0.5720 0.8780 0.5720 0.8780 0.5720 0.5720 0.8780 0.5720 0.8780 0.5720 0.8780 0.5720 0.8780 0.8780
266 117 065 218 0.8780 0.5720 0.5720 0.8780 0.8780 0.5720 0.5720 0.8780 0.5720 0.5720 0.5720 0.5720 0.8780 0.8780 0.5720 0.8780
117 065 218 263 0.8780 0.8780 0.8780 0.8780 0.5720 0.8780 0.5720 0.5720 0.5720 0.5720 0.5720 0.5720 0.8780 0.8780 0.8780 0.5720
065 218 263 308 0.5720 0.5720 0.5720 0.5720 0.5720 0.5720 0.5720 0.8780 0.5720 0.5720 0.5720 0.8780 0.5720 0.5720 0.8780 0.8780
218 263 308 283 0.8780 0.5720 0.8780 0.8780 0.8780 0.8780 0.8780 0.8780 0.5720 0.8780 0.8780 0.8780 0.8780 0.8780 0.8780 0.5720
263 308 283 145 0.5720 0.5720 0.8780 0.8780 0.5720 0.8780 0.8780 0.8780 0.8780 0.8780 0.8780 0.5720 0.5720 0.8780 0.8780 0.8780
308 283 145 063 0.8780 0.5720 0.5720 0.8780 0.8780 0.8780 0.8780 0.8780 0.8780 0.8780 0.5720 0.8780 0.8780 0.8780 0.8780 0.5720
283 145 063 118 0.5720 0.8780 0.5720 0.5720 0.5720 0.5720 0.8780 0.8780 0.8780 0.5720 0.8780 0.5720 0.5720 0.8780 0.8780 0.5720
145 063 118 349 0.5720 0.5720 0.5720 0.8780 0.8780 0.8780 0.8780 0.8780 0.5720 0.8780 0.5720 0.8780 0.8780 0.8780 0.8780 0.8780
063 118 349 018 0.8780 0.8780 0.5720 0.5720 0.8780 0.5720 0.5720 0.8780 0.5720 0.8780 0.5720 0.8780 0.5720 0.5720 0.8780 0.5720
118 349 018 142 0.8780 0.8780 0.8780 0.8780 0.5720 0.5720 0.8780 0.8780 0.5720 0.5720 0.8780 0.8780 0.5720 0.8780 0.8780 0.8780
349 018 142 207 0.8780 0.5720 0.8780 0.5720 0.5720 0.8780 0.5720 0.5720 0.8780 0.8780 0.5720 0.8780 0.8780 0.8780 0.5720 0.8780
018 142 207 048 0.8780 0.8780 0.5720 0.5720 0.8780 0.5720 0.8780 0.8780 0.8780 0.5720 0.5720 0.8780 0.5720 0.5720 0.8780 0.8780
142 207 048 282 0.8780 0.8780 0.5720 0.5720 0.5720 0.8780 0.5720 0.5720 0.5720 0.5720 0.8780 0.5720 0.5720 0.5720 0.8780 0.5720
207 048 282 096 0.5720 0.8780 0.8780 0.8780 0.5720 0.8780 0.8780 0.8780 0.8780 0.8780 0.8780 0.5720 0.8780 0.8780 0.8780 0.5720
048 282 096 108 0.8780 0.5720 0.5720 0.5720 0.5720 0.5720 0.8780 0.5720 0.8780 0.8780 0.5720 0.5720 0.5720 0.8780 0.8780 0.8780
282 096 108 319 0.8780 0.8780 0.5720 0.8780 0.5720 0.8780 0.5720 0.5720 0.8780 0.5720 0.5720 0.8780 0.8780 0.5720 0.5720 0.8780
096 108 319 212 0.5720 0.5720 0.8780 0.5720 0.8780 0.8780 0.8780 0.8780 0.8780 0.5720 0.8780 0.5720 0.8780 0.8780 0.8780 0.8780
108 319 212 275 0.5720 0.8780 0.8780 0.8780 0.8780 0.8780 0.8780 0.8780 0.5720 0.8780 0.8780 0.8780 0.8780 0.5720 0.5720 0.8780
319 212 275 081 0.8780 0.8780 0.5720 0.8780 0.8780 0.8780 0.8780 0.5720 0.8780 0.8780 0.8780 0.5720 0.8780 0.8780 0.8780 0.5720
212 275 081 037 0.5720 0.8780 0.8780 0.5720 0.5720 0.8780 0.8780 0.5720 0.5720 0.5720 0.5720 0.5720 0.5720 0.8780 0.8780 0.8780
275 081 037 209 0.5720 0.8780 0.8780 0.8780 0.8780 0.8780 0.5720 0.5720 0.5720 0.5720 0.5720 0.8780 0.5720 0.5720 0.5720 0.5720
081 037 209 292 0.8780 0.8780 0.5720 0.5720 0.8780 0.8780 0.5720 0.5720 0.8780 0.8780 0.8780 0.8780 0.8780 0.8780 0.5720 0.5720
037 209 292 000 0.5720 0.8780 0.5720 0.8780 0.8780 0.8780 0.5720 0.5720 0.8780 0.8780 0.8780 0.5720 0.5720 0.8780 0.5720 0.5720
209 292 000 238 0.5720 0.5720 0.5720 0.8780 0.8780 0.8780 0.5720 0.8780 0.5720 0.5720 0.5720 0.5720 0.5720 0.5720 0.8780 0.5720
292 000 238 106 0.5720 0.5720 0.8780 0.8780 0.5720 0.5720 0.5720 0.8780 0.5720 0.8780 0.8780 0.8780 0.8780 0.8780 0.8780 0.5720
000 238 106 036 0.5720 0.8780 0.5720 0.5720 0.8780 0.8780 0.5720 0.5720 0.5720 0.8780 0.8780 0.5720 0.5720 0.8780 0.8780 0.5720
238 106 036 046 0.8780 0.5720 0.5720 0.5720 0.8780 0.5720 0.5720 0.5720 0.5720 0.8780 0.8780 0.8780 0.5720 0.8780 0.5720 0.8780
106 036 046 103 0.5720 0.5720 0.5720 0.5720 0.5720 0.5720 0.5720 0.8780 0.5720 0.5720 0.8780 0.8780 0.5720 0.5720 0.8780 0.5720
036 046 103 024 0.5720 0.5720 0.5720 0.5720 0.5720 0.8780 0.5720 0.8780 0.5720 0.8780 0.8780 0.8780 0.8780 0.8780 0.8780 0.5720
046 103 024 254 0.8780 0.8780 0.5720 0.5720 0.5720 0.5720 0.5720 0.5720 0.5720 0.5720 0.8780 0.8780 0.5720 0.5720 0.8780 0.8780
103 024 254 054 0.8780 0.5720 0.5720 0.8780 0.8780 0.8780 0.5720 0.8780 0.5720 0.8780 0.8780 0.8780 0.5720 0.8780 0.8780 0.5720
024 254 054 166 0.5720 0.8780 0.8780 0.5720 0.8780 0.8780 0.5720 0.8780 0.8780 0.8780 0.8780 0.8780 0.8780 0.8780 0.5720 0.5720
254 054 166 076 0.8780 0.8780 0.8780 0.8780 0.8780 0.5720 0.8780 0.5720 0.5720 0.5720 0.8780 0.8780 0.8780 0.5720 0.8780 0.5720
054 166 076 050 0.8780 0.8780 0.5720 0.5720 0.8780 0.8780 0.5720 0.8780 0.8780 0.8780 0.5720 0.8780 0.8780 0.5720 0.5720 0.5720
166 076 050 139 0.5720 0.8780 0.8780 0.8780 0.8780 0.8780 0.5720 0.5720 0.8780 0.5720 0.5720 0.5720 0.8780 0.5720 0.8780 0.5720
076 050 139 285 0.8780 0.8780 0.5720 0.5720 0.5720 0.5720 0.8780 0.8780 0.5720 0.5720 0.5720 0.8780 0.8780 0.5720 0.5720 0.8780
050 139 285 084 0.8780 0.5720 0.5720 0.8780 0.8780 0.5720 0.8780 0.5720 0.8780 0.5720 0.5720 0.5720 0.8780 0.5720 0.5720 0.5720
139 285 084 033 0.5720 0.8780 0.8780 0.8780 0.5720 0.8780 0.5720 0.8780 0.8780 0.8780 0.8780 0.8780 0.8780 0.5720 0.5720 0.5720
285 084 033 251 0.8780 0.8780 0.5720 0.5720 0.8780 0.5720 0.5720 0.5720 0.5720 0.8780 0.8780 0.5720 0.5720 0.5720 0.5720 0.5720
084 033 251 201 0.5720 0.8780 0.8780 0.5720 0.8780 0.5720 0.8780 0.5720 0.5720 0.5720 0.5720 0.8780 0.5720 0.8780 0.5720 0.5720
033 251 201 059 0.8780 0.8780 0.5720 0.5720 0.8780 0.8780 0.8780 0.5720 0.8780 0.8780 0.8780 0.8780 0.8780 0.8780 0.5720 0.8780
251 201 059 354 0.5720 0.5720 0.5720 0.8780 0.5720 0.8780 0.5720 0.8780 0.8780 0.5720 0.8780 0.8780 0.8780 0.5720 0.5720 0.5720
201 059 354 190 0.5720 0.5720 0.5720 0.5720 0.5720 0.5720 0.5720 0.5720 0.5720 0.5720 0.8780 0.5720 0.5720 0.8780 0.8780 0.8780
059 354 190 268 0.5720 0.5720 0.5720 0.8780 0.8780 0.8780 0.8780 0.5720 0.8780 0.5720 0.5720 0.8780 0.5720 0.8780 0.5720 0.8780
354 190 268 338 0.8780 0.8780 0.5720 0.8780 0.8780 0.8780 0.5720 0.5720 0.5720 0.8780 0.8780 0.8780 0.5720 0.5720 0.8780 0.5720
190 268 338 281 0.8780 0.8780 0.8780 0.5720 0.8780 0.5720 0.5720 0.8780 0.5720 0.8780 0.5720 0.5720 0.5720 0.8780 0.5720 0.8780
268 338 281 351 0.8780 0.5720 0.5720 0.8780 0.8780 0.8780 0.8780 0.8780 0.5720 0.5720 0.5720 0.5720 0.5720 0.5720 0.8780 0.8780
338 281 351 334 0.5720 0.8780 0.8780 0.5720 0.5720 0.5720 0.8780 0.8780 0.5720 0.5720 0.5720 0.8780 0.5720 0.5720 0.8780 0.8780
281 351 334 318 0.8780 0.5720 0.8780 0.8780 0.8780 0.8780 0.5720 0.5720 0.8780 0.8780 0.8780 0.5720 0.8780 0.5720 0.5720 0.5720
351 334 318 087 0.8780 0.5720 0.8780 0.8780 0.8780 0.5720 0.5720 0.8780 0.8780 0.5720 0.5720 0.5720 0.8780 0.8780 0.5720 0.5720
334 318 087 067 0.5720 0.8780 0.8780 0.8780 0.8780 0.5720 0.5720 0.5720 0.8780 0.8780 0.5720 0.8780 0.5720 0.8780 0.5720 0.5720
318 087 067 027 0.5720 0.5720 0.8780 0.5720 0.5720 0.5720 0.8780 0.8780 0.8780 0.5720 0.5720 0.8780 0.5720 0.8780 0.5720 0.8780
087 067 027 051 0.8780 0.8780 0.5720 0.8780 0.5720 0.8780 0.5720 0.8780 0.5720 0.5720 0.5720 0.5720 0.8780 0.8780 0.5720 0.8780
067 027 051 049 0.8780 0.5720 0.5720 0.5720 0.8780 0.5720 0.5720 0.8780 0.5720 0.5720 0.5720 0.8780 0.8780 0.8780 0.5720 0.8780
027 051 049 290 0.8780 0.5720 0.8780 0.8780 0.8780 0.8780 0.8780 0.5720 0.8780 0.8780 0.5720 0.5720 0.5720 0.5720 0.5720 0.5720
051 049 290 189 0.5720 0.8780 0.8780 0.5720 0.5720 0.5720 0.8780 0.5720 0.5720 0.8780 0.5720 0.5720 0.8780 0.5720 0.5720 0.5720
049 290 189 045 0.5720 0.8780 0.5720 0.8780 0.8780 0.8780 0.8780 0.5720 0.8780 0.5720 0.8780 0.5720 0.8780 0.5720 0.8780 0.8780
290 189 045 172 0.5720 0.8780 0.5720 0.5720 0.8780 0.8780 0.5720 0.8780 0.5720 0.5720 0.8780 0.5720 0.5720 0.8780 0.5720 0.8780
189 045 172 278 0.8780 0.8780 0.5720 0.5720 0.5720 0.5720 0.5720 0.8780 0.8780 0.5720 0.8780 0.8780 0.5720 0.8780 0.5720 0.8780
045 172 278 261 0.8780 0.5720 0.8780 0.5720 0.8780 0.8780 0.5720 0.8780 0.8780 0.8780 0.8780 0.8780 0.8780 0.8780 0.8780 0.8780
172 278 261 170 0.8780 0.8780 0.5720 0.8780 0.5720 0.5720 0.5720 0.8780 0.5720 0.8780 0.8780 0.5720 0.8780 0.8780 0.8780 0.8780
278 261 170 131 0.8780 0.8780 0.8780 0.8780 0.5720 0.5720 0.5720 0.5720 0.8780 0.8780 0.5720 0.8780 0.5720 0.5720 0.5720 0.8780
261 170 131 140 0.5720 0.8780 0.8780 0.8780 0.8780 0.5720 0.8780 0.8780 0.5720 0.8780 0.8780 0.8780 0.8780 0.5720 0.8780 0.8780
170 131 140 101 0.5720 0.5720 0.5720 0.5720 0.5720 0.8780 0.5720 0.5720 0.8780 0.8780 0.8780 0.5720 0.5720 0.8780 0.8780 0.5720
131 140 101 023 0.8780 0.5720 0.5720 0.5720 0.5720 0.8780 0.8780 0.8780 0.5720 0.8780 0.5720 0.5720 0.5720 0.8780 0.8780 0.8780
140 101 023 130 0.5720 0.8780 0.8780 0.8780 0.8780 0.8780 0.8780 0.5720 0.5720 0.8780 0.5720 0.8780 0.8780 0.5720 0.8780 0.5720
101 023 130 014 0.8780 0.8780 0.5720 0.5720 0.5720 0.5720 0.5720 0.8780 0.8780 0.5720 0.8780 0.5720 0.8780 0.5720 0.5720 0.8780
023 130 014 153 0.5720 0.5720 0.5720 0.8780 0.8780 0.5720 0.5720 0.8780 0.5720 0.5720 0.8780 0.8780 0.5720 0.8780 0.8780 0.5720
130 014 153 341 0.8780 0.8780 0.5720 0.8780 0.8780 0.8780 0.8780 0.5720 0.5720 0.8780 0.8780 0.8780 0.8780 0.5720 0.5720 0.5720
014 153 341 123 0.8780 0.8780 0.8780 0.8780 0.5720 0.8780 0.5720 0.8780 0.5720 0.8780 0.5720 0.5720 0.5720 0.8780 0.8780 0.5720
153 341 123 148 0.8780 0.8780 0.5720 0.8780 0.5720 0.8780 0.5720 0.5720 0.5720 0.8780 0.5720 0.8780 0.8780 0.8780 0.8780 0.5720
341 123 148 316 0.5720 0.8780 0.5720 0.8780 0.8780 0.5720 0.5720 0.5720 0.8780 0.8780 0.8780 0.5720 0.5720 0.8780 0.8780 0.8780
123 148 316 327 0.8780 0.5720 0.5720 0.5720 0.5720 0.5720 0.8780 0.5720 0.8780 0.8780 0.8780 0.5720 0.5720 0.8780 0.8780 0.5720
148 316 327 075 0.5720 0.5720 0.5720 0.8780 0.8780 0.8780 0.8780 0.5720 0.5720 0.8780 0.8780 0.8780 0.8780 0.5720 0.5720 0.5720
316 327 075 241 0.8780 0.5720 0.5720 0.5720 0.8780 0.8780 0.5720 0.8780 0.5720 0.5720 0.8780 0.5720 0.8780 0.5720 0.8780 0.8780
327 075 241 323 0.8780 0.8780 0.5720 0.5720 0.5720 0.5720 0.8780 0.8780 0.5720 0.5720 0.8780 0.5720 0.8780 0.8780 0.8780 0.8780
075 241 323 167 0.5720 0.5720 0.8780 0.5720 0.8780 0.8780 0.8780 0.8780 0.8780 0.8780 0.5720 0.5720 0.8780 0.8780 0.5720 0.8780
241 323 167 314 0.5720 0.8780 0.5720 0.8780 0.8780 0.5720 0.5720 0.5720 0.8780 0.8780 0.5720 0.8780 0.8780 0.8780 0.5720 0.8780
323 167 314 134 0.5720 0.5720 0.8780 0.8780 0.5720 0.5720 0.5720 0.8780 0.5720 0.5720 0.5720 0.5720 0.5720 0.5720 0.8780 0.5720
167 314 134 114 0.8780 0.8780 0.5720 0.5720 0.5720 0.8780 0.8780 0.5720 0.8780 0.5720 0.8780 0.8780 0.5720 0.5720 0.8780 0.5720
314 134 114 010 0.8780 0.5720 0.5720 0.5720 0.8780 0.8780 0.8780 0.5720 0.8780 0.8780 0.8780 0.8780 0.5720 0.8780 0.5720 0.8780
134 114 010 240 0.8780 0.8780 0.5720 0.8780 0.5720 0.5720 0.8780 0.5720 0.8780 0.5720 0.8780 0.5720 0.8780 0.5720 0.8780 0.5720
114 010 240 295 0.8780 0.8780 0.5720 0.8780 0.8780 0.5720 0.8780 0.8780 0.8780 0.8780 0.8780 0.5720 0.5720 0.8780 0.5720 0.5720
010 240 295 272 0.8780 0.8780 0.8780 0.5720 0.5720 0.5720 0.5720 0.5720 0.5720 0.5720 0.5720 0.5720 0.8780 0.5720 0.8780 0.8780
240 295 272 277 0.8780 0.5720 0.5720 0.5720 0.5720 0.5720 0.8780 0.5720 0.5720 0.5720 0.8780 0.8780 0.5720 0.5720 0.5720 0.5720
295 272 277 057 0.5720 0.8780 0.8780 0.5720 0.5720 0.5720 0.8780 0.8780 0.8780 0.8780 0.8780 0.8780 0.5720 0.8780 0.8780 0.5720
272 277 057 353 0.5720 0.5720 0.8780 0.5720 0.5720 0.5720 0.5720 0.8780 0.5720 0.8780 0.8780 0.8780 0.8780 0.8780 0.8780 0.5720
277 057 353 250 0.5720 0.5720 0.8780 0.8780 0.8780 0.5720 0.8780 0.8780 0.8780 0.8780 0.8780 0.8780 0.5720 0.8780 0.8780 0.5720
057 353 250 151 0.8780 0.5720 0.5720 0.5720 0.5720 0.5720 0.5720 0.8780 0.5720 0.5720 0.8780 0.5720 0.8780 0.5720 0.8780 0.8780
353 250 151 133 0.5720 0.8780 0.8780 0.8780 0.5720 0.8780 0.8780 0.8780 0.8780 0.5720 0.8780 0.5720 0.8780 0.8780 0.5720 0.8780
250 151 133 297 0.5720 0.5720 0.8780 0.5720 0.8780 0.8780 0.5720 0.8780 0.8780 0.8780 0.8780 0.5720 0.5720 0.5720 0.5720 0.8780
151 133 297 192 0.8780 0.8780 0.8780 0.8780 0.8780 0.5720 0.8780 0.8780 0.5720 0.8780 0.8780 0.8780 0.8780 0.5720 0.8780 0.8780
133 297 192 137 0.8780 0.5720 0.8780 0.5720 0.8780 0.8780 0.8780 0.8780 0.8780 0.8780 0.8780 0.5720 0.8780 0.5720 0.8780 0.5720
297 192 137 154 0.8780 0.5720 0.8780 0.8780 0.8780 0.8780 0.5720 0.8780 0.8780 0.5720 0.8780 0.5720 0.5720 0.8780 0.5720 0.8780
192 137 154 312 0.5720 0.5720 0.5720 0.8780 0.8780 0.5720 0.5720 0.5720 0.5720 0.8780 0.8780 0.5720 0.8780 0.5720 0.5720 0.8780
137 154 312 097 0.5720 0.5720 0.5720 0.5720 0.5720 0.5720 0.8780 0.8780 0.8780 0.5720 0.5720 0.5720 0.5720 0.5720 0.8780 0.5720
154 312 097 102 0.8780 0.8780 0.8780 0.5720 0.8780 0.5720 0.5720 0.5720 0.8780 0.8780 0.5720 0.5720 0.5720 0.8780 0.8780 0.8780
312 097 102 072 0.8780 0.8780 0.5720 0.5720 0.8780 0.5720 0.5720 0.8780 0.5720 0.5720 0.8780 0.5720 0.8780 0.8780 0.8780 0.5720
097 102 072 286 0.8780 0.8780 0.8780 0.5720 0.5720 0.5720 0.5720 0.8780 0.8780 0.5720 0.8780 0.5720 0.5720 0.8780 0.8780 0.8780
102 072 286 253 0.5720 0.8780 0.5720 0.5720 0.5720 0.5720 0.8780 0.8780 0.8780 0.5720 0.5720 0.5720 0.5720 0.5720 0.5720 0.8780
072 286 253 176 0.8780 0.5720 0.5720 0.5720 0.5720 0.5720 0.5720 0.8780 0.5720 0.5720 0.5720 0.8780 0.8780 0.5720 0.5720 0.5720
286 253 176 008 0.5720 0.8780 0.5720 0.5720 0.5720 0.5720 0.5720 0.5720 0.5720 0.8780 0.8780 0.5720 0.5720 0.8780 0.5720 0.5720
253 176 008 174 0.5720 0.5720 0.8780 0.5720 0.5720 0.5720 0.5720 0.5720 0.8780 0.8780 0.5720 0.8780 0.5720 0.5720 0.5720 0.5720
176 008 174 307 0.5720 0.8780 0.8780 0.8780 0.8780 0.5720 0.5720 0.8780 0.5720 0.5720 0.8780 0.5720 0.5720 0.8780 0.5720 0.5720
008 174 307 116 0.5720 0.8780 0.8780 0.5720 0.5720 0.8780 0.5720 0.8780 0.5720 0.8780 0.8780 0.5720 0.5720 0.8780 0.5720 0.8780
174 307 116 091 0.8780 0.8780 0.8780 0.8780 0.8780 0.8780 0.5720 0.5720 0.8780 0.8780 0.8780 0.5720 0.8780 0.8780 0.8780 0.5720
307 116 091 273 0.8780 0.5720 0.5720 0.8780 0.5720 0.5720 0.5720 0.5720 0.5720 0.8780 0.5720 0.5720 0.5720 0.5720 0.5720 0.5720
116 091 273 291 0.8780 0.8780 0.5720 0.8780 0.5720 0.8780 0.8780 0.8780 0.8780 0.5720 0.5720 0.5720 0.8780 0.5720 0.5720 0.8780
091 273 291 089 0.5720 0.5720 0.5720 0.8780 0.5720 0.8780 0.5720 0.8780 0.5720 0.8780 0.5720 0.5720 0.8780 0.8780 0.8780 0.8780
273 291 089 320 0.8780 0.5720 0.5720 0.5720 0.5720 0.8780 0.8780 0.8780 0.5720 0.8780 0.5720 0.8780 0.5720 0.8780 0.8780 0.5720
291 089 320 003 0.5720 0.5720 0.8780 0.8780 0.8780 0.8780 0.8780 0.5720 0.5720 0.8780 0.5720 0.8780 0.5720 0.8780 0.5720 0.5720
089 320 003 030 0.5720 0.8780 0.8780 0.5720 0.8780 0.8780 0.8780 0.8780 0.8780 0.8780 0.5720 0.5720 0.5720 0.8780 0.8780 0.8780
320 003 030 002 0.5720 0.8780 0.8780 0.5720 0.8780 0.8780 0.5720 0.8780 0.8780 0.5720 0.5720 0.5720 0.5720 0.5720 0.8780 0.5720
003 030 002 150 0.5720 0.5720 0.8780 0.5720 0.8780 0.5720 0.5720 0.8780 0.5720 0.8780 0.5720 0.8780 0.5720 0.8780 0.8780 0.8780
030 002 150 073 0.5720 0.8780 0.5720 0.8780 0.8780 0.8780 0.5720 0.5720 0.5720 0.8780 0.8780 0.5720 0.5720 0.5720 0.5720 0.8780
002 150 073 276 0.8780 0.8780 0.8780 0.5720 0.8780 0.8780 0.8780 0.5720 0.5720 0.8780 0.5720 0.5720 0.5720 0.8780 0.8780 0.5720
150 073 276 345 0.5720 0.5720 0.5720 0.5720 0.8780 0.5720 0.8780 0.8780 0.5720 0.5720 0.5720 0.5720 0.5720 0.5720 0.5720 0.5720
073 276 345 070 0.5720 0.8780 0.5720 0.5720 0.8780 0.8780 0.5720 0.5720 0.5720 0.8780 0.8780 0.5720 0.5720 0.5720 0.5720 0.5720
276 345 070 105 0.8780 0.8780 0.8780 0.8780 0.8780 0.5720 0.8780 0.5720 0.8780 0.5720 0.5720 0.5720 0.8780 0.5720 0.5720 0.5720
345 070 105 324 0.5720 0.8780 0.8780 0.8780 0.8780 0.8780 0.8780 0.8780 0.5720 0.8780 0.8780 0.5720 0.8780 0.8780 0.5720 0.5720
070 105 324 195 0.8780 0.8780 0.5720 0.5720 0.5720 0.5720 0.5720 0.8780 0.5720 0.8780 0.8780 0.5720 0.5720 0.5720 0.8780 0.8780
105 324 195 144 0.8780 0.5720 0.5720 0.5720 0.5720 0.5720 0.5720 0.8780 0.8780 0.8780 0.8780 0.8780 0.5720 0.5720 0.8780 0.8780
324 195 144 346 0.5720 0.8780 0.5720 0.8780 0.5720 0.8780 0.8780 0.5720 0.8780 0.5720 0.5720 0.5720 0.8780 0.5720 0.8780 0.5720
195 144 346 062 0.8780 0.8780 0.8780 0.8780 0.8780 0.8780 0.8780 0.8780 0.8780 0.8780 0.8780 0.5720 0.5720 0.8780 0.8780 0.8780
144 346 062 163 0.5720 0.5720 0.5720 0.8780 0.5720 0.8780 0.8780 0.5720 0.8780 0.8780 0.8780 0.5720 0.8780 0.5720 0.8780 0.5720
346 062 163 337 0.5720 0.8780 0.8780 0.8780 0.5720 0.5720 0.8780 0.5720 0.8780 0.5720 0.5720 0.8780 0.5720 0.5720 0.5720 0.8780
062 163 337 300 0.5720 0.5720 0.5720 0.8780 0.5720 0.5720 0.5720 0.8780 0.8780 0.5720 0.8780 0.5720 0.5720 0.5720 0.8780 0.5720
163 337 300 193 0.5720 0.5720 0.8780 0.8780 0.8780 0.5720 0.8780 0.8780 0.5720 0.5720 0.5720 0.5720 0.8780 0.8780 0.5720 0.5720
