356 031684 3
102 072 191 068 0.2066 0.9776 0.9776 0.9776 0.2066 0.2066 0.2066 0.2066 0.2066 0.9776 0.2066 0.9776 0.2066 0.2066 0.9776 0.2066
072 191 068 037 0.2066 0.9776 0.9776 0.9776 0.2066 0.2066 0.2066 0.9776 0.2066 0.2066 0.9776 0.9776 0.2066 0.9776 0.2066 0.9776
191 068 037 120 0.9776 0.2066 0.2066 0.2066 0.2066 0.9776 0.9776 0.9776 0.9776 0.2066 0.2066 0.9776 0.9776 0.9776 0.2066 0.2066
068 037 120 000 0.2066 0.9776 0.9776 0.2066 0.2066 0.9776 0.2066 0.9776 0.9776 0.9776 0.9776 0.9776 0.2066 0.9776 0.2066 0.2066
037 120 000 025 0.9776 0.2066 0.9776 0.2066 0.2066 0.2066 0.2066 0.9776 0.2066 0.2066 0.9776 0.9776 0.2066 0.9776 0.9776 0.9776
120 000 025 229 0.9776 0.2066 0.9776 0.9776 0.9776 0.9776 0.9776 0.9776 0.9776 0.2066 0.2066 0.2066 0.9776 0.9776 0.2066 0.2066
000 025 229 165 0.9776 0.2066 0.2066 0.9776 0.9776 0.2066 0.9776 0.9776 0.9776 0.2066 0.2066 0.2066 0.9776 0.2066 0.9776 0.2066
025 229 165 310 0.9776 0.9776 0.9776 0.9776 0.9776 0.9776 0.9776 0.9776 0.9776 0.2066 0.9776 0.9776 0.2066 0.9776 0.9776 0.2066
229 165 310 301 0.9776 0.9776 0.9776 0.9776 0.9776 0.2066 0.2066 0.9776 0.2066 0.9776 0.9776 0.2066 0.2066 0.9776 0.2066 0.9776
165 310 301 105 0.9776 0.9776 0.9776 0.9776 0.2066 0.9776 0.2066 0.9776 0.2066 0.2066 0.2066 0.2066 0.9776 0.9776 0.9776 0.2066
310 301 105 272 0.2066 0.2066 0.2066 0.2066 0.9776 0.9776 0.9776 0.2066 0.9776 0.2066 0.9776 0.9776 0.2066 0.2066 0.9776 0.9776
301 105 272 282 0.2066 0.9776 0.9776 0.9776 0.9776 0.2066 0.9776 0.9776 0.9776 0.9776 0.2066 0.2066 0.9776 0.9776 0.9776 0.2066
105 272 282 268 0.2066 0.2066 0.9776 0.2066 0.9776 0.9776 0.9776 0.2066 0.9776 0.2066 0.2066 0.9776 0.2066 0.9776 0.9776 0.9776
272 282 268 292 0.9776 0.9776 0.9776 0.9776 0.2066 0.9776 0.9776 0.9776 0.2066 0.2066 0.9776 0.9776 0.2066 0.2066 0.2066 0.9776
282 268 292 204 0.9776 0.9776 0.9776 0.9776 0.9776 0.2066 0.9776 0.9776 0.2066 0.2066 0.2066 0.2066 0.9776 0.9776 0.9776 0.2066
268 292 204 242 0.9776 0.9776 0.9776 0.2066 0.9776 0.9776 0.9776 0.9776 0.2066 0.2066 0.9776 0.9776 0.2066 0.2066 0.2066 0.9776
292 204 242 055 0.9776 0.2066 0.2066 0.2066 0.9776 0.9776 0.9776 0.9776 0.9776 0.2066 0.2066 0.9776 0.2066 0.9776 0.2066 0.2066
204 242 055 080 0.9776 0.2066 0.2066 0.9776 0.9776 0.9776 0.2066 0.9776 0.9776 0.9776 0.9776 0.2066 0.9776 0.9776 0.2066 0.9776
242 055 080 319 0.2066 0.9776 0.9776 0.9776 0.2066 0.9776 0.9776 0.9776 0.2066 0.9776 0.9776 0.9776 0.9776 0.9776 0.9776 0.9776
055 080 319 119 0.2066 0.9776 0.2066 0.9776 0.2066 0.9776 0.9776 0.9776 0.9776 0.9776 0.2066 0.2066 0.2066 0.9776 0.2066 0.2066
080 319 119 030 0.9776 0.9776 0.9776 0.2066 0.9776 0.2066 0.9776 0.9776 0.9776 0.2066 0.9776 0.2066 0.9776 0.2066 0.2066 0.2066
319 119 030 340 0.9776 0.2066 0.2066 0.9776 0.2066 0.2066 0.2066 0.2066 0.9776 0.2066 0.9776 0.2066 0.2066 0.2066 0.2066 0.9776
119 030 340 061 0.9776 0.9776 0.9776 0.9776 0.2066 0.2066 0.9776 0.9776 0.2066 0.2066 0.2066 0.2066 0.9776 0.9776 0.9776 0.9776
030 340 061 336 0.9776 0.9776 0.2066 0.2066 0.2066 0.2066 0.2066 0.2066 0.2066 0.2066 0.9776 0.2066 0.2066 0.2066 0.2066 0.9776
340 061 336 305 0.9776 0.2066 0.9776 0.9776 0.2066 0.2066 0.9776 0.2066 0.2066 0.2066 0.9776 0.9776 0.9776 0.9776 0.9776 0.2066
061 336 305 277 0.2066 0.9776 0.2066 0.2066 0.2066 0.2066 0.2066 0.9776 0.2066 0.2066 0.9776 0.9776 0.9776 0.9776 0.2066 0.9776
336 305 277 189 0.2066 0.2066 0.2066 0.2066 0.9776 0.2066 0.9776 0.2066 0.9776 0.9776 0.2066 0.9776 0.9776 0.2066 0.2066 0.2066
305 277 189 121 0.9776 0.2066 0.2066 0.2066 0.2066 0.9776 0.9776 0.9776 0.9776 0.9776 0.2066 0.2066 0.2066 0.2066 0.2066 0.2066
277 189 121 005 0.2066 0.9776 0.9776 0.2066 0.2066 0.2066 0.9776 0.2066 0.2066 0.9776 0.2066 0.9776 0.2066 0.9776 0.9776 0.9776
189 121 005 314 0.2066 0.9776 0.9776 0.2066 0.9776 0.2066 0.2066 0.9776 0.2066 0.9776 0.9776 0.9776 0.9776 0.2066 0.2066 0.2066
121 005 314 247 0.2066 0.9776 0.2066 0.2066 0.9776 0.9776 0.9776 0.2066 0.9776 0.2066 0.9776 0.2066 0.9776 0.9776 0.2066 0.2066
005 314 247 300 0.2066 0.2066 0.2066 0.2066 0.2066 0.2066 0.9776 0.2066 0.2066 0.9776 0.2066 0.9776 0.9776 0.2066 0.2066 0.9776
314 247 300 326 0.9776 0.9776 0.2066 0.9776 0.9776 0.9776 0.9776 0.2066 0.2066 0.2066 0.2066 0.9776 0.2066 0.2066 0.9776 0.9776
247 300 326 116 0.2066 0.2066 0.9776 0.9776 0.9776 0.2066 0.9776 0.2066 0.2066 0.2066 0.2066 0.2066 0.2066 0.9776 0.9776 0.2066
300 326 116 046 0.2066 0.9776 0.2066 0.2066 0.9776 0.9776 0.2066 0.2066 0.2066 0.2066 0.2066 0.9776 0.2066 0.2066 0.9776 0.2066
326 116 046 182 0.2066 0.2066 0.2066 0.2066 0.9776 0.2066 0.9776 0.9776 0.9776 0.9776 0.2066 0.2066 0.2066 0.2066 0.9776 0.2066
116 046 182 203 0.9776 0.2066 0.2066 0.9776 0.9776 0.2066 0.2066 0.9776 0.9776 0.9776 0.2066 0.2066 0.2066 0.2066 0.2066 0.2066
046 182 203 156 0.2066 0.2066 0.9776 0.9776 0.9776 0.9776 0.2066 0.9776 0.2066 0.9776 0.9776 0.2066 0.2066 0.9776 0.9776 0.2066
182 203 156 219 0.9776 0.9776 0.2066 0.9776 0.2066 0.9776 0.9776 0.9776 0.2066 0.2066 0.2066 0.2066 0.2066 0.2066 0.9776 0.9776
203 156 219 251 0.2066 0.9776 0.9776 0.2066 0.9776 0.2066 0.9776 0.2066 0.2066 0.2066 0.9776 0.2066 0.2066 0.9776 0.9776 0.9776
156 219 251 113 0.9776 0.9776 0.2066 0.2066 0.2066 0.9776 0.2066 0.2066 0.2066 0.2066 0.9776 0.2066 0.9776 0.2066 0.9776 0.9776
219 251 113 057 0.2066 0.2066 0.2066 0.2066 0.9776 0.2066 0.2066 0.9776 0.2066 0.9776 0.9776 0.9776 0.9776 0.2066 0.9776 0.2066
251 113 057 017 0.2066 0.9776 0.2066 0.2066 0.2066 0.2066 0.9776 0.9776 0.2066 0.2066 0.9776 0.9776 0.2066 0.9776 0.2066 0.2066
113 057 017 178 0.9776 0.2066 0.9776 0.2066 0.9776 0.2066 0.2066 0.9776 0.2066 0.9776 0.9776 0.2066 0.2066 0.9776 0.9776 0.2066
057 017 178 184 0.9776 0.9776 0.9776 0.2066 0.2066 0.2066 0.9776 0.2066 0.9776 0.9776 0.2066 0.2066 0.2066 0.9776 0.2066 0.2066
017 178 184 339 0.2066 0.2066 0.2066 0.2066 0.2066 0.9776 0.2066 0.9776 0.2066 0.9776 0.2066 0.9776 0.2066 0.2066 0.9776 0.2066
178 184 339 183 0.9776 0.2066 0.2066 0.2066 0.2066 0.2066 0.2066 0.9776 0.2066 0.2066 0.2066 0.9776 0.9776 0.2066 0.2066 0.9776
184 339 183 101 0.2066 0.2066 0.2066 0.9776 0.2066 0.2066 0.2066 0.2066 0.2066 0.2066 0.2066 0.9776 0.2066 0.9776 0.9776 0.9776
339 183 101 029 0.9776 0.9776 0.2066 0.2066 0.9776 0.9776 0.9776 0.2066 0.2066 0.2066 0.9776 0.2066 0.2066 0.2066 0.2066 0.2066
183 101 029 296 0.9776 0.2066 0.9776 0.2066 0.2066 0.2066 0.9776 0.2066 0.9776 0.2066 0.9776 0.2066 0.2066 0.9776 0.2066 0.2066
101 029 296 223 0.9776 0.9776 0.9776 0.2066 0.2066 0.2066 0.9776 0.9776 0.2066 0.2066 0.9776 0.9776 0.2066 0.2066 0.2066 0.2066
029 296 223 006 0.2066 0.9776 0.2066 0.9776 0.2066 0.2066 0.9776 0.9776 0.2066 0.2066 0.9776 0.2066 0.2066 0.2066 0.9776 0.2066
296 223 006 244 0.2066 0.9776 0.2066 0.2066 0.9776 0.2066 0.2066 0.9776 0.2066 0.9776 0.9776 0.2066 0.2066 0.9776 0.2066 0.9776
223 006 244 127 0.2066 0.9776 0.2066 0.9776 0.2066 0.9776 0.9776 0.9776 0.9776 0.9776 0.2066 0.2066 0.2066 0.9776 0.2066 0.9776
006 244 127 185 0.2066 0.2066 0.9776 0.2066 0.2066 0.2066 0.2066 0.2066 0.9776 0.2066 0.2066 0.2066 0.2066 0.9776 0.2066 0.9776
244 127 185 137 0.9776 0.9776 0.9776 0.2066 0.2066 0.2066 0.2066 0.2066 0.9776 0.2066 0.9776 0.9776 0.9776 0.9776 0.2066 0.9776
127 185 137 092 0.2066 0.9776 0.2066 0.2066 0.2066 0.9776 0.2066 0.9776 0.9776 0.2066 0.2066 0.9776 0.9776 0.2066 0.9776 0.2066
185 137 092 147 0.2066 0.2066 0.9776 0.9776 0.9776 0.9776 0.9776 0.9776 0.2066 0.9776 0.2066 0.9776 0.9776 0.9776 0.9776 0.9776
137 092 147 250 0.9776 0.2066 0.2066 0.9776 0.9776 0.2066 0.9776 0.2066 0.2066 0.9776 0.9776 0.9776 0.9776 0.2066 0.9776 0.9776
092 147 250 146 0.2066 0.2066 0.2066 0.9776 0.2066 0.9776 0.2066 0.2066 0.2066 0.9776 0.2066 0.9776 0.9776 0.9776 0.2066 0.9776
147 250 146 258 0.9776 0.9776 0.2066 0.9776 0.9776 0.9776 0.9776 0.9776 0.9776 0.9776 0.9776 0.9776 0.9776 0.9776 0.9776 0.2066
250 146 258 286 0.2066 0.2066 0.2066 0.2066 0.2066 0.9776 0.9776 0.2066 0.2066 0.2066 0.2066 0.2066 0.2066 0.9776 0.2066 0.9776
146 258 286 021 0.2066 0.2066 0.9776 0.9776 0.9776 0.2066 0.2066 0.9776 0.2066 0.2066 0.9776 0.9776 0.9776 0.2066 0.9776 0.9776
258 286 021 004 0.9776 0.2066 0.2066 0.2066 0.2066 0.9776 0.2066 0.2066 0.2066 0.9776 0.9776 0.2066 0.9776 0.9776 0.9776 0.9776
286 021 004 288 0.2066 0.2066 0.9776 0.2066 0.2066 0.2066 0.2066 0.9776 0.9776 0.2066 0.2066 0.2066 0.9776 0.2066 0.2066 0.9776
021 004 288 028 0.9776 0.2066 0.9776 0.9776 0.9776 0.2066 0.9776 0.2066 0.2066 0.9776 0.2066 0.2066 0.2066 0.9776 0.9776 0.2066
004 288 028 056 0.9776 0.2066 0.9776 0.9776 0.9776 0.9776 0.9776 0.2066 0.2066 0.2066 0.9776 0.2066 0.2066 0.2066 0.9776 0.9776
288 028 056 118 0.9776 0.2066 0.9776 0.2066 0.2066 0.2066 0.9776 0.2066 0.9776 0.2066 0.2066 0.9776 0.2066 0.2066 0.2066 0.2066
028 056 118 123 0.2066 0.2066 0.2066 0.9776 0.2066 0.9776 0.9776 0.9776 0.2066 0.2066 0.2066 0.9776 0.9776 0.2066 0.2066 0.9776
056 118 123 276 0.9776 0.2066 0.9776 0.9776 0.9776 0.9776 0.9776 0.9776 0.2066 0.9776 0.2066 0.9776 0.9776 0.9776 0.2066 0.9776
118 123 276 166 0.9776 0.2066 0.9776 0.2066 0.2066 0.2066 0.2066 0.9776 0.9776 0.9776 0.2066 0.9776 0.2066 0.9776 0.2066 0.9776
123 276 166 100 0.9776 0.2066 0.9776 0.9776 0.2066 0.9776 0.2066 0.2066 0.2066 0.2066 0.9776 0.9776 0.9776 0.9776 0.2066 0.2066
276 166 100 295 0.2066 0.2066 0.2066 0.9776 0.2066 0.9776 0.9776 0.9776 0.9776 0.9776 0.2066 0.2066 0.9776 0.2066 0.2066 0.2066
166 100 295 312 0.9776 0.9776 0.2066 0.2066 0.9776 0.9776 0.2066 0.9776 0.9776 0.9776 0.9776 0.9776 0.9776 0.2066 0.2066 0.2066
100 295 312 033 0.9776 0.2066 0.9776 0.2066 0.2066 0.9776 0.2066 0.9776 0.2066 0.9776 0.9776 0.9776 0.2066 0.9776 0.9776 0.9776
295 312 033 007 0.9776 0.9776 0.2066 0.9776 0.2066 0.9776 0.2066 0.2066 0.2066 0.2066 0.2066 0.2066 0.2066 0.9776 0.2066 0.2066
312 033 007 022 0.9776 0.9776 0.2066 0.2066 0.9776 0.9776 0.9776 0.2066 0.2066 0.9776 0.9776 0.2066 0.2066 0.2066 0.9776 0.9776
033 007 022 109 0.2066 0.2066 0.9776 0.9776 0.9776 0.9776 0.9776 0.2066 0.9776 0.9776 0.2066 0.2066 0.9776 0.9776 0.9776 0.2066
007 022 109 152 0.2066 0.9776 0.9776 0.9776 0.9776 0.9776 0.2066 0.9776 0.2066 0.9776 0.2066 0.9776 0.2066 0.2066 0.9776 0.2066
022 109 152 114 0.9776 0.2066 0.9776 0.9776 0.2066 0.9776 0.9776 0.9776 0.2066 0.2066 0.2066 0.2066 0.9776 0.9776 0.9776 0.9776
109 152 114 038 0.2066 0.2066 0.2066 0.9776 0.9776 0.9776 0.9776 0.9776 0.9776 0.2066 0.9776 0.9776 0.2066 0.2066 0.2066 0.9776
152 114 038 193 0.2066 0.9776 0.9776 0.2066 0.9776 0.2066 0.9776 0.2066 0.2066 0.9776 0.2066 0.9776 0.9776 0.2066 0.2066 0.9776
114 038 193 060 0.2066 0.2066 0.2066 0.2066 0.2066 0.2066 0.9776 0.9776 0.9776 0.9776 0.2066 0.2066 0.9776 0.9776 0.9776 0.9776
038 193 060 167 0.2066 0.9776 0.9776 0.9776 0.2066 0.2066 0.2066 0.2066 0.2066 0.9776 0.2066 0.2066 0.2066 0.9776 0.2066 0.9776
193 060 167 151 0.2066 0.9776 0.2066 0.2066 0.2066 0.2066 0.2066 0.2066 0.9776 0.2066 0.2066 0.9776 0.2066 0.9776 0.9776 0.9776
060 167 151 141 0.9776 0.2066 0.2066 0.9776 0.2066 0.2066 0.2066 0.2066 0.9776 0.9776 0.9776 0.9776 0.2066 0.9776 0.9776 0.2066
167 151 141 252 0.9776 0.9776 0.2066 0.9776 0.9776 0.9776 0.2066 0.2066 0.9776 0.2066 0.9776 0.9776 0.9776 0.2066 0.2066 0.2066
151 141 252 035 0.9776 0.9776 0.9776 0.2066 0.2066 0.2066 0.2066 0.2066 0.2066 0.2066 0.2066 0.9776 0.9776 0.2066 0.9776 0.9776
141 252 035 331 0.9776 0.2066 0.9776 0.2066 0.2066 0.9776 0.9776 0.9776 0.9776 0.2066 0.9776 0.2066 0.2066 0.9776 0.9776 0.2066
252 035 331 323 0.2066 0.9776 0.2066 0.9776 0.2066 0.2066 0.2066 0.9776 0.2066 0.9776 0.2066 0.9776 0.9776 0.2066 0.9776 0.9776
035 331 323 128 0.9776 0.2066 0.9776 0.2066 0.2066 0.9776 0.2066 0.2066 0.9776 0.2066 0.9776 0.2066 0.9776 0.2066 0.9776 0.9776
331 323 128 066 0.2066 0.2066 0.2066 0.2066 0.9776 0.9776 0.2066 0.2066 0.9776 0.9776 0.9776 0.9776 0.9776 0.9776 0.9776 0.9776
323 128 066 257 0.9776 0.9776 0.9776 0.2066 0.2066 0.9776 0.2066 0.2066 0.2066 0.9776 0.9776 0.2066 0.2066 0.9776 0.2066 0.2066
128 066 257 222 0.9776 0.2066 0.2066 0.9776 0.9776 0.9776 0.9776 0.9776 0.9776 0.2066 0.9776 0.2066 0.9776 0.9776 0.2066 0.9776
066 257 222 091 0.9776 0.2066 0.9776 0.9776 0.2066 0.2066 0.2066 0.2066 0.9776 0.9776 0.2066 0.2066 0.9776 0.2066 0.2066 0.9776
257 222 091 221 0.9776 0.2066 0.9776 0.9776 0.2066 0.9776 0.2066 0.2066 0.2066 0.2066 0.2066 0.9776 0.2066 0.9776 0.2066 0.9776
222 091 221 158 0.9776 0.2066 0.2066 0.2066 0.9776 0.9776 0.2066 0.9776 0.9776 0.2066 0.9776 0.9776 0.9776 0.9776 0.9776 0.9776
091 221 158 011 0.2066 0.2066 0.9776 0.2066 0.2066 0.9776 0.2066 0.2066 0.2066 0.2066 0.2066 0.2066 0.2066 0.9776 0.2066 0.2066
221 158 011 317 0.9776 0.2066 0.9776 0.9776 0.9776 0.9776 0.2066 0.9776 0.2066 0.2066 0.9776 0.9776 0.9776 0.9776 0.9776 0.9776
158 011 317 134 0.9776 0.9776 0.2066 0.2066 0.2066 0.9776 0.9776 0.2066 0.2066 0.2066 0.2066 0.2066 0.9776 0.2066 0.2066 0.2066
011 317 134 253 0.9776 0.2066 0.9776 0.2066 0.9776 0.9776 0.2066 0.2066 0.9776 0.2066 0.9776 0.2066 0.2066 0.2066 0.2066 0.2066
317 134 253 179 0.2066 0.9776 0.2066 0.2066 0.2066 0.9776 0.2066 0.2066 0.2066 0.9776 0.2066 0.2066 0.9776 0.9776 0.9776 0.2066
134 253 179 307 0.9776 0.2066 0.2066 0.9776 0.2066 0.2066 0.9776 0.2066 0.9776 0.9776 0.2066 0.2066 0.2066 0.2066 0.2066 0.2066
253 179 307 230 0.2066 0.9776 0.2066 0.9776 0.2066 0.9776 0.2066 0.9776 0.2066 0.2066 0.2066 0.2066 0.9776 0.9776 0.2066 0.9776
179 307 230 207 0.9776 0.2066 0.9776 0.2066 0.9776 0.9776 0.9776 0.9776 0.2066 0.2066 0.2066 0.2066 0.9776 0.9776 0.2066 0.2066
307 230 207 273 0.2066 0.2066 0.9776 0.2066 0.9776 0.2066 0.2066 0.2066 0.2066 0.2066 0.2066 0.9776 0.9776 0.9776 0.9776 0.2066
230 207 273 027 0.2066 0.9776 0.9776 0.9776 0.2066 0.2066 0.2066 0.2066 0.9776 0.2066 0.9776 0.9776 0.2066 0.2066 0.9776 0.9776
207 273 027 313 0.9776 0.9776 0.9776 0.2066 0.2066 0.9776 0.2066 0.9776 0.9776 0.2066 0.9776 0.2066 0.9776 0.2066 0.9776 0.9776
273 027 313 352 0.2066 0.9776 0.9776 0.2066 0.9776 0.2066 0.9776 0.2066 0.2066 0.2066 0.2066 0.2066 0.9776 0.9776 0.9776 0.9776
027 313 352 153 0.2066 0.2066 0.9776 0.2066 0.2066 0.2066 0.2066 0.2066 0.9776 0.2066 0.9776 0.2066 0.2066 0.9776 0.2066 0.9776
313 352 153 062 0.2066 0.2066 0.9776 0.9776 0.2066 0.2066 0.9776 0.9776 0.9776 0.9776 0.2066 0.2066 0.2066 0.2066 0.2066 0.2066
352 153 062 235 0.2066 0.9776 0.2066 0.2066 0.9776 0.2066 0.9776 0.2066 0.2066 0.9776 0.9776 0.2066 0.9776 0.9776 0.9776 0.9776
153 062 235 076 0.9776 0.2066 0.9776 0.9776 0.2066 0.2066 0.9776 0.2066 0.2066 0.9776 0.2066 0.9776 0.9776 0.9776 0.9776 0.9776
062 235 076 086 0.9776 0.2066 0.2066 0.9776 0.9776 0.9776 0.2066 0.2066 0.2066 0.9776 0.9776 0.9776 0.2066 0.9776 0.2066 0.9776
235 076 086 075 0.2066 0.9776 0.2066 0.9776 0.2066 0.2066 0.9776 0.9776 0.2066 0.9776 0.2066 0.2066 0.2066 0.2066 0.9776 0.9776
076 086 075 261 0.9776 0.9776 0.2066 0.9776 0.9776 0.9776 0.2066 0.2066 0.2066 0.9776 0.9776 0.9776 0.2066 0.9776 0.2066 0.9776
086 075 261 347 0.2066 0.2066 0.2066 0.9776 0.2066 0.9776 0.2066 0.2066 0.2066 0.2066 0.2066 0.9776 0.2066 0.2066 0.2066 0.9776
075 261 347 265 0.2066 0.9776 0.9776 0.2066 0.9776 0.2066 0.2066 0.2066 0.2066 0.9776 0.2066 0.9776 0.9776 0.9776 0.2066 0.2066
261 347 265 063 0.9776 0.9776 0.2066 0.2066 0.9776 0.2066 0.9776 0.2066 0.2066 0.9776 0.9776 0.2066 0.2066 0.9776 0.2066 0.2066
347 265 063 181 0.2066 0.9776 0.9776 0.2066 0.9776 0.9776 0.9776 0.9776 0.2066 0.9776 0.9776 0.2066 0.2066 0.9776 0.2066 0.2066
265 063 181 196 0.2066 0.2066 0.9776 0.2066 0.2066 0.2066 0.9776 0.9776 0.2066 0.9776 0.2066 0.9776 0.2066 0.9776 0.9776 0.9776
063 181 196 174 0.2066 0.2066 0.9776 0.2066 0.9776 0.9776 0.9776 0.2066 0.9776 0.9776 0.2066 0.9776 0.9776 0.2066 0.9776 0.2066
181 196 174 140 0.9776 0.2066 0.9776 0.2066 0.2066 0.2066 0.9776 0.2066 0.2066 0.2066 0.9776 0.9776 0.2066 0.2066 0.2066 0.9776
196 174 140 209 0.9776 0.2066 0.2066 0.2066 0.2066 0.2066 0.9776 0.9776 0.2066 0.2066 0.9776 0.9776 0.2066 0.2066 0.9776 0.2066
174 140 209 351 0.9776 0.2066 0.2066 0.9776 0.9776 0.9776 0.9776 0.2066 0.2066 0.9776 0.9776 0.9776 0.9776 0.2066 0.9776 0.2066
140 209 351 186 0.9776 0.9776 0.2066 0.9776 0.2066 0.9776 0.9776 0.2066 0.2066 0.2066 0.2066 0.2066 0.9776 0.2066 0.2066 0.2066
209 351 186 254 0.9776 0.9776 0.9776 0.9776 0.9776 0.9776 0.9776 0.2066 0.9776 0.9776 0.2066 0.9776 0.2066 0.2066 0.9776 0.2066
351 186 254 190 0.9776 0.2066 0.2066 0.9776 0.9776 0.9776 0.9776 0.2066 0.9776 0.9776 0.9776 0.2066 0.2066 0.2066 0.2066 0.9776
186 254 190 093 0.9776 0.2066 0.2066 0.2066 0.2066 0.2066 0.9776 0.2066 0.9776 0.9776 0.2066 0.2066 0.9776 0.2066 0.9776 0.2066
254 190 093 246 0.2066 0.9776 0.9776 0.9776 0.9776 0.9776 0.2066 0.9776 0.2066 0.9776 0.2066 0.9776 0.2066 0.9776 0.9776 0.2066
190 093 246 198 0.2066 0.2066 0.2066 0.9776 0.9776 0.9776 0.9776 0.2066 0.2066 0.2066 0.2066 0.9776 0.2066 0.2066 0.9776 0.2066
093 246 198 135 0.2066 0.9776 0.2066 0.2066 0.2066 0.2066 0.2066 0.2066 0.2066 0.9776 0.9776 0.9776 0.2066 0.9776 0.9776 0.2066
246 198 135 097 0.2066 0.2066 0.2066 0.9776 0.9776 0.2066 0.9776 0.9776 0.9776 0.9776 0.2066 0.2066 0.9776 0.2066 0.2066 0.9776
198 135 097 111 0.2066 0.2066 0.9776 0.9776 0.2066 0.9776 0.9776 0.2066 0.2066 0.2066 0.2066 0.2066 0.2066 0.2066 0.2066 0.2066
135 097 111 293 0.2066 0.9776 0.9776 0.9776 0.2066 0.2066 0.9776 0.9776 0.2066 0.9776 0.9776 0.9776 0.2066 0.9776 0.2066 0.9776
097 111 293 278 0.9776 0.2066 0.9776 0.2066 0.2066 0.2066 0.2066 0.9776 0.2066 0.2066 0.2066 0.2066 0.9776 0.9776 0.9776 0.2066
111 293 278 074 0.9776 0.9776 0.2066 0.2066 0.2066 0.9776 0.2066 0.9776 0.2066 0.9776 0.2066 0.9776 0.2066 0.2066 0.2066 0.9776
293 278 074 217 0.9776 0.2066 0.2066 0.2066 0.2066 0.2066 0.9776 0.2066 0.2066 0.2066 0.9776 0.9776 0.2066 0.2066 0.9776 0.9776
278 074 217 245 0.9776 0.9776 0.2066 0.9776 0.9776 0.2066 0.2066 0.9776 0.2066 0.9776 0.2066 0.9776 0.9776 0.9776 0.9776 0.2066
074 217 245 291 0.2066 0.2066 0.2066 0.9776 0.2066 0.9776 0.2066 0.2066 0.9776 0.2066 0.2066 0.9776 0.2066 0.9776 0.2066 0.9776
217 245 291 058 0.2066 0.2066 0.2066 0.2066 0.2066 0.9776 0.9776 0.2066 0.9776 0.9776 0.9776 0.9776 0.2066 0.2066 0.2066 0.9776
245 291 058 042 0.9776 0.9776 0.9776 0.9776 0.2066 0.2066 0.9776 0.9776 0.2066 0.2066 0.9776 0.2066 0.9776 0.9776 0.2066 0.9776
291 058 042 148 0.9776 0.2066 0.9776 0.9776 0.9776 0.2066 0.2066 0.9776 0.9776 0.9776 0.2066 0.9776 0.2066 0.9776 0.9776 0.2066
058 042 148 133 0.2066 0.9776 0.9776 0.2066 0.9776 0.9776 0.2066 0.9776 0.2066 0.9776 0.2066 0.9776 0.2066 0.2066 0.9776 0.9776
042 148 133 159 0.9776 0.9776 0.2066 0.9776 0.9776 0.2066 0.9776 0.2066 0.2066 0.9776 0.2066 0.2066 0.2066 0.2066 0.9776 0.2066
148 133 159 099 0.2066 0.9776 0.9776 0.2066 0.9776 0.2066 0.2066 0.9776 0.9776 0.2066 0.9776 0.9776 0.9776 0.9776 0.2066 0.9776
133 159 099 034 0.2066 0.9776 0.2066 0.2066 0.2066 0.2066 0.9776 0.2066 0.9776 0.2066 0.2066 0.9776 0.2066 0.2066 0.2066 0.2066
159 099 034 241 0.9776 0.9776 0.9776 0.2066 0.2066 0.9776 0.2066 0.2066 0.9776 0.9776 0.9776 0.9776 0.2066 0.2066 0.2066 0.9776
099 034 241 136 0.9776 0.9776 0.9776 0.9776 0.2066 0.2066 0.2066 0.9776 0.9776 0.2066 0.9776 0.9776 0.2066 0.2066 0.9776 0.9776
034 241 136 248 0.9776 0.2066 0.2066 0.9776 0.2066 0.2066 0.2066 0.9776 0.2066 0.2066 0.9776 0.9776 0.9776 0.9776 0.9776 0.2066
241 136 248 297 0.9776 0.9776 0.9776 0.9776 0.9776 0.9776 0.2066 0.2066 0.2066 0.9776 0.2066 0.9776 0.9776 0.2066 0.9776 0.9776
136 248 297 271 0.9776 0.2066 0.2066 0.2066 0.2066 0.9776 0.9776 0.2066 0.9776 0.2066 0.9776 0.9776 0.2066 0.2066 0.2066 0.9776
248 297 271 157 0.2066 0.2066 0.2066 0.9776 0.2066 0.2066 0.2066 0.2066 0.9776 0.9776 0.9776 0.2066 0.9776 0.9776 0.2066 0.2066
297 271 157 014 0.9776 0.2066 0.2066 0.2066 0.2066 0.2066 0.9776 0.2066 0.9776 0.9776 0.9776 0.2066 0.9776 0.2066 0.2066 0.2066
271 157 014 131 0.2066 0.9776 0.2066 0.9776 0.2066 0.9776 0.2066 0.2066 0.9776 0.9776 0.2066 0.9776 0.2066 0.2066 0.9776 0.9776
157 014 131 214 0.2066 0.2066 0.9776 0.9776 0.2066 0.9776 0.9776 0.9776 0.9776 0.2066 0.9776 0.9776 0.9776 0.9776 0.2066 0.2066
014 131 214 049 0.2066 0.9776 0.2066 0.9776 0.9776 0.9776 0.9776 0.9776 0.2066 0.9776 0.9776 0.9776 0.9776 0.2066 0.9776 0.2066
131 214 049 322 0.2066 0.2066 0.2066 0.2066 0.2066 0.2066 0.9776 0.9776 0.9776 0.9776 0.9776 0.2066 0.9776 0.2066 0.2066 0.9776
214 049 322 023 0.2066 0.2066 0.2066 0.2066 0.9776 0.2066 0.9776 0.2066 0.2066 0.2066 0.9776 0.9776 0.2066 0.2066 0.9776 0.2066
049 322 023 303 0.2066 0.2066 0.2066 0.9776 0.9776 0.2066 0.2066 0.2066 0.9776 0.9776 0.9776 0.2066 0.9776 0.9776 0.9776 0.2066
322 023 303 010 0.9776 0.2066 0.2066 0.2066 0.9776 0.9776 0.9776 0.9776 0.2066 0.9776 0.9776 0.2066 0.2066 0.9776 0.2066 0.9776
023 303 010 233 0.9776 0.9776 0.2066 0.9776 0.2066 0.2066 0.9776 0.2066 0.9776 0.2066 0.2066 0.9776 0.2066 0.2066 0.2066 0.2066
303 010 233 355 0.9776 0.9776 0.2066 0.9776 0.2066 0.9776 0.2066 0.9776 0.2066 0.2066 0.9776 0.2066 0.2066 0.2066 0.2066 0.9776
010 233 355 201 0.2066 0.2066 0.2066 0.9776 0.2066 0.9776 0.2066 0.2066 0.2066 0.9776 0.2066 0.2066 0.2066 0.9776 0.2066 0.9776
233 355 201 044 0.2066 0.9776 0.2066 0.2066 0.9776 0.2066 0.2066 0.2066 0.2066 0.9776 0.9776 0.2066 0.2066 0.9776 0.2066 0.2066
355 201 044 155 0.2066 0.9776 0.2066 0.2066 0.2066 0.2066 0.2066 0.2066 0.9776 0.9776 0.9776 0.2066 0.9776 0.9776 0.2066 0.2066
201 044 155 173 0.2066 0.9776 0.2066 0.9776 0.2066 0.9776 0.9776 0.9776 0.9776 0.9776 0.9776 0.2066 0.2066 0.9776 0.9776 0.2066
044 155 173 067 0.2066 0.9776 0.9776 0.9776 0.9776 0.9776 0.9776 0.2066 0.9776 0.2066 0.2066 0.9776 0.2066 0.2066 0.2066 0.9776
155 173 067 108 0.9776 0.9776 0.9776 0.2066 0.2066 0.9776 0.2066 0.9776 0.9776 0.2066 0.2066 0.2066 0.9776 0.9776 0.9776 0.2066
173 067 108 081 0.9776 0.2066 0.2066 0.2066 0.2066 0.9776 0.2066 0.2066 0.9776 0.2066 0.9776 0.2066 0.2066 0.9776 0.9776 0.9776
067 108 081 320 0.9776 0.2066 0.9776 0.2066 0.9776 0.9776 0.9776 0.9776 0.2066 0.2066 0.2066 0.9776 0.2066 0.2066 0.2066 0.2066
108 081 320 332 0.9776 0.2066 0.9776 0.2066 0.9776 0.9776 0.9776 0.9776 0.2066 0.2066 0.2066 0.2066 0.9776 0.9776 0.2066 0.9776
081 320 332 082 0.9776 0.9776 0.2066 0.9776 0.2066 0.9776 0.2066 0.9776 0.9776 0.9776 0.2066 0.9776 0.2066 0.2066 0.9776 0.2066
320 332 082 085 0.2066 0.2066 0.9776 0.9776 0.9776 0.2066 0.2066 0.2066 0.9776 0.2066 0.9776 0.2066 0.9776 0.9776 0.2066 0.2066
332 082 085 115 0.2066 0.9776 0.9776 0.9776 0.9776 0.9776 0.9776 0.9776 0.9776 0.9776 0.9776 0.2066 0.9776 0.9776 0.2066 0.9776
082 085 115 194 0.9776 0.9776 0.9776 0.2066 0.9776 0.2066 0.2066 0.9776 0.2066 0.2066 0.2066 0.2066 0.9776 0.2066 0.2066 0.9776
085 115 194 306 0.2066 0.2066 0.2066 0.2066 0.2066 0.2066 0.2066 0.9776 0.9776 0.9776 0.9776 0.2066 0.2066 0.2066 0.2066 0.2066
115 194 306 348 0.9776 0.9776 0.2066 0.2066 0.2066 0.2066 0.2066 0.9776 0.2066 0.2066 0.2066 0.2066 0.9776 0.9776 0.2066 0.2066
194 306 348 077 0.2066 0.9776 0.2066 0.9776 0.9776 0.2066 0.2066 0.2066 0.2066 0.2066 0.2066 0.2066 0.2066 0.9776 0.2066 0.9776
306 348 077 237 0.9776 0.9776 0.2066 0.9776 0.9776 0.9776 0.2066 0.9776 0.9776 0.2066 0.9776 0.2066 0.2066 0.9776 0.2066 0.2066
348 077 237 024 0.2066 0.2066 0.2066 0.2066 0.2066 0.2066 0.9776 0.2066 0.2066 0.2066 0.2066 0.2066 0.9776 0.2066 0.2066 0.9776
077 237 024 039 0.9776 0.9776 0.9776 0.9776 0.2066 0.9776 0.9776 0.9776 0.9776 0.9776 0.9776 0.9776 0.9776 0.9776 0.9776 0.2066
237 024 039 281 0.9776 0.9776 0.2066 0.9776 0.9776 0.9776 0.9776 0.9776 0.2066 0.2066 0.9776 0.2066 0.9776 0.2066 0.9776 0.2066
024 039 281 047 0.2066 0.2066 0.2066 0.2066 0.9776 0.2066 0.9776 0.9776 0.9776 0.2066 0.9776 0.9776 0.2066 0.2066 0.2066 0.9776
039 281 047 210 0.9776 0.9776 0.2066 0.2066 0.9776 0.9776 0.9776 0.2066 0.2066 0.2066 0.2066 0.9776 0.2066 0.9776 0.2066 0.2066
281 047 210 142 0.2066 0.2066 0.2066 0.9776 0.2066 0.9776 0.2066 0.2066 0.2066 0.2066 0.2066 0.9776 0.9776 0.2066 0.2066 0.9776
047 210 142 110 0.2066 0.2066 0.2066 0.2066 0.9776 0.9776 0.9776 0.2066 0.9776 0.9776 0.2066 0.9776 0.9776 0.2066 0.9776 0.2066
210 142 110 249 0.9776 0.2066 0.2066 0.2066 0.9776 0.2066 0.9776 0.9776 0.9776 0.2066 0.9776 0.9776 0.2066 0.2066 0.2066 0.9776
142 110 249 059 0.2066 0.9776 0.2066 0.9776 0.9776 0.9776 0.9776 0.2066 0.9776 0.2066 0.2066 0.9776 0.2066 0.9776 0.9776 0.9776
110 249 059 020 0.2066 0.9776 0.9776 0.2066 0.2066 0.2066 0.9776 0.9776 0.2066 0.2066 0.2066 0.9776 0.9776 0.2066 0.9776 0.2066
249 059 020 106 0.2066 0.9776 0.2066 0.9776 0.2066 0.2066 0.9776 0.2066 0.2066 0.2066 0.2066 0.2066 0.9776 0.2066 0.9776 0.9776
059 020 106 164 0.2066 0.9776 0.2066 0.9776 0.2066 0.9776 0.2066 0.9776 0.9776 0.2066 0.9776 0.2066 0.9776 0.9776 0.9776 0.9776
020 106 164 078 0.9776 0.2066 0.9776 0.9776 0.9776 0.9776 0.9776 0.9776 0.9776 0.9776 0.9776 0.9776 0.2066 0.9776 0.9776 0.2066
106 164 078 256 0.2066 0.2066 0.9776 0.2066 0.2066 0.9776 0.2066 0.9776 0.2066 0.9776 0.9776 0.9776 0.2066 0.9776 0.2066 0.9776
164 078 256 139 0.9776 0.2066 0.2066 0.2066 0.9776 0.9776 0.2066 0.9776 0.2066 0.9776 0.2066 0.9776 0.2066 0.9776 0.2066 0.9776
078 256 139 089 0.9776 0.9776 0.2066 0.9776 0.9776 0.2066 0.9776 0.9776 0.2066 0.2066 0.9776 0.2066 0.9776 0.2066 0.2066 0.9776
256 139 089 129 0.2066 0.2066 0.2066 0.2066 0.9776 0.2066 0.2066 0.2066 0.9776 0.2066 0.9776 0.2066 0.2066 0.2066 0.2066 0.2066
139 089 129 208 0.9776 0.9776 0.9776 0.2066 0.2066 0.2066 0.9776 0.9776 0.2066 0.9776 0.2066 0.2066 0.2066 0.9776 0.2066 0.9776
089 129 208 225 0.2066 0.2066 0.2066 0.2066 0.9776 0.2066 0.2066 0.9776 0.9776 0.2066 0.9776 0.2066 0.2066 0.2066 0.9776 0.9776
129 208 225 350 0.2066 0.2066 0.9776 0.2066 0.9776 0.2066 0.9776 0.2066 0.2066 0.2066 0.2066 0.9776 0.9776 0.2066 0.9776 0.2066
208 225 350 333 0.2066 0.9776 0.9776 0.9776 0.9776 0.2066 0.2066 0.9776 0.9776 0.2066 0.9776 0.2066 0.9776 0.9776 0.9776 0.9776
225 350 333 002 0.2066 0.2066 0.9776 0.9776 0.2066 0.9776 0.2066 0.2066 0.2066 0.2066 0.9776 0.2066 0.9776 0.2066 0.9776 0.9776
350 333 002 279 0.2066 0.9776 0.2066 0.2066 0.2066 0.9776 0.2066 0.2066 0.2066 0.2066 0.9776 0.9776 0.2066 0.9776 0.2066 0.9776
333 002 279 125 0.9776 0.9776 0.9776 0.9776 0.9776 0.9776 0.2066 0.2066 0.2066 0.2066 0.9776 0.2066 0.2066 0.9776 0.2066 0.9776
002 279 125 083 0.2066 0.2066 0.9776 0.2066 0.9776 0.2066 0.9776 0.9776 0.2066 0.2066 0.2066 0.2066 0.9776 0.9776 0.9776 0.9776
279 125 083 215 0.2066 0.2066 0.9776 0.2066 0.2066 0.2066 0.2066 0.2066 0.9776 0.9776 0.9776 0.9776 0.2066 0.9776 0.9776 0.2066
125 083 215 171 0.2066 0.2066 0.2066 0.9776 0.2066 0.9776 0.9776 0.9776 0.9776 0.2066 0.2066 0.2066 0.2066 0.2066 0.2066 0.9776
083 215 171 255 0.9776 0.2066 0.9776 0.2066 0.2066 0.9776 0.9776 0.9776 0.2066 0.2066 0.9776 0.9776 0.9776 0.2066 0.2066 0.9776
215 171 255 009 0.9776 0.2066 0.9776 0.2066 0.9776 0.9776 0.9776 0.2066 0.2066 0.2066 0.9776 0.2066 0.9776 0.2066 0.9776 0.9776
171 255 009 212 0.2066 0.9776 0.2066 0.9776 0.2066 0.2066 0.9776 0.2066 0.9776 0.2066 0.9776 0.9776 0.9776 0.2066 0.2066 0.2066
255 009 212 143 0.2066 0.2066 0.2066 0.9776 0.9776 0.2066 0.2066 0.9776 0.2066 0.2066 0.2066 0.9776 0.2066 0.9776 0.2066 0.2066
009 212 143 329 0.2066 0.2066 0.9776 0.9776 0.2066 0.9776 0.9776 0.2066 0.2066 0.2066 0.2066 0.2066 0.9776 0.2066 0.9776 0.9776
212 143 329 330 0.9776 0.9776 0.9776 0.2066 0.2066 0.9776 0.9776 0.2066 0.9776 0.9776 0.9776 0.2066 0.9776 0.9776 0.2066 0.2066
143 329 330 079 0.2066 0.2066 0.9776 0.9776 0.9776 0.2066 0.2066 0.9776 0.2066 0.9776 0.9776 0.2066 0.9776 0.2066 0.9776 0.9776
329 330 079 065 0.9776 0.9776 0.9776 0.2066 0.9776 0.2066 0.9776 0.9776 0.2066 0.9776 0.2066 0.2066 0.9776 0.9776 0.2066 0.9776
330 079 065 180 0.9776 0.9776 0.9776 0.9776 0.9776 0.9776 0.9776 0.2066 0.9776 0.9776 0.9776 0.2066 0.9776 0.2066 0.2066 0.2066
079 065 180 087 0.9776 0.2066 0.2066 0.9776 0.9776 0.9776 0.9776 0.2066 0.2066 0.2066 0.9776 0.9776 0.2066 0.9776 0.9776 0.2066
065 180 087 211 0.9776 0.2066 0.9776 0.9776 0.2066 0.9776 0.9776 0.2066 0.2066 0.9776 0.9776 0.2066 0.9776 0.9776 0.9776 0.9776
180 087 211 213 0.2066 0.2066 0.2066 0.9776 0.9776 0.2066 0.9776 0.9776 0.9776 0.2066 0.2066 0.9776 0.2066 0.2066 0.9776 0.9776
087 211 213 018 0.2066 0.9776 0.2066 0.9776 0.9776 0.9776 0.9776 0.2066 0.2066 0.9776 0.2066 0.2066 0.2066 0.2066 0.9776 0.9776
211 213 018 064 0.2066 0.9776 0.2066 0.9776 0.2066 0.9776 0.2066 0.2066 0.2066 0.9776 0.2066 0.9776 0.2066 0.2066 0.9776 0.9776
213 018 064 071 0.2066 0.9776 0.9776 0.2066 0.2066 0.9776 0.2066 0.9776 0.9776 0.2066 0.9776 0.2066 0.9776 0.2066 0.2066 0.2066
018 064 071 294 0.9776 0.2066 0.9776 0.2066 0.9776 0.9776 0.2066 0.2066 0.2066 0.2066 0.2066 0.2066 0.9776 0.2066 0.2066 0.2066
064 071 294 228 0.9776 0.2066 0.2066 0.2066 0.9776 0.9776 0.9776 0.9776 0.2066 0.9776 0.9776 0.9776 0.9776 0.9776 0.9776 0.2066
071 294 228 031 0.2066 0.9776 0.2066 0.2066 0.9776 0.2066 0.2066 0.9776 0.2066 0.9776 0.9776 0.2066 0.2066 0.9776 0.2066 0.2066
294 228 031 003 0.2066 0.2066 0.2066 0.2066 0.9776 0.9776 0.9776 0.2066 0.2066 0.2066 0.2066 0.2066 0.9776 0.2066 0.2066 0.2066
228 031 003 095 0.9776 0.2066 0.9776 0.2066 0.2066 0.2066 0.9776 0.2066 0.2066 0.9776 0.2066 0.2066 0.2066 0.9776 0.9776 0.2066
031 003 095 130 0.2066 0.2066 0.2066 0.2066 0.9776 0.2066 0.9776 0.9776 0.2066 0.2066 0.9776 0.2066 0.9776 0.9776 0.9776 0.2066
003 095 130 015 0.9776 0.9776 0.9776 0.2066 0.9776 0.2066 0.2066 0.2066 0.9776 0.2066 0.2066 0.2066 0.2066 0.2066 0.2066 0.2066
095 130 015 243 0.2066 0.9776 0.2066 0.2066 0.2066 0.9776 0.9776 0.2066 0.9776 0.9776 0.9776 0.2066 0.9776 0.2066 0.2066 0.9776
130 015 243 188 0.2066 0.2066 0.2066 0.2066 0.2066 0.9776 0.2066 0.9776 0.9776 0.9776 0.2066 0.9776 0.2066 0.9776 0.9776 0.9776
015 243 188 227 0.9776 0.2066 0.2066 0.2066 0.2066 0.9776 0.9776 0.9776 0.9776 0.9776 0.2066 0.9776 0.9776 0.9776 0.9776 0.2066
243 188 227 341 0.2066 0.9776 0.2066 0.2066 0.9776 0.9776 0.9776 0.2066 0.9776 0.2066 0.9776 0.9776 0.2066 0.2066 0.9776 0.2066
188 227 341 238 0.9776 0.2066 0.2066 0.2066 0.2066 0.2066 0.9776 0.9776 0.2066 0.9776 0.9776 0.2066 0.9776 0.9776 0.9776 0.2066
227 341 238 304 0.9776 0.9776 0.9776 0.2066 0.2066 0.2066 0.2066 0.2066 0.2066 0.2066 0.9776 0.2066 0.9776 0.2066 0.9776 0.2066
341 238 304 145 0.2066 0.9776 0.2066 0.2066 0.2066 0.9776 0.9776 0.9776 0.2066 0.2066 0.9776 0.2066 0.9776 0.2066 0.9776 0.9776
238 304 145 045 0.2066 0.9776 0.9776 0.2066 0.9776 0.2066 0.9776 0.2066 0.9776 0.2066 0.2066 0.2066 0.2066 0.9776 0.2066 0.9776
304 145 045 239 0.2066 0.9776 0.2066 0.2066 0.2066 0.9776 0.2066 0.2066 0.9776 0.2066 0.9776 0.9776 0.9776 0.2066 0.2066 0.2066
145 045 239 316 0.2066 0.2066 0.9776 0.2066 0.9776 0.2066 0.9776 0.9776 0.9776 0.9776 0.2066 0.2066 0.9776 0.9776 0.9776 0.9776
045 239 316 069 0.9776 0.9776 0.2066 0.2066 0.9776 0.9776 0.2066 0.2066 0.2066 0.2066 0.9776 0.2066 0.2066 0.9776 0.2066 0.2066
239 316 069 343 0.2066 0.2066 0.9776 0.9776 0.2066 0.9776 0.2066 0.2066 0.2066 0.2066 0.9776 0.2066 0.9776 0.2066 0.9776 0.9776
316 069 343 335 0.9776 0.9776 0.9776 0.2066 0.9776 0.2066 0.9776 0.9776 0.9776 0.9776 0.9776 0.2066 0.9776 0.2066 0.9776 0.2066
069 343 335 344 0.2066 0.2066 0.9776 0.9776 0.2066 0.2066 0.9776 0.9776 0.2066 0.2066 0.9776 0.2066 0.9776 0.9776 0.2066 0.9776
343 335 344 144 0.9776 0.9776 0.2066 0.2066 0.9776 0.2066 0.9776 0.9776 0.9776 0.2066 0.9776 0.2066 0.2066 0.9776 0.2066 0.9776
335 344 144 338 0.2066 0.9776 0.2066 0.9776 0.2066 0.9776 0.2066 0.2066 0.2066 0.2066 0.9776 0.9776 0.2066 0.2066 0.2066 0.2066
344 144 338 096 0.9776 0.9776 0.2066 0.9776 0.2066 0.2066 0.2066 0.9776 0.2066 0.9776 0.9776 0.9776 0.9776 0.9776 0.2066 0.9776
144 338 096 346 0.9776 0.9776 0.2066 0.2066 0.2066 0.9776 0.2066 0.9776 0.9776 0.9776 0.2066 0.9776 0.9776 0.9776 0.2066 0.2066
338 096 346 240 0.9776 0.9776 0.9776 0.9776 0.2066 0.2066 0.2066 0.2066 0.2066 0.9776 0.2066 0.9776 0.2066 0.2066 0.2066 0.9776
096 346 240 132 0.2066 0.2066 0.9776 0.2066 0.2066 0.2066 0.2066 0.9776 0.2066 0.9776 0.2066 0.2066 0.2066 0.9776 0.9776 0.9776
346 240 132 052 0.2066 0.9776 0.2066 0.2066 0.9776 0.9776 0.9776 0.9776 0.9776 0.2066 0.9776 0.9776 0.2066 0.9776 0.9776 0.2066
240 132 052 112 0.2066 0.9776 0.2066 0.2066 0.2066 0.9776 0.9776 0.9776 0.9776 0.2066 0.2066 0.9776 0.2066 0.9776 0.2066 0.9776
132 052 112 053 0.9776 0.2066 0.2066 0.2066 0.9776 0.9776 0.2066 0.9776 0.9776 0.9776 0.9776 0.2066 0.2066 0.9776 0.9776 0.2066
052 112 053 302 0.2066 0.2066 0.9776 0.2066 0.9776 0.9776 0.2066 0.2066 0.2066 0.2066 0.2066 0.9776 0.2066 0.2066 0.9776 0.9776
112 053 302 287 0.2066 0.9776 0.9776 0.9776 0.9776 0.2066 0.2066 0.9776 0.9776 0.2066 0.9776 0.9776 0.9776 0.2066 0.2066 0.2066
053 302 287 264 0.9776 0.9776 0.9776 0.9776 0.9776 0.2066 0.2066 0.2066 0.2066 0.2066 0.2066 0.2066 0.9776 0.2066 0.9776 0.2066
302 287 264 138 0.9776 0.2066 0.9776 0.9776 0.9776 0.9776 0.9776 0.2066 0.9776 0.2066 0.9776 0.2066 0.2066 0.2066 0.2066 0.2066
287 264 138 073 0.2066 0.9776 0.2066 0.2066 0.9776 0.2066 0.9776 0.2066 0.9776 0.9776 0.9776 0.9776 0.9776 0.2066 0.2066 0.2066
264 138 073 094 0.9776 0.2066 0.2066 0.9776 0.9776 0.2066 0.9776 0.9776 0.2066 0.9776 0.2066 0.2066 0.2066 0.9776 0.9776 0.9776
138 073 094 206 0.2066 0.2066 0.9776 0.9776 0.2066 0.9776 0.9776 0.2066 0.2066 0.9776 0.9776 0.9776 0.2066 0.9776 0.9776 0.2066
073 094 206 036 0.2066 0.2066 0.2066 0.2066 0.9776 0.2066 0.2066 0.2066 0.9776 0.2066 0.9776 0.2066 0.2066 0.9776 0.2066 0.9776
094 206 036 107 0.2066 0.2066 0.9776 0.2066 0.9776 0.9776 0.9776 0.2066 0.9776 0.2066 0.2066 0.2066 0.9776 0.9776 0.9776 0.9776
206 036 107 311 0.9776 0.2066 0.9776 0.9776 0.2066 0.9776 0.2066 0.9776 0.9776 0.9776 0.9776 0.9776 0.2066 0.9776 0.2066 0.9776
036 107 311 192 0.2066 0.9776 0.2066 0.9776 0.9776 0.2066 0.9776 0.2066 0.2066 0.2066 0.2066 0.2066 0.9776 0.9776 0.2066 0.2066
107 311 192 342 0.2066 0.2066 0.9776 0.9776 0.2066 0.2066 0.2066 0.9776 0.2066 0.2066 0.9776 0.2066 0.9776 0.9776 0.9776 0.9776
311 192 342 263 0.9776 0.2066 0.2066 0.9776 0.9776 0.9776 0.2066 0.9776 0.2066 0.9776 0.2066 0.2066 0.2066 0.9776 0.2066 0.9776
192 342 263 318 0.9776 0.9776 0.2066 0.9776 0.2066 0.2066 0.9776 0.9776 0.9776 0.2066 0.9776 0.9776 0.9776 0.9776 0.9776 0.2066
342 263 318 321 0.2066 0.2066 0.2066 0.9776 0.9776 0.2066 0.2066 0.9776 0.9776 0.2066 0.9776 0.9776 0.9776 0.9776 0.2066 0.2066
263 318 321 161 0.9776 0.2066 0.9776 0.9776 0.9776 0.9776 0.9776 0.2066 0.2066 0.2066 0.9776 0.9776 0.9776 0.2066 0.2066 0.9776
318 321 161 218 0.2066 0.9776 0.9776 0.9776 0.2066 0.9776 0.2066 0.9776 0.9776 0.2066 0.2066 0.9776 0.2066 0.2066 0.2066 0.9776
321 161 218 084 0.9776 0.9776 0.2066 0.9776 0.9776 0.2066 0.9776 0.2066 0.9776 0.9776 0.2066 0.2066 0.2066 0.9776 0.2066 0.9776
161 218 084 199 0.9776 0.9776 0.9776 0.9776 0.9776 0.2066 0.9776 0.9776 0.9776 0.2066 0.2066 0.9776 0.9776 0.9776 0.9776 0.9776
218 084 199 175 0.9776 0.9776 0.2066 0.9776 0.9776 0.2066 0.9776 0.2066 0.2066 0.2066 0.9776 0.2066 0.9776 0.9776 0.9776 0.9776
084 199 175 197 0.2066 0.9776 0.9776 0.9776 0.2066 0.2066 0.9776 0.2066 0.9776 0.9776 0.2066 0.2066 0.2066 0.2066 0.2066 0.2066
199 175 197 308 0.9776 0.2066 0.2066 0.2066 0.2066 0.2066 0.9776 0.2066 0.9776 0.2066 0.9776 0.9776 0.9776 0.2066 0.2066 0.9776
175 197 308 051 0.9776 0.9776 0.9776 0.2066 0.9776 0.9776 0.2066 0.2066 0.2066 0.9776 0.9776 0.2066 0.2066 0.9776 0.9776 0.2066
197 308 051 050 0.9776 0.9776 0.2066 0.9776 0.2066 0.9776 0.9776 0.9776 0.9776 0.9776 0.2066 0.9776 0.9776 0.2066 0.9776 0.2066
308 051 050 337 0.2066 0.2066 0.2066 0.9776 0.2066 0.9776 0.9776 0.2066 0.9776 0.2066 0.2066 0.2066 0.2066 0.2066 0.9776 0.2066
051 050 337 001 0.9776 0.2066 0.9776 0.2066 0.9776 0.9776 0.9776 0.2066 0.9776 0.9776 0.9776 0.9776 0.9776 0.9776 0.2066 0.9776
050 337 001 041 0.9776 0.9776 0.9776 0.9776 0.2066 0.2066 0.2066 0.2066 0.2066 0.9776 0.9776 0.9776 0.9776 0.2066 0.9776 0.9776
337 001 041 262 0.2066 0.2066 0.2066 0.2066 0.2066 0.9776 0.2066 0.9776 0.9776 0.2066 0.9776 0.2066 0.9776 0.9776 0.2066 0.9776
001 041 262 160 0.9776 0.2066 0.9776 0.9776 0.9776 0.2066 0.9776 0.9776 0.2066 0.9776 0.2066 0.2066 0.2066 0.9776 0.2066 0.9776
041 262 160 260 0.2066 0.9776 0.2066 0.9776 0.9776 0.2066 0.2066 0.2066 0.9776 0.9776 0.2066 0.9776 0.2066 0.9776 0.2066 0.2066
262 160 260 088 0.2066 0.2066 0.9776 0.9776 0.9776 0.9776 0.9776 0.2066 0.9776 0.2066 0.9776 0.2066 0.9776 0.9776 0.9776 0.2066
160 260 088 224 0.9776 0.9776 0.9776 0.2066 0.2066 0.2066 0.2066 0.2066 0.9776 0.2066 0.9776 0.2066 0.2066 0.2066 0.9776 0.2066
260 088 224 168 0.9776 0.9776 0.2066 0.2066 0.9776 0.2066 0.9776 0.9776 0.9776 0.2066 0.9776 0.2066 0.2066 0.2066 0.2066 0.9776
088 224 168 019 0.9776 0.9776 0.9776 0.9776 0.9776 0.9776 0.9776 0.9776 0.2066 0.9776 0.9776 0.2066 0.9776 0.2066 0.2066 0.9776
224 168 019 195 0.9776 0.2066 0.2066 0.9776 0.2066 0.2066 0.9776 0.9776 0.9776 0.2066 0.9776 0.2066 0.2066 0.9776 0.2066 0.9776
168 019 195 169 0.2066 0.9776 0.2066 0.2066 0.2066 0.2066 0.9776 0.2066 0.2066 0.2066 0.9776 0.2066 0.2066 0.9776 0.9776 0.9776
019 195 169 315 0.9776 0.2066 0.9776 0.9776 0.9776 0.2066 0.9776 0.2066 0.9776 0.2066 0.9776 0.9776 0.2066 0.2066 0.2066 0.2066
195 169 315 299 0.9776 0.9776 0.9776 0.2066 0.2066 0.9776 0.9776 0.9776 0.2066 0.9776 0.9776 0.9776 0.2066 0.9776 0.9776 0.2066
169 315 299 013 0.2066 0.9776 0.9776 0.9776 0.9776 0.9776 0.9776 0.2066 0.9776 0.9776 0.2066 0.2066 0.2066 0.9776 0.2066 0.2066
315 299 013 200 0.9776 0.9776 0.9776 0.2066 0.9776 0.2066 0.2066 0.9776 0.9776 0.2066 0.2066 0.2066 0.9776 0.9776 0.9776 0.2066
299 013 200 232 0.9776 0.2066 0.9776 0.2066 0.9776 0.9776 0.2066 0.2066 0.9776 0.9776 0.9776 0.2066 0.9776 0.9776 0.9776 0.9776
013 200 232 216 0.9776 0.2066 0.9776 0.2066 0.9776 0.9776 0.2066 0.2066 0.2066 0.9776 0.9776 0.9776 0.9776 0.9776 0.9776 0.2066
200 232 216 008 0.2066 0.9776 0.2066 0.9776 0.9776 0.9776 0.2066 0.9776 0.9776 0.9776 0.2066 0.9776 0.9776 0.9776 0.2066 0.2066
232 216 008 354 0.9776 0.9776 0.9776 0.9776 0.9776 0.9776 0.9776 0.9776 0.2066 0.9776 0.2066 0.9776 0.9776 0.9776 0.9776 0.9776
216 008 354 267 0.9776 0.9776 0.9776 0.2066 0.9776 0.2066 0.9776 0.2066 0.9776 0.9776 0.2066 0.2066 0.9776 0.2066 0.2066 0.2066
008 354 267 032 0.9776 0.9776 0.9776 0.2066 0.9776 0.9776 0.9776 0.9776 0.9776 0.2066 0.2066 0.9776 0.2066 0.2066 0.2066 0.2066
354 267 032 349 0.9776 0.9776 0.2066 0.2066 0.2066 0.2066 0.9776 0.9776 0.9776 0.2066 0.9776 0.9776 0.9776 0.9776 0.9776 0.9776
267 032 349 103 0.2066 0.2066 0.2066 0.9776 0.2066 0.9776 0.2066 0.2066 0.9776 0.9776 0.9776 0.2066 0.9776 0.9776 0.9776 0.2066
032 349 103 285 0.9776 0.9776 0.9776 0.9776 0.2066 0.2066 0.2066 0.2066 0.9776 0.9776 0.2066 0.2066 0.2066 0.9776 0.9776 0.2066
349 103 285 040 0.9776 0.9776 0.9776 0.2066 0.9776 0.2066 0.2066 0.2066 0.2066 0.2066 0.2066 0.2066 0.9776 0.9776 0.2066 0.9776
103 285 040 172 0.2066 0.2066 0.2066 0.9776 0.9776 0.9776 0.9776 0.2066 0.2066 0.2066 0.2066 0.9776 0.9776 0.2066 0.9776 0.9776
285 040 172 048 0.2066 0.2066 0.9776 0.9776 0.2066 0.9776 0.9776 0.9776 0.2066 0.9776 0.2066 0.9776 0.2066 0.9776 0.2066 0.9776
040 172 048 220 0.2066 0.9776 0.9776 0.2066 0.9776 0.2066 0.9776 0.9776 0.9776 0.2066 0.9776 0.9776 0.2066 0.2066 0.9776 0.9776
172 048 220 122 0.9776 0.9776 0.9776 0.2066 0.9776 0.2066 0.9776 0.2066 0.9776 0.2066 0.9776 0.2066 0.9776 0.9776 0.9776 0.9776
048 220 122 280 0.9776 0.9776 0.9776 0.2066 0.2066 0.2066 0.9776 0.9776 0.9776 0.2066 0.2066 0.2066 0.2066 0.9776 0.2066 0.9776
220 122 280 070 0.9776 0.2066 0.9776 0.2066 0.9776 0.2066 0.2066 0.2066 0.2066 0.9776 0.2066 0.2066 0.2066 0.2066 0.2066 0.9776
122 280 070 226 0.2066 0.9776 0.2066 0.2066 0.2066 0.2066 0.2066 0.9776 0.2066 0.2066 0.2066 0.9776 0.2066 0.2066 0.2066 0.9776
280 070 226 274 0.9776 0.2066 0.9776 0.9776 0.9776 0.9776 0.9776 0.2066 0.9776 0.9776 0.9776 0.2066 0.9776 0.2066 0.9776 0.9776
070 226 274 026 0.2066 0.9776 0.2066 0.9776 0.2066 0.9776 0.2066 0.9776 0.2066 0.2066 0.2066 0.9776 0.9776 0.2066 0.9776 0.9776
226 274 026 289 0.9776 0.2066 0.2066 0.2066 0.9776 0.2066 0.9776 0.9776 0.9776 0.2066 0.9776 0.9776 0.9776 0.2066 0.2066 0.2066
274 026 289 269 0.2066 0.9776 0.2066 0.9776 0.9776 0.2066 0.2066 0.2066 0.9776 0.9776 0.2066 0.9776 0.9776 0.9776 0.2066 0.9776
026 289 269 205 0.9776 0.9776 0.2066 0.9776 0.2066 0.2066 0.2066 0.2066 0.2066 0.9776 0.9776 0.2066 0.2066 0.9776 0.9776 0.9776
289 269 205 334 0.2066 0.2066 0.2066 0.2066 0.2066 0.9776 0.2066 0.2066 0.9776 0.2066 0.9776 0.2066 0.2066 0.9776 0.9776 0.9776
269 205 334 090 0.2066 0.2066 0.2066 0.9776 0.2066 0.9776 0.9776 0.2066 0.2066 0.2066 0.2066 0.9776 0.9776 0.9776 0.2066 0.9776
205 334 090 124 0.9776 0.9776 0.2066 0.9776 0.9776 0.2066 0.2066 0.2066 0.9776 0.2066 0.2066 0.2066 0.9776 0.9776 0.2066 0.2066
334 090 124 309 0.9776 0.9776 0.2066 0.2066 0.2066 0.9776 0.2066 0.2066 0.2066 0.9776 0.9776 0.9776 0.9776 0.2066 0.2066 0.2066
090 124 309 345 0.9776 0.9776 0.2066 0.2066 0.2066 0.2066 0.9776 0.9776 0.2066 0.9776 0.2066 0.2066 0.2066 0.2066 0.2066 0.2066
124 309 345 104 0.9776 0.9776 0.2066 0.9776 0.9776 0.9776 0.9776 0.9776 0.9776 0.2066 0.2066 0.2066 0.2066 0.9776 0.2066 0.9776
309 345 104 231 0.9776 0.2066 0.2066 0.2066 0.9776 0.2066 0.9776 0.2066 0.9776 0.9776 0.2066 0.2066 0.2066 0.2066 0.2066 0.2066
345 104 231 327 0.2066 0.2066 0.2066 0.2066 0.9776 0.2066 0.9776 0.2066 0.9776 0.2066 0.2066 0.9776 0.2066 0.2066 0.9776 0.2066
104 231 327 126 0.2066 0.9776 0.9776 0.2066 0.9776 0.9776 0.2066 0.2066 0.9776 0.2066 0.9776 0.2066 0.2066 0.2066 0.9776 0.9776
231 327 126 234 0.2066 0.2066 0.2066 0.9776 0.2066 0.9776 0.9776 0.9776 0.2066 0.9776 0.2066 0.2066 0.9776 0.2066 0.9776 0.2066
327 126 234 117 0.9776 0.2066 0.2066 0.2066 0.2066 0.9776 0.9776 0.9776 0.2066 0.9776 0.9776 0.2066 0.9776 0.2066 0.2066 0.9776
126 234 117 187 0.9776 0.2066 0.9776 0.9776 0.2066 0.9776 0.2066 0.9776 0.9776 0.2066 0.2066 0.2066 0.9776 0.2066 0.2066 0.9776
234 117 187 266 0.2066 0.9776 0.2066 0.9776 0.2066 0.9776 0.2066 0.2066 0.2066 0.2066 0.2066 0.2066 0.9776 0.2066 0.9776 0.2066
117 187 266 098 0.2066 0.9776 0.2066 0.9776 0.2066 0.9776 0.9776 0.2066 0.2066 0.2066 0.9776 0.9776 0.9776 0.2066 0.2066 0.9776
187 266 098 150 0.9776 0.2066 0.2066 0.2066 0.9776 0.2066 0.2066 0.9776 0.2066 0.9776 0.2066 0.9776 0.2066 0.2066 0.9776 0.2066
266 098 150 284 0.9776 0.2066 0.2066 0.9776 0.2066 0.2066 0.2066 0.2066 0.9776 0.2066 0.2066 0.9776 0.9776 0.9776 0.2066 0.2066
098 150 284 163 0.2066 0.9776 0.2066 0.9776 0.2066 0.2066 0.9776 0.9776 0.9776 0.2066 0.9776 0.2066 0.2066 0.2066 0.9776 0.2066
150 284 163 328 0.9776 0.2066 0.2066 0.2066 0.9776 0.2066 0.9776 0.2066 0.9776 0.9776 0.2066 0.9776 0.9776 0.2066 0.9776 0.2066
284 163 328 054 0.9776 0.2066 0.2066 0.9776 0.2066 0.2066 0.9776 0.2066 0.9776 0.9776 0.9776 0.2066 0.2066 0.2066 0.2066 0.9776
163 328 054 270 0.9776 0.2066 0.2066 0.9776 0.9776 0.9776 0.9776 0.9776 0.2066 0.9776 0.9776 0.9776 0.2066 0.2066 0.2066 0.9776
328 054 270 283 0.9776 0.9776 0.2066 0.9776 0.2066 0.9776 0.9776 0.2066 0.9776 0.9776 0.2066 0.2066 0.2066 0.2066 0.2066 0.9776
054 270 283 324 0.9776 0.9776 0.9776 0.2066 0.9776 0.2066 0.2066 0.9776 0.2066 0.9776 0.2066 0.2066 0.9776 0.9776 0.2066 0.2066
270 283 324 353 0.2066 0.9776 0.9776 0.2066 0.9776 0.9776 0.2066 0.2066 0.2066 0.9776 0.9776 0.2066 0.2066 0.9776 0.9776 0.2066
283 324 353 275 0.2066 0.2066 0.9776 0.9776 0.9776 0.9776 0.2066 0.2066 0.2066 0.9776 0.9776 0.9776 0.9776 0.9776 0.9776 0.9776
324 353 275 176 0.2066 0.2066 0.2066 0.9776 0.2066 0.9776 0.2066 0.9776 0.9776 0.2066 0.2066 0.2066 0.9776 0.9776 0.2066 0.2066
353 275 176 259 0.9776 0.2066 0.9776 0.9776 0.2066 0.9776 0.2066 0.2066 0.2066 0.9776 0.2066 0.2066 0.9776 0.2066 0.2066 0.2066
275 176 259 162 0.9776 0.9776 0.2066 0.2066 0.9776 0.9776 0.2066 0.2066 0.9776 0.9776 0.2066 0.9776 0.9776 0.2066 0.2066 0.9776
176 259 162 154 0.9776 0.9776 0.9776 0.2066 0.2066 0.9776 0.9776 0.2066 0.9776 0.9776 0.2066 0.2066 0.2066 0.2066 0.9776 0.2066
259 162 154 298 0.2066 0.9776 0.9776 0.2066 0.2066 0.2066 0.9776 0.9776 0.2066 0.2066 0.9776 0.2066 0.9776 0.2066 0.9776 0.9776
162 154 298 043 0.2066 0.9776 0.9776 0.2066 0.2066 0.2066 0.9776 0.2066 0.2066 0.2066 0.9776 0.9776 0.9776 0.2066 0.2066 0.9776
154 298 043 290 0.2066 0.9776 0.2066 0.9776 0.9776 0.9776 0.9776 0.9776 0.2066 0.9776 0.9776 0.9776 0.2066 0.2066 0.2066 0.2066
298 043 290 177 0.2066 0.2066 0.9776 0.9776 0.9776 0.2066 0.2066 0.2066 0.9776 0.2066 0.2066 0.2066 0.2066 0.9776 0.2066 0.9776
043 290 177 202 0.2066 0.2066 0.2066 0.9776 0.9776 0.2066 0.9776 0.2066 0.9776 0.2066 0.9776 0.2066 0.9776 0.2066 0.9776 0.9776
290 177 202 012 0.9776 0.2066 0.9776 0.2066 0.9776 0.9776 0.9776 0.2066 0.9776 0.2066 0.9776 0.9776 0.9776 0.9776 0.9776 0.9776
177 202 012 149 0.9776 0.2066 0.9776 0.2066 0.9776 0.2066 0.9776 0.2066 0.2066 0.9776 0.2066 0.9776 0.2066 0.9776 0.2066 0.9776
202 012 149 016 0.2066 0.9776 0.9776 0.2066 0.9776 0.9776 0.9776 0.9776 0.2066 0.9776 0.9776 0.9776 0.9776 0.2066 0.9776 0.2066
012 149 016 236 0.9776 0.2066 0.9776 0.9776 0.9776 0.2066 0.9776 0.9776 0.2066 0.2066 0.2066 0.2066 0.2066 0.9776 0.9776 0.2066
149 016 236 325 0.9776 0.9776 0.2066 0.9776 0.9776 0.9776 0.2066 0.9776 0.9776 0.9776 0.9776 0.2066 0.2066 0.9776 0.9776 0.2066
016 236 325 170 0.9776 0.9776 0.2066 0.2066 0.2066 0.2066 0.2066 0.9776 0.9776 0.9776 0.2066 0.2066 0.9776 0.9776 0.9776 0.9776
236 325 170 102 0.9776 0.9776 0.9776 0.2066 0.2066 0.9776 0.2066 0.2066 0.2066 0.2066 0.9776 0.9776 0.9776 0.9776 0.9776 0.2066
325 170 102 072 0.9776 0.2066 0.2066 0.2066 0.2066 0.2066 0.2066 0.9776 0.2066 0.2066 0.9776 0.2066 0.2066 0.9776 0.2066 0.9776
170 102 072 191 0.9776 0.2066 0.9776 0.9776 0.2066 0.2066 0.9776 0.9776 0.9776 0.9776 0.9776 0.2066 0.9776 0.2066 0.9776 0.2066
