356 031684 3
253 238 177 046 0.5044 0.5044 0.3773 0.3773 0.5044 0.3773 0.3773 0.5044 0.5044 0.5044 0.5044 0.5044 0.3773 0.3773 0.3773 0.3773
238 177 046 107 0.5044 0.5044 0.3773 0.5044 0.5044 0.3773 0.3773 0.5044 0.3773 0.3773 0.5044 0.3773 0.5044 0.5044 0.3773 0.3773
177 046 107 299 0.3773 0.5044 0.3773 0.3773 0.3773 0.3773 0.5044 0.5044 0.3773 0.3773 0.3773 0.5044 0.5044 0.3773 0.5044 0.3773
046 107 299 334 0.5044 0.5044 0.5044 0.3773 0.5044 0.5044 0.5044 0.5044 0.5044 0.5044 0.5044 0.5044 0.3773 0.3773 0.3773 0.5044
107 299 334 063 0.5044 0.5044 0.5044 0.5044 0.5044 0.3773 0.3773 0.3773 0.5044 0.5044 0.3773 0.5044 0.5044 0.3773 0.5044 0.3773
299 334 063 057 0.5044 0.5044 0.3773 0.3773 0.5044 0.5044 0.3773 0.5044 0.5044 0.3773 0.5044 0.5044 0.5044 0.5044 0.3773 0.3773
334 063 057 192 0.3773 0.5044 0.3773 0.5044 0.5044 0.3773 0.5044 0.5044 0.5044 0.5044 0.5044 0.5044 0.5044 0.5044 0.3773 0.3773
063 057 192 126 0.3773 0.3773 0.3773 0.3773 0.5044 0.5044 0.3773 0.5044 0.3773 0.3773 0.5044 0.5044 0.5044 0.3773 0.3773 0.3773
057 192 126 041 0.3773 0.5044 0.3773 0.5044 0.3773 0.3773 0.5044 0.5044 0.3773 0.5044 0.3773 0.3773 0.3773 0.3773 0.3773 0.5044
192 126 041 291 0.3773 0.5044 0.5044 0.3773 0.3773 0.5044 0.3773 0.3773 0.5044 0.3773 0.5044 0.5044 0.3773 0.5044 0.3773 0.3773
126 041 291 295 0.3773 0.5044 0.5044 0.3773 0.5044 0.5044 0.3773 0.5044 0.3773 0.5044 0.5044 0.5044 0.5044 0.3773 0.5044 0.3773
041 291 295 262 0.5044 0.5044 0.5044 0.5044 0.3773 0.3773 0.5044 0.3773 0.5044 0.5044 0.3773 0.3773 0.3773 0.5044 0.3773 0.3773
291 295 262 181 0.5044 0.3773 0.5044 0.3773 0.3773 0.5044 0.3773 0.3773 0.5044 0.3773 0.5044 0.3773 0.5044 0.5044 0.3773 0.5044
295 262 181 085 0.3773 0.3773 0.5044 0.3773 0.5044 0.5044 0.3773 0.3773 0.5044 0.5044 0.5044 0.5044 0.5044 0.3773 0.5044 0.3773
262 181 085 300 0.5044 0.5044 0.5044 0.3773 0.3773 0.5044 0.3773 0.5044 0.3773 0.3773 0.5044 0.5044 0.5044 0.5044 0.5044 0.5044
181 085 300 042 0.5044 0.3773 0.3773 0.3773 0.5044 0.5044 0.5044 0.5044 0.5044 0.3773 0.3773 0.5044 0.3773 0.3773 0.3773 0.3773
085 300 042 137 0.3773 0.5044 0.5044 0.3773 0.3773 0.5044 0.5044 0.5044 0.5044 0.3773 0.5044 0.3773 0.5044 0.5044 0.5044 0.3773
300 042 137 169 0.3773 0.5044 0.5044 0.5044 0.5044 0.5044 0.3773 0.3773 0.5044 0.5044 0.3773 0.5044 0.5044 0.3773 0.3773 0.3773
042 137 169 022 0.5044 0.3773 0.3773 0.3773 0.3773 0.5044 0.5044 0.3773 0.3773 0.5044 0.5044 0.5044 0.3773 0.5044 0.3773 0.3773
137 169 022 135 0.5044 0.5044 0.5044 0.5044 0.5044 0.5044 0.3773 0.5044 0.3773 0.3773 0.5044 0.5044 0.3773 0.5044 0.5044 0.3773
169 022 135 067 0.3773 0.5044 0.3773 0.5044 0.3773 0.3773 0.5044 0.3773 0.3773 0.3773 0.3773 0.3773 0.3773 0.3773 0.3773 0.5044
022 135 067 195 0.5044 0.5044 0.5044 0.5044 0.5044 0.5044 0.3773 0.3773 0.3773 0.5044 0.5044 0.3773 0.3773 0.3773 0.3773 0.3773
135 067 195 043 0.3773 0.5044 0.5044 0.3773 0.5044 0.5044 0.3773 0.5044 0.5044 0.5044 0.3773 0.5044 0.5044 0.5044 0.5044 0.5044
067 195 043 079 0.3773 0.5044 0.3773 0.5044 0.5044 0.3773 0.5044 0.3773 0.5044 0.5044 0.5044 0.5044 0.3773 0.3773 0.5044 0.3773
195 043 079 155 0.5044 0.5044 0.3773 0.3773 0.5044 0.5044 0.5044 0.3773 0.3773 0.5044 0.3773 0.3773 0.3773 0.3773 0.5044 0.5044
043 079 155 297 0.3773 0.3773 0.3773 0.5044 0.3773 0.3773 0.3773 0.3773 0.5044 0.5044 0.5044 0.5044 0.5044 0.5044 0.3773 0.5044
079 155 297 185 0.5044 0.3773 0.3773 0.3773 0.3773 0.3773 0.5044 0.3773 0.3773 0.5044 0.3773 0.5044 0.3773 0.5044 0.5044 0.3773
155 297 185 245 0.5044 0.5044 0.3773 0.5044 0.3773 0.3773 0.3773 0.3773 0.5044 0.5044 0.3773 0.3773 0.3773 0.5044 0.3773 0.5044
297 185 245 016 0.5044 0.3773 0.3773 0.3773 0.5044 0.3773 0.5044 0.5044 0.3773 0.3773 0.3773 0.3773 0.5044 0.5044 0.5044 0.5044
185 245 016 033 0.3773 0.3773 0.3773 0.3773 0.5044 0.3773 0.3773 0.3773 0.5044 0.5044 0.3773 0.5044 0.3773 0.5044 0.5044 0.3773
245 016 033 162 0.5044 0.5044 0.5044 0.5044 0.5044 0.5044 0.5044 0.3773 0.3773 0.3773 0.3773 0.5044 0.5044 0.5044 0.3773 0.5044
016 033 162 348 0.5044 0.3773 0.5044 0.5044 0.5044 0.3773 0.3773 0.3773 0.5044 0.3773 0.3773 0.3773 0.3773 0.5044 0.3773 0.5044
033 162 348 213 0.3773 0.3773 0.3773 0.5044 0.5044 0.3773 0.5044 0.3773 0.5044 0.5044 0.3773 0.3773 0.5044 0.3773 0.3773 0.3773
162 348 213 244 0.5044 0.3773 0.5044 0.5044 0.3773 0.5044 0.5044 0.3773 0.3773 0.3773 0.3773 0.3773 0.3773 0.5044 0.3773 0.3773
348 213 244 174 0.3773 0.3773 0.5044 0.5044 0.3773 0.3773 0.3773 0.5044 0.3773 0.3773 0.3773 0.3773 0.5044 0.5044 0.3773 0.5044
213 244 174 316 0.5044 0.3773 0.5044 0.3773 0.5044 0.3773 0.3773 0.5044 0.3773 0.5044 0.5044 0.5044 0.3773 0.3773 0.5044 0.5044
244 174 316 165 0.3773 0.5044 0.3773 0.3773 0.5044 0.3773 0.5044 0.3773 0.3773 0.3773 0.5044 0.3773 0.3773 0.3773 0.5044 0.3773
174 316 165 103 0.5044 0.3773 0.3773 0.5044 0.5044 0.5044 0.5044 0.5044 0.5044 0.5044 0.5044 0.5044 0.5044 0.5044 0.3773 0.5044
316 165 103 331 0.3773 0.5044 0.5044 0.5044 0.5044 0.5044 0.5044 0.3773 0.5044 0.3773 0.3773 0.3773 0.5044 0.3773 0.5044 0.3773
165 103 331 173 0.3773 0.3773 0.3773 0.5044 0.3773 0.3773 0.3773 0.5044 0.5044 0.5044 0.3773 0.5044 0.3773 0.3773 0.5044 0.5044
103 331 173 320 0.5044 0.3773 0.3773 0.5044 0.3773 0.5044 0.5044 0.3773 0.3773 0.5044 0.5044 0.3773 0.5044 0.5044 0.3773 0.5044
331 173 320 298 0.3773 0.5044 0.3773 0.5044 0.5044 0.3773 0.5044 0.3773 0.5044 0.5044 0.3773 0.5044 0.5044 0.5044 0.5044 0.5044
173 320 298 175 0.5044 0.5044 0.5044 0.3773 0.3773 0.5044 0.5044 0.3773 0.3773 0.5044 0.3773 0.3773 0.5044 0.3773 0.3773 0.3773
320 298 175 292 0.3773 0.3773 0.3773 0.3773 0.5044 0.5044 0.5044 0.5044 0.3773 0.5044 0.3773 0.3773 0.3773 0.5044 0.3773 0.5044
298 175 292 125 0.3773 0.3773 0.3773 0.3773 0.5044 0.3773 0.3773 0.3773 0.5044 0.3773 0.5044 0.5044 0.5044 0.5044 0.5044 0.3773
175 292 125 078 0.5044 0.5044 0.5044 0.3773 0.3773 0.5044 0.5044 0.5044 0.3773 0.3773 0.5044 0.3773 0.3773 0.3773 0.3773 0.3773
292 125 078 127 0.3773 0.5044 0.3773 0.3773 0.3773 0.5044 0.3773 0.3773 0.3773 0.3773 0.3773 0.3773 0.3773 0.3773 0.3773 0.5044
125 078 127 163 0.5044 0.3773 0.5044 0.3773 0.5044 0.5044 0.5044 0.3773 0.3773 0.5044 0.5044 0.5044 0.5044 0.5044 0.5044 0.5044
078 127 163 239 0.3773 0.5044 0.3773 0.5044 0.5044 0.3773 0.3773 0.3773 0.5044 0.5044 0.5044 0.5044 0.5044 0.5044 0.3773 0.5044
127 163 239 335 0.5044 0.5044 0.3773 0.5044 0.5044 0.5044 0.5044 0.3773 0.5044 0.5044 0.5044 0.5044 0.3773 0.5044 0.3773 0.5044
163 239 335 080 0.5044 0.5044 0.5044 0.5044 0.3773 0.5044 0.3773 0.3773 0.3773 0.5044 0.3773 0.3773 0.3773 0.3773 0.3773 0.3773
239 335 080 268 0.5044 0.5044 0.3773 0.5044 0.5044 0.3773 0.3773 0.5044 0.3773 0.3773 0.5044 0.5044 0.5044 0.3773 0.3773 0.5044
335 080 268 247 0.5044 0.5044 0.5044 0.5044 0.5044 0.5044 0.5044 0.3773 0.5044 0.5044 0.3773 0.3773 0.3773 0.3773 0.3773 0.3773
080 268 247 349 0.3773 0.5044 0.5044 0.3773 0.3773 0.5044 0.3773 0.5044 0.3773 0.5044 0.5044 0.3773 0.5044 0.3773 0.5044 0.5044
268 247 349 275 0.3773 0.3773 0.5044 0.3773 0.5044 0.5044 0.3773 0.5044 0.3773 0.3773 0.3773 0.5044 0.5044 0.3773 0.5044 0.5044
247 349 275 164 0.5044 0.3773 0.3773 0.3773 0.5044 0.5044 0.5044 0.3773 0.5044 0.5044 0.5044 0.5044 0.3773 0.5044 0.3773 0.5044
349 275 164 353 0.5044 0.5044 0.5044 0.3773 0.3773 0.3773 0.5044 0.3773 0.5044 0.5044 0.5044 0.5044 0.5044 0.3773 0.5044 0.5044
275 164 353 305 0.3773 0.5044 0.5044 0.3773 0.5044 0.5044 0.3773 0.5044 0.5044 0.3773 0.3773 0.5044 0.5044 0.5044 0.3773 0.5044
164 353 305 034 0.5044 0.3773 0.5044 0.3773 0.3773 0.3773 0.5044 0.5044 0.5044 0.3773 0.5044 0.5044 0.3773 0.3773 0.3773 0.3773
353 305 034 289 0.3773 0.5044 0.5044 0.5044 0.3773 0.3773 0.5044 0.5044 0.5044 0.3773 0.5044 0.3773 0.5044 0.5044 0.3773 0.3773
305 034 289 070 0.5044 0.3773 0.5044 0.5044 0.3773 0.3773 0.5044 0.3773 0.3773 0.3773 0.5044 0.5044 0.5044 0.3773 0.5044 0.5044
034 289 070 150 0.3773 0.5044 0.5044 0.3773 0.3773 0.5044 0.5044 0.3773 0.5044 0.3773 0.3773 0.5044 0.3773 0.3773 0.5044 0.3773
289 070 150 084 0.3773 0.3773 0.3773 0.5044 0.5044 0.5044 0.3773 0.5044 0.3773 0.3773 0.3773 0.5044 0.3773 0.3773 0.3773 0.5044
070 150 084 231 0.3773 0.3773 0.5044 0.3773 0.3773 0.3773 0.3773 0.3773 0.3773 0.5044 0.5044 0.3773 0.5044 0.5044 0.5044 0.3773
150 084 231 116 0.5044 0.5044 0.5044 0.3773 0.5044 0.3773 0.5044 0.5044 0.3773 0.5044 0.3773 0.3773 0.3773 0.5044 0.5044 0.5044
084 231 116 203 0.3773 0.3773 0.3773 0.5044 0.3773 0.3773 0.5044 0.5044 0.5044 0.3773 0.5044 0.3773 0.3773 0.3773 0.3773 0.5044
231 116 203 258 0.3773 0.3773 0.5044 0.5044 0.3773 0.5044 0.3773 0.5044 0.3773 0.5044 0.5044 0.3773 0.5044 0.3773 0.3773 0.3773
116 203 258 293 0.5044 0.3773 0.5044 0.3773 0.3773 0.5044 0.5044 0.5044 0.5044 0.3773 0.5044 0.5044 0.5044 0.5044 0.3773 0.5044
203 258 293 101 0.3773 0.5044 0.3773 0.3773 0.5044 0.5044 0.5044 0.5044 0.5044 0.5044 0.5044 0.3773 0.3773 0.5044 0.3773 0.3773
258 293 101 347 0.3773 0.3773 0.3773 0.5044 0.3773 0.3773 0.3773 0.3773 0.3773 0.5044 0.3773 0.3773 0.5044 0.3773 0.5044 0.3773
293 101 347 136 0.5044 0.3773 0.5044 0.3773 0.5044 0.3773 0.5044 0.5044 0.5044 0.5044 0.3773 0.3773 0.3773 0.5044 0.3773 0.5044
101 347 136 343 0.3773 0.3773 0.3773 0.5044 0.3773 0.5044 0.3773 0.5044 0.5044 0.3773 0.5044 0.3773 0.3773 0.5044 0.5044 0.3773
347 136 343 324 0.3773 0.5044 0.3773 0.3773 0.5044 0.3773 0.5044 0.3773 0.5044 0.3773 0.3773 0.3773 0.5044 0.3773 0.5044 0.3773
136 343 324 151 0.3773 0.3773 0.5044 0.5044 0.5044 0.3773 0.3773 0.5044 0.5044 0.5044 0.5044 0.3773 0.3773 0.5044 0.3773 0.3773
343 324 151 234 0.5044 0.3773 0.3773 0.3773 0.3773 0.5044 0.5044 0.3773 0.3773 0.3773 0.5044 0.3773 0.3773 0.5044 0.5044 0.5044
324 151 234 000 0.5044 0.3773 0.5044 0.5044 0.3773 0.5044 0.3773 0.3773 0.5044 0.3773 0.5044 0.3773 0.5044 0.3773 0.5044 0.5044
151 234 000 261 0.3773 0.5044 0.3773 0.3773 0.3773 0.5044 0.3773 0.3773 0.3773 0.3773 0.3773 0.3773 0.5044 0.3773 0.3773 0.5044
234 000 261 246 0.3773 0.5044 0.5044 0.5044 0.3773 0.3773 0.3773 0.3773 0.5044 0.3773 0.3773 0.3773 0.3773 0.5044 0.3773 0.3773
000 261 246 180 0.3773 0.5044 0.5044 0.3773 0.5044 0.5044 0.5044 0.3773 0.5044 0.5044 0.5044 0.5044 0.3773 0.3773 0.3773 0.3773
261 246 180 194 0.3773 0.5044 0.5044 0.3773 0.3773 0.3773 0.5044 0.5044 0.5044 0.5044 0.3773 0.5044 0.5044 0.5044 0.3773 0.5044
246 180 194 023 0.3773 0.5044 0.5044 0.3773 0.3773 0.5044 0.3773 0.5044 0.5044 0.5044 0.3773 0.5044 0.5044 0.3773 0.3773 0.3773
180 194 023 099 0.3773 0.5044 0.5044 0.3773 0.3773 0.5044 0.3773 0.3773 0.5044 0.5044 0.3773 0.5044 0.5044 0.3773 0.5044 0.3773
194 023 099 266 0.5044 0.3773 0.3773 0.5044 0.5044 0.3773 0.5044 0.3773 0.5044 0.5044 0.3773 0.5044 0.5044 0.3773 0.5044 0.5044
023 099 266 288 0.5044 0.5044 0.3773 0.3773 0.3773 0.3773 0.5044 0.5044 0.3773 0.5044 0.5044 0.5044 0.3773 0.5044 0.5044 0.5044
099 266 288 204 0.5044 0.5044 0.3773 0.3773 0.3773 0.5044 0.3773 0.3773 0.3773 0.5044 0.5044 0.3773 0.3773 0.3773 0.5044 0.3773
266 288 204 276 0.5044 0.3773 0.3773 0.3773 0.5044 0.3773 0.3773 0.3773 0.5044 0.5044 0.5044 0.5044 0.3773 0.3773 0.3773 0.5044
288 204 276 340 0.5044 0.3773 0.5044 0.5044 0.3773 0.5044 0.5044 0.5044 0.5044 0.3773 0.5044 0.3773 0.5044 0.5044 0.3773 0.5044
204 276 340 100 0.5044 0.3773 0.5044 0.3773 0.5044 0.3773 0.5044 0.3773 0.3773 0.5044 0.5044 0.3773 0.5044 0.5044 0.5044 0.5044
276 340 100 197 0.3773 0.3773 0.3773 0.5044 0.3773 0.3773 0.3773 0.3773 0.5044 0.3773 0.3773 0.5044 0.5044 0.3773 0.5044 0.5044
340 100 197 219 0.3773 0.3773 0.3773 0.3773 0.5044 0.5044 0.3773 0.3773 0.3773 0.5044 0.3773 0.3773 0.3773 0.5044 0.3773 0.5044
100 197 219 270 0.5044 0.5044 0.5044 0.5044 0.3773 0.3773 0.3773 0.5044 0.5044 0.5044 0.3773 0.5044 0.3773 0.3773 0.3773 0.5044
197 219 270 082 0.3773 0.5044 0.3773 0.3773 0.3773 0.5044 0.5044 0.3773 0.3773 0.5044 0.3773 0.3773 0.5044 0.3773 0.5044 0.3773
219 270 082 025 0.3773 0.3773 0.3773 0.5044 0.5044 0.5044 0.5044 0.3773 0.3773 0.5044 0.3773 0.5044 0.3773 0.5044 0.3773 0.3773
270 082 025 092 0.5044 0.3773 0.5044 0.5044 0.5044 0.3773 0.3773 0.3773 0.5044 0.5044 0.5044 0.3773 0.5044 0.3773 0.5044 0.3773
082 025 092 351 0.3773 0.3773 0.5044 0.3773 0.3773 0.3773 0.5044 0.3773 0.3773 0.5044 0.3773 0.3773 0.5044 0.3773 0.3773 0.3773
025 092 351 061 0.3773 0.5044 0.3773 0.5044 0.3773 0.3773 0.3773 0.3773 0.3773 0.3773 0.3773 0.5044 0.3773 0.5044 0.3773 0.5044
092 351 061 142 0.3773 0.3773 0.5044 0.3773 0.3773 0.5044 0.5044 0.3773 0.5044 0.5044 0.5044 0.5044 0.3773 0.3773 0.5044 0.5044
351 061 142 329 0.3773 0.5044 0.3773 0.3773 0.3773 0.5044 0.3773 0.3773 0.5044 0.3773 0.5044 0.3773 0.3773 0.5044 0.5044 0.5044
061 142 329 342 0.3773 0.3773 0.3773 0.3773 0.5044 0.3773 0.5044 0.3773 0.3773 0.3773 0.3773 0.3773 0.3773 0.3773 0.5044 0.5044
142 329 342 352 0.3773 0.3773 0.5044 0.5044 0.3773 0.3773 0.5044 0.3773 0.3773 0.3773 0.5044 0.3773 0.3773 0.5044 0.3773 0.3773
329 342 352 257 0.5044 0.3773 0.3773 0.5044 0.3773 0.3773 0.3773 0.3773 0.5044 0.3773 0.3773 0.5044 0.5044 0.5044 0.3773 0.3773
342 352 257 050 0.3773 0.3773 0.3773 0.5044 0.3773 0.5044 0.5044 0.5044 0.5044 0.5044 0.5044 0.3773 0.5044 0.5044 0.3773 0.3773
352 257 050 277 0.5044 0.3773 0.5044 0.3773 0.3773 0.3773 0.5044 0.5044 0.3773 0.5044 0.3773 0.5044 0.5044 0.5044 0.5044 0.5044
257 050 277 117 0.3773 0.3773 0.3773 0.3773 0.5044 0.3773 0.3773 0.5044 0.5044 0.3773 0.5044 0.3773 0.3773 0.3773 0.5044 0.3773
050 277 117 161 0.5044 0.3773 0.5044 0.5044 0.5044 0.3773 0.3773 0.3773 0.5044 0.3773 0.3773 0.3773 0.3773 0.3773 0.5044 0.3773
277 117 161 286 0.3773 0.5044 0.3773 0.3773 0.5044 0.5044 0.5044 0.5044 0.3773 0.3773 0.3773 0.5044 0.5044 0.3773 0.5044 0.3773
117 161 286 105 0.3773 0.3773 0.3773 0.5044 0.3773 0.3773 0.5044 0.3773 0.3773 0.3773 0.3773 0.3773 0.5044 0.5044 0.3773 0.5044
161 286 105 141 0.5044 0.3773 0.5044 0.5044 0.3773 0.5044 0.5044 0.5044 0.5044 0.5044 0.5044 0.5044 0.3773 0.3773 0.5044 0.5044
286 105 141 143 0.3773 0.5044 0.3773 0.5044 0.5044 0.3773 0.3773 0.5044 0.3773 0.5044 0.3773 0.5044 0.5044 0.3773 0.5044 0.3773
105 141 143 322 0.5044 0.5044 0.5044 0.3773 0.3773 0.5044 0.5044 0.3773 0.5044 0.5044 0.3773 0.5044 0.3773 0.5044 0.5044 0.3773
141 143 322 227 0.5044 0.5044 0.3773 0.3773 0.5044 0.3773 0.5044 0.3773 0.3773 0.3773 0.3773 0.5044 0.3773 0.3773 0.5044 0.5044
143 322 227 217 0.3773 0.3773 0.5044 0.3773 0.3773 0.5044 0.3773 0.3773 0.3773 0.5044 0.3773 0.3773 0.3773 0.3773 0.5044 0.5044
322 227 217 190 0.3773 0.3773 0.5044 0.5044 0.5044 0.3773 0.5044 0.5044 0.3773 0.3773 0.5044 0.5044 0.5044 0.3773 0.3773 0.3773
227 217 190 004 0.5044 0.3773 0.3773 0.3773 0.3773 0.3773 0.3773 0.3773 0.3773 0.5044 0.3773 0.5044 0.5044 0.3773 0.3773 0.5044
217 190 004 330 0.5044 0.5044 0.3773 0.5044 0.5044 0.3773 0.3773 0.5044 0.3773 0.5044 0.5044 0.5044 0.3773 0.3773 0.3773 0.5044
190 004 330 339 0.3773 0.3773 0.3773 0.5044 0.3773 0.5044 0.5044 0.3773 0.3773 0.3773 0.5044 0.5044 0.3773 0.3773 0.5044 0.3773
004 330 339 058 0.3773 0.5044 0.3773 0.5044 0.3773 0.5044 0.3773 0.5044 0.5044 0.3773 0.3773 0.5044 0.5044 0.3773 0.5044 0.5044
330 339 058 263 0.5044 0.3773 0.5044 0.5044 0.5044 0.5044 0.5044 0.3773 0.3773 0.5044 0.5044 0.3773 0.3773 0.3773 0.5044 0.3773
339 058 263 189 0.3773 0.3773 0.5044 0.5044 0.5044 0.5044 0.3773 0.5044 0.3773 0.3773 0.3773 0.3773 0.5044 0.3773 0.3773 0.3773
058 263 189 029 0.3773 0.3773 0.3773 0.5044 0.5044 0.5044 0.3773 0.3773 0.5044 0.3773 0.3773 0.3773 0.3773 0.3773 0.5044 0.3773
263 189 029 355 0.5044 0.3773 0.3773 0.3773 0.3773 0.5044 0.5044 0.5044 0.5044 0.5044 0.5044 0.5044 0.3773 0.3773 0.3773 0.3773
189 029 355 281 0.5044 0.3773 0.3773 0.3773 0.5044 0.3773 0.3773 0.3773 0.3773 0.3773 0.5044 0.5044 0.3773 0.5044 0.3773 0.3773
029 355 281 182 0.3773 0.3773 0.3773 0.3773 0.3773 0.5044 0.5044 0.5044 0.3773 0.5044 0.5044 0.3773 0.3773 0.3773 0.5044 0.3773
355 281 182 081 0.3773 0.5044 0.5044 0.5044 0.5044 0.5044 0.5044 0.5044 0.5044 0.5044 0.3773 0.3773 0.3773 0.5044 0.3773 0.3773
281 182 081 069 0.3773 0.3773 0.3773 0.5044 0.3773 0.5044 0.3773 0.5044 0.3773 0.5044 0.3773 0.3773 0.3773 0.5044 0.5044 0.3773
182 081 069 228 0.5044 0.3773 0.5044 0.5044 0.5044 0.5044 0.3773 0.5044 0.3773 0.5044 0.3773 0.3773 0.3773 0.3773 0.3773 0.5044
081 069 228 243 0.5044 0.3773 0.5044 0.5044 0.5044 0.5044 0.5044 0.3773 0.5044 0.3773 0.5044 0.3773 0.3773 0.5044 0.3773 0.3773
069 228 243 214 0.3773 0.3773 0.5044 0.5044 0.5044 0.3773 0.5044 0.5044 0.5044 0.3773 0.5044 0.5044 0.3773 0.5044 0.5044 0.5044
228 243 214 005 0.3773 0.3773 0.5044 0.3773 0.3773 0.3773 0.3773 0.3773 0.3773 0.3773 0.3773 0.5044 0.3773 0.3773 0.5044 0.3773
243 214 005 011 0.3773 0.3773 0.5044 0.3773 0.5044 0.3773 0.3773 0.3773 0.3773 0.5044 0.3773 0.3773 0.3773 0.5044 0.3773 0.5044
214 005 011 008 0.3773 0.5044 0.3773 0.3773 0.3773 0.3773 0.3773 0.3773 0.5044 0.5044 0.3773 0.3773 0.3773 0.3773 0.3773 0.5044
005 011 008 147 0.5044 0.3773 0.5044 0.3773 0.3773 0.3773 0.3773 0.5044 0.5044 0.5044 0.5044 0.5044 0.3773 0.5044 0.5044 0.5044
011 008 147 038 0.5044 0.5044 0.5044 0.5044 0.5044 0.5044 0.3773 0.5044 0.5044 0.3773 0.5044 0.3773 0.3773 0.3773 0.5044 0.5044
008 147 038 051 0.3773 0.3773 0.5044 0.5044 0.3773 0.5044 0.3773 0.5044 0.5044 0.5044 0.3773 0.5044 0.3773 0.3773 0.5044 0.5044
147 038 051 321 0.3773 0.3773 0.3773 0.3773 0.3773 0.5044 0.3773 0.3773 0.5044 0.3773 0.3773 0.3773 0.3773 0.3773 0.5044 0.5044
038 051 321 309 0.5044 0.5044 0.3773 0.5044 0.5044 0.3773 0.5044 0.3773 0.5044 0.5044 0.5044 0.3773 0.5044 0.5044 0.3773 0.3773
051 321 309 248 0.3773 0.5044 0.3773 0.3773 0.5044 0.5044 0.5044 0.5044 0.3773 0.5044 0.3773 0.3773 0.5044 0.5044 0.3773 0.3773
321 309 248 113 0.3773 0.3773 0.5044 0.5044 0.5044 0.5044 0.3773 0.3773 0.5044 0.3773 0.3773 0.3773 0.3773 0.5044 0.3773 0.3773
309 248 113 120 0.3773 0.3773 0.5044 0.3773 0.3773 0.3773 0.5044 0.3773 0.3773 0.5044 0.3773 0.5044 0.5044 0.3773 0.5044 0.5044
248 113 120 178 0.5044 0.3773 0.3773 0.5044 0.5044 0.5044 0.5044 0.5044 0.5044 0.3773 0.5044 0.3773 0.5044 0.3773 0.3773 0.5044
113 120 178 073 0.5044 0.3773 0.3773 0.3773 0.3773 0.3773 0.3773 0.5044 0.5044 0.5044 0.3773 0.5044 0.3773 0.3773 0.3773 0.5044
120 178 073 310 0.5044 0.3773 0.5044 0.3773 0.5044 0.5044 0.3773 0.5044 0.3773 0.5044 0.3773 0.3773 0.5044 0.3773 0.3773 0.5044
178 073 310 088 0.5044 0.5044 0.3773 0.3773 0.3773 0.5044 0.3773 0.3773 0.5044 0.5044 0.5044 0.5044 0.5044 0.3773 0.3773 0.5044
073 310 088 223 0.3773 0.3773 0.5044 0.3773 0.5044 0.5044 0.5044 0.5044 0.3773 0.5044 0.5044 0.3773 0.5044 0.3773 0.5044 0.3773
310 088 223 249 0.5044 0.3773 0.5044 0.3773 0.5044 0.3773 0.5044 0.5044 0.3773 0.5044 0.5044 0.5044 0.3773 0.3773 0.5044 0.5044
088 223 249 328 0.3773 0.3773 0.3773 0.5044 0.5044 0.3773 0.5044 0.5044 0.5044 0.5044 0.5044 0.3773 0.3773 0.5044 0.5044 0.5044
223 249 328 196 0.3773 0.3773 0.5044 0.5044 0.3773 0.5044 0.3773 0.3773 0.5044 0.5044 0.5044 0.3773 0.3773 0.5044 0.5044 0.5044
249 328 196 202 0.3773 0.3773 0.5044 0.5044 0.5044 0.3773 0.3773 0.5044 0.5044 0.3773 0.5044 0.3773 0.5044 0.5044 0.3773 0.3773
328 196 202 045 0.5044 0.3773 0.5044 0.5044 0.3773 0.5044 0.3773 0.3773 0.3773 0.3773 0.3773 0.5044 0.3773 0.5044 0.5044 0.3773
196 202 045 012 0.3773 0.5044 0.3773 0.3773 0.5044 0.5044 0.5044 0.5044 0.3773 0.5044 0.5044 0.3773 0.5044 0.5044 0.3773 0.3773
202 045 012 037 0.5044 0.5044 0.3773 0.5044 0.5044 0.3773 0.3773 0.5044 0.3773 0.3773 0.3773 0.5044 0.5044 0.3773 0.5044 0.5044
045 012 037 002 0.3773 0.5044 0.3773 0.5044 0.3773 0.3773 0.5044 0.3773 0.5044 0.3773 0.5044 0.3773 0.3773 0.5044 0.3773 0.3773
012 037 002 184 0.3773 0.5044 0.3773 0.5044 0.5044 0.5044 0.3773 0.3773 0.3773 0.3773 0.5044 0.5044 0.5044 0.3773 0.5044 0.5044
037 002 184 036 0.3773 0.3773 0.5044 0.5044 0.5044 0.5044 0.3773 0.5044 0.5044 0.5044 0.5044 0.3773 0.3773 0.3773 0.3773 0.3773
002 184 036 118 0.5044 0.3773 0.3773 0.3773 0.3773 0.3773 0.5044 0.5044 0.5044 0.3773 0.3773 0.5044 0.5044 0.3773 0.5044 0.5044
184 036 118 354 0.3773 0.5044 0.5044 0.5044 0.5044 0.5044 0.3773 0.3773 0.5044 0.3773 0.5044 0.5044 0.5044 0.3773 0.3773 0.3773
036 118 354 072 0.3773 0.5044 0.3773 0.3773 0.5044 0.5044 0.3773 0.5044 0.3773 0.3773 0.3773 0.3773 0.5044 0.3773 0.3773 0.3773
118 354 072 302 0.5044 0.3773 0.3773 0.5044 0.3773 0.3773 0.5044 0.3773 0.5044 0.5044 0.3773 0.3773 0.3773 0.3773 0.5044 0.5044
354 072 302 332 0.5044 0.3773 0.5044 0.5044 0.3773 0.3773 0.3773 0.5044 0.5044 0.3773 0.5044 0.3773 0.5044 0.3773 0.3773 0.3773
072 302 332 325 0.3773 0.3773 0.5044 0.5044 0.5044 0.5044 0.3773 0.5044 0.5044 0.5044 0.5044 0.3773 0.5044 0.3773 0.3773 0.5044
302 332 325 159 0.5044 0.3773 0.5044 0.3773 0.5044 0.3773 0.3773 0.5044 0.5044 0.3773 0.5044 0.5044 0.3773 0.5044 0.5044 0.3773
332 325 159 007 0.3773 0.3773 0.3773 0.3773 0.3773 0.3773 0.3773 0.3773 0.5044 0.5044 0.5044 0.5044 0.5044 0.5044 0.3773 0.3773
325 159 007 049 0.5044 0.3773 0.3773 0.5044 0.5044 0.3773 0.3773 0.5044 0.3773 0.3773 0.5044 0.5044 0.5044 0.5044 0.3773 0.3773
159 007 049 040 0.3773 0.3773 0.5044 0.5044 0.5044 0.5044 0.3773 0.5044 0.5044 0.5044 0.5044 0.5044 0.5044 0.5044 0.3773 0.3773
007 049 040 307 0.5044 0.5044 0.5044 0.5044 0.5044 0.3773 0.3773 0.5044 0.5044 0.5044 0.3773 0.3773 0.3773 0.5044 0.3773 0.3773
049 040 307 259 0.5044 0.3773 0.3773 0.5044 0.5044 0.3773 0.5044 0.3773 0.3773 0.5044 0.3773 0.3773 0.3773 0.3773 0.3773 0.5044
040 307 259 075 0.3773 0.3773 0.3773 0.3773 0.3773 0.3773 0.3773 0.5044 0.5044 0.3773 0.3773 0.3773 0.5044 0.5044 0.5044 0.3773
307 259 075 167 0.5044 0.3773 0.3773 0.3773 0.3773 0.5044 0.5044 0.5044 0.5044 0.3773 0.3773 0.5044 0.3773 0.5044 0.5044 0.5044
259 075 167 252 0.5044 0.3773 0.3773 0.3773 0.3773 0.3773 0.3773 0.5044 0.3773 0.5044 0.5044 0.3773 0.3773 0.3773 0.3773 0.5044
075 167 252 027 0.3773 0.5044 0.5044 0.5044 0.3773 0.5044 0.3773 0.5044 0.5044 0.5044 0.3773 0.5044 0.5044 0.3773 0.5044 0.5044
167 252 027 319 0.3773 0.5044 0.3773 0.5044 0.3773 0.5044 0.3773 0.3773 0.5044 0.3773 0.5044 0.3773 0.5044 0.5044 0.5044 0.5044
252 027 319 193 0.5044 0.3773 0.5044 0.3773 0.3773 0.5044 0.5044 0.5044 0.5044 0.3773 0.3773 0.5044 0.3773 0.3773 0.3773 0.5044
027 319 193 054 0.5044 0.3773 0.3773 0.5044 0.5044 0.5044 0.3773 0.5044 0.5044 0.5044 0.5044 0.3773 0.3773 0.3773 0.3773 0.3773
319 193 054 026 0.5044 0.5044 0.3773 0.3773 0.3773 0.5044 0.3773 0.5044 0.3773 0.5044 0.5044 0.3773 0.3773 0.3773 0.3773 0.3773
193 054 026 337 0.5044 0.3773 0.5044 0.5044 0.3773 0.5044 0.5044 0.3773 0.3773 0.3773 0.5044 0.3773 0.3773 0.5044 0.3773 0.5044
054 026 337 140 0.5044 0.3773 0.3773 0.3773 0.5044 0.3773 0.3773 0.3773 0.3773 0.5044 0.5044 0.3773 0.3773 0.5044 0.3773 0.3773
026 337 140 283 0.3773 0.3773 0.3773 0.3773 0.3773 0.3773 0.3773 0.5044 0.5044 0.5044 0.3773 0.5044 0.5044 0.5044 0.3773 0.5044
337 140 283 260 0.3773 0.3773 0.3773 0.3773 0.5044 0.3773 0.3773 0.3773 0.5044 0.3773 0.3773 0.5044 0.3773 0.5044 0.5044 0.3773
140 283 260 311 0.5044 0.3773 0.3773 0.3773 0.3773 0.3773 0.3773 0.5044 0.3773 0.5044 0.3773 0.5044 0.3773 0.3773 0.5044 0.3773
283 260 311 304 0.5044 0.5044 0.5044 0.3773 0.5044 0.3773 0.5044 0.3773 0.5044 0.3773 0.3773 0.5044 0.5044 0.5044 0.5044 0.5044
260 311 304 314 0.5044 0.5044 0.5044 0.5044 0.5044 0.3773 0.5044 0.5044 0.5044 0.5044 0.5044 0.5044 0.5044 0.3773 0.5044 0.3773
311 304 314 333 0.5044 0.3773 0.3773 0.5044 0.5044 0.3773 0.5044 0.5044 0.5044 0.3773 0.5044 0.3773 0.3773 0.3773 0.5044 0.5044
304 314 333 188 0.3773 0.3773 0.3773 0.3773 0.3773 0.3773 0.5044 0.5044 0.3773 0.5044 0.3773 0.5044 0.3773 0.3773 0.5044 0.5044
314 333 188 255 0.5044 0.5044 0.5044 0.5044 0.3773 0.3773 0.5044 0.5044 0.5044 0.5044 0.5044 0.5044 0.5044 0.5044 0.5044 0.5044
333 188 255 148 0.3773 0.3773 0.3773 0.3773 0.3773 0.3773 0.3773 0.5044 0.5044 0.3773 0.5044 0.3773 0.3773 0.3773 0.5044 0.3773
188 255 148 306 0.5044 0.5044 0.5044 0.5044 0.3773 0.5044 0.3773 0.5044 0.3773 0.3773 0.3773 0.3773 0.3773 0.5044 0.5044 0.3773
255 148 306 068 0.3773 0.5044 0.3773 0.5044 0.3773 0.5044 0.3773 0.5044 0.3773 0.3773 0.5044 0.5044 0.3773 0.5044 0.3773 0.5044
148 306 068 039 0.5044 0.3773 0.3773 0.5044 0.5044 0.3773 0.5044 0.3773 0.5044 0.5044 0.5044 0.5044 0.3773 0.5044 0.5044 0.3773
306 068 039 060 0.5044 0.3773 0.3773 0.5044 0.3773 0.5044 0.3773 0.5044 0.3773 0.5044 0.5044 0.5044 0.5044 0.5044 0.3773 0.3773
068 039 060 129 0.3773 0.3773 0.3773 0.3773 0.5044 0.5044 0.5044 0.5044 0.5044 0.5044 0.3773 0.3773 0.3773 0.3773 0.5044 0.3773
039 060 129 206 0.3773 0.5044 0.3773 0.5044 0.3773 0.3773 0.5044 0.3773 0.3773 0.5044 0.3773 0.3773 0.3773 0.5044 0.5044 0.5044
060 129 206 031 0.5044 0.5044 0.5044 0.3773 0.5044 0.5044 0.3773 0.3773 0.5044 0.5044 0.5044 0.5044 0.3773 0.5044 0.3773 0.3773
129 206 031 254 0.5044 0.5044 0.3773 0.3773 0.3773 0.5044 0.5044 0.5044 0.5044 0.3773 0.5044 0.3773 0.5044 0.3773 0.3773 0.5044
206 031 254 009 0.3773 0.3773 0.3773 0.5044 0.5044 0.3773 0.3773 0.3773 0.3773 0.3773 0.3773 0.3773 0.5044 0.5044 0.5044 0.3773
031 254 009 271 0.3773 0.5044 0.3773 0.5044 0.5044 0.5044 0.5044 0.3773 0.5044 0.3773 0.3773 0.3773 0.3773 0.3773 0.3773 0.3773
254 009 271 225 0.5044 0.3773 0.3773 0.5044 0.5044 0.5044 0.3773 0.3773 0.5044 0.3773 0.5044 0.3773 0.5044 0.3773 0.3773 0.5044
009 271 225 264 0.3773 0.3773 0.3773 0.5044 0.5044 0.5044 0.3773 0.3773 0.5044 0.5044 0.3773 0.5044 0.5044 0.5044 0.3773 0.5044
271 225 264 015 0.5044 0.5044 0.3773 0.3773 0.5044 0.3773 0.5044 0.5044 0.5044 0.3773 0.5044 0.5044 0.5044 0.3773 0.5044 0.3773
225 264 015 345 0.5044 0.5044 0.5044 0.3773 0.5044 0.5044 0.5044 0.3773 0.3773 0.3773 0.5044 0.5044 0.3773 0.3773 0.3773 0.3773
264 015 345 265 0.3773 0.5044 0.5044 0.5044 0.3773 0.5044 0.5044 0.3773 0.5044 0.5044 0.5044 0.5044 0.5044 0.5044 0.5044 0.3773
015 345 265 290 0.3773 0.3773 0.3773 0.3773 0.3773 0.5044 0.5044 0.3773 0.3773 0.5044 0.5044 0.5044 0.5044 0.5044 0.5044 0.5044
345 265 290 240 0.3773 0.5044 0.5044 0.3773 0.5044 0.3773 0.5044 0.3773 0.3773 0.5044 0.5044 0.3773 0.5044 0.3773 0.5044 0.5044
265 290 240 013 0.5044 0.5044 0.5044 0.3773 0.3773 0.5044 0.5044 0.5044 0.3773 0.3773 0.3773 0.5044 0.3773 0.5044 0.3773 0.5044
290 240 013 074 0.5044 0.5044 0.3773 0.3773 0.5044 0.3773 0.5044 0.3773 0.3773 0.5044 0.5044 0.5044 0.5044 0.3773 0.3773 0.3773
240 013 074 138 0.5044 0.3773 0.5044 0.3773 0.3773 0.5044 0.5044 0.3773 0.3773 0.3773 0.5044 0.3773 0.3773 0.3773 0.3773 0.3773
013 074 138 287 0.5044 0.5044 0.5044 0.5044 0.3773 0.5044 0.5044 0.5044 0.3773 0.3773 0.5044 0.5044 0.5044 0.5044 0.5044 0.3773
074 138 287 224 0.3773 0.3773 0.3773 0.5044 0.5044 0.3773 0.5044 0.3773 0.5044 0.5044 0.3773 0.5044 0.5044 0.5044 0.3773 0.3773
138 287 224 301 0.5044 0.5044 0.5044 0.5044 0.5044 0.5044 0.5044 0.3773 0.5044 0.3773 0.5044 0.3773 0.5044 0.3773 0.5044 0.5044
287 224 301 064 0.3773 0.5044 0.5044 0.3773 0.5044 0.5044 0.5044 0.5044 0.3773 0.5044 0.5044 0.5044 0.3773 0.5044 0.5044 0.3773
224 301 064 130 0.3773 0.5044 0.5044 0.5044 0.5044 0.3773 0.3773 0.5044 0.3773 0.3773 0.3773 0.5044 0.3773 0.5044 0.3773 0.5044
301 064 130 278 0.3773 0.5044 0.3773 0.5044 0.3773 0.5044 0.5044 0.3773 0.3773 0.5044 0.5044 0.5044 0.5044 0.5044 0.5044 0.3773
064 130 278 157 0.3773 0.3773 0.5044 0.3773 0.3773 0.5044 0.5044 0.5044 0.3773 0.5044 0.3773 0.3773 0.5044 0.5044 0.3773 0.5044
130 278 157 131 0.5044 0.5044 0.5044 0.5044 0.3773 0.5044 0.3773 0.5044 0.5044 0.3773 0.5044 0.3773 0.3773 0.3773 0.3773 0.5044
278 157 131 115 0.5044 0.3773 0.3773 0.5044 0.5044 0.3773 0.3773 0.5044 0.3773 0.5044 0.3773 0.5044 0.5044 0.3773 0.5044 0.5044
157 131 115 256 0.5044 0.5044 0.5044 0.3773 0.3773 0.5044 0.5044 0.3773 0.3773 0.3773 0.5044 0.5044 0.5044 0.5044 0.3773 0.5044
131 115 256 211 0.3773 0.3773 0.3773 0.5044 0.5044 0.5044 0.5044 0.3773 0.5044 0.3773 0.3773 0.3773 0.3773 0.3773 0.5044 0.5044
115 256 211 338 0.5044 0.3773 0.3773 0.3773 0.3773 0.3773 0.5044 0.3773 0.5044 0.5044 0.3773 0.3773 0.5044 0.3773 0.5044 0.5044
256 211 338 208 0.5044 0.5044 0.5044 0.5044 0.5044 0.3773 0.3773 0.3773 0.3773 0.5044 0.5044 0.3773 0.5044 0.3773 0.3773 0.5044
211 338 208 122 0.3773 0.3773 0.3773 0.5044 0.5044 0.3773 0.3773 0.5044 0.3773 0.3773 0.5044 0.3773 0.3773 0.5044 0.3773 0.5044
338 208 122 121 0.3773 0.3773 0.3773 0.3773 0.5044 0.3773 0.3773 0.3773 0.5044 0.5044 0.3773 0.3773 0.3773 0.5044 0.5044 0.3773
208 122 121 170 0.5044 0.3773 0.5044 0.5044 0.5044 0.3773 0.5044 0.5044 0.3773 0.3773 0.5044 0.3773 0.5044 0.5044 0.3773 0.5044
122 121 170 028 0.5044 0.3773 0.5044 0.5044 0.3773 0.5044 0.5044 0.3773 0.3773 0.5044 0.3773 0.3773 0.3773 0.3773 0.3773 0.5044
121 170 028 035 0.5044 0.3773 0.3773 0.5044 0.5044 0.3773 0.5044 0.5044 0.5044 0.5044 0.5044 0.3773 0.5044 0.3773 0.3773 0.3773
170 028 035 183 0.5044 0.3773 0.3773 0.3773 0.5044 0.5044 0.5044 0.5044 0.3773 0.3773 0.5044 0.5044 0.3773 0.3773 0.5044 0.5044
028 035 183 065 0.5044 0.3773 0.5044 0.3773 0.5044 0.5044 0.5044 0.5044 0.3773 0.5044 0.3773 0.5044 0.3773 0.3773 0.3773 0.3773
035 183 065 158 0.3773 0.5044 0.3773 0.5044 0.3773 0.3773 0.5044 0.5044 0.5044 0.5044 0.3773 0.3773 0.5044 0.5044 0.3773 0.5044
183 065 158 172 0.5044 0.3773 0.5044 0.3773 0.3773 0.5044 0.5044 0.5044 0.5044 0.5044 0.5044 0.3773 0.5044 0.5044 0.5044 0.3773
065 158 172 094 0.5044 0.5044 0.5044 0.3773 0.5044 0.5044 0.5044 0.3773 0.3773 0.5044 0.3773 0.3773 0.3773 0.3773 0.5044 0.5044
158 172 094 221 0.3773 0.5044 0.3773 0.5044 0.3773 0.3773 0.3773 0.5044 0.5044 0.3773 0.3773 0.5044 0.5044 0.5044 0.5044 0.5044
172 094 221 095 0.5044 0.3773 0.3773 0.5044 0.3773 0.5044 0.3773 0.3773 0.5044 0.5044 0.5044 0.5044 0.3773 0.5044 0.5044 0.5044
094 221 095 232 0.3773 0.3773 0.5044 0.5044 0.3773 0.5044 0.3773 0.3773 0.5044 0.3773 0.3773 0.5044 0.5044 0.5044 0.3773 0.3773
221 095 232 154 0.3773 0.3773 0.3773 0.5044 0.3773 0.3773 0.5044 0.3773 0.5044 0.5044 0.3773 0.5044 0.5044 0.5044 0.5044 0.3773
095 232 154 198 0.3773 0.3773 0.5044 0.5044 0.5044 0.3773 0.5044 0.5044 0.5044 0.3773 0.5044 0.3773 0.5044 0.3773 0.5044 0.5044
232 154 198 134 0.3773 0.5044 0.3773 0.5044 0.3773 0.3773 0.5044 0.5044 0.5044 0.3773 0.3773 0.5044 0.5044 0.5044 0.3773 0.5044
154 198 134 146 0.3773 0.3773 0.5044 0.3773 0.3773 0.5044 0.5044 0.5044 0.5044 0.3773 0.3773 0.5044 0.3773 0.3773 0.3773 0.5044
198 134 146 111 0.5044 0.5044 0.3773 0.3773 0.3773 0.5044 0.5044 0.3773 0.3773 0.3773 0.5044 0.3773 0.3773 0.5044 0.3773 0.5044
134 146 111 077 0.3773 0.3773 0.5044 0.5044 0.5044 0.3773 0.5044 0.5044 0.3773 0.3773 0.5044 0.5044 0.5044 0.3773 0.3773 0.5044
146 111 077 212 0.3773 0.3773 0.5044 0.5044 0.3773 0.5044 0.3773 0.3773 0.5044 0.3773 0.5044 0.5044 0.5044 0.3773 0.3773 0.3773
111 077 212 133 0.5044 0.3773 0.5044 0.3773 0.5044 0.3773 0.5044 0.3773 0.3773 0.5044 0.3773 0.3773 0.3773 0.3773 0.3773 0.3773
077 212 133 091 0.5044 0.3773 0.3773 0.5044 0.5044 0.5044 0.3773 0.5044 0.3773 0.3773 0.3773 0.3773 0.3773 0.5044 0.5044 0.3773
212 133 091 205 0.3773 0.5044 0.3773 0.5044 0.5044 0.5044 0.3773 0.3773 0.5044 0.5044 0.5044 0.5044 0.3773 0.3773 0.3773 0.5044
133 091 205 166 0.5044 0.5044 0.3773 0.3773 0.5044 0.5044 0.3773 0.5044 0.3773 0.5044 0.3773 0.5044 0.5044 0.3773 0.5044 0.3773
091 205 166 153 0.5044 0.3773 0.3773 0.3773 0.3773 0.3773 0.5044 0.5044 0.5044 0.5044 0.5044 0.5044 0.3773 0.5044 0.3773 0.3773
205 166 153 267 0.3773 0.3773 0.3773 0.5044 0.5044 0.3773 0.3773 0.3773 0.5044 0.5044 0.5044 0.5044 0.3773 0.5044 0.5044 0.3773
166 153 267 241 0.5044 0.5044 0.3773 0.5044 0.5044 0.3773 0.3773 0.5044 0.5044 0.5044 0.5044 0.5044 0.5044 0.3773 0.3773 0.5044
153 267 241 171 0.5044 0.5044 0.3773 0.3773 0.3773 0.3773 0.5044 0.3773 0.5044 0.3773 0.3773 0.3773 0.3773 0.3773 0.5044 0.5044
267 241 171 128 0.5044 0.3773 0.3773 0.5044 0.5044 0.5044 0.3773 0.3773 0.3773 0.5044 0.3773 0.5044 0.3773 0.3773 0.3773 0.5044
241 171 128 313 0.3773 0.3773 0.3773 0.3773 0.5044 0.5044 0.3773 0.3773 0.5044 0.5044 0.5044 0.3773 0.3773 0.5044 0.3773 0.3773
171 128 313 186 0.3773 0.3773 0.5044 0.3773 0.5044 0.3773 0.5044 0.5044 0.5044 0.5044 0.5044 0.3773 0.3773 0.5044 0.3773 0.3773
128 313 186 086 0.3773 0.5044 0.5044 0.5044 0.3773 0.5044 0.5044 0.5044 0.3773 0.3773 0.3773 0.3773 0.3773 0.3773 0.5044 0.5044
313 186 086 098 0.3773 0.5044 0.3773 0.3773 0.3773 0.3773 0.3773 0.5044 0.3773 0.5044 0.5044 0.5044 0.3773 0.5044 0.3773 0.3773
186 086 098 168 0.3773 0.3773 0.5044 0.3773 0.3773 0.5044 0.5044 0.3773 0.5044 0.3773 0.5044 0.3773 0.5044 0.3773 0.3773 0.3773
086 098 168 280 0.5044 0.3773 0.3773 0.5044 0.5044 0.5044 0.3773 0.5044 0.5044 0.5044 0.5044 0.3773 0.3773 0.5044 0.5044 0.3773
098 168 280 269 0.5044 0.5044 0.3773 0.3773 0.5044 0.3773 0.5044 0.3773 0.5044 0.3773 0.3773 0.3773 0.3773 0.3773 0.5044 0.3773
168 280 269 229 0.3773 0.3773 0.5044 0.5044 0.5044 0.5044 0.5044 0.5044 0.3773 0.5044 0.3773 0.3773 0.3773 0.5044 0.3773 0.3773
280 269 229 273 0.3773 0.3773 0.3773 0.3773 0.3773 0.5044 0.3773 0.3773 0.3773 0.3773 0.3773 0.3773 0.5044 0.5044 0.5044 0.5044
269 229 273 006 0.5044 0.3773 0.5044 0.5044 0.5044 0.5044 0.3773 0.3773 0.5044 0.5044 0.5044 0.3773 0.5044 0.5044 0.3773 0.3773
229 273 006 132 0.3773 0.3773 0.5044 0.5044 0.3773 0.5044 0.5044 0.5044 0.3773 0.3773 0.5044 0.5044 0.5044 0.5044 0.3773 0.5044
273 006 132 230 0.5044 0.5044 0.5044 0.3773 0.5044 0.3773 0.3773 0.5044 0.5044 0.5044 0.5044 0.5044 0.3773 0.5044 0.5044 0.5044
006 132 230 215 0.5044 0.5044 0.3773 0.5044 0.3773 0.5044 0.5044 0.3773 0.5044 0.5044 0.5044 0.5044 0.5044 0.3773 0.3773 0.3773
132 230 215 059 0.5044 0.3773 0.5044 0.5044 0.5044 0.3773 0.3773 0.3773 0.3773 0.5044 0.5044 0.3773 0.5044 0.5044 0.5044 0.5044
230 215 059 152 0.3773 0.5044 0.5044 0.3773 0.3773 0.3773 0.3773 0.3773 0.5044 0.3773 0.3773 0.3773 0.3773 0.3773 0.5044 0.5044
215 059 152 317 0.3773 0.3773 0.3773 0.3773 0.5044 0.3773 0.5044 0.3773 0.3773 0.3773 0.3773 0.5044 0.5044 0.5044 0.5044 0.5044
059 152 317 024 0.3773 0.5044 0.5044 0.5044 0.5044 0.3773 0.3773 0.5044 0.5044 0.3773 0.5044 0.5044 0.3773 0.5044 0.3773 0.5044
152 317 024 056 0.5044 0.5044 0.3773 0.3773 0.3773 0.5044 0.3773 0.3773 0.5044 0.3773 0.3773 0.3773 0.3773 0.5044 0.3773 0.5044
317 024 056 019 0.3773 0.5044 0.5044 0.5044 0.3773 0.3773 0.5044 0.3773 0.5044 0.3773 0.3773 0.5044 0.3773 0.5044 0.3773 0.3773
024 056 019 160 0.5044 0.3773 0.3773 0.3773 0.3773 0.5044 0.3773 0.3773 0.5044 0.5044 0.3773 0.5044 0.5044 0.5044 0.3773 0.3773
056 019 160 336 0.5044 0.5044 0.3773 0.5044 0.5044 0.3773 0.5044 0.5044 0.5044 0.5044 0.5044 0.3773 0.5044 0.5044 0.3773 0.3773
019 160 336 093 0.5044 0.5044 0.3773 0.3773 0.3773 0.3773 0.5044 0.5044 0.3773 0.5044 0.3773 0.5044 0.5044 0.5044 0.3773 0.5044
160 336 093 236 0.3773 0.5044 0.3773 0.3773 0.3773 0.5044 0.5044 0.5044 0.5044 0.3773 0.3773 0.5044 0.5044 0.3773 0.5044 0.3773
336 093 236 109 0.3773 0.5044 0.5044 0.5044 0.5044 0.5044 0.5044 0.3773 0.5044 0.5044 0.3773 0.3773 0.5044 0.5044 0.5044 0.3773
093 236 109 053 0.3773 0.3773 0.5044 0.5044 0.5044 0.3773 0.5044 0.3773 0.3773 0.5044 0.5044 0.5044 0.5044 0.5044 0.3773 0.3773
236 109 053 003 0.3773 0.3773 0.5044 0.5044 0.3773 0.3773 0.3773 0.5044 0.3773 0.3773 0.3773 0.3773 0.3773 0.3773 0.3773 0.5044
109 053 003 110 0.5044 0.5044 0.3773 0.3773 0.5044 0.5044 0.3773 0.3773 0.5044 0.5044 0.3773 0.3773 0.5044 0.5044 0.3773 0.5044
053 003 110 308 0.3773 0.5044 0.3773 0.3773 0.3773 0.5044 0.5044 0.3773 0.5044 0.3773 0.5044 0.3773 0.3773 0.5044 0.3773 0.5044
003 110 308 274 0.3773 0.5044 0.5044 0.3773 0.3773 0.5044 0.5044 0.3773 0.5044 0.5044 0.3773 0.3773 0.5044 0.5044 0.5044 0.3773
110 308 274 318 0.5044 0.3773 0.5044 0.5044 0.3773 0.3773 0.5044 0.3773 0.3773 0.3773 0.5044 0.5044 0.3773 0.3773 0.5044 0.5044
308 274 318 001 0.3773 0.5044 0.5044 0.5044 0.5044 0.3773 0.5044 0.5044 0.5044 0.5044 0.3773 0.5044 0.3773 0.5044 0.3773 0.5044
274 318 001 076 0.3773 0.3773 0.3773 0.3773 0.3773 0.3773 0.5044 0.3773 0.5044 0.3773 0.5044 0.3773 0.3773 0.5044 0.3773 0.5044
318 001 076 083 0.5044 0.3773 0.3773 0.5044 0.5044 0.5044 0.3773 0.3773 0.3773 0.3773 0.5044 0.3773 0.3773 0.3773 0.5044 0.5044
001 076 083 327 0.3773 0.3773 0.3773 0.5044 0.5044 0.5044 0.3773 0.3773 0.5044 0.5044 0.3773 0.5044 0.3773 0.5044 0.5044 0.3773
076 083 327 052 0.3773 0.3773 0.3773 0.5044 0.3773 0.3773 0.5044 0.3773 0.5044 0.3773 0.5044 0.3773 0.5044 0.3773 0.3773 0.5044
083 327 052 087 0.5044 0.3773 0.5044 0.3773 0.3773 0.3773 0.5044 0.3773 0.3773 0.3773 0.3773 0.3773 0.3773 0.5044 0.5044 0.5044
327 052 087 251 0.3773 0.5044 0.5044 0.3773 0.3773 0.3773 0.3773 0.3773 0.5044 0.3773 0.3773 0.5044 0.5044 0.5044 0.3773 0.5044
052 087 251 326 0.5044 0.3773 0.3773 0.5044 0.3773 0.3773 0.5044 0.5044 0.3773 0.5044 0.5044 0.5044 0.3773 0.5044 0.3773 0.3773
087 251 326 156 0.5044 0.5044 0.5044 0.5044 0.5044 0.3773 0.3773 0.5044 0.3773 0.5044 0.5044 0.5044 0.5044 0.3773 0.5044 0.5044
251 326 156 242 0.5044 0.5044 0.5044 0.3773 0.3773 0.5044 0.3773 0.5044 0.5044 0.3773 0.3773 0.3773 0.5044 0.3773 0.5044 0.3773
326 156 242 220 0.3773 0.3773 0.5044 0.3773 0.5044 0.3773 0.5044 0.5044 0.3773 0.5044 0.5044 0.5044 0.5044 0.5044 0.5044 0.5044
156 242 220 222 0.5044 0.5044 0.3773 0.3773 0.5044 0.3773 0.3773 0.5044 0.3773 0.5044 0.3773 0.5044 0.5044 0.5044 0.3773 0.5044
242 220 222 096 0.5044 0.3773 0.3773 0.5044 0.5044 0.3773 0.5044 0.5044 0.3773 0.3773 0.3773 0.5044 0.5044 0.5044 0.5044 0.5044
220 222 096 145 0.5044 0.5044 0.5044 0.3773 0.5044 0.5044 0.3773 0.5044 0.3773 0.5044 0.5044 0.3773 0.5044 0.5044 0.5044 0.3773
222 096 145 104 0.3773 0.3773 0.5044 0.5044 0.5044 0.5044 0.3773 0.5044 0.3773 0.3773 0.5044 0.3773 0.3773 0.3773 0.5044 0.3773
096 145 104 176 0.5044 0.5044 0.3773 0.3773 0.5044 0.5044 0.3773 0.3773 0.3773 0.5044 0.3773 0.3773 0.3773 0.3773 0.5044 0.5044
145 104 176 272 0.3773 0.5044 0.5044 0.5044 0.3773 0.3773 0.5044 0.5044 0.3773 0.3773 0.5044 0.5044 0.3773 0.3773 0.3773 0.3773
104 176 272 018 0.3773 0.3773 0.3773 0.5044 0.3773 0.5044 0.5044 0.3773 0.5044 0.3773 0.3773 0.3773 0.3773 0.5044 0.5044 0.3773
176 272 018 346 0.5044 0.5044 0.3773 0.3773 0.3773 0.3773 0.3773 0.3773 0.5044 0.3773 0.3773 0.5044 0.3773 0.5044 0.3773 0.5044
272 018 346 344 0.3773 0.5044 0.3773 0.3773 0.3773 0.5044 0.5044 0.3773 0.3773 0.3773 0.3773 0.3773 0.3773 0.5044 0.5044 0.5044
018 346 344 044 0.5044 0.3773 0.5044 0.5044 0.5044 0.3773 0.5044 0.5044 0.3773 0.5044 0.5044 0.3773 0.5044 0.3773 0.5044 0.3773
346 344 044 055 0.5044 0.5044 0.3773 0.3773 0.5044 0.5044 0.3773 0.3773 0.5044 0.3773 0.3773 0.5044 0.3773 0.5044 0.3773 0.3773
344 044 055 021 0.3773 0.3773 0.5044 0.5044 0.3773 0.3773 0.5044 0.5044 0.3773 0.5044 0.5044 0.3773 0.3773 0.5044 0.5044 0.3773
044 055 021 294 0.5044 0.3773 0.5044 0.3773 0.3773 0.5044 0.5044 0.3773 0.5044 0.5044 0.3773 0.5044 0.5044 0.5044 0.5044 0.3773
055 021 294 218 0.5044 0.3773 0.5044 0.5044 0.3773 0.3773 0.5044 0.3773 0.5044 0.3773 0.3773 0.5044 0.5044 0.5044 0.5044 0.5044
021 294 218 102 0.5044 0.5044 0.3773 0.3773 0.5044 0.3773 0.3773 0.3773 0.5044 0.3773 0.3773 0.5044 0.3773 0.3773 0.5044 0.5044
294 218 102 237 0.3773 0.5044 0.5044 0.3773 0.3773 0.3773 0.5044 0.3773 0.3773 0.3773 0.5044 0.3773 0.5044 0.3773 0.3773 0.3773
218 102 237 066 0.3773 0.5044 0.5044 0.3773 0.3773 0.3773 0.3773 0.5044 0.3773 0.5044 0.5044 0.5044 0.5044 0.3773 0.5044 0.3773
102 237 066 017 0.5044 0.3773 0.5044 0.5044 0.5044 0.3773 0.3773 0.5044 0.3773 0.3773 0.3773 0.5044 0.3773 0.3773 0.5044 0.5044
237 066 017 303 0.5044 0.3773 0.5044 0.3773 0.3773 0.3773 0.5044 0.3773 0.5044 0.5044 0.3773 0.3773 0.5044 0.5044 0.3773 0.3773
066 017 303 207 0.3773 0.5044 0.5044 0.5044 0.3773 0.5044 0.3773 0.3773 0.5044 0.5044 0.5044 0.3773 0.3773 0.3773 0.3773 0.5044
017 303 207 226 0.5044 0.3773 0.5044 0.5044 0.3773 0.3773 0.5044 0.5044 0.5044 0.5044 0.5044 0.5044 0.5044 0.3773 0.5044 0.3773
303 207 226 149 0.5044 0.5044 0.5044 0.3773 0.5044 0.3773 0.5044 0.5044 0.3773 0.3773 0.3773 0.3773 0.3773 0.5044 0.5044 0.5044
207 226 149 296 0.3773 0.5044 0.3773 0.3773 0.3773 0.5044 0.3773 0.3773 0.5044 0.5044 0.5044 0.5044 0.3773 0.3773 0.5044 0.5044
226 149 296 210 0.3773 0.3773 0.5044 0.3773 0.5044 0.3773 0.3773 0.5044 0.5044 0.3773 0.3773 0.5044 0.5044 0.5044 0.3773 0.3773
149 296 210 106 0.3773 0.3773 0.5044 0.5044 0.3773 0.5044 0.3773 0.3773 0.3773 0.3773 0.5044 0.3773 0.5044 0.5044 0.5044 0.5044
296 210 106 216 0.5044 0.5044 0.3773 0.3773 0.5044 0.3773 0.5044 0.5044 0.3773 0.3773 0.5044 0.3773 0.5044 0.5044 0.5044 0.3773
210 106 216 179 0.5044 0.5044 0.5044 0.5044 0.3773 0.5044 0.3773 0.5044 0.3773 0.3773 0.5044 0.3773 0.3773 0.3773 0.5044 0.5044
106 216 179 010 0.3773 0.5044 0.3773 0.3773 0.3773 0.5044 0.3773 0.5044 0.3773 0.3773 0.5044 0.5044 0.5044 0.5044 0.3773 0.3773
216 179 010 124 0.3773 0.3773 0.3773 0.3773 0.3773 0.3773 0.3773 0.5044 0.3773 0.5044 0.5044 0.3773 0.5044 0.5044 0.5044 0.3773
179 010 124 200 0.3773 0.5044 0.5044 0.3773 0.3773 0.3773 0.3773 0.5044 0.3773 0.3773 0.5044 0.5044 0.3773 0.5044 0.5044 0.5044
010 124 200 089 0.3773 0.3773 0.5044 0.3773 0.5044 0.5044 0.5044 0.3773 0.5044 0.5044 0.3773 0.3773 0.3773 0.5044 0.5044 0.3773
124 200 089 235 0.3773 0.5044 0.3773 0.5044 0.5044 0.5044 0.3773 0.3773 0.3773 0.5044 0.5044 0.5044 0.3773 0.3773 0.5044 0.5044
200 089 235 097 0.3773 0.3773 0.5044 0.3773 0.5044 0.5044 0.5044 0.3773 0.5044 0.3773 0.3773 0.3773 0.3773 0.5044 0.3773 0.5044
089 235 097 199 0.3773 0.5044 0.3773 0.3773 0.5044 0.3773 0.3773 0.5044 0.3773 0.5044 0.3773 0.3773 0.5044 0.3773 0.3773 0.3773
235 097 199 112 0.3773 0.3773 0.3773 0.5044 0.3773 0.5044 0.5044 0.5044 0.3773 0.3773 0.3773 0.3773 0.3773 0.5044 0.5044 0.5044
097 199 112 108 0.5044 0.5044 0.5044 0.5044 0.5044 0.3773 0.3773 0.5044 0.5044 0.5044 0.3773 0.5044 0.3773 0.5044 0.3773 0.5044
199 112 108 350 0.5044 0.5044 0.3773 0.5044 0.5044 0.3773 0.3773 0.5044 0.5044 0.3773 0.5044 0.3773 0.3773 0.5044 0.5044 0.5044
112 108 350 315 0.5044 0.3773 0.3773 0.5044 0.5044 0.5044 0.3773 0.3773 0.3773 0.5044 0.5044 0.3773 0.5044 0.5044 0.5044 0.3773
108 350 315 209 0.3773 0.3773 0.5044 0.5044 0.5044 0.3773 0.5044 0.5044 0.3773 0.3773 0.5044 0.3773 0.3773 0.3773 0.3773 0.5044
350 315 209 119 0.5044 0.5044 0.5044 0.3773 0.5044 0.3773 0.3773 0.3773 0.5044 0.5044 0.5044 0.5044 0.3773 0.3773 0.5044 0.5044
315 209 119 090 0.5044 0.3773 0.5044 0.5044 0.5044 0.5044 0.3773 0.3773 0.5044 0.3773 0.5044 0.3773 0.3773 0.5044 0.5044 0.5044
209 119 090 191 0.3773 0.5044 0.5044 0.5044 0.3773 0.5044 0.3773 0.3773 0.5044 0.5044 0.3773 0.3773 0.5044 0.3773 0.5044 0.5044
119 090 191 062 0.5044 0.5044 0.5044 0.3773 0.3773 0.3773 0.3773 0.5044 0.5044 0.3773 0.3773 0.5044 0.3773 0.3773 0.5044 0.3773
090 191 062 284 0.5044 0.5044 0.5044 0.3773 0.3773 0.3773 0.5044 0.5044 0.3773 0.3773 0.5044 0.3773 0.3773 0.5044 0.3773 0.3773
191 062 284 187 0.3773 0.3773 0.3773 0.3773 0.5044 0.5044 0.5044 0.5044 0.3773 0.3773 0.3773 0.3773 0.5044 0.5044 0.3773 0.3773
062 284 187 048 0.3773 0.5044 0.3773 0.3773 0.3773 0.5044 0.5044 0.3773 0.3773 0.5044 0.5044 0.5044 0.5044 0.5044 0.5044 0.3773
284 187 048 341 0.5044 0.5044 0.5044 0.5044 0.5044 0.3773 0.3773 0.3773 0.5044 0.3773 0.5044 0.5044 0.3773 0.5044 0.5044 0.3773
187 048 341 282 0.5044 0.3773 0.5044 0.3773 0.5044 0.3773 0.5044 0.5044 0.3773 0.3773 0.5044 0.5044 0.5044 0.5044 0.5044 0.5044
048 341 282 047 0.3773 0.3773 0.5044 0.3773 0.5044 0.3773 0.3773 0.3773 0.3773 0.3773 0.3773 0.5044 0.3773 0.3773 0.5044 0.3773
341 282 047 323 0.5044 0.5044 0.5044 0.3773 0.3773 0.3773 0.5044 0.5044 0.5044 0.5044 0.3773 0.5044 0.5044 0.5044 0.5044 0.3773
282 047 323 020 0.5044 0.3773 0.5044 0.5044 0.3773 0.5044 0.5044 0.3773 0.3773 0.3773 0.3773 0.3773 0.5044 0.5044 0.3773 0.5044
047 323 020 201 0.5044 0.3773 0.3773 0.3773 0.3773 0.3773 0.5044 0.3773 0.3773 0.5044 0.3773 0.5044 0.5044 0.3773 0.3773 0.3773
323 020 201 312 0.5044 0.3773 0.5044 0.5044 0.5044 0.3773 0.5044 0.3773 0.5044 0.3773 0.5044 0.5044 0.3773 0.5044 0.3773 0.5044
020 201 312 285 0.5044 0.5044 0.3773 0.5044 0.5044 0.5044 0.3773 0.5044 0.5044 0.5044 0.3773 0.5044 0.3773 0.5044 0.5044 0.3773
201 312 285 032 0.5044 0.5044 0.3773 0.3773 0.3773 0.5044 0.5044 0.5044 0.5044 0.5044 0.3773 0.3773 0.5044 0.5044 0.3773 0.3773
312 285 032 233 0.5044 0.3773 0.3773 0.3773 0.5044 0.5044 0.5044 0.5044 0.5044 0.3773 0.3773 0.5044 0.5044 0.3773 0.5044 0.3773
285 032 233 114 0.5044 0.5044 0.3773 0.5044 0.3773 0.5044 0.5044 0.3773 0.5044 0.3773 0.3773 0.5044 0.5044 0.3773 0.5044 0.5044
032 233 114 279 0.5044 0.3773 0.5044 0.3773 0.3773 0.5044 0.3773 0.5044 0.5044 0.5044 0.5044 0.5044 0.3773 0.5044 0.5044 0.5044
233 114 279 030 0.3773 0.5044 0.3773 0.3773 0.3773 0.3773 0.5044 0.5044 0.5044 0.3773 0.3773 0.3773 0.3773 0.3773 0.5044 0.5044
114 279 030 139 0.3773 0.5044 0.3773 0.5044 0.3773 0.5044 0.3773 0.5044 0.3773 0.5044 0.5044 0.3773 0.5044 0.3773 0.3773 0.3773
279 030 139 123 0.3773 0.3773 0.5044 0.3773 0.3773 0.3773 0.5044 0.5044 0.5044 0.3773 0.3773 0.3773 0.5044 0.3773 0.3773 0.5044
030 139 123 144 0.3773 0.3773 0.5044 0.3773 0.5044 0.5044 0.5044 0.5044 0.5044 0.3773 0.3773 0.3773 0.5044 0.3773 0.5044 0.5044
139 123 144 071 0.5044 0.5044 0.3773 0.5044 0.5044 0.3773 0.5044 0.3773 0.3773 0.5044 0.3773 0.3773 0.5044 0.3773 0.3773 0.5044
123 144 071 014 0.5044 0.3773 0.5044 0.5044 0.5044 0.5044 0.5044 0.3773 0.3773 0.3773 0.3773 0.3773 0.5044 0.5044 0.3773 0.3773
144 071 014 250 0.3773 0.5044 0.5044 0.3773 0.3773 0.5044 0.5044 0.3773 0.3773 0.3773 0.5044 0.3773 0.3773 0.3773 0.5044 0.3773
071 014 250 253 0.5044 0.3773 0.5044 0.5044 0.5044 0.5044 0.3773 0.3773 0.5044 0.3773 0.3773 0.3773 0.5044 0.3773 0.3773 0.5044
014 250 253 238 0.3773 0.5044 0.3773 0.3773 0.5044 0.3773 0.3773 0.5044 0.3773 0.3773 0.3773 0.3773 0.5044 0.3773 0.3773 0.3773
250 253 238 177 0.5044 0.5044 0.3773 0.5044 0.5044 0.5044 0.5044 0.5044 0.3773 0.5044 0.5044 0.3773 0.5044 0.3773 0.3773 0.5044
