356 031684 3
325 214 174 350 0.7263 0.1660 0.1660 0.7263 0.1660 0.7263 0.1660 0.7263 0.1660 0.7263 0.7263 0.1660 0.7263 0.7263 0.1660 0.1660
214 174 350 237 0.7263 0.1660 0.7263 0.7263 0.7263 0.7263 0.7263 0.7263 0.7263 0.7263 0.7263 0.7263 0.1660 0.7263 0.1660 0.1660
174 350 237 321 0.1660 0.7263 0.7263 0.7263 0.1660 0.7263 0.1660 0.7263 0.1660 0.1660 0.7263 0.7263 0.1660 0.7263 0.7263 0.1660
350 237 321 277 0.7263 0.1660 0.1660 0.7263 0.7263 0.1660 0.7263 0.7263 0.1660 0.7263 0.1660 0.1660 0.7263 0.7263 0.1660 0.7263
237 321 277 079 0.1660 0.1660 0.7263 0.1660 0.7263 0.1660 0.7263 0.7263 0.7263 0.7263 0.7263 0.1660 0.7263 0.1660 0.7263 0.1660
321 277 079 300 0.7263 0.1660 0.1660 0.7263 0.1660 0.7263 0.7263 0.1660 0.7263 0.7263 0.7263 0.7263 0.1660 0.7263 0.1660 0.1660
277 079 300 251 0.7263 0.1660 0.7263 0.7263 0.7263 0.7263 0.1660 0.7263 0.1660 0.1660 0.1660 0.7263 0.1660 0.7263 0.1660 0.1660
079 300 251 173 0.7263 0.1660 0.7263 0.1660 0.1660 0.7263 0.1660 0.7263 0.7263 0.7263 0.1660 0.1660 0.1660 0.7263 0.7263 0.1660
300 251 173 087 0.1660 0.7263 0.7263 0.7263 0.1660 0.7263 0.7263 0.1660 0.7263 0.7263 0.7263 0.1660 0.1660 0.7263 0.1660 0.1660
251 173 087 154 0.7263 0.7263 0.1660 0.7263 0.1660 0.7263 0.7263 0.1660 0.7263 0.1660 0.7263 0.7263 0.1660 0.1660 0.7263 0.1660
173 087 154 019 0.1660 0.7263 0.1660 0.1660 0.7263 0.7263 0.1660 0.7263 0.7263 0.1660 0.1660 0.1660 0.7263 0.1660 0.1660 0.7263
087 154 019 187 0.1660 0.1660 0.7263 0.1660 0.1660 0.1660 0.1660 0.7263 0.1660 0.1660 0.7263 0.7263 0.7263 0.7263 0.7263 0.7263
154 019 187 196 0.1660 0.1660 0.1660 0.7263 0.7263 0.1660 0.7263 0.7263 0.7263 0.1660 0.1660 0.1660 0.1660 0.7263 0.1660 0.7263
019 187 196 317 0.1660 0.7263 0.7263 0.7263 0.7263 0.1660 0.7263 0.1660 0.7263 0.1660 0.1660 0.1660 0.1660 0.1660 0.7263 0.1660
187 196 317 022 0.7263 0.7263 0.1660 0.1660 0.1660 0.1660 0.1660 0.1660 0.1660 0.7263 0.1660 0.7263 0.1660 0.1660 0.7263 0.1660
196 317 022 247 0.7263 0.7263 0.1660 0.7263 0.1660 0.7263 0.1660 0.1660 0.7263 0.1660 0.7263 0.1660 0.7263 0.1660 0.1660 0.7263
317 022 247 238 0.7263 0.7263 0.1660 0.7263 0.7263 0.7263 0.1660 0.1660 0.7263 0.7263 0.7263 0.7263 0.1660 0.7263 0.1660 0.7263
022 247 238 278 0.7263 0.7263 0.1660 0.7263 0.7263 0.1660 0.7263 0.1660 0.1660 0.1660 0.7263 0.1660 0.7263 0.1660 0.7263 0.1660
247 238 278 233 0.1660 0.1660 0.1660 0.1660 0.1660 0.7263 0.7263 0.7263 0.1660 0.1660 0.1660 0.7263 0.1660 0.1660 0.1660 0.7263
238 278 233 213 0.1660 0.7263 0.7263 0.7263 0.1660 0.7263 0.7263 0.7263 0.7263 0.7263 0.1660 0.1660 0.1660 0.1660 0.1660 0.7263
278 233 213 001 0.7263 0.7263 0.7263 0.1660 0.7263 0.7263 0.1660 0.1660 0.7263 0.1660 0.7263 0.7263 0.7263 0.7263 0.1660 0.1660
233 213 001 261 0.7263 0.1660 0.1660 0.1660 0.1660 0.7263 0.1660 0.7263 0.7263 0.1660 0.1660 0.7263 0.1660 0.7263 0.1660 0.1660
213 001 261 306 0.1660 0.1660 0.7263 0.1660 0.1660 0.1660 0.1660 0.7263 0.1660 0.1660 0.7263 0.7263 0.1660 0.7263 0.7263 0.7263
001 261 306 115 0.7263 0.7263 0.1660 0.1660 0.1660 0.1660 0.7263 0.7263 0.1660 0.1660 0.7263 0.1660 0.7263 0.1660 0.7263 0.1660
261 306 115 125 0.7263 0.7263 0.1660 0.7263 0.7263 0.7263 0.1660 0.1660 0.7263 0.1660 0.7263 0.7263 0.7263 0.1660 0.1660 0.7263
306 115 125 182 0.1660 0.1660 0.1660 0.1660 0.7263 0.7263 0.1660 0.1660 0.1660 0.1660 0.1660 0.7263 0.1660 0.7263 0.7263 0.1660
115 125 182 183 0.1660 0.7263 0.7263 0.1660 0.7263 0.7263 0.1660 0.7263 0.7263 0.1660 0.7263 0.1660 0.1660 0.1660 0.7263 0.7263
125 182 183 008 0.7263 0.1660 0.1660 0.7263 0.7263 0.7263 0.7263 0.1660 0.7263 0.1660 0.1660 0.1660 0.7263 0.1660 0.1660 0.7263
182 183 008 015 0.7263 0.7263 0.1660 0.1660 0.1660 0.1660 0.1660 0.1660 0.1660 0.7263 0.7263 0.1660 0.1660 0.1660 0.1660 0.7263
183 008 015 274 0.1660 0.7263 0.1660 0.1660 0.1660 0.7263 0.7263 0.7263 0.1660 0.1660 0.1660 0.7263 0.7263 0.7263 0.1660 0.1660
008 015 274 122 0.1660 0.7263 0.1660 0.7263 0.7263 0.1660 0.1660 0.1660 0.1660 0.7263 0.7263 0.1660 0.1660 0.7263 0.7263 0.7263
015 274 122 334 0.7263 0.1660 0.7263 0.7263 0.7263 0.7263 0.1660 0.1660 0.7263 0.1660 0.1660 0.1660 0.1660 0.1660 0.1660 0.7263
274 122 334 018 0.7263 0.7263 0.7263 0.1660 0.1660 0.7263 0.1660 0.1660 0.7263 0.1660 0.7263 0.7263 0.1660 0.1660 0.1660 0.7263
122 334 018 134 0.7263 0.1660 0.7263 0.1660 0.7263 0.1660 0.7263 0.1660 0.7263 0.7263 0.7263 0.7263 0.1660 0.1660 0.1660 0.1660
334 018 134 241 0.7263 0.7263 0.1660 0.1660 0.1660 0.1660 0.1660 0.1660 0.7263 0.7263 0.7263 0.7263 0.1660 0.7263 0.7263 0.1660
018 134 241 133 0.1660 0.7263 0.7263 0.1660 0.7263 0.7263 0.7263 0.1660 0.1660 0.1660 0.1660 0.7263 0.7263 0.1660 0.1660 0.7263
134 241 133 186 0.7263 0.1660 0.1660 0.1660 0.7263 0.1660 0.1660 0.7263 0.7263 0.7263 0.1660 0.1660 0.1660 0.1660 0.7263 0.1660
241 133 186 184 0.1660 0.1660 0.1660 0.7263 0.1660 0.1660 0.7263 0.7263 0.7263 0.7263 0.7263 0.1660 0.7263 0.1660 0.1660 0.7263
133 186 184 101 0.7263 0.1660 0.7263 0.7263 0.1660 0.7263 0.1660 0.1660 0.1660 0.1660 0.7263 0.1660 0.7263 0.1660 0.1660 0.1660
186 184 101 265 0.1660 0.7263 0.7263 0.1660 0.1660 0.1660 0.7263 0.1660 0.7263 0.1660 0.7263 0.1660 0.7263 0.7263 0.1660 0.1660
184 101 265 239 0.1660 0.7263 0.1660 0.7263 0.1660 0.7263 0.7263 0.7263 0.1660 0.7263 0.7263 0.7263 0.1660 0.7263 0.1660 0.1660
101 265 239 026 0.7263 0.1660 0.7263 0.7263 0.7263 0.7263 0.7263 0.7263 0.7263 0.7263 0.1660 0.1660 0.7263 0.7263 0.7263 0.1660
265 239 026 226 0.1660 0.7263 0.7263 0.1660 0.1660 0.1660 0.7263 0.1660 0.7263 0.1660 0.1660 0.1660 0.1660 0.7263 0.7263 0.1660
239 026 226 123 0.7263 0.7263 0.7263 0.7263 0.1660 0.1660 0.7263 0.7263 0.7263 0.1660 0.7263 0.1660 0.1660 0.1660 0.1660 0.1660
026 226 123 323 0.1660 0.7263 0.1660 0.1660 0.7263 0.1660 0.1660 0.7263 0.1660 0.1660 0.7263 0.1660 0.1660 0.1660 0.1660 0.7263
226 123 323 199 0.1660 0.7263 0.7263 0.1660 0.1660 0.1660 0.7263 0.7263 0.1660 0.1660 0.1660 0.7263 0.1660 0.7263 0.1660 0.7263
123 323 199 040 0.7263 0.7263 0.7263 0.7263 0.1660 0.7263 0.1660 0.7263 0.1660 0.1660 0.1660 0.1660 0.1660 0.7263 0.1660 0.1660
323 199 040 330 0.7263 0.1660 0.7263 0.7263 0.7263 0.7263 0.1660 0.1660 0.1660 0.7263 0.1660 0.7263 0.7263 0.1660 0.1660 0.7263
199 040 330 307 0.7263 0.7263 0.7263 0.7263 0.7263 0.7263 0.7263 0.7263 0.7263 0.7263 0.1660 0.1660 0.1660 0.1660 0.1660 0.1660
040 330 307 289 0.1660 0.1660 0.7263 0.7263 0.1660 0.7263 0.1660 0.7263 0.7263 0.7263 0.7263 0.1660 0.7263 0.1660 0.1660 0.1660
330 307 289 000 0.7263 0.1660 0.1660 0.1660 0.1660 0.1660 0.1660 0.7263 0.7263 0.1660 0.1660 0.1660 0.7263 0.1660 0.7263 0.1660
307 289 000 038 0.1660 0.1660 0.7263 0.7263 0.1660 0.7263 0.7263 0.1660 0.7263 0.7263 0.7263 0.7263 0.1660 0.7263 0.1660 0.1660
289 000 038 254 0.1660 0.7263 0.1660 0.1660 0.1660 0.1660 0.1660 0.7263 0.7263 0.1660 0.1660 0.7263 0.1660 0.7263 0.7263 0.7263
000 038 254 058 0.7263 0.1660 0.1660 0.1660 0.1660 0.7263 0.7263 0.7263 0.7263 0.7263 0.1660 0.1660 0.7263 0.7263 0.7263 0.7263
038 254 058 185 0.7263 0.7263 0.7263 0.1660 0.7263 0.1660 0.7263 0.7263 0.7263 0.1660 0.7263 0.7263 0.7263 0.1660 0.1660 0.7263
254 058 185 255 0.7263 0.7263 0.1660 0.7263 0.1660 0.1660 0.7263 0.1660 0.1660 0.7263 0.7263 0.1660 0.1660 0.7263 0.1660 0.7263
058 185 255 231 0.7263 0.1660 0.1660 0.7263 0.1660 0.7263 0.7263 0.1660 0.1660 0.7263 0.1660 0.7263 0.7263 0.1660 0.1660 0.1660
185 255 231 131 0.1660 0.1660 0.7263 0.1660 0.7263 0.7263 0.7263 0.1660 0.7263 0.7263 0.1660 0.1660 0.7263 0.7263 0.7263 0.7263
255 231 131 150 0.1660 0.7263 0.1660 0.1660 0.1660 0.7263 0.7263 0.1660 0.1660 0.7263 0.1660 0.1660 0.7263 0.1660 0.1660 0.1660
231 131 150 092 0.7263 0.1660 0.1660 0.1660 0.1660 0.7263 0.7263 0.1660 0.7263 0.1660 0.7263 0.7263 0.1660 0.7263 0.1660 0.7263
131 150 092 103 0.7263 0.7263 0.1660 0.7263 0.1660 0.7263 0.1660 0.7263 0.1660 0.1660 0.1660 0.1660 0.1660 0.7263 0.7263 0.7263
150 092 103 028 0.1660 0.1660 0.7263 0.1660 0.7263 0.1660 0.1660 0.7263 0.7263 0.7263 0.1660 0.1660 0.1660 0.1660 0.7263 0.7263
092 103 028 285 0.7263 0.1660 0.1660 0.1660 0.1660 0.1660 0.1660 0.7263 0.1660 0.1660 0.7263 0.7263 0.1660 0.7263 0.7263 0.1660
103 028 285 205 0.1660 0.1660 0.1660 0.7263 0.7263 0.7263 0.7263 0.1660 0.1660 0.7263 0.1660 0.7263 0.7263 0.7263 0.1660 0.7263
028 285 205 310 0.7263 0.7263 0.7263 0.1660 0.1660 0.7263 0.1660 0.1660 0.1660 0.7263 0.1660 0.7263 0.7263 0.1660 0.7263 0.1660
285 205 310 232 0.7263 0.7263 0.7263 0.7263 0.1660 0.1660 0.1660 0.1660 0.1660 0.1660 0.1660 0.1660 0.7263 0.7263 0.1660 0.7263
205 310 232 127 0.1660 0.1660 0.1660 0.1660 0.1660 0.1660 0.7263 0.1660 0.1660 0.7263 0.1660 0.7263 0.7263 0.1660 0.1660 0.1660
310 232 127 169 0.1660 0.1660 0.1660 0.1660 0.1660 0.1660 0.1660 0.7263 0.7263 0.1660 0.1660 0.1660 0.7263 0.7263 0.1660 0.7263
232 127 169 121 0.1660 0.7263 0.7263 0.7263 0.1660 0.1660 0.1660 0.7263 0.7263 0.1660 0.7263 0.7263 0.7263 0.1660 0.1660 0.1660
127 169 121 332 0.7263 0.1660 0.1660 0.1660 0.7263 0.1660 0.1660 0.1660 0.7263 0.1660 0.7263 0.7263 0.1660 0.1660 0.7263 0.7263
169 121 332 036 0.1660 0.7263 0.7263 0.1660 0.1660 0.1660 0.1660 0.7263 0.1660 0.1660 0.7263 0.1660 0.7263 0.7263 0.7263 0.1660
121 332 036 273 0.7263 0.7263 0.1660 0.1660 0.7263 0.1660 0.7263 0.7263 0.7263 0.1660 0.7263 0.1660 0.1660 0.1660 0.1660 0.7263
332 036 273 234 0.7263 0.1660 0.7263 0.1660 0.7263 0.1660 0.1660 0.7263 0.1660 0.7263 0.7263 0.1660 0.1660 0.7263 0.1660 0.7263
036 273 234 082 0.1660 0.1660 0.7263 0.7263 0.7263 0.1660 0.1660 0.1660 0.1660 0.7263 0.7263 0.7263 0.1660 0.1660 0.1660 0.1660
273 234 082 164 0.7263 0.1660 0.7263 0.7263 0.1660 0.7263 0.7263 0.1660 0.7263 0.1660 0.1660 0.1660 0.1660 0.1660 0.7263 0.7263
234 082 164 071 0.1660 0.7263 0.7263 0.1660 0.1660 0.7263 0.7263 0.7263 0.1660 0.7263 0.1660 0.7263 0.1660 0.1660 0.7263 0.7263
082 164 071 147 0.7263 0.7263 0.1660 0.7263 0.1660 0.1660 0.7263 0.1660 0.1660 0.1660 0.7263 0.1660 0.7263 0.1660 0.1660 0.1660
164 071 147 080 0.1660 0.1660 0.1660 0.1660 0.7263 0.7263 0.7263 0.7263 0.1660 0.1660 0.1660 0.1660 0.7263 0.7263 0.1660 0.1660
071 147 080 168 0.7263 0.7263 0.1660 0.1660 0.7263 0.1660 0.1660 0.1660 0.7263 0.1660 0.7263 0.7263 0.1660 0.1660 0.1660 0.1660
147 080 168 116 0.7263 0.7263 0.7263 0.7263 0.7263 0.7263 0.1660 0.1660 0.7263 0.1660 0.1660 0.1660 0.1660 0.7263 0.1660 0.7263
080 168 116 181 0.1660 0.1660 0.7263 0.1660 0.1660 0.1660 0.7263 0.1660 0.1660 0.1660 0.1660 0.7263 0.7263 0.1660 0.1660 0.1660
168 116 181 296 0.7263 0.7263 0.1660 0.1660 0.7263 0.1660 0.7263 0.7263 0.1660 0.1660 0.7263 0.7263 0.7263 0.7263 0.7263 0.1660
116 181 296 091 0.1660 0.1660 0.7263 0.7263 0.7263 0.7263 0.1660 0.7263 0.1660 0.1660 0.1660 0.7263 0.7263 0.7263 0.1660 0.7263
181 296 091 086 0.1660 0.1660 0.1660 0.1660 0.1660 0.1660 0.1660 0.7263 0.7263 0.1660 0.1660 0.7263 0.7263 0.7263 0.1660 0.1660
296 091 086 191 0.1660 0.7263 0.1660 0.7263 0.7263 0.7263 0.1660 0.7263 0.7263 0.1660 0.7263 0.1660 0.7263 0.1660 0.7263 0.7263
091 086 191 089 0.7263 0.7263 0.7263 0.1660 0.7263 0.7263 0.7263 0.1660 0.1660 0.7263 0.1660 0.1660 0.1660 0.1660 0.7263 0.1660
086 191 089 170 0.7263 0.7263 0.7263 0.1660 0.7263 0.7263 0.1660 0.1660 0.7263 0.7263 0.1660 0.1660 0.7263 0.7263 0.1660 0.1660
191 089 170 179 0.7263 0.7263 0.1660 0.7263 0.1660 0.1660 0.7263 0.1660 0.1660 0.7263 0.1660 0.7263 0.7263 0.1660 0.7263 0.7263
089 170 179 157 0.7263 0.7263 0.7263 0.7263 0.7263 0.1660 0.1660 0.7263 0.1660 0.1660 0.7263 0.1660 0.1660 0.1660 0.7263 0.7263
170 179 157 084 0.7263 0.1660 0.7263 0.1660 0.7263 0.1660 0.7263 0.1660 0.7263 0.7263 0.7263 0.1660 0.7263 0.1660 0.7263 0.1660
179 157 084 246 0.1660 0.7263 0.7263 0.7263 0.1660 0.7263 0.7263 0.1660 0.7263 0.7263 0.1660 0.7263 0.1660 0.1660 0.7263 0.7263
157 084 246 165 0.7263 0.7263 0.1660 0.1660 0.1660 0.1660 0.7263 0.7263 0.1660 0.1660 0.7263 0.7263 0.1660 0.1660 0.1660 0.1660
084 246 165 240 0.1660 0.1660 0.1660 0.1660 0.7263 0.1660 0.1660 0.1660 0.7263 0.1660 0.7263 0.1660 0.7263 0.7263 0.1660 0.7263
246 165 240 094 0.7263 0.1660 0.7263 0.7263 0.7263 0.1660 0.1660 0.7263 0.7263 0.1660 0.7263 0.1660 0.7263 0.7263 0.1660 0.1660
165 240 094 047 0.7263 0.7263 0.7263 0.1660 0.1660 0.7263 0.1660 0.7263 0.7263 0.1660 0.7263 0.1660 0.7263 0.7263 0.7263 0.7263
240 094 047 167 0.1660 0.7263 0.7263 0.1660 0.7263 0.7263 0.7263 0.1660 0.7263 0.1660 0.1660 0.7263 0.7263 0.1660 0.1660 0.1660
094 047 167 140 0.7263 0.1660 0.7263 0.1660 0.7263 0.1660 0.1660 0.7263 0.1660 0.1660 0.1660 0.1660 0.7263 0.1660 0.1660 0.7263
047 167 140 063 0.1660 0.1660 0.7263 0.7263 0.1660 0.1660 0.7263 0.1660 0.1660 0.1660 0.7263 0.7263 0.7263 0.1660 0.7263 0.1660
167 140 063 221 0.1660 0.1660 0.1660 0.7263 0.1660 0.7263 0.7263 0.1660 0.1660 0.1660 0.7263 0.7263 0.1660 0.1660 0.1660 0.7263
140 063 221 109 0.7263 0.7263 0.1660 0.1660 0.7263 0.1660 0.7263 0.7263 0.1660 0.1660 0.7263 0.7263 0.1660 0.7263 0.7263 0.1660
063 221 109 137 0.7263 0.1660 0.1660 0.1660 0.7263 0.1660 0.1660 0.7263 0.7263 0.7263 0.7263 0.1660 0.7263 0.7263 0.1660 0.7263
221 109 137 216 0.7263 0.7263 0.7263 0.1660 0.7263 0.1660 0.7263 0.1660 0.7263 0.7263 0.7263 0.1660 0.7263 0.7263 0.1660 0.1660
109 137 216 065 0.7263 0.7263 0.1660 0.1660 0.1660 0.7263 0.1660 0.7263 0.7263 0.7263 0.7263 0.7263 0.7263 0.1660 0.7263 0.7263
137 216 065 326 0.1660 0.1660 0.1660 0.1660 0.7263 0.1660 0.7263 0.7263 0.1660 0.1660 0.1660 0.7263 0.1660 0.1660 0.1660 0.1660
216 065 326 009 0.1660 0.1660 0.7263 0.1660 0.7263 0.1660 0.1660 0.1660 0.7263 0.1660 0.1660 0.1660 0.7263 0.7263 0.7263 0.7263
065 326 009 138 0.1660 0.7263 0.7263 0.7263 0.7263 0.1660 0.1660 0.7263 0.7263 0.1660 0.7263 0.1660 0.1660 0.7263 0.1660 0.1660
326 009 138 243 0.1660 0.1660 0.7263 0.1660 0.7263 0.1660 0.1660 0.1660 0.1660 0.7263 0.7263 0.1660 0.1660 0.7263 0.1660 0.7263
009 138 243 027 0.1660 0.1660 0.7263 0.7263 0.7263 0.7263 0.7263 0.7263 0.1660 0.1660 0.1660 0.1660 0.7263 0.1660 0.7263 0.7263
138 243 027 322 0.7263 0.7263 0.7263 0.1660 0.7263 0.1660 0.7263 0.7263 0.1660 0.1660 0.1660 0.1660 0.7263 0.7263 0.7263 0.1660
243 027 322 039 0.1660 0.7263 0.7263 0.7263 0.1660 0.1660 0.1660 0.7263 0.7263 0.1660 0.1660 0.1660 0.1660 0.1660 0.7263 0.7263
027 322 039 139 0.1660 0.7263 0.1660 0.7263 0.1660 0.7263 0.1660 0.7263 0.7263 0.7263 0.7263 0.1660 0.1660 0.1660 0.1660 0.7263
322 039 139 211 0.1660 0.1660 0.1660 0.1660 0.1660 0.7263 0.7263 0.7263 0.7263 0.1660 0.7263 0.7263 0.7263 0.1660 0.1660 0.1660
039 139 211 203 0.7263 0.1660 0.7263 0.1660 0.1660 0.7263 0.1660 0.7263 0.1660 0.1660 0.1660 0.7263 0.7263 0.1660 0.7263 0.1660
139 211 203 336 0.1660 0.1660 0.7263 0.7263 0.7263 0.1660 0.7263 0.1660 0.7263 0.1660 0.7263 0.1660 0.7263 0.1660 0.7263 0.1660
211 203 336 312 0.1660 0.7263 0.7263 0.7263 0.7263 0.7263 0.7263 0.1660 0.1660 0.7263 0.1660 0.7263 0.7263 0.1660 0.1660 0.7263
203 336 312 012 0.1660 0.1660 0.7263 0.7263 0.7263 0.1660 0.7263 0.1660 0.7263 0.1660 0.7263 0.1660 0.1660 0.1660 0.7263 0.7263
336 312 012 010 0.1660 0.7263 0.7263 0.7263 0.7263 0.7263 0.7263 0.7263 0.7263 0.1660 0.7263 0.1660 0.1660 0.1660 0.1660 0.1660
312 012 010 272 0.7263 0.1660 0.7263 0.1660 0.7263 0.1660 0.1660 0.7263 0.7263 0.7263 0.1660 0.1660 0.7263 0.1660 0.7263 0.1660
012 010 272 283 0.1660 0.1660 0.7263 0.1660 0.7263 0.1660 0.1660 0.1660 0.7263 0.1660 0.1660 0.7263 0.7263 0.7263 0.1660 0.1660
010 272 283 286 0.7263 0.1660 0.1660 0.7263 0.7263 0.1660 0.7263 0.1660 0.1660 0.7263 0.1660 0.7263 0.7263 0.7263 0.7263 0.7263
272 283 286 059 0.7263 0.1660 0.1660 0.7263 0.1660 0.7263 0.7263 0.1660 0.7263 0.1660 0.1660 0.1660 0.1660 0.1660 0.1660 0.7263
283 286 059 192 0.7263 0.1660 0.7263 0.1660 0.1660 0.1660 0.7263 0.7263 0.1660 0.7263 0.7263 0.7263 0.7263 0.7263 0.7263 0.7263
286 059 192 250 0.7263 0.7263 0.1660 0.1660 0.7263 0.7263 0.1660 0.1660 0.1660 0.1660 0.1660 0.1660 0.7263 0.1660 0.1660 0.1660
059 192 250 068 0.1660 0.7263 0.7263 0.1660 0.7263 0.1660 0.1660 0.7263 0.7263 0.7263 0.7263 0.1660 0.7263 0.1660 0.7263 0.7263
192 250 068 159 0.1660 0.7263 0.1660 0.1660 0.1660 0.7263 0.7263 0.1660 0.7263 0.7263 0.7263 0.1660 0.7263 0.1660 0.7263 0.1660
250 068 159 083 0.7263 0.1660 0.7263 0.1660 0.7263 0.1660 0.1660 0.1660 0.1660 0.1660 0.7263 0.1660 0.7263 0.1660 0.7263 0.1660
068 159 083 290 0.7263 0.7263 0.7263 0.7263 0.1660 0.1660 0.7263 0.7263 0.1660 0.1660 0.7263 0.7263 0.7263 0.7263 0.1660 0.7263
159 083 290 329 0.7263 0.7263 0.7263 0.7263 0.1660 0.1660 0.7263 0.1660 0.1660 0.7263 0.7263 0.7263 0.1660 0.7263 0.7263 0.1660
083 290 329 156 0.7263 0.7263 0.7263 0.1660 0.1660 0.1660 0.1660 0.7263 0.7263 0.7263 0.1660 0.7263 0.1660 0.1660 0.1660 0.7263
290 329 156 054 0.7263 0.1660 0.7263 0.1660 0.1660 0.7263 0.1660 0.1660 0.1660 0.7263 0.1660 0.7263 0.7263 0.1660 0.1660 0.1660
329 156 054 308 0.1660 0.7263 0.7263 0.7263 0.1660 0.1660 0.1660 0.1660 0.1660 0.1660 0.7263 0.7263 0.1660 0.7263 0.7263 0.1660
156 054 308 051 0.1660 0.1660 0.7263 0.1660 0.7263 0.7263 0.1660 0.7263 0.1660 0.7263 0.1660 0.7263 0.7263 0.7263 0.1660 0.1660
054 308 051 266 0.7263 0.1660 0.1660 0.1660 0.1660 0.7263 0.7263 0.1660 0.1660 0.1660 0.7263 0.7263 0.7263 0.1660 0.1660 0.7263
308 051 266 049 0.1660 0.1660 0.1660 0.1660 0.7263 0.7263 0.1660 0.1660 0.7263 0.1660 0.7263 0.7263 0.1660 0.1660 0.7263 0.7263
051 266 049 294 0.1660 0.1660 0.7263 0.7263 0.7263 0.1660 0.1660 0.7263 0.1660 0.1660 0.1660 0.1660 0.1660 0.1660 0.7263 0.7263
266 049 294 299 0.7263 0.1660 0.7263 0.1660 0.7263 0.7263 0.7263 0.1660 0.7263 0.7263 0.7263 0.7263 0.1660 0.7263 0.7263 0.1660
049 294 299 245 0.1660 0.7263 0.1660 0.7263 0.1660 0.1660 0.1660 0.1660 0.7263 0.1660 0.7263 0.7263 0.7263 0.1660 0.1660 0.1660
294 299 245 171 0.1660 0.1660 0.1660 0.7263 0.1660 0.1660 0.1660 0.1660 0.7263 0.1660 0.7263 0.1660 0.7263 0.1660 0.1660 0.1660
299 245 171 202 0.1660 0.1660 0.7263 0.7263 0.7263 0.7263 0.7263 0.7263 0.1660 0.7263 0.1660 0.7263 0.1660 0.7263 0.1660 0.1660
245 171 202 076 0.1660 0.1660 0.1660 0.7263 0.1660 0.7263 0.7263 0.7263 0.1660 0.1660 0.1660 0.1660 0.7263 0.7263 0.7263 0.7263
171 202 076 034 0.7263 0.1660 0.1660 0.1660 0.1660 0.7263 0.1660 0.1660 0.1660 0.1660 0.1660 0.7263 0.1660 0.7263 0.1660 0.7263
202 076 034 050 0.1660 0.7263 0.1660 0.1660 0.7263 0.7263 0.1660 0.1660 0.7263 0.1660 0.1660 0.1660 0.1660 0.7263 0.7263 0.1660
076 034 050 311 0.1660 0.7263 0.1660 0.7263 0.7263 0.7263 0.7263 0.7263 0.7263 0.7263 0.1660 0.7263 0.7263 0.7263 0.1660 0.1660
034 050 311 287 0.1660 0.7263 0.7263 0.1660 0.7263 0.1660 0.1660 0.1660 0.1660 0.1660 0.7263 0.1660 0.7263 0.7263 0.1660 0.7263
050 311 287 032 0.7263 0.1660 0.1660 0.1660 0.7263 0.1660 0.1660 0.1660 0.1660 0.7263 0.7263 0.1660 0.7263 0.7263 0.1660 0.7263
311 287 032 344 0.1660 0.1660 0.7263 0.1660 0.7263 0.1660 0.1660 0.1660 0.7263 0.7263 0.7263 0.1660 0.1660 0.1660 0.7263 0.7263
287 032 344 148 0.7263 0.7263 0.7263 0.7263 0.1660 0.1660 0.7263 0.7263 0.7263 0.1660 0.1660 0.1660 0.7263 0.7263 0.7263 0.1660
032 344 148 102 0.1660 0.7263 0.1660 0.1660 0.1660 0.1660 0.7263 0.1660 0.1660 0.7263 0.1660 0.7263 0.7263 0.1660 0.1660 0.1660
344 148 102 162 0.7263 0.1660 0.7263 0.7263 0.7263 0.1660 0.7263 0.1660 0.7263 0.7263 0.7263 0.1660 0.1660 0.1660 0.7263 0.1660
148 102 162 142 0.1660 0.7263 0.1660 0.1660 0.7263 0.1660 0.7263 0.1660 0.7263 0.1660 0.1660 0.7263 0.7263 0.1660 0.1660 0.7263
102 162 142 046 0.7263 0.7263 0.7263 0.7263 0.7263 0.1660 0.1660 0.7263 0.1660 0.7263 0.1660 0.1660 0.1660 0.7263 0.7263 0.1660
162 142 046 301 0.1660 0.7263 0.7263 0.7263 0.1660 0.7263 0.7263 0.7263 0.1660 0.7263 0.1660 0.7263 0.1660 0.1660 0.7263 0.1660
142 046 301 201 0.1660 0.7263 0.7263 0.1660 0.7263 0.7263 0.1660 0.1660 0.1660 0.1660 0.1660 0.7263 0.1660 0.7263 0.7263 0.1660
046 301 201 090 0.7263 0.7263 0.7263 0.7263 0.1660 0.1660 0.7263 0.1660 0.1660 0.7263 0.1660 0.1660 0.1660 0.7263 0.1660 0.1660
301 201 090 053 0.7263 0.7263 0.7263 0.1660 0.7263 0.1660 0.7263 0.7263 0.1660 0.1660 0.1660 0.1660 0.7263 0.1660 0.7263 0.1660
201 090 053 016 0.1660 0.7263 0.7263 0.1660 0.7263 0.1660 0.7263 0.1660 0.1660 0.7263 0.1660 0.1660 0.7263 0.1660 0.1660 0.1660
090 053 016 206 0.7263 0.7263 0.7263 0.7263 0.7263 0.7263 0.1660 0.7263 0.1660 0.7263 0.1660 0.7263 0.1660 0.1660 0.7263 0.1660
053 016 206 189 0.1660 0.1660 0.1660 0.1660 0.1660 0.7263 0.7263 0.7263 0.1660 0.1660 0.1660 0.7263 0.7263 0.1660 0.7263 0.1660
016 206 189 177 0.1660 0.7263 0.7263 0.1660 0.7263 0.1660 0.1660 0.7263 0.7263 0.1660 0.7263 0.1660 0.1660 0.1660 0.7263 0.1660
206 189 177 260 0.7263 0.1660 0.7263 0.1660 0.7263 0.1660 0.7263 0.1660 0.7263 0.7263 0.1660 0.1660 0.7263 0.7263 0.7263 0.1660
189 177 260 155 0.7263 0.7263 0.7263 0.7263 0.1660 0.1660 0.1660 0.7263 0.1660 0.1660 0.7263 0.7263 0.7263 0.7263 0.1660 0.7263
177 260 155 353 0.7263 0.7263 0.1660 0.7263 0.1660 0.1660 0.1660 0.1660 0.7263 0.1660 0.7263 0.1660 0.1660 0.7263 0.1660 0.1660
260 155 353 340 0.1660 0.7263 0.7263 0.1660 0.1660 0.1660 0.1660 0.1660 0.1660 0.7263 0.1660 0.1660 0.7263 0.1660 0.7263 0.7263
155 353 340 108 0.1660 0.1660 0.1660 0.1660 0.1660 0.1660 0.1660 0.7263 0.1660 0.7263 0.1660 0.1660 0.7263 0.1660 0.1660 0.1660
353 340 108 228 0.7263 0.1660 0.7263 0.7263 0.1660 0.1660 0.7263 0.1660 0.7263 0.1660 0.1660 0.1660 0.1660 0.7263 0.1660 0.7263
340 108 228 343 0.1660 0.7263 0.1660 0.7263 0.1660 0.7263 0.1660 0.1660 0.7263 0.7263 0.1660 0.7263 0.1660 0.1660 0.1660 0.7263
108 228 343 057 0.1660 0.1660 0.1660 0.7263 0.1660 0.7263 0.7263 0.7263 0.7263 0.7263 0.1660 0.7263 0.1660 0.7263 0.1660 0.7263
228 343 057 230 0.1660 0.7263 0.7263 0.1660 0.1660 0.7263 0.7263 0.7263 0.1660 0.1660 0.7263 0.7263 0.1660 0.7263 0.7263 0.1660
343 057 230 166 0.7263 0.7263 0.7263 0.7263 0.7263 0.7263 0.1660 0.1660 0.7263 0.1660 0.1660 0.7263 0.1660 0.1660 0.1660 0.1660
057 230 166 105 0.1660 0.1660 0.7263 0.7263 0.1660 0.7263 0.1660 0.1660 0.1660 0.7263 0.1660 0.1660 0.1660 0.1660 0.7263 0.1660
230 166 105 341 0.7263 0.1660 0.1660 0.7263 0.1660 0.1660 0.1660 0.7263 0.7263 0.1660 0.1660 0.7263 0.7263 0.1660 0.7263 0.7263
166 105 341 314 0.1660 0.7263 0.7263 0.1660 0.7263 0.7263 0.1660 0.7263 0.1660 0.7263 0.7263 0.7263 0.1660 0.7263 0.1660 0.1660
105 341 314 104 0.1660 0.1660 0.1660 0.1660 0.7263 0.1660 0.7263 0.1660 0.7263 0.7263 0.7263 0.7263 0.1660 0.1660 0.1660 0.1660
341 314 104 075 0.7263 0.7263 0.1660 0.7263 0.7263 0.7263 0.1660 0.7263 0.1660 0.1660 0.7263 0.7263 0.1660 0.7263 0.1660 0.1660
314 104 075 210 0.1660 0.7263 0.1660 0.7263 0.1660 0.7263 0.1660 0.7263 0.1660 0.7263 0.1660 0.1660 0.1660 0.1660 0.1660 0.7263
104 075 210 280 0.7263 0.1660 0.7263 0.7263 0.1660 0.7263 0.7263 0.7263 0.7263 0.7263 0.1660 0.7263 0.7263 0.7263 0.7263 0.7263
075 210 280 099 0.1660 0.1660 0.7263 0.1660 0.1660 0.7263 0.1660 0.1660 0.7263 0.7263 0.1660 0.1660 0.1660 0.7263 0.1660 0.1660
210 280 099 118 0.1660 0.1660 0.7263 0.1660 0.1660 0.7263 0.7263 0.7263 0.1660 0.1660 0.1660 0.1660 0.1660 0.7263 0.7263 0.1660
280 099 118 158 0.1660 0.1660 0.1660 0.7263 0.7263 0.1660 0.1660 0.1660 0.1660 0.7263 0.7263 0.1660 0.1660 0.1660 0.7263 0.1660
099 118 158 352 0.1660 0.1660 0.7263 0.7263 0.7263 0.7263 0.1660 0.1660 0.7263 0.7263 0.1660 0.1660 0.7263 0.1660 0.7263 0.1660
118 158 352 270 0.1660 0.1660 0.7263 0.1660 0.1660 0.7263 0.7263 0.1660 0.7263 0.1660 0.7263 0.1660 0.1660 0.1660 0.7263 0.1660
158 352 270 242 0.1660 0.7263 0.7263 0.7263 0.1660 0.1660 0.7263 0.7263 0.7263 0.1660 0.1660 0.7263 0.1660 0.7263 0.1660 0.7263
352 270 242 288 0.7263 0.7263 0.7263 0.1660 0.1660 0.1660 0.1660 0.7263 0.1660 0.1660 0.7263 0.7263 0.1660 0.7263 0.1660 0.7263
270 242 288 333 0.1660 0.1660 0.1660 0.1660 0.7263 0.1660 0.1660 0.1660 0.1660 0.1660 0.7263 0.7263 0.7263 0.7263 0.7263 0.1660
242 288 333 190 0.1660 0.1660 0.1660 0.1660 0.1660 0.1660 0.7263 0.7263 0.1660 0.1660 0.7263 0.7263 0.1660 0.7263 0.1660 0.7263
288 333 190 244 0.7263 0.7263 0.7263 0.7263 0.7263 0.1660 0.1660 0.1660 0.1660 0.1660 0.7263 0.1660 0.7263 0.1660 0.7263 0.7263
333 190 244 305 0.7263 0.1660 0.7263 0.7263 0.7263 0.1660 0.7263 0.7263 0.1660 0.7263 0.7263 0.7263 0.7263 0.7263 0.7263 0.7263
190 244 305 128 0.7263 0.1660 0.1660 0.1660 0.1660 0.7263 0.1660 0.7263 0.1660 0.1660 0.7263 0.1660 0.7263 0.7263 0.7263 0.7263
244 305 128 014 0.7263 0.1660 0.1660 0.7263 0.1660 0.1660 0.1660 0.1660 0.1660 0.7263 0.1660 0.1660 0.1660 0.7263 0.7263 0.7263
305 128 014 035 0.1660 0.1660 0.1660 0.7263 0.1660 0.1660 0.1660 0.1660 0.1660 0.7263 0.1660 0.7263 0.1660 0.1660 0.1660 0.1660
128 014 035 204 0.1660 0.7263 0.1660 0.1660 0.1660 0.1660 0.1660 0.7263 0.1660 0.7263 0.1660 0.1660 0.1660 0.1660 0.7263 0.7263
014 035 204 248 0.1660 0.7263 0.1660 0.1660 0.1660 0.1660 0.1660 0.7263 0.7263 0.1660 0.7263 0.7263 0.1660 0.7263 0.7263 0.1660
035 204 248 227 0.1660 0.7263 0.7263 0.7263 0.1660 0.1660 0.7263 0.1660 0.1660 0.7263 0.7263 0.1660 0.1660 0.1660 0.1660 0.7263
204 248 227 023 0.7263 0.7263 0.7263 0.7263 0.1660 0.7263 0.7263 0.1660 0.7263 0.7263 0.7263 0.1660 0.7263 0.7263 0.1660 0.1660
248 227 023 107 0.7263 0.1660 0.1660 0.1660 0.1660 0.7263 0.1660 0.7263 0.1660 0.7263 0.7263 0.7263 0.1660 0.1660 0.1660 0.7263
227 023 107 318 0.7263 0.7263 0.7263 0.7263 0.1660 0.1660 0.7263 0.7263 0.1660 0.1660 0.1660 0.7263 0.7263 0.7263 0.7263 0.7263
023 107 318 320 0.1660 0.7263 0.7263 0.1660 0.7263 0.7263 0.7263 0.1660 0.7263 0.7263 0.7263 0.1660 0.7263 0.7263 0.1660 0.1660
107 318 320 160 0.1660 0.7263 0.1660 0.7263 0.1660 0.1660 0.7263 0.1660 0.7263 0.7263 0.1660 0.7263 0.1660 0.7263 0.7263 0.7263
318 320 160 088 0.1660 0.7263 0.1660 0.1660 0.1660 0.1660 0.7263 0.1660 0.7263 0.7263 0.7263 0.1660 0.1660 0.1660 0.1660 0.7263
320 160 088 176 0.1660 0.7263 0.1660 0.1660 0.7263 0.7263 0.7263 0.1660 0.7263 0.1660 0.7263 0.1660 0.7263 0.7263 0.7263 0.7263
160 088 176 064 0.1660 0.1660 0.1660 0.1660 0.1660 0.1660 0.7263 0.7263 0.7263 0.1660 0.7263 0.1660 0.1660 0.7263 0.1660 0.1660
088 176 064 132 0.1660 0.1660 0.7263 0.1660 0.1660 0.1660 0.1660 0.1660 0.7263 0.7263 0.1660 0.1660 0.7263 0.7263 0.1660 0.1660
176 064 132 129 0.7263 0.1660 0.7263 0.7263 0.1660 0.7263 0.1660 0.1660 0.7263 0.1660 0.1660 0.7263 0.1660 0.7263 0.1660 0.1660
064 132 129 263 0.1660 0.1660 0.7263 0.1660 0.7263 0.1660 0.1660 0.1660 0.1660 0.1660 0.1660 0.7263 0.1660 0.1660 0.1660 0.1660
132 129 263 223 0.1660 0.1660 0.1660 0.1660 0.1660 0.1660 0.1660 0.7263 0.1660 0.1660 0.1660 0.7263 0.1660 0.7263 0.1660 0.7263
129 263 223 037 0.7263 0.1660 0.7263 0.1660 0.1660 0.7263 0.7263 0.7263 0.1660 0.7263 0.7263 0.7263 0.7263 0.1660 0.1660 0.7263
263 223 037 172 0.1660 0.7263 0.1660 0.7263 0.1660 0.1660 0.7263 0.1660 0.7263 0.1660 0.1660 0.7263 0.7263 0.1660 0.1660 0.1660
223 037 172 303 0.1660 0.1660 0.7263 0.1660 0.1660 0.1660 0.1660 0.1660 0.7263 0.1660 0.7263 0.1660 0.1660 0.1660 0.7263 0.7263
037 172 303 224 0.1660 0.7263 0.7263 0.1660 0.1660 0.1660 0.1660 0.1660 0.7263 0.7263 0.1660 0.7263 0.1660 0.1660 0.1660 0.1660
172 303 224 209 0.7263 0.7263 0.7263 0.1660 0.7263 0.7263 0.1660 0.1660 0.7263 0.7263 0.7263 0.7263 0.1660 0.1660 0.1660 0.7263
303 224 209 095 0.1660 0.7263 0.1660 0.7263 0.1660 0.1660 0.7263 0.7263 0.7263 0.1660 0.7263 0.1660 0.7263 0.7263 0.1660 0.7263
224 209 095 297 0.1660 0.1660 0.7263 0.1660 0.1660 0.1660 0.1660 0.7263 0.1660 0.7263 0.1660 0.1660 0.7263 0.1660 0.1660 0.7263
209 095 297 042 0.1660 0.1660 0.7263 0.1660 0.1660 0.1660 0.7263 0.7263 0.1660 0.7263 0.1660 0.1660 0.1660 0.7263 0.7263 0.1660
095 297 042 198 0.7263 0.1660 0.1660 0.1660 0.7263 0.1660 0.7263 0.7263 0.7263 0.7263 0.1660 0.1660 0.7263 0.7263 0.1660 0.1660
297 042 198 253 0.7263 0.7263 0.7263 0.1660 0.7263 0.7263 0.7263 0.1660 0.7263 0.7263 0.7263 0.1660 0.7263 0.1660 0.1660 0.7263
042 198 253 085 0.1660 0.1660 0.1660 0.7263 0.7263 0.1660 0.1660 0.1660 0.1660 0.1660 0.1660 0.1660 0.1660 0.7263 0.1660 0.1660
198 253 085 279 0.7263 0.7263 0.7263 0.1660 0.1660 0.7263 0.7263 0.7263 0.1660 0.7263 0.7263 0.7263 0.1660 0.7263 0.7263 0.1660
253 085 279 112 0.1660 0.1660 0.1660 0.1660 0.7263 0.1660 0.1660 0.1660 0.7263 0.1660 0.1660 0.7263 0.1660 0.7263 0.1660 0.7263
085 279 112 152 0.1660 0.1660 0.7263 0.7263 0.7263 0.1660 0.7263 0.7263 0.1660 0.1660 0.1660 0.1660 0.7263 0.7263 0.1660 0.7263
279 112 152 259 0.7263 0.7263 0.7263 0.7263 0.1660 0.1660 0.7263 0.7263 0.7263 0.1660 0.7263 0.7263 0.7263 0.1660 0.7263 0.1660
112 152 259 044 0.7263 0.7263 0.7263 0.7263 0.1660 0.7263 0.1660 0.1660 0.7263 0.1660 0.1660 0.7263 0.1660 0.7263 0.7263 0.7263
152 259 044 110 0.7263 0.1660 0.7263 0.7263 0.7263 0.7263 0.7263 0.1660 0.1660 0.7263 0.1660 0.7263 0.1660 0.1660 0.7263 0.1660
259 044 110 282 0.7263 0.7263 0.7263 0.1660 0.1660 0.1660 0.1660 0.7263 0.7263 0.7263 0.1660 0.1660 0.7263 0.7263 0.7263 0.7263
044 110 282 097 0.7263 0.1660 0.1660 0.7263 0.7263 0.7263 0.1660 0.7263 0.7263 0.1660 0.7263 0.1660 0.7263 0.7263 0.1660 0.7263
110 282 097 316 0.1660 0.7263 0.7263 0.1660 0.1660 0.1660 0.7263 0.7263 0.1660 0.7263 0.1660 0.1660 0.7263 0.7263 0.7263 0.1660
282 097 316 077 0.1660 0.7263 0.7263 0.7263 0.7263 0.1660 0.1660 0.7263 0.1660 0.7263 0.1660 0.1660 0.7263 0.7263 0.7263 0.7263
097 316 077 215 0.7263 0.7263 0.7263 0.7263 0.7263 0.1660 0.7263 0.7263 0.7263 0.1660 0.7263 0.7263 0.1660 0.1660 0.1660 0.1660
316 077 215 337 0.7263 0.7263 0.1660 0.7263 0.7263 0.1660 0.1660 0.7263 0.1660 0.1660 0.7263 0.1660 0.7263 0.7263 0.7263 0.7263
077 215 337 066 0.1660 0.1660 0.7263 0.7263 0.1660 0.1660 0.1660 0.1660 0.1660 0.1660 0.1660 0.1660 0.7263 0.7263 0.1660 0.1660
215 337 066 249 0.1660 0.7263 0.7263 0.7263 0.1660 0.1660 0.1660 0.1660 0.7263 0.7263 0.7263 0.1660 0.1660 0.1660 0.1660 0.7263
337 066 249 031 0.7263 0.7263 0.1660 0.7263 0.1660 0.1660 0.7263 0.1660 0.1660 0.7263 0.1660 0.7263 0.1660 0.7263 0.1660 0.7263
066 249 031 081 0.1660 0.7263 0.7263 0.7263 0.7263 0.7263 0.7263 0.7263 0.1660 0.7263 0.7263 0.7263 0.7263 0.1660 0.7263 0.1660
249 031 081 335 0.7263 0.7263 0.7263 0.7263 0.7263 0.7263 0.7263 0.7263 0.7263 0.7263 0.7263 0.1660 0.1660 0.1660 0.1660 0.7263
031 081 335 120 0.1660 0.1660 0.1660 0.1660 0.1660 0.1660 0.1660 0.7263 0.1660 0.1660 0.7263 0.1660 0.1660 0.7263 0.7263 0.7263
081 335 120 220 0.1660 0.7263 0.7263 0.7263 0.1660 0.1660 0.1660 0.7263 0.1660 0.7263 0.7263 0.1660 0.7263 0.1660 0.1660 0.1660
335 120 220 043 0.1660 0.1660 0.1660 0.1660 0.7263 0.7263 0.7263 0.1660 0.1660 0.1660 0.1660 0.7263 0.1660 0.1660 0.7263 0.7263
120 220 043 257 0.1660 0.1660 0.7263 0.7263 0.1660 0.1660 0.7263 0.1660 0.7263 0.1660 0.7263 0.1660 0.1660 0.7263 0.1660 0.7263
220 043 257 327 0.1660 0.7263 0.1660 0.7263 0.1660 0.1660 0.1660 0.1660 0.1660 0.7263 0.7263 0.1660 0.1660 0.7263 0.7263 0.1660
043 257 327 144 0.7263 0.7263 0.7263 0.1660 0.1660 0.7263 0.1660 0.7263 0.1660 0.1660 0.1660 0.1660 0.1660 0.7263 0.1660 0.1660
257 327 144 347 0.1660 0.1660 0.1660 0.1660 0.1660 0.7263 0.1660 0.1660 0.1660 0.7263 0.1660 0.1660 0.7263 0.7263 0.1660 0.7263
327 144 347 030 0.1660 0.7263 0.7263 0.7263 0.7263 0.1660 0.7263 0.1660 0.1660 0.7263 0.1660 0.7263 0.7263 0.7263 0.7263 0.1660
144 347 030 074 0.1660 0.7263 0.7263 0.1660 0.7263 0.1660 0.1660 0.7263 0.7263 0.7263 0.7263 0.7263 0.7263 0.1660 0.1660 0.7263
347 030 074 141 0.1660 0.1660 0.7263 0.1660 0.1660 0.7263 0.1660 0.1660 0.1660 0.1660 0.7263 0.7263 0.1660 0.1660 0.1660 0.7263
030 074 141 235 0.7263 0.1660 0.1660 0.1660 0.1660 0.1660 0.1660 0.7263 0.1660 0.7263 0.7263 0.7263 0.7263 0.7263 0.1660 0.7263
074 141 235 276 0.1660 0.7263 0.7263 0.7263 0.7263 0.1660 0.1660 0.1660 0.1660 0.7263 0.1660 0.1660 0.1660 0.7263 0.7263 0.1660
141 235 276 268 0.1660 0.1660 0.7263 0.1660 0.7263 0.7263 0.7263 0.1660 0.7263 0.1660 0.7263 0.1660 0.1660 0.7263 0.1660 0.7263
235 276 268 002 0.7263 0.1660 0.1660 0.1660 0.1660 0.7263 0.7263 0.7263 0.1660 0.1660 0.7263 0.7263 0.7263 0.7263 0.7263 0.1660
276 268 002 145 0.1660 0.1660 0.1660 0.7263 0.1660 0.1660 0.7263 0.1660 0.1660 0.1660 0.7263 0.1660 0.7263 0.7263 0.7263 0.1660
268 002 145 005 0.7263 0.7263 0.7263 0.1660 0.1660 0.1660 0.1660 0.1660 0.1660 0.7263 0.7263 0.7263 0.1660 0.7263 0.1660 0.7263
002 145 005 304 0.1660 0.1660 0.1660 0.1660 0.1660 0.1660 0.1660 0.1660 0.1660 0.1660 0.7263 0.7263 0.7263 0.7263 0.1660 0.1660
145 005 304 033 0.1660 0.1660 0.1660 0.7263 0.7263 0.7263 0.1660 0.1660 0.1660 0.7263 0.7263 0.1660 0.7263 0.1660 0.1660 0.1660
005 304 033 096 0.7263 0.1660 0.1660 0.1660 0.7263 0.1660 0.1660 0.7263 0.1660 0.7263 0.1660 0.7263 0.7263 0.7263 0.1660 0.1660
304 033 096 126 0.7263 0.7263 0.7263 0.1660 0.1660 0.7263 0.1660 0.1660 0.1660 0.1660 0.7263 0.7263 0.7263 0.1660 0.7263 0.7263
033 096 126 006 0.1660 0.7263 0.7263 0.1660 0.7263 0.1660 0.1660 0.7263 0.7263 0.1660 0.1660 0.7263 0.1660 0.7263 0.1660 0.1660
096 126 006 275 0.1660 0.7263 0.1660 0.1660 0.1660 0.7263 0.7263 0.7263 0.7263 0.1660 0.1660 0.1660 0.1660 0.7263 0.1660 0.7263
126 006 275 114 0.1660 0.7263 0.7263 0.7263 0.1660 0.1660 0.7263 0.1660 0.7263 0.7263 0.7263 0.7263 0.7263 0.1660 0.7263 0.7263
006 275 114 331 0.1660 0.1660 0.1660 0.1660 0.7263 0.1660 0.1660 0.7263 0.7263 0.7263 0.1660 0.7263 0.7263 0.1660 0.7263 0.1660
275 114 331 061 0.1660 0.7263 0.7263 0.7263 0.1660 0.1660 0.7263 0.7263 0.7263 0.1660 0.1660 0.7263 0.1660 0.1660 0.1660 0.1660
114 331 061 212 0.7263 0.1660 0.1660 0.7263 0.7263 0.7263 0.1660 0.1660 0.7263 0.1660 0.7263 0.1660 0.7263 0.1660 0.1660 0.1660
331 061 212 011 0.7263 0.1660 0.1660 0.1660 0.7263 0.1660 0.1660 0.7263 0.7263 0.7263 0.1660 0.7263 0.1660 0.7263 0.1660 0.1660
061 212 011 349 0.1660 0.7263 0.1660 0.7263 0.7263 0.1660 0.7263 0.7263 0.7263 0.1660 0.1660 0.7263 0.7263 0.7263 0.7263 0.7263
212 011 349 217 0.1660 0.7263 0.1660 0.7263 0.1660 0.7263 0.1660 0.1660 0.1660 0.1660 0.1660 0.7263 0.1660 0.7263 0.7263 0.1660
011 349 217 328 0.1660 0.1660 0.1660 0.1660 0.7263 0.7263 0.7263 0.7263 0.7263 0.7263 0.1660 0.7263 0.7263 0.7263 0.7263 0.7263
349 217 328 229 0.1660 0.1660 0.1660 0.7263 0.7263 0.7263 0.1660 0.7263 0.1660 0.1660 0.1660 0.7263 0.7263 0.7263 0.1660 0.1660
217 328 229 236 0.1660 0.7263 0.1660 0.7263 0.1660 0.7263 0.7263 0.1660 0.7263 0.7263 0.7263 0.1660 0.7263 0.1660 0.7263 0.7263
328 229 236 348 0.7263 0.1660 0.1660 0.7263 0.7263 0.1660 0.1660 0.1660 0.1660 0.1660 0.1660 0.1660 0.7263 0.7263 0.1660 0.1660
229 236 348 208 0.1660 0.1660 0.7263 0.1660 0.1660 0.7263 0.1660 0.7263 0.7263 0.1660 0.1660 0.1660 0.7263 0.7263 0.7263 0.7263
236 348 208 269 0.1660 0.7263 0.1660 0.1660 0.1660 0.7263 0.1660 0.1660 0.1660 0.7263 0.1660 0.7263 0.7263 0.1660 0.7263 0.7263
348 208 269 017 0.1660 0.7263 0.1660 0.7263 0.1660 0.1660 0.7263 0.1660 0.1660 0.7263 0.7263 0.1660 0.1660 0.1660 0.1660 0.7263
208 269 017 175 0.1660 0.7263 0.7263 0.1660 0.1660 0.7263 0.1660 0.1660 0.1660 0.7263 0.7263 0.1660 0.7263 0.1660 0.7263 0.7263
269 017 175 188 0.7263 0.1660 0.1660 0.1660 0.1660 0.1660 0.7263 0.1660 0.7263 0.7263 0.1660 0.1660 0.7263 0.7263 0.1660 0.1660
017 175 188 194 0.7263 0.7263 0.7263 0.7263 0.1660 0.7263 0.7263 0.7263 0.7263 0.1660 0.7263 0.7263 0.1660 0.1660 0.1660 0.1660
175 188 194 106 0.1660 0.7263 0.1660 0.7263 0.7263 0.1660 0.1660 0.7263 0.1660 0.7263 0.7263 0.1660 0.7263 0.7263 0.7263 0.7263
188 194 106 069 0.7263 0.7263 0.1660 0.7263 0.7263 0.1660 0.1660 0.1660 0.7263 0.7263 0.7263 0.1660 0.1660 0.7263 0.1660 0.7263
194 106 069 136 0.1660 0.7263 0.7263 0.7263 0.1660 0.1660 0.7263 0.7263 0.1660 0.7263 0.7263 0.7263 0.7263 0.1660 0.7263 0.7263
106 069 136 302 0.1660 0.1660 0.1660 0.1660 0.1660 0.7263 0.1660 0.7263 0.1660 0.1660 0.7263 0.7263 0.1660 0.7263 0.7263 0.1660
069 136 302 078 0.1660 0.1660 0.7263 0.7263 0.7263 0.7263 0.1660 0.7263 0.1660 0.7263 0.1660 0.1660 0.7263 0.7263 0.7263 0.1660
136 302 078 067 0.1660 0.7263 0.1660 0.1660 0.7263 0.7263 0.1660 0.1660 0.7263 0.1660 0.7263 0.1660 0.1660 0.7263 0.7263 0.1660
302 078 067 342 0.7263 0.1660 0.7263 0.7263 0.1660 0.7263 0.7263 0.1660 0.1660 0.1660 0.7263 0.1660 0.7263 0.7263 0.1660 0.1660
078 067 342 292 0.7263 0.1660 0.1660 0.1660 0.7263 0.7263 0.1660 0.1660 0.7263 0.1660 0.7263 0.7263 0.7263 0.1660 0.7263 0.1660
067 342 292 252 0.1660 0.1660 0.1660 0.7263 0.1660 0.7263 0.1660 0.1660 0.7263 0.7263 0.7263 0.7263 0.7263 0.7263 0.1660 0.7263
342 292 252 029 0.7263 0.7263 0.7263 0.7263 0.7263 0.1660 0.7263 0.1660 0.7263 0.1660 0.7263 0.7263 0.7263 0.1660 0.7263 0.7263
292 252 029 020 0.7263 0.7263 0.7263 0.7263 0.1660 0.7263 0.1660 0.1660 0.7263 0.1660 0.7263 0.1660 0.7263 0.7263 0.7263 0.7263
252 029 020 295 0.7263 0.1660 0.1660 0.7263 0.7263 0.1660 0.7263 0.7263 0.7263 0.7263 0.1660 0.7263 0.1660 0.1660 0.7263 0.7263
029 020 295 339 0.7263 0.1660 0.7263 0.1660 0.1660 0.1660 0.1660 0.1660 0.1660 0.7263 0.1660 0.7263 0.1660 0.1660 0.7263 0.1660
020 295 339 153 0.7263 0.1660 0.1660 0.7263 0.1660 0.1660 0.1660 0.7263 0.1660 0.1660 0.1660 0.1660 0.7263 0.7263 0.7263 0.1660
295 339 153 119 0.7263 0.7263 0.1660 0.7263 0.1660 0.7263 0.1660 0.1660 0.1660 0.7263 0.7263 0.7263 0.1660 0.1660 0.7263 0.7263
339 153 119 100 0.7263 0.1660 0.7263 0.7263 0.1660 0.7263 0.1660 0.7263 0.1660 0.1660 0.7263 0.7263 0.1660 0.7263 0.1660 0.1660
153 119 100 293 0.7263 0.1660 0.7263 0.1660 0.1660 0.7263 0.1660 0.7263 0.1660 0.1660 0.1660 0.1660 0.7263 0.7263 0.1660 0.7263
119 100 293 193 0.1660 0.7263 0.7263 0.1660 0.7263 0.7263 0.1660 0.1660 0.1660 0.7263 0.7263 0.1660 0.1660 0.7263 0.1660 0.1660
100 293 193 113 0.7263 0.7263 0.1660 0.7263 0.7263 0.7263 0.7263 0.7263 0.1660 0.1660 0.1660 0.7263 0.1660 0.1660 0.7263 0.7263
293 193 113 060 0.1660 0.1660 0.7263 0.1660 0.7263 0.7263 0.1660 0.7263 0.7263 0.7263 0.1660 0.7263 0.1660 0.7263 0.7263 0.1660
193 113 060 070 0.1660 0.7263 0.1660 0.7263 0.7263 0.7263 0.7263 0.7263 0.1660 0.7263 0.7263 0.7263 0.1660 0.1660 0.7263 0.1660
113 060 070 052 0.1660 0.7263 0.1660 0.7263 0.1660 0.1660 0.1660 0.1660 0.7263 0.1660 0.1660 0.1660 0.1660 0.1660 0.7263 0.1660
060 070 052 025 0.7263 0.7263 0.7263 0.1660 0.1660 0.1660 0.7263 0.7263 0.1660 0.1660 0.7263 0.1660 0.1660 0.7263 0.1660 0.7263
070 052 025 313 0.7263 0.7263 0.7263 0.7263 0.7263 0.1660 0.7263 0.1660 0.1660 0.1660 0.7263 0.7263 0.1660 0.7263 0.7263 0.1660
052 025 313 267 0.1660 0.1660 0.1660 0.7263 0.1660 0.1660 0.7263 0.7263 0.7263 0.1660 0.1660 0.1660 0.1660 0.1660 0.1660 0.7263
025 313 267 045 0.7263 0.7263 0.7263 0.7263 0.7263 0.7263 0.1660 0.1660 0.1660 0.7263 0.1660 0.1660 0.7263 0.7263 0.1660 0.1660
313 267 045 135 0.7263 0.7263 0.1660 0.1660 0.1660 0.7263 0.7263 0.7263 0.1660 0.1660 0.7263 0.7263 0.7263 0.1660 0.1660 0.1660
267 045 135 355 0.1660 0.7263 0.1660 0.7263 0.1660 0.1660 0.7263 0.1660 0.1660 0.7263 0.1660 0.1660 0.7263 0.7263 0.1660 0.1660
045 135 355 225 0.7263 0.1660 0.1660 0.1660 0.1660 0.1660 0.1660 0.1660 0.1660 0.7263 0.7263 0.7263 0.1660 0.1660 0.1660 0.1660
135 355 225 222 0.7263 0.1660 0.1660 0.1660 0.7263 0.7263 0.7263 0.1660 0.7263 0.7263 0.7263 0.7263 0.7263 0.1660 0.1660 0.1660
355 225 222 207 0.7263 0.1660 0.7263 0.1660 0.7263 0.1660 0.1660 0.7263 0.7263 0.7263 0.7263 0.1660 0.7263 0.1660 0.7263 0.1660
225 222 207 315 0.7263 0.7263 0.1660 0.1660 0.7263 0.1660 0.7263 0.1660 0.1660 0.7263 0.1660 0.1660 0.1660 0.1660 0.1660 0.7263
222 207 315 004 0.1660 0.1660 0.1660 0.1660 0.1660 0.1660 0.1660 0.1660 0.7263 0.1660 0.1660 0.7263 0.1660 0.1660 0.1660 0.1660
207 315 004 180 0.7263 0.1660 0.1660 0.1660 0.1660 0.7263 0.1660 0.1660 0.7263 0.7263 0.1660 0.1660 0.1660 0.7263 0.7263 0.1660
315 004 180 143 0.7263 0.1660 0.7263 0.7263 0.7263 0.1660 0.7263 0.1660 0.1660 0.7263 0.7263 0.7263 0.7263 0.1660 0.1660 0.7263
004 180 143 130 0.1660 0.1660 0.7263 0.1660 0.1660 0.7263 0.1660 0.1660 0.1660 0.7263 0.7263 0.7263 0.1660 0.1660 0.1660 0.1660
180 143 130 021 0.7263 0.7263 0.1660 0.7263 0.1660 0.7263 0.7263 0.7263 0.1660 0.1660 0.1660 0.1660 0.7263 0.1660 0.1660 0.7263
143 130 021 351 0.7263 0.7263 0.1660 0.1660 0.1660 0.7263 0.7263 0.1660 0.1660 0.7263 0.7263 0.1660 0.7263 0.7263 0.1660 0.1660
130 021 351 291 0.7263 0.7263 0.7263 0.1660 0.7263 0.7263 0.1660 0.7263 0.1660 0.7263 0.7263 0.1660 0.7263 0.7263 0.1660 0.7263
021 351 291 062 0.1660 0.7263 0.7263 0.1660 0.1660 0.1660 0.1660 0.1660 0.7263 0.7263 0.7263 0.7263 0.7263 0.7263 0.1660 0.7263
351 291 062 319 0.1660 0.7263 0.7263 0.7263 0.7263 0.7263 0.7263 0.7263 0.7263 0.1660 0.7263 0.1660 0.7263 0.7263 0.1660 0.7263
291 062 319 256 0.1660 0.1660 0.7263 0.1660 0.7263 0.1660 0.7263 0.1660 0.7263 0.7263 0.7263 0.7263 0.1660 0.7263 0.7263 0.7263
062 319 256 161 0.1660 0.7263 0.7263 0.7263 0.7263 0.1660 0.7263 0.1660 0.1660 0.7263 0.1660 0.1660 0.7263 0.7263 0.1660 0.1660
319 256 161 197 0.7263 0.7263 0.7263 0.1660 0.1660 0.7263 0.7263 0.7263 0.7263 0.7263 0.7263 0.1660 0.7263 0.1660 0.1660 0.1660
256 161 197 111 0.7263 0.1660 0.1660 0.1660 0.1660 0.1660 0.1660 0.7263 0.7263 0.1660 0.1660 0.1660 0.7263 0.1660 0.7263 0.7263
161 197 111 324 0.1660 0.1660 0.7263 0.1660 0.7263 0.7263 0.7263 0.7263 0.1660 0.7263 0.1660 0.1660 0.7263 0.1660 0.7263 0.1660
197 111 324 124 0.1660 0.7263 0.1660 0.1660 0.7263 0.7263 0.7263 0.1660 0.1660 0.7263 0.7263 0.7263 0.1660 0.7263 0.1660 0.7263
111 324 124 298 0.1660 0.1660 0.1660 0.1660 0.7263 0.7263 0.7263 0.1660 0.1660 0.7263 0.1660 0.1660 0.1660 0.1660 0.7263 0.1660
324 124 298 309 0.7263 0.1660 0.1660 0.1660 0.7263 0.1660 0.1660 0.1660 0.7263 0.1660 0.7263 0.1660 0.1660 0.7263 0.7263 0.1660
124 298 309 098 0.1660 0.7263 0.1660 0.7263 0.1660 0.7263 0.7263 0.7263 0.7263 0.1660 0.7263 0.1660 0.1660 0.7263 0.1660 0.7263
298 309 098 146 0.1660 0.7263 0.1660 0.1660 0.7263 0.1660 0.7263 0.1660 0.7263 0.1660 0.1660 0.7263 0.7263 0.7263 0.7263 0.1660
309 098 146 354 0.7263 0.7263 0.7263 0.7263 0.1660 0.7263 0.1660 0.7263 0.1660 0.7263 0.7263 0.7263 0.7263 0.7263 0.1660 0.1660
098 146 354 073 0.7263 0.1660 0.7263 0.1660 0.1660 0.7263 0.1660 0.1660 0.7263 0.7263 0.7263 0.7263 0.1660 0.1660 0.7263 0.1660
146 354 073 271 0.1660 0.7263 0.1660 0.7263 0.1660 0.1660 0.7263 0.7263 0.1660 0.1660 0.1660 0.1660 0.7263 0.7263 0.7263 0.7263
354 073 271 195 0.1660 0.7263 0.7263 0.1660 0.1660 0.1660 0.1660 0.1660 0.1660 0.7263 0.1660 0.7263 0.7263 0.7263 0.1660 0.7263
073 271 195 055 0.1660 0.7263 0.1660 0.1660 0.1660 0.7263 0.7263 0.1660 0.7263 0.7263 0.1660 0.1660 0.1660 0.7263 0.7263 0.1660
271 195 055 007 0.7263 0.7263 0.7263 0.1660 0.7263 0.7263 0.7263 0.7263 0.7263 0.7263 0.1660 0.1660 0.1660 0.1660 0.1660 0.1660
195 055 007 151 0.1660 0.7263 0.7263 0.1660 0.1660 0.7263 0.1660 0.7263 0.7263 0.7263 0.1660 0.1660 0.7263 0.1660 0.1660 0.1660
055 007 151 219 0.7263 0.1660 0.1660 0.1660 0.1660 0.1660 0.1660 0.7263 0.1660 0.1660 0.1660 0.1660 0.1660 0.7263 0.1660 0.1660
007 151 219 056 0.7263 0.1660 0.7263 0.1660 0.7263 0.1660 0.1660 0.7263 0.7263 0.7263 0.1660 0.7263 0.7263 0.7263 0.1660 0.7263
151 219 056 264 0.1660 0.7263 0.1660 0.1660 0.1660 0.7263 0.1660 0.7263 0.1660 0.1660 0.1660 0.7263 0.1660 0.1660 0.7263 0.1660
219 056 264 218 0.1660 0.1660 0.7263 0.7263 0.7263 0.1660 0.1660 0.1660 0.7263 0.7263 0.1660 0.1660 0.7263 0.1660 0.1660 0.7263
056 264 218 013 0.1660 0.7263 0.1660 0.7263 0.7263 0.7263 0.7263 0.1660 0.7263 0.1660 0.1660 0.1660 0.7263 0.7263 0.7263 0.1660
264 218 013 262 0.1660 0.7263 0.1660 0.7263 0.7263 0.1660 0.7263 0.1660 0.1660 0.7263 0.1660 0.1660 0.1660 0.7263 0.1660 0.7263
218 013 262 149 0.1660 0.1660 0.7263 0.7263 0.1660 0.1660 0.7263 0.1660 0.1660 0.1660 0.1660 0.7263 0.7263 0.1660 0.1660 0.7263
013 262 149 093 0.7263 0.7263 0.7263 0.7263 0.1660 0.7263 0.1660 0.7263 0.1660 0.1660 0.1660 0.1660 0.1660 0.7263 0.1660 0.1660
262 149 093 338 0.1660 0.7263 0.7263 0.1660 0.1660 0.1660 0.7263 0.1660 0.1660 0.1660 0.7263 0.1660 0.1660 0.1660 0.1660 0.7263
149 093 338 003 0.1660 0.1660 0.1660 0.7263 0.1660 0.7263 0.7263 0.1660 0.7263 0.1660 0.1660 0.1660 0.7263 0.7263 0.1660 0.1660
093 338 003 258 0.1660 0.7263 0.1660 0.7263 0.1660 0.7263 0.7263 0.7263 0.1660 0.7263 0.1660 0.1660 0.1660 0.7263 0.1660 0.7263
338 003 258 041 0.7263 0.7263 0.1660 0.7263 0.7263 0.1660 0.1660 0.1660 0.7263 0.7263 0.1660 0.1660 0.1660 0.7263 0.7263 0.7263
003 258 041 200 0.7263 0.7263 0.7263 0.1660 0.1660 0.1660 0.7263 0.7263 0.1660 0.1660 0.7263 0.1660 0.1660 0.1660 0.1660 0.7263
258 041 200 346 0.1660 0.1660 0.7263 0.1660 0.1660 0.1660 0.1660 0.1660 0.1660 0.7263 0.1660 0.7263 0.7263 0.7263 0.1660 0.1660
041 200 346 345 0.7263 0.7263 0.7263 0.1660 0.1660 0.7263 0.1660 0.7263 0.1660 0.7263 0.1660 0.1660 0.7263 0.1660 0.7263 0.1660
200 346 345 072 0.7263 0.7263 0.1660 0.7263 0.7263 0.7263 0.1660 0.7263 0.1660 0.1660 0.1660 0.1660 0.7263 0.1660 0.7263 0.1660
346 345 072 284 0.1660 0.7263 0.7263 0.7263 0.1660 0.7263 0.1660 0.1660 0.1660 0.1660 0.1660 0.1660 0.1660 0.7263 0.7263 0.7263
345 072 284 024 0.1660 0.7263 0.7263 0.1660 0.1660 0.7263 0.7263 0.7263 0.1660 0.7263 0.1660 0.7263 0.7263 0.7263 0.7263 0.1660
072 284 024 048 0.7263 0.7263 0.7263 0.7263 0.7263 0.7263 0.1660 0.7263 0.7263 0.7263 0.1660 0.1660 0.1660 0.1660 0.1660 0.1660
284 024 048 163 0.1660 0.1660 0.7263 0.1660 0.7263 0.1660 0.7263 0.7263 0.1660 0.7263 0.7263 0.7263 0.7263 0.1660 0.7263 0.7263
024 048 163 178 0.7263 0.7263 0.1660 0.7263 0.7263 0.1660 0.1660 0.1660 0.1660 0.7263 0.1660 0.7263 0.1660 0.1660 0.7263 0.7263
048 163 178 281 0.7263 0.1660 0.1660 0.7263 0.1660 0.1660 0.1660 0.7263 0.1660 0.7263 0.7263 0.1660 0.1660 0.1660 0.1660 0.1660
163 178 281 117 0.7263 0.7263 0.7263 0.7263 0.7263 0.7263 0.7263 0.1660 0.7263 0.7263 0.1660 0.1660 0.7263 0.7263 0.7263 0.7263
178 281 117 325 0.1660 0.7263 0.1660 0.1660 0.7263 0.1660 0.1660 0.1660 0.1660 0.1660 0.7263 0.7263 0.1660 0.1660 0.7263 0.7263
281 117 325 214 0.7263 0.7263 0.7263 0.7263 0.7263 0.7263 0.1660 0.7263 0.7263 0.1660 0.1660 0.7263 0.7263 0.1660 0.7263 0.1660
117 325 214 174 0.7263 0.7263 0.7263 0.1660 0.7263 0.7263 0.1660 0.1660 0.7263 0.7263 0.7263 0.7263 0.1660 0.7263 0.7263 0.7263
