356 031684 3
078 119 132 009 0.8561 0.7189 0.8561 0.7189 0.7189 0.7189 0.8561 0.7189 0.7189 0.7189 0.8561 0.8561 0.7189 0.7189 0.8561 0.8561
119 132 009 252 0.8561 0.8561 0.8561 0.7189 0.8561 0.8561 0.7189 0.7189 0.8561 0.8561 0.7189 0.7189 0.7189 0.7189 0.7189 0.8561
132 009 252 287 0.8561 0.7189 0.8561 0.8561 0.8561 0.7189 0.8561 0.7189 0.7189 0.8561 0.7189 0.8561 0.8561 0.8561 0.7189 0.7189
009 252 287 139 0.8561 0.8561 0.7189 0.7189 0.7189 0.8561 0.7189 0.7189 0.7189 0.7189 0.8561 0.8561 0.7189 0.8561 0.7189 0.7189
252 287 139 108 0.8561 0.8561 0.8561 0.8561 0.7189 0.7189 0.8561 0.7189 0.7189 0.7189 0.7189 0.8561 0.8561 0.7189 0.7189 0.7189
287 139 108 100 0.8561 0.7189 0.8561 0.7189 0.7189 0.8561 0.7189 0.8561 0.7189 0.8561 0.7189 0.7189 0.7189 0.8561 0.8561 0.8561
139 108 100 019 0.7189 0.7189 0.7189 0.7189 0.8561 0.7189 0.7189 0.8561 0.8561 0.8561 0.7189 0.7189 0.8561 0.8561 0.7189 0.8561
108 100 019 077 0.8561 0.7189 0.8561 0.7189 0.7189 0.7189 0.8561 0.7189 0.8561 0.7189 0.7189 0.8561 0.8561 0.7189 0.8561 0.7189
100 019 077 026 0.8561 0.7189 0.7189 0.8561 0.8561 0.7189 0.7189 0.8561 0.7189 0.8561 0.8561 0.8561 0.8561 0.7189 0.8561 0.8561
019 077 026 014 0.7189 0.7189 0.8561 0.7189 0.7189 0.8561 0.8561 0.8561 0.7189 0.8561 0.8561 0.7189 0.8561 0.8561 0.8561 0.8561
077 026 014 235 0.8561 0.7189 0.7189 0.7189 0.7189 0.8561 0.8561 0.7189 0.8561 0.8561 0.7189 0.7189 0.7189 0.7189 0.7189 0.7189
026 014 235 143 0.7189 0.8561 0.7189 0.7189 0.7189 0.7189 0.8561 0.7189 0.8561 0.8561 0.8561 0.7189 0.7189 0.7189 0.7189 0.8561
014 235 143 281 0.8561 0.8561 0.7189 0.8561 0.7189 0.7189 0.8561 0.7189 0.8561 0.8561 0.8561 0.8561 0.7189 0.7189 0.8561 0.8561
235 143 281 086 0.7189 0.7189 0.8561 0.7189 0.8561 0.7189 0.7189 0.7189 0.7189 0.8561 0.7189 0.8561 0.8561 0.7189 0.7189 0.7189
143 281 086 204 0.7189 0.7189 0.8561 0.7189 0.7189 0.7189 0.7189 0.7189 0.7189 0.8561 0.8561 0.8561 0.7189 0.8561 0.7189 0.7189
281 086 204 128 0.7189 0.7189 0.8561 0.7189 0.8561 0.7189 0.8561 0.8561 0.7189 0.7189 0.8561 0.8561 0.8561 0.8561 0.7189 0.7189
086 204 128 322 0.8561 0.7189 0.8561 0.7189 0.8561 0.8561 0.7189 0.7189 0.7189 0.7189 0.7189 0.8561 0.8561 0.7189 0.7189 0.8561
204 128 322 295 0.7189 0.8561 0.7189 0.7189 0.7189 0.7189 0.7189 0.7189 0.7189 0.8561 0.7189 0.7189 0.8561 0.7189 0.8561 0.8561
128 322 295 241 0.8561 0.7189 0.8561 0.7189 0.8561 0.7189 0.8561 0.7189 0.8561 0.8561 0.8561 0.7189 0.8561 0.7189 0.8561 0.8561
322 295 241 091 0.8561 0.8561 0.8561 0.8561 0.8561 0.7189 0.7189 0.8561 0.7189 0.7189 0.8561 0.7189 0.8561 0.7189 0.8561 0.7189
295 241 091 345 0.7189 0.8561 0.7189 0.8561 0.7189 0.7189 0.7189 0.8561 0.8561 0.8561 0.7189 0.7189 0.7189 0.8561 0.8561 0.8561
241 091 345 300 0.8561 0.7189 0.8561 0.7189 0.8561 0.8561 0.7189 0.7189 0.8561 0.8561 0.7189 0.8561 0.7189 0.7189 0.8561 0.8561
091 345 300 311 0.8561 0.8561 0.8561 0.8561 0.8561 0.8561 0.8561 0.7189 0.7189 0.7189 0.8561 0.7189 0.8561 0.7189 0.7189 0.7189
345 300 311 025 0.8561 0.7189 0.8561 0.7189 0.8561 0.8561 0.7189 0.8561 0.7189 0.8561 0.7189 0.7189 0.8561 0.8561 0.7189 0.7189
300 311 025 193 0.7189 0.7189 0.8561 0.7189 0.8561 0.8561 0.8561 0.7189 0.7189 0.7189 0.8561 0.8561 0.8561 0.8561 0.7189 0.7189
311 025 193 221 0.8561 0.8561 0.8561 0.7189 0.8561 0.8561 0.7189 0.7189 0.8561 0.7189 0.8561 0.8561 0.8561 0.7189 0.8561 0.8561
025 193 221 092 0.8561 0.7189 0.7189 0.8561 0.7189 0.7189 0.7189 0.7189 0.8561 0.8561 0.7189 0.8561 0.7189 0.8561 0.8561 0.7189
193 221 092 279 0.8561 0.7189 0.7189 0.7189 0.8561 0.8561 0.7189 0.7189 0.7189 0.8561 0.7189 0.8561 0.8561 0.7189 0.8561 0.7189
221 092 279 118 0.7189 0.8561 0.8561 0.8561 0.8561 0.8561 0.7189 0.7189 0.8561 0.7189 0.7189 0.7189 0.7189 0.8561 0.7189 0.7189
092 279 118 262 0.8561 0.8561 0.8561 0.8561 0.7189 0.7189 0.7189 0.8561 0.8561 0.8561 0.7189 0.8561 0.8561 0.7189 0.7189 0.8561
279 118 262 245 0.7189 0.8561 0.7189 0.8561 0.8561 0.7189 0.7189 0.8561 0.7189 0.8561 0.7189 0.8561 0.8561 0.8561 0.7189 0.7189
118 262 245 342 0.7189 0.8561 0.7189 0.7189 0.8561 0.7189 0.8561 0.7189 0.8561 0.7189 0.7189 0.7189 0.7189 0.8561 0.7189 0.7189
262 245 342 079 0.8561 0.8561 0.8561 0.7189 0.8561 0.7189 0.8561 0.8561 0.7189 0.7189 0.8561 0.7189 0.8561 0.7189 0.8561 0.8561
245 342 079 131 0.7189 0.7189 0.7189 0.8561 0.7189 0.8561 0.8561 0.8561 0.8561 0.7189 0.8561 0.8561 0.8561 0.8561 0.7189 0.8561
342 079 131 178 0.8561 0.8561 0.7189 0.7189 0.7189 0.7189 0.8561 0.7189 0.7189 0.8561 0.8561 0.7189 0.7189 0.8561 0.8561 0.7189
079 131 178 215 0.8561 0.8561 0.8561 0.7189 0.8561 0.7189 0.7189 0.7189 0.8561 0.8561 0.8561 0.8561 0.7189 0.8561 0.8561 0.7189
131 178 215 231 0.7189 0.8561 0.7189 0.8561 0.8561 0.7189 0.8561 0.7189 0.8561 0.8561 0.8561 0.8561 0.8561 0.8561 0.7189 0.7189
178 215 231 116 0.7189 0.7189 0.8561 0.7189 0.7189 0.7189 0.7189 0.8561 0.7189 0.7189 0.8561 0.8561 0.8561 0.8561 0.7189 0.8561
215 231 116 162 0.7189 0.7189 0.8561 0.8561 0.8561 0.7189 0.8561 0.8561 0.7189 0.8561 0.8561 0.7189 0.8561 0.8561 0.7189 0.7189
231 116 162 228 0.7189 0.8561 0.8561 0.7189 0.8561 0.8561 0.8561 0.8561 0.7189 0.8561 0.7189 0.7189 0.7189 0.7189 0.8561 0.7189
116 162 228 229 0.7189 0.7189 0.7189 0.8561 0.7189 0.8561 0.7189 0.8561 0.7189 0.7189 0.8561 0.7189 0.7189 0.7189 0.7189 0.8561
162 228 229 255 0.7189 0.8561 0.7189 0.7189 0.7189 0.8561 0.8561 0.7189 0.7189 0.7189 0.7189 0.7189 0.8561 0.7189 0.8561 0.7189
228 229 255 159 0.7189 0.7189 0.7189 0.8561 0.7189 0.8561 0.7189 0.8561 0.7189 0.8561 0.8561 0.8561 0.8561 0.8561 0.7189 0.7189
229 255 159 335 0.8561 0.7189 0.7189 0.8561 0.7189 0.7189 0.8561 0.7189 0.7189 0.8561 0.7189 0.7189 0.8561 0.7189 0.7189 0.8561
255 159 335 090 0.7189 0.8561 0.7189 0.7189 0.8561 0.7189 0.8561 0.7189 0.8561 0.7189 0.8561 0.8561 0.7189 0.8561 0.8561 0.8561
159 335 090 346 0.8561 0.8561 0.8561 0.8561 0.7189 0.8561 0.8561 0.8561 0.7189 0.8561 0.8561 0.8561 0.8561 0.7189 0.7189 0.7189
335 090 346 007 0.7189 0.8561 0.7189 0.8561 0.7189 0.8561 0.8561 0.7189 0.7189 0.7189 0.7189 0.7189 0.8561 0.7189 0.8561 0.7189
090 346 007 307 0.8561 0.7189 0.8561 0.7189 0.7189 0.8561 0.7189 0.7189 0.7189 0.7189 0.8561 0.8561 0.7189 0.8561 0.8561 0.7189
346 007 307 312 0.8561 0.7189 0.7189 0.8561 0.8561 0.7189 0.7189 0.8561 0.7189 0.7189 0.8561 0.7189 0.8561 0.8561 0.7189 0.7189
007 307 312 216 0.7189 0.7189 0.8561 0.8561 0.7189 0.7189 0.7189 0.8561 0.7189 0.8561 0.8561 0.8561 0.8561 0.7189 0.8561 0.7189
307 312 216 050 0.8561 0.7189 0.8561 0.7189 0.7189 0.7189 0.7189 0.8561 0.7189 0.8561 0.8561 0.8561 0.7189 0.7189 0.7189 0.7189
312 216 050 230 0.8561 0.8561 0.7189 0.7189 0.7189 0.7189 0.8561 0.8561 0.7189 0.7189 0.7189 0.7189 0.8561 0.7189 0.8561 0.7189
216 050 230 111 0.8561 0.8561 0.8561 0.8561 0.7189 0.7189 0.7189 0.7189 0.7189 0.8561 0.8561 0.7189 0.7189 0.8561 0.8561 0.8561
050 230 111 104 0.8561 0.7189 0.7189 0.7189 0.8561 0.7189 0.7189 0.7189 0.8561 0.7189 0.8561 0.7189 0.8561 0.8561 0.7189 0.8561
230 111 104 325 0.7189 0.7189 0.7189 0.8561 0.7189 0.7189 0.8561 0.8561 0.8561 0.7189 0.8561 0.8561 0.8561 0.7189 0.8561 0.8561
111 104 325 035 0.8561 0.8561 0.8561 0.7189 0.7189 0.8561 0.7189 0.7189 0.7189 0.8561 0.7189 0.7189 0.8561 0.7189 0.8561 0.7189
104 325 035 344 0.8561 0.8561 0.8561 0.7189 0.8561 0.7189 0.8561 0.7189 0.7189 0.8561 0.7189 0.7189 0.7189 0.7189 0.7189 0.8561
325 035 344 097 0.8561 0.8561 0.7189 0.7189 0.8561 0.8561 0.7189 0.8561 0.8561 0.7189 0.8561 0.8561 0.7189 0.7189 0.7189 0.7189
035 344 097 207 0.8561 0.8561 0.8561 0.8561 0.8561 0.7189 0.8561 0.7189 0.8561 0.8561 0.8561 0.8561 0.8561 0.8561 0.8561 0.8561
344 097 207 134 0.8561 0.8561 0.8561 0.8561 0.7189 0.7189 0.7189 0.7189 0.8561 0.7189 0.7189 0.8561 0.8561 0.8561 0.8561 0.7189
097 207 134 121 0.7189 0.7189 0.8561 0.8561 0.8561 0.7189 0.8561 0.8561 0.7189 0.8561 0.7189 0.8561 0.7189 0.7189 0.7189 0.8561
207 134 121 046 0.8561 0.7189 0.7189 0.8561 0.8561 0.8561 0.8561 0.8561 0.8561 0.8561 0.8561 0.8561 0.7189 0.8561 0.7189 0.8561
134 121 046 305 0.7189 0.8561 0.7189 0.8561 0.7189 0.8561 0.8561 0.7189 0.8561 0.8561 0.8561 0.8561 0.8561 0.8561 0.8561 0.7189
121 046 305 270 0.7189 0.8561 0.7189 0.8561 0.7189 0.8561 0.8561 0.7189 0.8561 0.8561 0.8561 0.8561 0.8561 0.7189 0.8561 0.7189
046 305 270 136 0.8561 0.7189 0.7189 0.8561 0.7189 0.8561 0.7189 0.8561 0.7189 0.8561 0.8561 0.8561 0.7189 0.7189 0.7189 0.7189
305 270 136 213 0.7189 0.8561 0.8561 0.8561 0.8561 0.8561 0.8561 0.8561 0.8561 0.7189 0.8561 0.8561 0.8561 0.8561 0.7189 0.7189
270 136 213 000 0.7189 0.7189 0.8561 0.7189 0.7189 0.8561 0.7189 0.7189 0.7189 0.7189 0.7189 0.8561 0.8561 0.7189 0.8561 0.8561
136 213 000 321 0.7189 0.7189 0.8561 0.8561 0.7189 0.7189 0.8561 0.8561 0.8561 0.7189 0.7189 0.8561 0.8561 0.7189 0.8561 0.7189
213 000 321 243 0.8561 0.8561 0.8561 0.8561 0.7189 0.7189 0.8561 0.8561 0.7189 0.7189 0.8561 0.7189 0.7189 0.8561 0.7189 0.7189
000 321 243 191 0.8561 0.8561 0.8561 0.8561 0.7189 0.8561 0.8561 0.8561 0.7189 0.8561 0.7189 0.8561 0.7189 0.8561 0.7189 0.7189
321 243 191 112 0.8561 0.7189 0.8561 0.7189 0.8561 0.8561 0.8561 0.8561 0.8561 0.8561 0.7189 0.7189 0.7189 0.8561 0.7189 0.7189
243 191 112 353 0.7189 0.7189 0.7189 0.7189 0.8561 0.7189 0.7189 0.8561 0.7189 0.7189 0.7189 0.8561 0.8561 0.8561 0.8561 0.8561
191 112 353 117 0.7189 0.8561 0.8561 0.7189 0.8561 0.8561 0.8561 0.7189 0.7189 0.8561 0.7189 0.8561 0.8561 0.8561 0.8561 0.8561
112 353 117 206 0.7189 0.7189 0.8561 0.8561 0.7189 0.7189 0.8561 0.7189 0.7189 0.8561 0.8561 0.8561 0.8561 0.7189 0.8561 0.8561
353 117 206 290 0.7189 0.7189 0.8561 0.7189 0.8561 0.7189 0.7189 0.7189 0.7189 0.7189 0.8561 0.8561 0.7189 0.7189 0.7189 0.7189
117 206 290 073 0.8561 0.8561 0.8561 0.8561 0.8561 0.8561 0.7189 0.8561 0.8561 0.7189 0.7189 0.8561 0.7189 0.7189 0.8561 0.8561
206 290 073 140 0.8561 0.8561 0.8561 0.8561 0.8561 0.7189 0.7189 0.8561 0.8561 0.8561 0.8561 0.7189 0.7189 0.8561 0.8561 0.7189
290 073 140 298 0.8561 0.8561 0.8561 0.7189 0.7189 0.8561 0.8561 0.8561 0.8561 0.8561 0.7189 0.8561 0.7189 0.8561 0.7189 0.8561
073 140 298 225 0.7189 0.8561 0.7189 0.7189 0.7189 0.8561 0.8561 0.8561 0.8561 0.8561 0.7189 0.7189 0.8561 0.8561 0.8561 0.8561
140 298 225 327 0.7189 0.8561 0.7189 0.7189 0.7189 0.7189 0.8561 0.8561 0.7189 0.7189 0.8561 0.8561 0.7189 0.7189 0.8561 0.7189
298 225 327 224 0.7189 0.7189 0.8561 0.8561 0.8561 0.8561 0.8561 0.8561 0.8561 0.7189 0.8561 0.8561 0.8561 0.7189 0.8561 0.8561
225 327 224 099 0.7189 0.7189 0.7189 0.8561 0.7189 0.8561 0.8561 0.8561 0.8561 0.8561 0.7189 0.7189 0.7189 0.8561 0.8561 0.7189
327 224 099 147 0.8561 0.7189 0.8561 0.7189 0.8561 0.7189 0.8561 0.8561 0.8561 0.8561 0.7189 0.8561 0.7189 0.7189 0.7189 0.7189
224 099 147 072 0.8561 0.8561 0.7189 0.7189 0.8561 0.7189 0.8561 0.7189 0.8561 0.7189 0.8561 0.7189 0.8561 0.8561 0.7189 0.8561
099 147 072 331 0.8561 0.8561 0.8561 0.8561 0.7189 0.7189 0.8561 0.7189 0.8561 0.7189 0.7189 0.8561 0.7189 0.8561 0.8561 0.7189
147 072 331 054 0.8561 0.7189 0.8561 0.7189 0.7189 0.7189 0.8561 0.7189 0.8561 0.8561 0.7189 0.8561 0.7189 0.8561 0.7189 0.8561
072 331 054 161 0.8561 0.8561 0.7189 0.7189 0.8561 0.8561 0.7189 0.7189 0.8561 0.7189 0.7189 0.7189 0.8561 0.8561 0.7189 0.8561
331 054 161 049 0.7189 0.8561 0.7189 0.8561 0.7189 0.7189 0.8561 0.7189 0.8561 0.8561 0.8561 0.7189 0.7189 0.7189 0.8561 0.8561
054 161 049 076 0.8561 0.7189 0.7189 0.8561 0.7189 0.8561 0.7189 0.8561 0.8561 0.7189 0.7189 0.7189 0.8561 0.8561 0.7189 0.7189
161 049 076 171 0.7189 0.8561 0.8561 0.7189 0.8561 0.7189 0.7189 0.7189 0.7189 0.8561 0.7189 0.8561 0.7189 0.8561 0.7189 0.7189
049 076 171 170 0.8561 0.7189 0.7189 0.8561 0.8561 0.8561 0.7189 0.8561 0.8561 0.7189 0.8561 0.8561 0.7189 0.7189 0.7189 0.8561
076 171 170 163 0.7189 0.8561 0.8561 0.8561 0.8561 0.7189 0.8561 0.8561 0.7189 0.7189 0.7189 0.8561 0.8561 0.7189 0.8561 0.7189
171 170 163 164 0.7189 0.7189 0.8561 0.7189 0.7189 0.8561 0.7189 0.8561 0.7189 0.7189 0.8561 0.7189 0.7189 0.8561 0.7189 0.7189
170 163 164 249 0.8561 0.8561 0.8561 0.8561 0.7189 0.8561 0.7189 0.7189 0.8561 0.7189 0.7189 0.8561 0.8561 0.8561 0.8561 0.8561
163 164 249 129 0.8561 0.8561 0.7189 0.7189 0.7189 0.8561 0.8561 0.8561 0.8561 0.7189 0.7189 0.8561 0.7189 0.8561 0.7189 0.8561
164 249 129 110 0.8561 0.8561 0.8561 0.7189 0.7189 0.7189 0.8561 0.7189 0.7189 0.8561 0.8561 0.7189 0.7189 0.8561 0.7189 0.8561
249 129 110 105 0.7189 0.8561 0.7189 0.7189 0.7189 0.7189 0.7189 0.8561 0.7189 0.7189 0.7189 0.7189 0.8561 0.7189 0.7189 0.7189
129 110 105 182 0.7189 0.8561 0.7189 0.8561 0.8561 0.8561 0.7189 0.8561 0.7189 0.8561 0.7189 0.8561 0.7189 0.8561 0.7189 0.7189
110 105 182 258 0.7189 0.8561 0.8561 0.7189 0.8561 0.8561 0.8561 0.7189 0.7189 0.7189 0.8561 0.7189 0.7189 0.7189 0.8561 0.7189
105 182 258 211 0.7189 0.8561 0.8561 0.8561 0.7189 0.8561 0.7189 0.7189 0.8561 0.8561 0.8561 0.7189 0.7189 0.7189 0.8561 0.7189
182 258 211 237 0.7189 0.8561 0.7189 0.7189 0.7189 0.7189 0.7189 0.7189 0.8561 0.7189 0.7189 0.8561 0.8561 0.7189 0.7189 0.8561
258 211 237 153 0.7189 0.7189 0.8561 0.8561 0.8561 0.7189 0.7189 0.8561 0.8561 0.8561 0.7189 0.7189 0.7189 0.7189 0.7189 0.8561
211 237 153 347 0.7189 0.8561 0.7189 0.8561 0.8561 0.8561 0.8561 0.7189 0.8561 0.7189 0.7189 0.7189 0.8561 0.7189 0.8561 0.8561
237 153 347 074 0.8561 0.8561 0.7189 0.8561 0.8561 0.7189 0.7189 0.7189 0.7189 0.7189 0.8561 0.7189 0.7189 0.7189 0.8561 0.8561
153 347 074 034 0.8561 0.7189 0.7189 0.7189 0.8561 0.8561 0.7189 0.7189 0.7189 0.7189 0.7189 0.7189 0.8561 0.7189 0.7189 0.8561
347 074 034 294 0.7189 0.7189 0.8561 0.8561 0.7189 0.8561 0.7189 0.8561 0.8561 0.8561 0.7189 0.7189 0.8561 0.7189 0.7189 0.8561
074 034 294 115 0.8561 0.8561 0.8561 0.8561 0.7189 0.8561 0.7189 0.7189 0.7189 0.7189 0.7189 0.7189 0.7189 0.7189 0.7189 0.7189
034 294 115 336 0.7189 0.7189 0.8561 0.8561 0.8561 0.7189 0.7189 0.8561 0.7189 0.7189 0.7189 0.7189 0.8561 0.7189 0.8561 0.7189
294 115 336 154 0.8561 0.7189 0.8561 0.8561 0.8561 0.8561 0.7189 0.7189 0.8561 0.8561 0.8561 0.8561 0.7189 0.7189 0.7189 0.7189
115 336 154 141 0.7189 0.7189 0.7189 0.7189 0.8561 0.8561 0.7189 0.7189 0.8561 0.7189 0.7189 0.8561 0.7189 0.8561 0.8561 0.8561
336 154 141 264 0.7189 0.7189 0.7189 0.7189 0.7189 0.7189 0.8561 0.7189 0.7189 0.8561 0.8561 0.8561 0.8561 0.7189 0.8561 0.8561
154 141 264 036 0.8561 0.8561 0.7189 0.8561 0.7189 0.8561 0.7189 0.7189 0.7189 0.8561 0.7189 0.8561 0.8561 0.8561 0.7189 0.7189
141 264 036 135 0.7189 0.8561 0.8561 0.7189 0.8561 0.7189 0.7189 0.8561 0.8561 0.7189 0.8561 0.7189 0.8561 0.7189 0.8561 0.7189
264 036 135 040 0.7189 0.8561 0.7189 0.7189 0.8561 0.7189 0.7189 0.8561 0.8561 0.8561 0.8561 0.8561 0.7189 0.8561 0.7189 0.7189
036 135 040 173 0.7189 0.7189 0.7189 0.8561 0.8561 0.7189 0.8561 0.7189 0.7189 0.7189 0.7189 0.7189 0.8561 0.7189 0.8561 0.7189
135 040 173 127 0.8561 0.8561 0.7189 0.8561 0.7189 0.7189 0.8561 0.8561 0.7189 0.7189 0.7189 0.8561 0.7189 0.7189 0.7189 0.8561
040 173 127 276 0.7189 0.8561 0.7189 0.8561 0.7189 0.8561 0.7189 0.7189 0.8561 0.7189 0.7189 0.8561 0.7189 0.8561 0.8561 0.8561
173 127 276 272 0.8561 0.7189 0.7189 0.8561 0.7189 0.8561 0.8561 0.8561 0.7189 0.7189 0.8561 0.7189 0.7189 0.8561 0.8561 0.8561
127 276 272 151 0.7189 0.8561 0.7189 0.8561 0.7189 0.7189 0.8561 0.7189 0.7189 0.7189 0.8561 0.7189 0.8561 0.7189 0.7189 0.7189
276 272 151 299 0.8561 0.8561 0.8561 0.8561 0.8561 0.8561 0.7189 0.8561 0.7189 0.7189 0.8561 0.8561 0.8561 0.7189 0.8561 0.7189
272 151 299 064 0.8561 0.8561 0.7189 0.7189 0.7189 0.7189 0.7189 0.7189 0.7189 0.7189 0.7189 0.8561 0.7189 0.8561 0.8561 0.7189
151 299 064 203 0.7189 0.7189 0.7189 0.7189 0.8561 0.7189 0.8561 0.7189 0.7189 0.8561 0.7189 0.8561 0.8561 0.8561 0.7189 0.8561
299 064 203 309 0.7189 0.8561 0.7189 0.8561 0.7189 0.8561 0.8561 0.8561 0.7189 0.7189 0.8561 0.8561 0.7189 0.8561 0.7189 0.7189
064 203 309 175 0.8561 0.8561 0.7189 0.8561 0.7189 0.8561 0.7189 0.8561 0.8561 0.8561 0.7189 0.7189 0.8561 0.8561 0.7189 0.8561
203 309 175 324 0.7189 0.7189 0.8561 0.7189 0.7189 0.7189 0.7189 0.7189 0.8561 0.7189 0.7189 0.7189 0.7189 0.7189 0.7189 0.8561
309 175 324 063 0.8561 0.7189 0.8561 0.8561 0.8561 0.8561 0.7189 0.8561 0.8561 0.7189 0.7189 0.7189 0.7189 0.7189 0.8561 0.8561
175 324 063 277 0.8561 0.7189 0.7189 0.7189 0.7189 0.8561 0.8561 0.7189 0.7189 0.8561 0.8561 0.8561 0.7189 0.7189 0.7189 0.8561
324 063 277 210 0.8561 0.8561 0.7189 0.8561 0.8561 0.8561 0.7189 0.8561 0.8561 0.7189 0.7189 0.7189 0.8561 0.7189 0.7189 0.7189
063 277 210 179 0.7189 0.8561 0.8561 0.7189 0.8561 0.8561 0.7189 0.8561 0.8561 0.7189 0.8561 0.7189 0.7189 0.8561 0.8561 0.8561
277 210 179 176 0.7189 0.8561 0.8561 0.8561 0.7189 0.8561 0.8561 0.7189 0.8561 0.8561 0.7189 0.7189 0.8561 0.8561 0.7189 0.8561
210 179 176 022 0.7189 0.8561 0.8561 0.8561 0.7189 0.7189 0.8561 0.8561 0.8561 0.7189 0.8561 0.8561 0.8561 0.8561 0.8561 0.8561
179 176 022 273 0.8561 0.8561 0.7189 0.8561 0.8561 0.8561 0.8561 0.8561 0.8561 0.8561 0.7189 0.7189 0.8561 0.8561 0.8561 0.8561
176 022 273 042 0.8561 0.8561 0.7189 0.7189 0.8561 0.7189 0.7189 0.8561 0.8561 0.8561 0.7189 0.8561 0.7189 0.7189 0.8561 0.8561
022 273 042 267 0.7189 0.8561 0.7189 0.7189 0.7189 0.7189 0.7189 0.7189 0.8561 0.8561 0.8561 0.7189 0.8561 0.8561 0.7189 0.7189
273 042 267 192 0.8561 0.8561 0.7189 0.8561 0.8561 0.7189 0.7189 0.8561 0.8561 0.7189 0.8561 0.8561 0.8561 0.7189 0.8561 0.8561
042 267 192 318 0.8561 0.8561 0.7189 0.8561 0.8561 0.8561 0.8561 0.8561 0.8561 0.8561 0.7189 0.7189 0.8561 0.8561 0.8561 0.7189
267 192 318 306 0.7189 0.7189 0.7189 0.7189 0.8561 0.8561 0.8561 0.7189 0.8561 0.7189 0.7189 0.7189 0.8561 0.8561 0.7189 0.8561
192 318 306 087 0.7189 0.8561 0.8561 0.8561 0.7189 0.8561 0.8561 0.8561 0.8561 0.7189 0.8561 0.8561 0.7189 0.8561 0.8561 0.7189
318 306 087 256 0.7189 0.7189 0.7189 0.8561 0.7189 0.7189 0.7189 0.7189 0.8561 0.8561 0.8561 0.7189 0.8561 0.8561 0.7189 0.8561
306 087 256 333 0.8561 0.7189 0.8561 0.7189 0.8561 0.8561 0.7189 0.7189 0.7189 0.8561 0.8561 0.8561 0.8561 0.8561 0.7189 0.8561
087 256 333 240 0.8561 0.7189 0.8561 0.8561 0.7189 0.8561 0.8561 0.8561 0.8561 0.7189 0.8561 0.8561 0.7189 0.7189 0.8561 0.7189
256 333 240 317 0.8561 0.7189 0.8561 0.7189 0.7189 0.8561 0.7189 0.8561 0.8561 0.8561 0.7189 0.7189 0.8561 0.7189 0.7189 0.8561
333 240 317 184 0.7189 0.7189 0.7189 0.7189 0.7189 0.7189 0.8561 0.8561 0.8561 0.7189 0.8561 0.8561 0.7189 0.7189 0.7189 0.7189
240 317 184 095 0.8561 0.8561 0.7189 0.8561 0.8561 0.7189 0.8561 0.7189 0.8561 0.7189 0.7189 0.8561 0.7189 0.7189 0.7189 0.8561
317 184 095 016 0.8561 0.7189 0.8561 0.8561 0.7189 0.7189 0.8561 0.7189 0.7189 0.8561 0.7189 0.7189 0.8561 0.7189 0.7189 0.7189
184 095 016 301 0.7189 0.8561 0.8561 0.7189 0.7189 0.8561 0.7189 0.7189 0.8561 0.8561 0.8561 0.8561 0.8561 0.8561 0.8561 0.7189
095 016 301 302 0.7189 0.8561 0.8561 0.8561 0.7189 0.7189 0.8561 0.7189 0.8561 0.7189 0.8561 0.7189 0.8561 0.8561 0.8561 0.7189
016 301 302 126 0.7189 0.8561 0.7189 0.7189 0.7189 0.8561 0.8561 0.8561 0.7189 0.8561 0.8561 0.7189 0.8561 0.7189 0.8561 0.8561
301 302 126 304 0.7189 0.7189 0.7189 0.7189 0.8561 0.7189 0.7189 0.8561 0.7189 0.8561 0.8561 0.7189 0.8561 0.8561 0.8561 0.7189
302 126 304 284 0.7189 0.8561 0.7189 0.7189 0.8561 0.8561 0.7189 0.8561 0.7189 0.7189 0.7189 0.8561 0.8561 0.7189 0.8561 0.8561
126 304 284 186 0.8561 0.8561 0.7189 0.7189 0.8561 0.8561 0.8561 0.8561 0.8561 0.8561 0.8561 0.7189 0.7189 0.8561 0.8561 0.7189
304 284 186 201 0.7189 0.8561 0.7189 0.7189 0.7189 0.8561 0.7189 0.8561 0.7189 0.7189 0.8561 0.8561 0.7189 0.7189 0.7189 0.8561
284 186 201 197 0.7189 0.7189 0.8561 0.7189 0.8561 0.7189 0.8561 0.7189 0.8561 0.8561 0.8561 0.7189 0.8561 0.7189 0.8561 0.7189
186 201 197 113 0.7189 0.7189 0.7189 0.7189 0.8561 0.7189 0.7189 0.8561 0.7189 0.8561 0.8561 0.7189 0.7189 0.7189 0.8561 0.7189
201 197 113 148 0.7189 0.7189 0.8561 0.7189 0.8561 0.7189 0.7189 0.7189 0.8561 0.7189 0.8561 0.8561 0.8561 0.7189 0.8561 0.8561
197 113 148 181 0.8561 0.8561 0.7189 0.7189 0.7189 0.7189 0.7189 0.8561 0.8561 0.8561 0.7189 0.7189 0.7189 0.8561 0.7189 0.7189
113 148 181 343 0.8561 0.8561 0.8561 0.7189 0.8561 0.7189 0.8561 0.7189 0.8561 0.8561 0.7189 0.8561 0.7189 0.7189 0.7189 0.7189
148 181 343 278 0.7189 0.7189 0.8561 0.7189 0.8561 0.8561 0.8561 0.7189 0.8561 0.8561 0.7189 0.7189 0.8561 0.8561 0.7189 0.7189
181 343 278 214 0.7189 0.7189 0.7189 0.8561 0.7189 0.8561 0.7189 0.8561 0.7189 0.8561 0.8561 0.8561 0.8561 0.8561 0.7189 0.7189
343 278 214 274 0.8561 0.8561 0.7189 0.7189 0.7189 0.7189 0.7189 0.8561 0.7189 0.7189 0.8561 0.7189 0.7189 0.8561 0.7189 0.8561
278 214 274 047 0.7189 0.7189 0.7189 0.7189 0.7189 0.8561 0.7189 0.8561 0.8561 0.8561 0.8561 0.7189 0.7189 0.8561 0.7189 0.7189
214 274 047 017 0.7189 0.8561 0.8561 0.7189 0.7189 0.8561 0.8561 0.8561 0.7189 0.8561 0.7189 0.7189 0.8561 0.7189 0.8561 0.8561
274 047 017 166 0.8561 0.7189 0.8561 0.7189 0.7189 0.8561 0.7189 0.7189 0.7189 0.7189 0.7189 0.7189 0.8561 0.7189 0.7189 0.7189
047 017 166 337 0.7189 0.7189 0.8561 0.7189 0.7189 0.7189 0.7189 0.7189 0.8561 0.7189 0.7189 0.8561 0.8561 0.7189 0.8561 0.8561
017 166 337 297 0.8561 0.7189 0.8561 0.8561 0.7189 0.8561 0.7189 0.7189 0.8561 0.8561 0.8561 0.7189 0.7189 0.7189 0.7189 0.7189
166 337 297 101 0.7189 0.8561 0.8561 0.8561 0.7189 0.7189 0.8561 0.7189 0.7189 0.8561 0.8561 0.7189 0.7189 0.8561 0.7189 0.7189
337 297 101 339 0.7189 0.7189 0.8561 0.8561 0.7189 0.8561 0.7189 0.7189 0.7189 0.8561 0.7189 0.8561 0.7189 0.8561 0.7189 0.8561
297 101 339 133 0.7189 0.7189 0.7189 0.8561 0.8561 0.7189 0.7189 0.8561 0.8561 0.7189 0.8561 0.7189 0.8561 0.7189 0.7189 0.8561
101 339 133 088 0.8561 0.8561 0.8561 0.8561 0.8561 0.8561 0.8561 0.8561 0.8561 0.8561 0.8561 0.8561 0.7189 0.8561 0.7189 0.7189
339 133 088 223 0.7189 0.8561 0.7189 0.8561 0.8561 0.8561 0.8561 0.7189 0.8561 0.7189 0.7189 0.7189 0.8561 0.7189 0.8561 0.8561
133 088 223 065 0.8561 0.8561 0.8561 0.7189 0.7189 0.8561 0.7189 0.8561 0.8561 0.7189 0.7189 0.8561 0.7189 0.7189 0.8561 0.8561
088 223 065 234 0.7189 0.7189 0.8561 0.8561 0.8561 0.8561 0.8561 0.7189 0.7189 0.8561 0.8561 0.8561 0.7189 0.8561 0.7189 0.7189
223 065 234 260 0.8561 0.7189 0.7189 0.7189 0.8561 0.8561 0.7189 0.7189 0.7189 0.8561 0.8561 0.7189 0.7189 0.7189 0.8561 0.7189
065 234 260 122 0.7189 0.8561 0.8561 0.7189 0.8561 0.7189 0.7189 0.8561 0.8561 0.8561 0.8561 0.8561 0.8561 0.7189 0.7189 0.8561
234 260 122 261 0.7189 0.7189 0.7189 0.8561 0.8561 0.7189 0.7189 0.7189 0.7189 0.8561 0.8561 0.8561 0.8561 0.7189 0.7189 0.7189
260 122 261 188 0.8561 0.7189 0.8561 0.8561 0.8561 0.8561 0.7189 0.7189 0.7189 0.8561 0.8561 0.7189 0.8561 0.7189 0.7189 0.8561
122 261 188 244 0.7189 0.7189 0.7189 0.8561 0.8561 0.8561 0.8561 0.7189 0.7189 0.8561 0.7189 0.7189 0.8561 0.8561 0.8561 0.7189
261 188 244 123 0.7189 0.7189 0.8561 0.7189 0.7189 0.7189 0.8561 0.8561 0.8561 0.8561 0.8561 0.7189 0.7189 0.8561 0.8561 0.7189
188 244 123 199 0.8561 0.8561 0.7189 0.7189 0.7189 0.8561 0.7189 0.8561 0.8561 0.8561 0.7189 0.8561 0.7189 0.7189 0.7189 0.8561
244 123 199 138 0.8561 0.7189 0.7189 0.8561 0.8561 0.8561 0.7189 0.8561 0.8561 0.7189 0.7189 0.8561 0.8561 0.7189 0.7189 0.7189
123 199 138 005 0.8561 0.8561 0.8561 0.7189 0.7189 0.7189 0.8561 0.7189 0.8561 0.8561 0.7189 0.8561 0.8561 0.7189 0.8561 0.8561
199 138 005 075 0.7189 0.8561 0.8561 0.8561 0.8561 0.7189 0.7189 0.8561 0.8561 0.7189 0.8561 0.7189 0.8561 0.8561 0.7189 0.8561
138 005 075 208 0.8561 0.7189 0.7189 0.7189 0.8561 0.7189 0.7189 0.8561 0.7189 0.8561 0.7189 0.7189 0.7189 0.8561 0.7189 0.7189
005 075 208 219 0.8561 0.7189 0.7189 0.7189 0.8561 0.8561 0.8561 0.7189 0.8561 0.7189 0.8561 0.8561 0.7189 0.7189 0.7189 0.7189
075 208 219 062 0.7189 0.8561 0.8561 0.8561 0.7189 0.8561 0.7189 0.7189 0.8561 0.8561 0.8561 0.8561 0.8561 0.7189 0.8561 0.7189
208 219 062 039 0.8561 0.8561 0.7189 0.8561 0.8561 0.8561 0.7189 0.8561 0.8561 0.8561 0.8561 0.8561 0.8561 0.7189 0.8561 0.8561
219 062 039 189 0.8561 0.7189 0.8561 0.7189 0.8561 0.8561 0.7189 0.8561 0.8561 0.7189 0.8561 0.7189 0.8561 0.7189 0.7189 0.7189
062 039 189 137 0.7189 0.7189 0.8561 0.7189 0.8561 0.7189 0.8561 0.7189 0.8561 0.8561 0.8561 0.8561 0.7189 0.7189 0.7189 0.7189
039 189 137 083 0.7189 0.8561 0.7189 0.8561 0.7189 0.7189 0.8561 0.7189 0.8561 0.8561 0.8561 0.7189 0.7189 0.8561 0.8561 0.8561
189 137 083 352 0.7189 0.7189 0.7189 0.8561 0.7189 0.8561 0.8561 0.8561 0.8561 0.7189 0.7189 0.7189 0.7189 0.8561 0.7189 0.7189
137 083 352 291 0.8561 0.7189 0.8561 0.8561 0.7189 0.7189 0.7189 0.7189 0.8561 0.7189 0.8561 0.7189 0.8561 0.7189 0.8561 0.8561
083 352 291 226 0.7189 0.8561 0.8561 0.7189 0.7189 0.8561 0.7189 0.7189 0.8561 0.7189 0.8561 0.8561 0.7189 0.7189 0.7189 0.8561
352 291 226 251 0.7189 0.8561 0.8561 0.7189 0.7189 0.7189 0.7189 0.7189 0.7189 0.8561 0.7189 0.7189 0.7189 0.7189 0.7189 0.8561
291 226 251 250 0.8561 0.7189 0.8561 0.8561 0.7189 0.7189 0.8561 0.7189 0.8561 0.7189 0.8561 0.8561 0.8561 0.7189 0.7189 0.8561
226 251 250 032 0.7189 0.7189 0.7189 0.8561 0.7189 0.7189 0.7189 0.8561 0.7189 0.8561 0.7189 0.7189 0.7189 0.7189 0.7189 0.8561
251 250 032 174 0.7189 0.8561 0.8561 0.7189 0.7189 0.7189 0.7189 0.7189 0.7189 0.8561 0.7189 0.8561 0.8561 0.8561 0.7189 0.8561
250 032 174 320 0.7189 0.7189 0.8561 0.8561 0.7189 0.7189 0.7189 0.8561 0.8561 0.8561 0.8561 0.7189 0.8561 0.7189 0.8561 0.7189
032 174 320 319 0.7189 0.8561 0.7189 0.7189 0.7189 0.8561 0.7189 0.7189 0.7189 0.7189 0.7189 0.8561 0.7189 0.8561 0.7189 0.7189
174 320 319 155 0.7189 0.8561 0.8561 0.7189 0.7189 0.8561 0.7189 0.7189 0.7189 0.8561 0.7189 0.8561 0.7189 0.7189 0.7189 0.7189
320 319 155 316 0.8561 0.7189 0.7189 0.8561 0.7189 0.8561 0.8561 0.7189 0.7189 0.8561 0.7189 0.8561 0.7189 0.7189 0.7189 0.8561
319 155 316 190 0.7189 0.7189 0.8561 0.7189 0.8561 0.7189 0.7189 0.8561 0.8561 0.7189 0.7189 0.8561 0.7189 0.8561 0.7189 0.7189
155 316 190 209 0.7189 0.7189 0.7189 0.8561 0.8561 0.7189 0.8561 0.8561 0.7189 0.7189 0.8561 0.7189 0.8561 0.7189 0.7189 0.7189
316 190 209 142 0.8561 0.8561 0.7189 0.8561 0.7189 0.8561 0.8561 0.7189 0.8561 0.8561 0.7189 0.8561 0.7189 0.7189 0.8561 0.7189
190 209 142 239 0.8561 0.8561 0.8561 0.8561 0.7189 0.7189 0.7189 0.8561 0.7189 0.7189 0.8561 0.7189 0.8561 0.7189 0.8561 0.8561
209 142 239 058 0.7189 0.7189 0.8561 0.7189 0.7189 0.7189 0.8561 0.8561 0.7189 0.8561 0.8561 0.8561 0.8561 0.8561 0.8561 0.7189
142 239 058 037 0.7189 0.8561 0.8561 0.7189 0.7189 0.8561 0.8561 0.7189 0.7189 0.8561 0.7189 0.7189 0.7189 0.7189 0.8561 0.8561
239 058 037 068 0.7189 0.7189 0.7189 0.7189 0.8561 0.8561 0.8561 0.8561 0.8561 0.7189 0.7189 0.7189 0.7189 0.7189 0.8561 0.7189
058 037 068 349 0.8561 0.7189 0.7189 0.8561 0.7189 0.8561 0.8561 0.7189 0.7189 0.7189 0.8561 0.7189 0.7189 0.8561 0.7189 0.8561
037 068 349 152 0.8561 0.7189 0.7189 0.7189 0.8561 0.7189 0.8561 0.7189 0.7189 0.7189 0.8561 0.7189 0.7189 0.7189 0.7189 0.7189
068 349 152 027 0.8561 0.7189 0.7189 0.8561 0.8561 0.7189 0.7189 0.7189 0.7189 0.8561 0.7189 0.8561 0.7189 0.7189 0.8561 0.8561
349 152 027 332 0.8561 0.7189 0.7189 0.8561 0.7189 0.8561 0.7189 0.7189 0.8561 0.8561 0.7189 0.7189 0.8561 0.8561 0.7189 0.8561
152 027 332 030 0.7189 0.8561 0.7189 0.8561 0.7189 0.7189 0.7189 0.7189 0.7189 0.7189 0.7189 0.7189 0.8561 0.8561 0.7189 0.7189
027 332 030 145 0.8561 0.7189 0.8561 0.7189 0.8561 0.8561 0.7189 0.8561 0.8561 0.8561 0.8561 0.7189 0.7189 0.8561 0.8561 0.7189
332 030 145 008 0.8561 0.8561 0.7189 0.7189 0.8561 0.8561 0.8561 0.8561 0.7189 0.8561 0.7189 0.8561 0.8561 0.8561 0.8561 0.7189
030 145 008 061 0.8561 0.8561 0.7189 0.8561 0.8561 0.8561 0.7189 0.7189 0.8561 0.7189 0.7189 0.7189 0.8561 0.7189 0.7189 0.8561
145 008 061 247 0.8561 0.8561 0.8561 0.7189 0.7189 0.7189 0.7189 0.7189 0.7189 0.8561 0.8561 0.7189 0.7189 0.8561 0.8561 0.8561
008 061 247 069 0.7189 0.8561 0.7189 0.8561 0.7189 0.7189 0.7189 0.7189 0.7189 0.7189 0.7189 0.7189 0.7189 0.7189 0.7189 0.8561
061 247 069 124 0.7189 0.8561 0.7189 0.7189 0.8561 0.8561 0.8561 0.8561 0.7189 0.7189 0.7189 0.7189 0.8561 0.7189 0.8561 0.8561
247 069 124 341 0.7189 0.7189 0.8561 0.7189 0.8561 0.7189 0.8561 0.8561 0.8561 0.8561 0.8561 0.7189 0.8561 0.7189 0.7189 0.8561
069 124 341 094 0.8561 0.8561 0.7189 0.7189 0.8561 0.8561 0.7189 0.7189 0.8561 0.8561 0.8561 0.8561 0.7189 0.8561 0.7189 0.7189
124 341 094 195 0.8561 0.7189 0.7189 0.7189 0.7189 0.8561 0.7189 0.7189 0.8561 0.8561 0.7189 0.7189 0.7189 0.7189 0.8561 0.7189
341 094 195 248 0.8561 0.8561 0.8561 0.8561 0.8561 0.7189 0.8561 0.7189 0.8561 0.7189 0.7189 0.7189 0.7189 0.7189 0.8561 0.7189
094 195 248 011 0.7189 0.7189 0.8561 0.7189 0.7189 0.7189 0.7189 0.7189 0.8561 0.8561 0.7189 0.8561 0.8561 0.8561 0.8561 0.7189
195 248 011 107 0.8561 0.8561 0.8561 0.8561 0.7189 0.8561 0.8561 0.8561 0.8561 0.7189 0.7189 0.8561 0.8561 0.7189 0.7189 0.7189
248 011 107 031 0.8561 0.7189 0.8561 0.8561 0.8561 0.7189 0.8561 0.8561 0.8561 0.7189 0.7189 0.8561 0.8561 0.7189 0.8561 0.7189
011 107 031 172 0.8561 0.7189 0.8561 0.7189 0.7189 0.7189 0.8561 0.7189 0.7189 0.7189 0.8561 0.8561 0.8561 0.8561 0.8561 0.8561
107 031 172 015 0.7189 0.7189 0.7189 0.8561 0.8561 0.8561 0.7189 0.7189 0.7189 0.8561 0.7189 0.8561 0.7189 0.8561 0.7189 0.8561
031 172 015 218 0.7189 0.7189 0.7189 0.7189 0.7189 0.7189 0.7189 0.8561 0.7189 0.8561 0.8561 0.8561 0.7189 0.8561 0.8561 0.8561
172 015 218 310 0.8561 0.7189 0.7189 0.8561 0.8561 0.8561 0.7189 0.7189 0.8561 0.7189 0.7189 0.8561 0.7189 0.7189 0.7189 0.7189
015 218 310 003 0.7189 0.7189 0.8561 0.7189 0.7189 0.7189 0.8561 0.7189 0.8561 0.7189 0.7189 0.8561 0.8561 0.7189 0.7189 0.7189
218 310 003 269 0.8561 0.7189 0.8561 0.8561 0.7189 0.8561 0.8561 0.7189 0.7189 0.8561 0.7189 0.7189 0.7189 0.7189 0.7189 0.7189
310 003 269 265 0.7189 0.7189 0.8561 0.7189 0.7189 0.7189 0.7189 0.7189 0.7189 0.8561 0.8561 0.8561 0.7189 0.8561 0.8561 0.8561
003 269 265 340 0.7189 0.7189 0.7189 0.8561 0.8561 0.7189 0.8561 0.8561 0.7189 0.8561 0.7189 0.8561 0.8561 0.7189 0.8561 0.8561
269 265 340 233 0.7189 0.7189 0.7189 0.7189 0.8561 0.7189 0.7189 0.8561 0.8561 0.8561 0.8561 0.8561 0.7189 0.8561 0.8561 0.7189
265 340 233 257 0.7189 0.8561 0.7189 0.7189 0.8561 0.8561 0.8561 0.7189 0.7189 0.8561 0.8561 0.8561 0.8561 0.7189 0.8561 0.8561
340 233 257 085 0.7189 0.8561 0.7189 0.8561 0.7189 0.8561 0.7189 0.8561 0.8561 0.8561 0.8561 0.8561 0.7189 0.7189 0.8561 0.8561
233 257 085 263 0.8561 0.7189 0.7189 0.7189 0.7189 0.7189 0.7189 0.7189 0.7189 0.7189 0.8561 0.8561 0.8561 0.7189 0.8561 0.8561
257 085 263 355 0.8561 0.8561 0.7189 0.7189 0.8561 0.8561 0.8561 0.7189 0.8561 0.7189 0.8561 0.7189 0.8561 0.8561 0.8561 0.7189
085 263 355 205 0.8561 0.7189 0.7189 0.8561 0.7189 0.8561 0.8561 0.7189 0.7189 0.7189 0.7189 0.7189 0.7189 0.7189 0.7189 0.8561
263 355 205 071 0.7189 0.7189 0.8561 0.7189 0.8561 0.7189 0.8561 0.7189 0.8561 0.7189 0.7189 0.8561 0.8561 0.8561 0.7189 0.7189
355 205 071 096 0.7189 0.8561 0.8561 0.8561 0.7189 0.7189 0.8561 0.7189 0.7189 0.7189 0.8561 0.7189 0.8561 0.8561 0.7189 0.8561
205 071 096 165 0.8561 0.8561 0.7189 0.8561 0.7189 0.7189 0.7189 0.7189 0.7189 0.8561 0.8561 0.7189 0.8561 0.8561 0.7189 0.8561
071 096 165 144 0.7189 0.7189 0.8561 0.8561 0.8561 0.8561 0.8561 0.7189 0.7189 0.8561 0.8561 0.7189 0.7189 0.8561 0.8561 0.7189
096 165 144 010 0.8561 0.8561 0.7189 0.8561 0.7189 0.8561 0.7189 0.7189 0.8561 0.7189 0.8561 0.7189 0.7189 0.7189 0.8561 0.8561
165 144 010 089 0.7189 0.8561 0.8561 0.7189 0.7189 0.8561 0.8561 0.8561 0.7189 0.7189 0.7189 0.7189 0.8561 0.8561 0.8561 0.8561
144 010 089 044 0.8561 0.8561 0.8561 0.8561 0.7189 0.8561 0.8561 0.8561 0.8561 0.8561 0.7189 0.7189 0.8561 0.7189 0.7189 0.8561
010 089 044 329 0.7189 0.7189 0.7189 0.8561 0.7189 0.7189 0.8561 0.8561 0.8561 0.7189 0.7189 0.7189 0.7189 0.8561 0.7189 0.8561
089 044 329 313 0.8561 0.7189 0.7189 0.8561 0.8561 0.7189 0.8561 0.7189 0.8561 0.7189 0.8561 0.7189 0.8561 0.7189 0.7189 0.7189
044 329 313 067 0.7189 0.7189 0.8561 0.8561 0.8561 0.8561 0.8561 0.8561 0.7189 0.7189 0.8561 0.7189 0.8561 0.7189 0.8561 0.8561
329 313 067 286 0.7189 0.8561 0.8561 0.8561 0.7189 0.8561 0.7189 0.8561 0.8561 0.7189 0.8561 0.8561 0.7189 0.7189 0.7189 0.7189
313 067 286 315 0.7189 0.8561 0.8561 0.8561 0.8561 0.7189 0.8561 0.7189 0.7189 0.8561 0.7189 0.7189 0.7189 0.7189 0.8561 0.7189
067 286 315 198 0.7189 0.7189 0.7189 0.7189 0.7189 0.8561 0.8561 0.8561 0.7189 0.7189 0.7189 0.7189 0.8561 0.7189 0.8561 0.7189
286 315 198 253 0.7189 0.7189 0.8561 0.7189 0.7189 0.7189 0.8561 0.7189 0.7189 0.8561 0.7189 0.7189 0.8561 0.7189 0.7189 0.7189
315 198 253 098 0.8561 0.8561 0.8561 0.7189 0.7189 0.7189 0.7189 0.8561 0.7189 0.8561 0.8561 0.8561 0.7189 0.8561 0.8561 0.7189
198 253 098 220 0.8561 0.7189 0.7189 0.7189 0.7189 0.8561 0.8561 0.8561 0.7189 0.8561 0.8561 0.7189 0.8561 0.8561 0.7189 0.8561
253 098 220 351 0.7189 0.7189 0.7189 0.8561 0.8561 0.7189 0.8561 0.7189 0.8561 0.7189 0.7189 0.8561 0.8561 0.7189 0.7189 0.8561
098 220 351 202 0.7189 0.7189 0.8561 0.8561 0.8561 0.7189 0.7189 0.7189 0.8561 0.7189 0.8561 0.7189 0.7189 0.7189 0.7189 0.7189
220 351 202 283 0.7189 0.7189 0.7189 0.8561 0.7189 0.7189 0.7189 0.8561 0.8561 0.7189 0.7189 0.8561 0.8561 0.7189 0.7189 0.7189
351 202 283 242 0.7189 0.8561 0.8561 0.7189 0.7189 0.7189 0.7189 0.8561 0.8561 0.7189 0.7189 0.8561 0.8561 0.8561 0.7189 0.8561
202 283 242 023 0.7189 0.8561 0.8561 0.7189 0.8561 0.7189 0.8561 0.7189 0.7189 0.7189 0.7189 0.7189 0.7189 0.8561 0.8561 0.8561
283 242 023 060 0.7189 0.7189 0.8561 0.7189 0.7189 0.8561 0.7189 0.7189 0.7189 0.7189 0.7189 0.7189 0.8561 0.7189 0.8561 0.8561
242 023 060 169 0.8561 0.8561 0.7189 0.8561 0.8561 0.8561 0.8561 0.8561 0.7189 0.8561 0.7189 0.8561 0.7189 0.7189 0.8561 0.8561
023 060 169 029 0.8561 0.7189 0.8561 0.8561 0.7189 0.7189 0.8561 0.8561 0.8561 0.8561 0.7189 0.7189 0.8561 0.7189 0.8561 0.8561
060 169 029 280 0.8561 0.8561 0.7189 0.8561 0.8561 0.8561 0.7189 0.8561 0.7189 0.8561 0.7189 0.7189 0.8561 0.8561 0.7189 0.8561
169 029 280 323 0.7189 0.8561 0.8561 0.7189 0.7189 0.7189 0.7189 0.7189 0.8561 0.8561 0.8561 0.8561 0.8561 0.8561 0.7189 0.8561
029 280 323 020 0.8561 0.8561 0.7189 0.7189 0.7189 0.7189 0.8561 0.7189 0.7189 0.7189 0.8561 0.8561 0.7189 0.7189 0.7189 0.8561
280 323 020 183 0.7189 0.8561 0.8561 0.8561 0.8561 0.7189 0.8561 0.8561 0.7189 0.8561 0.8561 0.8561 0.8561 0.7189 0.7189 0.7189
323 020 183 114 0.8561 0.7189 0.8561 0.8561 0.7189 0.7189 0.7189 0.7189 0.7189 0.8561 0.7189 0.7189 0.8561 0.7189 0.7189 0.7189
020 183 114 354 0.8561 0.7189 0.7189 0.8561 0.7189 0.8561 0.8561 0.8561 0.7189 0.7189 0.8561 0.7189 0.7189 0.8561 0.8561 0.8561
183 114 354 238 0.8561 0.8561 0.7189 0.7189 0.8561 0.7189 0.7189 0.7189 0.7189 0.8561 0.8561 0.8561 0.8561 0.8561 0.7189 0.7189
114 354 238 303 0.8561 0.8561 0.7189 0.7189 0.7189 0.8561 0.7189 0.7189 0.8561 0.7189 0.7189 0.8561 0.7189 0.8561 0.8561 0.8561
354 238 303 150 0.7189 0.8561 0.8561 0.8561 0.7189 0.8561 0.7189 0.7189 0.8561 0.8561 0.7189 0.8561 0.8561 0.7189 0.8561 0.7189
238 303 150 055 0.7189 0.8561 0.7189 0.7189 0.7189 0.7189 0.7189 0.8561 0.7189 0.7189 0.8561 0.7189 0.8561 0.8561 0.8561 0.7189
303 150 055 093 0.8561 0.7189 0.7189 0.8561 0.7189 0.8561 0.7189 0.7189 0.8561 0.7189 0.7189 0.8561 0.8561 0.8561 0.8561 0.7189
150 055 093 177 0.7189 0.7189 0.7189 0.8561 0.7189 0.7189 0.7189 0.8561 0.7189 0.7189 0.8561 0.8561 0.7189 0.8561 0.8561 0.8561
055 093 177 125 0.7189 0.8561 0.8561 0.8561 0.8561 0.7189 0.8561 0.8561 0.7189 0.8561 0.7189 0.8561 0.8561 0.8561 0.7189 0.7189
093 177 125 080 0.7189 0.8561 0.8561 0.7189 0.8561 0.8561 0.8561 0.8561 0.8561 0.7189 0.7189 0.7189 0.7189 0.7189 0.7189 0.7189
177 125 080 268 0.8561 0.8561 0.7189 0.8561 0.8561 0.7189 0.7189 0.8561 0.8561 0.8561 0.8561 0.8561 0.8561 0.7189 0.7189 0.7189
125 080 268 021 0.8561 0.7189 0.7189 0.8561 0.7189 0.8561 0.8561 0.7189 0.8561 0.7189 0.8561 0.8561 0.7189 0.7189 0.7189 0.7189
080 268 021 289 0.8561 0.8561 0.7189 0.7189 0.8561 0.7189 0.8561 0.7189 0.8561 0.7189 0.7189 0.7189 0.8561 0.7189 0.8561 0.8561
268 021 289 041 0.7189 0.8561 0.8561 0.8561 0.8561 0.8561 0.8561 0.8561 0.8561 0.7189 0.8561 0.7189 0.7189 0.7189 0.7189 0.7189
021 289 041 296 0.8561 0.7189 0.8561 0.7189 0.8561 0.7189 0.7189 0.8561 0.8561 0.7189 0.7189 0.8561 0.8561 0.7189 0.8561 0.8561
289 041 296 149 0.8561 0.8561 0.8561 0.8561 0.8561 0.8561 0.8561 0.8561 0.7189 0.7189 0.8561 0.7189 0.8561 0.7189 0.7189 0.8561
041 296 149 002 0.8561 0.8561 0.7189 0.7189 0.7189 0.8561 0.7189 0.7189 0.7189 0.7189 0.7189 0.8561 0.8561 0.7189 0.8561 0.7189
296 149 002 106 0.8561 0.7189 0.7189 0.7189 0.8561 0.7189 0.8561 0.8561 0.8561 0.8561 0.7189 0.7189 0.7189 0.7189 0.7189 0.7189
149 002 106 185 0.7189 0.8561 0.8561 0.7189 0.7189 0.8561 0.7189 0.7189 0.7189 0.7189 0.7189 0.7189 0.7189 0.8561 0.8561 0.7189
002 106 185 167 0.8561 0.7189 0.7189 0.8561 0.7189 0.8561 0.7189 0.7189 0.7189 0.7189 0.7189 0.7189 0.8561 0.8561 0.8561 0.8561
106 185 167 157 0.7189 0.7189 0.8561 0.8561 0.8561 0.7189 0.7189 0.7189 0.8561 0.7189 0.7189 0.8561 0.8561 0.7189 0.7189 0.7189
185 167 157 012 0.8561 0.7189 0.8561 0.8561 0.7189 0.7189 0.8561 0.7189 0.7189 0.8561 0.8561 0.7189 0.7189 0.8561 0.7189 0.7189
167 157 012 293 0.8561 0.7189 0.7189 0.7189 0.7189 0.8561 0.8561 0.8561 0.7189 0.8561 0.7189 0.8561 0.7189 0.7189 0.7189 0.8561
157 012 293 232 0.7189 0.7189 0.7189 0.8561 0.8561 0.7189 0.7189 0.7189 0.8561 0.8561 0.7189 0.8561 0.8561 0.8561 0.7189 0.8561
012 293 232 326 0.7189 0.8561 0.8561 0.8561 0.7189 0.7189 0.8561 0.8561 0.7189 0.7189 0.8561 0.7189 0.8561 0.8561 0.7189 0.8561
293 232 326 048 0.8561 0.7189 0.8561 0.7189 0.8561 0.7189 0.8561 0.8561 0.8561 0.8561 0.7189 0.8561 0.7189 0.8561 0.8561 0.8561
232 326 048 081 0.7189 0.7189 0.7189 0.7189 0.8561 0.7189 0.8561 0.8561 0.7189 0.8561 0.8561 0.8561 0.8561 0.8561 0.8561 0.7189
326 048 081 006 0.7189 0.8561 0.7189 0.8561 0.8561 0.7189 0.8561 0.7189 0.7189 0.7189 0.7189 0.8561 0.7189 0.8561 0.7189 0.7189
048 081 006 200 0.7189 0.7189 0.7189 0.8561 0.8561 0.7189 0.7189 0.8561 0.7189 0.7189 0.8561 0.8561 0.8561 0.8561 0.7189 0.7189
081 006 200 259 0.8561 0.7189 0.8561 0.7189 0.7189 0.7189 0.7189 0.8561 0.8561 0.7189 0.8561 0.7189 0.8561 0.7189 0.8561 0.7189
006 200 259 156 0.7189 0.8561 0.7189 0.8561 0.7189 0.7189 0.8561 0.8561 0.8561 0.8561 0.7189 0.8561 0.7189 0.7189 0.7189 0.8561
200 259 156 052 0.7189 0.7189 0.7189 0.7189 0.7189 0.8561 0.8561 0.7189 0.8561 0.8561 0.8561 0.8561 0.8561 0.7189 0.8561 0.7189
259 156 052 275 0.8561 0.8561 0.7189 0.7189 0.8561 0.8561 0.7189 0.7189 0.8561 0.8561 0.7189 0.8561 0.7189 0.8561 0.8561 0.8561
156 052 275 038 0.7189 0.8561 0.7189 0.8561 0.7189 0.8561 0.8561 0.7189 0.7189 0.8561 0.7189 0.7189 0.7189 0.7189 0.7189 0.7189
052 275 038 168 0.7189 0.8561 0.8561 0.7189 0.8561 0.7189 0.7189 0.8561 0.8561 0.8561 0.8561 0.7189 0.8561 0.7189 0.8561 0.7189
275 038 168 334 0.7189 0.7189 0.7189 0.7189 0.7189 0.8561 0.8561 0.8561 0.8561 0.8561 0.7189 0.8561 0.8561 0.7189 0.8561 0.8561
038 168 334 056 0.7189 0.8561 0.8561 0.7189 0.8561 0.8561 0.7189 0.8561 0.8561 0.7189 0.7189 0.7189 0.8561 0.8561 0.7189 0.7189
168 334 056 102 0.7189 0.7189 0.8561 0.7189 0.8561 0.8561 0.8561 0.7189 0.8561 0.8561 0.8561 0.8561 0.7189 0.8561 0.7189 0.8561
334 056 102 314 0.8561 0.8561 0.8561 0.8561 0.8561 0.8561 0.8561 0.8561 0.7189 0.7189 0.8561 0.7189 0.8561 0.8561 0.7189 0.7189
056 102 314 348 0.8561 0.7189 0.8561 0.8561 0.7189 0.8561 0.8561 0.8561 0.8561 0.8561 0.7189 0.7189 0.7189 0.8561 0.8561 0.7189
102 314 348 254 0.8561 0.7189 0.8561 0.7189 0.7189 0.8561 0.7189 0.8561 0.8561 0.7189 0.8561 0.7189 0.7189 0.7189 0.7189 0.7189
314 348 254 328 0.8561 0.7189 0.7189 0.8561 0.8561 0.7189 0.7189 0.7189 0.8561 0.7189 0.7189 0.8561 0.7189 0.7189 0.7189 0.7189
348 254 328 120 0.7189 0.7189 0.8561 0.7189 0.8561 0.8561 0.8561 0.8561 0.8561 0.7189 0.7189 0.8561 0.8561 0.8561 0.7189 0.7189
254 328 120 187 0.7189 0.8561 0.8561 0.8561 0.8561 0.7189 0.8561 0.7189 0.7189 0.7189 0.8561 0.8561 0.7189 0.8561 0.7189 0.8561
328 120 187 194 0.8561 0.7189 0.8561 0.7189 0.7189 0.7189 0.8561 0.7189 0.8561 0.7189 0.7189 0.8561 0.8561 0.7189 0.8561 0.7189
120 187 194 338 0.8561 0.7189 0.8561 0.8561 0.7189 0.7189 0.7189 0.8561 0.8561 0.7189 0.8561 0.7189 0.8561 0.7189 0.8561 0.8561
187 194 338 158 0.8561 0.8561 0.8561 0.8561 0.8561 0.8561 0.8561 0.8561 0.8561 0.7189 0.7189 0.7189 0.7189 0.7189 0.7189 0.7189
194 338 158 028 0.8561 0.7189 0.7189 0.8561 0.7189 0.8561 0.8561 0.7189 0.7189 0.7189 0.8561 0.8561 0.8561 0.8561 0.7189 0.7189
338 158 028 070 0.7189 0.8561 0.8561 0.7189 0.7189 0.8561 0.7189 0.8561 0.7189 0.7189 0.7189 0.7189 0.7189 0.7189 0.8561 0.8561
158 028 070 057 0.8561 0.7189 0.7189 0.7189 0.8561 0.8561 0.7189 0.7189 0.8561 0.7189 0.8561 0.8561 0.7189 0.7189 0.7189 0.8561
028 070 057 053 0.7189 0.8561 0.8561 0.8561 0.8561 0.7189 0.8561 0.8561 0.7189 0.7189 0.8561 0.7189 0.7189 0.8561 0.8561 0.7189
070 057 053 217 0.7189 0.8561 0.7189 0.7189 0.8561 0.7189 0.8561 0.8561 0.8561 0.7189 0.7189 0.7189 0.7189 0.8561 0.8561 0.7189
057 053 217 266 0.8561 0.7189 0.7189 0.8561 0.8561 0.8561 0.7189 0.8561 0.7189 0.8561 0.7189 0.7189 0.7189 0.8561 0.8561 0.7189
053 217 266 180 0.8561 0.7189 0.8561 0.8561 0.8561 0.8561 0.8561 0.7189 0.8561 0.7189 0.7189 0.7189 0.7189 0.8561 0.7189 0.8561
217 266 180 271 0.8561 0.8561 0.8561 0.8561 0.8561 0.8561 0.8561 0.8561 0.8561 0.7189 0.8561 0.8561 0.8561 0.8561 0.7189 0.8561
266 180 271 282 0.7189 0.8561 0.7189 0.8561 0.7189 0.8561 0.8561 0.7189 0.8561 0.8561 0.8561 0.7189 0.7189 0.7189 0.7189 0.7189
180 271 282 160 0.7189 0.8561 0.8561 0.8561 0.8561 0.8561 0.7189 0.8561 0.8561 0.7189 0.7189 0.7189 0.7189 0.8561 0.7189 0.7189
271 282 160 285 0.8561 0.7189 0.7189 0.7189 0.7189 0.8561 0.8561 0.8561 0.7189 0.7189 0.7189 0.8561 0.7189 0.7189 0.8561 0.8561
282 160 285 082 0.8561 0.7189 0.7189 0.8561 0.7189 0.7189 0.8561 0.8561 0.7189 0.7189 0.8561 0.7189 0.8561 0.8561 0.7189 0.7189
160 285 082 109 0.7189 0.7189 0.8561 0.8561 0.8561 0.7189 0.7189 0.7189 0.8561 0.7189 0.8561 0.8561 0.7189 0.7189 0.7189 0.7189
285 082 109 004 0.7189 0.7189 0.7189 0.7189 0.8561 0.7189 0.7189 0.8561 0.7189 0.8561 0.7189 0.7189 0.8561 0.7189 0.8561 0.7189
082 109 004 292 0.7189 0.8561 0.8561 0.8561 0.8561 0.8561 0.7189 0.7189 0.7189 0.7189 0.7189 0.8561 0.8561 0.8561 0.8561 0.8561
109 004 292 222 0.7189 0.7189 0.8561 0.7189 0.8561 0.8561 0.7189 0.8561 0.7189 0.8561 0.8561 0.8561 0.7189 0.8561 0.7189 0.8561
004 292 222 246 0.7189 0.7189 0.8561 0.7189 0.7189 0.8561 0.8561 0.7189 0.7189 0.8561 0.8561 0.7189 0.7189 0.7189 0.8561 0.8561
292 222 246 130 0.7189 0.8561 0.8561 0.7189 0.8561 0.8561 0.8561 0.8561 0.8561 0.7189 0.7189 0.7189 0.8561 0.8561 0.7189 0.7189
222 246 130 146 0.7189 0.8561 0.7189 0.7189 0.7189 0.8561 0.7189 0.8561 0.7189 0.8561 0.8561 0.7189 0.8561 0.7189 0.7189 0.7189
246 130 146 066 0.7189 0.7189 0.8561 0.8561 0.8561 0.8561 0.8561 0.7189 0.7189 0.7189 0.8561 0.8561 0.8561 0.8561 0.8561 0.7189
130 146 066 212 0.8561 0.7189 0.8561 0.7189 0.8561 0.8561 0.7189 0.8561 0.8561 0.7189 0.7189 0.8561 0.7189 0.8561 0.8561 0.8561
146 066 212 084 0.8561 0.8561 0.8561 0.8561 0.7189 0.8561 0.7189 0.7189 0.7189 0.7189 0.7189 0.7189 0.8561 0.8561 0.7189 0.7189
066 212 084 033 0.7189 0.8561 0.7189 0.7189 0.8561 0.8561 0.7189 0.8561 0.7189 0.7189 0.8561 0.7189 0.8561 0.8561 0.7189 0.7189
212 084 033 051 0.8561 0.7189 0.8561 0.8561 0.8561 0.7189 0.7189 0.7189 0.7189 0.8561 0.8561 0.7189 0.8561 0.7189 0.8561 0.7189
084 033 051 043 0.8561 0.7189 0.8561 0.8561 0.7189 0.8561 0.7189 0.8561 0.7189 0.7189 0.8561 0.8561 0.7189 0.7189 0.8561 0.8561
033 051 043 330 0.7189 0.8561 0.7189 0.7189 0.7189 0.7189 0.7189 0.8561 0.8561 0.7189 0.7189 0.7189 0.8561 0.8561 0.7189 0.7189
051 043 330 001 0.7189 0.7189 0.8561 0.8561 0.7189 0.8561 0.8561 0.8561 0.8561 0.8561 0.7189 0.7189 0.8561 0.8561 0.7189 0.8561
043 330 001 308 0.7189 0.8561 0.7189 0.7189 0.8561 0.8561 0.7189 0.8561 0.7189 0.8561 0.7189 0.7189 0.7189 0.7189 0.8561 0.8561
330 001 308 350 0.8561 0.7189 0.7189 0.7189 0.7189 0.8561 0.7189 0.8561 0.8561 0.8561 0.7189 0.7189 0.7189 0.8561 0.8561 0.8561
001 308 350 103 0.8561 0.7189 0.7189 0.7189 0.7189 0.7189 0.8561 0.8561 0.8561 0.8561 0.7189 0.8561 0.7189 0.7189 0.8561 0.7189
308 350 103 059 0.7189 0.8561 0.8561 0.7189 0.7189 0.7189 0.7189 0.8561 0.7189 0.8561 0.7189 0.8561 0.7189 0.7189 0.8561 0.8561
350 103 059 288 0.8561 0.7189 0.7189 0.8561 0.7189 0.8561 0.8561 0.7189 0.7189 0.8561 0.8561 0.7189 0.7189 0.8561 0.8561 0.8561
103 059 288 013 0.7189 0.7189 0.7189 0.7189 0.8561 0.8561 0.7189 0.8561 0.7189 0.8561 0.7189 0.7189 0.8561 0.7189 0.8561 0.7189
059 288 013 018 0.7189 0.8561 0.7189 0.8561 0.7189 0.7189 0.8561 0.8561 0.8561 0.7189 0.8561 0.7189 0.7189 0.7189 0.7189 0.7189
288 013 018 024 0.7189 0.7189 0.7189 0.8561 0.8561 0.8561 0.8561 0.7189 0.7189 0.8561 0.8561 0.8561 0.8561 0.8561 0.8561 0.7189
013 018 024 196 0.7189 0.7189 0.8561 0.8561 0.7189 0.7189 0.7189 0.7189 0.8561 0.8561 0.7189 0.7189 0.7189 0.8561 0.7189 0.8561
018 024 196 227 0.8561 0.7189 0.7189 0.7189 0.8561 0.7189 0.7189 0.7189 0.7189 0.8561 0.7189 0.8561 0.8561 0.8561 0.7189 0.8561
024 196 227 236 0.7189 0.8561 0.8561 0.8561 0.7189 0.7189 0.7189 0.8561 0.7189 0.7189 0.8561 0.8561 0.7189 0.8561 0.7189 0.8561
196 227 236 045 0.7189 0.7189 0.7189 0.7189 0.8561 0.8561 0.7189 0.8561 0.8561 0.8561 0.7189 0.8561 0.7189 0.8561 0.7189 0.8561
227 236 045 078 0.8561 0.7189 0.8561 0.8561 0.7189 0.8561 0.7189 0.8561 0.8561 0.7189 0.7189 0.8561 0.7189 0.7189 0.7189 0.7189
236 045 078 119 0.7189 0.8561 0.8561 0.8561 0.7189 0.8561 0.7189 0.7189 0.7189 0.7189 0.7189 0.8561 0.7189 0.7189 0.8561 0.8561
045 078 119 132 0.8561 0.7189 0.8561 0.7189 0.8561 0.8561 0.7189 0.7189 0.7189 0.8561 0.7189 0.8561 0.7189 0.8561 0.7189 0.8561
