356 031684 3
217 187 287 163 0.1624 0.1624 0.6483 0.1624 0.6483 0.1624 0.1624 0.6483 0.1624 0.6483 0.6483 0.1624 0.1624 0.6483 0.6483 0.6483
187 287 163 185 0.6483 0.6483 0.6483 0.6483 0.6483 0.1624 0.1624 0.6483 0.6483 0.6483 0.1624 0.1624 0.6483 0.6483 0.1624 0.6483
287 163 185 086 0.6483 0.1624 0.6483 0.6483 0.6483 0.1624 0.1624 0.1624 0.1624 0.6483 0.6483 0.6483 0.1624 0.1624 0.6483 0.1624
163 185 086 214 0.1624 0.6483 0.6483 0.1624 0.1624 0.1624 0.6483 0.1624 0.6483 0.1624 0.6483 0.1624 0.1624 0.6483 0.1624 0.1624
185 086 214 248 0.1624 0.1624 0.6483 0.6483 0.1624 0.6483 0.1624 0.6483 0.6483 0.6483 0.6483 0.6483 0.1624 0.6483 0.6483 0.1624
086 214 248 034 0.6483 0.1624 0.1624 0.6483 0.1624 0.6483 0.6483 0.6483 0.1624 0.6483 0.1624 0.1624 0.1624 0.1624 0.6483 0.1624
214 248 034 127 0.1624 0.1624 0.6483 0.1624 0.1624 0.1624 0.1624 0.6483 0.1624 0.1624 0.1624 0.6483 0.6483 0.1624 0.6483 0.1624
248 034 127 119 0.6483 0.6483 0.1624 0.6483 0.6483 0.6483 0.6483 0.1624 0.1624 0.1624 0.1624 0.1624 0.1624 0.1624 0.6483 0.1624
034 127 119 015 0.6483 0.6483 0.1624 0.1624 0.1624 0.1624 0.6483 0.6483 0.1624 0.1624 0.6483 0.6483 0.1624 0.6483 0.1624 0.1624
127 119 015 020 0.1624 0.1624 0.1624 0.6483 0.6483 0.6483 0.6483 0.6483 0.6483 0.6483 0.6483 0.1624 0.1624 0.6483 0.1624 0.6483
119 015 020 277 0.1624 0.1624 0.6483 0.1624 0.1624 0.1624 0.6483 0.1624 0.1624 0.1624 0.6483 0.1624 0.6483 0.1624 0.6483 0.1624
015 020 277 296 0.1624 0.1624 0.6483 0.1624 0.6483 0.6483 0.1624 0.6483 0.6483 0.1624 0.6483 0.6483 0.6483 0.6483 0.1624 0.1624
020 277 296 012 0.6483 0.1624 0.1624 0.1624 0.6483 0.1624 0.1624 0.6483 0.1624 0.1624 0.1624 0.1624 0.1624 0.1624 0.1624 0.1624
277 296 012 193 0.6483 0.6483 0.6483 0.1624 0.1624 0.6483 0.1624 0.1624 0.1624 0.1624 0.6483 0.1624 0.1624 0.6483 0.1624 0.6483
296 012 193 354 0.6483 0.6483 0.6483 0.1624 0.6483 0.6483 0.6483 0.1624 0.1624 0.1624 0.6483 0.1624 0.1624 0.1624 0.1624 0.1624
012 193 354 307 0.6483 0.6483 0.1624 0.1624 0.6483 0.6483 0.6483 0.6483 0.1624 0.6483 0.6483 0.6483 0.6483 0.6483 0.1624 0.1624
193 354 307 045 0.1624 0.6483 0.1624 0.1624 0.1624 0.6483 0.6483 0.6483 0.6483 0.1624 0.6483 0.6483 0.1624 0.6483 0.6483 0.6483
354 307 045 158 0.6483 0.6483 0.1624 0.1624 0.6483 0.6483 0.1624 0.1624 0.1624 0.1624 0.1624 0.6483 0.6483 0.1624 0.6483 0.1624
307 045 158 255 0.6483 0.6483 0.6483 0.6483 0.6483 0.1624 0.1624 0.1624 0.6483 0.6483 0.6483 0.6483 0.1624 0.6483 0.6483 0.1624
045 158 255 266 0.1624 0.6483 0.6483 0.6483 0.6483 0.6483 0.6483 0.1624 0.6483 0.1624 0.6483 0.1624 0.1624 0.6483 0.1624 0.6483
158 255 266 095 0.1624 0.6483 0.1624 0.1624 0.1624 0.6483 0.6483 0.1624 0.1624 0.1624 0.1624 0.6483 0.1624 0.1624 0.1624 0.6483
255 266 095 312 0.6483 0.6483 0.1624 0.6483 0.6483 0.6483 0.6483 0.1624 0.1624 0.6483 0.1624 0.6483 0.1624 0.6483 0.6483 0.6483
266 095 312 274 0.6483 0.1624 0.1624 0.6483 0.1624 0.1624 0.6483 0.6483 0.1624 0.6483 0.1624 0.6483 0.6483 0.6483 0.6483 0.1624
095 312 274 232 0.6483 0.6483 0.6483 0.6483 0.1624 0.6483 0.6483 0.1624 0.6483 0.6483 0.1624 0.1624 0.1624 0.1624 0.6483 0.6483
312 274 232 265 0.1624 0.6483 0.1624 0.1624 0.1624 0.6483 0.1624 0.6483 0.6483 0.6483 0.1624 0.1624 0.6483 0.1624 0.6483 0.1624
274 232 265 221 0.6483 0.6483 0.1624 0.1624 0.1624 0.1624 0.6483 0.6483 0.1624 0.1624 0.1624 0.6483 0.1624 0.1624 0.6483 0.1624
232 265 221 151 0.6483 0.1624 0.1624 0.6483 0.1624 0.6483 0.6483 0.1624 0.6483 0.6483 0.1624 0.6483 0.1624 0.1624 0.1624 0.6483
265 221 151 324 0.1624 0.1624 0.6483 0.1624 0.1624 0.1624 0.6483 0.6483 0.1624 0.6483 0.6483 0.1624 0.1624 0.1624 0.6483 0.1624
221 151 324 035 0.1624 0.6483 0.1624 0.6483 0.1624 0.6483 0.1624 0.1624 0.1624 0.1624 0.6483 0.1624 0.1624 0.6483 0.6483 0.1624
151 324 035 252 0.6483 0.1624 0.6483 0.6483 0.6483 0.6483 0.1624 0.1624 0.1624 0.1624 0.6483 0.6483 0.1624 0.1624 0.6483 0.6483
324 035 252 311 0.6483 0.6483 0.1624 0.6483 0.6483 0.6483 0.1624 0.1624 0.6483 0.6483 0.6483 0.1624 0.6483 0.1624 0.1624 0.6483
035 252 311 300 0.1624 0.6483 0.1624 0.1624 0.6483 0.1624 0.6483 0.6483 0.6483 0.1624 0.1624 0.6483 0.1624 0.6483 0.6483 0.1624
252 311 300 304 0.1624 0.6483 0.6483 0.6483 0.6483 0.1624 0.6483 0.1624 0.1624 0.6483 0.1624 0.6483 0.6483 0.6483 0.6483 0.6483
311 300 304 202 0.1624 0.6483 0.1624 0.6483 0.1624 0.1624 0.1624 0.6483 0.1624 0.1624 0.6483 0.6483 0.6483 0.1624 0.6483 0.1624
300 304 202 050 0.1624 0.6483 0.1624 0.1624 0.6483 0.6483 0.1624 0.1624 0.1624 0.6483 0.6483 0.1624 0.6483 0.1624 0.6483 0.6483
304 202 050 104 0.1624 0.6483 0.1624 0.6483 0.6483 0.6483 0.6483 0.6483 0.6483 0.6483 0.1624 0.1624 0.6483 0.1624 0.1624 0.6483
202 050 104 351 0.6483 0.6483 0.6483 0.1624 0.6483 0.1624 0.1624 0.6483 0.6483 0.6483 0.6483 0.6483 0.6483 0.1624 0.6483 0.6483
050 104 351 076 0.1624 0.1624 0.6483 0.1624 0.1624 0.1624 0.6483 0.6483 0.6483 0.1624 0.6483 0.1624 0.6483 0.1624 0.6483 0.1624
104 351 076 084 0.1624 0.6483 0.6483 0.1624 0.1624 0.1624 0.1624 0.6483 0.6483 0.1624 0.6483 0.6483 0.6483 0.6483 0.1624 0.1624
351 076 084 118 0.6483 0.1624 0.6483 0.6483 0.6483 0.1624 0.6483 0.6483 0.1624 0.1624 0.6483 0.1624 0.6483 0.6483 0.1624 0.6483
076 084 118 317 0.1624 0.6483 0.6483 0.1624 0.1624 0.6483 0.6483 0.6483 0.1624 0.6483 0.1624 0.6483 0.1624 0.1624 0.6483 0.1624
084 118 317 291 0.1624 0.6483 0.6483 0.6483 0.6483 0.6483 0.6483 0.1624 0.1624 0.6483 0.1624 0.1624 0.1624 0.6483 0.6483 0.6483
118 317 291 093 0.6483 0.1624 0.6483 0.6483 0.6483 0.6483 0.6483 0.1624 0.6483 0.6483 0.6483 0.1624 0.6483 0.1624 0.1624 0.1624
317 291 093 144 0.6483 0.6483 0.6483 0.6483 0.1624 0.6483 0.6483 0.6483 0.6483 0.1624 0.6483 0.6483 0.1624 0.1624 0.1624 0.1624
291 093 144 225 0.6483 0.6483 0.6483 0.6483 0.1624 0.6483 0.1624 0.1624 0.6483 0.6483 0.6483 0.1624 0.6483 0.6483 0.6483 0.1624
093 144 225 200 0.6483 0.1624 0.6483 0.6483 0.6483 0.6483 0.1624 0.6483 0.6483 0.1624 0.1624 0.6483 0.1624 0.1624 0.6483 0.1624
144 225 200 216 0.6483 0.6483 0.1624 0.1624 0.1624 0.1624 0.6483 0.6483 0.6483 0.1624 0.1624 0.6483 0.6483 0.6483 0.1624 0.6483
225 200 216 179 0.1624 0.6483 0.6483 0.1624 0.6483 0.6483 0.1624 0.1624 0.1624 0.1624 0.6483 0.6483 0.1624 0.6483 0.6483 0.6483
200 216 179 166 0.1624 0.1624 0.1624 0.1624 0.6483 0.1624 0.6483 0.1624 0.6483 0.6483 0.1624 0.6483 0.6483 0.6483 0.1624 0.6483
216 179 166 044 0.6483 0.6483 0.6483 0.6483 0.1624 0.6483 0.1624 0.6483 0.6483 0.6483 0.6483 0.1624 0.6483 0.1624 0.1624 0.1624
179 166 044 353 0.6483 0.1624 0.6483 0.6483 0.6483 0.6483 0.6483 0.1624 0.1624 0.1624 0.6483 0.1624 0.6483 0.6483 0.6483 0.1624
166 044 353 148 0.6483 0.1624 0.6483 0.1624 0.6483 0.1624 0.6483 0.1624 0.6483 0.1624 0.1624 0.6483 0.1624 0.6483 0.1624 0.1624
044 353 148 048 0.1624 0.6483 0.1624 0.1624 0.1624 0.1624 0.1624 0.1624 0.6483 0.1624 0.1624 0.1624 0.6483 0.1624 0.1624 0.1624
353 148 048 297 0.1624 0.1624 0.1624 0.6483 0.6483 0.1624 0.1624 0.1624 0.6483 0.1624 0.1624 0.1624 0.6483 0.1624 0.6483 0.1624
148 048 297 310 0.6483 0.1624 0.1624 0.1624 0.1624 0.6483 0.1624 0.6483 0.1624 0.1624 0.6483 0.6483 0.6483 0.1624 0.1624 0.1624
048 297 310 259 0.1624 0.6483 0.1624 0.6483 0.1624 0.1624 0.1624 0.6483 0.6483 0.6483 0.1624 0.1624 0.6483 0.1624 0.1624 0.6483
297 310 259 132 0.6483 0.6483 0.6483 0.6483 0.6483 0.6483 0.1624 0.6483 0.6483 0.6483 0.1624 0.6483 0.6483 0.6483 0.1624 0.1624
310 259 132 207 0.1624 0.6483 0.1624 0.1624 0.1624 0.1624 0.6483 0.1624 0.6483 0.6483 0.6483 0.1624 0.1624 0.6483 0.6483 0.1624
259 132 207 288 0.1624 0.1624 0.1624 0.6483 0.1624 0.6483 0.6483 0.1624 0.1624 0.6483 0.6483 0.1624 0.1624 0.1624 0.1624 0.6483
132 207 288 009 0.6483 0.6483 0.6483 0.6483 0.6483 0.1624 0.1624 0.1624 0.1624 0.6483 0.1624 0.6483 0.6483 0.1624 0.1624 0.6483
207 288 009 313 0.6483 0.1624 0.1624 0.6483 0.1624 0.6483 0.6483 0.6483 0.6483 0.1624 0.6483 0.1624 0.1624 0.6483 0.1624 0.1624
288 009 313 170 0.6483 0.1624 0.6483 0.6483 0.1624 0.1624 0.6483 0.6483 0.6483 0.1624 0.1624 0.1624 0.1624 0.6483 0.6483 0.6483
009 313 170 199 0.1624 0.1624 0.6483 0.6483 0.6483 0.1624 0.1624 0.6483 0.6483 0.6483 0.6483 0.6483 0.6483 0.1624 0.6483 0.1624
313 170 199 279 0.6483 0.1624 0.1624 0.1624 0.1624 0.6483 0.1624 0.1624 0.6483 0.6483 0.6483 0.1624 0.6483 0.1624 0.1624 0.6483
170 199 279 006 0.1624 0.6483 0.1624 0.6483 0.1624 0.1624 0.1624 0.6483 0.1624 0.1624 0.1624 0.6483 0.6483 0.1624 0.1624 0.6483
199 279 006 305 0.6483 0.6483 0.6483 0.6483 0.6483 0.1624 0.1624 0.6483 0.1624 0.6483 0.1624 0.1624 0.1624 0.6483 0.6483 0.6483
279 006 305 007 0.6483 0.1624 0.6483 0.6483 0.1624 0.6483 0.1624 0.6483 0.1624 0.1624 0.6483 0.1624 0.1624 0.6483 0.1624 0.1624
006 305 007 323 0.6483 0.1624 0.1624 0.6483 0.1624 0.6483 0.1624 0.6483 0.6483 0.1624 0.6483 0.6483 0.6483 0.6483 0.6483 0.6483
305 007 323 303 0.1624 0.1624 0.1624 0.6483 0.6483 0.1624 0.1624 0.1624 0.1624 0.6483 0.6483 0.1624 0.6483 0.6483 0.6483 0.1624
007 323 303 155 0.1624 0.1624 0.1624 0.6483 0.6483 0.6483 0.1624 0.1624 0.1624 0.1624 0.1624 0.1624 0.1624 0.6483 0.6483 0.1624
323 303 155 238 0.1624 0.6483 0.6483 0.1624 0.1624 0.6483 0.6483 0.6483 0.1624 0.1624 0.6483 0.6483 0.1624 0.6483 0.1624 0.1624
303 155 238 314 0.6483 0.6483 0.6483 0.6483 0.6483 0.6483 0.6483 0.1624 0.1624 0.1624 0.6483 0.1624 0.6483 0.6483 0.1624 0.1624
155 238 314 156 0.6483 0.6483 0.1624 0.6483 0.6483 0.1624 0.1624 0.6483 0.6483 0.1624 0.1624 0.1624 0.6483 0.6483 0.6483 0.1624
238 314 156 247 0.6483 0.6483 0.6483 0.6483 0.6483 0.1624 0.6483 0.1624 0.1624 0.6483 0.6483 0.1624 0.6483 0.1624 0.6483 0.6483
314 156 247 342 0.6483 0.1624 0.6483 0.6483 0.6483 0.1624 0.1624 0.6483 0.1624 0.1624 0.1624 0.1624 0.6483 0.6483 0.1624 0.6483
156 247 342 292 0.1624 0.1624 0.6483 0.6483 0.6483 0.6483 0.1624 0.1624 0.1624 0.1624 0.6483 0.1624 0.1624 0.6483 0.1624 0.1624
247 342 292 074 0.6483 0.1624 0.6483 0.6483 0.1624 0.1624 0.6483 0.6483 0.1624 0.6483 0.1624 0.6483 0.6483 0.1624 0.6483 0.6483
342 292 074 341 0.1624 0.1624 0.6483 0.1624 0.6483 0.6483 0.6483 0.1624 0.6483 0.1624 0.6483 0.1624 0.6483 0.6483 0.1624 0.1624
292 074 341 285 0.1624 0.6483 0.1624 0.1624 0.6483 0.1624 0.6483 0.6483 0.6483 0.1624 0.1624 0.6483 0.6483 0.1624 0.6483 0.6483
074 341 285 236 0.1624 0.1624 0.6483 0.6483 0.1624 0.6483 0.6483 0.6483 0.6483 0.1624 0.1624 0.6483 0.1624 0.6483 0.1624 0.6483
341 285 236 134 0.6483 0.1624 0.1624 0.1624 0.6483 0.6483 0.1624 0.6483 0.6483 0.6483 0.6483 0.6483 0.6483 0.1624 0.6483 0.1624
285 236 134 251 0.6483 0.6483 0.6483 0.1624 0.1624 0.6483 0.6483 0.6483 0.1624 0.1624 0.1624 0.1624 0.1624 0.6483 0.1624 0.1624
236 134 251 326 0.1624 0.6483 0.6483 0.6483 0.6483 0.1624 0.1624 0.6483 0.1624 0.6483 0.6483 0.6483 0.6483 0.1624 0.6483 0.1624
134 251 326 013 0.1624 0.6483 0.6483 0.6483 0.1624 0.6483 0.1624 0.1624 0.1624 0.6483 0.6483 0.1624 0.1624 0.6483 0.6483 0.6483
251 326 013 196 0.1624 0.6483 0.1624 0.6483 0.1624 0.1624 0.1624 0.1624 0.1624 0.6483 0.6483 0.1624 0.1624 0.6483 0.6483 0.1624
326 013 196 198 0.6483 0.1624 0.1624 0.6483 0.6483 0.6483 0.6483 0.1624 0.1624 0.1624 0.6483 0.6483 0.6483 0.1624 0.6483 0.1624
013 196 198 124 0.6483 0.1624 0.6483 0.6483 0.6483 0.6483 0.6483 0.6483 0.1624 0.6483 0.1624 0.6483 0.1624 0.6483 0.1624 0.1624
196 198 124 046 0.6483 0.6483 0.1624 0.6483 0.1624 0.1624 0.1624 0.1624 0.6483 0.1624 0.6483 0.1624 0.6483 0.1624 0.1624 0.6483
198 124 046 352 0.1624 0.1624 0.6483 0.1624 0.1624 0.1624 0.6483 0.1624 0.6483 0.1624 0.6483 0.6483 0.1624 0.6483 0.6483 0.6483
124 046 352 066 0.1624 0.6483 0.6483 0.6483 0.1624 0.1624 0.1624 0.6483 0.6483 0.1624 0.1624 0.1624 0.6483 0.6483 0.6483 0.1624
046 352 066 120 0.6483 0.6483 0.6483 0.6483 0.1624 0.1624 0.1624 0.6483 0.6483 0.6483 0.6483 0.1624 0.6483 0.1624 0.6483 0.6483
352 066 120 293 0.1624 0.1624 0.1624 0.1624 0.6483 0.1624 0.1624 0.1624 0.1624 0.6483 0.6483 0.6483 0.6483 0.1624 0.1624 0.1624
066 120 293 245 0.1624 0.1624 0.1624 0.1624 0.1624 0.1624 0.1624 0.6483 0.6483 0.1624 0.6483 0.6483 0.6483 0.6483 0.1624 0.6483
120 293 245 004 0.6483 0.1624 0.1624 0.6483 0.1624 0.6483 0.1624 0.6483 0.6483 0.6483 0.1624 0.1624 0.1624 0.1624 0.1624 0.1624
293 245 004 172 0.1624 0.6483 0.6483 0.1624 0.1624 0.1624 0.1624 0.1624 0.1624 0.6483 0.1624 0.6483 0.6483 0.1624 0.6483 0.6483
245 004 172 040 0.1624 0.6483 0.1624 0.1624 0.6483 0.1624 0.6483 0.1624 0.1624 0.6483 0.1624 0.6483 0.6483 0.1624 0.6483 0.6483
004 172 040 067 0.1624 0.1624 0.6483 0.1624 0.1624 0.6483 0.1624 0.1624 0.6483 0.6483 0.1624 0.1624 0.6483 0.1624 0.6483 0.6483
172 040 067 302 0.6483 0.6483 0.6483 0.1624 0.1624 0.6483 0.6483 0.1624 0.1624 0.1624 0.6483 0.6483 0.6483 0.1624 0.1624 0.1624
040 067 302 347 0.1624 0.6483 0.6483 0.6483 0.1624 0.1624 0.1624 0.6483 0.1624 0.1624 0.1624 0.6483 0.1624 0.6483 0.6483 0.6483
067 302 347 301 0.1624 0.1624 0.1624 0.1624 0.1624 0.6483 0.1624 0.1624 0.1624 0.6483 0.6483 0.1624 0.6483 0.1624 0.6483 0.1624
302 347 301 240 0.1624 0.1624 0.1624 0.6483 0.1624 0.6483 0.1624 0.6483 0.6483 0.6483 0.1624 0.6483 0.1624 0.1624 0.1624 0.6483
347 301 240 096 0.1624 0.1624 0.6483 0.6483 0.6483 0.1624 0.6483 0.6483 0.1624 0.6483 0.6483 0.1624 0.6483 0.6483 0.1624 0.1624
301 240 096 209 0.1624 0.1624 0.1624 0.6483 0.1624 0.1624 0.1624 0.6483 0.1624 0.1624 0.1624 0.6483 0.1624 0.1624 0.1624 0.1624
240 096 209 197 0.6483 0.6483 0.1624 0.6483 0.1624 0.1624 0.1624 0.1624 0.1624 0.1624 0.1624 0.6483 0.1624 0.6483 0.1624 0.6483
096 209 197 315 0.1624 0.1624 0.6483 0.1624 0.1624 0.1624 0.6483 0.1624 0.6483 0.6483 0.6483 0.1624 0.1624 0.1624 0.6483 0.1624
209 197 315 281 0.1624 0.1624 0.1624 0.6483 0.6483 0.6483 0.1624 0.6483 0.1624 0.6483 0.1624 0.1624 0.6483 0.6483 0.1624 0.1624
197 315 281 026 0.1624 0.1624 0.1624 0.1624 0.1624 0.1624 0.1624 0.1624 0.6483 0.1624 0.6483 0.1624 0.6483 0.6483 0.6483 0.6483
315 281 026 056 0.1624 0.6483 0.6483 0.1624 0.1624 0.1624 0.6483 0.6483 0.1624 0.1624 0.1624 0.1624 0.6483 0.6483 0.1624 0.1624
281 026 056 014 0.1624 0.1624 0.6483 0.1624 0.1624 0.6483 0.1624 0.6483 0.1624 0.1624 0.6483 0.6483 0.6483 0.1624 0.6483 0.1624
026 056 014 280 0.6483 0.1624 0.6483 0.1624 0.6483 0.1624 0.1624 0.6483 0.1624 0.1624 0.6483 0.1624 0.1624 0.6483 0.6483 0.6483
056 014 280 271 0.6483 0.1624 0.6483 0.6483 0.1624 0.6483 0.6483 0.1624 0.6483 0.6483 0.6483 0.6483 0.1624 0.6483 0.6483 0.1624
014 280 271 261 0.1624 0.1624 0.6483 0.6483 0.1624 0.1624 0.1624 0.6483 0.6483 0.6483 0.6483 0.1624 0.6483 0.1624 0.1624 0.6483
280 271 261 114 0.1624 0.6483 0.1624 0.1624 0.1624 0.1624 0.6483 0.1624 0.1624 0.6483 0.1624 0.6483 0.1624 0.1624 0.6483 0.1624
271 261 114 058 0.1624 0.6483 0.6483 0.6483 0.6483 0.6483 0.1624 0.6483 0.1624 0.1624 0.1624 0.6483 0.1624 0.1624 0.1624 0.1624
261 114 058 091 0.1624 0.6483 0.6483 0.6483 0.6483 0.1624 0.1624 0.1624 0.1624 0.1624 0.6483 0.1624 0.6483 0.1624 0.1624 0.6483
114 058 091 157 0.1624 0.1624 0.1624 0.1624 0.1624 0.6483 0.1624 0.6483 0.6483 0.1624 0.1624 0.6483 0.1624 0.1624 0.1624 0.1624
058 091 157 262 0.6483 0.1624 0.6483 0.1624 0.1624 0.6483 0.1624 0.6483 0.6483 0.1624 0.6483 0.1624 0.1624 0.6483 0.1624 0.1624
091 157 262 189 0.1624 0.1624 0.1624 0.1624 0.1624 0.1624 0.6483 0.6483 0.1624 0.6483 0.1624 0.1624 0.6483 0.6483 0.1624 0.6483
157 262 189 234 0.6483 0.6483 0.1624 0.6483 0.1624 0.1624 0.1624 0.1624 0.6483 0.6483 0.6483 0.6483 0.6483 0.1624 0.1624 0.6483
262 189 234 073 0.6483 0.6483 0.1624 0.6483 0.6483 0.1624 0.1624 0.6483 0.6483 0.6483 0.1624 0.6483 0.6483 0.6483 0.1624 0.1624
189 234 073 246 0.1624 0.1624 0.6483 0.1624 0.1624 0.6483 0.6483 0.1624 0.1624 0.1624 0.6483 0.6483 0.1624 0.1624 0.6483 0.1624
234 073 246 083 0.6483 0.1624 0.6483 0.1624 0.1624 0.1624 0.6483 0.1624 0.6483 0.6483 0.6483 0.1624 0.6483 0.1624 0.6483 0.1624
073 246 083 023 0.1624 0.1624 0.6483 0.6483 0.1624 0.6483 0.1624 0.6483 0.1624 0.1624 0.6483 0.1624 0.6483 0.1624 0.6483 0.6483
246 083 023 210 0.1624 0.1624 0.6483 0.1624 0.6483 0.1624 0.6483 0.1624 0.1624 0.1624 0.1624 0.6483 0.6483 0.6483 0.6483 0.6483
083 023 210 087 0.1624 0.1624 0.6483 0.6483 0.6483 0.6483 0.6483 0.6483 0.1624 0.6483 0.6483 0.6483 0.6483 0.6483 0.6483 0.1624
023 210 087 160 0.1624 0.1624 0.1624 0.6483 0.6483 0.1624 0.1624 0.1624 0.1624 0.1624 0.1624 0.6483 0.6483 0.1624 0.1624 0.6483
210 087 160 115 0.1624 0.1624 0.1624 0.1624 0.1624 0.6483 0.6483 0.1624 0.6483 0.1624 0.6483 0.1624 0.1624 0.6483 0.6483 0.1624
087 160 115 263 0.6483 0.1624 0.1624 0.1624 0.1624 0.6483 0.1624 0.6483 0.1624 0.1624 0.6483 0.6483 0.1624 0.1624 0.6483 0.6483
160 115 263 164 0.6483 0.6483 0.6483 0.1624 0.1624 0.6483 0.1624 0.1624 0.1624 0.1624 0.1624 0.6483 0.6483 0.1624 0.1624 0.1624
115 263 164 309 0.6483 0.1624 0.6483 0.1624 0.6483 0.1624 0.6483 0.1624 0.6483 0.6483 0.6483 0.6483 0.1624 0.6483 0.6483 0.6483
263 164 309 284 0.1624 0.1624 0.1624 0.6483 0.6483 0.1624 0.6483 0.6483 0.1624 0.6483 0.1624 0.6483 0.1624 0.1624 0.6483 0.1624
164 309 284 336 0.6483 0.6483 0.6483 0.1624 0.6483 0.1624 0.1624 0.1624 0.6483 0.1624 0.6483 0.1624 0.6483 0.1624 0.1624 0.6483
309 284 336 028 0.6483 0.1624 0.1624 0.1624 0.1624 0.6483 0.1624 0.6483 0.6483 0.1624 0.1624 0.1624 0.6483 0.6483 0.6483 0.6483
284 336 028 011 0.1624 0.6483 0.6483 0.1624 0.1624 0.1624 0.6483 0.1624 0.6483 0.6483 0.6483 0.6483 0.1624 0.6483 0.1624 0.1624
336 028 011 065 0.1624 0.6483 0.1624 0.6483 0.1624 0.6483 0.6483 0.6483 0.6483 0.1624 0.6483 0.1624 0.1624 0.1624 0.1624 0.1624
028 011 065 204 0.1624 0.1624 0.6483 0.6483 0.1624 0.1624 0.6483 0.6483 0.1624 0.1624 0.1624 0.1624 0.1624 0.1624 0.6483 0.6483
011 065 204 037 0.1624 0.6483 0.1624 0.6483 0.1624 0.6483 0.6483 0.1624 0.6483 0.6483 0.6483 0.1624 0.6483 0.6483 0.6483 0.1624
065 204 037 230 0.6483 0.6483 0.1624 0.6483 0.1624 0.6483 0.6483 0.6483 0.1624 0.6483 0.6483 0.1624 0.1624 0.1624 0.6483 0.1624
204 037 230 135 0.1624 0.6483 0.6483 0.6483 0.1624 0.6483 0.1624 0.6483 0.1624 0.1624 0.6483 0.6483 0.1624 0.1624 0.1624 0.1624
037 230 135 335 0.1624 0.1624 0.1624 0.6483 0.1624 0.6483 0.1624 0.6483 0.6483 0.6483 0.1624 0.6483 0.6483 0.6483 0.6483 0.6483
230 135 335 052 0.1624 0.6483 0.6483 0.1624 0.6483 0.6483 0.1624 0.6483 0.6483 0.6483 0.1624 0.6483 0.1624 0.1624 0.6483 0.1624
135 335 052 325 0.6483 0.1624 0.6483 0.6483 0.6483 0.1624 0.6483 0.1624 0.1624 0.1624 0.6483 0.6483 0.1624 0.1624 0.6483 0.6483
335 052 325 173 0.6483 0.1624 0.1624 0.6483 0.1624 0.1624 0.1624 0.6483 0.6483 0.1624 0.6483 0.6483 0.1624 0.6483 0.1624 0.1624
052 325 173 205 0.1624 0.6483 0.1624 0.6483 0.6483 0.1624 0.1624 0.6483 0.1624 0.6483 0.1624 0.1624 0.1624 0.6483 0.1624 0.6483
325 173 205 264 0.6483 0.1624 0.1624 0.1624 0.6483 0.1624 0.1624 0.6483 0.6483 0.1624 0.1624 0.6483 0.6483 0.6483 0.1624 0.6483
173 205 264 105 0.6483 0.1624 0.1624 0.6483 0.6483 0.6483 0.6483 0.1624 0.1624 0.6483 0.1624 0.6483 0.6483 0.6483 0.6483 0.6483
205 264 105 208 0.1624 0.6483 0.1624 0.1624 0.6483 0.6483 0.1624 0.6483 0.1624 0.1624 0.6483 0.6483 0.6483 0.1624 0.1624 0.1624
264 105 208 142 0.6483 0.1624 0.6483 0.1624 0.1624 0.6483 0.1624 0.6483 0.6483 0.6483 0.1624 0.6483 0.6483 0.1624 0.1624 0.6483
105 208 142 258 0.6483 0.1624 0.1624 0.1624 0.1624 0.6483 0.1624 0.1624 0.6483 0.6483 0.1624 0.1624 0.1624 0.6483 0.6483 0.6483
208 142 258 233 0.6483 0.1624 0.6483 0.6483 0.6483 0.1624 0.1624 0.6483 0.6483 0.6483 0.6483 0.6483 0.6483 0.6483 0.1624 0.1624
142 258 233 194 0.6483 0.1624 0.1624 0.1624 0.1624 0.6483 0.1624 0.1624 0.1624 0.6483 0.6483 0.1624 0.6483 0.1624 0.6483 0.6483
258 233 194 072 0.1624 0.1624 0.1624 0.6483 0.6483 0.6483 0.1624 0.6483 0.6483 0.1624 0.1624 0.1624 0.6483 0.6483 0.6483 0.6483
233 194 072 320 0.1624 0.6483 0.6483 0.6483 0.1624 0.1624 0.6483 0.6483 0.1624 0.1624 0.6483 0.6483 0.6483 0.1624 0.1624 0.6483
194 072 320 269 0.1624 0.6483 0.6483 0.6483 0.6483 0.6483 0.1624 0.1624 0.1624 0.6483 0.6483 0.6483 0.6483 0.6483 0.1624 0.1624
072 320 269 227 0.6483 0.6483 0.1624 0.1624 0.6483 0.1624 0.1624 0.6483 0.1624 0.1624 0.6483 0.6483 0.1624 0.6483 0.1624 0.1624
320 269 227 112 0.1624 0.6483 0.6483 0.6483 0.1624 0.6483 0.6483 0.1624 0.1624 0.1624 0.1624 0.6483 0.6483 0.1624 0.6483 0.1624
269 227 112 330 0.6483 0.6483 0.1624 0.6483 0.6483 0.6483 0.1624 0.1624 0.1624 0.1624 0.1624 0.6483 0.1624 0.1624 0.6483 0.6483
227 112 330 081 0.1624 0.1624 0.1624 0.6483 0.1624 0.6483 0.1624 0.1624 0.6483 0.1624 0.1624 0.6483 0.1624 0.1624 0.1624 0.1624
112 330 081 344 0.6483 0.1624 0.6483 0.1624 0.1624 0.1624 0.6483 0.6483 0.1624 0.1624 0.6483 0.6483 0.1624 0.6483 0.1624 0.6483
330 081 344 226 0.1624 0.6483 0.6483 0.6483 0.6483 0.6483 0.1624 0.1624 0.6483 0.1624 0.1624 0.6483 0.1624 0.1624 0.6483 0.6483
081 344 226 079 0.6483 0.1624 0.1624 0.1624 0.6483 0.1624 0.1624 0.1624 0.6483 0.1624 0.6483 0.6483 0.1624 0.6483 0.6483 0.1624
344 226 079 111 0.1624 0.1624 0.1624 0.1624 0.1624 0.6483 0.6483 0.1624 0.1624 0.6483 0.1624 0.1624 0.6483 0.1624 0.6483 0.1624
226 079 111 177 0.1624 0.6483 0.1624 0.6483 0.1624 0.1624 0.1624 0.1624 0.1624 0.6483 0.1624 0.1624 0.6483 0.6483 0.6483 0.1624
079 111 177 038 0.1624 0.1624 0.6483 0.1624 0.6483 0.6483 0.6483 0.6483 0.1624 0.6483 0.6483 0.1624 0.6483 0.1624 0.1624 0.1624
111 177 038 125 0.1624 0.6483 0.6483 0.1624 0.1624 0.6483 0.6483 0.6483 0.1624 0.6483 0.6483 0.1624 0.6483 0.6483 0.6483 0.1624
177 038 125 282 0.6483 0.1624 0.6483 0.1624 0.1624 0.6483 0.1624 0.1624 0.1624 0.1624 0.1624 0.6483 0.1624 0.1624 0.1624 0.6483
038 125 282 025 0.6483 0.1624 0.1624 0.1624 0.1624 0.1624 0.1624 0.6483 0.1624 0.6483 0.6483 0.6483 0.1624 0.6483 0.1624 0.1624
125 282 025 348 0.6483 0.6483 0.6483 0.6483 0.6483 0.1624 0.6483 0.1624 0.1624 0.6483 0.1624 0.6483 0.1624 0.6483 0.1624 0.6483
282 025 348 149 0.1624 0.1624 0.1624 0.1624 0.1624 0.6483 0.1624 0.6483 0.1624 0.1624 0.1624 0.1624 0.1624 0.1624 0.6483 0.6483
025 348 149 075 0.6483 0.1624 0.1624 0.6483 0.1624 0.6483 0.6483 0.6483 0.1624 0.6483 0.1624 0.6483 0.1624 0.1624 0.1624 0.1624
348 149 075 242 0.6483 0.6483 0.1624 0.1624 0.6483 0.6483 0.6483 0.6483 0.6483 0.6483 0.1624 0.1624 0.6483 0.1624 0.6483 0.1624
149 075 242 063 0.6483 0.6483 0.1624 0.6483 0.6483 0.6483 0.1624 0.1624 0.6483 0.1624 0.1624 0.1624 0.1624 0.6483 0.6483 0.1624
075 242 063 322 0.1624 0.1624 0.1624 0.1624 0.6483 0.1624 0.1624 0.6483 0.6483 0.6483 0.1624 0.6483 0.1624 0.1624 0.1624 0.6483
242 063 322 133 0.6483 0.6483 0.6483 0.6483 0.6483 0.6483 0.1624 0.6483 0.1624 0.6483 0.6483 0.1624 0.1624 0.1624 0.6483 0.6483
063 322 133 064 0.6483 0.6483 0.1624 0.1624 0.1624 0.1624 0.1624 0.6483 0.6483 0.1624 0.6483 0.6483 0.1624 0.1624 0.1624 0.6483
322 133 064 321 0.1624 0.1624 0.6483 0.1624 0.6483 0.1624 0.6483 0.6483 0.1624 0.6483 0.6483 0.6483 0.1624 0.6483 0.1624 0.6483
133 064 321 126 0.1624 0.1624 0.1624 0.6483 0.1624 0.6483 0.6483 0.6483 0.1624 0.6483 0.6483 0.1624 0.6483 0.6483 0.1624 0.6483
064 321 126 121 0.1624 0.6483 0.6483 0.6483 0.6483 0.1624 0.6483 0.1624 0.6483 0.6483 0.1624 0.6483 0.1624 0.6483 0.1624 0.1624
321 126 121 098 0.1624 0.6483 0.6483 0.1624 0.1624 0.1624 0.1624 0.6483 0.6483 0.1624 0.1624 0.1624 0.6483 0.1624 0.1624 0.6483
126 121 098 051 0.1624 0.6483 0.1624 0.1624 0.6483 0.6483 0.6483 0.6483 0.6483 0.6483 0.1624 0.6483 0.1624 0.1624 0.1624 0.6483
121 098 051 180 0.1624 0.6483 0.1624 0.1624 0.6483 0.1624 0.6483 0.6483 0.1624 0.6483 0.1624 0.1624 0.6483 0.1624 0.6483 0.6483
098 051 180 220 0.6483 0.1624 0.1624 0.1624 0.6483 0.1624 0.6483 0.1624 0.6483 0.6483 0.1624 0.1624 0.6483 0.1624 0.6483 0.6483
051 180 220 267 0.1624 0.6483 0.1624 0.1624 0.6483 0.6483 0.6483 0.6483 0.6483 0.1624 0.1624 0.6483 0.6483 0.1624 0.6483 0.6483
180 220 267 328 0.1624 0.1624 0.6483 0.1624 0.1624 0.1624 0.1624 0.6483 0.6483 0.1624 0.1624 0.6483 0.1624 0.6483 0.1624 0.6483
220 267 328 138 0.6483 0.1624 0.6483 0.1624 0.1624 0.1624 0.1624 0.6483 0.1624 0.6483 0.6483 0.6483 0.6483 0.6483 0.6483 0.1624
267 328 138 069 0.6483 0.1624 0.1624 0.6483 0.1624 0.6483 0.6483 0.1624 0.1624 0.6483 0.1624 0.1624 0.1624 0.6483 0.6483 0.1624
328 138 069 152 0.1624 0.1624 0.6483 0.6483 0.1624 0.6483 0.6483 0.1624 0.6483 0.1624 0.6483 0.6483 0.6483 0.6483 0.1624 0.6483
138 069 152 203 0.6483 0.6483 0.1624 0.1624 0.6483 0.6483 0.6483 0.6483 0.1624 0.1624 0.1624 0.6483 0.6483 0.1624 0.6483 0.6483
069 152 203 139 0.6483 0.1624 0.6483 0.1624 0.1624 0.1624 0.6483 0.1624 0.6483 0.1624 0.1624 0.6483 0.6483 0.6483 0.1624 0.1624
152 203 139 318 0.6483 0.6483 0.1624 0.6483 0.1624 0.6483 0.6483 0.1624 0.1624 0.6483 0.6483 0.6483 0.1624 0.6483 0.6483 0.1624
203 139 318 031 0.1624 0.1624 0.6483 0.6483 0.1624 0.6483 0.1624 0.1624 0.6483 0.6483 0.6483 0.1624 0.1624 0.6483 0.1624 0.1624
139 318 031 355 0.1624 0.6483 0.6483 0.6483 0.1624 0.1624 0.6483 0.6483 0.1624 0.1624 0.1624 0.6483 0.1624 0.1624 0.6483 0.1624
318 031 355 174 0.6483 0.6483 0.1624 0.1624 0.6483 0.1624 0.1624 0.6483 0.6483 0.1624 0.1624 0.1624 0.1624 0.6483 0.1624 0.6483
031 355 174 184 0.6483 0.1624 0.6483 0.6483 0.6483 0.1624 0.6483 0.6483 0.1624 0.1624 0.6483 0.1624 0.1624 0.1624 0.6483 0.6483
355 174 184 272 0.6483 0.1624 0.1624 0.6483 0.6483 0.6483 0.1624 0.6483 0.1624 0.1624 0.6483 0.6483 0.1624 0.6483 0.1624 0.1624
174 184 272 331 0.1624 0.1624 0.1624 0.1624 0.6483 0.6483 0.1624 0.6483 0.6483 0.6483 0.6483 0.1624 0.1624 0.6483 0.6483 0.1624
184 272 331 295 0.6483 0.6483 0.1624 0.1624 0.1624 0.1624 0.1624 0.6483 0.1624 0.1624 0.6483 0.6483 0.1624 0.6483 0.1624 0.1624
272 331 295 212 0.6483 0.1624 0.6483 0.6483 0.1624 0.1624 0.6483 0.6483 0.1624 0.6483 0.6483 0.1624 0.1624 0.1624 0.1624 0.1624
331 295 212 100 0.6483 0.1624 0.6483 0.6483 0.1624 0.6483 0.1624 0.6483 0.1624 0.6483 0.1624 0.1624 0.6483 0.6483 0.6483 0.1624
295 212 100 010 0.6483 0.6483 0.1624 0.1624 0.6483 0.6483 0.6483 0.1624 0.1624 0.1624 0.6483 0.6483 0.1624 0.1624 0.6483 0.6483
212 100 010 278 0.6483 0.1624 0.6483 0.6483 0.1624 0.1624 0.6483 0.6483 0.1624 0.6483 0.6483 0.1624 0.1624 0.6483 0.1624 0.1624
100 010 278 178 0.1624 0.1624 0.1624 0.1624 0.1624 0.1624 0.1624 0.1624 0.1624 0.1624 0.1624 0.6483 0.6483 0.1624 0.6483 0.6483
010 278 178 176 0.6483 0.1624 0.6483 0.1624 0.6483 0.1624 0.6483 0.6483 0.6483 0.1624 0.6483 0.6483 0.6483 0.1624 0.1624 0.6483
278 178 176 253 0.1624 0.1624 0.6483 0.1624 0.1624 0.6483 0.6483 0.1624 0.6483 0.6483 0.1624 0.6483 0.6483 0.1624 0.1624 0.6483
178 176 253 182 0.1624 0.6483 0.1624 0.6483 0.6483 0.1624 0.6483 0.1624 0.6483 0.6483 0.6483 0.1624 0.6483 0.6483 0.1624 0.6483
176 253 182 082 0.6483 0.1624 0.6483 0.1624 0.1624 0.6483 0.6483 0.6483 0.6483 0.6483 0.6483 0.6483 0.6483 0.6483 0.1624 0.6483
253 182 082 181 0.6483 0.1624 0.1624 0.6483 0.1624 0.1624 0.6483 0.6483 0.6483 0.1624 0.1624 0.1624 0.1624 0.1624 0.1624 0.1624
182 082 181 017 0.6483 0.1624 0.6483 0.1624 0.1624 0.6483 0.6483 0.6483 0.1624 0.6483 0.6483 0.1624 0.1624 0.1624 0.6483 0.6483
082 181 017 286 0.1624 0.1624 0.6483 0.6483 0.1624 0.1624 0.6483 0.6483 0.1624 0.1624 0.6483 0.1624 0.6483 0.6483 0.6483 0.1624
181 017 286 167 0.1624 0.6483 0.6483 0.1624 0.6483 0.1624 0.6483 0.6483 0.1624 0.1624 0.1624 0.6483 0.1624 0.6483 0.1624 0.1624
017 286 167 229 0.6483 0.1624 0.6483 0.1624 0.6483 0.1624 0.6483 0.6483 0.6483 0.1624 0.6483 0.6483 0.6483 0.6483 0.1624 0.6483
286 167 229 299 0.6483 0.6483 0.1624 0.1624 0.6483 0.1624 0.6483 0.1624 0.1624 0.6483 0.1624 0.6483 0.6483 0.6483 0.1624 0.6483
167 229 299 154 0.6483 0.6483 0.1624 0.1624 0.1624 0.1624 0.1624 0.6483 0.1624 0.1624 0.6483 0.6483 0.6483 0.1624 0.6483 0.6483
229 299 154 030 0.6483 0.1624 0.6483 0.6483 0.1624 0.6483 0.6483 0.1624 0.1624 0.1624 0.1624 0.1624 0.1624 0.6483 0.1624 0.6483
299 154 030 319 0.6483 0.1624 0.6483 0.1624 0.1624 0.6483 0.1624 0.6483 0.6483 0.6483 0.6483 0.1624 0.1624 0.1624 0.1624 0.1624
154 030 319 244 0.6483 0.6483 0.6483 0.1624 0.1624 0.1624 0.6483 0.6483 0.6483 0.1624 0.6483 0.1624 0.1624 0.1624 0.1624 0.6483
030 319 244 008 0.1624 0.6483 0.1624 0.1624 0.6483 0.1624 0.1624 0.6483 0.1624 0.1624 0.1624 0.6483 0.1624 0.6483 0.6483 0.6483
319 244 008 062 0.1624 0.6483 0.6483 0.6483 0.1624 0.1624 0.6483 0.1624 0.1624 0.6483 0.6483 0.1624 0.1624 0.6483 0.6483 0.1624
244 008 062 092 0.6483 0.1624 0.1624 0.1624 0.6483 0.6483 0.1624 0.1624 0.1624 0.6483 0.6483 0.1624 0.6483 0.6483 0.1624 0.1624
008 062 092 316 0.6483 0.6483 0.1624 0.1624 0.6483 0.1624 0.6483 0.6483 0.6483 0.6483 0.6483 0.1624 0.6483 0.6483 0.6483 0.1624
062 092 316 161 0.6483 0.1624 0.1624 0.1624 0.6483 0.6483 0.1624 0.6483 0.1624 0.6483 0.6483 0.1624 0.1624 0.1624 0.6483 0.1624
092 316 161 116 0.6483 0.6483 0.6483 0.1624 0.1624 0.6483 0.1624 0.6483 0.6483 0.1624 0.6483 0.6483 0.1624 0.6483 0.6483 0.6483
316 161 116 171 0.6483 0.6483 0.6483 0.1624 0.1624 0.1624 0.1624 0.6483 0.6483 0.1624 0.1624 0.1624 0.6483 0.6483 0.6483 0.6483
161 116 171 018 0.1624 0.6483 0.6483 0.6483 0.1624 0.1624 0.1624 0.1624 0.6483 0.1624 0.6483 0.1624 0.1624 0.6483 0.1624 0.1624
116 171 018 219 0.1624 0.1624 0.1624 0.6483 0.6483 0.1624 0.6483 0.1624 0.1624 0.1624 0.1624 0.1624 0.6483 0.1624 0.6483 0.1624
171 018 219 150 0.1624 0.6483 0.1624 0.6483 0.6483 0.1624 0.6483 0.1624 0.6483 0.6483 0.1624 0.1624 0.6483 0.6483 0.6483 0.6483
018 219 150 107 0.6483 0.6483 0.1624 0.6483 0.6483 0.1624 0.6483 0.1624 0.1624 0.6483 0.1624 0.6483 0.1624 0.6483 0.6483 0.1624
219 150 107 027 0.6483 0.1624 0.1624 0.6483 0.6483 0.1624 0.6483 0.6483 0.6483 0.1624 0.6483 0.6483 0.1624 0.1624 0.1624 0.1624
150 107 027 057 0.6483 0.6483 0.6483 0.1624 0.1624 0.1624 0.6483 0.6483 0.6483 0.6483 0.1624 0.6483 0.1624 0.6483 0.1624 0.1624
107 027 057 094 0.6483 0.1624 0.6483 0.1624 0.1624 0.6483 0.1624 0.1624 0.1624 0.1624 0.1624 0.1624 0.1624 0.1624 0.6483 0.1624
027 057 094 054 0.6483 0.6483 0.1624 0.6483 0.1624 0.1624 0.6483 0.1624 0.6483 0.1624 0.1624 0.1624 0.1624 0.6483 0.6483 0.1624
057 094 054 339 0.1624 0.1624 0.6483 0.6483 0.1624 0.1624 0.6483 0.6483 0.1624 0.1624 0.6483 0.1624 0.1624 0.6483 0.1624 0.1624
094 054 339 145 0.1624 0.6483 0.1624 0.1624 0.1624 0.6483 0.1624 0.6483 0.1624 0.6483 0.1624 0.6483 0.6483 0.1624 0.1624 0.1624
054 339 145 340 0.1624 0.1624 0.6483 0.1624 0.6483 0.6483 0.6483 0.1624 0.6483 0.6483 0.1624 0.6483 0.6483 0.6483 0.1624 0.1624
339 145 340 237 0.1624 0.6483 0.1624 0.1624 0.1624 0.1624 0.1624 0.6483 0.6483 0.1624 0.6483 0.6483 0.6483 0.1624 0.1624 0.1624
145 340 237 183 0.6483 0.6483 0.1624 0.6483 0.6483 0.6483 0.6483 0.1624 0.6483 0.6483 0.6483 0.6483 0.1624 0.6483 0.1624 0.6483
340 237 183 186 0.6483 0.6483 0.6483 0.1624 0.6483 0.1624 0.6483 0.6483 0.1624 0.6483 0.6483 0.1624 0.6483 0.6483 0.1624 0.1624
237 183 186 043 0.6483 0.1624 0.6483 0.6483 0.1624 0.1624 0.6483 0.6483 0.1624 0.1624 0.1624 0.6483 0.6483 0.6483 0.1624 0.1624
183 186 043 103 0.1624 0.6483 0.1624 0.6483 0.6483 0.1624 0.1624 0.6483 0.6483 0.6483 0.6483 0.1624 0.1624 0.1624 0.6483 0.6483
186 043 103 137 0.1624 0.1624 0.1624 0.6483 0.1624 0.6483 0.1624 0.1624 0.1624 0.6483 0.6483 0.1624 0.1624 0.1624 0.1624 0.6483
043 103 137 190 0.1624 0.1624 0.6483 0.6483 0.6483 0.1624 0.1624 0.6483 0.6483 0.6483 0.1624 0.6483 0.6483 0.6483 0.6483 0.1624
103 137 190 283 0.1624 0.6483 0.6483 0.6483 0.6483 0.1624 0.1624 0.1624 0.1624 0.6483 0.1624 0.6483 0.6483 0.1624 0.1624 0.1624
137 190 283 222 0.6483 0.6483 0.1624 0.6483 0.6483 0.6483 0.1624 0.1624 0.6483 0.1624 0.6483 0.6483 0.1624 0.6483 0.1624 0.6483
190 283 222 235 0.6483 0.6483 0.6483 0.6483 0.6483 0.6483 0.1624 0.6483 0.6483 0.6483 0.1624 0.6483 0.1624 0.1624 0.6483 0.1624
283 222 235 333 0.1624 0.1624 0.6483 0.1624 0.6483 0.6483 0.1624 0.1624 0.1624 0.6483 0.6483 0.1624 0.1624 0.1624 0.6483 0.6483
222 235 333 123 0.6483 0.6483 0.1624 0.1624 0.1624 0.1624 0.6483 0.6483 0.6483 0.6483 0.6483 0.6483 0.1624 0.6483 0.1624 0.6483
235 333 123 147 0.6483 0.6483 0.6483 0.6483 0.1624 0.6483 0.6483 0.6483 0.1624 0.6483 0.6483 0.6483 0.6483 0.6483 0.1624 0.6483
333 123 147 049 0.6483 0.1624 0.1624 0.6483 0.1624 0.1624 0.1624 0.1624 0.6483 0.1624 0.6483 0.1624 0.1624 0.6483 0.6483 0.1624
123 147 049 071 0.1624 0.1624 0.1624 0.6483 0.6483 0.1624 0.6483 0.1624 0.6483 0.6483 0.6483 0.1624 0.1624 0.1624 0.1624 0.6483
147 049 071 327 0.6483 0.6483 0.6483 0.6483 0.6483 0.6483 0.1624 0.6483 0.6483 0.6483 0.6483 0.6483 0.1624 0.6483 0.1624 0.6483
049 071 327 143 0.6483 0.1624 0.6483 0.1624 0.1624 0.6483 0.1624 0.6483 0.6483 0.6483 0.6483 0.6483 0.1624 0.1624 0.1624 0.6483
071 327 143 042 0.1624 0.1624 0.1624 0.6483 0.6483 0.1624 0.6483 0.6483 0.1624 0.1624 0.1624 0.6483 0.6483 0.6483 0.6483 0.6483
327 143 042 294 0.6483 0.6483 0.6483 0.6483 0.1624 0.6483 0.6483 0.6483 0.1624 0.1624 0.1624 0.1624 0.1624 0.1624 0.6483 0.6483
143 042 294 039 0.1624 0.1624 0.1624 0.1624 0.1624 0.1624 0.1624 0.1624 0.6483 0.6483 0.6483 0.1624 0.6483 0.1624 0.6483 0.1624
042 294 039 268 0.1624 0.1624 0.6483 0.1624 0.1624 0.1624 0.6483 0.1624 0.1624 0.1624 0.1624 0.6483 0.6483 0.1624 0.1624 0.1624
294 039 268 334 0.1624 0.6483 0.1624 0.1624 0.1624 0.1624 0.6483 0.6483 0.6483 0.1624 0.1624 0.1624 0.6483 0.6483 0.1624 0.6483
039 268 334 061 0.6483 0.6483 0.6483 0.1624 0.6483 0.1624 0.1624 0.6483 0.6483 0.6483 0.1624 0.1624 0.6483 0.6483 0.6483 0.6483
268 334 061 106 0.1624 0.6483 0.1624 0.1624 0.6483 0.6483 0.1624 0.1624 0.1624 0.1624 0.6483 0.1624 0.6483 0.1624 0.1624 0.1624
334 061 106 085 0.1624 0.6483 0.1624 0.1624 0.6483 0.1624 0.1624 0.6483 0.1624 0.1624 0.1624 0.6483 0.6483 0.6483 0.6483 0.1624
061 106 085 021 0.1624 0.6483 0.6483 0.1624 0.1624 0.6483 0.6483 0.1624 0.1624 0.6483 0.6483 0.1624 0.1624 0.1624 0.6483 0.1624
106 085 021 041 0.6483 0.6483 0.1624 0.6483 0.1624 0.1624 0.6483 0.1624 0.1624 0.1624 0.1624 0.1624 0.1624 0.1624 0.6483 0.1624
085 021 041 289 0.1624 0.1624 0.6483 0.6483 0.1624 0.6483 0.1624 0.6483 0.6483 0.1624 0.6483 0.1624 0.6483 0.6483 0.1624 0.6483
021 041 289 060 0.1624 0.1624 0.6483 0.6483 0.1624 0.6483 0.1624 0.6483 0.1624 0.6483 0.6483 0.1624 0.1624 0.1624 0.6483 0.1624
041 289 060 239 0.6483 0.6483 0.1624 0.1624 0.1624 0.1624 0.1624 0.6483 0.6483 0.1624 0.1624 0.6483 0.1624 0.1624 0.1624 0.1624
289 060 239 175 0.6483 0.1624 0.1624 0.6483 0.6483 0.1624 0.6483 0.6483 0.1624 0.1624 0.1624 0.6483 0.1624 0.6483 0.6483 0.6483
060 239 175 165 0.6483 0.1624 0.6483 0.1624 0.6483 0.6483 0.6483 0.1624 0.6483 0.6483 0.1624 0.1624 0.6483 0.1624 0.6483 0.1624
239 175 165 036 0.6483 0.1624 0.6483 0.1624 0.6483 0.6483 0.6483 0.6483 0.6483 0.1624 0.1624 0.6483 0.1624 0.6483 0.1624 0.1624
175 165 036 059 0.6483 0.6483 0.1624 0.6483 0.1624 0.1624 0.6483 0.6483 0.6483 0.1624 0.6483 0.1624 0.1624 0.1624 0.6483 0.6483
165 036 059 016 0.6483 0.1624 0.1624 0.6483 0.1624 0.1624 0.1624 0.6483 0.6483 0.1624 0.1624 0.1624 0.6483 0.6483 0.6483 0.1624
036 059 016 090 0.1624 0.1624 0.6483 0.1624 0.1624 0.6483 0.1624 0.6483 0.1624 0.6483 0.1624 0.6483 0.6483 0.6483 0.1624 0.1624
059 016 090 257 0.6483 0.6483 0.1624 0.6483 0.6483 0.1624 0.1624 0.6483 0.1624 0.6483 0.1624 0.1624 0.1624 0.6483 0.6483 0.6483
016 090 257 308 0.6483 0.1624 0.6483 0.6483 0.1624 0.6483 0.1624 0.1624 0.6483 0.6483 0.1624 0.1624 0.6483 0.6483 0.1624 0.6483
090 257 308 243 0.6483 0.6483 0.6483 0.1624 0.6483 0.1624 0.6483 0.1624 0.6483 0.6483 0.1624 0.6483 0.6483 0.6483 0.1624 0.1624
257 308 243 162 0.1624 0.1624 0.1624 0.1624 0.1624 0.1624 0.1624 0.6483 0.6483 0.1624 0.6483 0.6483 0.1624 0.6483 0.6483 0.1624
308 243 162 070 0.1624 0.1624 0.1624 0.6483 0.1624 0.1624 0.1624 0.6483 0.1624 0.1624 0.1624 0.1624 0.1624 0.6483 0.1624 0.1624
243 162 070 169 0.6483 0.6483 0.1624 0.1624 0.1624 0.1624 0.6483 0.6483 0.6483 0.1624 0.1624 0.1624 0.6483 0.6483 0.1624 0.6483
162 070 169 159 0.1624 0.6483 0.6483 0.6483 0.1624 0.6483 0.1624 0.1624 0.6483 0.1624 0.1624 0.1624 0.6483 0.6483 0.1624 0.1624
070 169 159 033 0.6483 0.1624 0.6483 0.1624 0.1624 0.1624 0.6483 0.6483 0.6483 0.6483 0.6483 0.1624 0.6483 0.1624 0.1624 0.1624
169 159 033 088 0.6483 0.6483 0.6483 0.6483 0.1624 0.1624 0.1624 0.6483 0.1624 0.6483 0.6483 0.1624 0.6483 0.1624 0.6483 0.1624
159 033 088 298 0.1624 0.6483 0.1624 0.1624 0.6483 0.1624 0.1624 0.6483 0.6483 0.6483 0.6483 0.1624 0.6483 0.1624 0.1624 0.1624
033 088 298 022 0.1624 0.6483 0.6483 0.6483 0.6483 0.6483 0.6483 0.6483 0.1624 0.1624 0.1624 0.1624 0.1624 0.1624 0.6483 0.1624
088 298 022 055 0.1624 0.1624 0.6483 0.6483 0.1624 0.6483 0.6483 0.6483 0.6483 0.6483 0.6483 0.1624 0.6483 0.1624 0.1624 0.1624
298 022 055 140 0.1624 0.6483 0.1624 0.6483 0.1624 0.1624 0.6483 0.1624 0.6483 0.6483 0.1624 0.1624 0.6483 0.1624 0.6483 0.1624
022 055 140 270 0.6483 0.6483 0.6483 0.1624 0.6483 0.6483 0.6483 0.6483 0.6483 0.6483 0.1624 0.1624 0.1624 0.6483 0.6483 0.1624
055 140 270 003 0.1624 0.6483 0.6483 0.1624 0.6483 0.1624 0.1624 0.6483 0.1624 0.6483 0.6483 0.1624 0.6483 0.6483 0.6483 0.1624
140 270 003 256 0.1624 0.6483 0.6483 0.1624 0.1624 0.1624 0.6483 0.1624 0.1624 0.6483 0.6483 0.6483 0.1624 0.6483 0.1624 0.6483
270 003 256 128 0.1624 0.6483 0.1624 0.6483 0.1624 0.1624 0.1624 0.1624 0.6483 0.1624 0.1624 0.1624 0.1624 0.1624 0.6483 0.6483
003 256 128 276 0.6483 0.6483 0.1624 0.6483 0.1624 0.1624 0.6483 0.6483 0.6483 0.6483 0.1624 0.1624 0.1624 0.1624 0.1624 0.6483
256 128 276 249 0.1624 0.1624 0.6483 0.6483 0.1624 0.6483 0.1624 0.6483 0.6483 0.6483 0.6483 0.1624 0.1624 0.1624 0.1624 0.1624
128 276 249 146 0.1624 0.1624 0.1624 0.1624 0.1624 0.1624 0.1624 0.6483 0.1624 0.6483 0.6483 0.1624 0.6483 0.1624 0.1624 0.6483
276 249 146 231 0.6483 0.6483 0.1624 0.1624 0.6483 0.1624 0.6483 0.1624 0.1624 0.1624 0.1624 0.1624 0.6483 0.6483 0.6483 0.1624
249 146 231 275 0.1624 0.1624 0.6483 0.1624 0.6483 0.6483 0.6483 0.1624 0.1624 0.6483 0.6483 0.6483 0.6483 0.1624 0.6483 0.6483
146 231 275 080 0.6483 0.1624 0.6483 0.1624 0.6483 0.1624 0.1624 0.6483 0.6483 0.1624 0.6483 0.1624 0.6483 0.1624 0.1624 0.6483
231 275 080 032 0.1624 0.1624 0.6483 0.6483 0.6483 0.6483 0.1624 0.6483 0.6483 0.6483 0.6483 0.1624 0.6483 0.6483 0.1624 0.6483
275 080 032 254 0.1624 0.1624 0.1624 0.1624 0.6483 0.1624 0.6483 0.6483 0.6483 0.1624 0.6483 0.6483 0.6483 0.1624 0.1624 0.1624
080 032 254 078 0.1624 0.1624 0.6483 0.1624 0.6483 0.1624 0.1624 0.6483 0.6483 0.1624 0.6483 0.6483 0.6483 0.1624 0.1624 0.1624
032 254 078 228 0.6483 0.6483 0.1624 0.1624 0.6483 0.6483 0.1624 0.1624 0.1624 0.6483 0.6483 0.6483 0.6483 0.6483 0.6483 0.6483
254 078 228 201 0.6483 0.1624 0.6483 0.1624 0.1624 0.6483 0.6483 0.1624 0.6483 0.6483 0.1624 0.6483 0.6483 0.6483 0.6483 0.6483
078 228 201 068 0.1624 0.1624 0.6483 0.6483 0.1624 0.1624 0.6483 0.1624 0.1624 0.6483 0.1624 0.6483 0.6483 0.1624 0.1624 0.1624
228 201 068 206 0.6483 0.1624 0.1624 0.1624 0.1624 0.6483 0.6483 0.1624 0.1624 0.1624 0.6483 0.1624 0.1624 0.1624 0.6483 0.1624
201 068 206 129 0.1624 0.1624 0.6483 0.1624 0.1624 0.1624 0.1624 0.6483 0.1624 0.1624 0.6483 0.1624 0.1624 0.1624 0.6483 0.6483
068 206 129 250 0.1624 0.1624 0.1624 0.1624 0.1624 0.6483 0.6483 0.6483 0.6483 0.6483 0.6483 0.1624 0.6483 0.6483 0.6483 0.6483
206 129 250 346 0.6483 0.1624 0.1624 0.6483 0.1624 0.1624 0.6483 0.1624 0.6483 0.6483 0.6483 0.1624 0.6483 0.6483 0.1624 0.6483
129 250 346 130 0.1624 0.6483 0.1624 0.6483 0.1624 0.6483 0.6483 0.6483 0.6483 0.1624 0.6483 0.1624 0.6483 0.6483 0.1624 0.1624
250 346 130 131 0.6483 0.6483 0.6483 0.1624 0.1624 0.6483 0.6483 0.1624 0.6483 0.6483 0.1624 0.6483 0.1624 0.1624 0.6483 0.6483
346 130 131 117 0.1624 0.6483 0.1624 0.6483 0.1624 0.1624 0.6483 0.1624 0.1624 0.1624 0.6483 0.6483 0.6483 0.1624 0.1624 0.1624
130 131 117 337 0.1624 0.1624 0.6483 0.1624 0.6483 0.1624 0.6483 0.6483 0.1624 0.6483 0.6483 0.1624 0.1624 0.1624 0.6483 0.1624
131 117 337 213 0.1624 0.1624 0.1624 0.6483 0.6483 0.6483 0.1624 0.6483 0.1624 0.1624 0.1624 0.1624 0.1624 0.1624 0.6483 0.6483
117 337 213 047 0.6483 0.1624 0.6483 0.6483 0.6483 0.1624 0.6483 0.1624 0.6483 0.1624 0.1624 0.1624 0.1624 0.1624 0.6483 0.1624
337 213 047 108 0.6483 0.1624 0.6483 0.6483 0.1624 0.1624 0.6483 0.1624 0.1624 0.6483 0.1624 0.1624 0.1624 0.6483 0.1624 0.1624
213 047 108 053 0.6483 0.6483 0.6483 0.1624 0.6483 0.6483 0.6483 0.1624 0.6483 0.1624 0.1624 0.1624 0.1624 0.1624 0.6483 0.6483
047 108 053 102 0.6483 0.1624 0.6483 0.1624 0.1624 0.6483 0.1624 0.6483 0.6483 0.1624 0.6483 0.1624 0.1624 0.1624 0.1624 0.1624
108 053 102 110 0.6483 0.6483 0.6483 0.1624 0.1624 0.6483 0.1624 0.1624 0.6483 0.6483 0.1624 0.1624 0.6483 0.6483 0.6483 0.6483
053 102 110 218 0.1624 0.6483 0.1624 0.6483 0.1624 0.1624 0.6483 0.1624 0.6483 0.6483 0.1624 0.6483 0.6483 0.1624 0.1624 0.6483
102 110 218 168 0.1624 0.1624 0.1624 0.1624 0.6483 0.1624 0.6483 0.6483 0.1624 0.1624 0.1624 0.1624 0.1624 0.6483 0.6483 0.1624
110 218 168 345 0.6483 0.6483 0.6483 0.6483 0.1624 0.6483 0.6483 0.1624 0.1624 0.6483 0.6483 0.1624 0.1624 0.6483 0.6483 0.1624
218 168 345 332 0.6483 0.6483 0.6483 0.6483 0.1624 0.6483 0.1624 0.1624 0.6483 0.6483 0.6483 0.6483 0.1624 0.1624 0.1624 0.6483
168 345 332 024 0.6483 0.1624 0.1624 0.6483 0.6483 0.1624 0.1624 0.1624 0.6483 0.1624 0.6483 0.6483 0.6483 0.6483 0.1624 0.1624
345 332 024 273 0.6483 0.6483 0.6483 0.1624 0.6483 0.6483 0.1624 0.1624 0.1624 0.1624 0.1624 0.1624 0.6483 0.1624 0.1624 0.1624
332 024 273 215 0.6483 0.6483 0.1624 0.6483 0.1624 0.6483 0.6483 0.6483 0.1624 0.1624 0.1624 0.1624 0.1624 0.6483 0.1624 0.6483
024 273 215 223 0.6483 0.1624 0.1624 0.1624 0.6483 0.1624 0.1624 0.1624 0.6483 0.6483 0.1624 0.1624 0.1624 0.1624 0.6483 0.1624
273 215 223 122 0.1624 0.1624 0.6483 0.6483 0.1624 0.6483 0.1624 0.1624 0.6483 0.6483 0.6483 0.6483 0.6483 0.1624 0.1624 0.6483
215 223 122 188 0.6483 0.6483 0.6483 0.1624 0.1624 0.1624 0.1624 0.1624 0.1624 0.1624 0.6483 0.1624 0.6483 0.6483 0.6483 0.6483
223 122 188 141 0.6483 0.6483 0.1624 0.6483 0.6483 0.1624 0.6483 0.1624 0.6483 0.6483 0.1624 0.6483 0.1624 0.6483 0.1624 0.1624
122 188 141 000 0.1624 0.1624 0.1624 0.1624 0.6483 0.6483 0.6483 0.1624 0.1624 0.6483 0.6483 0.1624 0.6483 0.6483 0.6483 0.6483
188 141 000 019 0.1624 0.1624 0.6483 0.6483 0.6483 0.6483 0.6483 0.1624 0.1624 0.1624 0.1624 0.1624 0.6483 0.6483 0.6483 0.6483
141 000 019 224 0.1624 0.6483 0.6483 0.6483 0.1624 0.1624 0.6483 0.1624 0.1624 0.6483 0.6483 0.6483 0.1624 0.1624 0.1624 0.6483
000 019 224 153 0.1624 0.6483 0.6483 0.6483 0.6483 0.6483 0.1624 0.1624 0.6483 0.1624 0.6483 0.1624 0.6483 0.6483 0.1624 0.1624
019 224 153 343 0.6483 0.1624 0.6483 0.1624 0.1624 0.6483 0.1624 0.1624 0.1624 0.1624 0.6483 0.6483 0.1624 0.1624 0.6483 0.6483
224 153 343 306 0.6483 0.1624 0.1624 0.6483 0.6483 0.1624 0.1624 0.1624 0.1624 0.1624 0.1624 0.1624 0.1624 0.6483 0.6483 0.1624
153 343 306 195 0.6483 0.6483 0.6483 0.6483 0.1624 0.1624 0.1624 0.6483 0.6483 0.6483 0.6483 0.6483 0.6483 0.1624 0.1624 0.1624
343 306 195 191 0.6483 0.1624 0.6483 0.1624 0.1624 0.6483 0.1624 0.1624 0.6483 0.1624 0.6483 0.6483 0.1624 0.6483 0.6483 0.1624
306 195 191 192 0.1624 0.6483 0.1624 0.6483 0.1624 0.6483 0.6483 0.1624 0.1624 0.1624 0.1624 0.6483 0.6483 0.1624 0.6483 0.6483
195 191 192 290 0.1624 0.6483 0.6483 0.1624 0.1624 0.1624 0.6483 0.1624 0.6483 0.1624 0.1624 0.6483 0.6483 0.1624 0.1624 0.1624
191 192 290 001 0.1624 0.1624 0.1624 0.6483 0.1624 0.6483 0.1624 0.6483 0.6483 0.6483 0.6483 0.6483 0.1624 0.1624 0.1624 0.1624
192 290 001 029 0.1624 0.1624 0.1624 0.1624 0.1624 0.1624 0.1624 0.6483 0.6483 0.6483 0.1624 0.6483 0.1624 0.1624 0.6483 0.1624
290 001 029 002 0.1624 0.6483 0.1624 0.1624 0.1624 0.1624 0.1624 0.1624 0.1624 0.1624 0.1624 0.6483 0.1624 0.6483 0.1624 0.6483
001 029 002 099 0.6483 0.6483 0.6483 0.6483 0.6483 0.1624 0.1624 0.6483 0.6483 0.1624 0.1624 0.1624 0.6483 0.1624 0.6483 0.6483
029 002 099 338 0.6483 0.1624 0.1624 0.6483 0.1624 0.6483 0.6483 0.6483 0.1624 0.1624 0.1624 0.6483 0.1624 0.1624 0.1624 0.6483
002 099 338 241 0.6483 0.6483 0.6483 0.6483 0.6483 0.1624 0.1624 0.1624 0.1624 0.6483 0.1624 0.1624 0.6483 0.1624 0.1624 0.1624
099 338 241 350 0.1624 0.6483 0.6483 0.1624 0.6483 0.6483 0.6483 0.6483 0.6483 0.6483 0.1624 0.1624 0.6483 0.6483 0.1624 0.6483
338 241 350 101 0.1624 0.1624 0.6483 0.6483 0.6483 0.1624 0.6483 0.6483 0.1624 0.6483 0.1624 0.6483 0.6483 0.6483 0.6483 0.1624
241 350 101 109 0.6483 0.6483 0.1624 0.1624 0.6483 0.1624 0.6483 0.6483 0.6483 0.1624 0.1624 0.1624 0.1624 0.6483 0.1624 0.1624
350 101 109 077 0.6483 0.1624 0.6483 0.6483 0.1624 0.6483 0.6483 0.1624 0.1624 0.1624 0.1624 0.6483 0.1624 0.1624 0.1624 0.1624
101 109 077 136 0.1624 0.6483 0.1624 0.6483 0.1624 0.1624 0.6483 0.1624 0.1624 0.1624 0.1624 0.6483 0.6483 0.6483 0.6483 0.1624
109 077 136 211 0.1624 0.6483 0.1624 0.6483 0.1624 0.6483 0.1624 0.1624 0.6483 0.6483 0.6483 0.1624 0.1624 0.1624 0.1624 0.6483
077 136 211 329 0.1624 0.6483 0.1624 0.6483 0.6483 0.6483 0.1624 0.1624 0.1624 0.1624 0.6483 0.6483 0.1624 0.1624 0.6483 0.6483
136 211 329 005 0.1624 0.6483 0.1624 0.1624 0.1624 0.6483 0.1624 0.6483 0.1624 0.1624 0.6483 0.6483 0.1624 0.1624 0.6483 0.1624
211 329 005 113 0.1624 0.1624 0.1624 0.1624 0.1624 0.6483 0.1624 0.1624 0.1624 0.1624 0.1624 0.6483 0.6483 0.1624 0.1624 0.6483
329 005 113 349 0.6483 0.6483 0.6483 0.1624 0.1624 0.6483 0.6483 0.6483 0.6483 0.6483 0.1624 0.1624 0.6483 0.6483 0.6483 0.6483
005 113 349 260 0.6483 0.1624 0.6483 0.1624 0.6483 0.6483 0.6483 0.6483 0.1624 0.6483 0.6483 0.6483 0.1624 0.1624 0.6483 0.6483
113 349 260 089 0.1624 0.6483 0.6483 0.1624 0.6483 0.1624 0.6483 0.1624 0.1624 0.1624 0.6483 0.6483 0.6483 0.1624 0.1624 0.6483
349 260 089 097 0.6483 0.6483 0.1624 0.1624 0.1624 0.6483 0.1624 0.1624 0.6483 0.1624 0.1624 0.1624 0.6483 0.1624 0.6483 0.6483
260 089 097 217 0.6483 0.6483 0.1624 0.1624 0.1624 0.1624 0.1624 0.6483 0.1624 0.6483 0.1624 0.6483 0.1624 0.1624 0.1624 0.1624
089 097 217 187 0.6483 0.1624 0.1624 0.6483 0.6483 0.6483 0.6483 0.1624 0.1624 0.1624 0.1624 0.1624 0.6483 0.6483 0.6483 0.1624
097 217 187 287 0.1624 0.1624 0.1624 0.1624 0.1624 0.6483 0.6483 0.1624 0.6483 0.1624 0.1624 0.1624 0.1624 0.6483 0.6483 0.6483
