356 031684 3
144 330 305 032 0.4864 0.5705 0.4864 0.4864 0.4864 0.4864 0.5705 0.5705 0.5705 0.4864 0.5705 0.4864 0.4864 0.4864 0.4864 0.4864
330 305 032 155 0.5705 0.4864 0.5705 0.5705 0.4864 0.5705 0.4864 0.5705 0.4864 0.4864 0.4864 0.5705 0.4864 0.5705 0.4864 0.5705
305 032 155 256 0.5705 0.4864 0.4864 0.4864 0.4864 0.5705 0.4864 0.5705 0.5705 0.5705 0.4864 0.4864 0.4864 0.4864 0.5705 0.4864
032 155 256 239 0.5705 0.4864 0.5705 0.4864 0.4864 0.5705 0.4864 0.4864 0.4864 0.5705 0.5705 0.4864 0.4864 0.4864 0.4864 0.4864
155 256 239 287 0.5705 0.5705 0.4864 0.4864 0.5705 0.4864 0.4864 0.4864 0.4864 0.4864 0.5705 0.4864 0.4864 0.4864 0.5705 0.5705
256 239 287 325 0.5705 0.4864 0.4864 0.5705 0.5705 0.4864 0.5705 0.5705 0.5705 0.5705 0.4864 0.5705 0.5705 0.5705 0.5705 0.4864
239 287 325 226 0.5705 0.5705 0.4864 0.5705 0.4864 0.5705 0.4864 0.5705 0.5705 0.5705 0.5705 0.4864 0.4864 0.5705 0.4864 0.5705
287 325 226 167 0.4864 0.5705 0.4864 0.4864 0.5705 0.5705 0.5705 0.5705 0.4864 0.5705 0.5705 0.4864 0.5705 0.4864 0.4864 0.4864
325 226 167 053 0.5705 0.4864 0.4864 0.4864 0.4864 0.4864 0.5705 0.5705 0.4864 0.4864 0.5705 0.4864 0.4864 0.4864 0.4864 0.4864
226 167 053 241 0.5705 0.4864 0.5705 0.4864 0.4864 0.4864 0.4864 0.5705 0.4864 0.4864 0.4864 0.4864 0.5705 0.4864 0.4864 0.4864
167 053 241 221 0.4864 0.5705 0.4864 0.4864 0.4864 0.4864 0.5705 0.5705 0.4864 0.5705 0.4864 0.4864 0.4864 0.4864 0.5705 0.5705
053 241 221 146 0.5705 0.4864 0.4864 0.4864 0.5705 0.5705 0.5705 0.5705 0.4864 0.4864 0.5705 0.4864 0.4864 0.4864 0.5705 0.4864
241 221 146 332 0.5705 0.4864 0.5705 0.4864 0.5705 0.4864 0.4864 0.5705 0.5705 0.4864 0.4864 0.4864 0.5705 0.5705 0.5705 0.5705
221 146 332 295 0.4864 0.4864 0.5705 0.4864 0.5705 0.5705 0.4864 0.4864 0.4864 0.5705 0.4864 0.5705 0.4864 0.5705 0.4864 0.4864
146 332 295 348 0.5705 0.5705 0.4864 0.5705 0.5705 0.5705 0.4864 0.5705 0.4864 0.4864 0.5705 0.4864 0.5705 0.5705 0.5705 0.4864
332 295 348 127 0.5705 0.5705 0.5705 0.5705 0.4864 0.4864 0.5705 0.5705 0.4864 0.4864 0.5705 0.5705 0.4864 0.4864 0.5705 0.5705
295 348 127 318 0.5705 0.5705 0.5705 0.4864 0.5705 0.5705 0.4864 0.4864 0.4864 0.4864 0.5705 0.4864 0.5705 0.5705 0.4864 0.4864
348 127 318 293 0.5705 0.5705 0.4864 0.4864 0.5705 0.5705 0.5705 0.4864 0.5705 0.5705 0.4864 0.5705 0.5705 0.4864 0.4864 0.5705
127 318 293 038 0.4864 0.4864 0.4864 0.5705 0.5705 0.5705 0.5705 0.4864 0.5705 0.4864 0.4864 0.5705 0.5705 0.4864 0.4864 0.5705
318 293 038 173 0.5705 0.5705 0.4864 0.5705 0.5705 0.4864 0.5705 0.4864 0.4864 0.4864 0.4864 0.5705 0.4864 0.4864 0.4864 0.4864
293 038 173 128 0.5705 0.5705 0.5705 0.5705 0.5705 0.5705 0.4864 0.4864 0.5705 0.5705 0.4864 0.4864 0.5705 0.5705 0.5705 0.4864
038 173 128 133 0.4864 0.4864 0.5705 0.5705 0.4864 0.5705 0.5705 0.4864 0.5705 0.4864 0.4864 0.5705 0.5705 0.4864 0.5705 0.5705
173 128 133 159 0.4864 0.4864 0.5705 0.5705 0.5705 0.5705 0.4864 0.4864 0.5705 0.5705 0.5705 0.4864 0.4864 0.5705 0.5705 0.4864
128 133 159 057 0.5705 0.4864 0.4864 0.4864 0.4864 0.4864 0.5705 0.4864 0.5705 0.5705 0.4864 0.5705 0.4864 0.5705 0.5705 0.4864
133 159 057 235 0.5705 0.4864 0.4864 0.5705 0.5705 0.5705 0.4864 0.5705 0.4864 0.4864 0.5705 0.5705 0.5705 0.5705 0.5705 0.4864
159 057 235 115 0.5705 0.4864 0.4864 0.5705 0.5705 0.5705 0.4864 0.4864 0.4864 0.5705 0.5705 0.5705 0.4864 0.5705 0.4864 0.5705
057 235 115 236 0.4864 0.5705 0.4864 0.5705 0.4864 0.5705 0.4864 0.4864 0.4864 0.5705 0.4864 0.5705 0.4864 0.4864 0.5705 0.5705
235 115 236 274 0.5705 0.5705 0.4864 0.5705 0.4864 0.4864 0.4864 0.4864 0.4864 0.4864 0.4864 0.4864 0.4864 0.4864 0.5705 0.5705
115 236 274 037 0.4864 0.5705 0.5705 0.5705 0.4864 0.4864 0.4864 0.4864 0.5705 0.5705 0.4864 0.5705 0.5705 0.4864 0.5705 0.5705
236 274 037 100 0.4864 0.5705 0.5705 0.4864 0.5705 0.5705 0.5705 0.4864 0.4864 0.5705 0.4864 0.4864 0.4864 0.5705 0.5705 0.4864
274 037 100 193 0.5705 0.4864 0.4864 0.5705 0.4864 0.5705 0.5705 0.5705 0.4864 0.4864 0.5705 0.4864 0.5705 0.4864 0.5705 0.5705
037 100 193 149 0.4864 0.5705 0.5705 0.4864 0.4864 0.4864 0.4864 0.5705 0.5705 0.4864 0.4864 0.5705 0.5705 0.4864 0.5705 0.4864
100 193 149 194 0.5705 0.5705 0.4864 0.4864 0.4864 0.5705 0.5705 0.5705 0.5705 0.4864 0.4864 0.4864 0.4864 0.4864 0.5705 0.4864
193 149 194 244 0.5705 0.5705 0.4864 0.4864 0.5705 0.5705 0.4864 0.4864 0.4864 0.5705 0.4864 0.4864 0.4864 0.4864 0.5705 0.5705
149 194 244 150 0.4864 0.4864 0.5705 0.4864 0.5705 0.4864 0.4864 0.5705 0.5705 0.5705 0.5705 0.4864 0.4864 0.4864 0.4864 0.4864
194 244 150 161 0.4864 0.5705 0.4864 0.5705 0.4864 0.5705 0.4864 0.5705 0.4864 0.5705 0.5705 0.5705 0.4864 0.4864 0.5705 0.5705
244 150 161 229 0.4864 0.4864 0.5705 0.5705 0.5705 0.5705 0.5705 0.4864 0.5705 0.4864 0.4864 0.5705 0.4864 0.4864 0.4864 0.4864
150 161 229 022 0.4864 0.4864 0.4864 0.4864 0.4864 0.5705 0.4864 0.4864 0.4864 0.4864 0.4864 0.4864 0.4864 0.5705 0.5705 0.4864
161 229 022 212 0.5705 0.4864 0.4864 0.4864 0.4864 0.4864 0.4864 0.4864 0.4864 0.5705 0.4864 0.4864 0.4864 0.4864 0.5705 0.4864
229 022 212 045 0.5705 0.5705 0.5705 0.5705 0.5705 0.4864 0.4864 0.5705 0.5705 0.4864 0.4864 0.4864 0.4864 0.4864 0.4864 0.4864
022 212 045 157 0.5705 0.4864 0.4864 0.4864 0.4864 0.4864 0.4864 0.5705 0.4864 0.5705 0.4864 0.5705 0.5705 0.4864 0.5705 0.5705
212 045 157 130 0.5705 0.5705 0.5705 0.5705 0.4864 0.5705 0.5705 0.5705 0.5705 0.5705 0.5705 0.4864 0.4864 0.4864 0.4864 0.5705
045 157 130 176 0.5705 0.4864 0.4864 0.4864 0.5705 0.5705 0.4864 0.5705 0.5705 0.4864 0.5705 0.5705 0.5705 0.5705 0.4864 0.4864
157 130 176 035 0.4864 0.4864 0.4864 0.4864 0.4864 0.4864 0.4864 0.5705 0.4864 0.5705 0.4864 0.5705 0.5705 0.4864 0.4864 0.4864
130 176 035 327 0.4864 0.5705 0.4864 0.5705 0.5705 0.5705 0.4864 0.4864 0.4864 0.4864 0.5705 0.4864 0.4864 0.5705 0.5705 0.4864
176 035 327 137 0.5705 0.5705 0.4864 0.5705 0.5705 0.4864 0.4864 0.4864 0.5705 0.4864 0.5705 0.5705 0.5705 0.4864 0.4864 0.4864
035 327 137 036 0.5705 0.5705 0.4864 0.5705 0.4864 0.5705 0.5705 0.5705 0.5705 0.5705 0.4864 0.5705 0.5705 0.4864 0.5705 0.4864
327 137 036 044 0.5705 0.5705 0.5705 0.4864 0.4864 0.4864 0.4864 0.5705 0.4864 0.4864 0.5705 0.5705 0.5705 0.4864 0.5705 0.5705
137 036 044 205 0.4864 0.4864 0.5705 0.4864 0.5705 0.4864 0.5705 0.4864 0.5705 0.5705 0.4864 0.5705 0.5705 0.5705 0.5705 0.4864
036 044 205 011 0.4864 0.4864 0.5705 0.5705 0.5705 0.5705 0.4864 0.5705 0.4864 0.4864 0.4864 0.5705 0.5705 0.5705 0.5705 0.5705
044 205 011 120 0.4864 0.5705 0.4864 0.5705 0.5705 0.5705 0.5705 0.4864 0.4864 0.5705 0.5705 0.4864 0.5705 0.4864 0.5705 0.5705
205 011 120 172 0.5705 0.5705 0.5705 0.5705 0.5705 0.4864 0.5705 0.5705 0.4864 0.4864 0.4864 0.4864 0.4864 0.5705 0.4864 0.4864
011 120 172 270 0.4864 0.4864 0.4864 0.4864 0.4864 0.4864 0.4864 0.5705 0.5705 0.4864 0.4864 0.5705 0.5705 0.5705 0.4864 0.5705
120 172 270 013 0.5705 0.4864 0.4864 0.4864 0.4864 0.5705 0.5705 0.5705 0.5705 0.4864 0.5705 0.5705 0.4864 0.5705 0.4864 0.5705
172 270 013 213 0.4864 0.4864 0.5705 0.4864 0.5705 0.5705 0.4864 0.4864 0.5705 0.5705 0.5705 0.4864 0.5705 0.5705 0.5705 0.4864
270 013 213 086 0.5705 0.5705 0.4864 0.5705 0.4864 0.5705 0.4864 0.4864 0.5705 0.5705 0.5705 0.5705 0.5705 0.5705 0.5705 0.4864
013 213 086 090 0.4864 0.4864 0.4864 0.4864 0.5705 0.5705 0.5705 0.4864 0.5705 0.5705 0.5705 0.5705 0.5705 0.5705 0.4864 0.5705
213 086 090 075 0.5705 0.4864 0.4864 0.4864 0.5705 0.5705 0.5705 0.4864 0.5705 0.4864 0.5705 0.5705 0.5705 0.4864 0.5705 0.5705
086 090 075 050 0.5705 0.5705 0.4864 0.5705 0.5705 0.5705 0.5705 0.5705 0.4864 0.4864 0.5705 0.5705 0.4864 0.5705 0.5705 0.5705
090 075 050 158 0.4864 0.5705 0.5705 0.5705 0.4864 0.5705 0.5705 0.5705 0.5705 0.4864 0.5705 0.5705 0.4864 0.4864 0.5705 0.4864
075 050 158 262 0.4864 0.4864 0.4864 0.4864 0.4864 0.4864 0.5705 0.4864 0.5705 0.4864 0.5705 0.4864 0.4864 0.4864 0.5705 0.5705
050 158 262 117 0.4864 0.5705 0.5705 0.5705 0.5705 0.4864 0.5705 0.5705 0.4864 0.5705 0.4864 0.4864 0.5705 0.5705 0.4864 0.4864
158 262 117 258 0.4864 0.5705 0.5705 0.4864 0.4864 0.4864 0.4864 0.5705 0.5705 0.5705 0.5705 0.5705 0.4864 0.4864 0.4864 0.4864
262 117 258 024 0.4864 0.5705 0.4864 0.5705 0.5705 0.5705 0.4864 0.5705 0.5705 0.5705 0.5705 0.4864 0.4864 0.5705 0.5705 0.5705
117 258 024 243 0.5705 0.4864 0.5705 0.4864 0.5705 0.4864 0.4864 0.4864 0.4864 0.4864 0.5705 0.5705 0.5705 0.4864 0.5705 0.4864
258 024 243 308 0.4864 0.4864 0.4864 0.5705 0.5705 0.5705 0.5705 0.5705 0.4864 0.5705 0.5705 0.4864 0.5705 0.5705 0.4864 0.5705
024 243 308 312 0.5705 0.4864 0.4864 0.5705 0.5705 0.4864 0.5705 0.4864 0.4864 0.5705 0.4864 0.5705 0.4864 0.4864 0.4864 0.5705
243 308 312 041 0.4864 0.5705 0.4864 0.5705 0.5705 0.4864 0.4864 0.5705 0.5705 0.5705 0.4864 0.5705 0.5705 0.5705 0.4864 0.5705
308 312 041 096 0.5705 0.5705 0.5705 0.5705 0.4864 0.4864 0.5705 0.5705 0.4864 0.4864 0.5705 0.5705 0.5705 0.4864 0.5705 0.4864
312 041 096 141 0.4864 0.4864 0.4864 0.4864 0.5705 0.4864 0.5705 0.4864 0.4864 0.5705 0.5705 0.5705 0.4864 0.4864 0.5705 0.4864
041 096 141 195 0.4864 0.4864 0.5705 0.4864 0.4864 0.5705 0.5705 0.5705 0.5705 0.5705 0.4864 0.5705 0.4864 0.4864 0.4864 0.4864
096 141 195 067 0.5705 0.5705 0.5705 0.4864 0.5705 0.5705 0.4864 0.4864 0.4864 0.4864 0.4864 0.4864 0.4864 0.4864 0.4864 0.5705
141 195 067 068 0.4864 0.5705 0.5705 0.4864 0.5705 0.5705 0.4864 0.5705 0.5705 0.5705 0.5705 0.5705 0.4864 0.5705 0.5705 0.5705
195 067 068 309 0.4864 0.4864 0.5705 0.4864 0.4864 0.4864 0.5705 0.5705 0.5705 0.5705 0.4864 0.4864 0.4864 0.4864 0.4864 0.4864
067 068 309 237 0.4864 0.4864 0.4864 0.4864 0.5705 0.5705 0.5705 0.4864 0.5705 0.4864 0.4864 0.5705 0.4864 0.4864 0.5705 0.4864
068 309 237 273 0.4864 0.4864 0.5705 0.4864 0.5705 0.4864 0.4864 0.4864 0.5705 0.5705 0.4864 0.5705 0.5705 0.4864 0.5705 0.4864
309 237 273 020 0.5705 0.4864 0.4864 0.4864 0.5705 0.4864 0.4864 0.5705 0.4864 0.4864 0.4864 0.5705 0.4864 0.5705 0.4864 0.4864
237 273 020 056 0.4864 0.5705 0.5705 0.4864 0.4864 0.5705 0.5705 0.4864 0.4864 0.5705 0.4864 0.5705 0.4864 0.5705 0.5705 0.4864
273 020 056 301 0.5705 0.5705 0.4864 0.4864 0.5705 0.4864 0.5705 0.5705 0.4864 0.5705 0.5705 0.4864 0.5705 0.5705 0.4864 0.5705
020 056 301 316 0.4864 0.5705 0.5705 0.5705 0.5705 0.5705 0.5705 0.5705 0.4864 0.4864 0.4864 0.4864 0.4864 0.4864 0.4864 0.5705
056 301 316 218 0.4864 0.4864 0.4864 0.4864 0.5705 0.5705 0.5705 0.5705 0.5705 0.5705 0.4864 0.4864 0.5705 0.4864 0.4864 0.4864
301 316 218 184 0.5705 0.4864 0.4864 0.5705 0.5705 0.5705 0.5705 0.5705 0.4864 0.5705 0.5705 0.5705 0.5705 0.4864 0.4864 0.5705
316 218 184 354 0.5705 0.4864 0.4864 0.4864 0.5705 0.4864 0.5705 0.4864 0.4864 0.5705 0.4864 0.4864 0.4864 0.4864 0.5705 0.5705
218 184 354 267 0.4864 0.4864 0.5705 0.4864 0.5705 0.5705 0.5705 0.5705 0.5705 0.5705 0.5705 0.5705 0.5705 0.5705 0.4864 0.5705
184 354 267 284 0.5705 0.5705 0.4864 0.4864 0.4864 0.4864 0.5705 0.5705 0.5705 0.5705 0.4864 0.5705 0.5705 0.5705 0.5705 0.5705
354 267 284 106 0.5705 0.5705 0.4864 0.4864 0.5705 0.5705 0.5705 0.4864 0.5705 0.4864 0.5705 0.5705 0.5705 0.5705 0.4864 0.4864
267 284 106 272 0.5705 0.5705 0.5705 0.4864 0.4864 0.4864 0.4864 0.4864 0.5705 0.4864 0.5705 0.4864 0.5705 0.4864 0.4864 0.4864
284 106 272 066 0.5705 0.4864 0.5705 0.4864 0.4864 0.4864 0.4864 0.5705 0.4864 0.5705 0.4864 0.4864 0.5705 0.5705 0.4864 0.5705
106 272 066 302 0.4864 0.5705 0.5705 0.4864 0.4864 0.5705 0.4864 0.5705 0.5705 0.4864 0.4864 0.5705 0.4864 0.4864 0.4864 0.5705
272 066 302 014 0.5705 0.4864 0.5705 0.5705 0.4864 0.5705 0.5705 0.5705 0.5705 0.5705 0.4864 0.4864 0.5705 0.5705 0.4864 0.5705
066 302 014 123 0.5705 0.4864 0.4864 0.4864 0.5705 0.4864 0.5705 0.4864 0.5705 0.5705 0.4864 0.5705 0.5705 0.5705 0.4864 0.4864
302 014 123 345 0.4864 0.4864 0.5705 0.4864 0.4864 0.5705 0.5705 0.5705 0.5705 0.4864 0.5705 0.5705 0.5705 0.5705 0.4864 0.5705
014 123 345 310 0.5705 0.5705 0.4864 0.4864 0.4864 0.4864 0.5705 0.4864 0.4864 0.4864 0.5705 0.4864 0.4864 0.5705 0.4864 0.5705
123 345 310 320 0.5705 0.5705 0.4864 0.5705 0.5705 0.4864 0.5705 0.4864 0.5705 0.4864 0.5705 0.4864 0.5705 0.4864 0.5705 0.5705
345 310 320 083 0.4864 0.4864 0.4864 0.5705 0.5705 0.4864 0.5705 0.5705 0.4864 0.5705 0.4864 0.5705 0.4864 0.5705 0.5705 0.5705
310 320 083 169 0.5705 0.5705 0.5705 0.5705 0.5705 0.5705 0.5705 0.5705 0.4864 0.5705 0.5705 0.4864 0.4864 0.4864 0.5705 0.4864
320 083 169 126 0.5705 0.5705 0.5705 0.4864 0.4864 0.5705 0.4864 0.5705 0.4864 0.5705 0.4864 0.5705 0.5705 0.5705 0.4864 0.4864
083 169 126 082 0.4864 0.5705 0.5705 0.4864 0.4864 0.4864 0.4864 0.5705 0.5705 0.4864 0.4864 0.5705 0.5705 0.5705 0.5705 0.5705
169 126 082 280 0.5705 0.5705 0.5705 0.4864 0.4864 0.4864 0.4864 0.4864 0.5705 0.4864 0.5705 0.4864 0.5705 0.4864 0.5705 0.5705
126 082 280 192 0.4864 0.4864 0.4864 0.4864 0.5705 0.4864 0.5705 0.4864 0.4864 0.5705 0.4864 0.4864 0.5705 0.5705 0.4864 0.5705
082 280 192 261 0.4864 0.4864 0.4864 0.5705 0.4864 0.4864 0.5705 0.4864 0.4864 0.5705 0.4864 0.5705 0.5705 0.5705 0.4864 0.5705
280 192 261 084 0.4864 0.5705 0.5705 0.4864 0.5705 0.5705 0.5705 0.4864 0.5705 0.5705 0.4864 0.5705 0.5705 0.5705 0.5705 0.4864
192 261 084 061 0.4864 0.5705 0.4864 0.5705 0.5705 0.5705 0.5705 0.4864 0.4864 0.5705 0.4864 0.5705 0.4864 0.5705 0.4864 0.5705
261 084 061 303 0.4864 0.5705 0.5705 0.5705 0.4864 0.5705 0.5705 0.5705 0.4864 0.5705 0.4864 0.4864 0.5705 0.5705 0.5705 0.4864
084 061 303 178 0.5705 0.5705 0.5705 0.5705 0.5705 0.4864 0.5705 0.5705 0.4864 0.5705 0.5705 0.4864 0.5705 0.4864 0.4864 0.5705
061 303 178 185 0.4864 0.4864 0.4864 0.5705 0.4864 0.4864 0.4864 0.4864 0.5705 0.4864 0.5705 0.5705 0.4864 0.4864 0.4864 0.5705
303 178 185 180 0.4864 0.4864 0.5705 0.5705 0.4864 0.5705 0.4864 0.5705 0.5705 0.4864 0.4864 0.4864 0.4864 0.4864 0.5705 0.4864
178 185 180 063 0.5705 0.5705 0.4864 0.5705 0.4864 0.4864 0.5705 0.4864 0.4864 0.4864 0.5705 0.5705 0.4864 0.5705 0.4864 0.5705
185 180 063 073 0.5705 0.5705 0.4864 0.4864 0.4864 0.5705 0.4864 0.5705 0.4864 0.5705 0.5705 0.4864 0.4864 0.4864 0.4864 0.4864
180 063 073 017 0.5705 0.5705 0.5705 0.4864 0.5705 0.5705 0.4864 0.5705 0.4864 0.4864 0.5705 0.4864 0.4864 0.5705 0.4864 0.4864
063 073 017 206 0.4864 0.4864 0.5705 0.4864 0.4864 0.5705 0.4864 0.5705 0.4864 0.5705 0.4864 0.5705 0.4864 0.4864 0.4864 0.4864
073 017 206 337 0.5705 0.4864 0.4864 0.4864 0.5705 0.5705 0.4864 0.5705 0.5705 0.4864 0.5705 0.5705 0.5705 0.5705 0.5705 0.4864
017 206 337 168 0.4864 0.4864 0.5705 0.4864 0.5705 0.5705 0.4864 0.5705 0.5705 0.4864 0.4864 0.5705 0.4864 0.5705 0.4864 0.4864
206 337 168 225 0.4864 0.4864 0.4864 0.4864 0.5705 0.4864 0.4864 0.5705 0.4864 0.4864 0.5705 0.5705 0.5705 0.4864 0.5705 0.5705
337 168 225 094 0.5705 0.5705 0.4864 0.5705 0.5705 0.4864 0.4864 0.5705 0.4864 0.4864 0.4864 0.5705 0.4864 0.4864 0.5705 0.5705
168 225 094 040 0.4864 0.4864 0.4864 0.4864 0.4864 0.5705 0.5705 0.5705 0.5705 0.4864 0.4864 0.4864 0.4864 0.4864 0.4864 0.5705
225 094 040 264 0.5705 0.4864 0.4864 0.5705 0.5705 0.4864 0.4864 0.4864 0.4864 0.4864 0.4864 0.4864 0.4864 0.4864 0.4864 0.5705
094 040 264 003 0.5705 0.4864 0.5705 0.5705 0.5705 0.5705 0.5705 0.5705 0.5705 0.4864 0.4864 0.5705 0.5705 0.5705 0.5705 0.4864
040 264 003 121 0.5705 0.4864 0.5705 0.5705 0.4864 0.4864 0.5705 0.5705 0.4864 0.4864 0.5705 0.4864 0.5705 0.4864 0.4864 0.5705
264 003 121 199 0.5705 0.5705 0.4864 0.4864 0.4864 0.4864 0.4864 0.5705 0.4864 0.5705 0.5705 0.4864 0.5705 0.5705 0.4864 0.5705
003 121 199 105 0.4864 0.5705 0.4864 0.5705 0.5705 0.4864 0.5705 0.4864 0.5705 0.5705 0.5705 0.4864 0.4864 0.5705 0.4864 0.4864
121 199 105 183 0.5705 0.4864 0.4864 0.5705 0.5705 0.5705 0.4864 0.4864 0.4864 0.4864 0.4864 0.5705 0.4864 0.4864 0.5705 0.5705
199 105 183 352 0.4864 0.4864 0.5705 0.4864 0.4864 0.5705 0.5705 0.4864 0.4864 0.5705 0.4864 0.4864 0.5705 0.4864 0.5705 0.5705
105 183 352 125 0.5705 0.4864 0.5705 0.4864 0.5705 0.5705 0.5705 0.5705 0.5705 0.4864 0.5705 0.5705 0.4864 0.4864 0.4864 0.4864
183 352 125 342 0.4864 0.4864 0.5705 0.5705 0.4864 0.4864 0.5705 0.4864 0.4864 0.4864 0.5705 0.4864 0.4864 0.4864 0.5705 0.4864
352 125 342 177 0.4864 0.5705 0.4864 0.4864 0.4864 0.4864 0.4864 0.5705 0.5705 0.4864 0.4864 0.4864 0.5705 0.5705 0.4864 0.5705
125 342 177 227 0.5705 0.5705 0.5705 0.5705 0.5705 0.5705 0.4864 0.4864 0.4864 0.5705 0.5705 0.5705 0.4864 0.5705 0.5705 0.5705
342 177 227 001 0.5705 0.5705 0.4864 0.5705 0.5705 0.5705 0.4864 0.4864 0.5705 0.4864 0.5705 0.4864 0.5705 0.5705 0.5705 0.4864
177 227 001 265 0.5705 0.5705 0.4864 0.4864 0.4864 0.5705 0.4864 0.5705 0.4864 0.5705 0.4864 0.5705 0.5705 0.4864 0.4864 0.5705
227 001 265 248 0.4864 0.5705 0.4864 0.4864 0.4864 0.5705 0.4864 0.4864 0.4864 0.5705 0.4864 0.4864 0.4864 0.4864 0.4864 0.5705
001 265 248 021 0.5705 0.4864 0.5705 0.5705 0.4864 0.5705 0.4864 0.5705 0.4864 0.5705 0.4864 0.5705 0.4864 0.4864 0.4864 0.5705
265 248 021 166 0.5705 0.5705 0.4864 0.4864 0.4864 0.5705 0.4864 0.5705 0.4864 0.5705 0.5705 0.4864 0.4864 0.5705 0.4864 0.5705
248 021 166 007 0.5705 0.5705 0.5705 0.4864 0.4864 0.5705 0.5705 0.4864 0.5705 0.4864 0.5705 0.5705 0.4864 0.5705 0.4864 0.5705
021 166 007 219 0.4864 0.4864 0.5705 0.4864 0.5705 0.4864 0.4864 0.4864 0.5705 0.4864 0.5705 0.4864 0.5705 0.5705 0.4864 0.4864
166 007 219 223 0.4864 0.5705 0.4864 0.4864 0.4864 0.4864 0.5705 0.4864 0.5705 0.4864 0.5705 0.5705 0.5705 0.5705 0.5705 0.4864
007 219 223 253 0.5705 0.5705 0.4864 0.4864 0.4864 0.4864 0.5705 0.5705 0.5705 0.4864 0.5705 0.5705 0.4864 0.4864 0.5705 0.5705
219 223 253 216 0.5705 0.4864 0.4864 0.4864 0.5705 0.4864 0.5705 0.5705 0.4864 0.5705 0.4864 0.5705 0.4864 0.4864 0.5705 0.5705
223 253 216 107 0.4864 0.4864 0.5705 0.4864 0.4864 0.5705 0.4864 0.4864 0.5705 0.4864 0.5705 0.5705 0.5705 0.4864 0.5705 0.5705
253 216 107 203 0.4864 0.4864 0.5705 0.4864 0.4864 0.4864 0.5705 0.4864 0.5705 0.5705 0.4864 0.4864 0.4864 0.4864 0.4864 0.5705
216 107 203 025 0.5705 0.4864 0.5705 0.5705 0.4864 0.4864 0.4864 0.4864 0.4864 0.4864 0.5705 0.5705 0.5705 0.5705 0.5705 0.5705
107 203 025 296 0.4864 0.5705 0.4864 0.4864 0.5705 0.5705 0.4864 0.5705 0.4864 0.5705 0.5705 0.5705 0.4864 0.4864 0.4864 0.4864
203 025 296 275 0.5705 0.4864 0.4864 0.4864 0.4864 0.5705 0.5705 0.5705 0.4864 0.4864 0.4864 0.4864 0.5705 0.4864 0.5705 0.4864
025 296 275 349 0.5705 0.5705 0.5705 0.5705 0.4864 0.4864 0.4864 0.5705 0.4864 0.4864 0.5705 0.5705 0.5705 0.4864 0.5705 0.5705
296 275 349 179 0.4864 0.5705 0.5705 0.5705 0.4864 0.4864 0.4864 0.5705 0.5705 0.5705 0.4864 0.4864 0.4864 0.4864 0.5705 0.4864
275 349 179 251 0.5705 0.5705 0.5705 0.5705 0.5705 0.5705 0.4864 0.4864 0.5705 0.5705 0.5705 0.4864 0.4864 0.4864 0.4864 0.5705
349 179 251 233 0.4864 0.5705 0.4864 0.5705 0.4864 0.4864 0.4864 0.5705 0.5705 0.4864 0.4864 0.4864 0.5705 0.4864 0.4864 0.5705
179 251 233 294 0.5705 0.4864 0.5705 0.5705 0.4864 0.4864 0.5705 0.5705 0.4864 0.4864 0.5705 0.4864 0.4864 0.4864 0.4864 0.5705
251 233 294 046 0.5705 0.5705 0.5705 0.5705 0.4864 0.5705 0.4864 0.5705 0.5705 0.5705 0.5705 0.5705 0.5705 0.4864 0.5705 0.5705
233 294 046 091 0.5705 0.5705 0.4864 0.4864 0.5705 0.4864 0.5705 0.5705 0.5705 0.4864 0.5705 0.4864 0.5705 0.4864 0.5705 0.5705
294 046 091 315 0.4864 0.5705 0.4864 0.5705 0.5705 0.5705 0.5705 0.5705 0.4864 0.4864 0.4864 0.4864 0.4864 0.4864 0.5705 0.4864
046 091 315 257 0.4864 0.4864 0.5705 0.5705 0.5705 0.5705 0.5705 0.4864 0.5705 0.5705 0.5705 0.5705 0.4864 0.5705 0.4864 0.5705
091 315 257 028 0.4864 0.5705 0.5705 0.5705 0.4864 0.4864 0.4864 0.5705 0.5705 0.5705 0.4864 0.4864 0.4864 0.4864 0.4864 0.5705
315 257 028 355 0.5705 0.5705 0.5705 0.4864 0.5705 0.4864 0.5705 0.5705 0.4864 0.4864 0.4864 0.4864 0.5705 0.4864 0.4864 0.4864
257 028 355 097 0.4864 0.5705 0.4864 0.4864 0.4864 0.5705 0.4864 0.5705 0.4864 0.4864 0.4864 0.5705 0.5705 0.5705 0.5705 0.5705
028 355 097 290 0.4864 0.4864 0.5705 0.5705 0.4864 0.4864 0.5705 0.4864 0.4864 0.4864 0.5705 0.5705 0.5705 0.5705 0.5705 0.4864
355 097 290 224 0.5705 0.4864 0.4864 0.4864 0.4864 0.5705 0.5705 0.5705 0.4864 0.5705 0.5705 0.4864 0.5705 0.4864 0.5705 0.5705
097 290 224 114 0.5705 0.5705 0.4864 0.4864 0.4864 0.4864 0.5705 0.4864 0.4864 0.4864 0.4864 0.5705 0.4864 0.4864 0.5705 0.4864
290 224 114 170 0.5705 0.5705 0.5705 0.4864 0.4864 0.4864 0.5705 0.4864 0.4864 0.5705 0.4864 0.4864 0.5705 0.5705 0.5705 0.5705
224 114 170 085 0.4864 0.5705 0.4864 0.4864 0.5705 0.4864 0.4864 0.5705 0.5705 0.4864 0.5705 0.5705 0.4864 0.5705 0.4864 0.5705
114 170 085 182 0.4864 0.4864 0.5705 0.5705 0.4864 0.5705 0.5705 0.4864 0.5705 0.4864 0.5705 0.5705 0.5705 0.4864 0.4864 0.4864
170 085 182 174 0.4864 0.4864 0.5705 0.4864 0.4864 0.4864 0.5705 0.5705 0.5705 0.5705 0.5705 0.4864 0.4864 0.5705 0.5705 0.4864
085 182 174 058 0.5705 0.4864 0.5705 0.4864 0.4864 0.5705 0.5705 0.4864 0.5705 0.4864 0.5705 0.5705 0.4864 0.5705 0.4864 0.5705
182 174 058 098 0.4864 0.5705 0.4864 0.4864 0.5705 0.5705 0.5705 0.5705 0.4864 0.4864 0.5705 0.5705 0.4864 0.4864 0.4864 0.5705
174 058 098 350 0.4864 0.4864 0.5705 0.4864 0.4864 0.5705 0.4864 0.4864 0.4864 0.5705 0.4864 0.4864 0.5705 0.5705 0.4864 0.5705
058 098 350 339 0.5705 0.4864 0.5705 0.5705 0.4864 0.5705 0.4864 0.5705 0.4864 0.4864 0.4864 0.4864 0.4864 0.4864 0.4864 0.5705
098 350 339 322 0.5705 0.4864 0.5705 0.4864 0.5705 0.4864 0.5705 0.5705 0.5705 0.5705 0.5705 0.5705 0.5705 0.4864 0.5705 0.4864
350 339 322 188 0.5705 0.4864 0.4864 0.4864 0.5705 0.5705 0.4864 0.5705 0.5705 0.4864 0.5705 0.5705 0.4864 0.4864 0.4864 0.4864
339 322 188 298 0.5705 0.4864 0.5705 0.4864 0.4864 0.5705 0.5705 0.4864 0.4864 0.4864 0.5705 0.5705 0.5705 0.4864 0.4864 0.5705
322 188 298 111 0.4864 0.5705 0.5705 0.5705 0.4864 0.5705 0.4864 0.5705 0.4864 0.5705 0.4864 0.5705 0.4864 0.4864 0.4864 0.4864
188 298 111 259 0.4864 0.4864 0.5705 0.4864 0.4864 0.4864 0.4864 0.5705 0.5705 0.4864 0.4864 0.5705 0.4864 0.5705 0.4864 0.5705
298 111 259 074 0.5705 0.4864 0.4864 0.5705 0.5705 0.4864 0.5705 0.4864 0.5705 0.4864 0.4864 0.5705 0.5705 0.5705 0.5705 0.4864
111 259 074 292 0.4864 0.5705 0.5705 0.4864 0.4864 0.4864 0.5705 0.4864 0.5705 0.4864 0.5705 0.4864 0.4864 0.5705 0.4864 0.4864
259 074 292 204 0.4864 0.4864 0.5705 0.4864 0.4864 0.4864 0.5705 0.5705 0.5705 0.5705 0.5705 0.5705 0.4864 0.5705 0.4864 0.5705
074 292 204 039 0.5705 0.4864 0.4864 0.5705 0.4864 0.5705 0.4864 0.5705 0.5705 0.5705 0.4864 0.4864 0.4864 0.5705 0.5705 0.5705
292 204 039 134 0.5705 0.4864 0.5705 0.4864 0.4864 0.5705 0.5705 0.5705 0.5705 0.5705 0.5705 0.4864 0.4864 0.4864 0.4864 0.4864
204 039 134 306 0.4864 0.4864 0.5705 0.5705 0.4864 0.5705 0.4864 0.4864 0.5705 0.5705 0.4864 0.4864 0.5705 0.5705 0.5705 0.4864
039 134 306 031 0.5705 0.5705 0.4864 0.4864 0.5705 0.4864 0.5705 0.5705 0.5705 0.5705 0.5705 0.5705 0.5705 0.5705 0.5705 0.5705
134 306 031 338 0.4864 0.5705 0.5705 0.5705 0.4864 0.4864 0.5705 0.4864 0.5705 0.4864 0.5705 0.4864 0.5705 0.4864 0.4864 0.5705
306 031 338 353 0.4864 0.4864 0.5705 0.4864 0.4864 0.5705 0.5705 0.5705 0.4864 0.5705 0.5705 0.5705 0.4864 0.5705 0.4864 0.5705
031 338 353 052 0.4864 0.4864 0.5705 0.5705 0.5705 0.4864 0.4864 0.5705 0.5705 0.5705 0.5705 0.4864 0.5705 0.5705 0.5705 0.5705
338 353 052 324 0.4864 0.4864 0.5705 0.4864 0.4864 0.4864 0.5705 0.5705 0.4864 0.4864 0.5705 0.4864 0.5705 0.4864 0.4864 0.4864
353 052 324 319 0.5705 0.4864 0.4864 0.4864 0.5705 0.5705 0.4864 0.4864 0.4864 0.5705 0.4864 0.4864 0.4864 0.4864 0.4864 0.4864
052 324 319 240 0.4864 0.4864 0.4864 0.4864 0.4864 0.5705 0.4864 0.4864 0.4864 0.5705 0.4864 0.5705 0.4864 0.5705 0.5705 0.4864
324 319 240 283 0.4864 0.5705 0.5705 0.4864 0.5705 0.5705 0.4864 0.4864 0.4864 0.4864 0.4864 0.5705 0.4864 0.4864 0.5705 0.5705
319 240 283 228 0.4864 0.5705 0.4864 0.5705 0.5705 0.5705 0.4864 0.5705 0.4864 0.5705 0.5705 0.4864 0.4864 0.4864 0.5705 0.5705
240 283 228 335 0.5705 0.5705 0.5705 0.4864 0.5705 0.5705 0.5705 0.4864 0.5705 0.4864 0.5705 0.4864 0.5705 0.5705 0.4864 0.4864
283 228 335 311 0.5705 0.4864 0.4864 0.4864 0.5705 0.5705 0.4864 0.4864 0.4864 0.5705 0.4864 0.4864 0.5705 0.5705 0.4864 0.5705
228 335 311 095 0.5705 0.5705 0.5705 0.5705 0.4864 0.4864 0.5705 0.5705 0.4864 0.4864 0.4864 0.4864 0.4864 0.5705 0.5705 0.5705
335 311 095 026 0.4864 0.4864 0.5705 0.5705 0.5705 0.5705 0.4864 0.4864 0.5705 0.4864 0.4864 0.4864 0.5705 0.5705 0.4864 0.5705
311 095 026 255 0.5705 0.5705 0.5705 0.4864 0.5705 0.4864 0.4864 0.4864 0.5705 0.5705 0.5705 0.4864 0.5705 0.5705 0.5705 0.5705
095 026 255 246 0.4864 0.4864 0.5705 0.4864 0.4864 0.5705 0.4864 0.5705 0.5705 0.5705 0.5705 0.4864 0.4864 0.5705 0.5705 0.4864
026 255 246 260 0.4864 0.5705 0.4864 0.4864 0.5705 0.4864 0.4864 0.5705 0.5705 0.4864 0.4864 0.4864 0.4864 0.4864 0.4864 0.5705
255 246 260 163 0.5705 0.5705 0.4864 0.5705 0.4864 0.4864 0.5705 0.4864 0.5705 0.4864 0.4864 0.5705 0.4864 0.4864 0.4864 0.5705
246 260 163 211 0.5705 0.4864 0.5705 0.4864 0.4864 0.5705 0.4864 0.5705 0.5705 0.4864 0.5705 0.4864 0.5705 0.5705 0.4864 0.5705
260 163 211 076 0.5705 0.5705 0.4864 0.5705 0.5705 0.4864 0.4864 0.5705 0.4864 0.4864 0.4864 0.4864 0.4864 0.5705 0.4864 0.5705
163 211 076 080 0.4864 0.4864 0.4864 0.5705 0.4864 0.4864 0.4864 0.4864 0.5705 0.5705 0.5705 0.5705 0.5705 0.5705 0.5705 0.5705
211 076 080 027 0.5705 0.4864 0.5705 0.4864 0.4864 0.4864 0.4864 0.5705 0.5705 0.4864 0.5705 0.5705 0.4864 0.4864 0.4864 0.5705
076 080 027 047 0.4864 0.5705 0.5705 0.5705 0.5705 0.5705 0.5705 0.4864 0.4864 0.4864 0.5705 0.4864 0.4864 0.4864 0.5705 0.4864
080 027 047 171 0.5705 0.4864 0.4864 0.4864 0.5705 0.5705 0.5705 0.4864 0.4864 0.4864 0.5705 0.5705 0.4864 0.4864 0.5705 0.4864
027 047 171 104 0.4864 0.4864 0.5705 0.5705 0.5705 0.5705 0.4864 0.5705 0.5705 0.5705 0.5705 0.5705 0.5705 0.5705 0.5705 0.5705
047 171 104 048 0.5705 0.5705 0.5705 0.5705 0.4864 0.4864 0.5705 0.4864 0.4864 0.5705 0.4864 0.4864 0.5705 0.4864 0.4864 0.5705
171 104 048 131 0.4864 0.4864 0.4864 0.4864 0.5705 0.5705 0.4864 0.5705 0.4864 0.4864 0.5705 0.5705 0.5705 0.4864 0.5705 0.5705
104 048 131 341 0.5705 0.5705 0.5705 0.4864 0.5705 0.5705 0.5705 0.5705 0.4864 0.4864 0.5705 0.5705 0.4864 0.5705 0.4864 0.4864
048 131 341 060 0.5705 0.4864 0.4864 0.4864 0.4864 0.5705 0.5705 0.4864 0.4864 0.5705 0.4864 0.4864 0.5705 0.4864 0.5705 0.4864
131 341 060 323 0.5705 0.4864 0.5705 0.4864 0.4864 0.4864 0.5705 0.4864 0.5705 0.5705 0.5705 0.5705 0.4864 0.5705 0.4864 0.5705
341 060 323 101 0.4864 0.4864 0.5705 0.5705 0.5705 0.4864 0.4864 0.4864 0.4864 0.5705 0.5705 0.4864 0.4864 0.4864 0.4864 0.5705
060 323 101 231 0.4864 0.4864 0.4864 0.5705 0.5705 0.4864 0.5705 0.5705 0.5705 0.4864 0.4864 0.4864 0.5705 0.5705 0.4864 0.5705
323 101 231 051 0.4864 0.5705 0.4864 0.4864 0.5705 0.5705 0.5705 0.5705 0.4864 0.4864 0.4864 0.4864 0.5705 0.4864 0.4864 0.5705
101 231 051 252 0.4864 0.4864 0.4864 0.4864 0.4864 0.4864 0.4864 0.5705 0.5705 0.5705 0.5705 0.5705 0.5705 0.5705 0.4864 0.5705
231 051 252 286 0.4864 0.4864 0.5705 0.5705 0.5705 0.4864 0.5705 0.5705 0.5705 0.4864 0.4864 0.5705 0.5705 0.5705 0.4864 0.4864
051 252 286 012 0.5705 0.4864 0.5705 0.4864 0.5705 0.4864 0.5705 0.4864 0.5705 0.5705 0.5705 0.4864 0.4864 0.5705 0.5705 0.5705
252 286 012 215 0.4864 0.5705 0.4864 0.5705 0.5705 0.5705 0.5705 0.5705 0.5705 0.4864 0.4864 0.5705 0.5705 0.4864 0.5705 0.4864
286 012 215 116 0.4864 0.4864 0.4864 0.5705 0.4864 0.5705 0.5705 0.5705 0.5705 0.5705 0.5705 0.4864 0.5705 0.5705 0.4864 0.5705
012 215 116 112 0.5705 0.4864 0.5705 0.5705 0.5705 0.5705 0.4864 0.4864 0.4864 0.4864 0.5705 0.5705 0.5705 0.4864 0.4864 0.5705
215 116 112 136 0.5705 0.4864 0.5705 0.5705 0.4864 0.5705 0.4864 0.4864 0.5705 0.5705 0.4864 0.4864 0.4864 0.5705 0.5705 0.4864
116 112 136 043 0.5705 0.4864 0.4864 0.5705 0.4864 0.5705 0.5705 0.4864 0.5705 0.4864 0.5705 0.4864 0.4864 0.4864 0.5705 0.4864
112 136 043 108 0.5705 0.5705 0.5705 0.4864 0.5705 0.5705 0.5705 0.4864 0.4864 0.5705 0.4864 0.5705 0.5705 0.4864 0.4864 0.5705
136 043 108 072 0.5705 0.5705 0.5705 0.4864 0.5705 0.5705 0.4864 0.5705 0.4864 0.5705 0.4864 0.4864 0.4864 0.4864 0.5705 0.5705
043 108 072 288 0.4864 0.5705 0.5705 0.5705 0.5705 0.5705 0.5705 0.5705 0.4864 0.5705 0.5705 0.5705 0.4864 0.5705 0.4864 0.4864
108 072 288 122 0.5705 0.5705 0.5705 0.5705 0.5705 0.4864 0.4864 0.4864 0.4864 0.4864 0.5705 0.5705 0.4864 0.5705 0.4864 0.4864
072 288 122 139 0.5705 0.4864 0.5705 0.5705 0.5705 0.5705 0.5705 0.5705 0.4864 0.4864 0.4864 0.4864 0.4864 0.4864 0.5705 0.4864
288 122 139 153 0.5705 0.5705 0.5705 0.4864 0.4864 0.5705 0.4864 0.4864 0.5705 0.4864 0.5705 0.4864 0.5705 0.4864 0.4864 0.5705
122 139 153 321 0.4864 0.5705 0.4864 0.5705 0.5705 0.4864 0.4864 0.4864 0.5705 0.5705 0.4864 0.4864 0.4864 0.4864 0.4864 0.4864
139 153 321 181 0.5705 0.5705 0.4864 0.5705 0.5705 0.4864 0.4864 0.4864 0.5705 0.5705 0.5705 0.4864 0.5705 0.5705 0.5705 0.5705
153 321 181 147 0.4864 0.4864 0.5705 0.5705 0.4864 0.5705 0.4864 0.5705 0.5705 0.4864 0.4864 0.5705 0.4864 0.4864 0.4864 0.5705
321 181 147 232 0.5705 0.5705 0.5705 0.5705 0.5705 0.4864 0.5705 0.4864 0.5705 0.5705 0.4864 0.5705 0.4864 0.4864 0.5705 0.4864
181 147 232 197 0.5705 0.5705 0.4864 0.4864 0.5705 0.5705 0.5705 0.4864 0.5705 0.5705 0.5705 0.5705 0.4864 0.5705 0.4864 0.4864
147 232 197 033 0.5705 0.4864 0.5705 0.5705 0.4864 0.4864 0.4864 0.4864 0.5705 0.5705 0.4864 0.4864 0.5705 0.5705 0.4864 0.5705
232 197 033 297 0.5705 0.4864 0.5705 0.4864 0.4864 0.5705 0.5705 0.5705 0.4864 0.4864 0.4864 0.4864 0.4864 0.5705 0.4864 0.4864
197 033 297 285 0.5705 0.5705 0.5705 0.4864 0.4864 0.4864 0.5705 0.5705 0.4864 0.4864 0.5705 0.4864 0.5705 0.5705 0.4864 0.5705
033 297 285 162 0.5705 0.5705 0.5705 0.5705 0.4864 0.5705 0.5705 0.5705 0.5705 0.4864 0.4864 0.4864 0.4864 0.4864 0.5705 0.4864
297 285 162 118 0.4864 0.5705 0.5705 0.4864 0.4864 0.5705 0.5705 0.4864 0.5705 0.5705 0.5705 0.4864 0.4864 0.5705 0.5705 0.4864
285 162 118 099 0.4864 0.5705 0.4864 0.4864 0.4864 0.4864 0.5705 0.4864 0.4864 0.4864 0.5705 0.4864 0.5705 0.5705 0.4864 0.4864
162 118 099 336 0.4864 0.5705 0.5705 0.5705 0.4864 0.5705 0.4864 0.5705 0.4864 0.4864 0.5705 0.4864 0.5705 0.5705 0.4864 0.4864
118 099 336 010 0.5705 0.5705 0.5705 0.5705 0.4864 0.4864 0.4864 0.4864 0.4864 0.5705 0.4864 0.4864 0.4864 0.4864 0.4864 0.4864
099 336 010 187 0.5705 0.4864 0.5705 0.5705 0.5705 0.4864 0.5705 0.4864 0.5705 0.4864 0.5705 0.4864 0.5705 0.5705 0.4864 0.5705
336 010 187 089 0.4864 0.5705 0.5705 0.5705 0.5705 0.4864 0.4864 0.4864 0.4864 0.4864 0.4864 0.4864 0.4864 0.5705 0.4864 0.5705
010 187 089 222 0.5705 0.5705 0.4864 0.5705 0.5705 0.4864 0.4864 0.4864 0.4864 0.5705 0.4864 0.4864 0.5705 0.4864 0.5705 0.4864
187 089 222 217 0.4864 0.5705 0.5705 0.5705 0.5705 0.5705 0.5705 0.5705 0.4864 0.4864 0.5705 0.4864 0.4864 0.5705 0.4864 0.5705
089 222 217 245 0.5705 0.5705 0.4864 0.4864 0.4864 0.4864 0.5705 0.5705 0.5705 0.4864 0.5705 0.4864 0.4864 0.5705 0.4864 0.4864
222 217 245 304 0.4864 0.4864 0.4864 0.5705 0.5705 0.4864 0.4864 0.5705 0.4864 0.5705 0.5705 0.4864 0.4864 0.5705 0.4864 0.4864
217 245 304 334 0.4864 0.4864 0.5705 0.4864 0.5705 0.4864 0.4864 0.5705 0.4864 0.4864 0.5705 0.5705 0.5705 0.4864 0.5705 0.5705
245 304 334 307 0.5705 0.4864 0.4864 0.4864 0.5705 0.5705 0.5705 0.5705 0.4864 0.4864 0.5705 0.5705 0.5705 0.5705 0.5705 0.4864
304 334 307 042 0.4864 0.5705 0.5705 0.4864 0.4864 0.4864 0.4864 0.5705 0.4864 0.5705 0.4864 0.4864 0.5705 0.5705 0.5705 0.4864
334 307 042 329 0.5705 0.5705 0.5705 0.4864 0.4864 0.5705 0.4864 0.4864 0.4864 0.5705 0.4864 0.5705 0.5705 0.4864 0.4864 0.4864
307 042 329 238 0.5705 0.4864 0.5705 0.4864 0.5705 0.4864 0.5705 0.5705 0.4864 0.4864 0.4864 0.5705 0.4864 0.5705 0.5705 0.5705
042 329 238 277 0.4864 0.5705 0.4864 0.4864 0.5705 0.4864 0.4864 0.5705 0.5705 0.5705 0.4864 0.5705 0.4864 0.4864 0.4864 0.5705
329 238 277 088 0.4864 0.5705 0.4864 0.4864 0.5705 0.5705 0.4864 0.4864 0.4864 0.5705 0.5705 0.4864 0.5705 0.5705 0.4864 0.4864
238 277 088 201 0.5705 0.4864 0.5705 0.4864 0.4864 0.4864 0.5705 0.5705 0.5705 0.4864 0.5705 0.4864 0.5705 0.4864 0.5705 0.4864
277 088 201 189 0.4864 0.5705 0.5705 0.5705 0.4864 0.4864 0.4864 0.5705 0.5705 0.5705 0.4864 0.5705 0.4864 0.5705 0.5705 0.5705
088 201 189 300 0.5705 0.4864 0.5705 0.4864 0.5705 0.5705 0.4864 0.5705 0.5705 0.5705 0.4864 0.5705 0.4864 0.5705 0.4864 0.4864
201 189 300 110 0.5705 0.4864 0.5705 0.5705 0.5705 0.5705 0.4864 0.5705 0.4864 0.5705 0.5705 0.5705 0.5705 0.4864 0.4864 0.5705
189 300 110 070 0.4864 0.5705 0.5705 0.5705 0.4864 0.5705 0.5705 0.5705 0.5705 0.5705 0.5705 0.4864 0.5705 0.5705 0.4864 0.5705
300 110 070 230 0.5705 0.4864 0.5705 0.5705 0.4864 0.5705 0.4864 0.4864 0.4864 0.4864 0.5705 0.5705 0.4864 0.4864 0.5705 0.4864
110 070 230 242 0.4864 0.5705 0.5705 0.4864 0.4864 0.4864 0.4864 0.5705 0.4864 0.4864 0.4864 0.4864 0.4864 0.4864 0.5705 0.5705
070 230 242 151 0.5705 0.4864 0.4864 0.4864 0.4864 0.5705 0.5705 0.4864 0.4864 0.5705 0.4864 0.4864 0.5705 0.5705 0.4864 0.4864
230 242 151 202 0.4864 0.5705 0.5705 0.5705 0.4864 0.5705 0.4864 0.4864 0.5705 0.5705 0.4864 0.5705 0.4864 0.4864 0.4864 0.5705
242 151 202 143 0.5705 0.4864 0.4864 0.5705 0.5705 0.5705 0.5705 0.4864 0.5705 0.5705 0.4864 0.5705 0.5705 0.4864 0.5705 0.4864
151 202 143 200 0.5705 0.5705 0.5705 0.5705 0.4864 0.5705 0.4864 0.5705 0.4864 0.5705 0.4864 0.5705 0.4864 0.5705 0.5705 0.5705
202 143 200 142 0.5705 0.4864 0.5705 0.5705 0.4864 0.5705 0.5705 0.5705 0.5705 0.4864 0.5705 0.5705 0.4864 0.4864 0.4864 0.4864
143 200 142 005 0.5705 0.4864 0.4864 0.5705 0.4864 0.4864 0.4864 0.5705 0.5705 0.5705 0.5705 0.4864 0.5705 0.5705 0.5705 0.4864
200 142 005 064 0.4864 0.4864 0.5705 0.5705 0.4864 0.4864 0.5705 0.4864 0.4864 0.4864 0.5705 0.4864 0.5705 0.5705 0.4864 0.5705
142 005 064 269 0.4864 0.4864 0.5705 0.4864 0.4864 0.4864 0.4864 0.5705 0.5705 0.4864 0.4864 0.4864 0.5705 0.4864 0.4864 0.4864
005 064 269 006 0.4864 0.5705 0.4864 0.5705 0.5705 0.5705 0.4864 0.5705 0.5705 0.5705 0.4864 0.5705 0.4864 0.5705 0.4864 0.4864
064 269 006 078 0.5705 0.5705 0.4864 0.5705 0.5705 0.5705 0.5705 0.5705 0.4864 0.5705 0.4864 0.5705 0.4864 0.4864 0.5705 0.5705
269 006 078 254 0.5705 0.5705 0.4864 0.4864 0.5705 0.4864 0.4864 0.4864 0.5705 0.4864 0.4864 0.5705 0.4864 0.4864 0.5705 0.4864
006 078 254 164 0.4864 0.4864 0.4864 0.4864 0.4864 0.4864 0.4864 0.5705 0.5705 0.4864 0.5705 0.5705 0.5705 0.5705 0.5705 0.4864
078 254 164 326 0.5705 0.4864 0.4864 0.4864 0.5705 0.5705 0.5705 0.4864 0.4864 0.5705 0.4864 0.5705 0.4864 0.4864 0.4864 0.5705
254 164 326 279 0.5705 0.5705 0.4864 0.4864 0.5705 0.4864 0.5705 0.5705 0.5705 0.4864 0.4864 0.4864 0.5705 0.4864 0.4864 0.4864
164 326 279 289 0.4864 0.4864 0.5705 0.4864 0.4864 0.4864 0.5705 0.4864 0.5705 0.4864 0.4864 0.4864 0.4864 0.5705 0.5705 0.4864
326 279 289 247 0.4864 0.5705 0.5705 0.4864 0.5705 0.5705 0.4864 0.5705 0.4864 0.5705 0.5705 0.4864 0.4864 0.5705 0.5705 0.5705
279 289 247 263 0.4864 0.5705 0.4864 0.5705 0.4864 0.4864 0.4864 0.4864 0.5705 0.4864 0.4864 0.5705 0.5705 0.4864 0.4864 0.5705
289 247 263 198 0.4864 0.4864 0.5705 0.5705 0.5705 0.5705 0.5705 0.4864 0.4864 0.5705 0.4864 0.4864 0.4864 0.4864 0.4864 0.5705
247 263 198 346 0.4864 0.5705 0.4864 0.4864 0.5705 0.5705 0.5705 0.4864 0.4864 0.5705 0.4864 0.5705 0.4864 0.4864 0.4864 0.5705
263 198 346 175 0.4864 0.5705 0.4864 0.4864 0.4864 0.5705 0.4864 0.5705 0.5705 0.5705 0.5705 0.4864 0.5705 0.4864 0.5705 0.5705
198 346 175 093 0.5705 0.5705 0.5705 0.4864 0.4864 0.4864 0.5705 0.4864 0.4864 0.4864 0.4864 0.4864 0.4864 0.4864 0.5705 0.4864
346 175 093 119 0.5705 0.4864 0.5705 0.4864 0.4864 0.4864 0.5705 0.5705 0.4864 0.5705 0.4864 0.4864 0.4864 0.4864 0.5705 0.4864
175 093 119 148 0.4864 0.4864 0.4864 0.5705 0.5705 0.5705 0.4864 0.4864 0.5705 0.4864 0.5705 0.5705 0.5705 0.4864 0.4864 0.4864
093 119 148 029 0.4864 0.4864 0.4864 0.4864 0.4864 0.4864 0.5705 0.5705 0.4864 0.5705 0.4864 0.5705 0.5705 0.4864 0.4864 0.4864
119 148 029 299 0.5705 0.5705 0.5705 0.5705 0.5705 0.4864 0.5705 0.5705 0.4864 0.5705 0.5705 0.4864 0.5705 0.4864 0.5705 0.5705
148 029 299 069 0.4864 0.4864 0.5705 0.4864 0.5705 0.5705 0.5705 0.5705 0.4864 0.5705 0.4864 0.5705 0.5705 0.4864 0.5705 0.5705
029 299 069 249 0.4864 0.4864 0.4864 0.4864 0.4864 0.5705 0.4864 0.5705 0.4864 0.4864 0.5705 0.5705 0.4864 0.5705 0.4864 0.5705
299 069 249 103 0.4864 0.4864 0.5705 0.4864 0.5705 0.4864 0.5705 0.5705 0.4864 0.5705 0.5705 0.4864 0.5705 0.4864 0.5705 0.4864
069 249 103 023 0.4864 0.4864 0.4864 0.4864 0.4864 0.5705 0.4864 0.5705 0.5705 0.4864 0.5705 0.4864 0.5705 0.5705 0.4864 0.5705
249 103 023 234 0.5705 0.5705 0.4864 0.4864 0.5705 0.4864 0.5705 0.5705 0.4864 0.4864 0.4864 0.4864 0.4864 0.5705 0.5705 0.5705
103 023 234 138 0.5705 0.4864 0.4864 0.5705 0.5705 0.5705 0.5705 0.4864 0.4864 0.5705 0.4864 0.4864 0.5705 0.5705 0.5705 0.5705
023 234 138 266 0.4864 0.5705 0.4864 0.4864 0.4864 0.5705 0.5705 0.4864 0.4864 0.5705 0.5705 0.4864 0.4864 0.5705 0.5705 0.5705
234 138 266 132 0.4864 0.4864 0.4864 0.5705 0.5705 0.4864 0.5705 0.4864 0.5705 0.4864 0.5705 0.5705 0.5705 0.4864 0.5705 0.5705
138 266 132 087 0.4864 0.4864 0.4864 0.4864 0.4864 0.5705 0.4864 0.4864 0.4864 0.5705 0.4864 0.5705 0.5705 0.5705 0.4864 0.4864
266 132 087 079 0.5705 0.4864 0.5705 0.5705 0.5705 0.5705 0.4864 0.4864 0.4864 0.5705 0.5705 0.4864 0.4864 0.5705 0.4864 0.5705
132 087 079 317 0.4864 0.4864 0.5705 0.4864 0.5705 0.4864 0.5705 0.5705 0.5705 0.4864 0.4864 0.4864 0.4864 0.5705 0.5705 0.5705
087 079 317 015 0.4864 0.5705 0.4864 0.5705 0.5705 0.5705 0.5705 0.4864 0.5705 0.5705 0.5705 0.5705 0.5705 0.5705 0.4864 0.4864
079 317 015 030 0.4864 0.4864 0.4864 0.5705 0.5705 0.5705 0.4864 0.4864 0.5705 0.4864 0.4864 0.4864 0.4864 0.4864 0.4864 0.4864
317 015 030 154 0.4864 0.5705 0.5705 0.5705 0.4864 0.5705 0.4864 0.5705 0.4864 0.5705 0.5705 0.4864 0.4864 0.5705 0.4864 0.4864
015 030 154 156 0.4864 0.5705 0.5705 0.5705 0.4864 0.4864 0.5705 0.4864 0.4864 0.5705 0.4864 0.5705 0.5705 0.4864 0.4864 0.4864
030 154 156 340 0.5705 0.5705 0.4864 0.5705 0.5705 0.5705 0.5705 0.5705 0.4864 0.4864 0.4864 0.5705 0.4864 0.5705 0.4864 0.4864
154 156 340 004 0.5705 0.4864 0.5705 0.5705 0.5705 0.4864 0.5705 0.5705 0.4864 0.5705 0.4864 0.4864 0.5705 0.5705 0.4864 0.4864
156 340 004 191 0.5705 0.5705 0.4864 0.4864 0.5705 0.5705 0.4864 0.4864 0.4864 0.4864 0.4864 0.4864 0.5705 0.5705 0.5705 0.4864
340 004 191 276 0.5705 0.5705 0.4864 0.4864 0.5705 0.5705 0.4864 0.5705 0.5705 0.4864 0.5705 0.5705 0.4864 0.5705 0.4864 0.5705
004 191 276 313 0.5705 0.5705 0.4864 0.4864 0.4864 0.4864 0.4864 0.4864 0.4864 0.5705 0.5705 0.5705 0.5705 0.5705 0.4864 0.5705
191 276 313 077 0.4864 0.4864 0.5705 0.4864 0.4864 0.5705 0.4864 0.4864 0.4864 0.4864 0.4864 0.5705 0.4864 0.4864 0.4864 0.4864
276 313 077 160 0.4864 0.5705 0.4864 0.5705 0.4864 0.4864 0.5705 0.5705 0.5705 0.4864 0.4864 0.5705 0.4864 0.5705 0.5705 0.4864
313 077 160 347 0.4864 0.4864 0.5705 0.4864 0.4864 0.4864 0.4864 0.4864 0.5705 0.4864 0.5705 0.5705 0.4864 0.4864 0.5705 0.5705
077 160 347 034 0.4864 0.4864 0.5705 0.4864 0.5705 0.4864 0.5705 0.4864 0.4864 0.4864 0.5705 0.4864 0.4864 0.4864 0.5705 0.5705
160 347 034 250 0.4864 0.5705 0.5705 0.5705 0.5705 0.4864 0.4864 0.5705 0.4864 0.5705 0.4864 0.5705 0.5705 0.4864 0.4864 0.5705
347 034 250 207 0.4864 0.4864 0.4864 0.4864 0.5705 0.4864 0.5705 0.5705 0.5705 0.5705 0.4864 0.4864 0.5705 0.4864 0.5705 0.5705
034 250 207 344 0.5705 0.5705 0.4864 0.5705 0.5705 0.5705 0.5705 0.4864 0.4864 0.4864 0.5705 0.4864 0.4864 0.4864 0.4864 0.4864
250 207 344 102 0.4864 0.5705 0.4864 0.4864 0.5705 0.5705 0.5705 0.5705 0.5705 0.5705 0.4864 0.4864 0.5705 0.5705 0.5705 0.4864
207 344 102 109 0.4864 0.4864 0.5705 0.5705 0.4864 0.5705 0.4864 0.4864 0.4864 0.5705 0.5705 0.5705 0.4864 0.5705 0.5705 0.4864
344 102 109 220 0.5705 0.4864 0.5705 0.4864 0.4864 0.5705 0.4864 0.5705 0.5705 0.5705 0.4864 0.4864 0.5705 0.4864 0.4864 0.4864
102 109 220 065 0.5705 0.4864 0.5705 0.4864 0.5705 0.5705 0.5705 0.5705 0.4864 0.4864 0.4864 0.4864 0.5705 0.5705 0.4864 0.4864
109 220 065 092 0.5705 0.4864 0.5705 0.4864 0.5705 0.5705 0.5705 0.4864 0.5705 0.4864 0.4864 0.4864 0.5705 0.4864 0.4864 0.4864
220 065 092 214 0.5705 0.4864 0.5705 0.5705 0.4864 0.5705 0.5705 0.4864 0.4864 0.4864 0.5705 0.5705 0.4864 0.4864 0.4864 0.5705
065 092 214 135 0.4864 0.4864 0.5705 0.5705 0.5705 0.5705 0.5705 0.4864 0.4864 0.4864 0.4864 0.4864 0.4864 0.4864 0.4864 0.5705
092 214 135 314 0.5705 0.4864 0.4864 0.4864 0.5705 0.4864 0.4864 0.4864 0.5705 0.4864 0.4864 0.4864 0.4864 0.5705 0.4864 0.4864
214 135 314 124 0.4864 0.4864 0.4864 0.5705 0.5705 0.4864 0.5705 0.5705 0.4864 0.5705 0.4864 0.4864 0.4864 0.5705 0.4864 0.4864
135 314 124 055 0.4864 0.5705 0.5705 0.5705 0.5705 0.4864 0.5705 0.5705 0.4864 0.5705 0.4864 0.4864 0.4864 0.5705 0.4864 0.5705
314 124 055 145 0.4864 0.4864 0.4864 0.5705 0.4864 0.5705 0.5705 0.4864 0.4864 0.4864 0.5705 0.5705 0.4864 0.4864 0.5705 0.5705
124 055 145 331 0.5705 0.5705 0.4864 0.4864 0.4864 0.5705 0.4864 0.5705 0.4864 0.4864 0.4864 0.4864 0.4864 0.5705 0.4864 0.4864
055 145 331 333 0.4864 0.4864 0.5705 0.5705 0.5705 0.5705 0.4864 0.5705 0.4864 0.4864 0.4864 0.5705 0.5705 0.4864 0.5705 0.5705
145 331 333 196 0.5705 0.5705 0.5705 0.4864 0.4864 0.5705 0.4864 0.5705 0.5705 0.4864 0.4864 0.4864 0.5705 0.5705 0.5705 0.4864
331 333 196 008 0.4864 0.4864 0.4864 0.5705 0.5705 0.5705 0.4864 0.5705 0.5705 0.5705 0.5705 0.5705 0.5705 0.5705 0.4864 0.4864
333 196 008 165 0.4864 0.4864 0.5705 0.5705 0.4864 0.4864 0.4864 0.5705 0.5705 0.4864 0.4864 0.5705 0.5705 0.4864 0.5705 0.5705
196 008 165 343 0.5705 0.5705 0.4864 0.4864 0.4864 0.4864 0.4864 0.5705 0.5705 0.4864 0.5705 0.5705 0.5705 0.5705 0.4864 0.5705
008 165 343 268 0.5705 0.4864 0.5705 0.4864 0.4864 0.4864 0.4864 0.5705 0.5705 0.4864 0.5705 0.5705 0.5705 0.4864 0.5705 0.5705
165 343 268 351 0.5705 0.5705 0.5705 0.4864 0.5705 0.4864 0.5705 0.5705 0.4864 0.4864 0.5705 0.4864 0.4864 0.4864 0.4864 0.5705
343 268 351 208 0.5705 0.5705 0.5705 0.5705 0.5705 0.5705 0.4864 0.5705 0.5705 0.5705 0.4864 0.5705 0.4864 0.5705 0.4864 0.5705
268 351 208 062 0.4864 0.4864 0.5705 0.4864 0.4864 0.4864 0.5705 0.5705 0.4864 0.5705 0.4864 0.5705 0.5705 0.4864 0.4864 0.5705
351 208 062 271 0.4864 0.5705 0.5705 0.5705 0.5705 0.4864 0.4864 0.5705 0.4864 0.5705 0.5705 0.5705 0.5705 0.5705 0.4864 0.4864
208 062 271 000 0.5705 0.5705 0.5705 0.5705 0.4864 0.5705 0.4864 0.4864 0.5705 0.5705 0.4864 0.4864 0.5705 0.4864 0.4864 0.5705
062 271 000 016 0.5705 0.4864 0.4864 0.4864 0.5705 0.4864 0.4864 0.4864 0.4864 0.4864 0.5705 0.4864 0.5705 0.5705 0.4864 0.5705
271 000 016 071 0.5705 0.4864 0.4864 0.5705 0.4864 0.4864 0.5705 0.4864 0.4864 0.4864 0.4864 0.4864 0.4864 0.5705 0.4864 0.5705
000 016 071 282 0.5705 0.5705 0.5705 0.4864 0.4864 0.5705 0.4864 0.4864 0.5705 0.5705 0.5705 0.5705 0.5705 0.4864 0.4864 0.4864
016 071 282 129 0.5705 0.4864 0.5705 0.5705 0.4864 0.4864 0.5705 0.4864 0.4864 0.5705 0.4864 0.4864 0.4864 0.4864 0.5705 0.5705
071 282 129 152 0.5705 0.4864 0.4864 0.5705 0.4864 0.4864 0.5705 0.4864 0.5705 0.5705 0.4864 0.4864 0.4864 0.4864 0.5705 0.5705
282 129 152 049 0.4864 0.5705 0.4864 0.5705 0.4864 0.5705 0.4864 0.5705 0.4864 0.4864 0.5705 0.5705 0.5705 0.4864 0.5705 0.5705
129 152 049 113 0.4864 0.4864 0.5705 0.4864 0.4864 0.5705 0.4864 0.4864 0.5705 0.5705 0.4864 0.5705 0.4864 0.4864 0.4864 0.5705
152 049 113 019 0.4864 0.5705 0.5705 0.5705 0.4864 0.5705 0.5705 0.5705 0.5705 0.4864 0.5705 0.5705 0.4864 0.5705 0.5705 0.5705
049 113 019 209 0.5705 0.4864 0.4864 0.5705 0.4864 0.5705 0.5705 0.5705 0.4864 0.5705 0.4864 0.4864 0.4864 0.4864 0.4864 0.4864
113 019 209 186 0.4864 0.5705 0.4864 0.5705 0.4864 0.4864 0.5705 0.5705 0.4864 0.4864 0.5705 0.4864 0.5705 0.4864 0.5705 0.4864
019 209 186 018 0.4864 0.4864 0.5705 0.5705 0.5705 0.5705 0.5705 0.4864 0.4864 0.5705 0.4864 0.4864 0.4864 0.4864 0.5705 0.5705
209 186 018 190 0.4864 0.4864 0.4864 0.5705 0.5705 0.5705 0.5705 0.5705 0.4864 0.5705 0.4864 0.5705 0.5705 0.5705 0.4864 0.5705
186 018 190 059 0.5705 0.5705 0.5705 0.5705 0.4864 0.5705 0.4864 0.5705 0.4864 0.5705 0.5705 0.4864 0.5705 0.4864 0.4864 0.5705
018 190 059 328 0.4864 0.4864 0.4864 0.4864 0.4864 0.5705 0.5705 0.4864 0.5705 0.5705 0.5705 0.4864 0.4864 0.5705 0.5705 0.4864
190 059 328 278 0.4864 0.4864 0.4864 0.4864 0.4864 0.5705 0.4864 0.4864 0.5705 0.5705 0.5705 0.4864 0.4864 0.4864 0.4864 0.4864
059 328 278 281 0.5705 0.5705 0.5705 0.4864 0.5705 0.5705 0.4864 0.5705 0.4864 0.4864 0.5705 0.5705 0.5705 0.5705 0.5705 0.5705
328 278 281 291 0.4864 0.5705 0.5705 0.5705 0.4864 0.4864 0.4864 0.5705 0.4864 0.5705 0.5705 0.4864 0.5705 0.5705 0.4864 0.4864
278 281 291 081 0.5705 0.4864 0.4864 0.5705 0.4864 0.5705 0.4864 0.5705 0.4864 0.4864 0.5705 0.4864 0.4864 0.5705 0.5705 0.5705
281 291 081 009 0.4864 0.5705 0.5705 0.4864 0.5705 0.5705 0.5705 0.5705 0.4864 0.4864 0.5705 0.5705 0.5705 0.5705 0.5705 0.5705
291 081 009 140 0.5705 0.4864 0.5705 0.4864 0.4864 0.4864 0.4864 0.4864 0.4864 0.5705 0.4864 0.4864 0.4864 0.4864 0.4864 0.5705
081 009 140 210 0.5705 0.4864 0.4864 0.5705 0.5705 0.4864 0.5705 0.4864 0.4864 0.5705 0.4864 0.5705 0.5705 0.4864 0.4864 0.5705
009 140 210 002 0.4864 0.5705 0.4864 0.5705 0.4864 0.4864 0.5705 0.5705 0.5705 0.5705 0.4864 0.4864 0.4864 0.4864 0.5705 0.5705
140 210 002 054 0.5705 0.5705 0.4864 0.4864 0.4864 0.4864 0.5705 0.5705 0.4864 0.5705 0.5705 0.4864 0.4864 0.4864 0.5705 0.5705
210 002 054 144 0.5705 0.5705 0.4864 0.5705 0.5705 0.4864 0.5705 0.4864 0.5705 0.4864 0.4864 0.5705 0.5705 0.4864 0.5705 0.5705
002 054 144 330 0.4864 0.5705 0.5705 0.4864 0.4864 0.5705 0.5705 0.4864 0.4864 0.5705 0.5705 0.5705 0.4864 0.4864 0.5705 0.5705
054 144 330 305 0.5705 0.5705 0.5705 0.4864 0.5705 0.4864 0.5705 0.4864 0.4864 0.5705 0.4864 0.4864 0.4864 0.5705 0.4864 0.4864
