356 031684 3
239 274 083 316 0.2690 0.3594 0.2690 0.3594 0.3594 0.3594 0.2690 0.3594 0.2690 0.2690 0.3594 0.3594 0.2690 0.2690 0.2690 0.2690
274 083 316 318 0.3594 0.3594 0.3594 0.2690 0.2690 0.3594 0.3594 0.3594 0.3594 0.2690 0.3594 0.3594 0.3594 0.2690 0.2690 0.2690
083 316 318 032 0.2690 0.2690 0.3594 0.2690 0.2690 0.3594 0.3594 0.2690 0.2690 0.3594 0.2690 0.3594 0.2690 0.3594 0.2690 0.2690
316 318 032 299 0.3594 0.2690 0.2690 0.3594 0.2690 0.3594 0.2690 0.2690 0.2690 0.3594 0.2690 0.3594 0.3594 0.2690 0.2690 0.2690
318 032 299 114 0.3594 0.2690 0.2690 0.3594 0.3594 0.3594 0.2690 0.3594 0.2690 0.2690 0.3594 0.2690 0.2690 0.3594 0.2690 0.2690
032 299 114 026 0.3594 0.2690 0.2690 0.2690 0.3594 0.3594 0.2690 0.3594 0.2690 0.2690 0.3594 0.2690 0.3594 0.2690 0.2690 0.2690
299 114 026 033 0.3594 0.3594 0.2690 0.3594 0.2690 0.2690 0.3594 0.2690 0.2690 0.3594 0.3594 0.2690 0.3594 0.2690 0.3594 0.2690
114 026 033 303 0.3594 0.2690 0.2690 0.3594 0.2690 0.3594 0.2690 0.2690 0.2690 0.3594 0.2690 0.2690 0.2690 0.2690 0.2690 0.3594
026 033 303 036 0.3594 0.3594 0.2690 0.3594 0.3594 0.2690 0.2690 0.2690 0.3594 0.3594 0.3594 0.3594 0.2690 0.2690 0.3594 0.2690
033 303 036 347 0.3594 0.3594 0.2690 0.2690 0.3594 0.2690 0.3594 0.3594 0.2690 0.3594 0.2690 0.3594 0.2690 0.2690 0.3594 0.3594
303 036 347 066 0.2690 0.2690 0.3594 0.3594 0.2690 0.3594 0.3594 0.2690 0.3594 0.2690 0.3594 0.2690 0.2690 0.3594 0.3594 0.2690
036 347 066 183 0.2690 0.3594 0.3594 0.2690 0.2690 0.3594 0.2690 0.2690 0.2690 0.3594 0.3594 0.2690 0.3594 0.3594 0.2690 0.3594
347 066 183 029 0.3594 0.3594 0.3594 0.2690 0.2690 0.2690 0.2690 0.2690 0.2690 0.2690 0.3594 0.2690 0.3594 0.2690 0.3594 0.3594
066 183 029 086 0.3594 0.3594 0.3594 0.3594 0.2690 0.2690 0.3594 0.3594 0.2690 0.2690 0.2690 0.3594 0.2690 0.3594 0.3594 0.3594
183 029 086 115 0.2690 0.3594 0.2690 0.3594 0.2690 0.3594 0.3594 0.2690 0.3594 0.3594 0.2690 0.3594 0.3594 0.3594 0.2690 0.2690
029 086 115 077 0.3594 0.3594 0.2690 0.3594 0.3594 0.2690 0.3594 0.3594 0.2690 0.2690 0.3594 0.3594 0.2690 0.2690 0.2690 0.3594
086 115 077 028 0.2690 0.2690 0.2690 0.2690 0.3594 0.2690 0.3594 0.2690 0.3594 0.3594 0.3594 0.3594 0.2690 0.3594 0.2690 0.2690
115 077 028 332 0.2690 0.3594 0.2690 0.3594 0.3594 0.3594 0.2690 0.3594 0.2690 0.3594 0.2690 0.2690 0.3594 0.3594 0.2690 0.3594
077 028 332 008 0.2690 0.3594 0.3594 0.2690 0.3594 0.2690 0.2690 0.3594 0.3594 0.2690 0.2690 0.2690 0.2690 0.2690 0.3594 0.2690
028 332 008 229 0.3594 0.2690 0.3594 0.3594 0.2690 0.3594 0.2690 0.2690 0.2690 0.2690 0.2690 0.3594 0.2690 0.2690 0.2690 0.2690
332 008 229 172 0.3594 0.3594 0.2690 0.2690 0.3594 0.2690 0.2690 0.3594 0.3594 0.2690 0.3594 0.2690 0.2690 0.3594 0.2690 0.2690
008 229 172 132 0.3594 0.3594 0.3594 0.2690 0.2690 0.2690 0.3594 0.2690 0.2690 0.2690 0.2690 0.2690 0.3594 0.3594 0.3594 0.2690
229 172 132 061 0.3594 0.3594 0.2690 0.3594 0.3594 0.3594 0.2690 0.3594 0.3594 0.3594 0.2690 0.2690 0.2690 0.3594 0.2690 0.3594
172 132 061 331 0.3594 0.3594 0.2690 0.2690 0.3594 0.2690 0.3594 0.3594 0.3594 0.3594 0.3594 0.3594 0.3594 0.2690 0.2690 0.3594
132 061 331 119 0.3594 0.2690 0.3594 0.2690 0.3594 0.2690 0.2690 0.2690 0.2690 0.2690 0.2690 0.3594 0.2690 0.2690 0.3594 0.2690
061 331 119 185 0.2690 0.2690 0.2690 0.3594 0.2690 0.2690 0.2690 0.3594 0.2690 0.3594 0.3594 0.2690 0.2690 0.3594 0.3594 0.3594
331 119 185 144 0.3594 0.3594 0.2690 0.3594 0.2690 0.3594 0.2690 0.3594 0.3594 0.2690 0.2690 0.3594 0.3594 0.2690 0.2690 0.2690
119 185 144 182 0.2690 0.3594 0.2690 0.3594 0.3594 0.3594 0.2690 0.3594 0.2690 0.3594 0.2690 0.2690 0.3594 0.2690 0.3594 0.2690
185 144 182 147 0.2690 0.2690 0.3594 0.3594 0.3594 0.3594 0.3594 0.2690 0.3594 0.3594 0.3594 0.3594 0.2690 0.3594 0.3594 0.2690
144 182 147 078 0.3594 0.2690 0.3594 0.2690 0.3594 0.3594 0.3594 0.2690 0.3594 0.3594 0.2690 0.2690 0.2690 0.2690 0.3594 0.3594
182 147 078 222 0.2690 0.3594 0.2690 0.3594 0.3594 0.3594 0.3594 0.3594 0.2690 0.2690 0.3594 0.3594 0.3594 0.2690 0.3594 0.3594
147 078 222 351 0.3594 0.2690 0.2690 0.2690 0.3594 0.3594 0.2690 0.3594 0.2690 0.3594 0.2690 0.3594 0.2690 0.2690 0.2690 0.3594
078 222 351 190 0.2690 0.2690 0.2690 0.3594 0.2690 0.2690 0.2690 0.3594 0.3594 0.2690 0.2690 0.3594 0.3594 0.3594 0.3594 0.2690
222 351 190 154 0.2690 0.3594 0.3594 0.3594 0.3594 0.2690 0.3594 0.2690 0.3594 0.3594 0.3594 0.3594 0.2690 0.3594 0.2690 0.2690
351 190 154 173 0.2690 0.3594 0.3594 0.2690 0.2690 0.2690 0.3594 0.3594 0.3594 0.3594 0.3594 0.2690 0.3594 0.3594 0.2690 0.3594
190 154 173 266 0.2690 0.3594 0.3594 0.3594 0.2690 0.2690 0.3594 0.2690 0.3594 0.2690 0.3594 0.3594 0.3594 0.3594 0.2690 0.2690
154 173 266 218 0.2690 0.2690 0.2690 0.2690 0.2690 0.2690 0.2690 0.3594 0.3594 0.3594 0.2690 0.2690 0.3594 0.3594 0.2690 0.2690
173 266 218 089 0.2690 0.3594 0.2690 0.2690 0.3594 0.3594 0.3594 0.2690 0.3594 0.2690 0.3594 0.2690 0.3594 0.2690 0.3594 0.2690
266 218 089 349 0.3594 0.3594 0.2690 0.3594 0.2690 0.2690 0.2690 0.3594 0.2690 0.3594 0.2690 0.3594 0.3594 0.2690 0.2690 0.2690
218 089 349 174 0.3594 0.2690 0.3594 0.2690 0.2690 0.3594 0.3594 0.3594 0.3594 0.2690 0.3594 0.3594 0.3594 0.2690 0.3594 0.2690
089 349 174 295 0.3594 0.3594 0.2690 0.3594 0.2690 0.3594 0.2690 0.2690 0.2690 0.2690 0.3594 0.2690 0.3594 0.3594 0.2690 0.2690
349 174 295 015 0.2690 0.3594 0.3594 0.2690 0.2690 0.2690 0.3594 0.2690 0.3594 0.2690 0.3594 0.2690 0.3594 0.2690 0.2690 0.3594
174 295 015 311 0.3594 0.2690 0.3594 0.3594 0.3594 0.3594 0.3594 0.3594 0.2690 0.2690 0.2690 0.2690 0.3594 0.3594 0.2690 0.3594
295 015 311 340 0.3594 0.3594 0.2690 0.2690 0.2690 0.3594 0.3594 0.2690 0.3594 0.2690 0.2690 0.2690 0.2690 0.3594 0.3594 0.3594
015 311 340 223 0.3594 0.3594 0.2690 0.3594 0.3594 0.3594 0.3594 0.2690 0.3594 0.2690 0.3594 0.3594 0.2690 0.2690 0.2690 0.2690
311 340 223 180 0.2690 0.3594 0.3594 0.2690 0.3594 0.2690 0.2690 0.2690 0.2690 0.2690 0.3594 0.2690 0.3594 0.3594 0.3594 0.3594
340 223 180 296 0.3594 0.3594 0.3594 0.2690 0.2690 0.3594 0.2690 0.3594 0.2690 0.2690 0.2690 0.2690 0.3594 0.3594 0.3594 0.3594
223 180 296 153 0.3594 0.3594 0.3594 0.2690 0.3594 0.3594 0.2690 0.3594 0.2690 0.3594 0.3594 0.3594 0.2690 0.2690 0.2690 0.2690
180 296 153 134 0.2690 0.3594 0.3594 0.3594 0.3594 0.3594 0.2690 0.2690 0.3594 0.3594 0.2690 0.2690 0.3594 0.2690 0.3594 0.3594
296 153 134 157 0.2690 0.3594 0.2690 0.3594 0.3594 0.3594 0.3594 0.3594 0.2690 0.2690 0.3594 0.2690 0.3594 0.3594 0.2690 0.2690
153 134 157 058 0.3594 0.2690 0.2690 0.2690 0.3594 0.3594 0.3594 0.2690 0.2690 0.3594 0.3594 0.2690 0.3594 0.3594 0.2690 0.3594
134 157 058 111 0.2690 0.2690 0.3594 0.3594 0.2690 0.2690 0.3594 0.2690 0.2690 0.3594 0.3594 0.2690 0.3594 0.2690 0.2690 0.3594
157 058 111 353 0.3594 0.2690 0.3594 0.3594 0.3594 0.2690 0.2690 0.2690 0.2690 0.3594 0.3594 0.3594 0.2690 0.2690 0.3594 0.3594
058 111 353 105 0.3594 0.3594 0.2690 0.2690 0.3594 0.3594 0.3594 0.2690 0.2690 0.2690 0.3594 0.3594 0.3594 0.2690 0.3594 0.2690
111 353 105 258 0.3594 0.2690 0.3594 0.3594 0.3594 0.2690 0.3594 0.3594 0.2690 0.3594 0.2690 0.2690 0.2690 0.2690 0.2690 0.3594
353 105 258 129 0.3594 0.3594 0.2690 0.2690 0.3594 0.2690 0.3594 0.2690 0.3594 0.2690 0.2690 0.2690 0.2690 0.2690 0.2690 0.3594
105 258 129 054 0.2690 0.2690 0.3594 0.3594 0.3594 0.3594 0.2690 0.2690 0.3594 0.3594 0.2690 0.3594 0.2690 0.2690 0.2690 0.2690
258 129 054 095 0.3594 0.3594 0.3594 0.3594 0.3594 0.2690 0.2690 0.3594 0.3594 0.3594 0.2690 0.2690 0.3594 0.3594 0.2690 0.2690
129 054 095 076 0.3594 0.3594 0.2690 0.3594 0.3594 0.2690 0.2690 0.3594 0.2690 0.2690 0.3594 0.3594 0.2690 0.2690 0.2690 0.2690
054 095 076 084 0.3594 0.3594 0.3594 0.3594 0.3594 0.3594 0.3594 0.2690 0.2690 0.3594 0.2690 0.3594 0.3594 0.3594 0.2690 0.3594
095 076 084 226 0.2690 0.2690 0.2690 0.2690 0.3594 0.2690 0.2690 0.2690 0.3594 0.3594 0.3594 0.3594 0.3594 0.3594 0.3594 0.2690
076 084 226 122 0.3594 0.2690 0.3594 0.3594 0.3594 0.2690 0.2690 0.2690 0.2690 0.3594 0.3594 0.2690 0.2690 0.3594 0.2690 0.2690
084 226 122 100 0.3594 0.2690 0.2690 0.3594 0.3594 0.2690 0.2690 0.2690 0.2690 0.3594 0.2690 0.2690 0.2690 0.2690 0.3594 0.3594
226 122 100 282 0.2690 0.2690 0.2690 0.2690 0.2690 0.2690 0.3594 0.2690 0.3594 0.2690 0.3594 0.2690 0.2690 0.2690 0.3594 0.2690
122 100 282 030 0.3594 0.3594 0.2690 0.2690 0.2690 0.3594 0.3594 0.3594 0.2690 0.2690 0.3594 0.3594 0.3594 0.2690 0.2690 0.3594
100 282 030 016 0.2690 0.3594 0.3594 0.3594 0.2690 0.2690 0.3594 0.2690 0.2690 0.3594 0.3594 0.3594 0.3594 0.3594 0.3594 0.3594
282 030 016 265 0.3594 0.2690 0.2690 0.2690 0.3594 0.3594 0.2690 0.2690 0.2690 0.3594 0.3594 0.3594 0.3594 0.2690 0.2690 0.3594
030 016 265 288 0.2690 0.3594 0.3594 0.3594 0.3594 0.2690 0.2690 0.2690 0.3594 0.2690 0.2690 0.2690 0.2690 0.2690 0.3594 0.3594
016 265 288 246 0.3594 0.2690 0.2690 0.3594 0.2690 0.3594 0.2690 0.3594 0.3594 0.2690 0.3594 0.3594 0.2690 0.3594 0.2690 0.2690
265 288 246 352 0.2690 0.3594 0.3594 0.2690 0.2690 0.3594 0.3594 0.3594 0.3594 0.2690 0.3594 0.2690 0.2690 0.3594 0.3594 0.2690
288 246 352 000 0.3594 0.3594 0.3594 0.3594 0.2690 0.2690 0.3594 0.3594 0.3594 0.3594 0.3594 0.3594 0.2690 0.3594 0.2690 0.2690
246 352 000 235 0.2690 0.2690 0.2690 0.3594 0.2690 0.3594 0.2690 0.3594 0.3594 0.3594 0.2690 0.2690 0.2690 0.3594 0.2690 0.2690
352 000 235 023 0.3594 0.3594 0.2690 0.2690 0.3594 0.3594 0.2690 0.2690 0.3594 0.3594 0.3594 0.2690 0.3594 0.3594 0.2690 0.2690
000 235 023 048 0.3594 0.3594 0.2690 0.3594 0.2690 0.2690 0.2690 0.2690 0.3594 0.3594 0.3594 0.2690 0.3594 0.2690 0.2690 0.2690
235 023 048 261 0.3594 0.3594 0.2690 0.3594 0.2690 0.2690 0.3594 0.3594 0.2690 0.3594 0.3594 0.2690 0.2690 0.3594 0.3594 0.2690
023 048 261 128 0.2690 0.3594 0.3594 0.3594 0.2690 0.2690 0.3594 0.3594 0.2690 0.2690 0.3594 0.2690 0.3594 0.2690 0.3594 0.2690
048 261 128 268 0.2690 0.2690 0.3594 0.3594 0.2690 0.3594 0.2690 0.2690 0.2690 0.3594 0.3594 0.3594 0.3594 0.3594 0.3594 0.3594
261 128 268 027 0.3594 0.2690 0.3594 0.2690 0.2690 0.2690 0.3594 0.3594 0.3594 0.2690 0.3594 0.2690 0.2690 0.2690 0.3594 0.2690
128 268 027 079 0.3594 0.3594 0.3594 0.3594 0.3594 0.2690 0.2690 0.3594 0.3594 0.2690 0.3594 0.2690 0.3594 0.3594 0.3594 0.2690
268 027 079 124 0.2690 0.2690 0.3594 0.2690 0.3594 0.3594 0.2690 0.2690 0.2690 0.2690 0.3594 0.3594 0.2690 0.2690 0.3594 0.3594
027 079 124 285 0.3594 0.2690 0.2690 0.2690 0.3594 0.2690 0.3594 0.3594 0.3594 0.3594 0.3594 0.3594 0.2690 0.2690 0.2690 0.2690
079 124 285 286 0.3594 0.2690 0.2690 0.2690 0.2690 0.2690 0.3594 0.3594 0.3594 0.2690 0.2690 0.2690 0.2690 0.2690 0.2690 0.2690
124 285 286 194 0.2690 0.2690 0.2690 0.3594 0.2690 0.3594 0.2690 0.3594 0.3594 0.3594 0.2690 0.3594 0.2690 0.2690 0.2690 0.3594
285 286 194 312 0.2690 0.3594 0.3594 0.2690 0.2690 0.2690 0.3594 0.3594 0.2690 0.2690 0.2690 0.2690 0.2690 0.3594 0.2690 0.2690
286 194 312 267 0.3594 0.3594 0.3594 0.3594 0.3594 0.2690 0.2690 0.2690 0.3594 0.3594 0.2690 0.3594 0.2690 0.3594 0.2690 0.3594
194 312 267 136 0.2690 0.3594 0.2690 0.3594 0.2690 0.3594 0.2690 0.3594 0.2690 0.2690 0.2690 0.3594 0.3594 0.2690 0.2690 0.3594
312 267 136 193 0.2690 0.3594 0.2690 0.2690 0.3594 0.2690 0.3594 0.3594 0.2690 0.3594 0.2690 0.2690 0.3594 0.2690 0.2690 0.2690
267 136 193 283 0.2690 0.3594 0.3594 0.3594 0.2690 0.3594 0.3594 0.2690 0.2690 0.3594 0.2690 0.3594 0.2690 0.3594 0.2690 0.2690
136 193 283 062 0.2690 0.2690 0.3594 0.2690 0.2690 0.3594 0.2690 0.3594 0.3594 0.3594 0.2690 0.3594 0.2690 0.2690 0.3594 0.2690
193 283 062 068 0.2690 0.2690 0.2690 0.2690 0.3594 0.2690 0.3594 0.2690 0.2690 0.3594 0.2690 0.2690 0.3594 0.3594 0.3594 0.3594
283 062 068 203 0.2690 0.3594 0.2690 0.2690 0.3594 0.2690 0.2690 0.3594 0.2690 0.3594 0.3594 0.2690 0.2690 0.2690 0.2690 0.3594
062 068 203 202 0.3594 0.2690 0.3594 0.2690 0.2690 0.3594 0.3594 0.3594 0.2690 0.2690 0.2690 0.2690 0.3594 0.3594 0.3594 0.2690
068 203 202 287 0.3594 0.2690 0.2690 0.3594 0.2690 0.2690 0.2690 0.2690 0.2690 0.3594 0.2690 0.2690 0.3594 0.3594 0.2690 0.2690
203 202 287 343 0.3594 0.2690 0.2690 0.2690 0.2690 0.3594 0.2690 0.2690 0.3594 0.3594 0.3594 0.2690 0.2690 0.3594 0.3594 0.2690
202 287 343 228 0.3594 0.2690 0.2690 0.2690 0.3594 0.2690 0.3594 0.2690 0.2690 0.3594 0.2690 0.2690 0.3594 0.3594 0.3594 0.2690
287 343 228 232 0.2690 0.3594 0.3594 0.2690 0.2690 0.2690 0.3594 0.2690 0.2690 0.2690 0.2690 0.3594 0.3594 0.2690 0.2690 0.3594
343 228 232 260 0.3594 0.2690 0.2690 0.3594 0.2690 0.2690 0.3594 0.2690 0.3594 0.3594 0.2690 0.2690 0.3594 0.2690 0.2690 0.2690
228 232 260 198 0.2690 0.2690 0.3594 0.3594 0.3594 0.3594 0.2690 0.3594 0.2690 0.3594 0.3594 0.3594 0.2690 0.2690 0.2690 0.3594
232 260 198 308 0.2690 0.3594 0.3594 0.3594 0.3594 0.2690 0.2690 0.2690 0.2690 0.2690 0.3594 0.3594 0.3594 0.3594 0.2690 0.3594
260 198 308 187 0.3594 0.2690 0.2690 0.3594 0.2690 0.2690 0.2690 0.3594 0.3594 0.3594 0.2690 0.3594 0.2690 0.3594 0.3594 0.3594
198 308 187 025 0.3594 0.2690 0.2690 0.3594 0.3594 0.2690 0.2690 0.2690 0.2690 0.2690 0.3594 0.2690 0.2690 0.2690 0.2690 0.2690
308 187 025 245 0.2690 0.3594 0.3594 0.2690 0.3594 0.3594 0.2690 0.3594 0.3594 0.3594 0.3594 0.2690 0.2690 0.3594 0.3594 0.2690
187 025 245 309 0.2690 0.3594 0.3594 0.2690 0.3594 0.3594 0.2690 0.3594 0.3594 0.3594 0.2690 0.2690 0.2690 0.2690 0.3594 0.2690
025 245 309 207 0.2690 0.2690 0.3594 0.2690 0.3594 0.3594 0.2690 0.3594 0.2690 0.2690 0.2690 0.3594 0.3594 0.3594 0.2690 0.2690
245 309 207 204 0.2690 0.3594 0.2690 0.3594 0.3594 0.2690 0.2690 0.2690 0.3594 0.3594 0.3594 0.3594 0.3594 0.3594 0.2690 0.2690
309 207 204 101 0.3594 0.2690 0.2690 0.2690 0.2690 0.2690 0.3594 0.2690 0.2690 0.2690 0.2690 0.2690 0.3594 0.3594 0.3594 0.3594
207 204 101 342 0.2690 0.2690 0.3594 0.3594 0.3594 0.2690 0.2690 0.3594 0.3594 0.3594 0.2690 0.2690 0.2690 0.3594 0.3594 0.3594
204 101 342 289 0.2690 0.3594 0.3594 0.2690 0.2690 0.2690 0.3594 0.2690 0.3594 0.3594 0.3594 0.2690 0.3594 0.2690 0.3594 0.3594
101 342 289 350 0.3594 0.3594 0.3594 0.3594 0.2690 0.2690 0.2690 0.3594 0.2690 0.2690 0.2690 0.2690 0.3594 0.2690 0.3594 0.2690
342 289 350 264 0.2690 0.3594 0.2690 0.3594 0.2690 0.3594 0.2690 0.3594 0.3594 0.3594 0.3594 0.3594 0.3594 0.3594 0.2690 0.2690
289 350 264 234 0.2690 0.2690 0.3594 0.3594 0.2690 0.2690 0.2690 0.3594 0.2690 0.2690 0.3594 0.2690 0.2690 0.2690 0.3594 0.3594
350 264 234 189 0.3594 0.3594 0.3594 0.2690 0.3594 0.2690 0.2690 0.3594 0.3594 0.3594 0.2690 0.2690 0.3594 0.2690 0.3594 0.2690
264 234 189 006 0.3594 0.3594 0.3594 0.3594 0.3594 0.3594 0.2690 0.2690 0.2690 0.3594 0.3594 0.2690 0.3594 0.2690 0.3594 0.2690
234 189 006 257 0.3594 0.2690 0.2690 0.2690 0.3594 0.2690 0.2690 0.2690 0.3594 0.2690 0.3594 0.3594 0.2690 0.3594 0.3594 0.2690
189 006 257 230 0.3594 0.2690 0.3594 0.2690 0.2690 0.2690 0.2690 0.3594 0.2690 0.3594 0.2690 0.2690 0.3594 0.2690 0.2690 0.2690
006 257 230 156 0.3594 0.3594 0.3594 0.3594 0.2690 0.3594 0.3594 0.2690 0.3594 0.2690 0.3594 0.3594 0.3594 0.2690 0.2690 0.3594
257 230 156 242 0.2690 0.3594 0.2690 0.3594 0.3594 0.3594 0.3594 0.3594 0.3594 0.3594 0.2690 0.2690 0.3594 0.3594 0.3594 0.2690
230 156 242 326 0.3594 0.3594 0.2690 0.3594 0.2690 0.2690 0.3594 0.2690 0.3594 0.3594 0.2690 0.2690 0.2690 0.2690 0.2690 0.3594
156 242 326 148 0.3594 0.3594 0.3594 0.2690 0.2690 0.2690 0.2690 0.2690 0.2690 0.3594 0.3594 0.2690 0.2690 0.3594 0.2690 0.3594
242 326 148 220 0.3594 0.3594 0.3594 0.3594 0.2690 0.2690 0.2690 0.2690 0.2690 0.2690 0.2690 0.3594 0.3594 0.3594 0.3594 0.3594
326 148 220 253 0.2690 0.3594 0.2690 0.3594 0.2690 0.2690 0.3594 0.2690 0.2690 0.2690 0.3594 0.3594 0.3594 0.3594 0.3594 0.3594
148 220 253 168 0.2690 0.2690 0.2690 0.3594 0.3594 0.2690 0.2690 0.2690 0.2690 0.2690 0.2690 0.2690 0.3594 0.3594 0.2690 0.3594
220 253 168 137 0.3594 0.2690 0.3594 0.3594 0.3594 0.3594 0.2690 0.3594 0.2690 0.3594 0.3594 0.3594 0.3594 0.2690 0.3594 0.3594
253 168 137 186 0.3594 0.2690 0.2690 0.2690 0.2690 0.3594 0.3594 0.2690 0.3594 0.3594 0.3594 0.2690 0.3594 0.3594 0.3594 0.2690
168 137 186 284 0.2690 0.3594 0.2690 0.2690 0.2690 0.2690 0.2690 0.3594 0.3594 0.3594 0.2690 0.3594 0.3594 0.2690 0.3594 0.3594
137 186 284 091 0.2690 0.3594 0.2690 0.2690 0.2690 0.2690 0.3594 0.2690 0.3594 0.3594 0.2690 0.3594 0.3594 0.3594 0.2690 0.3594
186 284 091 197 0.3594 0.2690 0.2690 0.2690 0.2690 0.2690 0.2690 0.3594 0.3594 0.2690 0.3594 0.2690 0.2690 0.3594 0.3594 0.3594
284 091 197 175 0.2690 0.2690 0.2690 0.3594 0.2690 0.2690 0.2690 0.2690 0.2690 0.2690 0.2690 0.3594 0.2690 0.3594 0.3594 0.2690
091 197 175 212 0.3594 0.2690 0.3594 0.2690 0.2690 0.3594 0.3594 0.2690 0.3594 0.3594 0.2690 0.3594 0.2690 0.3594 0.2690 0.3594
197 175 212 127 0.2690 0.2690 0.2690 0.2690 0.3594 0.2690 0.3594 0.2690 0.2690 0.2690 0.2690 0.3594 0.3594 0.2690 0.3594 0.3594
175 212 127 224 0.3594 0.3594 0.3594 0.2690 0.2690 0.2690 0.2690 0.3594 0.3594 0.2690 0.2690 0.3594 0.2690 0.3594 0.2690 0.3594
212 127 224 151 0.2690 0.2690 0.2690 0.2690 0.2690 0.2690 0.2690 0.3594 0.2690 0.3594 0.2690 0.3594 0.2690 0.3594 0.2690 0.2690
127 224 151 131 0.3594 0.2690 0.3594 0.2690 0.3594 0.3594 0.3594 0.3594 0.3594 0.2690 0.2690 0.2690 0.3594 0.3594 0.2690 0.3594
224 151 131 241 0.3594 0.3594 0.3594 0.3594 0.3594 0.2690 0.2690 0.2690 0.3594 0.2690 0.3594 0.2690 0.2690 0.2690 0.3594 0.2690
151 131 241 126 0.2690 0.3594 0.3594 0.2690 0.2690 0.3594 0.3594 0.2690 0.3594 0.3594 0.2690 0.2690 0.3594 0.2690 0.2690 0.2690
131 241 126 067 0.3594 0.2690 0.3594 0.2690 0.2690 0.2690 0.3594 0.3594 0.2690 0.3594 0.3594 0.2690 0.3594 0.3594 0.3594 0.3594
241 126 067 206 0.3594 0.2690 0.2690 0.3594 0.2690 0.2690 0.2690 0.2690 0.2690 0.3594 0.3594 0.2690 0.2690 0.3594 0.3594 0.3594
126 067 206 307 0.2690 0.3594 0.3594 0.2690 0.3594 0.2690 0.3594 0.3594 0.2690 0.2690 0.3594 0.3594 0.2690 0.2690 0.2690 0.2690
067 206 307 328 0.2690 0.2690 0.2690 0.3594 0.2690 0.2690 0.3594 0.2690 0.2690 0.2690 0.3594 0.2690 0.3594 0.2690 0.3594 0.3594
206 307 328 103 0.2690 0.2690 0.3594 0.2690 0.3594 0.2690 0.3594 0.3594 0.2690 0.3594 0.2690 0.3594 0.2690 0.3594 0.3594 0.3594
307 328 103 113 0.3594 0.3594 0.3594 0.2690 0.2690 0.2690 0.2690 0.2690 0.2690 0.2690 0.2690 0.3594 0.2690 0.3594 0.2690 0.2690
328 103 113 219 0.3594 0.2690 0.3594 0.3594 0.3594 0.3594 0.2690 0.3594 0.3594 0.2690 0.2690 0.2690 0.2690 0.2690 0.3594 0.3594
103 113 219 344 0.2690 0.2690 0.3594 0.2690 0.2690 0.3594 0.3594 0.3594 0.3594 0.3594 0.3594 0.3594 0.2690 0.2690 0.3594 0.2690
113 219 344 012 0.3594 0.2690 0.3594 0.3594 0.2690 0.2690 0.3594 0.2690 0.2690 0.2690 0.3594 0.3594 0.3594 0.2690 0.3594 0.3594
219 344 012 192 0.3594 0.3594 0.3594 0.2690 0.3594 0.3594 0.2690 0.3594 0.3594 0.3594 0.2690 0.2690 0.2690 0.2690 0.3594 0.3594
344 012 192 339 0.2690 0.2690 0.2690 0.2690 0.3594 0.3594 0.2690 0.2690 0.2690 0.3594 0.2690 0.2690 0.3594 0.2690 0.2690 0.2690
012 192 339 162 0.2690 0.3594 0.3594 0.2690 0.2690 0.3594 0.2690 0.3594 0.3594 0.3594 0.3594 0.2690 0.2690 0.3594 0.2690 0.3594
192 339 162 281 0.2690 0.2690 0.2690 0.3594 0.3594 0.2690 0.3594 0.3594 0.3594 0.3594 0.2690 0.2690 0.3594 0.3594 0.2690 0.3594
339 162 281 176 0.2690 0.3594 0.3594 0.3594 0.2690 0.2690 0.2690 0.3594 0.3594 0.2690 0.3594 0.3594 0.2690 0.2690 0.2690 0.3594
162 281 176 196 0.3594 0.3594 0.2690 0.2690 0.3594 0.3594 0.2690 0.2690 0.2690 0.2690 0.3594 0.3594 0.2690 0.2690 0.3594 0.2690
281 176 196 108 0.2690 0.2690 0.2690 0.2690 0.2690 0.2690 0.2690 0.3594 0.2690 0.2690 0.3594 0.3594 0.3594 0.3594 0.2690 0.3594
176 196 108 047 0.2690 0.3594 0.2690 0.2690 0.3594 0.2690 0.3594 0.2690 0.2690 0.3594 0.3594 0.3594 0.3594 0.3594 0.2690 0.3594
196 108 047 355 0.3594 0.2690 0.3594 0.3594 0.2690 0.2690 0.3594 0.3594 0.2690 0.3594 0.2690 0.3594 0.3594 0.2690 0.3594 0.3594
108 047 355 160 0.2690 0.2690 0.3594 0.2690 0.3594 0.3594 0.3594 0.3594 0.3594 0.3594 0.2690 0.2690 0.3594 0.2690 0.3594 0.3594
047 355 160 171 0.2690 0.2690 0.2690 0.2690 0.2690 0.3594 0.3594 0.2690 0.3594 0.3594 0.2690 0.3594 0.3594 0.3594 0.2690 0.2690
355 160 171 005 0.3594 0.2690 0.3594 0.2690 0.3594 0.2690 0.3594 0.3594 0.3594 0.2690 0.3594 0.2690 0.2690 0.3594 0.2690 0.2690
160 171 005 209 0.3594 0.2690 0.3594 0.3594 0.2690 0.2690 0.2690 0.3594 0.2690 0.2690 0.2690 0.3594 0.3594 0.3594 0.3594 0.2690
171 005 209 063 0.2690 0.3594 0.2690 0.2690 0.2690 0.2690 0.2690 0.2690 0.2690 0.2690 0.3594 0.2690 0.3594 0.2690 0.3594 0.3594
005 209 063 013 0.2690 0.3594 0.2690 0.2690 0.3594 0.3594 0.3594 0.3594 0.3594 0.2690 0.3594 0.3594 0.2690 0.2690 0.3594 0.3594
209 063 013 142 0.2690 0.3594 0.2690 0.2690 0.2690 0.3594 0.2690 0.2690 0.2690 0.3594 0.3594 0.2690 0.2690 0.3594 0.2690 0.2690
063 013 142 069 0.3594 0.3594 0.2690 0.3594 0.3594 0.2690 0.2690 0.3594 0.3594 0.3594 0.2690 0.2690 0.2690 0.3594 0.3594 0.2690
013 142 069 290 0.2690 0.3594 0.3594 0.3594 0.3594 0.2690 0.2690 0.3594 0.3594 0.3594 0.3594 0.3594 0.2690 0.3594 0.2690 0.3594
142 069 290 345 0.3594 0.3594 0.3594 0.3594 0.2690 0.2690 0.3594 0.2690 0.3594 0.3594 0.3594 0.2690 0.2690 0.2690 0.3594 0.2690
069 290 345 263 0.2690 0.2690 0.2690 0.2690 0.2690 0.3594 0.3594 0.2690 0.2690 0.3594 0.2690 0.3594 0.2690 0.3594 0.2690 0.3594
290 345 263 096 0.3594 0.2690 0.2690 0.3594 0.3594 0.2690 0.2690 0.2690 0.3594 0.2690 0.2690 0.2690 0.2690 0.3594 0.2690 0.2690
345 263 096 093 0.2690 0.2690 0.2690 0.2690 0.3594 0.2690 0.3594 0.2690 0.3594 0.2690 0.2690 0.2690 0.2690 0.3594 0.3594 0.3594
263 096 093 158 0.3594 0.3594 0.3594 0.3594 0.2690 0.2690 0.2690 0.2690 0.2690 0.3594 0.2690 0.2690 0.2690 0.3594 0.3594 0.2690
096 093 158 184 0.2690 0.2690 0.2690 0.3594 0.2690 0.3594 0.3594 0.2690 0.3594 0.3594 0.3594 0.2690 0.3594 0.3594 0.2690 0.3594
093 158 184 121 0.2690 0.3594 0.2690 0.2690 0.2690 0.3594 0.3594 0.3594 0.3594 0.3594 0.3594 0.2690 0.3594 0.2690 0.3594 0.2690
158 184 121 125 0.2690 0.2690 0.3594 0.3594 0.3594 0.2690 0.2690 0.3594 0.2690 0.3594 0.3594 0.3594 0.3594 0.3594 0.2690 0.3594
184 121 125 150 0.2690 0.2690 0.3594 0.3594 0.2690 0.3594 0.2690 0.3594 0.3594 0.2690 0.2690 0.2690 0.2690 0.3594 0.2690 0.2690
121 125 150 210 0.2690 0.2690 0.3594 0.2690 0.2690 0.3594 0.3594 0.3594 0.3594 0.3594 0.2690 0.2690 0.2690 0.3594 0.3594 0.2690
125 150 210 053 0.2690 0.3594 0.3594 0.2690 0.3594 0.3594 0.2690 0.3594 0.3594 0.3594 0.3594 0.3594 0.3594 0.2690 0.3594 0.2690
150 210 053 049 0.3594 0.3594 0.2690 0.3594 0.2690 0.3594 0.3594 0.3594 0.2690 0.3594 0.3594 0.2690 0.3594 0.2690 0.3594 0.2690
210 053 049 249 0.3594 0.3594 0.2690 0.3594 0.2690 0.3594 0.3594 0.2690 0.3594 0.3594 0.3594 0.3594 0.3594 0.3594 0.3594 0.2690
053 049 249 042 0.3594 0.3594 0.3594 0.3594 0.2690 0.3594 0.2690 0.3594 0.3594 0.3594 0.2690 0.3594 0.3594 0.3594 0.2690 0.3594
049 249 042 165 0.3594 0.3594 0.2690 0.2690 0.2690 0.3594 0.3594 0.2690 0.2690 0.2690 0.3594 0.2690 0.2690 0.3594 0.3594 0.2690
249 042 165 038 0.3594 0.3594 0.2690 0.3594 0.2690 0.2690 0.3594 0.3594 0.2690 0.2690 0.2690 0.3594 0.2690 0.2690 0.3594 0.2690
042 165 038 237 0.3594 0.3594 0.2690 0.2690 0.3594 0.3594 0.2690 0.3594 0.3594 0.2690 0.3594 0.3594 0.3594 0.2690 0.3594 0.3594
165 038 237 169 0.3594 0.3594 0.3594 0.3594 0.3594 0.2690 0.2690 0.3594 0.2690 0.3594 0.2690 0.3594 0.3594 0.2690 0.3594 0.2690
038 237 169 256 0.2690 0.2690 0.3594 0.3594 0.2690 0.3594 0.2690 0.3594 0.3594 0.3594 0.3594 0.2690 0.2690 0.2690 0.2690 0.3594
237 169 256 195 0.3594 0.2690 0.3594 0.2690 0.3594 0.3594 0.2690 0.3594 0.2690 0.2690 0.3594 0.2690 0.3594 0.3594 0.2690 0.3594
169 256 195 310 0.2690 0.2690 0.2690 0.2690 0.3594 0.3594 0.3594 0.2690 0.3594 0.2690 0.3594 0.2690 0.3594 0.2690 0.3594 0.2690
256 195 310 072 0.2690 0.2690 0.3594 0.2690 0.3594 0.3594 0.3594 0.2690 0.2690 0.2690 0.2690 0.3594 0.3594 0.2690 0.3594 0.3594
195 310 072 301 0.3594 0.3594 0.3594 0.2690 0.2690 0.3594 0.2690 0.3594 0.3594 0.2690 0.2690 0.2690 0.2690 0.3594 0.2690 0.3594
310 072 301 250 0.2690 0.2690 0.2690 0.2690 0.3594 0.3594 0.3594 0.2690 0.2690 0.3594 0.3594 0.2690 0.2690 0.2690 0.3594 0.3594
072 301 250 082 0.3594 0.3594 0.3594 0.2690 0.3594 0.2690 0.3594 0.2690 0.2690 0.2690 0.2690 0.3594 0.2690 0.2690 0.3594 0.3594
301 250 082 001 0.2690 0.2690 0.3594 0.2690 0.2690 0.3594 0.2690 0.3594 0.2690 0.3594 0.3594 0.2690 0.3594 0.2690 0.3594 0.3594
250 082 001 275 0.3594 0.2690 0.2690 0.3594 0.2690 0.3594 0.3594 0.2690 0.3594 0.3594 0.3594 0.2690 0.3594 0.2690 0.3594 0.3594
082 001 275 320 0.2690 0.2690 0.2690 0.3594 0.3594 0.2690 0.3594 0.3594 0.2690 0.3594 0.2690 0.2690 0.2690 0.3594 0.3594 0.2690
001 275 320 040 0.2690 0.3594 0.2690 0.2690 0.3594 0.3594 0.3594 0.3594 0.2690 0.3594 0.3594 0.2690 0.3594 0.2690 0.2690 0.3594
275 320 040 035 0.3594 0.3594 0.3594 0.2690 0.3594 0.2690 0.2690 0.2690 0.3594 0.3594 0.3594 0.3594 0.3594 0.2690 0.2690 0.2690
320 040 035 338 0.2690 0.2690 0.2690 0.3594 0.2690 0.3594 0.3594 0.3594 0.2690 0.2690 0.3594 0.2690 0.2690 0.2690 0.2690 0.2690
040 035 338 139 0.3594 0.2690 0.2690 0.3594 0.3594 0.3594 0.2690 0.3594 0.2690 0.2690 0.2690 0.3594 0.3594 0.2690 0.3594 0.3594
035 338 139 109 0.2690 0.2690 0.2690 0.2690 0.3594 0.2690 0.3594 0.2690 0.3594 0.2690 0.2690 0.3594 0.3594 0.2690 0.2690 0.3594
338 139 109 107 0.2690 0.3594 0.2690 0.2690 0.2690 0.3594 0.3594 0.2690 0.3594 0.3594 0.2690 0.3594 0.2690 0.3594 0.2690 0.2690
139 109 107 059 0.3594 0.3594 0.3594 0.3594 0.2690 0.3594 0.3594 0.3594 0.2690 0.3594 0.3594 0.3594 0.2690 0.2690 0.2690 0.2690
109 107 059 118 0.2690 0.2690 0.3594 0.3594 0.3594 0.2690 0.2690 0.2690 0.3594 0.3594 0.2690 0.3594 0.3594 0.3594 0.2690 0.3594
107 059 118 346 0.2690 0.3594 0.2690 0.3594 0.3594 0.3594 0.2690 0.2690 0.3594 0.2690 0.2690 0.2690 0.3594 0.2690 0.3594 0.3594
059 118 346 262 0.3594 0.3594 0.2690 0.3594 0.2690 0.2690 0.3594 0.3594 0.3594 0.3594 0.2690 0.2690 0.2690 0.2690 0.3594 0.3594
118 346 262 110 0.2690 0.2690 0.3594 0.2690 0.3594 0.2690 0.3594 0.2690 0.2690 0.2690 0.3594 0.2690 0.2690 0.2690 0.3594 0.2690
346 262 110 252 0.2690 0.3594 0.3594 0.2690 0.3594 0.2690 0.3594 0.3594 0.3594 0.2690 0.2690 0.3594 0.3594 0.2690 0.3594 0.3594
262 110 252 233 0.2690 0.2690 0.2690 0.2690 0.3594 0.2690 0.3594 0.3594 0.2690 0.2690 0.2690 0.3594 0.2690 0.2690 0.2690 0.3594
110 252 233 215 0.3594 0.2690 0.2690 0.2690 0.3594 0.2690 0.3594 0.3594 0.3594 0.3594 0.2690 0.2690 0.3594 0.3594 0.2690 0.2690
252 233 215 319 0.2690 0.2690 0.2690 0.3594 0.2690 0.2690 0.2690 0.3594 0.3594 0.3594 0.3594 0.2690 0.2690 0.2690 0.3594 0.2690
233 215 319 199 0.3594 0.3594 0.2690 0.2690 0.2690 0.3594 0.2690 0.2690 0.3594 0.3594 0.3594 0.2690 0.3594 0.2690 0.3594 0.2690
215 319 199 140 0.2690 0.3594 0.3594 0.3594 0.3594 0.3594 0.3594 0.2690 0.2690 0.3594 0.2690 0.3594 0.2690 0.2690 0.2690 0.2690
319 199 140 337 0.3594 0.2690 0.3594 0.3594 0.3594 0.2690 0.3594 0.3594 0.2690 0.3594 0.2690 0.3594 0.2690 0.3594 0.2690 0.2690
199 140 337 341 0.2690 0.3594 0.3594 0.2690 0.3594 0.3594 0.2690 0.2690 0.3594 0.2690 0.2690 0.2690 0.3594 0.2690 0.3594 0.3594
140 337 341 201 0.3594 0.3594 0.2690 0.2690 0.3594 0.3594 0.3594 0.3594 0.3594 0.3594 0.2690 0.2690 0.2690 0.2690 0.3594 0.2690
337 341 201 297 0.2690 0.2690 0.2690 0.2690 0.3594 0.2690 0.2690 0.2690 0.2690 0.2690 0.3594 0.2690 0.3594 0.3594 0.2690 0.2690
341 201 297 057 0.3594 0.2690 0.2690 0.2690 0.3594 0.3594 0.2690 0.2690 0.3594 0.3594 0.2690 0.3594 0.3594 0.3594 0.2690 0.3594
201 297 057 017 0.3594 0.2690 0.2690 0.3594 0.3594 0.3594 0.2690 0.3594 0.3594 0.2690 0.2690 0.3594 0.2690 0.2690 0.3594 0.2690
297 057 017 022 0.3594 0.3594 0.2690 0.3594 0.2690 0.2690 0.3594 0.3594 0.2690 0.2690 0.2690 0.2690 0.2690 0.2690 0.3594 0.2690
057 017 022 106 0.2690 0.2690 0.3594 0.2690 0.3594 0.3594 0.3594 0.2690 0.2690 0.3594 0.2690 0.2690 0.3594 0.2690 0.3594 0.2690
017 022 106 270 0.3594 0.2690 0.2690 0.3594 0.3594 0.2690 0.2690 0.2690 0.2690 0.3594 0.2690 0.2690 0.2690 0.2690 0.3594 0.3594
022 106 270 046 0.3594 0.2690 0.2690 0.2690 0.3594 0.3594 0.2690 0.2690 0.3594 0.3594 0.3594 0.3594 0.2690 0.3594 0.2690 0.2690
106 270 046 064 0.2690 0.3594 0.2690 0.3594 0.2690 0.2690 0.2690 0.3594 0.3594 0.2690 0.2690 0.2690 0.3594 0.2690 0.2690 0.3594
270 046 064 277 0.2690 0.2690 0.3594 0.2690 0.2690 0.2690 0.2690 0.2690 0.2690 0.3594 0.2690 0.3594 0.3594 0.3594 0.2690 0.2690
046 064 277 304 0.2690 0.2690 0.3594 0.3594 0.3594 0.3594 0.2690 0.2690 0.3594 0.2690 0.2690 0.2690 0.2690 0.2690 0.3594 0.2690
064 277 304 179 0.3594 0.3594 0.3594 0.3594 0.2690 0.3594 0.3594 0.3594 0.3594 0.3594 0.2690 0.3594 0.2690 0.2690 0.2690 0.3594
277 304 179 112 0.2690 0.2690 0.2690 0.3594 0.2690 0.3594 0.3594 0.2690 0.3594 0.2690 0.3594 0.3594 0.3594 0.2690 0.2690 0.2690
304 179 112 080 0.3594 0.2690 0.3594 0.2690 0.3594 0.2690 0.2690 0.3594 0.3594 0.3594 0.3594 0.3594 0.2690 0.3594 0.2690 0.3594
179 112 080 043 0.3594 0.2690 0.2690 0.2690 0.2690 0.3594 0.3594 0.2690 0.2690 0.2690 0.3594 0.3594 0.2690 0.3594 0.3594 0.2690
112 080 043 181 0.2690 0.3594 0.2690 0.2690 0.2690 0.2690 0.2690 0.2690 0.2690 0.3594 0.3594 0.3594 0.2690 0.3594 0.2690 0.3594
080 043 181 098 0.2690 0.2690 0.2690 0.2690 0.2690 0.2690 0.3594 0.2690 0.3594 0.3594 0.2690 0.2690 0.2690 0.2690 0.3594 0.3594
043 181 098 011 0.2690 0.3594 0.2690 0.2690 0.2690 0.3594 0.2690 0.3594 0.3594 0.3594 0.3594 0.2690 0.2690 0.2690 0.2690 0.2690
181 098 011 104 0.2690 0.2690 0.3594 0.2690 0.2690 0.3594 0.2690 0.2690 0.2690 0.3594 0.3594 0.3594 0.3594 0.3594 0.2690 0.2690
098 011 104 014 0.3594 0.3594 0.2690 0.3594 0.2690 0.2690 0.2690 0.2690 0.3594 0.2690 0.2690 0.2690 0.3594 0.2690 0.2690 0.3594
011 104 014 315 0.2690 0.2690 0.2690 0.2690 0.2690 0.2690 0.2690 0.2690 0.2690 0.3594 0.3594 0.2690 0.3594 0.3594 0.3594 0.2690
104 014 315 240 0.2690 0.2690 0.2690 0.3594 0.2690 0.3594 0.3594 0.3594 0.3594 0.2690 0.2690 0.2690 0.2690 0.3594 0.2690 0.3594
014 315 240 071 0.3594 0.3594 0.2690 0.3594 0.3594 0.3594 0.2690 0.3594 0.2690 0.3594 0.3594 0.2690 0.2690 0.2690 0.2690 0.2690
315 240 071 007 0.3594 0.3594 0.2690 0.2690 0.3594 0.2690 0.2690 0.3594 0.2690 0.3594 0.2690 0.3594 0.3594 0.2690 0.3594 0.3594
240 071 007 135 0.3594 0.3594 0.3594 0.2690 0.3594 0.3594 0.2690 0.3594 0.2690 0.2690 0.3594 0.3594 0.2690 0.3594 0.2690 0.3594
071 007 135 116 0.2690 0.2690 0.2690 0.2690 0.3594 0.2690 0.3594 0.2690 0.3594 0.2690 0.2690 0.2690 0.3594 0.2690 0.2690 0.3594
007 135 116 045 0.2690 0.2690 0.3594 0.2690 0.2690 0.2690 0.2690 0.3594 0.2690 0.2690 0.3594 0.2690 0.3594 0.3594 0.2690 0.3594
135 116 045 004 0.3594 0.2690 0.2690 0.2690 0.2690 0.3594 0.2690 0.3594 0.3594 0.3594 0.3594 0.3594 0.3594 0.3594 0.3594 0.3594
116 045 004 298 0.3594 0.3594 0.3594 0.2690 0.2690 0.3594 0.2690 0.2690 0.3594 0.3594 0.3594 0.2690 0.2690 0.2690 0.3594 0.2690
045 004 298 269 0.3594 0.3594 0.2690 0.3594 0.3594 0.3594 0.2690 0.2690 0.3594 0.2690 0.3594 0.2690 0.2690 0.3594 0.2690 0.3594
004 298 269 097 0.3594 0.2690 0.2690 0.3594 0.3594 0.3594 0.3594 0.3594 0.2690 0.3594 0.2690 0.2690 0.2690 0.3594 0.3594 0.2690
298 269 097 294 0.2690 0.2690 0.3594 0.3594 0.2690 0.3594 0.3594 0.3594 0.3594 0.2690 0.3594 0.2690 0.3594 0.3594 0.2690 0.3594
269 097 294 031 0.3594 0.2690 0.3594 0.3594 0.3594 0.2690 0.2690 0.2690 0.3594 0.2690 0.3594 0.2690 0.2690 0.3594 0.3594 0.3594
097 294 031 321 0.3594 0.2690 0.2690 0.2690 0.3594 0.2690 0.2690 0.2690 0.2690 0.2690 0.3594 0.2690 0.2690 0.2690 0.3594 0.3594
294 031 321 325 0.3594 0.2690 0.2690 0.2690 0.3594 0.2690 0.3594 0.3594 0.3594 0.3594 0.3594 0.3594 0.3594 0.2690 0.3594 0.3594
031 321 325 055 0.2690 0.2690 0.2690 0.2690 0.2690 0.2690 0.3594 0.3594 0.2690 0.2690 0.3594 0.2690 0.2690 0.3594 0.2690 0.2690
321 325 055 143 0.3594 0.3594 0.3594 0.2690 0.2690 0.2690 0.3594 0.2690 0.3594 0.3594 0.2690 0.2690 0.2690 0.2690 0.2690 0.2690
325 055 143 167 0.2690 0.3594 0.3594 0.3594 0.2690 0.3594 0.3594 0.3594 0.2690 0.2690 0.3594 0.3594 0.3594 0.3594 0.3594 0.2690
055 143 167 276 0.2690 0.2690 0.3594 0.3594 0.2690 0.3594 0.2690 0.2690 0.2690 0.2690 0.2690 0.3594 0.3594 0.2690 0.3594 0.2690
143 167 276 152 0.3594 0.3594 0.3594 0.3594 0.2690 0.2690 0.2690 0.2690 0.3594 0.2690 0.3594 0.3594 0.2690 0.2690 0.2690 0.3594
167 276 152 041 0.2690 0.2690 0.2690 0.3594 0.2690 0.2690 0.2690 0.3594 0.2690 0.2690 0.3594 0.3594 0.3594 0.3594 0.3594 0.3594
276 152 041 348 0.2690 0.2690 0.3594 0.2690 0.3594 0.2690 0.2690 0.3594 0.3594 0.2690 0.3594 0.2690 0.2690 0.3594 0.2690 0.3594
152 041 348 330 0.3594 0.2690 0.3594 0.3594 0.2690 0.3594 0.3594 0.3594 0.3594 0.3594 0.2690 0.2690 0.2690 0.3594 0.3594 0.3594
041 348 330 155 0.2690 0.3594 0.2690 0.3594 0.2690 0.3594 0.3594 0.3594 0.3594 0.3594 0.2690 0.2690 0.3594 0.3594 0.2690 0.2690
348 330 155 130 0.2690 0.2690 0.2690 0.2690 0.2690 0.3594 0.2690 0.3594 0.3594 0.2690 0.2690 0.2690 0.3594 0.3594 0.2690 0.3594
330 155 130 313 0.3594 0.2690 0.2690 0.3594 0.3594 0.3594 0.3594 0.3594 0.2690 0.3594 0.2690 0.2690 0.2690 0.3594 0.3594 0.2690
155 130 313 145 0.2690 0.2690 0.2690 0.3594 0.3594 0.2690 0.2690 0.3594 0.2690 0.3594 0.3594 0.3594 0.2690 0.2690 0.3594 0.3594
130 313 145 044 0.2690 0.3594 0.3594 0.2690 0.3594 0.2690 0.2690 0.3594 0.2690 0.3594 0.3594 0.3594 0.3594 0.3594 0.2690 0.2690
313 145 044 020 0.2690 0.3594 0.3594 0.3594 0.3594 0.3594 0.2690 0.3594 0.3594 0.2690 0.3594 0.2690 0.2690 0.2690 0.3594 0.2690
145 044 020 247 0.2690 0.3594 0.2690 0.2690 0.3594 0.2690 0.3594 0.3594 0.2690 0.3594 0.3594 0.2690 0.2690 0.3594 0.3594 0.2690
044 020 247 236 0.2690 0.2690 0.2690 0.2690 0.2690 0.2690 0.3594 0.3594 0.3594 0.3594 0.2690 0.2690 0.3594 0.2690 0.2690 0.2690
020 247 236 334 0.2690 0.2690 0.3594 0.2690 0.3594 0.2690 0.2690 0.3594 0.3594 0.3594 0.3594 0.3594 0.2690 0.3594 0.2690 0.2690
247 236 334 293 0.2690 0.3594 0.3594 0.3594 0.3594 0.3594 0.2690 0.3594 0.3594 0.3594 0.2690 0.3594 0.2690 0.3594 0.3594 0.2690
236 334 293 211 0.3594 0.3594 0.2690 0.2690 0.2690 0.2690 0.2690 0.3594 0.3594 0.2690 0.2690 0.2690 0.2690 0.3594 0.3594 0.3594
334 293 211 272 0.3594 0.2690 0.2690 0.2690 0.2690 0.2690 0.2690 0.2690 0.3594 0.3594 0.3594 0.3594 0.3594 0.2690 0.2690 0.3594
293 211 272 278 0.3594 0.3594 0.2690 0.2690 0.2690 0.2690 0.3594 0.3594 0.3594 0.2690 0.3594 0.3594 0.3594 0.2690 0.2690 0.2690
211 272 278 019 0.2690 0.2690 0.2690 0.3594 0.2690 0.2690 0.3594 0.3594 0.2690 0.2690 0.3594 0.2690 0.2690 0.2690 0.3594 0.2690
272 278 019 335 0.2690 0.3594 0.3594 0.2690 0.2690 0.3594 0.3594 0.2690 0.3594 0.3594 0.2690 0.3594 0.2690 0.3594 0.2690 0.2690
278 019 335 039 0.2690 0.2690 0.2690 0.2690 0.2690 0.2690 0.2690 0.3594 0.3594 0.2690 0.2690 0.3594 0.2690 0.3594 0.3594 0.2690
019 335 039 225 0.2690 0.2690 0.2690 0.2690 0.3594 0.3594 0.2690 0.2690 0.2690 0.2690 0.3594 0.3594 0.3594 0.2690 0.2690 0.3594
335 039 225 051 0.3594 0.3594 0.3594 0.2690 0.2690 0.2690 0.3594 0.2690 0.3594 0.3594 0.2690 0.2690 0.3594 0.3594 0.3594 0.2690
039 225 051 117 0.3594 0.3594 0.3594 0.3594 0.3594 0.3594 0.3594 0.3594 0.2690 0.3594 0.3594 0.3594 0.2690 0.3594 0.3594 0.2690
225 051 117 302 0.3594 0.3594 0.3594 0.3594 0.2690 0.3594 0.2690 0.3594 0.2690 0.3594 0.3594 0.2690 0.2690 0.2690 0.2690 0.3594
051 117 302 024 0.3594 0.3594 0.3594 0.3594 0.2690 0.3594 0.2690 0.3594 0.2690 0.2690 0.3594 0.3594 0.2690 0.2690 0.3594 0.3594
117 302 024 306 0.2690 0.2690 0.2690 0.2690 0.2690 0.3594 0.2690 0.2690 0.2690 0.3594 0.3594 0.2690 0.3594 0.3594 0.2690 0.3594
302 024 306 060 0.3594 0.2690 0.3594 0.3594 0.3594 0.3594 0.3594 0.3594 0.3594 0.2690 0.3594 0.3594 0.3594 0.2690 0.2690 0.3594
024 306 060 177 0.3594 0.2690 0.2690 0.3594 0.3594 0.2690 0.2690 0.2690 0.2690 0.2690 0.2690 0.2690 0.3594 0.2690 0.2690 0.3594
306 060 177 214 0.3594 0.2690 0.3594 0.3594 0.3594 0.3594 0.2690 0.3594 0.2690 0.3594 0.2690 0.2690 0.2690 0.3594 0.3594 0.3594
060 177 214 333 0.2690 0.3594 0.3594 0.3594 0.2690 0.3594 0.3594 0.3594 0.2690 0.2690 0.3594 0.2690 0.3594 0.2690 0.2690 0.2690
177 214 333 213 0.2690 0.2690 0.2690 0.3594 0.3594 0.3594 0.2690 0.2690 0.3594 0.3594 0.3594 0.2690 0.2690 0.3594 0.2690 0.2690
214 333 213 002 0.2690 0.2690 0.3594 0.2690 0.3594 0.3594 0.2690 0.3594 0.2690 0.3594 0.2690 0.2690 0.2690 0.2690 0.2690 0.2690
333 213 002 251 0.3594 0.2690 0.2690 0.2690 0.3594 0.2690 0.2690 0.3594 0.3594 0.3594 0.2690 0.3594 0.3594 0.2690 0.2690 0.3594
213 002 251 163 0.3594 0.2690 0.3594 0.2690 0.3594 0.2690 0.3594 0.3594 0.3594 0.3594 0.3594 0.2690 0.3594 0.3594 0.2690 0.2690
002 251 163 205 0.3594 0.2690 0.3594 0.3594 0.2690 0.2690 0.2690 0.3594 0.3594 0.2690 0.2690 0.3594 0.2690 0.2690 0.2690 0.3594
251 163 205 200 0.2690 0.2690 0.2690 0.2690 0.3594 0.3594 0.2690 0.3594 0.2690 0.3594 0.2690 0.3594 0.2690 0.2690 0.2690 0.3594
163 205 200 166 0.3594 0.3594 0.3594 0.3594 0.2690 0.3594 0.3594 0.3594 0.3594 0.3594 0.2690 0.2690 0.2690 0.3594 0.2690 0.3594
205 200 166 010 0.2690 0.2690 0.3594 0.3594 0.2690 0.3594 0.3594 0.2690 0.2690 0.3594 0.3594 0.3594 0.2690 0.2690 0.2690 0.3594
200 166 010 123 0.3594 0.2690 0.3594 0.3594 0.2690 0.2690 0.2690 0.2690 0.3594 0.3594 0.2690 0.3594 0.3594 0.3594 0.3594 0.3594
166 010 123 354 0.2690 0.2690 0.3594 0.3594 0.3594 0.2690 0.3594 0.2690 0.2690 0.3594 0.2690 0.2690 0.3594 0.3594 0.3594 0.3594
010 123 354 324 0.3594 0.2690 0.2690 0.3594 0.2690 0.3594 0.2690 0.2690 0.3594 0.2690 0.2690 0.3594 0.2690 0.3594 0.3594 0.3594
123 354 324 188 0.3594 0.3594 0.2690 0.3594 0.2690 0.3594 0.3594 0.3594 0.3594 0.3594 0.3594 0.3594 0.3594 0.2690 0.2690 0.2690
354 324 188 094 0.2690 0.2690 0.3594 0.2690 0.2690 0.2690 0.3594 0.2690 0.3594 0.2690 0.3594 0.3594 0.2690 0.2690 0.2690 0.2690
324 188 094 231 0.2690 0.3594 0.3594 0.2690 0.3594 0.2690 0.3594 0.3594 0.2690 0.3594 0.3594 0.3594 0.2690 0.3594 0.2690 0.3594
188 094 231 292 0.3594 0.3594 0.3594 0.3594 0.3594 0.3594 0.2690 0.3594 0.2690 0.2690 0.2690 0.3594 0.3594 0.2690 0.2690 0.2690
094 231 292 279 0.2690 0.2690 0.2690 0.3594 0.3594 0.3594 0.2690 0.2690 0.3594 0.3594 0.3594 0.3594 0.3594 0.3594 0.2690 0.3594
231 292 279 075 0.2690 0.3594 0.3594 0.2690 0.3594 0.2690 0.2690 0.2690 0.2690 0.2690 0.2690 0.3594 0.3594 0.3594 0.3594 0.2690
292 279 075 254 0.3594 0.3594 0.3594 0.3594 0.3594 0.2690 0.3594 0.2690 0.2690 0.2690 0.2690 0.3594 0.3594 0.2690 0.2690 0.3594
279 075 254 255 0.2690 0.3594 0.3594 0.2690 0.2690 0.2690 0.2690 0.2690 0.3594 0.3594 0.2690 0.3594 0.2690 0.2690 0.2690 0.2690
075 254 255 327 0.2690 0.3594 0.3594 0.3594 0.3594 0.2690 0.2690 0.2690 0.3594 0.2690 0.2690 0.2690 0.2690 0.3594 0.2690 0.2690
254 255 327 088 0.3594 0.3594 0.2690 0.2690 0.2690 0.3594 0.2690 0.3594 0.2690 0.3594 0.2690 0.2690 0.3594 0.3594 0.3594 0.2690
255 327 088 238 0.2690 0.2690 0.3594 0.3594 0.3594 0.3594 0.2690 0.3594 0.2690 0.3594 0.3594 0.3594 0.3594 0.3594 0.2690 0.3594
327 088 238 259 0.2690 0.3594 0.3594 0.2690 0.3594 0.3594 0.3594 0.2690 0.2690 0.2690 0.2690 0.2690 0.3594 0.3594 0.3594 0.3594
088 238 259 009 0.3594 0.2690 0.3594 0.3594 0.3594 0.2690 0.2690 0.2690 0.3594 0.2690 0.3594 0.3594 0.2690 0.2690 0.2690 0.3594
238 259 009 085 0.3594 0.2690 0.3594 0.3594 0.3594 0.3594 0.3594 0.2690 0.3594 0.2690 0.2690 0.3594 0.2690 0.3594 0.3594 0.2690
259 009 085 056 0.3594 0.2690 0.2690 0.2690 0.2690 0.2690 0.2690 0.2690 0.2690 0.3594 0.2690 0.2690 0.2690 0.3594 0.3594 0.3594
009 085 056 087 0.2690 0.3594 0.3594 0.3594 0.3594 0.2690 0.2690 0.2690 0.2690 0.2690 0.3594 0.2690 0.3594 0.3594 0.3594 0.3594
085 056 087 159 0.3594 0.2690 0.2690 0.3594 0.2690 0.3594 0.3594 0.2690 0.2690 0.3594 0.3594 0.3594 0.3594 0.2690 0.2690 0.3594
056 087 159 243 0.2690 0.3594 0.3594 0.2690 0.2690 0.2690 0.2690 0.2690 0.2690 0.2690 0.3594 0.2690 0.3594 0.3594 0.3594 0.3594
087 159 243 120 0.2690 0.3594 0.3594 0.3594 0.3594 0.2690 0.2690 0.2690 0.2690 0.3594 0.3594 0.3594 0.2690 0.2690 0.2690 0.2690
159 243 120 221 0.3594 0.3594 0.2690 0.2690 0.2690 0.3594 0.3594 0.2690 0.3594 0.3594 0.2690 0.3594 0.3594 0.3594 0.3594 0.3594
243 120 221 291 0.3594 0.3594 0.3594 0.3594 0.3594 0.3594 0.3594 0.3594 0.2690 0.3594 0.2690 0.3594 0.3594 0.2690 0.3594 0.2690
120 221 291 244 0.3594 0.2690 0.3594 0.2690 0.2690 0.3594 0.2690 0.2690 0.3594 0.2690 0.3594 0.3594 0.2690 0.2690 0.2690 0.3594
221 291 244 034 0.2690 0.2690 0.2690 0.3594 0.3594 0.2690 0.2690 0.2690 0.3594 0.2690 0.2690 0.2690 0.3594 0.3594 0.2690 0.3594
291 244 034 170 0.3594 0.2690 0.3594 0.3594 0.3594 0.3594 0.3594 0.3594 0.2690 0.3594 0.2690 0.2690 0.3594 0.3594 0.2690 0.3594
244 034 170 248 0.2690 0.3594 0.3594 0.2690 0.3594 0.3594 0.3594 0.2690 0.3594 0.2690 0.2690 0.2690 0.2690 0.3594 0.3594 0.3594
034 170 248 102 0.3594 0.2690 0.2690 0.3594 0.3594 0.3594 0.3594 0.2690 0.2690 0.3594 0.2690 0.3594 0.3594 0.2690 0.3594 0.3594
170 248 102 314 0.3594 0.2690 0.3594 0.3594 0.3594 0.3594 0.2690 0.3594 0.2690 0.2690 0.2690 0.2690 0.3594 0.3594 0.3594 0.2690
248 102 314 003 0.3594 0.3594 0.2690 0.2690 0.3594 0.3594 0.3594 0.3594 0.2690 0.2690 0.2690 0.3594 0.2690 0.2690 0.2690 0.3594
102 314 003 052 0.3594 0.2690 0.3594 0.3594 0.2690 0.3594 0.3594 0.2690 0.3594 0.3594 0.2690 0.2690 0.3594 0.3594 0.2690 0.2690
314 003 052 323 0.3594 0.3594 0.2690 0.3594 0.2690 0.3594 0.2690 0.2690 0.2690 0.3594 0.2690 0.2690 0.2690 0.2690 0.2690 0.3594
003 052 323 074 0.3594 0.3594 0.2690 0.3594 0.2690 0.3594 0.2690 0.3594 0.3594 0.2690 0.2690 0.3594 0.2690 0.2690 0.2690 0.2690
052 323 074 099 0.2690 0.3594 0.3594 0.3594 0.2690 0.3594 0.3594 0.2690 0.3594 0.3594 0.3594 0.2690 0.3594 0.2690 0.2690 0.3594
323 074 099 138 0.2690 0.3594 0.3594 0.2690 0.3594 0.3594 0.3594 0.3594 0.2690 0.3594 0.3594 0.2690 0.3594 0.3594 0.3594 0.3594
074 099 138 227 0.2690 0.3594 0.2690 0.2690 0.3594 0.2690 0.2690 0.3594 0.3594 0.3594 0.2690 0.2690 0.3594 0.2690 0.2690 0.3594
099 138 227 081 0.3594 0.3594 0.2690 0.3594 0.3594 0.3594 0.2690 0.3594 0.3594 0.2690 0.2690 0.3594 0.3594 0.2690 0.3594 0.3594
138 227 081 271 0.2690 0.3594 0.2690 0.3594 0.2690 0.2690 0.2690 0.3594 0.2690 0.3594 0.3594 0.3594 0.2690 0.3594 0.2690 0.3594
227 081 271 216 0.3594 0.3594 0.2690 0.2690 0.2690 0.2690 0.2690 0.2690 0.2690 0.3594 0.3594 0.3594 0.3594 0.3594 0.3594 0.3594
081 271 216 164 0.2690 0.2690 0.3594 0.2690 0.2690 0.2690 0.2690 0.2690 0.2690 0.2690 0.3594 0.2690 0.2690 0.2690 0.2690 0.2690
271 216 164 178 0.2690 0.3594 0.2690 0.3594 0.2690 0.3594 0.2690 0.2690 0.3594 0.2690 0.2690 0.2690 0.2690 0.3594 0.2690 0.3594
216 164 178 021 0.3594 0.3594 0.2690 0.2690 0.2690 0.2690 0.3594 0.2690 0.2690 0.3594 0.2690 0.3594 0.2690 0.2690 0.2690 0.2690
164 178 021 191 0.3594 0.2690 0.2690 0.2690 0.3594 0.3594 0.3594 0.2690 0.2690 0.3594 0.3594 0.3594 0.3594 0.2690 0.2690 0.2690
178 021 191 273 0.2690 0.2690 0.3594 0.3594 0.2690 0.2690 0.2690 0.2690 0.2690 0.2690 0.2690 0.3594 0.3594 0.2690 0.2690 0.2690
021 191 273 208 0.2690 0.2690 0.3594 0.2690 0.2690 0.3594 0.2690 0.2690 0.3594 0.2690 0.3594 0.3594 0.2690 0.3594 0.2690 0.3594
191 273 208 073 0.2690 0.3594 0.3594 0.2690 0.2690 0.2690 0.2690 0.3594 0.3594 0.2690 0.2690 0.3594 0.3594 0.3594 0.3594 0.3594
273 208 073 149 0.2690 0.3594 0.2690 0.3594 0.3594 0.3594 0.3594 0.3594 0.3594 0.2690 0.3594 0.2690 0.2690 0.2690 0.2690 0.3594
208 073 149 092 0.2690 0.2690 0.2690 0.2690 0.2690 0.3594 0.2690 0.2690 0.2690 0.3594 0.3594 0.2690 0.2690 0.2690 0.2690 0.2690
073 149 092 146 0.2690 0.3594 0.3594 0.2690 0.3594 0.3594 0.3594 0.2690 0.3594 0.3594 0.3594 0.3594 0.3594 0.3594 0.2690 0.2690
149 092 146 065 0.3594 0.2690 0.2690 0.2690 0.3594 0.2690 0.2690 0.3594 0.3594 0.3594 0.3594 0.2690 0.2690 0.3594 0.3594 0.2690
092 146 065 133 0.3594 0.3594 0.2690 0.2690 0.3594 0.2690 0.3594 0.3594 0.3594 0.2690 0.2690 0.2690 0.2690 0.2690 0.2690 0.2690
146 065 133 336 0.2690 0.3594 0.3594 0.2690 0.3594 0.3594 0.3594 0.3594 0.2690 0.2690 0.2690 0.3594 0.3594 0.2690 0.2690 0.3594
065 133 336 161 0.2690 0.3594 0.2690 0.3594 0.3594 0.2690 0.3594 0.2690 0.3594 0.3594 0.3594 0.2690 0.3594 0.3594 0.3594 0.3594
133 336 161 070 0.2690 0.3594 0.2690 0.3594 0.2690 0.2690 0.3594 0.2690 0.3594 0.2690 0.3594 0.2690 0.3594 0.3594 0.3594 0.3594
336 161 070 305 0.2690 0.3594 0.2690 0.3594 0.3594 0.3594 0.3594 0.3594 0.2690 0.2690 0.3594 0.3594 0.2690 0.3594 0.3594 0.3594
161 070 305 280 0.2690 0.2690 0.2690 0.2690 0.2690 0.3594 0.3594 0.2690 0.2690 0.2690 0.2690 0.2690 0.3594 0.2690 0.3594 0.2690
070 305 280 329 0.2690 0.2690 0.2690 0.2690 0.2690 0.2690 0.3594 0.2690 0.3594 0.2690 0.3594 0.2690 0.2690 0.2690 0.3594 0.2690
305 280 329 090 0.3594 0.2690 0.2690 0.3594 0.3594 0.3594 0.2690 0.3594 0.2690 0.2690 0.3594 0.3594 0.2690 0.3594 0.2690 0.3594
280 329 090 050 0.2690 0.3594 0.3594 0.3594 0.2690 0.3594 0.2690 0.2690 0.3594 0.3594 0.2690 0.3594 0.3594 0.3594 0.2690 0.2690
329 090 050 217 0.3594 0.2690 0.2690 0.3594 0.2690 0.2690 0.3594 0.3594 0.2690 0.3594 0.2690 0.2690 0.3594 0.3594 0.2690 0.3594
090 050 217 037 0.2690 0.3594 0.3594 0.2690 0.3594 0.2690 0.3594 0.2690 0.3594 0.2690 0.3594 0.2690 0.3594 0.2690 0.2690 0.2690
050 217 037 018 0.3594 0.2690 0.2690 0.3594 0.2690 0.2690 0.2690 0.3594 0.2690 0.2690 0.3594 0.3594 0.3594 0.3594 0.3594 0.2690
217 037 018 322 0.3594 0.2690 0.2690 0.2690 0.3594 0.2690 0.2690 0.2690 0.2690 0.3594 0.3594 0.2690 0.2690 0.2690 0.3594 0.2690
037 018 322 300 0.2690 0.3594 0.2690 0.2690 0.3594 0.3594 0.3594 0.2690 0.2690 0.2690 0.2690 0.2690 0.2690 0.2690 0.2690 0.2690
018 322 300 141 0.2690 0.3594 0.3594 0.2690 0.3594 0.2690 0.2690 0.3594 0.2690 0.2690 0.2690 0.3594 0.2690 0.2690 0.2690 0.3594
322 300 141 317 0.2690 0.2690 0.2690 0.2690 0.3594 0.3594 0.2690 0.2690 0.2690 0.2690 0.2690 0.2690 0.3594 0.2690 0.2690 0.2690
300 141 317 239 0.3594 0.2690 0.3594 0.3594 0.3594 0.2690 0.2690 0.3594 0.3594 0.3594 0.3594 0.3594 0.2690 0.3594 0.3594 0.3594
141 317 239 274 0.3594 0.2690 0.3594 0.2690 0.3594 0.2690 0.2690 0.2690 0.3594 0.2690 0.2690 0.2690 0.3594 0.3594 0.2690 0.3594
317 239 274 083 0.3594 0.3594 0.2690 0.2690 0.2690 0.3594 0.3594 0.2690 0.2690 0.2690 0.2690 0.2690 0.2690 0.3594 0.3594 0.2690
