356 031684 3
167 062 126 318 0.3177 0.7096 0.3177 0.3177 0.7096 0.7096 0.7096 0.7096 0.7096 0.3177 0.7096 0.3177 0.3177 0.3177 0.7096 0.7096
062 126 318 097 0.7096 0.7096 0.3177 0.3177 0.3177 0.3177 0.7096 0.3177 0.7096 0.7096 0.7096 0.7096 0.7096 0.7096 0.3177 0.3177
126 318 097 107 0.7096 0.7096 0.7096 0.7096 0.7096 0.3177 0.7096 0.3177 0.7096 0.7096 0.3177 0.7096 0.3177 0.7096 0.3177 0.3177
318 097 107 009 0.3177 0.7096 0.7096 0.3177 0.7096 0.3177 0.7096 0.3177 0.7096 0.7096 0.7096 0.3177 0.3177 0.7096 0.7096 0.3177
097 107 009 000 0.3177 0.7096 0.7096 0.7096 0.7096 0.7096 0.7096 0.7096 0.7096 0.3177 0.3177 0.7096 0.7096 0.3177 0.7096 0.7096
107 009 000 340 0.7096 0.3177 0.7096 0.7096 0.3177 0.7096 0.7096 0.3177 0.7096 0.3177 0.7096 0.3177 0.3177 0.7096 0.3177 0.3177
009 000 340 031 0.3177 0.7096 0.3177 0.7096 0.3177 0.3177 0.7096 0.7096 0.3177 0.3177 0.7096 0.3177 0.3177 0.3177 0.3177 0.3177
000 340 031 277 0.7096 0.3177 0.7096 0.3177 0.3177 0.3177 0.3177 0.7096 0.7096 0.3177 0.7096 0.3177 0.3177 0.7096 0.7096 0.3177
340 031 277 279 0.3177 0.7096 0.7096 0.7096 0.3177 0.7096 0.3177 0.7096 0.3177 0.7096 0.7096 0.3177 0.7096 0.7096 0.3177 0.7096
031 277 279 253 0.7096 0.3177 0.7096 0.7096 0.7096 0.3177 0.7096 0.7096 0.3177 0.3177 0.7096 0.7096 0.3177 0.7096 0.3177 0.7096
277 279 253 324 0.7096 0.3177 0.3177 0.3177 0.7096 0.7096 0.3177 0.3177 0.7096 0.3177 0.7096 0.7096 0.3177 0.7096 0.7096 0.3177
279 253 324 210 0.3177 0.7096 0.7096 0.7096 0.3177 0.7096 0.7096 0.7096 0.3177 0.3177 0.7096 0.7096 0.7096 0.7096 0.3177 0.3177
253 324 210 153 0.7096 0.7096 0.3177 0.3177 0.3177 0.3177 0.7096 0.7096 0.3177 0.7096 0.7096 0.3177 0.3177 0.7096 0.7096 0.7096
324 210 153 329 0.7096 0.3177 0.7096 0.3177 0.3177 0.3177 0.7096 0.3177 0.3177 0.3177 0.3177 0.3177 0.3177 0.3177 0.3177 0.3177
210 153 329 041 0.3177 0.7096 0.7096 0.3177 0.3177 0.3177 0.3177 0.3177 0.3177 0.3177 0.3177 0.7096 0.3177 0.3177 0.3177 0.3177
153 329 041 138 0.7096 0.3177 0.3177 0.7096 0.7096 0.7096 0.3177 0.7096 0.3177 0.3177 0.7096 0.3177 0.3177 0.7096 0.3177 0.7096
329 041 138 032 0.7096 0.3177 0.3177 0.7096 0.7096 0.3177 0.7096 0.3177 0.7096 0.3177 0.7096 0.3177 0.7096 0.7096 0.3177 0.3177
041 138 032 089 0.7096 0.3177 0.3177 0.7096 0.3177 0.7096 0.3177 0.3177 0.3177 0.7096 0.7096 0.7096 0.7096 0.7096 0.3177 0.3177
138 032 089 140 0.3177 0.3177 0.7096 0.7096 0.7096 0.7096 0.7096 0.3177 0.3177 0.3177 0.3177 0.3177 0.7096 0.3177 0.3177 0.3177
032 089 140 074 0.7096 0.7096 0.7096 0.7096 0.7096 0.7096 0.7096 0.7096 0.7096 0.7096 0.7096 0.3177 0.3177 0.3177 0.7096 0.3177
089 140 074 128 0.7096 0.7096 0.7096 0.3177 0.7096 0.7096 0.7096 0.7096 0.3177 0.3177 0.7096 0.7096 0.3177 0.3177 0.7096 0.3177
140 074 128 355 0.3177 0.3177 0.7096 0.7096 0.7096 0.3177 0.3177 0.3177 0.7096 0.7096 0.7096 0.7096 0.7096 0.3177 0.3177 0.3177
074 128 355 040 0.7096 0.7096 0.3177 0.7096 0.3177 0.7096 0.3177 0.7096 0.7096 0.3177 0.7096 0.7096 0.3177 0.3177 0.7096 0.3177
128 355 040 018 0.3177 0.7096 0.3177 0.7096 0.3177 0.3177 0.3177 0.7096 0.3177 0.7096 0.3177 0.7096 0.3177 0.7096 0.3177 0.7096
355 040 018 223 0.3177 0.3177 0.3177 0.3177 0.7096 0.3177 0.7096 0.7096 0.3177 0.7096 0.3177 0.7096 0.3177 0.3177 0.7096 0.7096
040 018 223 071 0.3177 0.3177 0.7096 0.3177 0.7096 0.3177 0.3177 0.3177 0.7096 0.3177 0.7096 0.3177 0.7096 0.3177 0.7096 0.7096
018 223 071 044 0.3177 0.7096 0.3177 0.7096 0.3177 0.7096 0.3177 0.3177 0.3177 0.7096 0.7096 0.3177 0.3177 0.3177 0.3177 0.7096
223 071 044 349 0.7096 0.3177 0.3177 0.7096 0.3177 0.3177 0.3177 0.7096 0.3177 0.7096 0.7096 0.7096 0.7096 0.7096 0.7096 0.3177
071 044 349 301 0.7096 0.3177 0.7096 0.7096 0.7096 0.3177 0.7096 0.7096 0.7096 0.7096 0.3177 0.3177 0.7096 0.3177 0.3177 0.7096
044 349 301 284 0.3177 0.3177 0.7096 0.3177 0.7096 0.7096 0.3177 0.3177 0.3177 0.7096 0.3177 0.3177 0.7096 0.7096 0.7096 0.3177
349 301 284 307 0.7096 0.3177 0.7096 0.3177 0.3177 0.7096 0.7096 0.7096 0.3177 0.3177 0.7096 0.3177 0.7096 0.7096 0.3177 0.7096
301 284 307 184 0.7096 0.3177 0.3177 0.7096 0.7096 0.3177 0.7096 0.3177 0.3177 0.3177 0.3177 0.7096 0.3177 0.7096 0.3177 0.3177
284 307 184 292 0.7096 0.7096 0.3177 0.7096 0.3177 0.3177 0.7096 0.3177 0.3177 0.7096 0.3177 0.7096 0.7096 0.3177 0.3177 0.3177
307 184 292 014 0.3177 0.7096 0.7096 0.7096 0.7096 0.7096 0.7096 0.3177 0.7096 0.7096 0.3177 0.3177 0.3177 0.7096 0.7096 0.7096
184 292 014 220 0.3177 0.7096 0.7096 0.3177 0.3177 0.7096 0.3177 0.7096 0.3177 0.3177 0.3177 0.3177 0.3177 0.3177 0.7096 0.7096
292 014 220 168 0.7096 0.3177 0.3177 0.3177 0.3177 0.7096 0.7096 0.3177 0.3177 0.3177 0.7096 0.3177 0.3177 0.7096 0.7096 0.7096
014 220 168 132 0.3177 0.7096 0.3177 0.3177 0.7096 0.7096 0.3177 0.7096 0.7096 0.7096 0.3177 0.7096 0.7096 0.3177 0.7096 0.3177
220 168 132 051 0.3177 0.3177 0.3177 0.7096 0.7096 0.7096 0.3177 0.7096 0.3177 0.7096 0.7096 0.7096 0.3177 0.3177 0.7096 0.3177
168 132 051 290 0.3177 0.3177 0.3177 0.3177 0.7096 0.3177 0.3177 0.7096 0.7096 0.7096 0.7096 0.7096 0.3177 0.7096 0.3177 0.7096
132 051 290 282 0.7096 0.7096 0.3177 0.3177 0.3177 0.7096 0.7096 0.7096 0.7096 0.7096 0.7096 0.3177 0.3177 0.7096 0.3177 0.3177
051 290 282 261 0.7096 0.7096 0.7096 0.3177 0.7096 0.7096 0.7096 0.7096 0.3177 0.7096 0.7096 0.3177 0.3177 0.3177 0.7096 0.3177
290 282 261 313 0.7096 0.7096 0.3177 0.7096 0.7096 0.3177 0.3177 0.3177 0.7096 0.7096 0.3177 0.7096 0.3177 0.7096 0.7096 0.3177
282 261 313 170 0.3177 0.3177 0.7096 0.3177 0.3177 0.3177 0.3177 0.7096 0.7096 0.7096 0.3177 0.7096 0.7096 0.3177 0.7096 0.3177
261 313 170 264 0.7096 0.7096 0.7096 0.7096 0.7096 0.7096 0.3177 0.7096 0.7096 0.3177 0.3177 0.7096 0.3177 0.3177 0.3177 0.3177
313 170 264 002 0.7096 0.7096 0.3177 0.3177 0.7096 0.3177 0.3177 0.3177 0.3177 0.3177 0.7096 0.7096 0.7096 0.7096 0.3177 0.3177
170 264 002 341 0.7096 0.7096 0.7096 0.3177 0.7096 0.7096 0.3177 0.3177 0.7096 0.3177 0.3177 0.3177 0.7096 0.3177 0.3177 0.3177
264 002 341 052 0.3177 0.3177 0.7096 0.3177 0.3177 0.7096 0.7096 0.3177 0.3177 0.3177 0.3177 0.3177 0.7096 0.7096 0.7096 0.7096
002 341 052 091 0.7096 0.3177 0.3177 0.7096 0.7096 0.3177 0.7096 0.7096 0.7096 0.7096 0.3177 0.3177 0.3177 0.7096 0.3177 0.7096
341 052 091 231 0.7096 0.3177 0.7096 0.3177 0.3177 0.3177 0.7096 0.7096 0.3177 0.7096 0.3177 0.7096 0.7096 0.3177 0.3177 0.7096
052 091 231 113 0.3177 0.3177 0.3177 0.3177 0.7096 0.7096 0.3177 0.7096 0.7096 0.3177 0.7096 0.7096 0.3177 0.7096 0.7096 0.7096
091 231 113 162 0.7096 0.3177 0.3177 0.7096 0.3177 0.7096 0.3177 0.3177 0.3177 0.3177 0.3177 0.3177 0.7096 0.7096 0.7096 0.3177
231 113 162 157 0.3177 0.3177 0.3177 0.3177 0.3177 0.3177 0.7096 0.3177 0.3177 0.3177 0.7096 0.7096 0.3177 0.7096 0.3177 0.3177
113 162 157 050 0.3177 0.3177 0.7096 0.3177 0.3177 0.7096 0.7096 0.7096 0.3177 0.7096 0.3177 0.7096 0.3177 0.3177 0.3177 0.3177
162 157 050 001 0.7096 0.7096 0.7096 0.7096 0.7096 0.7096 0.7096 0.7096 0.7096 0.7096 0.3177 0.7096 0.7096 0.7096 0.3177 0.7096
157 050 001 033 0.7096 0.7096 0.3177 0.7096 0.7096 0.7096 0.7096 0.3177 0.7096 0.7096 0.3177 0.3177 0.7096 0.3177 0.3177 0.3177
050 001 033 183 0.7096 0.3177 0.3177 0.3177 0.3177 0.3177 0.7096 0.3177 0.7096 0.7096 0.7096 0.3177 0.7096 0.7096 0.3177 0.7096
001 033 183 303 0.3177 0.7096 0.7096 0.7096 0.7096 0.3177 0.7096 0.3177 0.7096 0.7096 0.3177 0.3177 0.7096 0.7096 0.7096 0.7096
033 183 303 327 0.7096 0.3177 0.3177 0.7096 0.3177 0.3177 0.7096 0.3177 0.7096 0.3177 0.7096 0.3177 0.3177 0.7096 0.3177 0.7096
183 303 327 330 0.3177 0.7096 0.3177 0.3177 0.7096 0.3177 0.3177 0.7096 0.3177 0.3177 0.3177 0.3177 0.3177 0.3177 0.7096 0.3177
303 327 330 304 0.3177 0.3177 0.3177 0.7096 0.3177 0.3177 0.3177 0.3177 0.7096 0.3177 0.3177 0.7096 0.3177 0.3177 0.7096 0.3177
327 330 304 202 0.7096 0.7096 0.3177 0.7096 0.3177 0.7096 0.3177 0.7096 0.7096 0.3177 0.3177 0.3177 0.3177 0.7096 0.3177 0.3177
330 304 202 315 0.3177 0.7096 0.7096 0.7096 0.7096 0.7096 0.3177 0.7096 0.7096 0.3177 0.7096 0.7096 0.7096 0.7096 0.3177 0.3177
304 202 315 101 0.7096 0.7096 0.3177 0.3177 0.3177 0.7096 0.3177 0.3177 0.7096 0.3177 0.3177 0.3177 0.7096 0.3177 0.7096 0.3177
202 315 101 334 0.7096 0.7096 0.7096 0.3177 0.3177 0.7096 0.7096 0.3177 0.3177 0.7096 0.7096 0.3177 0.7096 0.7096 0.3177 0.3177
315 101 334 316 0.7096 0.3177 0.3177 0.3177 0.3177 0.7096 0.3177 0.3177 0.7096 0.7096 0.7096 0.7096 0.3177 0.7096 0.3177 0.7096
101 334 316 333 0.3177 0.3177 0.7096 0.3177 0.3177 0.3177 0.7096 0.3177 0.7096 0.3177 0.3177 0.3177 0.3177 0.3177 0.7096 0.3177
334 316 333 047 0.3177 0.7096 0.3177 0.7096 0.3177 0.3177 0.3177 0.3177 0.3177 0.7096 0.3177 0.3177 0.7096 0.7096 0.3177 0.7096
316 333 047 249 0.7096 0.3177 0.7096 0.7096 0.7096 0.7096 0.3177 0.3177 0.3177 0.7096 0.7096 0.3177 0.3177 0.3177 0.3177 0.7096
333 047 249 250 0.3177 0.7096 0.3177 0.7096 0.3177 0.7096 0.3177 0.3177 0.7096 0.7096 0.3177 0.3177 0.3177 0.7096 0.3177 0.3177
047 249 250 343 0.3177 0.7096 0.3177 0.7096 0.7096 0.3177 0.7096 0.3177 0.3177 0.7096 0.3177 0.3177 0.3177 0.7096 0.3177 0.3177
249 250 343 034 0.3177 0.3177 0.3177 0.3177 0.7096 0.7096 0.7096 0.7096 0.7096 0.3177 0.3177 0.3177 0.7096 0.7096 0.7096 0.7096
250 343 034 198 0.3177 0.3177 0.3177 0.3177 0.7096 0.7096 0.7096 0.7096 0.7096 0.3177 0.3177 0.3177 0.7096 0.7096 0.3177 0.7096
343 034 198 216 0.3177 0.3177 0.3177 0.7096 0.7096 0.3177 0.7096 0.7096 0.7096 0.3177 0.7096 0.7096 0.3177 0.7096 0.7096 0.3177
034 198 216 028 0.7096 0.7096 0.7096 0.3177 0.3177 0.3177 0.7096 0.7096 0.3177 0.3177 0.7096 0.7096 0.3177 0.3177 0.3177 0.7096
198 216 028 252 0.3177 0.7096 0.7096 0.7096 0.7096 0.3177 0.7096 0.7096 0.7096 0.7096 0.3177 0.7096 0.3177 0.7096 0.7096 0.3177
216 028 252 045 0.3177 0.7096 0.7096 0.7096 0.3177 0.3177 0.3177 0.3177 0.7096 0.7096 0.7096 0.7096 0.7096 0.7096 0.3177 0.7096
028 252 045 010 0.7096 0.7096 0.7096 0.7096 0.3177 0.7096 0.3177 0.3177 0.3177 0.7096 0.3177 0.3177 0.3177 0.3177 0.3177 0.3177
252 045 010 115 0.7096 0.7096 0.3177 0.3177 0.3177 0.7096 0.3177 0.7096 0.7096 0.3177 0.7096 0.3177 0.3177 0.3177 0.3177 0.3177
045 010 115 200 0.7096 0.7096 0.3177 0.7096 0.3177 0.3177 0.3177 0.7096 0.7096 0.7096 0.7096 0.7096 0.3177 0.3177 0.7096 0.7096
010 115 200 353 0.7096 0.3177 0.3177 0.7096 0.7096 0.3177 0.3177 0.7096 0.3177 0.7096 0.7096 0.3177 0.7096 0.3177 0.7096 0.3177
115 200 353 049 0.3177 0.7096 0.7096 0.7096 0.3177 0.3177 0.7096 0.7096 0.7096 0.3177 0.7096 0.7096 0.3177 0.7096 0.7096 0.7096
200 353 049 255 0.3177 0.3177 0.3177 0.7096 0.7096 0.7096 0.3177 0.7096 0.7096 0.3177 0.7096 0.3177 0.3177 0.3177 0.3177 0.7096
353 049 255 166 0.7096 0.3177 0.3177 0.7096 0.3177 0.7096 0.7096 0.3177 0.7096 0.7096 0.3177 0.7096 0.7096 0.3177 0.7096 0.7096
049 255 166 129 0.7096 0.3177 0.3177 0.7096 0.7096 0.3177 0.7096 0.7096 0.3177 0.3177 0.3177 0.7096 0.3177 0.3177 0.3177 0.7096
255 166 129 302 0.3177 0.7096 0.7096 0.3177 0.7096 0.7096 0.3177 0.3177 0.3177 0.3177 0.7096 0.3177 0.7096 0.7096 0.7096 0.7096
166 129 302 007 0.7096 0.7096 0.7096 0.3177 0.7096 0.7096 0.7096 0.7096 0.7096 0.3177 0.7096 0.7096 0.7096 0.3177 0.7096 0.3177
129 302 007 023 0.3177 0.3177 0.3177 0.3177 0.7096 0.7096 0.3177 0.3177 0.7096 0.3177 0.7096 0.7096 0.7096 0.7096 0.3177 0.3177
302 007 023 078 0.7096 0.7096 0.7096 0.3177 0.7096 0.7096 0.7096 0.7096 0.7096 0.3177 0.3177 0.7096 0.7096 0.7096 0.7096 0.3177
007 023 078 224 0.7096 0.3177 0.3177 0.3177 0.7096 0.7096 0.7096 0.3177 0.3177 0.3177 0.7096 0.7096 0.3177 0.3177 0.3177 0.7096
023 078 224 346 0.3177 0.7096 0.7096 0.3177 0.3177 0.7096 0.7096 0.7096 0.3177 0.7096 0.7096 0.3177 0.7096 0.7096 0.7096 0.7096
078 224 346 043 0.7096 0.3177 0.3177 0.3177 0.7096 0.3177 0.7096 0.7096 0.3177 0.3177 0.3177 0.3177 0.7096 0.3177 0.7096 0.3177
224 346 043 310 0.3177 0.3177 0.3177 0.7096 0.3177 0.3177 0.3177 0.3177 0.7096 0.3177 0.7096 0.7096 0.7096 0.3177 0.3177 0.7096
346 043 310 065 0.3177 0.7096 0.7096 0.7096 0.3177 0.7096 0.3177 0.7096 0.3177 0.7096 0.3177 0.3177 0.7096 0.7096 0.7096 0.3177
043 310 065 141 0.3177 0.7096 0.7096 0.3177 0.3177 0.3177 0.3177 0.7096 0.3177 0.7096 0.3177 0.7096 0.7096 0.7096 0.7096 0.3177
310 065 141 048 0.7096 0.7096 0.3177 0.7096 0.3177 0.7096 0.7096 0.3177 0.7096 0.7096 0.3177 0.7096 0.7096 0.7096 0.3177 0.3177
065 141 048 016 0.3177 0.3177 0.3177 0.3177 0.7096 0.7096 0.7096 0.3177 0.3177 0.3177 0.7096 0.3177 0.7096 0.3177 0.7096 0.3177
141 048 016 149 0.3177 0.7096 0.3177 0.3177 0.3177 0.7096 0.7096 0.7096 0.3177 0.7096 0.7096 0.3177 0.7096 0.3177 0.7096 0.7096
048 016 149 039 0.7096 0.3177 0.3177 0.7096 0.7096 0.7096 0.7096 0.7096 0.7096 0.7096 0.7096 0.7096 0.3177 0.7096 0.3177 0.7096
016 149 039 325 0.3177 0.7096 0.7096 0.3177 0.3177 0.3177 0.7096 0.7096 0.7096 0.3177 0.7096 0.7096 0.7096 0.3177 0.3177 0.7096
149 039 325 332 0.7096 0.3177 0.3177 0.7096 0.7096 0.3177 0.7096 0.7096 0.3177 0.3177 0.7096 0.3177 0.3177 0.7096 0.7096 0.3177
039 325 332 335 0.7096 0.3177 0.3177 0.3177 0.7096 0.7096 0.7096 0.7096 0.3177 0.3177 0.7096 0.7096 0.3177 0.3177 0.7096 0.7096
325 332 335 122 0.7096 0.3177 0.3177 0.7096 0.7096 0.7096 0.7096 0.7096 0.7096 0.7096 0.3177 0.7096 0.7096 0.3177 0.7096 0.3177
332 335 122 189 0.7096 0.7096 0.7096 0.3177 0.3177 0.3177 0.3177 0.7096 0.7096 0.7096 0.7096 0.7096 0.3177 0.7096 0.7096 0.3177
335 122 189 182 0.7096 0.7096 0.7096 0.3177 0.7096 0.3177 0.3177 0.3177 0.3177 0.3177 0.3177 0.7096 0.7096 0.3177 0.3177 0.7096
122 189 182 161 0.7096 0.7096 0.3177 0.7096 0.3177 0.3177 0.7096 0.3177 0.7096 0.7096 0.7096 0.3177 0.3177 0.3177 0.7096 0.3177
189 182 161 019 0.3177 0.7096 0.3177 0.3177 0.7096 0.7096 0.7096 0.3177 0.7096 0.7096 0.3177 0.3177 0.3177 0.3177 0.3177 0.7096
182 161 019 027 0.7096 0.3177 0.3177 0.3177 0.7096 0.3177 0.3177 0.7096 0.3177 0.7096 0.7096 0.3177 0.7096 0.7096 0.3177 0.3177
161 019 027 218 0.7096 0.7096 0.7096 0.7096 0.3177 0.3177 0.7096 0.7096 0.3177 0.3177 0.7096 0.7096 0.7096 0.7096 0.7096 0.7096
019 027 218 262 0.3177 0.3177 0.3177 0.7096 0.7096 0.3177 0.7096 0.7096 0.7096 0.3177 0.3177 0.3177 0.7096 0.7096 0.3177 0.7096
027 218 262 169 0.7096 0.3177 0.7096 0.3177 0.3177 0.7096 0.7096 0.3177 0.7096 0.3177 0.7096 0.3177 0.3177 0.7096 0.7096 0.7096
218 262 169 015 0.3177 0.7096 0.3177 0.3177 0.3177 0.3177 0.7096 0.7096 0.3177 0.7096 0.3177 0.3177 0.7096 0.3177 0.7096 0.7096
262 169 015 309 0.3177 0.3177 0.7096 0.3177 0.3177 0.3177 0.3177 0.3177 0.7096 0.3177 0.7096 0.3177 0.7096 0.3177 0.7096 0.7096
169 015 309 177 0.3177 0.7096 0.3177 0.3177 0.3177 0.7096 0.3177 0.3177 0.3177 0.7096 0.3177 0.3177 0.7096 0.3177 0.3177 0.7096
015 309 177 090 0.7096 0.7096 0.7096 0.3177 0.7096 0.7096 0.7096 0.7096 0.7096 0.7096 0.7096 0.7096 0.7096 0.3177 0.7096 0.3177
309 177 090 280 0.3177 0.3177 0.7096 0.3177 0.3177 0.7096 0.7096 0.7096 0.3177 0.3177 0.7096 0.7096 0.3177 0.7096 0.7096 0.7096
177 090 280 083 0.7096 0.3177 0.7096 0.7096 0.7096 0.3177 0.3177 0.3177 0.7096 0.3177 0.3177 0.3177 0.3177 0.7096 0.3177 0.3177
090 280 083 227 0.7096 0.3177 0.7096 0.3177 0.7096 0.7096 0.7096 0.7096 0.3177 0.7096 0.3177 0.7096 0.7096 0.7096 0.7096 0.3177
280 083 227 336 0.7096 0.7096 0.7096 0.7096 0.7096 0.3177 0.3177 0.3177 0.7096 0.3177 0.3177 0.3177 0.3177 0.7096 0.7096 0.7096
083 227 336 104 0.7096 0.3177 0.7096 0.3177 0.7096 0.7096 0.7096 0.3177 0.3177 0.7096 0.7096 0.7096 0.7096 0.3177 0.3177 0.3177
227 336 104 127 0.7096 0.7096 0.3177 0.7096 0.7096 0.3177 0.3177 0.7096 0.7096 0.7096 0.7096 0.7096 0.7096 0.7096 0.7096 0.3177
336 104 127 076 0.7096 0.7096 0.7096 0.3177 0.7096 0.3177 0.3177 0.7096 0.3177 0.7096 0.3177 0.7096 0.3177 0.7096 0.3177 0.7096
104 127 076 005 0.3177 0.3177 0.3177 0.3177 0.7096 0.7096 0.7096 0.3177 0.7096 0.3177 0.3177 0.7096 0.7096 0.3177 0.3177 0.7096
127 076 005 213 0.3177 0.7096 0.3177 0.3177 0.7096 0.7096 0.7096 0.3177 0.7096 0.3177 0.7096 0.3177 0.3177 0.3177 0.7096 0.7096
076 005 213 066 0.3177 0.3177 0.7096 0.3177 0.7096 0.7096 0.7096 0.7096 0.7096 0.3177 0.7096 0.3177 0.7096 0.7096 0.3177 0.7096
005 213 066 278 0.3177 0.3177 0.3177 0.3177 0.7096 0.3177 0.3177 0.7096 0.7096 0.7096 0.7096 0.7096 0.3177 0.7096 0.3177 0.3177
213 066 278 100 0.7096 0.7096 0.3177 0.3177 0.3177 0.3177 0.7096 0.7096 0.7096 0.7096 0.3177 0.7096 0.7096 0.3177 0.3177 0.3177
066 278 100 094 0.7096 0.7096 0.3177 0.7096 0.3177 0.7096 0.7096 0.3177 0.3177 0.3177 0.7096 0.7096 0.3177 0.7096 0.3177 0.3177
278 100 094 222 0.3177 0.3177 0.3177 0.7096 0.7096 0.7096 0.3177 0.7096 0.7096 0.7096 0.3177 0.7096 0.3177 0.7096 0.7096 0.7096
100 094 222 243 0.7096 0.3177 0.7096 0.7096 0.3177 0.3177 0.7096 0.7096 0.7096 0.7096 0.3177 0.3177 0.7096 0.7096 0.7096 0.7096
094 222 243 339 0.7096 0.3177 0.3177 0.7096 0.3177 0.3177 0.7096 0.3177 0.7096 0.3177 0.3177 0.7096 0.7096 0.7096 0.7096 0.7096
222 243 339 239 0.7096 0.7096 0.7096 0.7096 0.3177 0.3177 0.3177 0.7096 0.3177 0.3177 0.3177 0.3177 0.3177 0.7096 0.3177 0.3177
243 339 239 238 0.7096 0.7096 0.3177 0.7096 0.7096 0.7096 0.7096 0.7096 0.7096 0.3177 0.7096 0.7096 0.7096 0.7096 0.7096 0.7096
339 239 238 350 0.7096 0.3177 0.7096 0.7096 0.3177 0.7096 0.3177 0.3177 0.3177 0.3177 0.7096 0.3177 0.3177 0.3177 0.7096 0.7096
239 238 350 305 0.3177 0.3177 0.7096 0.3177 0.3177 0.7096 0.7096 0.7096 0.7096 0.3177 0.7096 0.3177 0.7096 0.7096 0.3177 0.3177
238 350 305 081 0.3177 0.7096 0.3177 0.7096 0.7096 0.3177 0.3177 0.3177 0.3177 0.7096 0.7096 0.7096 0.3177 0.7096 0.7096 0.7096
350 305 081 226 0.3177 0.3177 0.3177 0.7096 0.3177 0.7096 0.7096 0.3177 0.3177 0.3177 0.3177 0.3177 0.3177 0.3177 0.7096 0.7096
305 081 226 240 0.3177 0.3177 0.7096 0.7096 0.7096 0.3177 0.3177 0.3177 0.3177 0.3177 0.3177 0.7096 0.7096 0.7096 0.3177 0.3177
081 226 240 276 0.7096 0.7096 0.3177 0.3177 0.7096 0.3177 0.7096 0.3177 0.7096 0.3177 0.3177 0.3177 0.7096 0.7096 0.3177 0.7096
226 240 276 331 0.7096 0.3177 0.3177 0.3177 0.7096 0.3177 0.7096 0.7096 0.3177 0.7096 0.3177 0.7096 0.7096 0.7096 0.3177 0.3177
240 276 331 092 0.3177 0.3177 0.7096 0.7096 0.7096 0.7096 0.7096 0.3177 0.3177 0.3177 0.7096 0.3177 0.7096 0.3177 0.7096 0.3177
276 331 092 326 0.7096 0.7096 0.7096 0.3177 0.3177 0.7096 0.7096 0.3177 0.7096 0.3177 0.3177 0.7096 0.7096 0.7096 0.3177 0.7096
331 092 326 110 0.3177 0.7096 0.7096 0.7096 0.7096 0.7096 0.7096 0.3177 0.7096 0.3177 0.3177 0.7096 0.3177 0.3177 0.3177 0.3177
092 326 110 165 0.7096 0.3177 0.3177 0.7096 0.7096 0.3177 0.7096 0.3177 0.3177 0.7096 0.3177 0.3177 0.3177 0.7096 0.7096 0.7096
326 110 165 108 0.3177 0.3177 0.7096 0.3177 0.3177 0.3177 0.7096 0.3177 0.7096 0.7096 0.7096 0.3177 0.3177 0.7096 0.7096 0.7096
110 165 108 251 0.7096 0.7096 0.3177 0.3177 0.3177 0.7096 0.7096 0.7096 0.7096 0.7096 0.3177 0.7096 0.3177 0.7096 0.3177 0.7096
165 108 251 221 0.7096 0.3177 0.7096 0.7096 0.3177 0.3177 0.7096 0.3177 0.7096 0.3177 0.3177 0.7096 0.7096 0.3177 0.7096 0.7096
108 251 221 148 0.3177 0.7096 0.7096 0.3177 0.3177 0.3177 0.3177 0.3177 0.3177 0.7096 0.3177 0.3177 0.3177 0.7096 0.3177 0.3177
251 221 148 021 0.7096 0.7096 0.3177 0.3177 0.3177 0.3177 0.3177 0.7096 0.7096 0.3177 0.3177 0.7096 0.7096 0.7096 0.7096 0.7096
221 148 021 294 0.7096 0.3177 0.3177 0.3177 0.7096 0.3177 0.7096 0.7096 0.7096 0.3177 0.7096 0.7096 0.3177 0.7096 0.7096 0.7096
148 021 294 345 0.3177 0.7096 0.7096 0.7096 0.7096 0.3177 0.3177 0.3177 0.7096 0.7096 0.7096 0.3177 0.7096 0.7096 0.3177 0.3177
021 294 345 159 0.3177 0.7096 0.7096 0.7096 0.3177 0.3177 0.3177 0.7096 0.7096 0.3177 0.7096 0.3177 0.7096 0.3177 0.3177 0.7096
294 345 159 058 0.7096 0.3177 0.7096 0.7096 0.3177 0.3177 0.3177 0.7096 0.7096 0.3177 0.7096 0.3177 0.7096 0.7096 0.7096 0.3177
345 159 058 156 0.7096 0.7096 0.7096 0.3177 0.7096 0.7096 0.3177 0.3177 0.7096 0.3177 0.3177 0.3177 0.3177 0.7096 0.7096 0.3177
159 058 156 075 0.3177 0.7096 0.7096 0.3177 0.7096 0.3177 0.7096 0.7096 0.7096 0.7096 0.3177 0.3177 0.3177 0.3177 0.7096 0.3177
058 156 075 199 0.3177 0.7096 0.3177 0.3177 0.7096 0.7096 0.3177 0.7096 0.3177 0.3177 0.7096 0.7096 0.3177 0.7096 0.3177 0.3177
156 075 199 176 0.7096 0.3177 0.7096 0.3177 0.3177 0.7096 0.7096 0.7096 0.7096 0.3177 0.7096 0.7096 0.3177 0.3177 0.3177 0.3177
075 199 176 099 0.3177 0.3177 0.7096 0.7096 0.7096 0.3177 0.7096 0.3177 0.7096 0.7096 0.3177 0.3177 0.7096 0.3177 0.7096 0.7096
199 176 099 237 0.3177 0.3177 0.7096 0.3177 0.7096 0.7096 0.3177 0.3177 0.7096 0.7096 0.3177 0.3177 0.3177 0.3177 0.3177 0.3177
176 099 237 003 0.7096 0.3177 0.3177 0.7096 0.3177 0.3177 0.3177 0.3177 0.7096 0.3177 0.3177 0.7096 0.3177 0.7096 0.7096 0.7096
099 237 003 121 0.7096 0.7096 0.3177 0.3177 0.7096 0.7096 0.7096 0.7096 0.3177 0.3177 0.7096 0.7096 0.3177 0.3177 0.7096 0.3177
237 003 121 281 0.3177 0.7096 0.3177 0.3177 0.7096 0.3177 0.3177 0.3177 0.3177 0.7096 0.3177 0.7096 0.7096 0.3177 0.3177 0.7096
003 121 281 288 0.3177 0.3177 0.3177 0.7096 0.7096 0.7096 0.3177 0.3177 0.3177 0.7096 0.7096 0.3177 0.3177 0.3177 0.3177 0.7096
121 281 288 306 0.3177 0.7096 0.7096 0.3177 0.7096 0.7096 0.3177 0.7096 0.7096 0.3177 0.7096 0.7096 0.7096 0.7096 0.3177 0.3177
281 288 306 142 0.7096 0.3177 0.7096 0.3177 0.3177 0.3177 0.3177 0.3177 0.3177 0.7096 0.7096 0.3177 0.7096 0.3177 0.7096 0.3177
288 306 142 263 0.3177 0.7096 0.3177 0.7096 0.7096 0.7096 0.3177 0.3177 0.3177 0.7096 0.3177 0.7096 0.7096 0.7096 0.3177 0.3177
306 142 263 160 0.7096 0.3177 0.3177 0.3177 0.7096 0.7096 0.7096 0.3177 0.3177 0.3177 0.7096 0.3177 0.3177 0.3177 0.3177 0.3177
142 263 160 020 0.7096 0.7096 0.3177 0.3177 0.7096 0.3177 0.3177 0.7096 0.7096 0.3177 0.7096 0.3177 0.7096 0.7096 0.7096 0.7096
263 160 020 248 0.3177 0.7096 0.7096 0.3177 0.3177 0.3177 0.3177 0.7096 0.3177 0.3177 0.3177 0.7096 0.7096 0.3177 0.3177 0.3177
160 020 248 285 0.3177 0.7096 0.7096 0.3177 0.3177 0.3177 0.3177 0.7096 0.7096 0.3177 0.7096 0.3177 0.3177 0.7096 0.3177 0.7096
020 248 285 042 0.3177 0.3177 0.3177 0.3177 0.3177 0.3177 0.3177 0.3177 0.7096 0.3177 0.3177 0.3177 0.3177 0.7096 0.3177 0.3177
248 285 042 069 0.3177 0.7096 0.3177 0.3177 0.3177 0.3177 0.3177 0.3177 0.3177 0.7096 0.7096 0.3177 0.3177 0.3177 0.3177 0.7096
285 042 069 088 0.3177 0.3177 0.7096 0.7096 0.3177 0.3177 0.3177 0.3177 0.7096 0.7096 0.7096 0.7096 0.7096 0.3177 0.7096 0.7096
042 069 088 338 0.3177 0.3177 0.3177 0.7096 0.7096 0.7096 0.3177 0.7096 0.7096 0.3177 0.7096 0.7096 0.7096 0.3177 0.3177 0.3177
069 088 338 124 0.7096 0.3177 0.7096 0.3177 0.7096 0.7096 0.7096 0.7096 0.7096 0.3177 0.7096 0.3177 0.3177 0.7096 0.3177 0.7096
088 338 124 008 0.7096 0.7096 0.7096 0.3177 0.7096 0.3177 0.7096 0.3177 0.7096 0.7096 0.7096 0.7096 0.3177 0.7096 0.3177 0.3177
338 124 008 037 0.7096 0.3177 0.7096 0.3177 0.3177 0.3177 0.3177 0.7096 0.3177 0.3177 0.3177 0.7096 0.3177 0.7096 0.3177 0.3177
124 008 037 171 0.7096 0.3177 0.7096 0.7096 0.3177 0.3177 0.7096 0.7096 0.3177 0.3177 0.7096 0.3177 0.3177 0.7096 0.7096 0.3177
008 037 171 319 0.7096 0.3177 0.7096 0.3177 0.3177 0.7096 0.3177 0.7096 0.3177 0.3177 0.3177 0.7096 0.3177 0.7096 0.7096 0.3177
037 171 319 352 0.7096 0.3177 0.3177 0.7096 0.7096 0.3177 0.3177 0.3177 0.7096 0.7096 0.3177 0.7096 0.3177 0.7096 0.7096 0.7096
171 319 352 030 0.3177 0.7096 0.3177 0.7096 0.3177 0.3177 0.7096 0.7096 0.3177 0.7096 0.7096 0.7096 0.3177 0.3177 0.7096 0.7096
319 352 030 286 0.7096 0.3177 0.3177 0.3177 0.7096 0.3177 0.3177 0.7096 0.7096 0.7096 0.7096 0.3177 0.3177 0.3177 0.7096 0.7096
352 030 286 046 0.3177 0.3177 0.7096 0.7096 0.3177 0.3177 0.7096 0.7096 0.3177 0.3177 0.3177 0.3177 0.3177 0.7096 0.3177 0.3177
030 286 046 320 0.7096 0.7096 0.3177 0.3177 0.3177 0.7096 0.3177 0.3177 0.7096 0.7096 0.7096 0.3177 0.7096 0.7096 0.7096 0.3177
286 046 320 095 0.7096 0.7096 0.3177 0.7096 0.3177 0.3177 0.7096 0.3177 0.3177 0.3177 0.3177 0.7096 0.3177 0.7096 0.7096 0.3177
046 320 095 012 0.3177 0.7096 0.7096 0.7096 0.7096 0.7096 0.3177 0.7096 0.3177 0.7096 0.3177 0.3177 0.7096 0.3177 0.3177 0.7096
320 095 012 123 0.3177 0.7096 0.7096 0.3177 0.3177 0.3177 0.7096 0.3177 0.7096 0.3177 0.7096 0.3177 0.7096 0.3177 0.7096 0.3177
095 012 123 347 0.3177 0.7096 0.3177 0.3177 0.3177 0.7096 0.3177 0.3177 0.7096 0.7096 0.3177 0.3177 0.7096 0.3177 0.3177 0.3177
012 123 347 064 0.3177 0.7096 0.7096 0.7096 0.7096 0.7096 0.7096 0.3177 0.3177 0.3177 0.3177 0.3177 0.7096 0.7096 0.7096 0.3177
123 347 064 258 0.3177 0.3177 0.7096 0.7096 0.7096 0.7096 0.7096 0.7096 0.3177 0.3177 0.3177 0.3177 0.3177 0.3177 0.3177 0.7096
347 064 258 109 0.7096 0.7096 0.3177 0.3177 0.3177 0.3177 0.3177 0.7096 0.7096 0.7096 0.7096 0.7096 0.7096 0.3177 0.3177 0.3177
064 258 109 348 0.7096 0.3177 0.7096 0.7096 0.3177 0.3177 0.7096 0.7096 0.3177 0.7096 0.7096 0.7096 0.7096 0.7096 0.3177 0.7096
258 109 348 179 0.7096 0.3177 0.3177 0.7096 0.3177 0.7096 0.7096 0.7096 0.3177 0.7096 0.3177 0.3177 0.3177 0.7096 0.3177 0.7096
109 348 179 146 0.3177 0.3177 0.7096 0.7096 0.7096 0.3177 0.7096 0.7096 0.7096 0.3177 0.7096 0.7096 0.3177 0.3177 0.7096 0.3177
348 179 146 215 0.3177 0.3177 0.3177 0.7096 0.7096 0.7096 0.7096 0.7096 0.3177 0.7096 0.3177 0.3177 0.7096 0.3177 0.3177 0.7096
179 146 215 155 0.7096 0.3177 0.3177 0.3177 0.3177 0.3177 0.3177 0.7096 0.3177 0.3177 0.7096 0.7096 0.7096 0.7096 0.7096 0.7096
146 215 155 174 0.3177 0.3177 0.7096 0.3177 0.7096 0.7096 0.7096 0.3177 0.7096 0.7096 0.7096 0.7096 0.3177 0.3177 0.7096 0.3177
215 155 174 096 0.3177 0.3177 0.7096 0.3177 0.3177 0.7096 0.3177 0.3177 0.7096 0.3177 0.3177 0.7096 0.3177 0.3177 0.7096 0.3177
155 174 096 196 0.7096 0.3177 0.7096 0.3177 0.3177 0.3177 0.3177 0.3177 0.7096 0.7096 0.3177 0.7096 0.3177 0.7096 0.7096 0.3177
174 096 196 150 0.3177 0.3177 0.3177 0.7096 0.3177 0.3177 0.3177 0.3177 0.3177 0.3177 0.7096 0.3177 0.7096 0.3177 0.3177 0.7096
096 196 150 054 0.7096 0.3177 0.3177 0.7096 0.3177 0.3177 0.7096 0.7096 0.7096 0.3177 0.3177 0.3177 0.3177 0.3177 0.7096 0.3177
196 150 054 057 0.3177 0.7096 0.3177 0.3177 0.7096 0.7096 0.7096 0.7096 0.7096 0.7096 0.7096 0.3177 0.7096 0.3177 0.7096 0.3177
150 054 057 080 0.3177 0.7096 0.7096 0.3177 0.3177 0.7096 0.3177 0.7096 0.7096 0.3177 0.7096 0.3177 0.3177 0.3177 0.7096 0.3177
054 057 080 206 0.3177 0.3177 0.3177 0.3177 0.3177 0.3177 0.3177 0.7096 0.3177 0.3177 0.7096 0.7096 0.7096 0.3177 0.7096 0.3177
057 080 206 256 0.3177 0.3177 0.3177 0.3177 0.7096 0.7096 0.3177 0.7096 0.7096 0.7096 0.7096 0.3177 0.3177 0.3177 0.7096 0.7096
080 206 256 246 0.3177 0.3177 0.3177 0.3177 0.7096 0.3177 0.3177 0.3177 0.3177 0.7096 0.3177 0.3177 0.7096 0.3177 0.3177 0.7096
206 256 246 201 0.3177 0.7096 0.3177 0.7096 0.7096 0.7096 0.3177 0.3177 0.3177 0.7096 0.7096 0.7096 0.3177 0.3177 0.3177 0.7096
256 246 201 247 0.3177 0.3177 0.3177 0.7096 0.3177 0.7096 0.3177 0.7096 0.3177 0.3177 0.3177 0.7096 0.7096 0.7096 0.7096 0.7096
246 201 247 117 0.7096 0.3177 0.3177 0.3177 0.3177 0.7096 0.7096 0.3177 0.3177 0.7096 0.7096 0.7096 0.3177 0.3177 0.7096 0.3177
201 247 117 172 0.7096 0.7096 0.3177 0.3177 0.3177 0.7096 0.3177 0.3177 0.3177 0.7096 0.7096 0.3177 0.7096 0.7096 0.7096 0.3177
247 117 172 131 0.7096 0.3177 0.7096 0.3177 0.7096 0.7096 0.7096 0.7096 0.3177 0.3177 0.7096 0.7096 0.7096 0.7096 0.3177 0.3177
117 172 131 321 0.7096 0.3177 0.3177 0.7096 0.3177 0.3177 0.7096 0.7096 0.7096 0.3177 0.7096 0.7096 0.3177 0.3177 0.3177 0.7096
172 131 321 236 0.7096 0.3177 0.7096 0.7096 0.7096 0.3177 0.3177 0.3177 0.7096 0.3177 0.3177 0.7096 0.3177 0.7096 0.3177 0.3177
131 321 236 244 0.7096 0.3177 0.7096 0.3177 0.3177 0.3177 0.3177 0.7096 0.7096 0.3177 0.7096 0.3177 0.3177 0.7096 0.7096 0.3177
321 236 244 257 0.3177 0.3177 0.7096 0.7096 0.3177 0.3177 0.3177 0.3177 0.3177 0.3177 0.3177 0.7096 0.3177 0.3177 0.7096 0.3177
236 244 257 022 0.3177 0.3177 0.7096 0.7096 0.7096 0.7096 0.7096 0.3177 0.3177 0.3177 0.7096 0.3177 0.3177 0.3177 0.3177 0.7096
244 257 022 147 0.7096 0.3177 0.7096 0.3177 0.3177 0.3177 0.7096 0.7096 0.3177 0.3177 0.7096 0.7096 0.3177 0.3177 0.3177 0.3177
257 022 147 296 0.3177 0.3177 0.3177 0.3177 0.3177 0.7096 0.3177 0.3177 0.3177 0.3177 0.7096 0.7096 0.3177 0.7096 0.3177 0.7096
022 147 296 217 0.7096 0.7096 0.7096 0.7096 0.3177 0.7096 0.7096 0.7096 0.3177 0.7096 0.7096 0.3177 0.7096 0.7096 0.7096 0.3177
147 296 217 317 0.3177 0.3177 0.3177 0.7096 0.3177 0.7096 0.7096 0.3177 0.3177 0.3177 0.7096 0.3177 0.7096 0.7096 0.7096 0.7096
296 217 317 029 0.7096 0.3177 0.3177 0.7096 0.3177 0.7096 0.7096 0.7096 0.7096 0.3177 0.3177 0.3177 0.7096 0.3177 0.7096 0.3177
217 317 029 203 0.3177 0.3177 0.7096 0.7096 0.7096 0.3177 0.3177 0.7096 0.7096 0.7096 0.7096 0.3177 0.3177 0.7096 0.3177 0.7096
317 029 203 269 0.3177 0.7096 0.3177 0.3177 0.3177 0.3177 0.7096 0.3177 0.3177 0.7096 0.7096 0.3177 0.3177 0.7096 0.3177 0.7096
029 203 269 308 0.3177 0.3177 0.3177 0.3177 0.7096 0.3177 0.7096 0.3177 0.3177 0.3177 0.7096 0.3177 0.3177 0.7096 0.7096 0.3177
203 269 308 163 0.3177 0.3177 0.3177 0.7096 0.3177 0.7096 0.7096 0.7096 0.3177 0.7096 0.7096 0.7096 0.3177 0.3177 0.7096 0.3177
269 308 163 136 0.7096 0.3177 0.7096 0.3177 0.7096 0.7096 0.7096 0.3177 0.7096 0.7096 0.7096 0.7096 0.3177 0.3177 0.7096 0.3177
308 163 136 178 0.3177 0.7096 0.7096 0.3177 0.7096 0.7096 0.7096 0.7096 0.7096 0.3177 0.3177 0.3177 0.7096 0.7096 0.3177 0.3177
163 136 178 017 0.3177 0.3177 0.7096 0.3177 0.3177 0.3177 0.3177 0.7096 0.7096 0.7096 0.7096 0.7096 0.7096 0.7096 0.3177 0.7096
136 178 017 242 0.7096 0.3177 0.7096 0.3177 0.7096 0.7096 0.7096 0.3177 0.7096 0.7096 0.7096 0.3177 0.3177 0.7096 0.3177 0.7096
178 017 242 235 0.3177 0.3177 0.3177 0.3177 0.7096 0.3177 0.7096 0.3177 0.3177 0.3177 0.7096 0.3177 0.7096 0.3177 0.3177 0.3177
017 242 235 077 0.7096 0.3177 0.3177 0.7096 0.7096 0.7096 0.7096 0.7096 0.3177 0.7096 0.7096 0.3177 0.3177 0.7096 0.7096 0.3177
242 235 077 120 0.3177 0.3177 0.3177 0.7096 0.7096 0.3177 0.7096 0.7096 0.7096 0.3177 0.3177 0.7096 0.3177 0.3177 0.7096 0.7096
235 077 120 106 0.3177 0.3177 0.3177 0.7096 0.7096 0.3177 0.7096 0.7096 0.7096 0.3177 0.7096 0.7096 0.3177 0.7096 0.7096 0.3177
077 120 106 154 0.7096 0.7096 0.3177 0.3177 0.7096 0.7096 0.7096 0.3177 0.3177 0.7096 0.3177 0.3177 0.7096 0.7096 0.7096 0.7096
120 106 154 219 0.7096 0.7096 0.3177 0.7096 0.3177 0.3177 0.7096 0.7096 0.3177 0.7096 0.3177 0.3177 0.3177 0.3177 0.7096 0.3177
106 154 219 186 0.3177 0.3177 0.7096 0.7096 0.3177 0.3177 0.3177 0.3177 0.7096 0.3177 0.3177 0.7096 0.7096 0.7096 0.3177 0.3177
154 219 186 297 0.3177 0.3177 0.7096 0.7096 0.3177 0.7096 0.3177 0.3177 0.3177 0.3177 0.3177 0.3177 0.7096 0.7096 0.7096 0.3177
219 186 297 234 0.3177 0.7096 0.7096 0.7096 0.7096 0.7096 0.7096 0.7096 0.7096 0.3177 0.3177 0.7096 0.7096 0.3177 0.7096 0.3177
186 297 234 311 0.7096 0.3177 0.3177 0.7096 0.7096 0.7096 0.3177 0.3177 0.3177 0.3177 0.7096 0.7096 0.7096 0.3177 0.7096 0.3177
297 234 311 268 0.7096 0.7096 0.7096 0.3177 0.7096 0.7096 0.7096 0.3177 0.3177 0.3177 0.7096 0.7096 0.7096 0.3177 0.7096 0.3177
234 311 268 273 0.7096 0.3177 0.7096 0.7096 0.3177 0.3177 0.3177 0.3177 0.7096 0.7096 0.7096 0.7096 0.3177 0.3177 0.3177 0.7096
311 268 273 164 0.3177 0.3177 0.7096 0.7096 0.7096 0.7096 0.3177 0.7096 0.3177 0.7096 0.7096 0.7096 0.3177 0.3177 0.3177 0.7096
268 273 164 059 0.7096 0.7096 0.3177 0.7096 0.3177 0.7096 0.7096 0.7096 0.3177 0.7096 0.3177 0.7096 0.7096 0.3177 0.7096 0.7096
273 164 059 087 0.7096 0.3177 0.7096 0.7096 0.7096 0.7096 0.7096 0.3177 0.3177 0.3177 0.3177 0.3177 0.7096 0.7096 0.7096 0.3177
164 059 087 144 0.7096 0.3177 0.3177 0.7096 0.7096 0.7096 0.3177 0.3177 0.7096 0.3177 0.7096 0.3177 0.3177 0.3177 0.3177 0.3177
059 087 144 025 0.3177 0.3177 0.7096 0.3177 0.7096 0.3177 0.7096 0.7096 0.7096 0.7096 0.3177 0.7096 0.3177 0.7096 0.3177 0.3177
087 144 025 130 0.3177 0.3177 0.7096 0.3177 0.7096 0.3177 0.7096 0.7096 0.3177 0.7096 0.3177 0.3177 0.7096 0.7096 0.7096 0.7096
144 025 130 013 0.3177 0.3177 0.3177 0.3177 0.7096 0.3177 0.3177 0.7096 0.7096 0.3177 0.3177 0.7096 0.3177 0.7096 0.7096 0.3177
025 130 013 287 0.7096 0.7096 0.7096 0.3177 0.3177 0.3177 0.7096 0.7096 0.7096 0.3177 0.3177 0.3177 0.7096 0.3177 0.7096 0.7096
130 013 287 259 0.7096 0.3177 0.7096 0.7096 0.7096 0.7096 0.3177 0.3177 0.7096 0.7096 0.3177 0.7096 0.3177 0.7096 0.3177 0.7096
013 287 259 084 0.7096 0.7096 0.3177 0.7096 0.7096 0.7096 0.7096 0.3177 0.7096 0.3177 0.7096 0.7096 0.3177 0.7096 0.3177 0.7096
287 259 084 190 0.7096 0.3177 0.7096 0.7096 0.7096 0.3177 0.7096 0.7096 0.3177 0.7096 0.7096 0.7096 0.3177 0.3177 0.3177 0.3177
259 084 190 241 0.7096 0.7096 0.7096 0.7096 0.7096 0.3177 0.7096 0.3177 0.7096 0.3177 0.3177 0.7096 0.3177 0.3177 0.7096 0.3177
084 190 241 214 0.7096 0.3177 0.3177 0.7096 0.7096 0.3177 0.7096 0.3177 0.3177 0.7096 0.7096 0.7096 0.3177 0.7096 0.3177 0.7096
190 241 214 191 0.3177 0.7096 0.7096 0.7096 0.3177 0.3177 0.7096 0.3177 0.7096 0.7096 0.3177 0.3177 0.7096 0.7096 0.3177 0.7096
241 214 191 035 0.3177 0.7096 0.7096 0.7096 0.3177 0.7096 0.7096 0.3177 0.7096 0.3177 0.3177 0.7096 0.7096 0.7096 0.3177 0.3177
214 191 035 056 0.7096 0.3177 0.7096 0.7096 0.7096 0.7096 0.7096 0.3177 0.3177 0.3177 0.7096 0.7096 0.7096 0.7096 0.3177 0.3177
191 035 056 344 0.7096 0.7096 0.3177 0.7096 0.7096 0.3177 0.7096 0.3177 0.3177 0.7096 0.3177 0.7096 0.7096 0.3177 0.7096 0.3177
035 056 344 004 0.3177 0.7096 0.7096 0.7096 0.3177 0.7096 0.3177 0.3177 0.7096 0.3177 0.3177 0.7096 0.3177 0.7096 0.3177 0.7096
056 344 004 068 0.3177 0.7096 0.3177 0.7096 0.7096 0.3177 0.7096 0.7096 0.3177 0.7096 0.7096 0.7096 0.7096 0.7096 0.7096 0.7096
344 004 068 299 0.7096 0.7096 0.7096 0.3177 0.7096 0.3177 0.7096 0.7096 0.7096 0.3177 0.7096 0.3177 0.3177 0.7096 0.7096 0.7096
004 068 299 060 0.3177 0.7096 0.3177 0.7096 0.3177 0.7096 0.7096 0.3177 0.3177 0.3177 0.3177 0.3177 0.7096 0.3177 0.7096 0.7096
068 299 060 180 0.7096 0.3177 0.3177 0.7096 0.7096 0.3177 0.3177 0.7096 0.7096 0.3177 0.7096 0.7096 0.3177 0.7096 0.3177 0.7096
299 060 180 265 0.3177 0.3177 0.3177 0.7096 0.3177 0.7096 0.7096 0.7096 0.7096 0.7096 0.3177 0.3177 0.3177 0.7096 0.3177 0.7096
060 180 265 079 0.3177 0.3177 0.3177 0.7096 0.7096 0.3177 0.7096 0.7096 0.7096 0.3177 0.7096 0.3177 0.7096 0.7096 0.3177 0.3177
180 265 079 229 0.3177 0.3177 0.7096 0.3177 0.3177 0.7096 0.7096 0.3177 0.3177 0.3177 0.3177 0.7096 0.3177 0.3177 0.3177 0.3177
265 079 229 271 0.7096 0.3177 0.7096 0.7096 0.3177 0.7096 0.7096 0.7096 0.3177 0.7096 0.3177 0.7096 0.7096 0.3177 0.3177 0.3177
079 229 271 272 0.3177 0.7096 0.3177 0.7096 0.3177 0.3177 0.7096 0.3177 0.3177 0.7096 0.7096 0.7096 0.7096 0.7096 0.3177 0.7096
229 271 272 006 0.7096 0.3177 0.3177 0.7096 0.3177 0.7096 0.3177 0.3177 0.3177 0.3177 0.3177 0.3177 0.3177 0.3177 0.3177 0.7096
271 272 006 137 0.7096 0.3177 0.3177 0.3177 0.7096 0.7096 0.7096 0.7096 0.7096 0.7096 0.7096 0.3177 0.3177 0.3177 0.3177 0.3177
272 006 137 283 0.3177 0.7096 0.3177 0.7096 0.3177 0.3177 0.7096 0.3177 0.7096 0.3177 0.3177 0.7096 0.7096 0.3177 0.3177 0.7096
006 137 283 038 0.3177 0.7096 0.7096 0.7096 0.7096 0.7096 0.7096 0.3177 0.3177 0.3177 0.7096 0.3177 0.7096 0.3177 0.7096 0.3177
137 283 038 209 0.7096 0.7096 0.3177 0.3177 0.3177 0.7096 0.7096 0.7096 0.3177 0.3177 0.7096 0.7096 0.7096 0.3177 0.3177 0.7096
283 038 209 351 0.7096 0.7096 0.7096 0.7096 0.7096 0.7096 0.7096 0.3177 0.3177 0.7096 0.7096 0.3177 0.3177 0.7096 0.7096 0.7096
038 209 351 230 0.7096 0.3177 0.7096 0.3177 0.3177 0.3177 0.7096 0.7096 0.3177 0.3177 0.3177 0.3177 0.3177 0.3177 0.7096 0.7096
209 351 230 185 0.7096 0.7096 0.3177 0.7096 0.7096 0.3177 0.3177 0.7096 0.7096 0.3177 0.7096 0.7096 0.7096 0.3177 0.7096 0.7096
351 230 185 086 0.7096 0.3177 0.3177 0.3177 0.7096 0.7096 0.3177 0.3177 0.3177 0.3177 0.7096 0.7096 0.3177 0.3177 0.7096 0.3177
230 185 086 195 0.7096 0.7096 0.7096 0.7096 0.3177 0.7096 0.7096 0.7096 0.7096 0.3177 0.3177 0.7096 0.7096 0.7096 0.7096 0.3177
185 086 195 289 0.7096 0.3177 0.3177 0.3177 0.7096 0.7096 0.3177 0.7096 0.3177 0.7096 0.3177 0.3177 0.7096 0.7096 0.3177 0.3177
086 195 289 135 0.7096 0.3177 0.7096 0.7096 0.7096 0.3177 0.7096 0.7096 0.3177 0.7096 0.7096 0.3177 0.3177 0.7096 0.7096 0.3177
195 289 135 053 0.3177 0.7096 0.7096 0.3177 0.3177 0.3177 0.7096 0.7096 0.3177 0.7096 0.7096 0.3177 0.7096 0.3177 0.7096 0.7096
289 135 053 275 0.7096 0.7096 0.7096 0.3177 0.3177 0.7096 0.3177 0.3177 0.7096 0.7096 0.3177 0.7096 0.3177 0.3177 0.7096 0.3177
135 053 275 293 0.3177 0.7096 0.3177 0.7096 0.7096 0.7096 0.7096 0.3177 0.3177 0.3177 0.7096 0.3177 0.7096 0.3177 0.7096 0.3177
053 275 293 232 0.7096 0.3177 0.7096 0.3177 0.7096 0.7096 0.7096 0.7096 0.7096 0.3177 0.7096 0.3177 0.3177 0.3177 0.3177 0.7096
275 293 232 314 0.7096 0.7096 0.3177 0.3177 0.7096 0.7096 0.3177 0.7096 0.3177 0.3177 0.3177 0.7096 0.7096 0.7096 0.7096 0.7096
293 232 314 134 0.3177 0.3177 0.3177 0.7096 0.7096 0.3177 0.7096 0.3177 0.3177 0.3177 0.7096 0.7096 0.7096 0.7096 0.3177 0.7096
232 314 134 328 0.3177 0.7096 0.7096 0.3177 0.7096 0.7096 0.3177 0.7096 0.7096 0.3177 0.7096 0.7096 0.3177 0.7096 0.3177 0.7096
314 134 328 300 0.3177 0.7096 0.7096 0.7096 0.7096 0.3177 0.7096 0.7096 0.7096 0.7096 0.3177 0.7096 0.3177 0.7096 0.7096 0.7096
134 328 300 072 0.3177 0.7096 0.7096 0.7096 0.7096 0.7096 0.3177 0.7096 0.3177 0.7096 0.3177 0.7096 0.3177 0.7096 0.7096 0.3177
328 300 072 175 0.7096 0.3177 0.7096 0.3177 0.7096 0.3177 0.3177 0.3177 0.7096 0.7096 0.3177 0.7096 0.3177 0.7096 0.3177 0.7096
300 072 175 067 0.3177 0.3177 0.3177 0.7096 0.7096 0.3177 0.3177 0.7096 0.3177 0.7096 0.3177 0.3177 0.7096 0.7096 0.3177 0.3177
072 175 067 211 0.7096 0.7096 0.3177 0.7096 0.3177 0.7096 0.7096 0.3177 0.3177 0.7096 0.7096 0.3177 0.3177 0.3177 0.3177 0.7096
175 067 211 103 0.7096 0.3177 0.7096 0.7096 0.7096 0.7096 0.7096 0.3177 0.7096 0.7096 0.3177 0.3177 0.3177 0.3177 0.3177 0.3177
067 211 103 254 0.3177 0.7096 0.7096 0.7096 0.3177 0.3177 0.7096 0.7096 0.3177 0.7096 0.7096 0.3177 0.3177 0.3177 0.7096 0.3177
211 103 254 342 0.3177 0.7096 0.3177 0.7096 0.7096 0.3177 0.3177 0.3177 0.7096 0.3177 0.7096 0.7096 0.3177 0.7096 0.7096 0.7096
103 254 342 267 0.7096 0.3177 0.3177 0.7096 0.3177 0.3177 0.3177 0.3177 0.7096 0.7096 0.3177 0.7096 0.7096 0.7096 0.3177 0.7096
254 342 267 208 0.7096 0.7096 0.7096 0.7096 0.3177 0.7096 0.3177 0.7096 0.3177 0.3177 0.7096 0.7096 0.7096 0.3177 0.3177 0.3177
342 267 208 093 0.7096 0.7096 0.3177 0.3177 0.7096 0.3177 0.3177 0.7096 0.3177 0.7096 0.7096 0.3177 0.3177 0.3177 0.3177 0.3177
267 208 093 205 0.7096 0.7096 0.7096 0.3177 0.7096 0.3177 0.7096 0.7096 0.7096 0.7096 0.3177 0.7096 0.3177 0.3177 0.7096 0.7096
208 093 205 024 0.7096 0.7096 0.3177 0.7096 0.7096 0.7096 0.7096 0.3177 0.7096 0.3177 0.7096 0.3177 0.7096 0.3177 0.7096 0.7096
093 205 024 212 0.7096 0.3177 0.3177 0.3177 0.3177 0.7096 0.3177 0.7096 0.7096 0.3177 0.7096 0.7096 0.7096 0.7096 0.3177 0.7096
205 024 212 225 0.3177 0.7096 0.3177 0.3177 0.7096 0.3177 0.3177 0.7096 0.3177 0.3177 0.7096 0.7096 0.3177 0.7096 0.3177 0.7096
024 212 225 158 0.3177 0.7096 0.7096 0.7096 0.7096 0.7096 0.3177 0.3177 0.7096 0.7096 0.3177 0.7096 0.3177 0.3177 0.7096 0.7096
212 225 158 193 0.7096 0.7096 0.7096 0.7096 0.7096 0.7096 0.7096 0.7096 0.3177 0.3177 0.3177 0.7096 0.3177 0.7096 0.3177 0.7096
225 158 193 270 0.7096 0.7096 0.3177 0.3177 0.7096 0.7096 0.3177 0.3177 0.3177 0.3177 0.3177 0.7096 0.3177 0.3177 0.3177 0.7096
158 193 270 114 0.7096 0.7096 0.7096 0.7096 0.3177 0.7096 0.3177 0.3177 0.3177 0.3177 0.3177 0.3177 0.7096 0.3177 0.3177 0.3177
193 270 114 188 0.7096 0.7096 0.7096 0.7096 0.3177 0.3177 0.7096 0.7096 0.7096 0.7096 0.3177 0.3177 0.7096 0.7096 0.7096 0.7096
270 114 188 118 0.3177 0.7096 0.3177 0.3177 0.7096 0.7096 0.3177 0.7096 0.7096 0.7096 0.7096 0.3177 0.7096 0.7096 0.7096 0.7096
114 188 118 260 0.3177 0.3177 0.7096 0.3177 0.3177 0.7096 0.3177 0.3177 0.3177 0.3177 0.7096 0.3177 0.7096 0.3177 0.7096 0.3177
188 118 260 322 0.7096 0.7096 0.7096 0.3177 0.3177 0.3177 0.3177 0.7096 0.7096 0.3177 0.7096 0.3177 0.3177 0.7096 0.3177 0.3177
118 260 322 070 0.3177 0.3177 0.3177 0.3177 0.7096 0.3177 0.7096 0.7096 0.3177 0.7096 0.3177 0.7096 0.3177 0.7096 0.7096 0.7096
260 322 070 061 0.3177 0.3177 0.3177 0.3177 0.3177 0.3177 0.3177 0.7096 0.3177 0.7096 0.7096 0.7096 0.3177 0.3177 0.7096 0.7096
322 070 061 143 0.7096 0.7096 0.3177 0.7096 0.3177 0.3177 0.3177 0.7096 0.7096 0.3177 0.7096 0.7096 0.3177 0.7096 0.3177 0.3177
070 061 143 145 0.7096 0.7096 0.3177 0.3177 0.3177 0.7096 0.3177 0.3177 0.3177 0.7096 0.7096 0.3177 0.3177 0.3177 0.3177 0.7096
061 143 145 036 0.3177 0.7096 0.3177 0.7096 0.3177 0.3177 0.7096 0.3177 0.3177 0.3177 0.3177 0.3177 0.7096 0.7096 0.7096 0.3177
143 145 036 298 0.3177 0.7096 0.7096 0.3177 0.7096 0.7096 0.7096 0.3177 0.7096 0.3177 0.3177 0.3177 0.7096 0.7096 0.3177 0.3177
145 036 298 011 0.3177 0.7096 0.7096 0.3177 0.3177 0.3177 0.3177 0.7096 0.7096 0.3177 0.7096 0.3177 0.7096 0.7096 0.3177 0.7096
036 298 011 192 0.7096 0.7096 0.7096 0.7096 0.7096 0.7096 0.7096 0.3177 0.3177 0.7096 0.7096 0.7096 0.7096 0.3177 0.3177 0.3177
298 011 192 112 0.3177 0.3177 0.3177 0.3177 0.7096 0.7096 0.3177 0.3177 0.7096 0.7096 0.3177 0.3177 0.3177 0.7096 0.7096 0.7096
011 192 112 323 0.7096 0.7096 0.7096 0.7096 0.7096 0.7096 0.3177 0.7096 0.3177 0.3177 0.3177 0.7096 0.7096 0.3177 0.7096 0.3177
192 112 323 354 0.3177 0.7096 0.3177 0.7096 0.7096 0.3177 0.7096 0.3177 0.7096 0.3177 0.3177 0.3177 0.3177 0.7096 0.3177 0.7096
112 323 354 187 0.7096 0.3177 0.3177 0.7096 0.3177 0.7096 0.7096 0.7096 0.3177 0.7096 0.3177 0.3177 0.7096 0.7096 0.3177 0.3177
323 354 187 233 0.7096 0.3177 0.3177 0.3177 0.7096 0.7096 0.7096 0.7096 0.3177 0.3177 0.7096 0.3177 0.3177 0.3177 0.7096 0.3177
354 187 233 055 0.3177 0.3177 0.7096 0.3177 0.3177 0.3177 0.3177 0.3177 0.3177 0.3177 0.3177 0.7096 0.3177 0.7096 0.3177 0.7096
187 233 055 291 0.3177 0.7096 0.3177 0.7096 0.7096 0.7096 0.7096 0.3177 0.7096 0.7096 0.7096 0.7096 0.3177 0.3177 0.3177 0.3177
233 055 291 194 0.7096 0.7096 0.3177 0.3177 0.7096 0.3177 0.7096 0.7096 0.7096 0.3177 0.3177 0.7096 0.3177 0.3177 0.3177 0.3177
055 291 194 111 0.7096 0.3177 0.3177 0.3177 0.7096 0.3177 0.3177 0.7096 0.7096 0.3177 0.7096 0.7096 0.3177 0.7096 0.7096 0.7096
291 194 111 274 0.7096 0.7096 0.7096 0.3177 0.3177 0.3177 0.7096 0.3177 0.3177 0.7096 0.3177 0.7096 0.7096 0.7096 0.3177 0.7096
194 111 274 139 0.3177 0.3177 0.3177 0.7096 0.3177 0.7096 0.7096 0.3177 0.3177 0.3177 0.3177 0.7096 0.3177 0.7096 0.7096 0.7096
111 274 139 173 0.3177 0.7096 0.7096 0.7096 0.7096 0.3177 0.7096 0.7096 0.3177 0.7096 0.7096 0.7096 0.7096 0.7096 0.7096 0.7096
274 139 173 228 0.7096 0.3177 0.3177 0.7096 0.3177 0.3177 0.3177 0.7096 0.7096 0.7096 0.3177 0.3177 0.3177 0.7096 0.3177 0.7096
139 173 228 026 0.7096 0.3177 0.3177 0.7096 0.3177 0.7096 0.7096 0.3177 0.3177 0.7096 0.7096 0.3177 0.7096 0.3177 0.7096 0.7096
173 228 026 116 0.3177 0.7096 0.3177 0.7096 0.3177 0.3177 0.3177 0.3177 0.7096 0.3177 0.3177 0.7096 0.3177 0.7096 0.7096 0.7096
228 026 116 085 0.3177 0.7096 0.3177 0.3177 0.3177 0.3177 0.3177 0.7096 0.3177 0.7096 0.7096 0.7096 0.7096 0.3177 0.7096 0.7096
026 116 085 197 0.7096 0.7096 0.3177 0.7096 0.7096 0.3177 0.3177 0.7096 0.7096 0.7096 0.3177 0.3177 0.3177 0.7096 0.3177 0.7096
116 085 197 063 0.7096 0.3177 0.3177 0.3177 0.3177 0.3177 0.7096 0.7096 0.3177 0.7096 0.7096 0.7096 0.7096 0.3177 0.7096 0.7096
085 197 063 105 0.7096 0.7096 0.7096 0.7096 0.7096 0.3177 0.7096 0.7096 0.7096 0.3177 0.3177 0.7096 0.3177 0.3177 0.3177 0.3177
197 063 105 207 0.7096 0.3177 0.7096 0.3177 0.7096 0.7096 0.7096 0.3177 0.3177 0.3177 0.7096 0.3177 0.7096 0.3177 0.7096 0.3177
063 105 207 245 0.3177 0.7096 0.3177 0.7096 0.3177 0.7096 0.3177 0.3177 0.3177 0.7096 0.7096 0.3177 0.7096 0.3177 0.7096 0.3177
105 207 245 151 0.7096 0.7096 0.3177 0.7096 0.7096 0.3177 0.3177 0.3177 0.7096 0.3177 0.3177 0.7096 0.7096 0.7096 0.3177 0.7096
207 245 151 133 0.3177 0.7096 0.3177 0.3177 0.3177 0.3177 0.3177 0.7096 0.7096 0.7096 0.3177 0.3177 0.3177 0.7096 0.7096 0.7096
245 151 133 181 0.7096 0.3177 0.7096 0.7096 0.3177 0.7096 0.3177 0.7096 0.7096 0.7096 0.7096 0.7096 0.3177 0.3177 0.7096 0.3177
151 133 181 337 0.3177 0.7096 0.3177 0.7096 0.3177 0.7096 0.7096 0.7096 0.7096 0.7096 0.3177 0.3177 0.7096 0.3177 0.3177 0.7096
133 181 337 125 0.7096 0.7096 0.7096 0.3177 0.3177 0.7096 0.7096 0.3177 0.3177 0.3177 0.7096 0.7096 0.7096 0.3177 0.3177 0.3177
181 337 125 098 0.7096 0.3177 0.3177 0.7096 0.3177 0.7096 0.3177 0.3177 0.7096 0.7096 0.3177 0.7096 0.7096 0.3177 0.7096 0.7096
337 125 098 295 0.3177 0.3177 0.7096 0.7096 0.7096 0.7096 0.7096 0.3177 0.7096 0.3177 0.7096 0.7096 0.3177 0.7096 0.3177 0.7096
125 098 295 204 0.3177 0.3177 0.3177 0.7096 0.3177 0.3177 0.7096 0.3177 0.7096 0.3177 0.7096 0.3177 0.3177 0.3177 0.3177 0.7096
098 295 204 266 0.3177 0.3177 0.3177 0.7096 0.7096 0.7096 0.7096 0.3177 0.7096 0.7096 0.7096 0.3177 0.3177 0.7096 0.3177 0.7096
295 204 266 152 0.3177 0.7096 0.3177 0.3177 0.7096 0.7096 0.7096 0.3177 0.7096 0.7096 0.3177 0.3177 0.7096 0.7096 0.7096 0.3177
204 266 152 102 0.7096 0.7096 0.7096 0.3177 0.3177 0.3177 0.7096 0.7096 0.3177 0.3177 0.3177 0.7096 0.3177 0.7096 0.3177 0.7096
266 152 102 082 0.3177 0.3177 0.3177 0.7096 0.3177 0.7096 0.3177 0.7096 0.3177 0.3177 0.7096 0.3177 0.3177 0.7096 0.7096 0.3177
152 102 082 119 0.7096 0.3177 0.3177 0.3177 0.3177 0.7096 0.3177 0.7096 0.7096 0.3177 0.7096 0.7096 0.3177 0.7096 0.7096 0.3177
102 082 119 073 0.3177 0.3177 0.7096 0.3177 0.7096 0.7096 0.3177 0.7096 0.3177 0.3177 0.3177 0.3177 0.7096 0.7096 0.3177 0.3177
082 119 073 312 0.7096 0.7096 0.3177 0.3177 0.3177 0.3177 0.7096 0.3177 0.7096 0.3177 0.7096 0.3177 0.3177 0.7096 0.3177 0.7096
119 073 312 167 0.3177 0.3177 0.7096 0.7096 0.3177 0.7096 0.3177 0.7096 0.3177 0.3177 0.3177 0.7096 0.3177 0.7096 0.7096 0.7096
073 312 167 062 0.7096 0.3177 0.3177 0.7096 0.3177 0.7096 0.3177 0.3177 0.7096 0.7096 0.3177 0.7096 0.3177 0.7096 0.3177 0.7096
312 167 062 126 0.3177 0.3177 0.3177 0.7096 0.7096 0.3177 0.7096 0.7096 0.3177 0.7096 0.7096 0.7096 0.3177 0.3177 0.7096 0.7096
