356 031684 3
084 337 039 246 0.5583 0.9737 0.9737 0.9737 0.9737 0.5583 0.5583 0.5583 0.9737 0.5583 0.9737 0.9737 0.5583 0.9737 0.9737 0.5583
337 039 246 303 0.5583 0.5583 0.9737 0.9737 0.5583 0.5583 0.9737 0.9737 0.5583 0.9737 0.9737 0.5583 0.5583 0.5583 0.9737 0.5583
039 246 303 093 0.9737 0.5583 0.9737 0.9737 0.9737 0.5583 0.5583 0.5583 0.9737 0.5583 0.5583 0.9737 0.9737 0.9737 0.9737 0.9737
246 303 093 170 0.9737 0.5583 0.5583 0.5583 0.9737 0.9737 0.5583 0.9737 0.9737 0.5583 0.9737 0.9737 0.9737 0.5583 0.5583 0.5583
303 093 170 321 0.9737 0.5583 0.5583 0.9737 0.9737 0.5583 0.5583 0.9737 0.5583 0.5583 0.9737 0.5583 0.9737 0.5583 0.9737 0.5583
093 170 321 237 0.5583 0.9737 0.5583 0.9737 0.5583 0.9737 0.5583 0.9737 0.5583 0.9737 0.9737 0.5583 0.9737 0.5583 0.9737 0.9737
170 321 237 142 0.5583 0.9737 0.5583 0.5583 0.9737 0.5583 0.9737 0.9737 0.5583 0.9737 0.5583 0.9737 0.5583 0.9737 0.5583 0.5583
321 237 142 283 0.5583 0.5583 0.9737 0.5583 0.9737 0.9737 0.9737 0.9737 0.9737 0.9737 0.5583 0.5583 0.5583 0.5583 0.5583 0.5583
237 142 283 029 0.5583 0.9737 0.9737 0.5583 0.9737 0.5583 0.5583 0.9737 0.5583 0.9737 0.9737 0.9737 0.5583 0.9737 0.9737 0.5583
142 283 029 045 0.5583 0.5583 0.9737 0.9737 0.5583 0.5583 0.9737 0.9737 0.9737 0.5583 0.5583 0.9737 0.9737 0.9737 0.5583 0.9737
283 029 045 033 0.9737 0.9737 0.9737 0.5583 0.9737 0.5583 0.9737 0.5583 0.5583 0.9737 0.5583 0.9737 0.9737 0.9737 0.5583 0.5583
029 045 033 257 0.5583 0.9737 0.5583 0.5583 0.9737 0.5583 0.9737 0.9737 0.5583 0.5583 0.5583 0.9737 0.5583 0.9737 0.9737 0.9737
045 033 257 346 0.9737 0.9737 0.5583 0.5583 0.5583 0.5583 0.5583 0.5583 0.9737 0.9737 0.5583 0.9737 0.5583 0.5583 0.9737 0.5583
033 257 346 031 0.5583 0.9737 0.5583 0.5583 0.9737 0.9737 0.9737 0.9737 0.9737 0.5583 0.5583 0.5583 0.5583 0.5583 0.5583 0.9737
257 346 031 254 0.5583 0.5583 0.9737 0.5583 0.5583 0.5583 0.5583 0.9737 0.5583 0.9737 0.9737 0.9737 0.5583 0.5583 0.9737 0.9737
346 031 254 307 0.5583 0.5583 0.9737 0.5583 0.5583 0.5583 0.9737 0.5583 0.5583 0.9737 0.5583 0.5583 0.9737 0.5583 0.9737 0.9737
031 254 307 266 0.5583 0.5583 0.5583 0.9737 0.5583 0.5583 0.9737 0.5583 0.5583 0.9737 0.5583 0.9737 0.9737 0.9737 0.5583 0.9737
254 307 266 168 0.9737 0.5583 0.5583 0.9737 0.9737 0.9737 0.5583 0.5583 0.5583 0.9737 0.5583 0.9737 0.5583 0.5583 0.5583 0.9737
307 266 168 043 0.5583 0.5583 0.9737 0.9737 0.9737 0.5583 0.9737 0.5583 0.5583 0.9737 0.9737 0.5583 0.5583 0.5583 0.9737 0.9737
266 168 043 354 0.5583 0.9737 0.9737 0.5583 0.5583 0.5583 0.5583 0.9737 0.9737 0.5583 0.9737 0.9737 0.5583 0.9737 0.9737 0.5583
168 043 354 219 0.5583 0.5583 0.5583 0.9737 0.9737 0.9737 0.9737 0.5583 0.5583 0.9737 0.9737 0.9737 0.5583 0.5583 0.5583 0.5583
043 354 219 244 0.9737 0.9737 0.5583 0.9737 0.5583 0.9737 0.9737 0.9737 0.9737 0.9737 0.9737 0.5583 0.9737 0.5583 0.5583 0.5583
354 219 244 103 0.9737 0.5583 0.5583 0.9737 0.9737 0.9737 0.9737 0.9737 0.9737 0.9737 0.9737 0.5583 0.5583 0.5583 0.9737 0.5583
219 244 103 207 0.9737 0.5583 0.5583 0.5583 0.9737 0.9737 0.5583 0.5583 0.9737 0.9737 0.9737 0.9737 0.5583 0.5583 0.9737 0.9737
244 103 207 255 0.5583 0.5583 0.5583 0.5583 0.9737 0.5583 0.9737 0.9737 0.9737 0.9737 0.9737 0.5583 0.5583 0.5583 0.5583 0.9737
103 207 255 209 0.9737 0.5583 0.9737 0.5583 0.5583 0.5583 0.5583 0.9737 0.5583 0.5583 0.9737 0.9737 0.9737 0.9737 0.5583 0.9737
207 255 209 122 0.5583 0.5583 0.9737 0.9737 0.5583 0.5583 0.5583 0.9737 0.5583 0.5583 0.9737 0.5583 0.9737 0.9737 0.9737 0.9737
255 209 122 234 0.5583 0.5583 0.9737 0.9737 0.9737 0.9737 0.5583 0.9737 0.5583 0.5583 0.9737 0.5583 0.9737 0.5583 0.9737 0.5583
209 122 234 083 0.9737 0.9737 0.5583 0.5583 0.5583 0.5583 0.5583 0.9737 0.5583 0.5583 0.9737 0.9737 0.5583 0.5583 0.9737 0.9737
122 234 083 174 0.5583 0.5583 0.5583 0.5583 0.9737 0.9737 0.5583 0.9737 0.5583 0.5583 0.9737 0.9737 0.9737 0.5583 0.9737 0.9737
234 083 174 284 0.9737 0.5583 0.5583 0.9737 0.9737 0.5583 0.9737 0.5583 0.9737 0.5583 0.9737 0.5583 0.9737 0.9737 0.9737 0.5583
083 174 284 044 0.5583 0.9737 0.5583 0.9737 0.9737 0.9737 0.9737 0.9737 0.9737 0.9737 0.9737 0.9737 0.9737 0.9737 0.9737 0.5583
174 284 044 180 0.9737 0.9737 0.5583 0.9737 0.5583 0.9737 0.9737 0.9737 0.9737 0.5583 0.9737 0.9737 0.5583 0.5583 0.9737 0.9737
284 044 180 236 0.5583 0.9737 0.5583 0.9737 0.9737 0.9737 0.9737 0.9737 0.9737 0.5583 0.9737 0.9737 0.5583 0.5583 0.5583 0.5583
044 180 236 155 0.5583 0.5583 0.5583 0.9737 0.9737 0.9737 0.9737 0.9737 0.9737 0.5583 0.5583 0.9737 0.5583 0.9737 0.9737 0.5583
180 236 155 265 0.5583 0.5583 0.9737 0.9737 0.9737 0.5583 0.9737 0.5583 0.5583 0.5583 0.5583 0.5583 0.5583 0.9737 0.9737 0.9737
236 155 265 222 0.9737 0.9737 0.9737 0.9737 0.5583 0.5583 0.9737 0.5583 0.5583 0.9737 0.9737 0.5583 0.5583 0.9737 0.5583 0.9737
155 265 222 350 0.9737 0.5583 0.9737 0.5583 0.9737 0.9737 0.5583 0.9737 0.9737 0.9737 0.9737 0.5583 0.9737 0.5583 0.5583 0.9737
265 222 350 308 0.5583 0.5583 0.5583 0.5583 0.5583 0.5583 0.9737 0.5583 0.9737 0.5583 0.9737 0.5583 0.9737 0.9737 0.5583 0.9737
222 350 308 130 0.5583 0.5583 0.5583 0.5583 0.5583 0.5583 0.9737 0.5583 0.5583 0.9737 0.5583 0.9737 0.9737 0.9737 0.9737 0.5583
350 308 130 041 0.9737 0.5583 0.5583 0.9737 0.9737 0.9737 0.9737 0.9737 0.9737 0.9737 0.9737 0.5583 0.9737 0.9737 0.9737 0.5583
308 130 041 226 0.5583 0.9737 0.5583 0.5583 0.5583 0.5583 0.9737 0.5583 0.9737 0.9737 0.9737 0.5583 0.9737 0.9737 0.9737 0.5583
130 041 226 088 0.9737 0.9737 0.5583 0.5583 0.9737 0.9737 0.9737 0.9737 0.5583 0.5583 0.5583 0.9737 0.5583 0.5583 0.5583 0.5583
041 226 088 315 0.5583 0.9737 0.9737 0.9737 0.9737 0.5583 0.5583 0.9737 0.5583 0.9737 0.5583 0.9737 0.9737 0.5583 0.5583 0.5583
226 088 315 196 0.5583 0.9737 0.5583 0.9737 0.9737 0.5583 0.9737 0.5583 0.5583 0.9737 0.5583 0.9737 0.9737 0.9737 0.9737 0.5583
088 315 196 052 0.9737 0.5583 0.9737 0.5583 0.5583 0.9737 0.9737 0.9737 0.9737 0.9737 0.5583 0.5583 0.5583 0.5583 0.9737 0.9737
315 196 052 216 0.9737 0.5583 0.5583 0.5583 0.5583 0.9737 0.5583 0.5583 0.9737 0.9737 0.9737 0.9737 0.5583 0.5583 0.5583 0.9737
196 052 216 063 0.9737 0.9737 0.9737 0.9737 0.9737 0.9737 0.9737 0.9737 0.5583 0.5583 0.5583 0.9737 0.5583 0.5583 0.5583 0.9737
052 216 063 066 0.9737 0.9737 0.9737 0.9737 0.5583 0.9737 0.9737 0.9737 0.9737 0.9737 0.5583 0.5583 0.9737 0.9737 0.9737 0.5583
216 063 066 099 0.9737 0.5583 0.9737 0.9737 0.9737 0.5583 0.9737 0.9737 0.5583 0.5583 0.5583 0.5583 0.5583 0.9737 0.9737 0.9737
063 066 099 331 0.9737 0.5583 0.9737 0.9737 0.9737 0.5583 0.5583 0.9737 0.5583 0.9737 0.9737 0.9737 0.5583 0.9737 0.9737 0.9737
066 099 331 074 0.9737 0.9737 0.5583 0.9737 0.9737 0.9737 0.5583 0.5583 0.9737 0.9737 0.9737 0.5583 0.5583 0.9737 0.5583 0.9737
099 331 074 261 0.5583 0.5583 0.5583 0.9737 0.9737 0.9737 0.5583 0.9737 0.5583 0.9737 0.5583 0.5583 0.9737 0.5583 0.5583 0.5583
331 074 261 009 0.5583 0.9737 0.5583 0.5583 0.9737 0.5583 0.5583 0.5583 0.5583 0.5583 0.5583 0.9737 0.9737 0.5583 0.9737 0.5583
074 261 009 001 0.5583 0.5583 0.9737 0.9737 0.5583 0.5583 0.5583 0.9737 0.5583 0.9737 0.9737 0.9737 0.9737 0.9737 0.9737 0.5583
261 009 001 024 0.5583 0.9737 0.5583 0.5583 0.5583 0.9737 0.5583 0.9737 0.5583 0.9737 0.5583 0.5583 0.5583 0.9737 0.5583 0.5583
009 001 024 050 0.9737 0.9737 0.9737 0.9737 0.5583 0.9737 0.5583 0.9737 0.5583 0.5583 0.5583 0.9737 0.9737 0.9737 0.5583 0.5583
001 024 050 049 0.5583 0.5583 0.5583 0.9737 0.9737 0.5583 0.5583 0.5583 0.5583 0.9737 0.5583 0.5583 0.5583 0.9737 0.9737 0.5583
024 050 049 149 0.5583 0.5583 0.5583 0.9737 0.9737 0.9737 0.5583 0.5583 0.5583 0.5583 0.5583 0.5583 0.5583 0.9737 0.5583 0.5583
050 049 149 092 0.9737 0.5583 0.9737 0.9737 0.9737 0.9737 0.9737 0.5583 0.5583 0.9737 0.5583 0.9737 0.5583 0.5583 0.5583 0.5583
049 149 092 003 0.9737 0.9737 0.5583 0.5583 0.9737 0.5583 0.5583 0.5583 0.9737 0.9737 0.9737 0.9737 0.5583 0.5583 0.5583 0.5583
149 092 003 251 0.9737 0.9737 0.9737 0.5583 0.5583 0.5583 0.5583 0.9737 0.5583 0.5583 0.5583 0.9737 0.9737 0.5583 0.5583 0.5583
092 003 251 306 0.9737 0.5583 0.9737 0.9737 0.5583 0.5583 0.9737 0.5583 0.5583 0.5583 0.5583 0.5583 0.5583 0.5583 0.5583 0.9737
003 251 306 157 0.9737 0.5583 0.9737 0.9737 0.9737 0.9737 0.5583 0.9737 0.9737 0.5583 0.5583 0.5583 0.9737 0.5583 0.5583 0.5583
251 306 157 353 0.9737 0.5583 0.5583 0.9737 0.5583 0.9737 0.5583 0.5583 0.9737 0.9737 0.5583 0.9737 0.5583 0.5583 0.5583 0.9737
306 157 353 320 0.9737 0.9737 0.9737 0.5583 0.9737 0.9737 0.5583 0.9737 0.9737 0.9737 0.9737 0.9737 0.5583 0.9737 0.9737 0.5583
157 353 320 027 0.9737 0.9737 0.5583 0.9737 0.5583 0.9737 0.9737 0.9737 0.9737 0.5583 0.5583 0.5583 0.9737 0.5583 0.5583 0.5583
353 320 027 042 0.9737 0.5583 0.9737 0.9737 0.5583 0.9737 0.5583 0.9737 0.5583 0.9737 0.5583 0.5583 0.9737 0.5583 0.9737 0.9737
320 027 042 158 0.5583 0.5583 0.5583 0.9737 0.9737 0.5583 0.9737 0.9737 0.5583 0.9737 0.5583 0.9737 0.9737 0.5583 0.9737 0.5583
027 042 158 061 0.5583 0.5583 0.5583 0.9737 0.9737 0.5583 0.9737 0.5583 0.5583 0.9737 0.9737 0.5583 0.5583 0.9737 0.9737 0.5583
042 158 061 057 0.5583 0.5583 0.5583 0.9737 0.9737 0.9737 0.9737 0.9737 0.9737 0.9737 0.9737 0.9737 0.5583 0.9737 0.9737 0.5583
158 061 057 114 0.5583 0.9737 0.9737 0.5583 0.9737 0.5583 0.9737 0.9737 0.9737 0.5583 0.5583 0.9737 0.9737 0.9737 0.9737 0.9737
061 057 114 008 0.5583 0.5583 0.5583 0.9737 0.9737 0.9737 0.5583 0.5583 0.9737 0.5583 0.9737 0.9737 0.9737 0.5583 0.5583 0.9737
057 114 008 165 0.9737 0.9737 0.5583 0.9737 0.9737 0.5583 0.5583 0.5583 0.5583 0.9737 0.9737 0.9737 0.5583 0.5583 0.9737 0.9737
114 008 165 187 0.5583 0.5583 0.9737 0.5583 0.5583 0.5583 0.9737 0.9737 0.9737 0.5583 0.5583 0.9737 0.9737 0.5583 0.5583 0.9737
008 165 187 141 0.5583 0.9737 0.5583 0.9737 0.9737 0.9737 0.5583 0.9737 0.5583 0.5583 0.5583 0.9737 0.5583 0.5583 0.5583 0.5583
165 187 141 068 0.5583 0.9737 0.5583 0.9737 0.5583 0.5583 0.9737 0.9737 0.9737 0.5583 0.5583 0.9737 0.5583 0.5583 0.9737 0.9737
187 141 068 013 0.5583 0.9737 0.5583 0.9737 0.9737 0.9737 0.5583 0.5583 0.5583 0.9737 0.5583 0.9737 0.9737 0.5583 0.5583 0.5583
141 068 013 310 0.9737 0.5583 0.5583 0.9737 0.5583 0.9737 0.5583 0.9737 0.9737 0.5583 0.9737 0.5583 0.9737 0.5583 0.5583 0.9737
068 013 310 054 0.5583 0.9737 0.5583 0.5583 0.9737 0.5583 0.9737 0.5583 0.9737 0.5583 0.9737 0.9737 0.9737 0.5583 0.5583 0.9737
013 310 054 132 0.9737 0.5583 0.5583 0.9737 0.9737 0.9737 0.9737 0.5583 0.5583 0.5583 0.5583 0.5583 0.9737 0.5583 0.5583 0.5583
310 054 132 198 0.9737 0.5583 0.5583 0.9737 0.9737 0.9737 0.5583 0.9737 0.5583 0.5583 0.5583 0.9737 0.5583 0.5583 0.5583 0.5583
054 132 198 019 0.5583 0.9737 0.5583 0.5583 0.5583 0.5583 0.9737 0.9737 0.9737 0.9737 0.9737 0.9737 0.9737 0.5583 0.5583 0.5583
132 198 019 330 0.9737 0.5583 0.9737 0.5583 0.5583 0.9737 0.9737 0.5583 0.9737 0.9737 0.9737 0.5583 0.5583 0.9737 0.9737 0.9737
198 019 330 242 0.9737 0.5583 0.5583 0.9737 0.9737 0.9737 0.5583 0.9737 0.5583 0.9737 0.5583 0.5583 0.5583 0.5583 0.5583 0.9737
019 330 242 210 0.5583 0.9737 0.5583 0.5583 0.5583 0.5583 0.5583 0.9737 0.5583 0.5583 0.5583 0.9737 0.5583 0.9737 0.5583 0.5583
330 242 210 111 0.5583 0.9737 0.5583 0.9737 0.5583 0.9737 0.9737 0.9737 0.9737 0.9737 0.5583 0.5583 0.9737 0.5583 0.5583 0.9737
242 210 111 277 0.9737 0.5583 0.5583 0.9737 0.5583 0.9737 0.5583 0.5583 0.5583 0.9737 0.9737 0.9737 0.5583 0.5583 0.5583 0.5583
210 111 277 317 0.9737 0.5583 0.5583 0.9737 0.5583 0.9737 0.9737 0.5583 0.5583 0.5583 0.9737 0.5583 0.9737 0.5583 0.5583 0.5583
111 277 317 278 0.9737 0.9737 0.9737 0.9737 0.5583 0.5583 0.5583 0.9737 0.5583 0.5583 0.9737 0.5583 0.5583 0.9737 0.5583 0.5583
277 317 278 334 0.5583 0.5583 0.9737 0.5583 0.9737 0.5583 0.9737 0.5583 0.9737 0.5583 0.9737 0.9737 0.5583 0.9737 0.9737 0.5583
317 278 334 087 0.9737 0.5583 0.5583 0.5583 0.9737 0.5583 0.5583 0.5583 0.9737 0.9737 0.5583 0.5583 0.9737 0.9737 0.9737 0.9737
278 334 087 036 0.5583 0.9737 0.9737 0.9737 0.5583 0.5583 0.9737 0.5583 0.9737 0.9737 0.9737 0.5583 0.5583 0.5583 0.5583 0.5583
334 087 036 108 0.5583 0.5583 0.5583 0.9737 0.9737 0.9737 0.5583 0.9737 0.9737 0.5583 0.5583 0.5583 0.9737 0.9737 0.9737 0.9737
087 036 108 269 0.5583 0.5583 0.9737 0.9737 0.9737 0.9737 0.5583 0.9737 0.5583 0.9737 0.5583 0.9737 0.5583 0.5583 0.9737 0.5583
036 108 269 080 0.9737 0.9737 0.9737 0.5583 0.9737 0.5583 0.9737 0.5583 0.9737 0.5583 0.5583 0.5583 0.9737 0.9737 0.9737 0.5583
108 269 080 091 0.9737 0.9737 0.5583 0.9737 0.9737 0.9737 0.5583 0.9737 0.5583 0.5583 0.5583 0.5583 0.5583 0.9737 0.5583 0.9737
269 080 091 345 0.5583 0.9737 0.9737 0.5583 0.5583 0.9737 0.5583 0.5583 0.9737 0.5583 0.5583 0.5583 0.9737 0.5583 0.5583 0.5583
080 091 345 119 0.5583 0.9737 0.5583 0.9737 0.5583 0.9737 0.5583 0.9737 0.5583 0.9737 0.5583 0.5583 0.5583 0.5583 0.9737 0.5583
091 345 119 120 0.5583 0.9737 0.9737 0.9737 0.9737 0.9737 0.5583 0.5583 0.9737 0.5583 0.5583 0.5583 0.5583 0.9737 0.5583 0.5583
345 119 120 186 0.5583 0.5583 0.5583 0.9737 0.9737 0.5583 0.5583 0.9737 0.5583 0.9737 0.5583 0.9737 0.5583 0.5583 0.5583 0.9737
119 120 186 221 0.5583 0.5583 0.9737 0.5583 0.9737 0.9737 0.5583 0.5583 0.9737 0.9737 0.5583 0.9737 0.5583 0.5583 0.5583 0.5583
120 186 221 231 0.9737 0.5583 0.9737 0.5583 0.5583 0.5583 0.5583 0.9737 0.5583 0.5583 0.5583 0.9737 0.5583 0.5583 0.9737 0.5583
186 221 231 025 0.9737 0.9737 0.5583 0.9737 0.9737 0.9737 0.9737 0.5583 0.5583 0.9737 0.9737 0.5583 0.5583 0.5583 0.5583 0.9737
221 231 025 090 0.5583 0.5583 0.9737 0.5583 0.5583 0.9737 0.9737 0.5583 0.9737 0.5583 0.5583 0.9737 0.9737 0.5583 0.5583 0.9737
231 025 090 276 0.9737 0.5583 0.9737 0.5583 0.9737 0.5583 0.5583 0.5583 0.5583 0.5583 0.5583 0.9737 0.5583 0.9737 0.9737 0.5583
025 090 276 136 0.9737 0.9737 0.5583 0.5583 0.5583 0.9737 0.9737 0.5583 0.5583 0.9737 0.9737 0.5583 0.9737 0.9737 0.9737 0.5583
090 276 136 279 0.5583 0.9737 0.9737 0.5583 0.9737 0.9737 0.9737 0.9737 0.9737 0.9737 0.5583 0.5583 0.5583 0.9737 0.5583 0.9737
276 136 279 072 0.9737 0.5583 0.5583 0.9737 0.9737 0.5583 0.5583 0.9737 0.9737 0.5583 0.9737 0.5583 0.5583 0.9737 0.5583 0.5583
136 279 072 014 0.5583 0.5583 0.9737 0.5583 0.9737 0.5583 0.5583 0.5583 0.5583 0.9737 0.9737 0.9737 0.9737 0.9737 0.5583 0.5583
279 072 014 075 0.5583 0.5583 0.5583 0.5583 0.5583 0.9737 0.9737 0.5583 0.9737 0.5583 0.9737 0.9737 0.9737 0.5583 0.9737 0.5583
072 014 075 325 0.5583 0.5583 0.9737 0.5583 0.9737 0.9737 0.5583 0.9737 0.5583 0.5583 0.5583 0.9737 0.5583 0.5583 0.9737 0.9737
014 075 325 124 0.9737 0.5583 0.5583 0.9737 0.9737 0.5583 0.9737 0.5583 0.5583 0.9737 0.9737 0.9737 0.9737 0.9737 0.5583 0.9737
075 325 124 069 0.9737 0.5583 0.9737 0.9737 0.9737 0.9737 0.5583 0.5583 0.9737 0.9737 0.5583 0.5583 0.5583 0.5583 0.9737 0.9737
325 124 069 138 0.9737 0.5583 0.5583 0.9737 0.9737 0.9737 0.9737 0.9737 0.5583 0.9737 0.9737 0.9737 0.9737 0.9737 0.9737 0.5583
124 069 138 314 0.9737 0.5583 0.9737 0.5583 0.5583 0.5583 0.9737 0.9737 0.5583 0.9737 0.5583 0.5583 0.5583 0.9737 0.9737 0.5583
069 138 314 143 0.9737 0.9737 0.9737 0.5583 0.5583 0.9737 0.5583 0.5583 0.9737 0.9737 0.9737 0.5583 0.9737 0.9737 0.5583 0.9737
138 314 143 065 0.5583 0.5583 0.9737 0.5583 0.9737 0.5583 0.5583 0.9737 0.9737 0.5583 0.9737 0.9737 0.5583 0.5583 0.9737 0.9737
314 143 065 177 0.9737 0.5583 0.5583 0.9737 0.5583 0.5583 0.5583 0.9737 0.5583 0.5583 0.9737 0.9737 0.9737 0.9737 0.5583 0.9737
143 065 177 302 0.9737 0.5583 0.5583 0.9737 0.5583 0.9737 0.5583 0.9737 0.9737 0.9737 0.5583 0.5583 0.5583 0.9737 0.9737 0.9737
065 177 302 295 0.9737 0.5583 0.5583 0.9737 0.5583 0.9737 0.5583 0.9737 0.9737 0.5583 0.9737 0.9737 0.9737 0.5583 0.5583 0.9737
177 302 295 167 0.9737 0.9737 0.5583 0.9737 0.9737 0.5583 0.9737 0.9737 0.9737 0.9737 0.9737 0.9737 0.5583 0.9737 0.9737 0.5583
302 295 167 260 0.5583 0.9737 0.9737 0.5583 0.9737 0.5583 0.5583 0.9737 0.9737 0.9737 0.9737 0.9737 0.9737 0.5583 0.5583 0.9737
295 167 260 281 0.5583 0.9737 0.9737 0.5583 0.9737 0.5583 0.9737 0.9737 0.5583 0.9737 0.5583 0.9737 0.9737 0.9737 0.5583 0.9737
167 260 281 053 0.9737 0.5583 0.5583 0.5583 0.5583 0.5583 0.9737 0.9737 0.9737 0.5583 0.9737 0.9737 0.9737 0.5583 0.9737 0.9737
260 281 053 340 0.9737 0.9737 0.9737 0.9737 0.9737 0.9737 0.5583 0.5583 0.5583 0.9737 0.5583 0.9737 0.9737 0.5583 0.9737 0.9737
281 053 340 252 0.9737 0.5583 0.5583 0.9737 0.9737 0.9737 0.5583 0.5583 0.5583 0.5583 0.9737 0.9737 0.9737 0.9737 0.5583 0.9737
053 340 252 286 0.5583 0.9737 0.5583 0.5583 0.9737 0.5583 0.5583 0.9737 0.9737 0.5583 0.9737 0.5583 0.5583 0.9737 0.5583 0.9737
340 252 286 243 0.5583 0.9737 0.9737 0.9737 0.5583 0.9737 0.5583 0.5583 0.9737 0.5583 0.5583 0.5583 0.9737 0.5583 0.5583 0.5583
252 286 243 128 0.5583 0.5583 0.5583 0.5583 0.9737 0.9737 0.9737 0.5583 0.9737 0.9737 0.5583 0.9737 0.5583 0.9737 0.5583 0.5583
286 243 128 166 0.5583 0.9737 0.5583 0.9737 0.5583 0.5583 0.9737 0.5583 0.5583 0.9737 0.9737 0.5583 0.5583 0.9737 0.5583 0.5583
243 128 166 341 0.9737 0.9737 0.9737 0.9737 0.5583 0.5583 0.9737 0.5583 0.9737 0.9737 0.9737 0.9737 0.5583 0.5583 0.5583 0.5583
128 166 341 047 0.9737 0.5583 0.5583 0.5583 0.9737 0.9737 0.9737 0.5583 0.5583 0.9737 0.5583 0.9737 0.5583 0.9737 0.9737 0.9737
166 341 047 037 0.5583 0.9737 0.5583 0.5583 0.9737 0.5583 0.5583 0.5583 0.5583 0.9737 0.5583 0.5583 0.9737 0.5583 0.9737 0.5583
341 047 037 312 0.5583 0.9737 0.9737 0.9737 0.5583 0.9737 0.9737 0.5583 0.5583 0.5583 0.5583 0.9737 0.9737 0.5583 0.9737 0.9737
047 037 312 146 0.5583 0.9737 0.9737 0.5583 0.5583 0.9737 0.5583 0.5583 0.5583 0.5583 0.5583 0.5583 0.5583 0.5583 0.5583 0.9737
037 312 146 195 0.9737 0.9737 0.5583 0.5583 0.5583 0.5583 0.9737 0.5583 0.9737 0.9737 0.9737 0.9737 0.9737 0.5583 0.5583 0.5583
312 146 195 139 0.9737 0.5583 0.5583 0.9737 0.9737 0.9737 0.9737 0.5583 0.9737 0.5583 0.9737 0.9737 0.9737 0.5583 0.5583 0.5583
146 195 139 022 0.9737 0.9737 0.5583 0.9737 0.5583 0.5583 0.5583 0.9737 0.5583 0.9737 0.9737 0.9737 0.9737 0.5583 0.9737 0.9737
195 139 022 116 0.5583 0.5583 0.9737 0.5583 0.5583 0.9737 0.9737 0.5583 0.5583 0.9737 0.9737 0.9737 0.9737 0.5583 0.5583 0.5583
139 022 116 218 0.9737 0.5583 0.5583 0.5583 0.5583 0.9737 0.9737 0.5583 0.9737 0.5583 0.9737 0.9737 0.5583 0.9737 0.5583 0.9737
022 116 218 059 0.9737 0.9737 0.9737 0.5583 0.5583 0.5583 0.5583 0.5583 0.9737 0.9737 0.5583 0.9737 0.9737 0.9737 0.9737 0.9737
116 218 059 117 0.5583 0.5583 0.9737 0.5583 0.9737 0.9737 0.5583 0.5583 0.5583 0.9737 0.5583 0.9737 0.5583 0.5583 0.9737 0.5583
218 059 117 147 0.9737 0.9737 0.9737 0.9737 0.9737 0.9737 0.9737 0.5583 0.5583 0.9737 0.9737 0.9737 0.9737 0.9737 0.9737 0.5583
059 117 147 006 0.9737 0.9737 0.9737 0.9737 0.9737 0.9737 0.5583 0.9737 0.9737 0.9737 0.5583 0.5583 0.5583 0.5583 0.5583 0.5583
117 147 006 311 0.5583 0.5583 0.5583 0.9737 0.5583 0.9737 0.5583 0.9737 0.5583 0.9737 0.9737 0.5583 0.5583 0.5583 0.9737 0.5583
147 006 311 319 0.9737 0.5583 0.9737 0.9737 0.9737 0.5583 0.9737 0.5583 0.5583 0.5583 0.5583 0.9737 0.9737 0.5583 0.9737 0.9737
006 311 319 201 0.5583 0.9737 0.9737 0.5583 0.5583 0.9737 0.9737 0.9737 0.9737 0.5583 0.9737 0.5583 0.9737 0.9737 0.5583 0.5583
311 319 201 148 0.9737 0.5583 0.9737 0.9737 0.9737 0.9737 0.5583 0.9737 0.9737 0.5583 0.9737 0.9737 0.9737 0.5583 0.9737 0.9737
319 201 148 163 0.9737 0.9737 0.9737 0.5583 0.9737 0.5583 0.5583 0.9737 0.5583 0.9737 0.9737 0.5583 0.5583 0.9737 0.5583 0.9737
201 148 163 296 0.5583 0.9737 0.9737 0.5583 0.5583 0.9737 0.9737 0.5583 0.9737 0.9737 0.9737 0.9737 0.5583 0.5583 0.9737 0.5583
148 163 296 071 0.9737 0.5583 0.9737 0.5583 0.9737 0.9737 0.9737 0.5583 0.9737 0.9737 0.5583 0.9737 0.9737 0.9737 0.5583 0.9737
163 296 071 335 0.5583 0.9737 0.9737 0.5583 0.5583 0.9737 0.9737 0.5583 0.9737 0.9737 0.9737 0.9737 0.5583 0.9737 0.9737 0.5583
296 071 335 129 0.5583 0.9737 0.9737 0.5583 0.5583 0.5583 0.5583 0.5583 0.5583 0.5583 0.5583 0.5583 0.5583 0.9737 0.5583 0.9737
071 335 129 020 0.9737 0.5583 0.9737 0.9737 0.9737 0.5583 0.5583 0.5583 0.5583 0.9737 0.5583 0.9737 0.9737 0.9737 0.5583 0.9737
335 129 020 323 0.5583 0.5583 0.9737 0.9737 0.9737 0.5583 0.9737 0.9737 0.9737 0.9737 0.5583 0.5583 0.5583 0.9737 0.9737 0.9737
129 020 323 188 0.5583 0.5583 0.5583 0.9737 0.5583 0.9737 0.9737 0.5583 0.5583 0.5583 0.5583 0.5583 0.9737 0.9737 0.5583 0.5583
020 323 188 316 0.5583 0.5583 0.5583 0.5583 0.9737 0.5583 0.9737 0.9737 0.9737 0.5583 0.9737 0.5583 0.5583 0.5583 0.9737 0.5583
323 188 316 094 0.5583 0.5583 0.9737 0.9737 0.9737 0.9737 0.9737 0.9737 0.5583 0.5583 0.5583 0.5583 0.9737 0.5583 0.9737 0.9737
188 316 094 208 0.9737 0.9737 0.5583 0.5583 0.5583 0.5583 0.9737 0.5583 0.9737 0.9737 0.5583 0.9737 0.5583 0.5583 0.9737 0.9737
316 094 208 247 0.9737 0.5583 0.9737 0.9737 0.9737 0.5583 0.5583 0.5583 0.9737 0.5583 0.9737 0.5583 0.5583 0.9737 0.9737 0.5583
094 208 247 040 0.5583 0.9737 0.9737 0.5583 0.9737 0.5583 0.9737 0.9737 0.9737 0.5583 0.5583 0.9737 0.5583 0.5583 0.9737 0.5583
208 247 040 191 0.5583 0.5583 0.5583 0.5583 0.5583 0.5583 0.9737 0.5583 0.5583 0.5583 0.5583 0.9737 0.5583 0.5583 0.5583 0.5583
247 040 191 327 0.9737 0.5583 0.5583 0.9737 0.9737 0.5583 0.5583 0.5583 0.9737 0.9737 0.9737 0.5583 0.9737 0.9737 0.5583 0.9737
040 191 327 007 0.5583 0.9737 0.9737 0.9737 0.5583 0.9737 0.5583 0.5583 0.5583 0.9737 0.9737 0.5583 0.5583 0.9737 0.9737 0.5583
191 327 007 348 0.5583 0.5583 0.5583 0.5583 0.5583 0.9737 0.9737 0.9737 0.5583 0.9737 0.9737 0.9737 0.5583 0.5583 0.9737 0.5583
327 007 348 078 0.5583 0.5583 0.9737 0.5583 0.9737 0.9737 0.5583 0.5583 0.5583 0.5583 0.9737 0.5583 0.5583 0.5583 0.9737 0.9737
007 348 078 289 0.9737 0.9737 0.5583 0.9737 0.5583 0.5583 0.5583 0.5583 0.9737 0.9737 0.9737 0.5583 0.5583 0.9737 0.9737 0.5583
348 078 289 250 0.5583 0.9737 0.5583 0.5583 0.5583 0.5583 0.5583 0.5583 0.5583 0.5583 0.5583 0.9737 0.9737 0.5583 0.5583 0.9737
078 289 250 098 0.5583 0.5583 0.5583 0.9737 0.5583 0.5583 0.5583 0.5583 0.9737 0.5583 0.9737 0.5583 0.5583 0.9737 0.9737 0.9737
289 250 098 028 0.9737 0.9737 0.5583 0.5583 0.9737 0.9737 0.5583 0.9737 0.5583 0.5583 0.5583 0.5583 0.9737 0.5583 0.9737 0.5583
250 098 028 326 0.9737 0.9737 0.5583 0.5583 0.5583 0.5583 0.9737 0.9737 0.9737 0.5583 0.9737 0.5583 0.9737 0.9737 0.5583 0.5583
098 028 326 227 0.5583 0.9737 0.5583 0.9737 0.5583 0.9737 0.5583 0.5583 0.9737 0.5583 0.5583 0.5583 0.9737 0.5583 0.9737 0.5583
028 326 227 264 0.5583 0.5583 0.5583 0.9737 0.5583 0.5583 0.9737 0.9737 0.5583 0.9737 0.9737 0.9737 0.9737 0.9737 0.9737 0.9737
326 227 264 077 0.5583 0.5583 0.9737 0.5583 0.9737 0.9737 0.5583 0.9737 0.9737 0.5583 0.5583 0.5583 0.9737 0.5583 0.9737 0.9737
227 264 077 017 0.5583 0.9737 0.9737 0.5583 0.9737 0.5583 0.5583 0.5583 0.5583 0.5583 0.9737 0.5583 0.5583 0.5583 0.5583 0.9737
264 077 017 272 0.9737 0.9737 0.5583 0.5583 0.9737 0.5583 0.9737 0.5583 0.9737 0.9737 0.5583 0.5583 0.5583 0.5583 0.9737 0.9737
077 017 272 287 0.5583 0.9737 0.9737 0.5583 0.9737 0.5583 0.5583 0.5583 0.9737 0.9737 0.9737 0.5583 0.5583 0.5583 0.9737 0.5583
017 272 287 274 0.9737 0.9737 0.9737 0.5583 0.5583 0.5583 0.9737 0.9737 0.9737 0.5583 0.9737 0.5583 0.9737 0.9737 0.5583 0.9737
272 287 274 298 0.5583 0.5583 0.5583 0.9737 0.5583 0.5583 0.9737 0.9737 0.5583 0.5583 0.5583 0.9737 0.5583 0.5583 0.9737 0.5583
287 274 298 273 0.9737 0.9737 0.5583 0.5583 0.9737 0.5583 0.9737 0.9737 0.9737 0.9737 0.9737 0.9737 0.9737 0.9737 0.9737 0.5583
274 298 273 058 0.5583 0.5583 0.9737 0.9737 0.5583 0.9737 0.5583 0.9737 0.9737 0.5583 0.9737 0.9737 0.9737 0.9737 0.9737 0.5583
298 273 058 194 0.9737 0.9737 0.5583 0.9737 0.5583 0.9737 0.9737 0.5583 0.9737 0.5583 0.5583 0.9737 0.5583 0.9737 0.5583 0.5583
273 058 194 038 0.9737 0.5583 0.9737 0.5583 0.5583 0.9737 0.9737 0.5583 0.9737 0.5583 0.5583 0.5583 0.9737 0.9737 0.5583 0.5583
058 194 038 000 0.5583 0.9737 0.9737 0.5583 0.9737 0.5583 0.5583 0.5583 0.9737 0.5583 0.5583 0.9737 0.5583 0.5583 0.9737 0.9737
194 038 000 181 0.5583 0.5583 0.5583 0.5583 0.9737 0.5583 0.5583 0.5583 0.9737 0.9737 0.5583 0.9737 0.9737 0.5583 0.9737 0.5583
038 000 181 318 0.5583 0.5583 0.9737 0.9737 0.5583 0.9737 0.5583 0.5583 0.9737 0.9737 0.5583 0.9737 0.9737 0.5583 0.5583 0.5583
000 181 318 241 0.9737 0.5583 0.5583 0.9737 0.5583 0.5583 0.5583 0.9737 0.5583 0.5583 0.9737 0.5583 0.9737 0.9737 0.9737 0.5583
181 318 241 185 0.5583 0.9737 0.5583 0.5583 0.9737 0.9737 0.9737 0.9737 0.9737 0.9737 0.5583 0.5583 0.9737 0.5583 0.9737 0.9737
318 241 185 347 0.5583 0.9737 0.5583 0.5583 0.5583 0.5583 0.5583 0.5583 0.9737 0.5583 0.5583 0.5583 0.9737 0.5583 0.5583 0.5583
241 185 347 156 0.9737 0.9737 0.9737 0.9737 0.5583 0.5583 0.9737 0.5583 0.9737 0.9737 0.9737 0.5583 0.5583 0.5583 0.9737 0.9737
185 347 156 079 0.9737 0.5583 0.9737 0.9737 0.5583 0.5583 0.5583 0.5583 0.9737 0.5583 0.9737 0.9737 0.5583 0.9737 0.5583 0.9737
347 156 079 329 0.5583 0.5583 0.5583 0.9737 0.5583 0.9737 0.9737 0.9737 0.5583 0.9737 0.5583 0.9737 0.5583 0.5583 0.9737 0.9737
156 079 329 313 0.5583 0.5583 0.5583 0.9737 0.5583 0.5583 0.5583 0.5583 0.9737 0.5583 0.9737 0.9737 0.9737 0.9737 0.9737 0.5583
079 329 313 169 0.9737 0.9737 0.9737 0.5583 0.9737 0.5583 0.9737 0.5583 0.9737 0.5583 0.9737 0.5583 0.5583 0.5583 0.5583 0.9737
329 313 169 203 0.5583 0.9737 0.9737 0.5583 0.5583 0.5583 0.9737 0.9737 0.9737 0.5583 0.9737 0.9737 0.9737 0.9737 0.9737 0.9737
313 169 203 282 0.9737 0.5583 0.9737 0.5583 0.5583 0.9737 0.5583 0.9737 0.9737 0.5583 0.5583 0.5583 0.5583 0.9737 0.5583 0.9737
169 203 282 228 0.5583 0.5583 0.5583 0.5583 0.5583 0.9737 0.9737 0.9737 0.5583 0.9737 0.5583 0.9737 0.9737 0.9737 0.9737 0.5583
203 282 228 300 0.9737 0.5583 0.9737 0.5583 0.5583 0.9737 0.9737 0.5583 0.5583 0.5583 0.5583 0.9737 0.5583 0.5583 0.9737 0.9737
282 228 300 016 0.9737 0.5583 0.9737 0.5583 0.5583 0.9737 0.9737 0.9737 0.9737 0.9737 0.9737 0.9737 0.9737 0.9737 0.5583 0.5583
228 300 016 229 0.9737 0.5583 0.5583 0.9737 0.9737 0.9737 0.9737 0.9737 0.9737 0.5583 0.9737 0.9737 0.5583 0.5583 0.5583 0.5583
300 016 229 018 0.5583 0.5583 0.5583 0.9737 0.5583 0.9737 0.5583 0.9737 0.5583 0.9737 0.5583 0.9737 0.5583 0.9737 0.5583 0.9737
016 229 018 206 0.9737 0.5583 0.9737 0.5583 0.9737 0.5583 0.9737 0.5583 0.5583 0.9737 0.5583 0.9737 0.5583 0.5583 0.5583 0.5583
229 018 206 293 0.5583 0.9737 0.5583 0.5583 0.9737 0.9737 0.9737 0.9737 0.5583 0.9737 0.5583 0.5583 0.9737 0.5583 0.9737 0.5583
018 206 293 297 0.9737 0.5583 0.5583 0.9737 0.9737 0.5583 0.5583 0.5583 0.9737 0.5583 0.5583 0.5583 0.5583 0.9737 0.5583 0.5583
206 293 297 352 0.5583 0.5583 0.5583 0.9737 0.9737 0.5583 0.5583 0.5583 0.5583 0.5583 0.9737 0.9737 0.5583 0.9737 0.9737 0.9737
293 297 352 190 0.9737 0.5583 0.5583 0.5583 0.9737 0.5583 0.5583 0.5583 0.5583 0.9737 0.9737 0.5583 0.9737 0.5583 0.5583 0.9737
297 352 190 060 0.9737 0.5583 0.9737 0.9737 0.5583 0.5583 0.5583 0.5583 0.9737 0.5583 0.5583 0.9737 0.5583 0.9737 0.5583 0.5583
352 190 060 097 0.5583 0.9737 0.9737 0.5583 0.5583 0.9737 0.5583 0.5583 0.9737 0.9737 0.5583 0.5583 0.9737 0.5583 0.9737 0.9737
190 060 097 288 0.5583 0.9737 0.5583 0.9737 0.9737 0.5583 0.5583 0.5583 0.5583 0.5583 0.5583 0.5583 0.5583 0.9737 0.5583 0.5583
060 097 288 115 0.5583 0.5583 0.5583 0.5583 0.5583 0.5583 0.9737 0.5583 0.9737 0.5583 0.5583 0.5583 0.9737 0.9737 0.5583 0.5583
097 288 115 004 0.9737 0.9737 0.5583 0.9737 0.5583 0.9737 0.9737 0.9737 0.5583 0.9737 0.5583 0.9737 0.5583 0.9737 0.5583 0.9737
288 115 004 304 0.9737 0.5583 0.5583 0.5583 0.9737 0.9737 0.9737 0.5583 0.5583 0.9737 0.9737 0.9737 0.9737 0.9737 0.5583 0.9737
115 004 304 192 0.5583 0.5583 0.9737 0.5583 0.9737 0.5583 0.9737 0.9737 0.5583 0.9737 0.5583 0.5583 0.9737 0.5583 0.5583 0.9737
004 304 192 223 0.5583 0.9737 0.9737 0.9737 0.9737 0.5583 0.5583 0.5583 0.9737 0.9737 0.5583 0.9737 0.9737 0.5583 0.5583 0.5583
304 192 223 127 0.9737 0.9737 0.9737 0.5583 0.9737 0.9737 0.9737 0.5583 0.5583 0.5583 0.5583 0.9737 0.5583 0.5583 0.5583 0.9737
192 223 127 035 0.9737 0.5583 0.5583 0.9737 0.5583 0.9737 0.9737 0.5583 0.9737 0.9737 0.9737 0.5583 0.9737 0.9737 0.9737 0.9737
223 127 035 113 0.9737 0.9737 0.5583 0.9737 0.5583 0.5583 0.9737 0.5583 0.5583 0.5583 0.9737 0.9737 0.5583 0.9737 0.5583 0.9737
127 035 113 176 0.9737 0.5583 0.9737 0.9737 0.5583 0.9737 0.5583 0.9737 0.5583 0.5583 0.9737 0.5583 0.5583 0.9737 0.5583 0.5583
035 113 176 086 0.5583 0.5583 0.5583 0.9737 0.9737 0.9737 0.9737 0.9737 0.9737 0.9737 0.5583 0.9737 0.5583 0.9737 0.5583 0.9737
113 176 086 076 0.9737 0.9737 0.5583 0.9737 0.5583 0.9737 0.5583 0.9737 0.5583 0.9737 0.9737 0.5583 0.5583 0.5583 0.5583 0.5583
176 086 076 162 0.9737 0.9737 0.9737 0.9737 0.9737 0.9737 0.9737 0.9737 0.5583 0.9737 0.5583 0.9737 0.9737 0.9737 0.5583 0.9737
086 076 162 214 0.9737 0.9737 0.5583 0.5583 0.5583 0.9737 0.9737 0.9737 0.5583 0.9737 0.5583 0.9737 0.5583 0.9737 0.5583 0.9737
076 162 214 110 0.5583 0.9737 0.5583 0.5583 0.9737 0.5583 0.5583 0.9737 0.9737 0.9737 0.9737 0.5583 0.9737 0.9737 0.5583 0.5583
162 214 110 235 0.5583 0.9737 0.5583 0.5583 0.9737 0.9737 0.9737 0.5583 0.5583 0.5583 0.9737 0.5583 0.5583 0.5583 0.9737 0.5583
214 110 235 189 0.5583 0.5583 0.5583 0.9737 0.5583 0.5583 0.9737 0.5583 0.5583 0.5583 0.5583 0.5583 0.9737 0.9737 0.5583 0.9737
110 235 189 197 0.9737 0.5583 0.5583 0.5583 0.5583 0.5583 0.5583 0.5583 0.9737 0.5583 0.9737 0.9737 0.5583 0.5583 0.9737 0.9737
235 189 197 351 0.5583 0.5583 0.5583 0.9737 0.9737 0.9737 0.5583 0.9737 0.5583 0.9737 0.5583 0.9737 0.5583 0.5583 0.5583 0.5583
189 197 351 249 0.9737 0.9737 0.9737 0.5583 0.9737 0.9737 0.5583 0.5583 0.9737 0.9737 0.5583 0.5583 0.5583 0.5583 0.5583 0.5583
197 351 249 262 0.9737 0.5583 0.9737 0.5583 0.5583 0.9737 0.5583 0.5583 0.5583 0.9737 0.9737 0.9737 0.5583 0.9737 0.9737 0.5583
351 249 262 342 0.5583 0.9737 0.5583 0.9737 0.9737 0.5583 0.5583 0.5583 0.5583 0.9737 0.5583 0.5583 0.9737 0.5583 0.9737 0.5583
249 262 342 275 0.9737 0.9737 0.9737 0.9737 0.9737 0.5583 0.9737 0.9737 0.9737 0.5583 0.9737 0.9737 0.5583 0.9737 0.9737 0.5583
262 342 275 089 0.9737 0.9737 0.5583 0.9737 0.5583 0.9737 0.9737 0.5583 0.9737 0.5583 0.5583 0.9737 0.9737 0.9737 0.9737 0.5583
342 275 089 338 0.5583 0.9737 0.5583 0.9737 0.9737 0.9737 0.9737 0.5583 0.5583 0.9737 0.5583 0.5583 0.5583 0.9737 0.9737 0.5583
275 089 338 309 0.9737 0.5583 0.5583 0.5583 0.5583 0.9737 0.9737 0.9737 0.9737 0.5583 0.9737 0.9737 0.9737 0.9737 0.5583 0.9737
089 338 309 056 0.9737 0.9737 0.9737 0.5583 0.5583 0.5583 0.9737 0.5583 0.9737 0.9737 0.5583 0.5583 0.5583 0.9737 0.5583 0.9737
338 309 056 106 0.5583 0.9737 0.9737 0.9737 0.5583 0.9737 0.9737 0.5583 0.9737 0.9737 0.9737 0.9737 0.9737 0.5583 0.9737 0.5583
309 056 106 131 0.9737 0.9737 0.9737 0.9737 0.9737 0.9737 0.5583 0.9737 0.9737 0.5583 0.5583 0.5583 0.5583 0.5583 0.5583 0.9737
056 106 131 104 0.5583 0.9737 0.9737 0.5583 0.5583 0.5583 0.5583 0.5583 0.5583 0.9737 0.5583 0.5583 0.9737 0.5583 0.5583 0.9737
106 131 104 140 0.9737 0.9737 0.9737 0.9737 0.9737 0.5583 0.9737 0.5583 0.9737 0.5583 0.9737 0.9737 0.9737 0.5583 0.9737 0.9737
131 104 140 154 0.9737 0.5583 0.5583 0.5583 0.5583 0.5583 0.9737 0.9737 0.5583 0.9737 0.9737 0.5583 0.9737 0.5583 0.9737 0.9737
104 140 154 070 0.9737 0.5583 0.5583 0.9737 0.5583 0.9737 0.5583 0.5583 0.5583 0.5583 0.9737 0.9737 0.5583 0.9737 0.5583 0.5583
140 154 070 123 0.9737 0.5583 0.9737 0.5583 0.9737 0.5583 0.5583 0.5583 0.9737 0.9737 0.9737 0.9737 0.9737 0.9737 0.9737 0.9737
154 070 123 112 0.9737 0.5583 0.5583 0.5583 0.9737 0.5583 0.9737 0.9737 0.9737 0.5583 0.5583 0.5583 0.9737 0.5583 0.5583 0.5583
070 123 112 062 0.9737 0.9737 0.9737 0.9737 0.5583 0.9737 0.5583 0.9737 0.9737 0.9737 0.9737 0.9737 0.9737 0.9737 0.5583 0.9737
123 112 062 213 0.5583 0.9737 0.5583 0.5583 0.5583 0.5583 0.9737 0.5583 0.9737 0.9737 0.5583 0.9737 0.5583 0.9737 0.9737 0.5583
112 062 213 212 0.5583 0.5583 0.9737 0.5583 0.9737 0.9737 0.9737 0.9737 0.5583 0.9737 0.9737 0.9737 0.5583 0.5583 0.5583 0.9737
062 213 212 151 0.9737 0.9737 0.5583 0.9737 0.5583 0.9737 0.9737 0.5583 0.9737 0.9737 0.5583 0.5583 0.5583 0.5583 0.9737 0.5583
213 212 151 030 0.5583 0.5583 0.5583 0.5583 0.5583 0.9737 0.9737 0.5583 0.9737 0.9737 0.9737 0.9737 0.5583 0.9737 0.5583 0.5583
212 151 030 324 0.9737 0.5583 0.9737 0.5583 0.5583 0.9737 0.9737 0.9737 0.9737 0.5583 0.9737 0.9737 0.5583 0.5583 0.9737 0.5583
151 030 324 085 0.5583 0.9737 0.5583 0.5583 0.9737 0.5583 0.9737 0.9737 0.5583 0.9737 0.9737 0.9737 0.5583 0.9737 0.5583 0.9737
030 324 085 258 0.5583 0.9737 0.9737 0.5583 0.9737 0.9737 0.9737 0.5583 0.5583 0.9737 0.9737 0.9737 0.5583 0.9737 0.5583 0.5583
324 085 258 299 0.9737 0.5583 0.5583 0.9737 0.9737 0.9737 0.9737 0.5583 0.9737 0.5583 0.5583 0.5583 0.5583 0.5583 0.5583 0.9737
085 258 299 290 0.5583 0.9737 0.9737 0.9737 0.9737 0.9737 0.9737 0.5583 0.5583 0.9737 0.9737 0.9737 0.5583 0.5583 0.9737 0.9737
258 299 290 333 0.9737 0.5583 0.5583 0.9737 0.5583 0.5583 0.9737 0.9737 0.9737 0.5583 0.5583 0.9737 0.9737 0.5583 0.9737 0.9737
299 290 333 164 0.5583 0.9737 0.9737 0.9737 0.9737 0.5583 0.5583 0.5583 0.9737 0.9737 0.5583 0.9737 0.9737 0.5583 0.9737 0.9737
290 333 164 171 0.5583 0.5583 0.9737 0.5583 0.9737 0.5583 0.5583 0.5583 0.5583 0.5583 0.5583 0.9737 0.9737 0.9737 0.9737 0.5583
333 164 171 204 0.9737 0.9737 0.5583 0.5583 0.9737 0.9737 0.5583 0.9737 0.5583 0.5583 0.9737 0.9737 0.9737 0.5583 0.9737 0.9737
164 171 204 107 0.5583 0.9737 0.9737 0.5583 0.9737 0.5583 0.9737 0.9737 0.9737 0.9737 0.9737 0.9737 0.9737 0.5583 0.9737 0.5583
171 204 107 021 0.5583 0.9737 0.9737 0.5583 0.9737 0.9737 0.5583 0.5583 0.9737 0.9737 0.9737 0.5583 0.9737 0.9737 0.9737 0.9737
204 107 021 270 0.9737 0.9737 0.5583 0.5583 0.5583 0.9737 0.5583 0.9737 0.9737 0.9737 0.5583 0.9737 0.5583 0.5583 0.9737 0.9737
107 021 270 224 0.5583 0.5583 0.5583 0.9737 0.5583 0.9737 0.9737 0.5583 0.9737 0.5583 0.9737 0.9737 0.5583 0.9737 0.9737 0.9737
021 270 224 344 0.5583 0.5583 0.5583 0.9737 0.5583 0.5583 0.5583 0.5583 0.9737 0.5583 0.5583 0.5583 0.5583 0.9737 0.5583 0.5583
270 224 344 184 0.9737 0.5583 0.9737 0.5583 0.5583 0.5583 0.5583 0.5583 0.9737 0.5583 0.9737 0.5583 0.9737 0.9737 0.9737 0.5583
224 344 184 109 0.5583 0.5583 0.5583 0.9737 0.5583 0.9737 0.9737 0.5583 0.5583 0.5583 0.9737 0.9737 0.5583 0.9737 0.9737 0.9737
344 184 109 159 0.9737 0.5583 0.9737 0.9737 0.5583 0.5583 0.5583 0.9737 0.5583 0.9737 0.5583 0.9737 0.5583 0.5583 0.9737 0.9737
184 109 159 256 0.9737 0.9737 0.5583 0.5583 0.9737 0.5583 0.5583 0.9737 0.9737 0.5583 0.9737 0.5583 0.5583 0.9737 0.5583 0.5583
109 159 256 336 0.5583 0.5583 0.9737 0.5583 0.9737 0.9737 0.5583 0.5583 0.9737 0.9737 0.9737 0.5583 0.9737 0.5583 0.9737 0.9737
159 256 336 067 0.9737 0.9737 0.9737 0.9737 0.5583 0.5583 0.9737 0.9737 0.9737 0.9737 0.5583 0.5583 0.5583 0.9737 0.5583 0.9737
256 336 067 239 0.9737 0.5583 0.9737 0.9737 0.9737 0.5583 0.5583 0.9737 0.9737 0.9737 0.5583 0.5583 0.5583 0.9737 0.5583 0.5583
336 067 239 215 0.5583 0.9737 0.5583 0.9737 0.9737 0.5583 0.9737 0.9737 0.5583 0.5583 0.9737 0.9737 0.5583 0.5583 0.5583 0.5583
067 239 215 034 0.9737 0.5583 0.5583 0.9737 0.5583 0.5583 0.9737 0.9737 0.5583 0.5583 0.5583 0.9737 0.9737 0.9737 0.9737 0.5583
239 215 034 172 0.9737 0.5583 0.9737 0.9737 0.9737 0.9737 0.5583 0.9737 0.9737 0.9737 0.9737 0.5583 0.9737 0.9737 0.9737 0.5583
215 034 172 121 0.9737 0.5583 0.9737 0.9737 0.5583 0.9737 0.9737 0.9737 0.5583 0.5583 0.5583 0.9737 0.9737 0.9737 0.5583 0.9737
034 172 121 161 0.5583 0.9737 0.9737 0.5583 0.9737 0.9737 0.9737 0.5583 0.9737 0.9737 0.9737 0.9737 0.5583 0.5583 0.5583 0.9737
172 121 161 339 0.9737 0.9737 0.5583 0.9737 0.5583 0.5583 0.9737 0.9737 0.5583 0.9737 0.9737 0.9737 0.5583 0.5583 0.5583 0.5583
121 161 339 015 0.9737 0.9737 0.5583 0.9737 0.9737 0.5583 0.5583 0.5583 0.9737 0.9737 0.9737 0.9737 0.9737 0.5583 0.9737 0.5583
161 339 015 291 0.5583 0.5583 0.9737 0.9737 0.9737 0.9737 0.9737 0.9737 0.5583 0.5583 0.9737 0.5583 0.5583 0.9737 0.5583 0.5583
339 015 291 011 0.9737 0.9737 0.9737 0.9737 0.9737 0.9737 0.9737 0.9737 0.5583 0.9737 0.5583 0.5583 0.9737 0.9737 0.9737 0.9737
015 291 011 135 0.9737 0.9737 0.9737 0.5583 0.9737 0.5583 0.5583 0.9737 0.5583 0.5583 0.9737 0.9737 0.9737 0.5583 0.9737 0.5583
291 011 135 010 0.5583 0.5583 0.5583 0.9737 0.9737 0.9737 0.5583 0.9737 0.9737 0.5583 0.5583 0.5583 0.5583 0.5583 0.5583 0.5583
011 135 010 328 0.9737 0.9737 0.9737 0.9737 0.5583 0.5583 0.9737 0.9737 0.5583 0.5583 0.9737 0.5583 0.5583 0.5583 0.5583 0.5583
135 010 328 144 0.5583 0.9737 0.9737 0.9737 0.5583 0.9737 0.9737 0.9737 0.9737 0.9737 0.5583 0.5583 0.5583 0.9737 0.5583 0.9737
010 328 144 280 0.9737 0.9737 0.5583 0.5583 0.5583 0.5583 0.5583 0.9737 0.5583 0.9737 0.9737 0.9737 0.9737 0.9737 0.5583 0.9737
328 144 280 179 0.5583 0.9737 0.9737 0.9737 0.5583 0.9737 0.9737 0.9737 0.9737 0.9737 0.9737 0.5583 0.5583 0.5583 0.9737 0.9737
144 280 179 355 0.5583 0.9737 0.9737 0.9737 0.5583 0.5583 0.5583 0.9737 0.9737 0.9737 0.9737 0.9737 0.5583 0.5583 0.9737 0.5583
280 179 355 183 0.9737 0.5583 0.9737 0.9737 0.9737 0.9737 0.9737 0.5583 0.5583 0.9737 0.5583 0.5583 0.9737 0.5583 0.5583 0.5583
179 355 183 032 0.5583 0.9737 0.9737 0.5583 0.9737 0.5583 0.9737 0.9737 0.5583 0.9737 0.5583 0.9737 0.9737 0.5583 0.9737 0.5583
355 183 032 349 0.5583 0.9737 0.9737 0.5583 0.9737 0.9737 0.5583 0.9737 0.5583 0.9737 0.5583 0.9737 0.9737 0.5583 0.9737 0.5583
183 032 349 232 0.9737 0.5583 0.9737 0.5583 0.5583 0.5583 0.5583 0.5583 0.5583 0.5583 0.5583 0.5583 0.5583 0.5583 0.9737 0.9737
032 349 232 199 0.9737 0.9737 0.5583 0.5583 0.9737 0.5583 0.9737 0.9737 0.5583 0.9737 0.9737 0.5583 0.5583 0.9737 0.9737 0.5583
349 232 199 145 0.5583 0.9737 0.9737 0.5583 0.5583 0.5583 0.9737 0.9737 0.9737 0.9737 0.9737 0.5583 0.5583 0.9737 0.5583 0.9737
232 199 145 048 0.5583 0.9737 0.9737 0.9737 0.9737 0.9737 0.5583 0.9737 0.9737 0.5583 0.9737 0.9737 0.9737 0.5583 0.5583 0.5583
199 145 048 285 0.9737 0.5583 0.9737 0.5583 0.9737 0.9737 0.9737 0.5583 0.5583 0.9737 0.5583 0.9737 0.9737 0.9737 0.5583 0.9737
145 048 285 023 0.9737 0.9737 0.9737 0.9737 0.9737 0.5583 0.9737 0.5583 0.5583 0.5583 0.9737 0.5583 0.9737 0.9737 0.5583 0.5583
048 285 023 095 0.5583 0.9737 0.5583 0.9737 0.9737 0.5583 0.9737 0.5583 0.9737 0.9737 0.5583 0.9737 0.5583 0.5583 0.9737 0.9737
285 023 095 248 0.9737 0.5583 0.9737 0.9737 0.9737 0.5583 0.5583 0.5583 0.9737 0.5583 0.5583 0.9737 0.5583 0.9737 0.9737 0.9737
023 095 248 253 0.9737 0.9737 0.5583 0.5583 0.5583 0.5583 0.5583 0.9737 0.9737 0.9737 0.9737 0.5583 0.5583 0.9737 0.9737 0.9737
095 248 253 012 0.5583 0.5583 0.5583 0.5583 0.5583 0.9737 0.9737 0.5583 0.5583 0.9737 0.5583 0.9737 0.9737 0.5583 0.9737 0.5583
248 253 012 230 0.9737 0.5583 0.5583 0.5583 0.5583 0.5583 0.9737 0.5583 0.9737 0.5583 0.9737 0.9737 0.9737 0.5583 0.5583 0.9737
253 012 230 305 0.5583 0.9737 0.5583 0.9737 0.5583 0.5583 0.5583 0.9737 0.9737 0.9737 0.5583 0.9737 0.9737 0.9737 0.5583 0.5583
012 230 305 118 0.9737 0.5583 0.5583 0.5583 0.5583 0.5583 0.5583 0.9737 0.5583 0.9737 0.5583 0.5583 0.9737 0.9737 0.5583 0.9737
230 305 118 182 0.5583 0.9737 0.5583 0.9737 0.5583 0.5583 0.9737 0.5583 0.9737 0.9737 0.5583 0.5583 0.9737 0.5583 0.9737 0.5583
305 118 182 233 0.9737 0.5583 0.9737 0.9737 0.9737 0.9737 0.9737 0.9737 0.5583 0.5583 0.5583 0.5583 0.5583 0.5583 0.5583 0.9737
118 182 233 150 0.5583 0.9737 0.9737 0.5583 0.5583 0.5583 0.9737 0.9737 0.5583 0.5583 0.9737 0.9737 0.9737 0.9737 0.5583 0.5583
182 233 150 125 0.5583 0.5583 0.9737 0.9737 0.9737 0.5583 0.9737 0.9737 0.5583 0.5583 0.5583 0.9737 0.5583 0.9737 0.9737 0.5583
233 150 125 026 0.5583 0.5583 0.9737 0.5583 0.9737 0.5583 0.9737 0.9737 0.5583 0.9737 0.5583 0.9737 0.5583 0.5583 0.5583 0.9737
150 125 026 126 0.5583 0.9737 0.5583 0.9737 0.5583 0.5583 0.5583 0.5583 0.5583 0.5583 0.9737 0.5583 0.9737 0.5583 0.9737 0.9737
125 026 126 211 0.5583 0.5583 0.5583 0.9737 0.9737 0.5583 0.5583 0.5583 0.5583 0.9737 0.9737 0.9737 0.5583 0.9737 0.5583 0.9737
026 126 211 322 0.9737 0.9737 0.9737 0.5583 0.5583 0.9737 0.9737 0.5583 0.9737 0.5583 0.9737 0.9737 0.5583 0.5583 0.9737 0.5583
126 211 322 294 0.5583 0.5583 0.5583 0.5583 0.9737 0.9737 0.5583 0.9737 0.9737 0.9737 0.5583 0.5583 0.9737 0.5583 0.5583 0.5583
211 322 294 202 0.9737 0.5583 0.5583 0.5583 0.5583 0.5583 0.9737 0.9737 0.5583 0.9737 0.9737 0.5583 0.9737 0.9737 0.9737 0.5583
322 294 202 268 0.9737 0.5583 0.9737 0.9737 0.5583 0.5583 0.9737 0.5583 0.5583 0.9737 0.5583 0.9737 0.5583 0.9737 0.5583 0.9737
294 202 268 220 0.5583 0.9737 0.5583 0.5583 0.5583 0.9737 0.5583 0.9737 0.5583 0.5583 0.5583 0.5583 0.9737 0.9737 0.5583 0.5583
202 268 220 178 0.9737 0.5583 0.5583 0.9737 0.9737 0.9737 0.5583 0.5583 0.5583 0.9737 0.5583 0.9737 0.5583 0.9737 0.5583 0.9737
268 220 178 217 0.9737 0.5583 0.5583 0.5583 0.9737 0.9737 0.5583 0.5583 0.5583 0.5583 0.5583 0.9737 0.5583 0.5583 0.9737 0.9737
220 178 217 225 0.5583 0.5583 0.5583 0.9737 0.9737 0.9737 0.9737 0.9737 0.5583 0.5583 0.9737 0.5583 0.9737 0.5583 0.9737 0.9737
178 217 225 046 0.9737 0.5583 0.9737 0.9737 0.5583 0.5583 0.9737 0.5583 0.5583 0.9737 0.5583 0.5583 0.5583 0.5583 0.9737 0.9737
217 225 046 005 0.9737 0.9737 0.5583 0.9737 0.9737 0.5583 0.5583 0.9737 0.5583 0.5583 0.5583 0.9737 0.5583 0.5583 0.5583 0.5583
225 046 005 153 0.5583 0.5583 0.9737 0.9737 0.5583 0.5583 0.9737 0.9737 0.9737 0.5583 0.9737 0.9737 0.9737 0.9737 0.9737 0.9737
046 005 153 245 0.5583 0.9737 0.5583 0.5583 0.9737 0.5583 0.9737 0.5583 0.5583 0.5583 0.5583 0.5583 0.5583 0.5583 0.5583 0.9737
005 153 245 055 0.5583 0.5583 0.9737 0.5583 0.9737 0.5583 0.9737 0.5583 0.5583 0.5583 0.9737 0.5583 0.5583 0.5583 0.9737 0.5583
153 245 055 096 0.5583 0.5583 0.9737 0.9737 0.5583 0.9737 0.5583 0.5583 0.5583 0.9737 0.9737 0.5583 0.5583 0.5583 0.5583 0.9737
245 055 096 101 0.9737 0.5583 0.5583 0.9737 0.9737 0.5583 0.9737 0.9737 0.9737 0.5583 0.5583 0.5583 0.5583 0.5583 0.5583 0.9737
055 096 101 292 0.5583 0.9737 0.5583 0.5583 0.5583 0.5583 0.5583 0.9737 0.5583 0.9737 0.9737 0.9737 0.5583 0.5583 0.5583 0.5583
096 101 292 173 0.5583 0.5583 0.5583 0.5583 0.9737 0.5583 0.5583 0.9737 0.5583 0.5583 0.9737 0.5583 0.5583 0.5583 0.5583 0.5583
101 292 173 100 0.5583 0.5583 0.5583 0.5583 0.9737 0.5583 0.9737 0.9737 0.5583 0.9737 0.9737 0.9737 0.5583 0.9737 0.9737 0.5583
292 173 100 134 0.5583 0.9737 0.9737 0.5583 0.5583 0.5583 0.5583 0.9737 0.5583 0.5583 0.9737 0.9737 0.9737 0.9737 0.5583 0.9737
173 100 134 051 0.9737 0.5583 0.5583 0.5583 0.9737 0.5583 0.9737 0.5583 0.5583 0.9737 0.5583 0.5583 0.5583 0.5583 0.9737 0.5583
100 134 051 259 0.9737 0.9737 0.9737 0.5583 0.9737 0.9737 0.5583 0.5583 0.9737 0.5583 0.9737 0.5583 0.5583 0.9737 0.9737 0.9737
134 051 259 301 0.9737 0.5583 0.9737 0.5583 0.9737 0.5583 0.5583 0.9737 0.5583 0.5583 0.5583 0.5583 0.9737 0.5583 0.9737 0.5583
051 259 301 271 0.5583 0.9737 0.9737 0.5583 0.9737 0.9737 0.5583 0.5583 0.9737 0.9737 0.5583 0.5583 0.5583 0.9737 0.5583 0.5583
259 301 271 343 0.9737 0.9737 0.9737 0.5583 0.9737 0.9737 0.9737 0.9737 0.9737 0.5583 0.9737 0.9737 0.5583 0.9737 0.9737 0.5583
301 271 343 002 0.9737 0.9737 0.9737 0.9737 0.9737 0.9737 0.5583 0.5583 0.5583 0.5583 0.5583 0.5583 0.9737 0.5583 0.9737 0.9737
271 343 002 160 0.9737 0.9737 0.5583 0.5583 0.5583 0.5583 0.9737 0.9737 0.9737 0.9737 0.9737 0.9737 0.5583 0.5583 0.9737 0.5583
343 002 160 238 0.9737 0.5583 0.9737 0.9737 0.9737 0.5583 0.9737 0.9737 0.9737 0.5583 0.9737 0.5583 0.9737 0.5583 0.9737 0.9737
002 160 238 064 0.9737 0.9737 0.5583 0.5583 0.5583 0.5583 0.9737 0.9737 0.5583 0.9737 0.5583 0.9737 0.9737 0.9737 0.9737 0.5583
160 238 064 082 0.9737 0.5583 0.9737 0.9737 0.5583 0.5583 0.5583 0.5583 0.5583 0.9737 0.9737 0.5583 0.9737 0.9737 0.5583 0.5583
238 064 082 133 0.5583 0.5583 0.5583 0.5583 0.9737 0.5583 0.9737 0.5583 0.9737 0.5583 0.9737 0.9737 0.9737 0.9737 0.5583 0.5583
064 082 133 267 0.5583 0.9737 0.5583 0.5583 0.9737 0.5583 0.9737 0.5583 0.5583 0.5583 0.5583 0.5583 0.9737 0.5583 0.5583 0.5583
082 133 267 193 0.9737 0.9737 0.9737 0.5583 0.9737 0.9737 0.9737 0.5583 0.5583 0.5583 0.5583 0.9737 0.9737 0.9737 0.9737 0.5583
133 267 193 240 0.5583 0.5583 0.9737 0.9737 0.9737 0.5583 0.5583 0.5583 0.5583 0.5583 0.9737 0.9737 0.5583 0.9737 0.9737 0.5583
267 193 240 137 0.5583 0.5583 0.5583 0.9737 0.9737 0.9737 0.9737 0.9737 0.9737 0.9737 0.5583 0.9737 0.5583 0.5583 0.5583 0.5583
193 240 137 152 0.5583 0.9737 0.9737 0.5583 0.5583 0.5583 0.9737 0.5583 0.9737 0.5583 0.5583 0.9737 0.5583 0.5583 0.5583 0.9737
240 137 152 263 0.5583 0.5583 0.9737 0.5583 0.9737 0.5583 0.5583 0.5583 0.9737 0.5583 0.5583 0.9737 0.5583 0.9737 0.9737 0.9737
137 152 263 200 0.9737 0.5583 0.5583 0.5583 0.5583 0.9737 0.5583 0.9737 0.9737 0.9737 0.5583 0.5583 0.5583 0.5583 0.9737 0.9737
152 263 200 175 0.9737 0.9737 0.5583 0.5583 0.9737 0.5583 0.5583 0.9737 0.9737 0.5583 0.9737 0.5583 0.9737 0.5583 0.9737 0.5583
263 200 175 102 0.5583 0.5583 0.9737 0.5583 0.5583 0.5583 0.9737 0.9737 0.5583 0.9737 0.5583 0.5583 0.9737 0.9737 0.9737 0.5583
200 175 102 205 0.9737 0.5583 0.5583 0.9737 0.9737 0.5583 0.9737 0.9737 0.5583 0.5583 0.5583 0.5583 0.9737 0.9737 0.5583 0.9737
175 102 205 081 0.9737 0.9737 0.5583 0.9737 0.5583 0.5583 0.9737 0.5583 0.9737 0.5583 0.5583 0.9737 0.5583 0.9737 0.5583 0.5583
102 205 081 332 0.9737 0.9737 0.5583 0.9737 0.9737 0.9737 0.9737 0.5583 0.9737 0.5583 0.9737 0.9737 0.5583 0.5583 0.9737 0.5583
205 081 332 105 0.9737 0.5583 0.9737 0.5583 0.5583 0.5583 0.9737 0.5583 0.5583 0.9737 0.5583 0.5583 0.5583 0.5583 0.5583 0.9737
081 332 105 073 0.9737 0.5583 0.9737 0.5583 0.5583 0.9737 0.9737 0.9737 0.9737 0.5583 0.9737 0.5583 0.5583 0.9737 0.9737 0.5583
332 105 073 084 0.5583 0.5583 0.9737 0.5583 0.9737 0.9737 0.5583 0.9737 0.5583 0.5583 0.5583 0.5583 0.5583 0.5583 0.5583 0.9737
105 073 084 337 0.9737 0.9737 0.9737 0.5583 0.5583 0.5583 0.9737 0.5583 0.5583 0.5583 0.9737 0.9737 0.9737 0.5583 0.5583 0.9737
073 084 337 039 0.5583 0.9737 0.9737 0.5583 0.9737 0.5583 0.5583 0.5583 0.9737 0.5583 0.9737 0.5583 0.5583 0.9737 0.5583 0.9737
