356 031684 3
061 138 233 206 0.4836 0.4836 0.7945 0.4836 0.4836 0.4836 0.4836 0.7945 0.7945 0.4836 0.4836 0.7945 0.4836 0.4836 0.7945 0.7945
138 233 206 297 0.7945 0.4836 0.4836 0.4836 0.4836 0.7945 0.7945 0.7945 0.4836 0.4836 0.4836 0.7945 0.4836 0.7945 0.4836 0.7945
233 206 297 157 0.4836 0.4836 0.4836 0.4836 0.7945 0.7945 0.7945 0.4836 0.7945 0.7945 0.4836 0.4836 0.4836 0.7945 0.4836 0.4836
206 297 157 166 0.4836 0.4836 0.4836 0.4836 0.7945 0.4836 0.4836 0.7945 0.7945 0.4836 0.4836 0.7945 0.7945 0.7945 0.4836 0.7945
297 157 166 003 0.4836 0.4836 0.7945 0.4836 0.4836 0.7945 0.7945 0.4836 0.7945 0.7945 0.7945 0.4836 0.7945 0.7945 0.7945 0.7945
157 166 003 329 0.7945 0.4836 0.4836 0.7945 0.7945 0.7945 0.4836 0.4836 0.4836 0.7945 0.4836 0.4836 0.4836 0.4836 0.7945 0.7945
166 003 329 002 0.4836 0.4836 0.4836 0.4836 0.4836 0.7945 0.7945 0.4836 0.4836 0.7945 0.4836 0.4836 0.4836 0.4836 0.4836 0.7945
003 329 002 109 0.4836 0.7945 0.4836 0.7945 0.7945 0.7945 0.7945 0.7945 0.4836 0.4836 0.7945 0.7945 0.7945 0.7945 0.7945 0.7945
329 002 109 115 0.4836 0.7945 0.7945 0.7945 0.7945 0.7945 0.4836 0.7945 0.7945 0.7945 0.4836 0.7945 0.7945 0.4836 0.7945 0.7945
002 109 115 049 0.7945 0.4836 0.4836 0.4836 0.4836 0.4836 0.4836 0.4836 0.7945 0.7945 0.4836 0.7945 0.7945 0.4836 0.7945 0.4836
109 115 049 229 0.4836 0.4836 0.4836 0.4836 0.4836 0.7945 0.4836 0.4836 0.7945 0.7945 0.4836 0.7945 0.7945 0.7945 0.7945 0.7945
115 049 229 323 0.7945 0.7945 0.4836 0.7945 0.7945 0.7945 0.7945 0.7945 0.4836 0.7945 0.7945 0.4836 0.4836 0.4836 0.7945 0.4836
049 229 323 029 0.4836 0.7945 0.4836 0.4836 0.7945 0.4836 0.4836 0.7945 0.7945 0.4836 0.4836 0.4836 0.7945 0.7945 0.7945 0.7945
229 323 029 141 0.7945 0.4836 0.7945 0.7945 0.4836 0.4836 0.4836 0.7945 0.4836 0.4836 0.4836 0.4836 0.7945 0.4836 0.7945 0.7945
323 029 141 087 0.4836 0.7945 0.4836 0.4836 0.4836 0.4836 0.7945 0.4836 0.4836 0.4836 0.4836 0.7945 0.4836 0.7945 0.4836 0.4836
029 141 087 174 0.4836 0.7945 0.4836 0.4836 0.7945 0.4836 0.4836 0.4836 0.4836 0.7945 0.7945 0.4836 0.4836 0.7945 0.4836 0.4836
141 087 174 023 0.7945 0.4836 0.7945 0.7945 0.7945 0.4836 0.7945 0.7945 0.7945 0.4836 0.7945 0.4836 0.4836 0.4836 0.7945 0.4836
087 174 023 046 0.7945 0.4836 0.7945 0.7945 0.4836 0.4836 0.4836 0.4836 0.4836 0.4836 0.4836 0.4836 0.7945 0.4836 0.4836 0.4836
174 023 046 355 0.4836 0.4836 0.7945 0.7945 0.7945 0.4836 0.4836 0.7945 0.7945 0.7945 0.7945 0.4836 0.4836 0.4836 0.7945 0.7945
023 046 355 155 0.7945 0.4836 0.7945 0.4836 0.7945 0.4836 0.7945 0.7945 0.7945 0.4836 0.4836 0.7945 0.7945 0.7945 0.7945 0.7945
046 355 155 134 0.4836 0.7945 0.4836 0.4836 0.7945 0.4836 0.4836 0.7945 0.7945 0.4836 0.7945 0.4836 0.7945 0.4836 0.4836 0.7945
355 155 134 022 0.4836 0.4836 0.4836 0.4836 0.4836 0.4836 0.7945 0.4836 0.7945 0.4836 0.7945 0.4836 0.4836 0.4836 0.7945 0.7945
155 134 022 301 0.7945 0.7945 0.4836 0.7945 0.7945 0.7945 0.7945 0.7945 0.7945 0.7945 0.7945 0.7945 0.7945 0.4836 0.4836 0.7945
134 022 301 345 0.4836 0.7945 0.4836 0.4836 0.7945 0.7945 0.4836 0.4836 0.7945 0.4836 0.4836 0.4836 0.7945 0.4836 0.7945 0.7945
022 301 345 263 0.7945 0.7945 0.4836 0.4836 0.4836 0.7945 0.4836 0.7945 0.4836 0.4836 0.4836 0.4836 0.4836 0.7945 0.7945 0.4836
301 345 263 232 0.7945 0.4836 0.7945 0.7945 0.4836 0.7945 0.7945 0.4836 0.4836 0.4836 0.4836 0.7945 0.4836 0.7945 0.4836 0.7945
345 263 232 210 0.4836 0.4836 0.4836 0.7945 0.7945 0.4836 0.7945 0.7945 0.7945 0.7945 0.4836 0.4836 0.4836 0.7945 0.7945 0.4836
263 232 210 222 0.7945 0.4836 0.4836 0.7945 0.7945 0.7945 0.7945 0.7945 0.7945 0.4836 0.4836 0.4836 0.4836 0.7945 0.7945 0.4836
232 210 222 072 0.4836 0.7945 0.4836 0.7945 0.4836 0.4836 0.7945 0.7945 0.4836 0.7945 0.7945 0.7945 0.7945 0.4836 0.7945 0.7945
210 222 072 224 0.7945 0.7945 0.7945 0.4836 0.7945 0.7945 0.4836 0.4836 0.7945 0.7945 0.7945 0.4836 0.4836 0.4836 0.4836 0.4836
222 072 224 106 0.4836 0.4836 0.7945 0.7945 0.7945 0.7945 0.4836 0.4836 0.4836 0.4836 0.4836 0.4836 0.7945 0.7945 0.4836 0.4836
072 224 106 034 0.4836 0.4836 0.4836 0.4836 0.7945 0.7945 0.4836 0.4836 0.4836 0.7945 0.4836 0.7945 0.4836 0.7945 0.4836 0.7945
224 106 034 031 0.7945 0.4836 0.7945 0.7945 0.4836 0.7945 0.7945 0.4836 0.4836 0.7945 0.7945 0.4836 0.4836 0.4836 0.4836 0.4836
106 034 031 255 0.7945 0.7945 0.4836 0.4836 0.4836 0.7945 0.7945 0.7945 0.4836 0.7945 0.4836 0.7945 0.7945 0.7945 0.4836 0.4836
034 031 255 300 0.4836 0.4836 0.4836 0.4836 0.4836 0.7945 0.4836 0.7945 0.7945 0.4836 0.4836 0.4836 0.4836 0.4836 0.7945 0.7945
031 255 300 271 0.4836 0.7945 0.4836 0.7945 0.4836 0.7945 0.7945 0.4836 0.7945 0.7945 0.7945 0.7945 0.7945 0.7945 0.7945 0.4836
255 300 271 299 0.7945 0.7945 0.7945 0.4836 0.7945 0.7945 0.7945 0.7945 0.7945 0.4836 0.7945 0.7945 0.7945 0.7945 0.7945 0.7945
300 271 299 102 0.7945 0.7945 0.4836 0.7945 0.7945 0.7945 0.7945 0.4836 0.4836 0.4836 0.7945 0.7945 0.7945 0.7945 0.7945 0.4836
271 299 102 234 0.4836 0.4836 0.7945 0.4836 0.7945 0.7945 0.7945 0.4836 0.7945 0.7945 0.4836 0.7945 0.7945 0.4836 0.4836 0.7945
299 102 234 124 0.7945 0.7945 0.7945 0.7945 0.7945 0.7945 0.7945 0.7945 0.4836 0.7945 0.7945 0.7945 0.4836 0.4836 0.7945 0.4836
102 234 124 028 0.7945 0.4836 0.7945 0.7945 0.7945 0.7945 0.4836 0.4836 0.4836 0.7945 0.4836 0.7945 0.4836 0.4836 0.7945 0.7945
234 124 028 201 0.4836 0.4836 0.4836 0.7945 0.4836 0.4836 0.7945 0.7945 0.4836 0.4836 0.4836 0.4836 0.4836 0.4836 0.4836 0.7945
124 028 201 080 0.4836 0.4836 0.4836 0.4836 0.7945 0.7945 0.4836 0.7945 0.7945 0.4836 0.4836 0.7945 0.7945 0.7945 0.7945 0.7945
028 201 080 055 0.7945 0.7945 0.7945 0.7945 0.4836 0.4836 0.7945 0.4836 0.7945 0.7945 0.4836 0.7945 0.4836 0.7945 0.7945 0.7945
201 080 055 024 0.7945 0.4836 0.4836 0.7945 0.4836 0.7945 0.4836 0.7945 0.4836 0.7945 0.7945 0.7945 0.7945 0.7945 0.4836 0.4836
080 055 024 011 0.4836 0.7945 0.7945 0.7945 0.4836 0.4836 0.4836 0.4836 0.7945 0.4836 0.4836 0.4836 0.4836 0.4836 0.7945 0.4836
055 024 011 293 0.4836 0.7945 0.4836 0.4836 0.4836 0.7945 0.7945 0.4836 0.7945 0.7945 0.4836 0.4836 0.7945 0.7945 0.4836 0.7945
024 011 293 274 0.4836 0.7945 0.7945 0.4836 0.4836 0.4836 0.7945 0.4836 0.7945 0.4836 0.4836 0.4836 0.4836 0.4836 0.7945 0.4836
011 293 274 130 0.4836 0.7945 0.7945 0.7945 0.7945 0.7945 0.7945 0.7945 0.4836 0.7945 0.4836 0.7945 0.7945 0.7945 0.7945 0.4836
293 274 130 140 0.7945 0.4836 0.7945 0.4836 0.4836 0.4836 0.7945 0.4836 0.4836 0.7945 0.4836 0.7945 0.7945 0.4836 0.4836 0.4836
274 130 140 265 0.7945 0.7945 0.7945 0.7945 0.7945 0.7945 0.7945 0.4836 0.7945 0.4836 0.7945 0.4836 0.7945 0.4836 0.7945 0.4836
130 140 265 309 0.4836 0.7945 0.4836 0.7945 0.4836 0.7945 0.7945 0.4836 0.7945 0.7945 0.4836 0.4836 0.4836 0.7945 0.7945 0.7945
140 265 309 334 0.7945 0.7945 0.7945 0.4836 0.7945 0.4836 0.4836 0.7945 0.4836 0.7945 0.7945 0.4836 0.4836 0.4836 0.7945 0.4836
265 309 334 216 0.4836 0.4836 0.7945 0.7945 0.4836 0.7945 0.7945 0.4836 0.7945 0.4836 0.4836 0.4836 0.7945 0.4836 0.4836 0.4836
309 334 216 065 0.7945 0.7945 0.7945 0.7945 0.7945 0.7945 0.4836 0.7945 0.7945 0.4836 0.4836 0.7945 0.4836 0.7945 0.7945 0.7945
334 216 065 196 0.7945 0.4836 0.4836 0.4836 0.7945 0.7945 0.4836 0.7945 0.4836 0.4836 0.7945 0.4836 0.4836 0.4836 0.7945 0.4836
216 065 196 113 0.4836 0.4836 0.7945 0.7945 0.7945 0.7945 0.7945 0.7945 0.4836 0.7945 0.7945 0.7945 0.7945 0.7945 0.7945 0.4836
065 196 113 053 0.7945 0.4836 0.4836 0.7945 0.7945 0.4836 0.7945 0.7945 0.7945 0.7945 0.4836 0.4836 0.4836 0.7945 0.7945 0.7945
196 113 053 257 0.7945 0.7945 0.4836 0.4836 0.4836 0.4836 0.4836 0.4836 0.7945 0.7945 0.4836 0.4836 0.7945 0.4836 0.4836 0.4836
113 053 257 082 0.4836 0.4836 0.7945 0.7945 0.7945 0.7945 0.7945 0.7945 0.4836 0.4836 0.4836 0.7945 0.7945 0.7945 0.4836 0.4836
053 257 082 018 0.4836 0.7945 0.7945 0.7945 0.4836 0.7945 0.4836 0.7945 0.4836 0.7945 0.7945 0.4836 0.4836 0.7945 0.7945 0.4836
257 082 018 328 0.7945 0.7945 0.7945 0.7945 0.7945 0.7945 0.7945 0.4836 0.7945 0.4836 0.4836 0.4836 0.4836 0.7945 0.4836 0.4836
082 018 328 162 0.7945 0.7945 0.7945 0.4836 0.7945 0.7945 0.7945 0.7945 0.7945 0.4836 0.4836 0.7945 0.4836 0.7945 0.7945 0.4836
018 328 162 014 0.7945 0.4836 0.4836 0.7945 0.4836 0.4836 0.4836 0.7945 0.7945 0.4836 0.4836 0.4836 0.4836 0.7945 0.7945 0.7945
328 162 014 167 0.4836 0.4836 0.7945 0.4836 0.4836 0.4836 0.7945 0.7945 0.4836 0.4836 0.4836 0.7945 0.4836 0.4836 0.4836 0.7945
162 014 167 187 0.7945 0.7945 0.4836 0.4836 0.4836 0.7945 0.7945 0.7945 0.7945 0.4836 0.7945 0.4836 0.7945 0.4836 0.7945 0.4836
014 167 187 247 0.4836 0.7945 0.7945 0.4836 0.7945 0.7945 0.7945 0.7945 0.4836 0.7945 0.7945 0.4836 0.7945 0.4836 0.4836 0.7945
167 187 247 040 0.7945 0.7945 0.4836 0.4836 0.4836 0.4836 0.7945 0.7945 0.4836 0.7945 0.7945 0.7945 0.7945 0.7945 0.7945 0.7945
187 247 040 335 0.7945 0.4836 0.4836 0.4836 0.4836 0.7945 0.7945 0.4836 0.7945 0.7945 0.4836 0.4836 0.7945 0.4836 0.4836 0.4836
247 040 335 127 0.4836 0.7945 0.4836 0.4836 0.7945 0.4836 0.7945 0.4836 0.4836 0.7945 0.4836 0.7945 0.4836 0.4836 0.7945 0.4836
040 335 127 036 0.7945 0.4836 0.4836 0.7945 0.7945 0.4836 0.4836 0.4836 0.7945 0.7945 0.7945 0.7945 0.4836 0.7945 0.4836 0.4836
335 127 036 025 0.4836 0.4836 0.4836 0.4836 0.4836 0.7945 0.4836 0.7945 0.4836 0.7945 0.7945 0.4836 0.4836 0.4836 0.4836 0.4836
127 036 025 121 0.7945 0.4836 0.4836 0.7945 0.7945 0.4836 0.4836 0.7945 0.7945 0.4836 0.7945 0.7945 0.4836 0.4836 0.4836 0.7945
036 025 121 048 0.4836 0.4836 0.7945 0.7945 0.7945 0.7945 0.4836 0.7945 0.7945 0.7945 0.4836 0.7945 0.7945 0.4836 0.7945 0.7945
025 121 048 221 0.7945 0.7945 0.7945 0.4836 0.4836 0.4836 0.7945 0.4836 0.7945 0.4836 0.4836 0.4836 0.7945 0.4836 0.7945 0.4836
121 048 221 322 0.4836 0.4836 0.4836 0.7945 0.7945 0.4836 0.4836 0.4836 0.7945 0.7945 0.4836 0.7945 0.4836 0.4836 0.4836 0.7945
048 221 322 336 0.7945 0.7945 0.7945 0.4836 0.4836 0.4836 0.4836 0.7945 0.4836 0.7945 0.7945 0.7945 0.4836 0.7945 0.4836 0.4836
221 322 336 020 0.4836 0.4836 0.4836 0.4836 0.7945 0.4836 0.4836 0.7945 0.4836 0.7945 0.7945 0.7945 0.4836 0.4836 0.4836 0.7945
322 336 020 073 0.4836 0.7945 0.7945 0.4836 0.4836 0.4836 0.7945 0.7945 0.7945 0.7945 0.4836 0.4836 0.7945 0.7945 0.4836 0.7945
336 020 073 083 0.4836 0.4836 0.4836 0.7945 0.4836 0.7945 0.4836 0.7945 0.4836 0.4836 0.4836 0.4836 0.4836 0.7945 0.4836 0.4836
020 073 083 251 0.4836 0.7945 0.7945 0.4836 0.4836 0.7945 0.7945 0.7945 0.7945 0.7945 0.4836 0.4836 0.7945 0.7945 0.7945 0.4836
073 083 251 171 0.4836 0.4836 0.4836 0.7945 0.4836 0.4836 0.4836 0.4836 0.4836 0.7945 0.4836 0.7945 0.7945 0.4836 0.4836 0.7945
083 251 171 226 0.7945 0.7945 0.4836 0.7945 0.4836 0.7945 0.7945 0.7945 0.4836 0.7945 0.7945 0.4836 0.7945 0.7945 0.7945 0.7945
251 171 226 030 0.4836 0.7945 0.4836 0.4836 0.7945 0.4836 0.4836 0.7945 0.4836 0.7945 0.4836 0.4836 0.4836 0.4836 0.7945 0.7945
171 226 030 317 0.7945 0.4836 0.4836 0.4836 0.4836 0.4836 0.4836 0.4836 0.7945 0.4836 0.7945 0.4836 0.7945 0.4836 0.4836 0.7945
226 030 317 215 0.7945 0.7945 0.4836 0.7945 0.4836 0.7945 0.4836 0.4836 0.4836 0.7945 0.7945 0.7945 0.7945 0.7945 0.4836 0.4836
030 317 215 205 0.4836 0.7945 0.7945 0.4836 0.7945 0.7945 0.7945 0.7945 0.7945 0.4836 0.4836 0.7945 0.4836 0.7945 0.7945 0.4836
317 215 205 212 0.7945 0.4836 0.7945 0.7945 0.4836 0.7945 0.7945 0.7945 0.7945 0.7945 0.4836 0.7945 0.4836 0.7945 0.7945 0.4836
215 205 212 305 0.7945 0.4836 0.7945 0.4836 0.7945 0.7945 0.4836 0.7945 0.7945 0.7945 0.7945 0.7945 0.7945 0.4836 0.7945 0.7945
205 212 305 284 0.4836 0.7945 0.4836 0.4836 0.7945 0.4836 0.7945 0.7945 0.7945 0.4836 0.4836 0.7945 0.7945 0.7945 0.4836 0.7945
212 305 284 315 0.7945 0.7945 0.7945 0.4836 0.4836 0.7945 0.4836 0.4836 0.7945 0.7945 0.4836 0.4836 0.4836 0.7945 0.7945 0.7945
305 284 315 149 0.7945 0.4836 0.7945 0.4836 0.4836 0.7945 0.4836 0.4836 0.4836 0.7945 0.4836 0.4836 0.7945 0.7945 0.7945 0.4836
284 315 149 091 0.7945 0.4836 0.7945 0.4836 0.7945 0.7945 0.4836 0.7945 0.7945 0.4836 0.7945 0.4836 0.7945 0.4836 0.4836 0.4836
315 149 091 239 0.7945 0.7945 0.7945 0.7945 0.4836 0.4836 0.4836 0.4836 0.7945 0.7945 0.7945 0.7945 0.4836 0.4836 0.4836 0.7945
149 091 239 122 0.7945 0.7945 0.4836 0.4836 0.4836 0.7945 0.4836 0.7945 0.4836 0.4836 0.7945 0.4836 0.7945 0.7945 0.7945 0.7945
091 239 122 176 0.7945 0.7945 0.4836 0.7945 0.4836 0.4836 0.4836 0.4836 0.7945 0.7945 0.4836 0.4836 0.4836 0.7945 0.7945 0.4836
239 122 176 352 0.4836 0.4836 0.7945 0.7945 0.7945 0.7945 0.7945 0.7945 0.4836 0.4836 0.4836 0.7945 0.4836 0.7945 0.4836 0.4836
122 176 352 054 0.4836 0.4836 0.7945 0.4836 0.4836 0.7945 0.7945 0.4836 0.7945 0.7945 0.7945 0.4836 0.4836 0.7945 0.7945 0.7945
176 352 054 135 0.4836 0.4836 0.7945 0.4836 0.7945 0.7945 0.4836 0.7945 0.7945 0.4836 0.4836 0.4836 0.7945 0.4836 0.7945 0.4836
352 054 135 148 0.4836 0.4836 0.7945 0.4836 0.4836 0.4836 0.7945 0.7945 0.4836 0.7945 0.4836 0.7945 0.7945 0.7945 0.4836 0.4836
054 135 148 075 0.4836 0.4836 0.7945 0.7945 0.7945 0.7945 0.7945 0.7945 0.7945 0.4836 0.7945 0.7945 0.4836 0.7945 0.7945 0.7945
135 148 075 204 0.4836 0.7945 0.4836 0.4836 0.7945 0.7945 0.4836 0.7945 0.7945 0.4836 0.4836 0.7945 0.7945 0.4836 0.7945 0.7945
148 075 204 235 0.7945 0.4836 0.4836 0.4836 0.7945 0.4836 0.7945 0.4836 0.4836 0.4836 0.7945 0.4836 0.4836 0.4836 0.4836 0.4836
075 204 235 182 0.7945 0.7945 0.4836 0.4836 0.7945 0.4836 0.7945 0.4836 0.7945 0.7945 0.4836 0.4836 0.4836 0.4836 0.4836 0.7945
204 235 182 063 0.4836 0.7945 0.7945 0.4836 0.7945 0.4836 0.4836 0.7945 0.4836 0.7945 0.4836 0.4836 0.4836 0.4836 0.7945 0.7945
235 182 063 306 0.4836 0.7945 0.4836 0.4836 0.7945 0.7945 0.7945 0.4836 0.4836 0.4836 0.4836 0.4836 0.4836 0.7945 0.4836 0.7945
182 063 306 125 0.7945 0.4836 0.4836 0.4836 0.7945 0.4836 0.4836 0.7945 0.4836 0.4836 0.4836 0.7945 0.4836 0.4836 0.4836 0.7945
063 306 125 050 0.7945 0.7945 0.7945 0.7945 0.7945 0.7945 0.4836 0.7945 0.4836 0.4836 0.7945 0.7945 0.4836 0.4836 0.4836 0.7945
306 125 050 292 0.4836 0.4836 0.7945 0.4836 0.4836 0.4836 0.7945 0.4836 0.7945 0.4836 0.4836 0.7945 0.7945 0.7945 0.7945 0.4836
125 050 292 013 0.7945 0.7945 0.7945 0.7945 0.7945 0.4836 0.7945 0.4836 0.7945 0.4836 0.4836 0.4836 0.4836 0.7945 0.4836 0.4836
050 292 013 144 0.4836 0.7945 0.4836 0.4836 0.7945 0.7945 0.4836 0.7945 0.4836 0.4836 0.4836 0.7945 0.4836 0.4836 0.7945 0.4836
292 013 144 268 0.7945 0.4836 0.4836 0.7945 0.7945 0.7945 0.7945 0.4836 0.7945 0.4836 0.7945 0.4836 0.7945 0.7945 0.7945 0.7945
013 144 268 225 0.4836 0.4836 0.7945 0.4836 0.4836 0.7945 0.7945 0.4836 0.7945 0.7945 0.7945 0.4836 0.7945 0.7945 0.4836 0.4836
144 268 225 248 0.4836 0.7945 0.7945 0.4836 0.4836 0.4836 0.7945 0.7945 0.7945 0.4836 0.7945 0.7945 0.7945 0.7945 0.7945 0.4836
268 225 248 193 0.4836 0.4836 0.4836 0.4836 0.7945 0.4836 0.7945 0.4836 0.7945 0.4836 0.7945 0.4836 0.7945 0.7945 0.7945 0.4836
225 248 193 342 0.4836 0.7945 0.7945 0.4836 0.7945 0.4836 0.4836 0.4836 0.7945 0.4836 0.7945 0.7945 0.4836 0.7945 0.7945 0.4836
248 193 342 243 0.7945 0.4836 0.7945 0.7945 0.7945 0.7945 0.7945 0.4836 0.7945 0.4836 0.7945 0.7945 0.7945 0.7945 0.7945 0.4836
193 342 243 150 0.7945 0.7945 0.7945 0.4836 0.4836 0.4836 0.4836 0.4836 0.4836 0.7945 0.4836 0.4836 0.7945 0.4836 0.7945 0.7945
342 243 150 128 0.7945 0.4836 0.4836 0.7945 0.7945 0.4836 0.4836 0.4836 0.7945 0.4836 0.4836 0.4836 0.4836 0.7945 0.7945 0.7945
243 150 128 146 0.4836 0.4836 0.4836 0.7945 0.4836 0.7945 0.7945 0.4836 0.7945 0.4836 0.4836 0.4836 0.4836 0.4836 0.4836 0.4836
150 128 146 118 0.7945 0.4836 0.7945 0.4836 0.7945 0.4836 0.4836 0.4836 0.4836 0.4836 0.4836 0.4836 0.7945 0.4836 0.4836 0.4836
128 146 118 019 0.4836 0.7945 0.7945 0.4836 0.4836 0.7945 0.4836 0.4836 0.4836 0.4836 0.7945 0.7945 0.4836 0.7945 0.4836 0.7945
146 118 019 244 0.7945 0.7945 0.7945 0.4836 0.4836 0.7945 0.4836 0.7945 0.4836 0.4836 0.4836 0.7945 0.4836 0.4836 0.4836 0.4836
118 019 244 158 0.7945 0.7945 0.7945 0.4836 0.4836 0.4836 0.4836 0.7945 0.4836 0.7945 0.4836 0.7945 0.7945 0.7945 0.4836 0.4836
019 244 158 242 0.7945 0.7945 0.7945 0.4836 0.7945 0.4836 0.7945 0.4836 0.4836 0.7945 0.7945 0.4836 0.7945 0.4836 0.4836 0.4836
244 158 242 152 0.7945 0.4836 0.4836 0.7945 0.7945 0.7945 0.7945 0.7945 0.7945 0.7945 0.4836 0.7945 0.7945 0.4836 0.4836 0.4836
158 242 152 085 0.4836 0.4836 0.4836 0.4836 0.7945 0.4836 0.4836 0.4836 0.7945 0.7945 0.7945 0.7945 0.4836 0.4836 0.7945 0.7945
242 152 085 116 0.7945 0.4836 0.7945 0.7945 0.7945 0.7945 0.7945 0.7945 0.7945 0.7945 0.4836 0.4836 0.4836 0.4836 0.4836 0.4836
152 085 116 164 0.7945 0.7945 0.4836 0.7945 0.7945 0.7945 0.4836 0.4836 0.4836 0.4836 0.4836 0.7945 0.4836 0.4836 0.4836 0.4836
085 116 164 107 0.7945 0.7945 0.4836 0.7945 0.4836 0.4836 0.7945 0.4836 0.4836 0.7945 0.4836 0.4836 0.4836 0.7945 0.7945 0.4836
116 164 107 279 0.4836 0.4836 0.7945 0.7945 0.4836 0.4836 0.7945 0.7945 0.7945 0.7945 0.4836 0.4836 0.7945 0.4836 0.7945 0.4836
164 107 279 044 0.7945 0.7945 0.4836 0.7945 0.4836 0.4836 0.4836 0.4836 0.7945 0.4836 0.7945 0.4836 0.4836 0.7945 0.4836 0.7945
107 279 044 189 0.7945 0.4836 0.4836 0.7945 0.4836 0.4836 0.7945 0.4836 0.4836 0.7945 0.4836 0.7945 0.7945 0.4836 0.4836 0.4836
279 044 189 324 0.7945 0.4836 0.7945 0.4836 0.7945 0.7945 0.7945 0.4836 0.7945 0.7945 0.7945 0.7945 0.7945 0.4836 0.7945 0.4836
044 189 324 071 0.7945 0.7945 0.4836 0.4836 0.7945 0.7945 0.7945 0.4836 0.4836 0.4836 0.7945 0.4836 0.7945 0.4836 0.4836 0.4836
189 324 071 090 0.4836 0.7945 0.7945 0.4836 0.7945 0.7945 0.4836 0.7945 0.4836 0.7945 0.4836 0.7945 0.4836 0.7945 0.4836 0.7945
324 071 090 343 0.4836 0.7945 0.4836 0.4836 0.4836 0.7945 0.7945 0.7945 0.4836 0.7945 0.7945 0.7945 0.4836 0.7945 0.7945 0.7945
071 090 343 079 0.4836 0.7945 0.7945 0.7945 0.4836 0.4836 0.4836 0.7945 0.7945 0.7945 0.7945 0.4836 0.7945 0.4836 0.4836 0.7945
090 343 079 194 0.4836 0.4836 0.7945 0.7945 0.7945 0.7945 0.4836 0.7945 0.7945 0.7945 0.7945 0.4836 0.7945 0.7945 0.4836 0.4836
343 079 194 153 0.4836 0.7945 0.4836 0.4836 0.7945 0.4836 0.4836 0.7945 0.4836 0.7945 0.7945 0.7945 0.7945 0.4836 0.7945 0.7945
079 194 153 170 0.4836 0.7945 0.7945 0.7945 0.4836 0.7945 0.4836 0.7945 0.4836 0.4836 0.7945 0.4836 0.7945 0.4836 0.4836 0.4836
194 153 170 327 0.4836 0.7945 0.4836 0.7945 0.7945 0.4836 0.7945 0.4836 0.4836 0.4836 0.7945 0.7945 0.4836 0.4836 0.7945 0.7945
153 170 327 039 0.7945 0.4836 0.4836 0.7945 0.4836 0.7945 0.4836 0.7945 0.4836 0.7945 0.7945 0.7945 0.7945 0.7945 0.4836 0.7945
170 327 039 341 0.4836 0.7945 0.4836 0.7945 0.4836 0.7945 0.4836 0.7945 0.7945 0.4836 0.4836 0.7945 0.7945 0.7945 0.4836 0.4836
327 039 341 175 0.4836 0.7945 0.4836 0.7945 0.4836 0.7945 0.7945 0.7945 0.4836 0.7945 0.7945 0.7945 0.4836 0.7945 0.4836 0.7945
039 341 175 331 0.4836 0.4836 0.4836 0.7945 0.4836 0.4836 0.4836 0.7945 0.7945 0.4836 0.4836 0.4836 0.4836 0.7945 0.7945 0.4836
341 175 331 112 0.4836 0.4836 0.7945 0.7945 0.7945 0.7945 0.7945 0.4836 0.7945 0.7945 0.4836 0.4836 0.4836 0.4836 0.4836 0.4836
175 331 112 321 0.4836 0.4836 0.7945 0.4836 0.4836 0.4836 0.7945 0.4836 0.4836 0.4836 0.4836 0.4836 0.7945 0.4836 0.7945 0.7945
331 112 321 330 0.4836 0.7945 0.4836 0.4836 0.7945 0.7945 0.7945 0.7945 0.7945 0.4836 0.7945 0.7945 0.4836 0.4836 0.4836 0.4836
112 321 330 197 0.7945 0.7945 0.7945 0.4836 0.7945 0.4836 0.4836 0.4836 0.7945 0.4836 0.7945 0.7945 0.7945 0.4836 0.4836 0.7945
321 330 197 272 0.7945 0.4836 0.7945 0.4836 0.4836 0.7945 0.7945 0.4836 0.4836 0.7945 0.4836 0.4836 0.4836 0.7945 0.4836 0.4836
330 197 272 005 0.4836 0.7945 0.4836 0.7945 0.4836 0.7945 0.7945 0.7945 0.4836 0.7945 0.7945 0.7945 0.7945 0.7945 0.4836 0.7945
197 272 005 104 0.7945 0.4836 0.7945 0.4836 0.7945 0.7945 0.4836 0.4836 0.7945 0.7945 0.4836 0.4836 0.4836 0.4836 0.7945 0.4836
272 005 104 084 0.7945 0.7945 0.4836 0.4836 0.7945 0.7945 0.4836 0.4836 0.7945 0.7945 0.7945 0.4836 0.7945 0.4836 0.4836 0.4836
005 104 084 103 0.4836 0.7945 0.4836 0.4836 0.4836 0.7945 0.4836 0.7945 0.7945 0.7945 0.4836 0.4836 0.7945 0.7945 0.7945 0.7945
104 084 103 058 0.7945 0.4836 0.4836 0.7945 0.4836 0.4836 0.7945 0.4836 0.7945 0.4836 0.7945 0.4836 0.7945 0.7945 0.7945 0.4836
084 103 058 037 0.7945 0.4836 0.4836 0.4836 0.4836 0.7945 0.4836 0.4836 0.7945 0.4836 0.7945 0.7945 0.7945 0.7945 0.4836 0.4836
103 058 037 266 0.7945 0.4836 0.7945 0.7945 0.4836 0.4836 0.4836 0.4836 0.7945 0.4836 0.4836 0.7945 0.7945 0.4836 0.4836 0.7945
058 037 266 254 0.4836 0.4836 0.4836 0.4836 0.7945 0.7945 0.7945 0.7945 0.4836 0.7945 0.7945 0.7945 0.7945 0.4836 0.4836 0.7945
037 266 254 062 0.7945 0.4836 0.7945 0.7945 0.4836 0.4836 0.7945 0.7945 0.7945 0.7945 0.4836 0.7945 0.4836 0.4836 0.7945 0.7945
266 254 062 319 0.7945 0.4836 0.4836 0.4836 0.4836 0.7945 0.4836 0.7945 0.4836 0.4836 0.7945 0.4836 0.7945 0.4836 0.4836 0.4836
254 062 319 267 0.7945 0.4836 0.4836 0.7945 0.4836 0.7945 0.7945 0.4836 0.7945 0.4836 0.7945 0.7945 0.7945 0.4836 0.7945 0.4836
062 319 267 192 0.7945 0.7945 0.7945 0.7945 0.7945 0.4836 0.4836 0.7945 0.7945 0.4836 0.7945 0.4836 0.7945 0.4836 0.4836 0.7945
319 267 192 068 0.7945 0.7945 0.7945 0.7945 0.4836 0.4836 0.7945 0.4836 0.4836 0.7945 0.4836 0.7945 0.4836 0.7945 0.7945 0.7945
267 192 068 145 0.4836 0.4836 0.4836 0.4836 0.7945 0.4836 0.4836 0.7945 0.7945 0.7945 0.4836 0.4836 0.4836 0.4836 0.7945 0.7945
192 068 145 294 0.4836 0.7945 0.4836 0.7945 0.7945 0.7945 0.4836 0.7945 0.7945 0.4836 0.7945 0.4836 0.4836 0.7945 0.4836 0.7945
068 145 294 057 0.7945 0.7945 0.4836 0.7945 0.7945 0.7945 0.4836 0.4836 0.4836 0.4836 0.7945 0.4836 0.7945 0.7945 0.4836 0.4836
145 294 057 213 0.7945 0.7945 0.7945 0.4836 0.4836 0.4836 0.4836 0.7945 0.4836 0.7945 0.4836 0.7945 0.7945 0.7945 0.4836 0.4836
294 057 213 291 0.7945 0.7945 0.4836 0.7945 0.4836 0.7945 0.7945 0.7945 0.4836 0.4836 0.4836 0.7945 0.7945 0.7945 0.4836 0.4836
057 213 291 165 0.7945 0.7945 0.4836 0.7945 0.4836 0.7945 0.4836 0.7945 0.4836 0.4836 0.4836 0.4836 0.4836 0.7945 0.7945 0.4836
213 291 165 282 0.7945 0.4836 0.4836 0.4836 0.7945 0.7945 0.7945 0.4836 0.4836 0.4836 0.4836 0.7945 0.7945 0.7945 0.7945 0.7945
291 165 282 177 0.7945 0.7945 0.4836 0.7945 0.4836 0.7945 0.7945 0.4836 0.7945 0.4836 0.4836 0.7945 0.7945 0.4836 0.7945 0.7945
165 282 177 337 0.7945 0.7945 0.4836 0.7945 0.7945 0.7945 0.4836 0.7945 0.7945 0.4836 0.7945 0.4836 0.7945 0.4836 0.7945 0.7945
282 177 337 316 0.4836 0.4836 0.4836 0.7945 0.4836 0.4836 0.7945 0.4836 0.4836 0.7945 0.4836 0.7945 0.7945 0.4836 0.7945 0.7945
177 337 316 304 0.7945 0.4836 0.4836 0.4836 0.7945 0.4836 0.4836 0.7945 0.7945 0.7945 0.7945 0.4836 0.7945 0.7945 0.7945 0.7945
337 316 304 060 0.7945 0.7945 0.7945 0.4836 0.7945 0.7945 0.7945 0.4836 0.7945 0.4836 0.4836 0.4836 0.4836 0.7945 0.4836 0.7945
316 304 060 287 0.4836 0.4836 0.7945 0.7945 0.4836 0.7945 0.7945 0.4836 0.4836 0.7945 0.7945 0.4836 0.7945 0.7945 0.7945 0.7945
304 060 287 252 0.4836 0.4836 0.4836 0.4836 0.7945 0.7945 0.4836 0.4836 0.7945 0.7945 0.4836 0.4836 0.4836 0.7945 0.4836 0.7945
060 287 252 117 0.4836 0.7945 0.7945 0.7945 0.4836 0.7945 0.7945 0.7945 0.4836 0.7945 0.4836 0.4836 0.7945 0.7945 0.4836 0.7945
287 252 117 021 0.7945 0.4836 0.4836 0.4836 0.4836 0.4836 0.4836 0.4836 0.7945 0.4836 0.4836 0.4836 0.4836 0.7945 0.7945 0.7945
252 117 021 310 0.4836 0.7945 0.7945 0.4836 0.7945 0.7945 0.7945 0.4836 0.7945 0.7945 0.7945 0.7945 0.4836 0.7945 0.4836 0.7945
117 021 310 180 0.4836 0.7945 0.7945 0.4836 0.4836 0.4836 0.7945 0.7945 0.4836 0.4836 0.7945 0.4836 0.4836 0.4836 0.4836 0.4836
021 310 180 026 0.4836 0.7945 0.4836 0.7945 0.7945 0.7945 0.4836 0.4836 0.4836 0.7945 0.4836 0.4836 0.7945 0.7945 0.7945 0.4836
310 180 026 202 0.4836 0.7945 0.7945 0.7945 0.7945 0.7945 0.7945 0.4836 0.7945 0.4836 0.4836 0.4836 0.4836 0.4836 0.4836 0.7945
180 026 202 261 0.7945 0.7945 0.4836 0.4836 0.7945 0.4836 0.7945 0.7945 0.4836 0.4836 0.7945 0.4836 0.7945 0.4836 0.4836 0.7945
026 202 261 208 0.7945 0.7945 0.7945 0.4836 0.7945 0.4836 0.4836 0.4836 0.4836 0.4836 0.4836 0.7945 0.4836 0.4836 0.7945 0.4836
202 261 208 183 0.4836 0.4836 0.7945 0.4836 0.7945 0.7945 0.4836 0.7945 0.7945 0.4836 0.7945 0.4836 0.4836 0.4836 0.4836 0.7945
261 208 183 094 0.4836 0.7945 0.7945 0.4836 0.7945 0.7945 0.4836 0.4836 0.4836 0.4836 0.7945 0.4836 0.4836 0.4836 0.4836 0.4836
208 183 094 059 0.7945 0.7945 0.7945 0.7945 0.4836 0.4836 0.7945 0.7945 0.4836 0.4836 0.4836 0.4836 0.7945 0.4836 0.4836 0.4836
183 094 059 298 0.7945 0.4836 0.7945 0.7945 0.4836 0.7945 0.7945 0.4836 0.4836 0.4836 0.7945 0.4836 0.7945 0.4836 0.4836 0.4836
094 059 298 007 0.4836 0.4836 0.7945 0.4836 0.4836 0.7945 0.7945 0.4836 0.7945 0.7945 0.7945 0.7945 0.7945 0.4836 0.4836 0.4836
059 298 007 154 0.4836 0.4836 0.7945 0.4836 0.7945 0.4836 0.7945 0.7945 0.4836 0.4836 0.4836 0.7945 0.7945 0.4836 0.4836 0.7945
298 007 154 045 0.7945 0.7945 0.7945 0.7945 0.4836 0.4836 0.4836 0.7945 0.4836 0.7945 0.4836 0.7945 0.4836 0.7945 0.4836 0.4836
007 154 045 074 0.7945 0.7945 0.4836 0.4836 0.4836 0.7945 0.7945 0.4836 0.7945 0.7945 0.4836 0.4836 0.4836 0.4836 0.7945 0.4836
154 045 074 190 0.4836 0.4836 0.4836 0.7945 0.4836 0.4836 0.7945 0.4836 0.7945 0.7945 0.7945 0.4836 0.4836 0.7945 0.7945 0.4836
045 074 190 123 0.7945 0.7945 0.4836 0.7945 0.7945 0.4836 0.4836 0.7945 0.7945 0.7945 0.7945 0.4836 0.4836 0.4836 0.7945 0.4836
074 190 123 231 0.7945 0.4836 0.4836 0.7945 0.4836 0.7945 0.4836 0.4836 0.7945 0.7945 0.4836 0.4836 0.4836 0.7945 0.7945 0.4836
190 123 231 285 0.7945 0.7945 0.7945 0.7945 0.7945 0.7945 0.4836 0.7945 0.7945 0.7945 0.7945 0.7945 0.4836 0.4836 0.4836 0.7945
123 231 285 308 0.7945 0.4836 0.4836 0.7945 0.4836 0.7945 0.4836 0.4836 0.4836 0.4836 0.4836 0.4836 0.4836 0.7945 0.4836 0.7945
231 285 308 200 0.4836 0.4836 0.7945 0.7945 0.7945 0.4836 0.4836 0.4836 0.4836 0.4836 0.7945 0.7945 0.7945 0.4836 0.7945 0.4836
285 308 200 353 0.4836 0.4836 0.4836 0.7945 0.4836 0.4836 0.4836 0.4836 0.7945 0.7945 0.4836 0.4836 0.7945 0.7945 0.4836 0.7945
308 200 353 185 0.7945 0.7945 0.4836 0.7945 0.4836 0.7945 0.4836 0.7945 0.7945 0.4836 0.7945 0.4836 0.4836 0.7945 0.4836 0.4836
200 353 185 318 0.7945 0.4836 0.4836 0.7945 0.7945 0.4836 0.7945 0.4836 0.4836 0.4836 0.7945 0.7945 0.4836 0.4836 0.7945 0.7945
353 185 318 349 0.7945 0.4836 0.7945 0.7945 0.4836 0.7945 0.4836 0.7945 0.4836 0.4836 0.7945 0.4836 0.7945 0.4836 0.4836 0.4836
185 318 349 264 0.7945 0.7945 0.7945 0.4836 0.4836 0.7945 0.4836 0.7945 0.7945 0.4836 0.7945 0.7945 0.7945 0.4836 0.4836 0.7945
318 349 264 004 0.7945 0.7945 0.4836 0.7945 0.7945 0.7945 0.4836 0.7945 0.4836 0.7945 0.4836 0.7945 0.4836 0.4836 0.7945 0.4836
349 264 004 069 0.4836 0.4836 0.7945 0.4836 0.4836 0.7945 0.4836 0.4836 0.7945 0.7945 0.7945 0.4836 0.7945 0.4836 0.7945 0.7945
264 004 069 245 0.7945 0.4836 0.4836 0.7945 0.7945 0.4836 0.7945 0.4836 0.4836 0.4836 0.4836 0.4836 0.4836 0.7945 0.4836 0.7945
004 069 245 203 0.7945 0.7945 0.4836 0.7945 0.4836 0.4836 0.7945 0.4836 0.7945 0.7945 0.4836 0.7945 0.4836 0.4836 0.4836 0.4836
069 245 203 346 0.4836 0.7945 0.7945 0.4836 0.7945 0.4836 0.4836 0.7945 0.7945 0.7945 0.7945 0.7945 0.7945 0.4836 0.4836 0.4836
245 203 346 277 0.4836 0.4836 0.4836 0.4836 0.7945 0.7945 0.7945 0.4836 0.4836 0.7945 0.4836 0.4836 0.4836 0.4836 0.4836 0.4836
203 346 277 086 0.7945 0.7945 0.4836 0.4836 0.4836 0.7945 0.7945 0.7945 0.7945 0.4836 0.4836 0.7945 0.7945 0.4836 0.4836 0.7945
346 277 086 312 0.4836 0.7945 0.4836 0.7945 0.7945 0.4836 0.4836 0.7945 0.7945 0.7945 0.7945 0.7945 0.4836 0.4836 0.4836 0.4836
277 086 312 035 0.7945 0.7945 0.4836 0.7945 0.7945 0.7945 0.7945 0.4836 0.7945 0.4836 0.4836 0.4836 0.4836 0.4836 0.4836 0.7945
086 312 035 173 0.7945 0.7945 0.4836 0.4836 0.4836 0.7945 0.7945 0.7945 0.7945 0.4836 0.4836 0.4836 0.4836 0.7945 0.7945 0.4836
312 035 173 275 0.7945 0.4836 0.7945 0.7945 0.7945 0.4836 0.7945 0.4836 0.4836 0.4836 0.4836 0.7945 0.4836 0.4836 0.7945 0.4836
035 173 275 111 0.7945 0.4836 0.7945 0.7945 0.4836 0.4836 0.4836 0.4836 0.4836 0.7945 0.4836 0.7945 0.7945 0.7945 0.7945 0.4836
173 275 111 119 0.7945 0.7945 0.7945 0.4836 0.7945 0.4836 0.4836 0.7945 0.4836 0.4836 0.4836 0.4836 0.4836 0.4836 0.4836 0.4836
275 111 119 188 0.4836 0.7945 0.7945 0.4836 0.4836 0.7945 0.4836 0.7945 0.4836 0.4836 0.4836 0.7945 0.7945 0.7945 0.7945 0.4836
111 119 188 211 0.7945 0.7945 0.7945 0.4836 0.4836 0.4836 0.7945 0.7945 0.7945 0.7945 0.4836 0.7945 0.4836 0.4836 0.4836 0.7945
119 188 211 246 0.4836 0.4836 0.4836 0.4836 0.7945 0.4836 0.7945 0.7945 0.7945 0.7945 0.7945 0.7945 0.4836 0.4836 0.4836 0.7945
188 211 246 230 0.4836 0.4836 0.4836 0.7945 0.7945 0.7945 0.4836 0.7945 0.7945 0.4836 0.4836 0.7945 0.7945 0.7945 0.4836 0.4836
211 246 230 281 0.7945 0.4836 0.7945 0.7945 0.4836 0.7945 0.7945 0.7945 0.7945 0.7945 0.7945 0.7945 0.7945 0.7945 0.7945 0.4836
246 230 281 043 0.7945 0.4836 0.7945 0.4836 0.4836 0.4836 0.7945 0.7945 0.7945 0.4836 0.7945 0.7945 0.7945 0.4836 0.4836 0.4836
230 281 043 253 0.7945 0.7945 0.4836 0.4836 0.4836 0.7945 0.7945 0.4836 0.4836 0.7945 0.4836 0.7945 0.7945 0.4836 0.4836 0.4836
281 043 253 136 0.4836 0.7945 0.4836 0.4836 0.7945 0.7945 0.7945 0.7945 0.7945 0.7945 0.7945 0.7945 0.7945 0.4836 0.4836 0.7945
043 253 136 159 0.4836 0.4836 0.4836 0.7945 0.7945 0.4836 0.7945 0.4836 0.7945 0.4836 0.7945 0.7945 0.7945 0.4836 0.4836 0.7945
253 136 159 283 0.4836 0.7945 0.4836 0.4836 0.4836 0.7945 0.7945 0.4836 0.4836 0.4836 0.4836 0.4836 0.7945 0.7945 0.4836 0.4836
136 159 283 099 0.4836 0.7945 0.7945 0.7945 0.7945 0.7945 0.4836 0.4836 0.7945 0.4836 0.4836 0.7945 0.4836 0.7945 0.7945 0.4836
159 283 099 129 0.4836 0.7945 0.7945 0.7945 0.7945 0.7945 0.7945 0.7945 0.7945 0.4836 0.7945 0.7945 0.7945 0.4836 0.4836 0.4836
283 099 129 303 0.7945 0.4836 0.7945 0.4836 0.4836 0.4836 0.7945 0.4836 0.7945 0.7945 0.4836 0.7945 0.4836 0.7945 0.4836 0.4836
099 129 303 314 0.4836 0.7945 0.7945 0.7945 0.4836 0.7945 0.4836 0.4836 0.7945 0.4836 0.4836 0.7945 0.4836 0.4836 0.4836 0.4836
129 303 314 006 0.4836 0.4836 0.4836 0.4836 0.4836 0.4836 0.4836 0.7945 0.4836 0.7945 0.7945 0.4836 0.4836 0.4836 0.7945 0.7945
303 314 006 015 0.4836 0.4836 0.7945 0.4836 0.4836 0.4836 0.4836 0.7945 0.7945 0.7945 0.4836 0.4836 0.4836 0.4836 0.4836 0.7945
314 006 015 278 0.4836 0.4836 0.7945 0.4836 0.4836 0.4836 0.4836 0.7945 0.7945 0.7945 0.7945 0.4836 0.7945 0.7945 0.7945 0.7945
006 015 278 214 0.4836 0.4836 0.4836 0.7945 0.4836 0.7945 0.4836 0.4836 0.4836 0.4836 0.4836 0.7945 0.7945 0.7945 0.4836 0.7945
015 278 214 142 0.4836 0.7945 0.7945 0.7945 0.4836 0.4836 0.4836 0.7945 0.7945 0.7945 0.7945 0.7945 0.7945 0.4836 0.4836 0.4836
278 214 142 186 0.7945 0.4836 0.4836 0.7945 0.4836 0.4836 0.4836 0.7945 0.4836 0.4836 0.4836 0.7945 0.4836 0.7945 0.7945 0.4836
214 142 186 238 0.4836 0.7945 0.7945 0.4836 0.4836 0.7945 0.4836 0.7945 0.4836 0.4836 0.4836 0.4836 0.4836 0.7945 0.7945 0.7945
142 186 238 016 0.4836 0.4836 0.7945 0.7945 0.4836 0.7945 0.7945 0.7945 0.4836 0.7945 0.7945 0.4836 0.7945 0.7945 0.4836 0.7945
186 238 016 163 0.7945 0.4836 0.4836 0.7945 0.4836 0.4836 0.4836 0.7945 0.4836 0.4836 0.4836 0.4836 0.4836 0.4836 0.4836 0.7945
238 016 163 290 0.4836 0.4836 0.4836 0.4836 0.4836 0.7945 0.7945 0.7945 0.7945 0.4836 0.4836 0.4836 0.4836 0.7945 0.7945 0.4836
016 163 290 012 0.4836 0.4836 0.4836 0.4836 0.7945 0.4836 0.4836 0.7945 0.4836 0.4836 0.4836 0.4836 0.4836 0.7945 0.7945 0.4836
163 290 012 354 0.4836 0.4836 0.4836 0.4836 0.7945 0.4836 0.4836 0.4836 0.4836 0.7945 0.4836 0.4836 0.4836 0.7945 0.7945 0.7945
290 012 354 273 0.7945 0.7945 0.7945 0.7945 0.4836 0.4836 0.4836 0.7945 0.4836 0.4836 0.7945 0.7945 0.4836 0.7945 0.4836 0.4836
012 354 273 093 0.7945 0.4836 0.4836 0.7945 0.7945 0.4836 0.4836 0.4836 0.4836 0.7945 0.4836 0.7945 0.4836 0.7945 0.7945 0.7945
354 273 093 001 0.4836 0.4836 0.4836 0.7945 0.4836 0.4836 0.4836 0.7945 0.7945 0.4836 0.7945 0.7945 0.7945 0.7945 0.4836 0.7945
273 093 001 105 0.4836 0.4836 0.4836 0.4836 0.4836 0.7945 0.7945 0.4836 0.7945 0.7945 0.7945 0.4836 0.7945 0.4836 0.4836 0.7945
093 001 105 260 0.7945 0.7945 0.7945 0.7945 0.4836 0.4836 0.4836 0.7945 0.4836 0.7945 0.7945 0.4836 0.4836 0.4836 0.7945 0.7945
001 105 260 179 0.4836 0.4836 0.7945 0.7945 0.7945 0.7945 0.7945 0.4836 0.7945 0.7945 0.4836 0.4836 0.7945 0.7945 0.7945 0.7945
105 260 179 041 0.4836 0.4836 0.4836 0.7945 0.4836 0.4836 0.4836 0.7945 0.4836 0.4836 0.4836 0.4836 0.4836 0.4836 0.4836 0.7945
260 179 041 139 0.7945 0.4836 0.4836 0.4836 0.4836 0.7945 0.4836 0.7945 0.4836 0.7945 0.7945 0.4836 0.7945 0.7945 0.4836 0.7945
179 041 139 181 0.4836 0.7945 0.4836 0.4836 0.7945 0.7945 0.7945 0.4836 0.4836 0.4836 0.4836 0.4836 0.4836 0.7945 0.7945 0.4836
041 139 181 191 0.4836 0.4836 0.7945 0.7945 0.7945 0.4836 0.4836 0.4836 0.4836 0.7945 0.4836 0.7945 0.4836 0.4836 0.4836 0.7945
139 181 191 095 0.4836 0.4836 0.7945 0.7945 0.4836 0.7945 0.4836 0.7945 0.4836 0.4836 0.4836 0.7945 0.4836 0.4836 0.4836 0.4836
181 191 095 236 0.4836 0.4836 0.4836 0.4836 0.7945 0.7945 0.7945 0.4836 0.4836 0.4836 0.7945 0.7945 0.7945 0.7945 0.7945 0.4836
191 095 236 286 0.4836 0.7945 0.4836 0.4836 0.4836 0.7945 0.7945 0.4836 0.7945 0.4836 0.7945 0.4836 0.4836 0.4836 0.7945 0.4836
095 236 286 042 0.4836 0.7945 0.4836 0.4836 0.7945 0.4836 0.4836 0.4836 0.4836 0.7945 0.7945 0.4836 0.4836 0.7945 0.7945 0.4836
236 286 042 033 0.4836 0.4836 0.4836 0.7945 0.7945 0.4836 0.4836 0.4836 0.4836 0.4836 0.7945 0.7945 0.4836 0.4836 0.4836 0.4836
286 042 033 250 0.7945 0.4836 0.4836 0.4836 0.7945 0.4836 0.7945 0.4836 0.7945 0.7945 0.7945 0.4836 0.7945 0.4836 0.7945 0.4836
042 033 250 000 0.4836 0.7945 0.4836 0.7945 0.7945 0.7945 0.4836 0.7945 0.4836 0.4836 0.7945 0.4836 0.7945 0.7945 0.4836 0.7945
033 250 000 249 0.7945 0.4836 0.4836 0.7945 0.4836 0.7945 0.7945 0.4836 0.7945 0.4836 0.4836 0.7945 0.4836 0.7945 0.4836 0.7945
250 000 249 307 0.7945 0.4836 0.4836 0.7945 0.4836 0.4836 0.4836 0.7945 0.4836 0.4836 0.4836 0.7945 0.7945 0.7945 0.7945 0.4836
000 249 307 325 0.4836 0.4836 0.4836 0.7945 0.7945 0.7945 0.4836 0.7945 0.4836 0.4836 0.7945 0.4836 0.7945 0.7945 0.4836 0.7945
249 307 325 262 0.7945 0.4836 0.7945 0.4836 0.4836 0.7945 0.4836 0.7945 0.7945 0.4836 0.7945 0.7945 0.7945 0.4836 0.7945 0.4836
307 325 262 137 0.4836 0.7945 0.4836 0.7945 0.4836 0.7945 0.7945 0.7945 0.4836 0.4836 0.4836 0.4836 0.7945 0.7945 0.7945 0.4836
325 262 137 156 0.4836 0.7945 0.4836 0.4836 0.7945 0.7945 0.4836 0.4836 0.4836 0.7945 0.4836 0.4836 0.7945 0.7945 0.4836 0.7945
262 137 156 010 0.7945 0.4836 0.7945 0.7945 0.4836 0.7945 0.7945 0.7945 0.7945 0.4836 0.7945 0.7945 0.7945 0.7945 0.7945 0.7945
137 156 010 097 0.4836 0.7945 0.4836 0.7945 0.4836 0.7945 0.7945 0.7945 0.7945 0.4836 0.4836 0.4836 0.4836 0.4836 0.4836 0.7945
156 010 097 161 0.7945 0.7945 0.7945 0.4836 0.4836 0.4836 0.4836 0.4836 0.7945 0.4836 0.7945 0.4836 0.7945 0.7945 0.4836 0.7945
010 097 161 120 0.4836 0.7945 0.7945 0.7945 0.4836 0.7945 0.7945 0.4836 0.4836 0.4836 0.7945 0.4836 0.4836 0.4836 0.7945 0.7945
097 161 120 009 0.4836 0.7945 0.4836 0.4836 0.4836 0.7945 0.7945 0.4836 0.4836 0.7945 0.7945 0.7945 0.7945 0.7945 0.4836 0.7945
161 120 009 241 0.7945 0.4836 0.7945 0.7945 0.4836 0.7945 0.4836 0.4836 0.4836 0.4836 0.4836 0.7945 0.4836 0.7945 0.7945 0.7945
120 009 241 178 0.4836 0.4836 0.4836 0.7945 0.7945 0.7945 0.7945 0.7945 0.7945 0.7945 0.4836 0.4836 0.7945 0.7945 0.4836 0.7945
009 241 178 333 0.4836 0.7945 0.7945 0.4836 0.7945 0.4836 0.7945 0.7945 0.7945 0.4836 0.7945 0.4836 0.4836 0.4836 0.7945 0.4836
241 178 333 101 0.7945 0.7945 0.4836 0.7945 0.4836 0.7945 0.4836 0.4836 0.7945 0.7945 0.4836 0.7945 0.7945 0.7945 0.7945 0.7945
178 333 101 052 0.4836 0.4836 0.4836 0.7945 0.7945 0.7945 0.7945 0.4836 0.4836 0.4836 0.7945 0.7945 0.7945 0.7945 0.4836 0.4836
333 101 052 320 0.4836 0.4836 0.4836 0.4836 0.4836 0.4836 0.4836 0.7945 0.4836 0.7945 0.7945 0.7945 0.4836 0.4836 0.7945 0.7945
101 052 320 270 0.7945 0.7945 0.4836 0.4836 0.7945 0.7945 0.4836 0.7945 0.4836 0.7945 0.7945 0.4836 0.7945 0.7945 0.4836 0.7945
052 320 270 047 0.7945 0.4836 0.4836 0.7945 0.7945 0.7945 0.4836 0.7945 0.4836 0.7945 0.4836 0.4836 0.7945 0.7945 0.4836 0.7945
320 270 047 038 0.7945 0.4836 0.4836 0.4836 0.4836 0.4836 0.7945 0.4836 0.7945 0.7945 0.4836 0.4836 0.7945 0.7945 0.7945 0.7945
270 047 038 218 0.7945 0.4836 0.7945 0.4836 0.7945 0.4836 0.7945 0.7945 0.4836 0.7945 0.4836 0.4836 0.4836 0.7945 0.7945 0.7945
047 038 218 198 0.7945 0.7945 0.4836 0.7945 0.4836 0.4836 0.7945 0.7945 0.4836 0.4836 0.4836 0.7945 0.7945 0.4836 0.7945 0.4836
038 218 198 240 0.7945 0.4836 0.4836 0.4836 0.7945 0.4836 0.4836 0.7945 0.4836 0.7945 0.7945 0.7945 0.4836 0.7945 0.4836 0.4836
218 198 240 313 0.4836 0.4836 0.7945 0.4836 0.4836 0.7945 0.4836 0.4836 0.4836 0.4836 0.4836 0.4836 0.4836 0.7945 0.4836 0.4836
198 240 313 217 0.7945 0.4836 0.4836 0.7945 0.7945 0.7945 0.4836 0.4836 0.7945 0.4836 0.7945 0.7945 0.7945 0.4836 0.7945 0.4836
240 313 217 184 0.7945 0.7945 0.7945 0.7945 0.4836 0.4836 0.7945 0.4836 0.4836 0.7945 0.4836 0.7945 0.7945 0.7945 0.7945 0.4836
313 217 184 280 0.4836 0.7945 0.7945 0.7945 0.7945 0.7945 0.7945 0.4836 0.4836 0.4836 0.7945 0.4836 0.4836 0.4836 0.7945 0.4836
217 184 280 219 0.7945 0.4836 0.7945 0.7945 0.7945 0.4836 0.7945 0.4836 0.7945 0.4836 0.4836 0.4836 0.7945 0.7945 0.4836 0.4836
184 280 219 220 0.4836 0.4836 0.4836 0.4836 0.7945 0.7945 0.4836 0.7945 0.7945 0.7945 0.7945 0.4836 0.4836 0.4836 0.4836 0.4836
280 219 220 295 0.4836 0.4836 0.4836 0.7945 0.4836 0.4836 0.7945 0.7945 0.7945 0.4836 0.7945 0.4836 0.7945 0.7945 0.7945 0.4836
219 220 295 259 0.7945 0.4836 0.7945 0.4836 0.4836 0.4836 0.7945 0.4836 0.4836 0.4836 0.7945 0.4836 0.4836 0.7945 0.4836 0.4836
220 295 259 351 0.7945 0.4836 0.7945 0.4836 0.4836 0.4836 0.4836 0.7945 0.4836 0.7945 0.7945 0.4836 0.4836 0.4836 0.4836 0.7945
295 259 351 344 0.7945 0.7945 0.7945 0.7945 0.4836 0.4836 0.4836 0.7945 0.7945 0.4836 0.4836 0.7945 0.7945 0.4836 0.7945 0.7945
259 351 344 288 0.4836 0.7945 0.7945 0.7945 0.4836 0.4836 0.4836 0.7945 0.7945 0.4836 0.4836 0.7945 0.7945 0.7945 0.7945 0.4836
351 344 288 078 0.4836 0.7945 0.4836 0.4836 0.4836 0.4836 0.7945 0.4836 0.7945 0.4836 0.4836 0.4836 0.7945 0.4836 0.7945 0.4836
344 288 078 348 0.7945 0.7945 0.4836 0.4836 0.4836 0.4836 0.7945 0.4836 0.4836 0.7945 0.4836 0.4836 0.7945 0.4836 0.4836 0.4836
288 078 348 070 0.4836 0.4836 0.7945 0.7945 0.4836 0.4836 0.4836 0.7945 0.7945 0.4836 0.7945 0.4836 0.4836 0.7945 0.4836 0.4836
078 348 070 108 0.7945 0.4836 0.7945 0.7945 0.7945 0.4836 0.7945 0.4836 0.7945 0.7945 0.7945 0.4836 0.7945 0.4836 0.4836 0.4836
348 070 108 081 0.4836 0.4836 0.7945 0.4836 0.4836 0.7945 0.4836 0.4836 0.7945 0.7945 0.4836 0.7945 0.4836 0.4836 0.4836 0.4836
070 108 081 302 0.7945 0.4836 0.4836 0.4836 0.4836 0.4836 0.7945 0.7945 0.4836 0.7945 0.7945 0.4836 0.7945 0.4836 0.4836 0.7945
108 081 302 160 0.7945 0.4836 0.4836 0.4836 0.4836 0.7945 0.7945 0.4836 0.7945 0.7945 0.4836 0.4836 0.7945 0.7945 0.7945 0.7945
081 302 160 339 0.4836 0.4836 0.7945 0.4836 0.7945 0.4836 0.4836 0.7945 0.4836 0.7945 0.7945 0.4836 0.7945 0.4836 0.7945 0.4836
302 160 339 114 0.4836 0.4836 0.7945 0.7945 0.4836 0.7945 0.7945 0.4836 0.4836 0.4836 0.4836 0.4836 0.7945 0.7945 0.4836 0.7945
160 339 114 126 0.7945 0.7945 0.7945 0.4836 0.4836 0.4836 0.4836 0.7945 0.4836 0.4836 0.4836 0.7945 0.7945 0.4836 0.4836 0.7945
339 114 126 237 0.4836 0.4836 0.7945 0.7945 0.7945 0.7945 0.7945 0.7945 0.7945 0.7945 0.4836 0.4836 0.4836 0.7945 0.4836 0.7945
114 126 237 089 0.7945 0.7945 0.4836 0.7945 0.4836 0.4836 0.4836 0.4836 0.4836 0.7945 0.4836 0.4836 0.7945 0.4836 0.7945 0.7945
126 237 089 289 0.4836 0.4836 0.4836 0.4836 0.4836 0.4836 0.4836 0.4836 0.7945 0.4836 0.4836 0.4836 0.4836 0.4836 0.7945 0.4836
237 089 289 332 0.7945 0.7945 0.7945 0.4836 0.7945 0.4836 0.7945 0.4836 0.4836 0.4836 0.4836 0.7945 0.7945 0.7945 0.7945 0.4836
089 289 332 258 0.7945 0.4836 0.4836 0.4836 0.4836 0.4836 0.4836 0.7945 0.7945 0.7945 0.4836 0.7945 0.7945 0.4836 0.4836 0.4836
289 332 258 027 0.4836 0.4836 0.4836 0.7945 0.4836 0.4836 0.7945 0.7945 0.4836 0.7945 0.4836 0.4836 0.7945 0.7945 0.7945 0.7945
332 258 027 269 0.4836 0.7945 0.4836 0.4836 0.7945 0.7945 0.7945 0.4836 0.7945 0.4836 0.4836 0.7945 0.7945 0.4836 0.7945 0.4836
258 027 269 338 0.7945 0.7945 0.7945 0.4836 0.4836 0.4836 0.4836 0.7945 0.7945 0.4836 0.4836 0.7945 0.4836 0.7945 0.7945 0.7945
027 269 338 110 0.4836 0.7945 0.7945 0.7945 0.4836 0.4836 0.4836 0.4836 0.7945 0.4836 0.7945 0.7945 0.7945 0.7945 0.4836 0.7945
269 338 110 172 0.4836 0.7945 0.7945 0.4836 0.7945 0.4836 0.7945 0.4836 0.7945 0.4836 0.7945 0.4836 0.4836 0.4836 0.4836 0.7945
338 110 172 223 0.7945 0.4836 0.4836 0.7945 0.4836 0.7945 0.4836 0.7945 0.7945 0.4836 0.4836 0.7945 0.4836 0.7945 0.7945 0.4836
110 172 223 143 0.4836 0.4836 0.4836 0.4836 0.7945 0.4836 0.7945 0.7945 0.4836 0.4836 0.7945 0.7945 0.4836 0.7945 0.4836 0.4836
172 223 143 092 0.7945 0.4836 0.7945 0.7945 0.4836 0.7945 0.4836 0.4836 0.4836 0.4836 0.4836 0.4836 0.4836 0.7945 0.4836 0.4836
223 143 092 209 0.4836 0.7945 0.4836 0.4836 0.4836 0.7945 0.7945 0.4836 0.7945 0.7945 0.4836 0.4836 0.7945 0.4836 0.4836 0.4836
143 092 209 151 0.7945 0.4836 0.4836 0.4836 0.4836 0.4836 0.7945 0.7945 0.7945 0.7945 0.4836 0.7945 0.7945 0.4836 0.7945 0.4836
092 209 151 032 0.4836 0.7945 0.7945 0.7945 0.7945 0.7945 0.4836 0.4836 0.4836 0.7945 0.7945 0.4836 0.7945 0.4836 0.4836 0.7945
209 151 032 228 0.4836 0.4836 0.4836 0.7945 0.7945 0.7945 0.4836 0.7945 0.7945 0.4836 0.7945 0.4836 0.4836 0.7945 0.4836 0.4836
151 032 228 066 0.4836 0.4836 0.7945 0.4836 0.4836 0.4836 0.4836 0.7945 0.7945 0.7945 0.7945 0.7945 0.7945 0.4836 0.4836 0.4836
032 228 066 350 0.7945 0.4836 0.7945 0.7945 0.4836 0.4836 0.4836 0.7945 0.7945 0.4836 0.7945 0.7945 0.7945 0.7945 0.4836 0.7945
228 066 350 169 0.7945 0.7945 0.7945 0.4836 0.4836 0.7945 0.7945 0.4836 0.7945 0.7945 0.4836 0.7945 0.4836 0.4836 0.4836 0.4836
066 350 169 256 0.7945 0.7945 0.4836 0.7945 0.7945 0.7945 0.7945 0.7945 0.7945 0.4836 0.4836 0.7945 0.7945 0.4836 0.4836 0.7945
350 169 256 340 0.7945 0.4836 0.7945 0.7945 0.7945 0.4836 0.7945 0.7945 0.4836 0.4836 0.7945 0.4836 0.7945 0.7945 0.4836 0.7945
169 256 340 100 0.7945 0.4836 0.7945 0.4836 0.7945 0.7945 0.7945 0.4836 0.4836 0.4836 0.7945 0.4836 0.4836 0.4836 0.7945 0.7945
256 340 100 227 0.4836 0.4836 0.4836 0.4836 0.4836 0.4836 0.7945 0.7945 0.4836 0.7945 0.4836 0.4836 0.4836 0.7945 0.7945 0.4836
340 100 227 326 0.7945 0.4836 0.7945 0.4836 0.4836 0.4836 0.7945 0.7945 0.7945 0.7945 0.4836 0.7945 0.7945 0.4836 0.4836 0.7945
100 227 326 076 0.7945 0.4836 0.7945 0.7945 0.7945 0.7945 0.7945 0.7945 0.7945 0.7945 0.7945 0.4836 0.4836 0.4836 0.4836 0.4836
227 326 076 199 0.4836 0.7945 0.4836 0.4836 0.4836 0.4836 0.4836 0.7945 0.7945 0.7945 0.7945 0.4836 0.4836 0.4836 0.7945 0.4836
326 076 199 131 0.7945 0.4836 0.4836 0.7945 0.7945 0.4836 0.4836 0.4836 0.7945 0.7945 0.4836 0.7945 0.7945 0.4836 0.4836 0.4836
076 199 131 064 0.4836 0.4836 0.4836 0.7945 0.4836 0.7945 0.7945 0.7945 0.7945 0.4836 0.7945 0.4836 0.7945 0.4836 0.7945 0.4836
199 131 064 276 0.7945 0.7945 0.7945 0.4836 0.7945 0.7945 0.4836 0.4836 0.4836 0.7945 0.4836 0.4836 0.4836 0.7945 0.7945 0.4836
131 064 276 296 0.7945 0.4836 0.4836 0.4836 0.7945 0.4836 0.4836 0.7945 0.4836 0.4836 0.4836 0.4836 0.4836 0.4836 0.7945 0.7945
064 276 296 077 0.7945 0.4836 0.7945 0.4836 0.7945 0.7945 0.7945 0.4836 0.4836 0.4836 0.7945 0.7945 0.7945 0.4836 0.4836 0.7945
276 296 077 347 0.7945 0.4836 0.4836 0.7945 0.7945 0.7945 0.4836 0.4836 0.4836 0.7945 0.4836 0.4836 0.7945 0.7945 0.7945 0.4836
296 077 347 051 0.4836 0.4836 0.7945 0.7945 0.4836 0.7945 0.4836 0.4836 0.4836 0.7945 0.4836 0.7945 0.4836 0.7945 0.7945 0.4836
077 347 051 133 0.4836 0.7945 0.7945 0.4836 0.4836 0.7945 0.4836 0.7945 0.7945 0.4836 0.7945 0.4836 0.4836 0.4836 0.4836 0.7945
347 051 133 168 0.7945 0.7945 0.4836 0.7945 0.4836 0.7945 0.4836 0.4836 0.7945 0.4836 0.7945 0.7945 0.7945 0.4836 0.7945 0.4836
051 133 168 088 0.4836 0.7945 0.7945 0.4836 0.7945 0.7945 0.7945 0.4836 0.4836 0.7945 0.4836 0.4836 0.4836 0.7945 0.7945 0.4836
133 168 088 096 0.4836 0.7945 0.7945 0.7945 0.7945 0.4836 0.7945 0.7945 0.4836 0.7945 0.7945 0.4836 0.4836 0.4836 0.4836 0.7945
168 088 096 311 0.4836 0.7945 0.7945 0.4836 0.7945 0.7945 0.7945 0.7945 0.7945 0.7945 0.7945 0.4836 0.7945 0.4836 0.4836 0.7945
088 096 311 132 0.7945 0.7945 0.4836 0.7945 0.7945 0.4836 0.7945 0.7945 0.7945 0.7945 0.4836 0.7945 0.7945 0.4836 0.7945 0.7945
096 311 132 056 0.7945 0.4836 0.7945 0.4836 0.7945 0.7945 0.4836 0.7945 0.7945 0.4836 0.4836 0.7945 0.4836 0.4836 0.7945 0.7945
311 132 056 147 0.4836 0.7945 0.7945 0.7945 0.7945 0.7945 0.4836 0.7945 0.4836 0.4836 0.7945 0.7945 0.7945 0.7945 0.7945 0.7945
132 056 147 008 0.4836 0.7945 0.4836 0.7945 0.4836 0.7945 0.4836 0.4836 0.4836 0.4836 0.7945 0.4836 0.7945 0.7945 0.7945 0.4836
056 147 008 195 0.4836 0.4836 0.4836 0.4836 0.4836 0.4836 0.4836 0.7945 0.7945 0.4836 0.4836 0.7945 0.7945 0.4836 0.7945 0.4836
147 008 195 207 0.4836 0.7945 0.4836 0.7945 0.7945 0.7945 0.4836 0.4836 0.4836 0.7945 0.7945 0.7945 0.4836 0.4836 0.7945 0.4836
008 195 207 067 0.4836 0.4836 0.4836 0.4836 0.4836 0.4836 0.7945 0.7945 0.4836 0.4836 0.7945 0.7945 0.7945 0.4836 0.4836 0.4836
195 207 067 017 0.7945 0.7945 0.4836 0.7945 0.7945 0.4836 0.4836 0.4836 0.4836 0.7945 0.7945 0.7945 0.4836 0.7945 0.7945 0.4836
207 067 017 098 0.4836 0.7945 0.7945 0.7945 0.4836 0.7945 0.7945 0.7945 0.4836 0.7945 0.4836 0.4836 0.7945 0.4836 0.7945 0.7945
067 017 098 061 0.4836 0.4836 0.4836 0.7945 0.4836 0.4836 0.7945 0.7945 0.7945 0.7945 0.4836 0.7945 0.7945 0.7945 0.4836 0.4836
017 098 061 138 0.7945 0.4836 0.4836 0.7945 0.4836 0.7945 0.4836 0.7945 0.7945 0.4836 0.7945 0.4836 0.7945 0.4836 0.4836 0.7945
098 061 138 233 0.7945 0.4836 0.4836 0.7945 0.4836 0.4836 0.4836 0.4836 0.7945 0.4836 0.7945 0.4836 0.7945 0.7945 0.7945 0.4836
