356 031684 3
088 225 245 140 0.2854 0.2270 0.2270 0.2854 0.2270 0.2854 0.2270 0.2270 0.2854 0.2270 0.2270 0.2270 0.2270 0.2270 0.2270 0.2270
225 245 140 076 0.2270 0.2854 0.2854 0.2270 0.2854 0.2854 0.2270 0.2270 0.2854 0.2854 0.2854 0.2854 0.2270 0.2854 0.2854 0.2854
245 140 076 223 0.2270 0.2854 0.2854 0.2854 0.2854 0.2270 0.2854 0.2854 0.2854 0.2270 0.2270 0.2854 0.2270 0.2270 0.2270 0.2854
140 076 223 073 0.2270 0.2270 0.2270 0.2854 0.2270 0.2270 0.2270 0.2270 0.2854 0.2854 0.2854 0.2854 0.2270 0.2854 0.2270 0.2270
076 223 073 211 0.2854 0.2270 0.2854 0.2854 0.2854 0.2854 0.2854 0.2270 0.2854 0.2854 0.2854 0.2270 0.2270 0.2854 0.2854 0.2270
223 073 211 109 0.2270 0.2270 0.2854 0.2854 0.2854 0.2270 0.2270 0.2854 0.2854 0.2854 0.2270 0.2854 0.2854 0.2854 0.2854 0.2270
073 211 109 207 0.2854 0.2854 0.2270 0.2854 0.2270 0.2854 0.2270 0.2270 0.2854 0.2270 0.2270 0.2270 0.2854 0.2270 0.2270 0.2270
211 109 207 061 0.2854 0.2854 0.2854 0.2854 0.2270 0.2270 0.2854 0.2854 0.2270 0.2270 0.2270 0.2854 0.2854 0.2854 0.2854 0.2854
109 207 061 128 0.2854 0.2854 0.2854 0.2270 0.2270 0.2270 0.2270 0.2270 0.2854 0.2854 0.2270 0.2270 0.2854 0.2854 0.2270 0.2854
207 061 128 055 0.2854 0.2270 0.2854 0.2270 0.2854 0.2854 0.2270 0.2270 0.2270 0.2854 0.2270 0.2854 0.2854 0.2270 0.2854 0.2270
061 128 055 107 0.2854 0.2270 0.2270 0.2854 0.2270 0.2270 0.2854 0.2270 0.2854 0.2270 0.2854 0.2854 0.2270 0.2854 0.2854 0.2270
128 055 107 136 0.2854 0.2270 0.2854 0.2270 0.2270 0.2270 0.2854 0.2270 0.2270 0.2270 0.2270 0.2270 0.2854 0.2270 0.2854 0.2854
055 107 136 323 0.2270 0.2854 0.2270 0.2270 0.2854 0.2854 0.2270 0.2854 0.2854 0.2854 0.2270 0.2270 0.2854 0.2270 0.2854 0.2270
107 136 323 024 0.2270 0.2270 0.2854 0.2270 0.2854 0.2270 0.2270 0.2270 0.2270 0.2270 0.2270 0.2270 0.2270 0.2270 0.2854 0.2270
136 323 024 089 0.2270 0.2854 0.2270 0.2270 0.2270 0.2854 0.2854 0.2270 0.2270 0.2854 0.2854 0.2270 0.2270 0.2270 0.2854 0.2854
323 024 089 153 0.2854 0.2854 0.2270 0.2854 0.2854 0.2270 0.2854 0.2270 0.2270 0.2854 0.2854 0.2854 0.2270 0.2854 0.2270 0.2270
024 089 153 335 0.2854 0.2270 0.2270 0.2854 0.2854 0.2270 0.2854 0.2270 0.2854 0.2854 0.2270 0.2270 0.2270 0.2270 0.2854 0.2854
089 153 335 112 0.2854 0.2854 0.2270 0.2270 0.2854 0.2854 0.2270 0.2854 0.2854 0.2854 0.2854 0.2854 0.2270 0.2270 0.2270 0.2270
153 335 112 281 0.2270 0.2854 0.2854 0.2854 0.2270 0.2854 0.2854 0.2854 0.2270 0.2270 0.2270 0.2270 0.2270 0.2854 0.2854 0.2854
335 112 281 169 0.2854 0.2270 0.2270 0.2854 0.2270 0.2854 0.2270 0.2854 0.2270 0.2270 0.2270 0.2270 0.2854 0.2854 0.2854 0.2854
112 281 169 222 0.2854 0.2854 0.2270 0.2270 0.2854 0.2270 0.2854 0.2854 0.2854 0.2854 0.2270 0.2854 0.2854 0.2854 0.2854 0.2854
281 169 222 185 0.2270 0.2270 0.2270 0.2854 0.2270 0.2270 0.2854 0.2854 0.2854 0.2854 0.2854 0.2270 0.2854 0.2270 0.2854 0.2270
169 222 185 271 0.2270 0.2854 0.2854 0.2270 0.2270 0.2854 0.2854 0.2854 0.2854 0.2270 0.2270 0.2854 0.2854 0.2854 0.2854 0.2270
222 185 271 010 0.2270 0.2854 0.2854 0.2854 0.2854 0.2854 0.2270 0.2270 0.2854 0.2270 0.2854 0.2854 0.2270 0.2854 0.2270 0.2270
185 271 010 274 0.2854 0.2854 0.2270 0.2270 0.2854 0.2854 0.2270 0.2270 0.2270 0.2270 0.2854 0.2270 0.2270 0.2270 0.2270 0.2854
271 010 274 293 0.2854 0.2270 0.2854 0.2270 0.2270 0.2854 0.2270 0.2854 0.2270 0.2270 0.2854 0.2854 0.2854 0.2270 0.2270 0.2270
010 274 293 132 0.2270 0.2270 0.2854 0.2270 0.2854 0.2270 0.2270 0.2270 0.2270 0.2270 0.2854 0.2270 0.2854 0.2270 0.2270 0.2270
274 293 132 309 0.2270 0.2854 0.2270 0.2270 0.2270 0.2270 0.2270 0.2270 0.2854 0.2854 0.2854 0.2270 0.2270 0.2854 0.2854 0.2854
293 132 309 054 0.2270 0.2854 0.2270 0.2854 0.2270 0.2854 0.2854 0.2270 0.2270 0.2854 0.2854 0.2270 0.2854 0.2270 0.2854 0.2270
132 309 054 327 0.2854 0.2270 0.2270 0.2270 0.2270 0.2854 0.2270 0.2270 0.2270 0.2270 0.2270 0.2270 0.2270 0.2270 0.2270 0.2270
309 054 327 028 0.2270 0.2854 0.2270 0.2270 0.2270 0.2270 0.2270 0.2270 0.2270 0.2270 0.2270 0.2854 0.2270 0.2854 0.2270 0.2270
054 327 028 120 0.2270 0.2854 0.2854 0.2270 0.2854 0.2270 0.2270 0.2270 0.2854 0.2854 0.2854 0.2854 0.2270 0.2270 0.2854 0.2270
327 028 120 292 0.2854 0.2270 0.2854 0.2854 0.2854 0.2270 0.2270 0.2270 0.2854 0.2854 0.2854 0.2854 0.2270 0.2270 0.2854 0.2854
028 120 292 260 0.2270 0.2854 0.2270 0.2270 0.2270 0.2854 0.2854 0.2854 0.2854 0.2270 0.2270 0.2270 0.2854 0.2854 0.2270 0.2854
120 292 260 151 0.2854 0.2270 0.2854 0.2270 0.2854 0.2270 0.2854 0.2270 0.2270 0.2270 0.2854 0.2270 0.2270 0.2270 0.2270 0.2854
292 260 151 042 0.2854 0.2270 0.2854 0.2854 0.2854 0.2854 0.2854 0.2854 0.2270 0.2854 0.2270 0.2854 0.2854 0.2270 0.2854 0.2854
260 151 042 038 0.2270 0.2270 0.2270 0.2854 0.2854 0.2270 0.2854 0.2270 0.2854 0.2854 0.2270 0.2270 0.2270 0.2854 0.2270 0.2270
151 042 038 341 0.2270 0.2854 0.2854 0.2270 0.2270 0.2854 0.2854 0.2854 0.2270 0.2854 0.2270 0.2854 0.2854 0.2270 0.2270 0.2270
042 038 341 063 0.2854 0.2854 0.2270 0.2270 0.2854 0.2270 0.2854 0.2854 0.2854 0.2270 0.2854 0.2854 0.2270 0.2270 0.2854 0.2854
038 341 063 026 0.2854 0.2270 0.2854 0.2270 0.2854 0.2270 0.2854 0.2854 0.2854 0.2270 0.2854 0.2270 0.2270 0.2854 0.2270 0.2270
341 063 026 093 0.2854 0.2270 0.2854 0.2270 0.2270 0.2270 0.2270 0.2270 0.2270 0.2270 0.2270 0.2854 0.2854 0.2854 0.2854 0.2270
063 026 093 301 0.2270 0.2854 0.2854 0.2854 0.2854 0.2854 0.2270 0.2270 0.2854 0.2270 0.2270 0.2854 0.2854 0.2854 0.2270 0.2270
026 093 301 118 0.2854 0.2270 0.2270 0.2270 0.2854 0.2270 0.2854 0.2854 0.2854 0.2854 0.2854 0.2270 0.2854 0.2270 0.2854 0.2854
093 301 118 350 0.2854 0.2854 0.2854 0.2854 0.2854 0.2854 0.2270 0.2270 0.2270 0.2270 0.2270 0.2854 0.2270 0.2270 0.2270 0.2270
301 118 350 167 0.2270 0.2270 0.2270 0.2270 0.2854 0.2270 0.2270 0.2854 0.2854 0.2854 0.2854 0.2854 0.2270 0.2270 0.2270 0.2854
118 350 167 135 0.2854 0.2854 0.2270 0.2270 0.2854 0.2270 0.2270 0.2270 0.2270 0.2270 0.2854 0.2854 0.2270 0.2270 0.2270 0.2854
350 167 135 267 0.2854 0.2854 0.2270 0.2854 0.2854 0.2270 0.2270 0.2270 0.2854 0.2270 0.2270 0.2854 0.2854 0.2270 0.2270 0.2270
167 135 267 019 0.2854 0.2270 0.2270 0.2854 0.2270 0.2270 0.2270 0.2270 0.2854 0.2854 0.2270 0.2854 0.2270 0.2854 0.2270 0.2854
135 267 019 219 0.2854 0.2270 0.2270 0.2270 0.2854 0.2270 0.2270 0.2270 0.2854 0.2854 0.2270 0.2270 0.2270 0.2270 0.2270 0.2854
267 019 219 031 0.2854 0.2854 0.2270 0.2270 0.2270 0.2854 0.2270 0.2854 0.2270 0.2270 0.2270 0.2854 0.2270 0.2270 0.2854 0.2270
019 219 031 145 0.2270 0.2854 0.2270 0.2854 0.2270 0.2854 0.2854 0.2270 0.2270 0.2270 0.2270 0.2854 0.2854 0.2854 0.2270 0.2270
219 031 145 295 0.2854 0.2854 0.2854 0.2270 0.2270 0.2270 0.2854 0.2854 0.2854 0.2854 0.2854 0.2270 0.2854 0.2270 0.2270 0.2270
031 145 295 334 0.2270 0.2854 0.2270 0.2270 0.2854 0.2854 0.2270 0.2270 0.2854 0.2854 0.2854 0.2270 0.2270 0.2270 0.2270 0.2854
145 295 334 081 0.2270 0.2270 0.2270 0.2854 0.2270 0.2270 0.2270 0.2270 0.2270 0.2270 0.2270 0.2270 0.2270 0.2854 0.2270 0.2270
295 334 081 082 0.2854 0.2854 0.2270 0.2854 0.2270 0.2270 0.2854 0.2270 0.2270 0.2854 0.2854 0.2270 0.2270 0.2270 0.2854 0.2854
334 081 082 233 0.2854 0.2854 0.2854 0.2270 0.2270 0.2270 0.2270 0.2854 0.2854 0.2270 0.2854 0.2270 0.2854 0.2854 0.2270 0.2270
081 082 233 320 0.2270 0.2270 0.2270 0.2854 0.2854 0.2854 0.2270 0.2854 0.2270 0.2270 0.2854 0.2854 0.2854 0.2270 0.2854 0.2854
082 233 320 226 0.2270 0.2270 0.2854 0.2270 0.2854 0.2270 0.2270 0.2270 0.2270 0.2854 0.2270 0.2270 0.2854 0.2270 0.2854 0.2270
233 320 226 183 0.2854 0.2854 0.2854 0.2270 0.2270 0.2854 0.2270 0.2854 0.2854 0.2270 0.2854 0.2854 0.2854 0.2854 0.2854 0.2854
320 226 183 041 0.2854 0.2854 0.2270 0.2270 0.2854 0.2854 0.2854 0.2854 0.2270 0.2270 0.2854 0.2270 0.2854 0.2270 0.2854 0.2854
226 183 041 043 0.2854 0.2270 0.2854 0.2854 0.2270 0.2270 0.2270 0.2270 0.2854 0.2270 0.2854 0.2270 0.2854 0.2854 0.2270 0.2854
183 041 043 206 0.2854 0.2854 0.2270 0.2854 0.2854 0.2270 0.2854 0.2854 0.2854 0.2854 0.2270 0.2854 0.2854 0.2854 0.2270 0.2270
041 043 206 000 0.2270 0.2854 0.2854 0.2854 0.2270 0.2270 0.2854 0.2854 0.2854 0.2854 0.2270 0.2270 0.2270 0.2270 0.2854 0.2270
043 206 000 122 0.2270 0.2854 0.2270 0.2854 0.2854 0.2854 0.2270 0.2270 0.2270 0.2854 0.2854 0.2270 0.2854 0.2854 0.2854 0.2854
206 000 122 249 0.2854 0.2270 0.2854 0.2854 0.2270 0.2854 0.2270 0.2270 0.2270 0.2854 0.2270 0.2854 0.2270 0.2270 0.2854 0.2270
000 122 249 098 0.2270 0.2854 0.2854 0.2270 0.2270 0.2854 0.2270 0.2270 0.2854 0.2854 0.2854 0.2854 0.2270 0.2270 0.2854 0.2854
122 249 098 111 0.2270 0.2270 0.2270 0.2270 0.2270 0.2854 0.2854 0.2270 0.2270 0.2854 0.2270 0.2270 0.2270 0.2854 0.2270 0.2270
249 098 111 069 0.2854 0.2854 0.2270 0.2854 0.2854 0.2270 0.2854 0.2270 0.2854 0.2270 0.2854 0.2270 0.2854 0.2854 0.2270 0.2854
098 111 069 230 0.2270 0.2270 0.2854 0.2854 0.2854 0.2270 0.2270 0.2270 0.2270 0.2270 0.2854 0.2270 0.2270 0.2270 0.2270 0.2270
111 069 230 013 0.2854 0.2854 0.2270 0.2854 0.2854 0.2854 0.2270 0.2854 0.2854 0.2854 0.2854 0.2854 0.2854 0.2854 0.2854 0.2270
069 230 013 208 0.2270 0.2270 0.2270 0.2854 0.2270 0.2270 0.2854 0.2270 0.2270 0.2854 0.2854 0.2854 0.2270 0.2854 0.2854 0.2854
230 013 208 259 0.2854 0.2270 0.2270 0.2854 0.2854 0.2270 0.2270 0.2270 0.2854 0.2854 0.2270 0.2854 0.2270 0.2270 0.2270 0.2854
013 208 259 296 0.2270 0.2270 0.2270 0.2854 0.2854 0.2270 0.2270 0.2270 0.2854 0.2854 0.2854 0.2854 0.2270 0.2270 0.2854 0.2854
208 259 296 025 0.2854 0.2270 0.2854 0.2270 0.2270 0.2270 0.2270 0.2854 0.2270 0.2270 0.2270 0.2270 0.2270 0.2270 0.2854 0.2854
259 296 025 104 0.2270 0.2854 0.2270 0.2270 0.2854 0.2854 0.2854 0.2270 0.2854 0.2270 0.2270 0.2270 0.2854 0.2270 0.2270 0.2270
296 025 104 193 0.2270 0.2854 0.2270 0.2270 0.2270 0.2270 0.2270 0.2270 0.2854 0.2854 0.2270 0.2854 0.2854 0.2854 0.2270 0.2854
025 104 193 325 0.2854 0.2270 0.2270 0.2270 0.2270 0.2854 0.2270 0.2270 0.2854 0.2270 0.2270 0.2270 0.2854 0.2270 0.2854 0.2270
104 193 325 238 0.2854 0.2270 0.2270 0.2854 0.2854 0.2854 0.2270 0.2854 0.2854 0.2270 0.2854 0.2270 0.2854 0.2854 0.2854 0.2854
193 325 238 315 0.2270 0.2854 0.2270 0.2270 0.2270 0.2854 0.2854 0.2270 0.2270 0.2854 0.2270 0.2854 0.2854 0.2854 0.2854 0.2270
325 238 315 160 0.2854 0.2854 0.2854 0.2270 0.2854 0.2270 0.2854 0.2854 0.2270 0.2270 0.2270 0.2270 0.2270 0.2854 0.2854 0.2854
238 315 160 080 0.2270 0.2854 0.2270 0.2270 0.2270 0.2854 0.2854 0.2270 0.2854 0.2854 0.2854 0.2270 0.2854 0.2854 0.2854 0.2854
315 160 080 342 0.2270 0.2270 0.2270 0.2270 0.2270 0.2270 0.2854 0.2854 0.2854 0.2854 0.2270 0.2270 0.2854 0.2854 0.2854 0.2854
160 080 342 198 0.2270 0.2854 0.2854 0.2270 0.2854 0.2270 0.2270 0.2270 0.2270 0.2270 0.2270 0.2854 0.2270 0.2854 0.2854 0.2270
080 342 198 316 0.2270 0.2270 0.2854 0.2854 0.2854 0.2854 0.2270 0.2270 0.2854 0.2854 0.2854 0.2854 0.2854 0.2270 0.2270 0.2270
342 198 316 298 0.2854 0.2854 0.2854 0.2854 0.2854 0.2270 0.2854 0.2270 0.2854 0.2854 0.2854 0.2270 0.2270 0.2270 0.2854 0.2854
198 316 298 337 0.2854 0.2270 0.2270 0.2854 0.2854 0.2854 0.2270 0.2270 0.2854 0.2270 0.2854 0.2270 0.2854 0.2854 0.2270 0.2270
316 298 337 191 0.2854 0.2270 0.2854 0.2270 0.2854 0.2270 0.2854 0.2854 0.2854 0.2270 0.2854 0.2270 0.2270 0.2854 0.2270 0.2854
298 337 191 314 0.2270 0.2854 0.2854 0.2854 0.2854 0.2854 0.2270 0.2854 0.2854 0.2270 0.2270 0.2270 0.2854 0.2270 0.2270 0.2854
337 191 314 215 0.2854 0.2270 0.2854 0.2854 0.2854 0.2270 0.2270 0.2270 0.2270 0.2270 0.2854 0.2854 0.2270 0.2854 0.2854 0.2854
191 314 215 263 0.2854 0.2854 0.2854 0.2854 0.2270 0.2854 0.2270 0.2854 0.2270 0.2270 0.2854 0.2270 0.2270 0.2854 0.2854 0.2270
314 215 263 234 0.2854 0.2854 0.2854 0.2854 0.2270 0.2854 0.2270 0.2854 0.2854 0.2270 0.2854 0.2854 0.2854 0.2270 0.2854 0.2854
215 263 234 030 0.2270 0.2854 0.2854 0.2270 0.2854 0.2270 0.2854 0.2270 0.2270 0.2270 0.2270 0.2270 0.2854 0.2270 0.2854 0.2854
263 234 030 285 0.2270 0.2854 0.2854 0.2854 0.2854 0.2270 0.2270 0.2854 0.2854 0.2854 0.2854 0.2270 0.2270 0.2854 0.2854 0.2270
234 030 285 343 0.2854 0.2270 0.2270 0.2854 0.2854 0.2854 0.2854 0.2854 0.2270 0.2270 0.2270 0.2270 0.2854 0.2270 0.2854 0.2270
030 285 343 348 0.2270 0.2270 0.2854 0.2270 0.2854 0.2854 0.2854 0.2854 0.2854 0.2270 0.2854 0.2270 0.2854 0.2854 0.2270 0.2854
285 343 348 214 0.2270 0.2270 0.2854 0.2854 0.2854 0.2854 0.2270 0.2270 0.2270 0.2854 0.2270 0.2854 0.2270 0.2854 0.2854 0.2854
343 348 214 277 0.2854 0.2854 0.2854 0.2270 0.2270 0.2854 0.2270 0.2854 0.2854 0.2854 0.2854 0.2854 0.2854 0.2270 0.2270 0.2270
348 214 277 125 0.2854 0.2270 0.2854 0.2854 0.2854 0.2270 0.2270 0.2854 0.2854 0.2270 0.2270 0.2270 0.2854 0.2854 0.2854 0.2854
214 277 125 052 0.2854 0.2854 0.2854 0.2854 0.2270 0.2270 0.2854 0.2270 0.2854 0.2270 0.2270 0.2854 0.2854 0.2854 0.2270 0.2270
277 125 052 168 0.2270 0.2854 0.2854 0.2854 0.2854 0.2270 0.2270 0.2270 0.2270 0.2270 0.2270 0.2270 0.2854 0.2854 0.2854 0.2270
125 052 168 159 0.2854 0.2270 0.2854 0.2854 0.2270 0.2270 0.2270 0.2270 0.2854 0.2270 0.2854 0.2854 0.2854 0.2854 0.2854 0.2270
052 168 159 204 0.2854 0.2270 0.2270 0.2270 0.2270 0.2854 0.2270 0.2270 0.2854 0.2854 0.2270 0.2270 0.2270 0.2270 0.2270 0.2270
168 159 204 280 0.2854 0.2270 0.2854 0.2854 0.2854 0.2270 0.2270 0.2270 0.2270 0.2270 0.2270 0.2854 0.2270 0.2854 0.2854 0.2270
159 204 280 121 0.2854 0.2270 0.2270 0.2854 0.2270 0.2270 0.2270 0.2270 0.2854 0.2270 0.2270 0.2270 0.2854 0.2270 0.2270 0.2854
204 280 121 209 0.2270 0.2854 0.2854 0.2854 0.2854 0.2270 0.2270 0.2270 0.2854 0.2270 0.2854 0.2854 0.2854 0.2854 0.2854 0.2270
280 121 209 059 0.2854 0.2854 0.2270 0.2270 0.2270 0.2270 0.2270 0.2270 0.2270 0.2854 0.2854 0.2854 0.2270 0.2854 0.2854 0.2854
121 209 059 143 0.2270 0.2270 0.2270 0.2270 0.2854 0.2854 0.2270 0.2270 0.2270 0.2854 0.2854 0.2854 0.2270 0.2854 0.2270 0.2270
209 059 143 231 0.2270 0.2854 0.2854 0.2270 0.2854 0.2270 0.2270 0.2270 0.2270 0.2270 0.2854 0.2270 0.2270 0.2270 0.2270 0.2854
059 143 231 236 0.2854 0.2270 0.2270 0.2854 0.2854 0.2270 0.2270 0.2270 0.2854 0.2854 0.2270 0.2270 0.2854 0.2270 0.2270 0.2270
143 231 236 308 0.2270 0.2270 0.2854 0.2270 0.2270 0.2854 0.2854 0.2854 0.2854 0.2270 0.2270 0.2270 0.2270 0.2270 0.2854 0.2854
231 236 308 354 0.2270 0.2854 0.2270 0.2854 0.2270 0.2854 0.2270 0.2270 0.2854 0.2270 0.2854 0.2854 0.2270 0.2270 0.2854 0.2270
236 308 354 016 0.2854 0.2270 0.2854 0.2854 0.2270 0.2270 0.2270 0.2270 0.2854 0.2270 0.2270 0.2270 0.2270 0.2270 0.2854 0.2854
308 354 016 181 0.2854 0.2854 0.2270 0.2270 0.2854 0.2854 0.2270 0.2270 0.2854 0.2270 0.2270 0.2270 0.2854 0.2270 0.2270 0.2854
354 016 181 302 0.2270 0.2270 0.2270 0.2854 0.2270 0.2854 0.2854 0.2270 0.2270 0.2854 0.2270 0.2854 0.2854 0.2854 0.2270 0.2854
016 181 302 216 0.2854 0.2854 0.2854 0.2270 0.2270 0.2270 0.2854 0.2854 0.2270 0.2270 0.2270 0.2854 0.2854 0.2270 0.2270 0.2270
181 302 216 003 0.2270 0.2270 0.2270 0.2270 0.2270 0.2854 0.2270 0.2854 0.2270 0.2854 0.2270 0.2270 0.2270 0.2270 0.2854 0.2270
302 216 003 205 0.2854 0.2270 0.2854 0.2270 0.2270 0.2854 0.2270 0.2270 0.2854 0.2854 0.2270 0.2270 0.2854 0.2270 0.2854 0.2270
216 003 205 287 0.2270 0.2854 0.2270 0.2270 0.2270 0.2270 0.2854 0.2270 0.2854 0.2270 0.2270 0.2854 0.2854 0.2270 0.2854 0.2270
003 205 287 176 0.2270 0.2270 0.2270 0.2270 0.2270 0.2854 0.2270 0.2270 0.2854 0.2270 0.2270 0.2270 0.2270 0.2270 0.2854 0.2270
205 287 176 262 0.2270 0.2270 0.2854 0.2854 0.2854 0.2270 0.2854 0.2854 0.2854 0.2270 0.2854 0.2270 0.2854 0.2270 0.2854 0.2270
287 176 262 172 0.2270 0.2270 0.2854 0.2270 0.2854 0.2270 0.2854 0.2270 0.2854 0.2854 0.2270 0.2854 0.2270 0.2854 0.2270 0.2854
176 262 172 297 0.2854 0.2854 0.2854 0.2854 0.2270 0.2854 0.2270 0.2270 0.2854 0.2270 0.2854 0.2270 0.2854 0.2854 0.2854 0.2854
262 172 297 018 0.2854 0.2270 0.2270 0.2854 0.2270 0.2854 0.2854 0.2270 0.2270 0.2270 0.2854 0.2854 0.2854 0.2854 0.2854 0.2270
172 297 018 163 0.2854 0.2854 0.2854 0.2270 0.2270 0.2854 0.2854 0.2854 0.2854 0.2854 0.2854 0.2854 0.2270 0.2854 0.2854 0.2854
297 018 163 218 0.2854 0.2270 0.2854 0.2270 0.2854 0.2854 0.2854 0.2854 0.2854 0.2270 0.2854 0.2270 0.2854 0.2270 0.2854 0.2270
018 163 218 229 0.2270 0.2854 0.2854 0.2854 0.2270 0.2854 0.2854 0.2270 0.2854 0.2854 0.2270 0.2270 0.2270 0.2854 0.2854 0.2854
163 218 229 062 0.2270 0.2854 0.2270 0.2854 0.2270 0.2854 0.2854 0.2854 0.2270 0.2854 0.2270 0.2854 0.2854 0.2270 0.2854 0.2270
218 229 062 162 0.2270 0.2854 0.2854 0.2854 0.2270 0.2854 0.2854 0.2270 0.2854 0.2270 0.2270 0.2854 0.2270 0.2270 0.2270 0.2270
229 062 162 224 0.2270 0.2854 0.2270 0.2270 0.2270 0.2270 0.2854 0.2854 0.2854 0.2854 0.2270 0.2270 0.2854 0.2270 0.2854 0.2270
062 162 224 065 0.2270 0.2854 0.2854 0.2270 0.2270 0.2270 0.2854 0.2854 0.2270 0.2854 0.2270 0.2270 0.2854 0.2270 0.2854 0.2270
162 224 065 084 0.2270 0.2854 0.2854 0.2270 0.2270 0.2270 0.2854 0.2854 0.2270 0.2270 0.2854 0.2854 0.2854 0.2854 0.2854 0.2854
224 065 084 290 0.2854 0.2270 0.2854 0.2270 0.2854 0.2270 0.2270 0.2270 0.2270 0.2854 0.2270 0.2854 0.2854 0.2854 0.2270 0.2270
065 084 290 165 0.2270 0.2854 0.2270 0.2854 0.2270 0.2854 0.2854 0.2854 0.2854 0.2270 0.2270 0.2270 0.2270 0.2854 0.2270 0.2854
084 290 165 196 0.2854 0.2854 0.2270 0.2854 0.2854 0.2270 0.2854 0.2270 0.2270 0.2270 0.2854 0.2854 0.2854 0.2270 0.2270 0.2270
290 165 196 273 0.2270 0.2854 0.2854 0.2854 0.2270 0.2270 0.2270 0.2854 0.2854 0.2854 0.2854 0.2854 0.2854 0.2854 0.2854 0.2854
165 196 273 071 0.2854 0.2854 0.2854 0.2270 0.2854 0.2854 0.2854 0.2270 0.2854 0.2854 0.2854 0.2270 0.2854 0.2270 0.2854 0.2270
196 273 071 150 0.2854 0.2854 0.2854 0.2854 0.2270 0.2270 0.2270 0.2270 0.2854 0.2270 0.2270 0.2270 0.2270 0.2854 0.2270 0.2270
273 071 150 148 0.2270 0.2854 0.2270 0.2854 0.2854 0.2270 0.2854 0.2854 0.2854 0.2854 0.2854 0.2270 0.2270 0.2854 0.2270 0.2854
071 150 148 228 0.2854 0.2854 0.2854 0.2270 0.2854 0.2270 0.2270 0.2270 0.2854 0.2854 0.2854 0.2270 0.2854 0.2270 0.2270 0.2270
150 148 228 255 0.2270 0.2854 0.2854 0.2854 0.2270 0.2854 0.2270 0.2270 0.2270 0.2854 0.2854 0.2854 0.2270 0.2270 0.2270 0.2270
148 228 255 147 0.2270 0.2270 0.2270 0.2270 0.2854 0.2270 0.2854 0.2854 0.2270 0.2270 0.2270 0.2854 0.2854 0.2854 0.2854 0.2854
228 255 147 164 0.2270 0.2270 0.2270 0.2270 0.2270 0.2270 0.2270 0.2270 0.2270 0.2854 0.2270 0.2270 0.2854 0.2270 0.2854 0.2270
255 147 164 002 0.2270 0.2270 0.2270 0.2270 0.2270 0.2854 0.2854 0.2854 0.2270 0.2270 0.2854 0.2270 0.2854 0.2854 0.2270 0.2854
147 164 002 090 0.2270 0.2270 0.2854 0.2270 0.2854 0.2854 0.2270 0.2270 0.2854 0.2270 0.2854 0.2270 0.2270 0.2854 0.2270 0.2270
164 002 090 184 0.2854 0.2854 0.2854 0.2854 0.2270 0.2270 0.2854 0.2854 0.2854 0.2270 0.2854 0.2270 0.2270 0.2854 0.2854 0.2854
002 090 184 174 0.2854 0.2854 0.2270 0.2854 0.2270 0.2854 0.2854 0.2854 0.2854 0.2270 0.2270 0.2270 0.2270 0.2854 0.2854 0.2854
090 184 174 131 0.2854 0.2854 0.2854 0.2854 0.2270 0.2270 0.2270 0.2854 0.2270 0.2854 0.2854 0.2270 0.2270 0.2854 0.2854 0.2854
184 174 131 180 0.2854 0.2854 0.2270 0.2854 0.2270 0.2854 0.2270 0.2854 0.2854 0.2854 0.2854 0.2270 0.2270 0.2854 0.2270 0.2270
174 131 180 299 0.2270 0.2854 0.2854 0.2270 0.2854 0.2270 0.2854 0.2854 0.2854 0.2854 0.2270 0.2270 0.2270 0.2854 0.2854 0.2854
131 180 299 035 0.2854 0.2854 0.2270 0.2854 0.2270 0.2270 0.2854 0.2270 0.2854 0.2270 0.2270 0.2854 0.2854 0.2270 0.2854 0.2270
180 299 035 095 0.2854 0.2270 0.2854 0.2854 0.2854 0.2270 0.2854 0.2270 0.2854 0.2270 0.2854 0.2854 0.2270 0.2854 0.2270 0.2270
299 035 095 157 0.2854 0.2270 0.2270 0.2270 0.2854 0.2854 0.2854 0.2270 0.2854 0.2270 0.2854 0.2270 0.2854 0.2270 0.2854 0.2270
035 095 157 232 0.2270 0.2270 0.2270 0.2270 0.2854 0.2854 0.2270 0.2854 0.2270 0.2854 0.2854 0.2270 0.2270 0.2270 0.2270 0.2270
095 157 232 282 0.2854 0.2854 0.2270 0.2270 0.2270 0.2854 0.2270 0.2854 0.2270 0.2854 0.2854 0.2854 0.2270 0.2854 0.2270 0.2854
157 232 282 056 0.2854 0.2854 0.2270 0.2854 0.2270 0.2270 0.2270 0.2270 0.2270 0.2270 0.2270 0.2270 0.2854 0.2270 0.2854 0.2854
232 282 056 117 0.2854 0.2270 0.2270 0.2854 0.2270 0.2270 0.2270 0.2270 0.2270 0.2854 0.2270 0.2270 0.2854 0.2854 0.2854 0.2854
282 056 117 272 0.2270 0.2270 0.2854 0.2270 0.2854 0.2854 0.2854 0.2854 0.2270 0.2854 0.2270 0.2270 0.2854 0.2854 0.2270 0.2270
056 117 272 087 0.2270 0.2854 0.2270 0.2270 0.2854 0.2270 0.2854 0.2270 0.2270 0.2270 0.2854 0.2270 0.2270 0.2270 0.2854 0.2270
117 272 087 313 0.2270 0.2854 0.2854 0.2854 0.2270 0.2854 0.2854 0.2270 0.2270 0.2854 0.2270 0.2854 0.2270 0.2854 0.2270 0.2854
272 087 313 039 0.2854 0.2854 0.2270 0.2854 0.2854 0.2854 0.2854 0.2270 0.2270 0.2270 0.2854 0.2270 0.2854 0.2270 0.2854 0.2854
087 313 039 239 0.2854 0.2854 0.2854 0.2270 0.2270 0.2854 0.2270 0.2270 0.2270 0.2270 0.2854 0.2270 0.2270 0.2270 0.2270 0.2854
313 039 239 200 0.2270 0.2270 0.2854 0.2270 0.2270 0.2854 0.2270 0.2854 0.2854 0.2270 0.2270 0.2854 0.2854 0.2854 0.2270 0.2854
039 239 200 276 0.2270 0.2270 0.2854 0.2270 0.2270 0.2270 0.2854 0.2854 0.2270 0.2270 0.2854 0.2270 0.2270 0.2854 0.2270 0.2854
239 200 276 291 0.2854 0.2270 0.2270 0.2854 0.2854 0.2854 0.2854 0.2854 0.2854 0.2270 0.2854 0.2270 0.2270 0.2270 0.2270 0.2854
200 276 291 265 0.2270 0.2854 0.2270 0.2270 0.2854 0.2854 0.2270 0.2854 0.2854 0.2270 0.2270 0.2854 0.2270 0.2270 0.2270 0.2854
276 291 265 244 0.2854 0.2270 0.2854 0.2854 0.2854 0.2854 0.2270 0.2854 0.2854 0.2854 0.2270 0.2270 0.2270 0.2854 0.2854 0.2270
291 265 244 186 0.2270 0.2854 0.2854 0.2854 0.2270 0.2270 0.2854 0.2270 0.2854 0.2270 0.2854 0.2854 0.2270 0.2270 0.2270 0.2270
265 244 186 149 0.2854 0.2854 0.2854 0.2270 0.2270 0.2270 0.2854 0.2270 0.2270 0.2854 0.2854 0.2854 0.2270 0.2270 0.2854 0.2270
244 186 149 170 0.2854 0.2270 0.2854 0.2854 0.2270 0.2270 0.2270 0.2270 0.2854 0.2854 0.2270 0.2854 0.2854 0.2854 0.2270 0.2270
186 149 170 345 0.2854 0.2270 0.2854 0.2854 0.2854 0.2854 0.2854 0.2854 0.2270 0.2270 0.2270 0.2270 0.2270 0.2270 0.2270 0.2270
149 170 345 064 0.2854 0.2854 0.2270 0.2270 0.2270 0.2854 0.2270 0.2270 0.2854 0.2854 0.2270 0.2854 0.2270 0.2270 0.2854 0.2270
170 345 064 033 0.2270 0.2854 0.2270 0.2270 0.2270 0.2854 0.2270 0.2270 0.2854 0.2270 0.2270 0.2270 0.2854 0.2854 0.2854 0.2854
345 064 033 199 0.2854 0.2854 0.2270 0.2854 0.2270 0.2270 0.2854 0.2270 0.2270 0.2854 0.2270 0.2270 0.2854 0.2854 0.2854 0.2854
064 033 199 102 0.2270 0.2270 0.2270 0.2854 0.2270 0.2270 0.2854 0.2854 0.2270 0.2854 0.2854 0.2854 0.2270 0.2854 0.2270 0.2270
033 199 102 275 0.2270 0.2854 0.2270 0.2854 0.2270 0.2270 0.2270 0.2854 0.2854 0.2854 0.2854 0.2270 0.2270 0.2270 0.2854 0.2270
199 102 275 340 0.2270 0.2854 0.2854 0.2270 0.2270 0.2270 0.2854 0.2270 0.2270 0.2270 0.2270 0.2270 0.2270 0.2854 0.2854 0.2854
102 275 340 036 0.2854 0.2854 0.2270 0.2270 0.2854 0.2270 0.2854 0.2854 0.2854 0.2270 0.2270 0.2270 0.2854 0.2270 0.2270 0.2854
275 340 036 237 0.2270 0.2854 0.2854 0.2270 0.2270 0.2854 0.2854 0.2270 0.2854 0.2270 0.2854 0.2854 0.2854 0.2854 0.2854 0.2270
340 036 237 347 0.2854 0.2270 0.2270 0.2270 0.2270 0.2854 0.2854 0.2854 0.2270 0.2854 0.2854 0.2854 0.2270 0.2854 0.2854 0.2270
036 237 347 253 0.2270 0.2270 0.2270 0.2270 0.2854 0.2270 0.2854 0.2854 0.2854 0.2854 0.2854 0.2270 0.2854 0.2270 0.2854 0.2854
237 347 253 203 0.2854 0.2854 0.2854 0.2270 0.2270 0.2270 0.2854 0.2854 0.2854 0.2854 0.2270 0.2854 0.2854 0.2854 0.2854 0.2854
347 253 203 115 0.2270 0.2854 0.2854 0.2854 0.2270 0.2854 0.2854 0.2270 0.2854 0.2854 0.2270 0.2854 0.2270 0.2854 0.2270 0.2854
253 203 115 129 0.2854 0.2270 0.2270 0.2854 0.2854 0.2854 0.2270 0.2854 0.2270 0.2270 0.2854 0.2854 0.2270 0.2270 0.2854 0.2270
203 115 129 004 0.2270 0.2854 0.2854 0.2854 0.2270 0.2854 0.2854 0.2854 0.2270 0.2270 0.2854 0.2270 0.2854 0.2854 0.2854 0.2854
115 129 004 161 0.2854 0.2270 0.2854 0.2854 0.2854 0.2854 0.2270 0.2854 0.2854 0.2854 0.2854 0.2270 0.2854 0.2854 0.2270 0.2854
129 004 161 242 0.2854 0.2270 0.2854 0.2270 0.2854 0.2270 0.2854 0.2270 0.2270 0.2854 0.2854 0.2270 0.2270 0.2854 0.2270 0.2854
004 161 242 029 0.2270 0.2270 0.2270 0.2854 0.2854 0.2854 0.2270 0.2854 0.2270 0.2854 0.2854 0.2854 0.2270 0.2854 0.2854 0.2270
161 242 029 049 0.2854 0.2854 0.2854 0.2854 0.2854 0.2854 0.2854 0.2270 0.2854 0.2854 0.2854 0.2270 0.2270 0.2854 0.2270 0.2270
242 029 049 158 0.2270 0.2270 0.2270 0.2854 0.2270 0.2270 0.2854 0.2270 0.2854 0.2854 0.2270 0.2270 0.2854 0.2854 0.2270 0.2854
029 049 158 040 0.2854 0.2854 0.2270 0.2270 0.2854 0.2854 0.2854 0.2854 0.2270 0.2854 0.2854 0.2854 0.2854 0.2270 0.2270 0.2854
049 158 040 022 0.2854 0.2854 0.2270 0.2270 0.2854 0.2854 0.2854 0.2270 0.2270 0.2270 0.2854 0.2854 0.2854 0.2854 0.2270 0.2270
158 040 022 012 0.2270 0.2854 0.2270 0.2854 0.2854 0.2854 0.2854 0.2270 0.2854 0.2854 0.2270 0.2270 0.2854 0.2270 0.2270 0.2270
040 022 012 240 0.2854 0.2854 0.2270 0.2270 0.2854 0.2854 0.2270 0.2270 0.2270 0.2270 0.2854 0.2854 0.2854 0.2854 0.2854 0.2854
022 012 240 083 0.2270 0.2270 0.2270 0.2270 0.2854 0.2854 0.2270 0.2854 0.2854 0.2854 0.2854 0.2854 0.2270 0.2270 0.2270 0.2270
012 240 083 091 0.2270 0.2270 0.2270 0.2854 0.2854 0.2854 0.2270 0.2854 0.2270 0.2854 0.2270 0.2270 0.2854 0.2854 0.2854 0.2270
240 083 091 105 0.2854 0.2270 0.2270 0.2270 0.2854 0.2270 0.2270 0.2854 0.2854 0.2270 0.2270 0.2854 0.2854 0.2854 0.2854 0.2270
083 091 105 152 0.2270 0.2270 0.2270 0.2270 0.2854 0.2854 0.2270 0.2270 0.2854 0.2854 0.2270 0.2270 0.2270 0.2270 0.2270 0.2854
091 105 152 217 0.2854 0.2270 0.2854 0.2854 0.2270 0.2270 0.2854 0.2854 0.2270 0.2854 0.2270 0.2854 0.2270 0.2270 0.2854 0.2270
105 152 217 235 0.2854 0.2270 0.2854 0.2270 0.2270 0.2854 0.2270 0.2854 0.2270 0.2854 0.2854 0.2270 0.2270 0.2270 0.2854 0.2270
152 217 235 053 0.2854 0.2854 0.2854 0.2854 0.2270 0.2854 0.2854 0.2854 0.2854 0.2854 0.2270 0.2270 0.2270 0.2854 0.2270 0.2854
217 235 053 213 0.2270 0.2854 0.2270 0.2854 0.2854 0.2854 0.2854 0.2270 0.2854 0.2270 0.2270 0.2854 0.2270 0.2854 0.2854 0.2270
235 053 213 288 0.2270 0.2854 0.2270 0.2854 0.2854 0.2854 0.2854 0.2854 0.2270 0.2854 0.2854 0.2854 0.2854 0.2270 0.2854 0.2854
053 213 288 101 0.2854 0.2854 0.2854 0.2854 0.2854 0.2270 0.2270 0.2270 0.2270 0.2270 0.2854 0.2854 0.2854 0.2854 0.2270 0.2854
213 288 101 154 0.2270 0.2270 0.2270 0.2854 0.2854 0.2854 0.2854 0.2270 0.2854 0.2854 0.2270 0.2270 0.2854 0.2270 0.2854 0.2854
288 101 154 243 0.2270 0.2270 0.2854 0.2270 0.2854 0.2270 0.2854 0.2854 0.2270 0.2854 0.2270 0.2270 0.2854 0.2270 0.2270 0.2854
101 154 243 123 0.2270 0.2270 0.2270 0.2854 0.2270 0.2270 0.2854 0.2270 0.2854 0.2270 0.2854 0.2270 0.2270 0.2270 0.2854 0.2854
154 243 123 241 0.2270 0.2270 0.2270 0.2270 0.2854 0.2854 0.2854 0.2270 0.2270 0.2854 0.2270 0.2854 0.2854 0.2854 0.2270 0.2270
243 123 241 027 0.2854 0.2270 0.2270 0.2270 0.2854 0.2270 0.2854 0.2270 0.2854 0.2854 0.2854 0.2270 0.2854 0.2270 0.2854 0.2854
123 241 027 353 0.2270 0.2854 0.2270 0.2270 0.2854 0.2270 0.2854 0.2854 0.2270 0.2854 0.2854 0.2854 0.2854 0.2854 0.2854 0.2270
241 027 353 106 0.2270 0.2854 0.2270 0.2854 0.2854 0.2854 0.2270 0.2854 0.2854 0.2270 0.2854 0.2854 0.2854 0.2854 0.2270 0.2270
027 353 106 192 0.2854 0.2270 0.2854 0.2270 0.2854 0.2854 0.2854 0.2270 0.2270 0.2854 0.2854 0.2270 0.2854 0.2270 0.2270 0.2270
353 106 192 326 0.2854 0.2854 0.2854 0.2854 0.2270 0.2854 0.2270 0.2854 0.2854 0.2270 0.2270 0.2270 0.2270 0.2854 0.2854 0.2854
106 192 326 178 0.2270 0.2854 0.2270 0.2270 0.2270 0.2854 0.2270 0.2270 0.2270 0.2270 0.2854 0.2270 0.2854 0.2270 0.2270 0.2854
192 326 178 289 0.2854 0.2854 0.2854 0.2270 0.2854 0.2270 0.2854 0.2270 0.2854 0.2270 0.2270 0.2854 0.2854 0.2270 0.2270 0.2854
326 178 289 085 0.2270 0.2270 0.2854 0.2270 0.2854 0.2270 0.2854 0.2854 0.2270 0.2854 0.2270 0.2270 0.2854 0.2854 0.2854 0.2854
178 289 085 352 0.2270 0.2270 0.2270 0.2854 0.2854 0.2270 0.2270 0.2270 0.2270 0.2854 0.2854 0.2854 0.2270 0.2270 0.2854 0.2854
289 085 352 134 0.2270 0.2854 0.2854 0.2270 0.2854 0.2270 0.2854 0.2270 0.2270 0.2854 0.2270 0.2854 0.2854 0.2854 0.2854 0.2270
085 352 134 094 0.2854 0.2854 0.2854 0.2854 0.2270 0.2854 0.2854 0.2854 0.2854 0.2270 0.2270 0.2854 0.2270 0.2854 0.2854 0.2854
352 134 094 127 0.2270 0.2854 0.2270 0.2854 0.2270 0.2854 0.2270 0.2270 0.2854 0.2270 0.2270 0.2270 0.2270 0.2854 0.2854 0.2854
134 094 127 047 0.2270 0.2270 0.2270 0.2854 0.2270 0.2854 0.2854 0.2270 0.2854 0.2854 0.2270 0.2270 0.2854 0.2854 0.2854 0.2270
094 127 047 171 0.2854 0.2854 0.2270 0.2270 0.2270 0.2270 0.2854 0.2270 0.2270 0.2270 0.2270 0.2854 0.2270 0.2854 0.2854 0.2270
127 047 171 126 0.2270 0.2854 0.2270 0.2270 0.2270 0.2270 0.2854 0.2854 0.2854 0.2270 0.2854 0.2270 0.2270 0.2270 0.2854 0.2854
047 171 126 261 0.2270 0.2854 0.2854 0.2854 0.2270 0.2854 0.2270 0.2854 0.2270 0.2270 0.2854 0.2854 0.2854 0.2270 0.2854 0.2854
171 126 261 317 0.2854 0.2854 0.2270 0.2854 0.2854 0.2854 0.2270 0.2854 0.2270 0.2270 0.2854 0.2270 0.2854 0.2854 0.2270 0.2854
126 261 317 155 0.2270 0.2854 0.2270 0.2270 0.2854 0.2270 0.2854 0.2854 0.2854 0.2270 0.2270 0.2270 0.2270 0.2854 0.2270 0.2270
261 317 155 011 0.2270 0.2854 0.2270 0.2270 0.2854 0.2270 0.2854 0.2270 0.2854 0.2270 0.2270 0.2854 0.2270 0.2270 0.2270 0.2270
317 155 011 270 0.2854 0.2854 0.2854 0.2854 0.2854 0.2270 0.2270 0.2270 0.2854 0.2270 0.2270 0.2270 0.2854 0.2854 0.2854 0.2270
155 011 270 339 0.2854 0.2854 0.2854 0.2854 0.2270 0.2854 0.2854 0.2270 0.2854 0.2270 0.2270 0.2854 0.2854 0.2854 0.2270 0.2270
011 270 339 058 0.2854 0.2854 0.2270 0.2270 0.2270 0.2270 0.2854 0.2270 0.2270 0.2270 0.2854 0.2854 0.2270 0.2270 0.2270 0.2854
270 339 058 046 0.2854 0.2854 0.2854 0.2854 0.2270 0.2270 0.2270 0.2854 0.2270 0.2854 0.2270 0.2854 0.2270 0.2854 0.2270 0.2854
339 058 046 156 0.2854 0.2270 0.2854 0.2854 0.2270 0.2854 0.2854 0.2854 0.2854 0.2854 0.2854 0.2854 0.2270 0.2270 0.2270 0.2854
058 046 156 051 0.2854 0.2270 0.2270 0.2854 0.2854 0.2854 0.2270 0.2854 0.2854 0.2854 0.2270 0.2854 0.2270 0.2854 0.2270 0.2854
046 156 051 306 0.2854 0.2854 0.2854 0.2270 0.2270 0.2854 0.2270 0.2270 0.2270 0.2270 0.2854 0.2270 0.2270 0.2854 0.2270 0.2854
156 051 306 304 0.2854 0.2854 0.2854 0.2854 0.2270 0.2270 0.2270 0.2854 0.2270 0.2270 0.2854 0.2854 0.2854 0.2270 0.2854 0.2854
051 306 304 283 0.2270 0.2854 0.2854 0.2854 0.2270 0.2854 0.2270 0.2854 0.2270 0.2270 0.2854 0.2270 0.2270 0.2270 0.2270 0.2270
306 304 283 190 0.2854 0.2854 0.2270 0.2270 0.2270 0.2854 0.2854 0.2854 0.2854 0.2854 0.2854 0.2854 0.2270 0.2854 0.2270 0.2270
304 283 190 286 0.2854 0.2270 0.2270 0.2270 0.2854 0.2854 0.2854 0.2270 0.2270 0.2854 0.2854 0.2854 0.2854 0.2270 0.2270 0.2270
283 190 286 257 0.2270 0.2854 0.2854 0.2854 0.2854 0.2854 0.2854 0.2854 0.2854 0.2270 0.2270 0.2270 0.2854 0.2270 0.2270 0.2270
190 286 257 321 0.2854 0.2270 0.2854 0.2854 0.2270 0.2854 0.2270 0.2854 0.2854 0.2270 0.2270 0.2854 0.2854 0.2854 0.2854 0.2270
286 257 321 020 0.2270 0.2270 0.2270 0.2854 0.2270 0.2270 0.2270 0.2854 0.2270 0.2270 0.2854 0.2854 0.2270 0.2854 0.2854 0.2270
257 321 020 312 0.2270 0.2270 0.2270 0.2270 0.2270 0.2270 0.2854 0.2270 0.2270 0.2270 0.2270 0.2270 0.2854 0.2854 0.2854 0.2854
321 020 312 346 0.2854 0.2854 0.2270 0.2270 0.2270 0.2270 0.2270 0.2270 0.2854 0.2270 0.2854 0.2270 0.2854 0.2854 0.2854 0.2270
020 312 346 220 0.2270 0.2854 0.2854 0.2270 0.2270 0.2270 0.2270 0.2854 0.2270 0.2854 0.2854 0.2854 0.2270 0.2854 0.2270 0.2854
312 346 220 351 0.2854 0.2854 0.2270 0.2854 0.2854 0.2854 0.2270 0.2270 0.2270 0.2270 0.2854 0.2854 0.2270 0.2270 0.2854 0.2270
346 220 351 177 0.2854 0.2270 0.2854 0.2854 0.2854 0.2270 0.2270 0.2270 0.2270 0.2854 0.2854 0.2854 0.2270 0.2270 0.2270 0.2854
220 351 177 329 0.2270 0.2270 0.2854 0.2270 0.2270 0.2270 0.2854 0.2270 0.2854 0.2854 0.2270 0.2270 0.2270 0.2270 0.2270 0.2270
351 177 329 322 0.2854 0.2270 0.2854 0.2854 0.2854 0.2854 0.2270 0.2270 0.2270 0.2854 0.2854 0.2854 0.2270 0.2854 0.2854 0.2270
177 329 322 332 0.2270 0.2270 0.2270 0.2270 0.2854 0.2270 0.2854 0.2854 0.2270 0.2270 0.2270 0.2854 0.2854 0.2270 0.2270 0.2854
329 322 332 221 0.2854 0.2854 0.2270 0.2854 0.2854 0.2270 0.2854 0.2270 0.2854 0.2270 0.2270 0.2854 0.2270 0.2854 0.2270 0.2854
322 332 221 279 0.2854 0.2854 0.2270 0.2854 0.2270 0.2854 0.2270 0.2270 0.2854 0.2854 0.2854 0.2854 0.2854 0.2854 0.2270 0.2270
332 221 279 324 0.2270 0.2270 0.2854 0.2854 0.2854 0.2270 0.2270 0.2270 0.2854 0.2270 0.2854 0.2270 0.2270 0.2270 0.2854 0.2854
221 279 324 070 0.2270 0.2270 0.2854 0.2854 0.2854 0.2854 0.2270 0.2854 0.2854 0.2854 0.2854 0.2270 0.2270 0.2270 0.2854 0.2270
279 324 070 072 0.2270 0.2270 0.2854 0.2270 0.2270 0.2270 0.2270 0.2270 0.2854 0.2854 0.2854 0.2854 0.2270 0.2270 0.2854 0.2854
324 070 072 188 0.2270 0.2854 0.2270 0.2270 0.2854 0.2854 0.2270 0.2854 0.2270 0.2270 0.2854 0.2270 0.2854 0.2854 0.2270 0.2270
070 072 188 077 0.2854 0.2270 0.2854 0.2270 0.2270 0.2854 0.2854 0.2270 0.2854 0.2270 0.2270 0.2270 0.2270 0.2270 0.2854 0.2270
072 188 077 021 0.2854 0.2270 0.2270 0.2854 0.2270 0.2270 0.2854 0.2854 0.2854 0.2270 0.2270 0.2270 0.2270 0.2270 0.2270 0.2270
188 077 021 166 0.2854 0.2854 0.2854 0.2854 0.2270 0.2854 0.2270 0.2854 0.2270 0.2270 0.2270 0.2854 0.2854 0.2854 0.2270 0.2854
077 021 166 278 0.2270 0.2854 0.2854 0.2270 0.2854 0.2270 0.2854 0.2270 0.2270 0.2270 0.2270 0.2270 0.2270 0.2854 0.2270 0.2854
021 166 278 037 0.2270 0.2854 0.2854 0.2854 0.2854 0.2854 0.2854 0.2270 0.2854 0.2270 0.2854 0.2270 0.2270 0.2270 0.2270 0.2270
166 278 037 124 0.2270 0.2854 0.2854 0.2270 0.2854 0.2270 0.2270 0.2854 0.2854 0.2854 0.2854 0.2270 0.2854 0.2270 0.2854 0.2270
278 037 124 349 0.2854 0.2270 0.2270 0.2270 0.2854 0.2854 0.2854 0.2854 0.2270 0.2270 0.2270 0.2854 0.2854 0.2854 0.2854 0.2270
037 124 349 269 0.2270 0.2270 0.2270 0.2270 0.2854 0.2854 0.2270 0.2270 0.2270 0.2854 0.2270 0.2270 0.2270 0.2854 0.2270 0.2854
124 349 269 182 0.2270 0.2854 0.2854 0.2854 0.2854 0.2270 0.2854 0.2854 0.2270 0.2270 0.2854 0.2854 0.2854 0.2270 0.2270 0.2854
349 269 182 142 0.2270 0.2270 0.2270 0.2270 0.2270 0.2270 0.2270 0.2854 0.2854 0.2854 0.2270 0.2270 0.2854 0.2270 0.2854 0.2854
269 182 142 252 0.2270 0.2270 0.2854 0.2854 0.2270 0.2854 0.2270 0.2270 0.2854 0.2270 0.2270 0.2854 0.2854 0.2854 0.2270 0.2270
182 142 252 067 0.2854 0.2270 0.2854 0.2854 0.2270 0.2270 0.2854 0.2270 0.2270 0.2270 0.2854 0.2854 0.2854 0.2854 0.2270 0.2270
142 252 067 189 0.2854 0.2270 0.2854 0.2854 0.2854 0.2854 0.2854 0.2854 0.2270 0.2270 0.2854 0.2270 0.2270 0.2854 0.2270 0.2270
252 067 189 254 0.2854 0.2270 0.2270 0.2270 0.2854 0.2854 0.2270 0.2270 0.2270 0.2270 0.2854 0.2854 0.2270 0.2854 0.2270 0.2854
067 189 254 108 0.2854 0.2854 0.2854 0.2270 0.2854 0.2270 0.2270 0.2270 0.2854 0.2270 0.2854 0.2270 0.2270 0.2270 0.2854 0.2270
189 254 108 007 0.2854 0.2854 0.2270 0.2270 0.2270 0.2270 0.2270 0.2270 0.2854 0.2270 0.2270 0.2854 0.2270 0.2270 0.2854 0.2270
254 108 007 333 0.2270 0.2854 0.2854 0.2854 0.2854 0.2270 0.2854 0.2854 0.2270 0.2854 0.2854 0.2270 0.2270 0.2854 0.2854 0.2854
108 007 333 338 0.2854 0.2854 0.2270 0.2270 0.2854 0.2270 0.2854 0.2854 0.2854 0.2270 0.2270 0.2854 0.2854 0.2854 0.2270 0.2854
007 333 338 139 0.2854 0.2854 0.2270 0.2270 0.2854 0.2854 0.2270 0.2270 0.2270 0.2270 0.2270 0.2854 0.2854 0.2854 0.2854 0.2854
333 338 139 050 0.2270 0.2270 0.2854 0.2854 0.2854 0.2854 0.2854 0.2854 0.2854 0.2270 0.2854 0.2270 0.2854 0.2270 0.2270 0.2270
338 139 050 017 0.2854 0.2854 0.2270 0.2270 0.2270 0.2854 0.2270 0.2270 0.2270 0.2270 0.2270 0.2270 0.2270 0.2854 0.2854 0.2270
139 050 017 060 0.2270 0.2270 0.2270 0.2854 0.2270 0.2854 0.2854 0.2854 0.2854 0.2270 0.2270 0.2854 0.2270 0.2854 0.2270 0.2854
050 017 060 006 0.2854 0.2270 0.2854 0.2854 0.2270 0.2854 0.2270 0.2854 0.2854 0.2270 0.2854 0.2270 0.2270 0.2270 0.2270 0.2854
017 060 006 044 0.2270 0.2854 0.2854 0.2270 0.2854 0.2270 0.2270 0.2854 0.2854 0.2270 0.2270 0.2270 0.2854 0.2854 0.2854 0.2270
060 006 044 210 0.2854 0.2270 0.2854 0.2854 0.2270 0.2270 0.2854 0.2854 0.2854 0.2270 0.2270 0.2270 0.2854 0.2854 0.2854 0.2270
006 044 210 045 0.2270 0.2854 0.2270 0.2854 0.2854 0.2270 0.2854 0.2854 0.2270 0.2270 0.2270 0.2270 0.2854 0.2854 0.2854 0.2270
044 210 045 256 0.2854 0.2270 0.2854 0.2270 0.2270 0.2854 0.2270 0.2270 0.2270 0.2854 0.2270 0.2270 0.2270 0.2854 0.2854 0.2270
210 045 256 328 0.2854 0.2270 0.2854 0.2270 0.2270 0.2854 0.2270 0.2854 0.2270 0.2854 0.2270 0.2854 0.2270 0.2270 0.2270 0.2270
045 256 328 096 0.2270 0.2270 0.2270 0.2854 0.2270 0.2854 0.2270 0.2270 0.2854 0.2854 0.2270 0.2854 0.2854 0.2270 0.2854 0.2854
256 328 096 015 0.2270 0.2270 0.2854 0.2854 0.2854 0.2270 0.2270 0.2270 0.2854 0.2270 0.2854 0.2270 0.2270 0.2270 0.2854 0.2270
328 096 015 175 0.2854 0.2270 0.2270 0.2854 0.2854 0.2270 0.2854 0.2270 0.2854 0.2270 0.2270 0.2854 0.2854 0.2854 0.2854 0.2270
096 015 175 113 0.2854 0.2270 0.2854 0.2854 0.2270 0.2270 0.2854 0.2854 0.2270 0.2854 0.2270 0.2270 0.2270 0.2270 0.2270 0.2854
015 175 113 202 0.2270 0.2270 0.2854 0.2270 0.2270 0.2854 0.2854 0.2270 0.2270 0.2270 0.2854 0.2270 0.2854 0.2854 0.2854 0.2854
175 113 202 008 0.2854 0.2854 0.2854 0.2854 0.2270 0.2270 0.2270 0.2854 0.2854 0.2854 0.2854 0.2854 0.2854 0.2270 0.2854 0.2270
113 202 008 068 0.2854 0.2854 0.2270 0.2270 0.2854 0.2854 0.2270 0.2854 0.2270 0.2854 0.2854 0.2270 0.2854 0.2854 0.2854 0.2270
202 008 068 258 0.2270 0.2270 0.2270 0.2270 0.2854 0.2854 0.2270 0.2854 0.2270 0.2270 0.2854 0.2270 0.2854 0.2854 0.2270 0.2854
008 068 258 137 0.2854 0.2854 0.2270 0.2854 0.2854 0.2854 0.2854 0.2854 0.2270 0.2270 0.2270 0.2270 0.2854 0.2854 0.2854 0.2854
068 258 137 034 0.2854 0.2270 0.2270 0.2854 0.2270 0.2854 0.2854 0.2270 0.2854 0.2854 0.2854 0.2854 0.2854 0.2854 0.2270 0.2270
258 137 034 110 0.2270 0.2854 0.2270 0.2854 0.2854 0.2854 0.2270 0.2854 0.2854 0.2270 0.2854 0.2270 0.2854 0.2270 0.2270 0.2270
137 034 110 001 0.2270 0.2270 0.2854 0.2270 0.2270 0.2270 0.2270 0.2854 0.2854 0.2854 0.2854 0.2854 0.2270 0.2270 0.2854 0.2854
034 110 001 294 0.2270 0.2854 0.2270 0.2270 0.2270 0.2854 0.2270 0.2270 0.2854 0.2854 0.2854 0.2270 0.2270 0.2270 0.2854 0.2270
110 001 294 331 0.2854 0.2270 0.2270 0.2854 0.2854 0.2854 0.2270 0.2854 0.2854 0.2854 0.2270 0.2854 0.2854 0.2270 0.2854 0.2854
001 294 331 032 0.2854 0.2854 0.2270 0.2854 0.2270 0.2854 0.2270 0.2854 0.2854 0.2270 0.2270 0.2270 0.2854 0.2270 0.2270 0.2854
294 331 032 248 0.2270 0.2854 0.2270 0.2270 0.2270 0.2270 0.2270 0.2270 0.2270 0.2270 0.2270 0.2854 0.2270 0.2270 0.2270 0.2854
331 032 248 247 0.2854 0.2854 0.2854 0.2854 0.2854 0.2270 0.2270 0.2854 0.2854 0.2854 0.2270 0.2854 0.2270 0.2854 0.2854 0.2854
032 248 247 305 0.2854 0.2854 0.2270 0.2854 0.2854 0.2270 0.2854 0.2270 0.2854 0.2854 0.2270 0.2270 0.2854 0.2854 0.2270 0.2854
248 247 305 300 0.2270 0.2270 0.2854 0.2854 0.2270 0.2270 0.2270 0.2270 0.2854 0.2854 0.2270 0.2270 0.2270 0.2270 0.2270 0.2270
247 305 300 114 0.2270 0.2854 0.2270 0.2854 0.2270 0.2270 0.2270 0.2270 0.2270 0.2270 0.2854 0.2270 0.2270 0.2270 0.2854 0.2270
305 300 114 195 0.2854 0.2270 0.2854 0.2854 0.2854 0.2270 0.2854 0.2854 0.2854 0.2854 0.2270 0.2270 0.2854 0.2854 0.2854 0.2854
300 114 195 268 0.2854 0.2854 0.2854 0.2854 0.2854 0.2270 0.2270 0.2854 0.2270 0.2854 0.2854 0.2854 0.2854 0.2854 0.2854 0.2270
114 195 268 179 0.2854 0.2854 0.2854 0.2270 0.2854 0.2270 0.2270 0.2270 0.2270 0.2270 0.2270 0.2854 0.2270 0.2270 0.2854 0.2270
195 268 179 075 0.2270 0.2854 0.2270 0.2854 0.2854 0.2270 0.2854 0.2270 0.2854 0.2270 0.2854 0.2270 0.2270 0.2270 0.2270 0.2854
268 179 075 144 0.2270 0.2270 0.2270 0.2854 0.2270 0.2854 0.2854 0.2854 0.2270 0.2270 0.2270 0.2854 0.2270 0.2270 0.2270 0.2854
179 075 144 097 0.2854 0.2270 0.2270 0.2270 0.2270 0.2270 0.2270 0.2270 0.2270 0.2270 0.2270 0.2270 0.2270 0.2270 0.2854 0.2854
075 144 097 103 0.2854 0.2854 0.2270 0.2270 0.2854 0.2270 0.2854 0.2270 0.2270 0.2854 0.2854 0.2270 0.2270 0.2270 0.2854 0.2854
144 097 103 344 0.2270 0.2270 0.2270 0.2854 0.2270 0.2270 0.2270 0.2854 0.2270 0.2854 0.2854 0.2270 0.2270 0.2854 0.2270 0.2270
097 103 344 009 0.2270 0.2854 0.2854 0.2854 0.2854 0.2270 0.2270 0.2854 0.2854 0.2270 0.2270 0.2854 0.2854 0.2854 0.2854 0.2854
103 344 009 057 0.2270 0.2854 0.2854 0.2270 0.2854 0.2270 0.2854 0.2854 0.2854 0.2270 0.2270 0.2854 0.2270 0.2854 0.2270 0.2270
344 009 057 251 0.2270 0.2854 0.2270 0.2854 0.2854 0.2854 0.2270 0.2854 0.2854 0.2270 0.2854 0.2854 0.2854 0.2854 0.2854 0.2270
009 057 251 099 0.2854 0.2854 0.2270 0.2854 0.2854 0.2270 0.2854 0.2270 0.2854 0.2270 0.2270 0.2854 0.2854 0.2854 0.2854 0.2854
057 251 099 250 0.2854 0.2270 0.2854 0.2270 0.2854 0.2270 0.2270 0.2270 0.2854 0.2854 0.2854 0.2270 0.2854 0.2854 0.2854 0.2854
251 099 250 201 0.2270 0.2270 0.2854 0.2270 0.2854 0.2270 0.2854 0.2270 0.2854 0.2270 0.2270 0.2270 0.2854 0.2854 0.2854 0.2854
099 250 201 197 0.2854 0.2854 0.2270 0.2270 0.2270 0.2270 0.2854 0.2270 0.2854 0.2854 0.2270 0.2270 0.2854 0.2270 0.2270 0.2854
250 201 197 173 0.2270 0.2270 0.2854 0.2854 0.2270 0.2270 0.2270 0.2270 0.2854 0.2854 0.2270 0.2270 0.2270 0.2270 0.2270 0.2270
201 197 173 318 0.2270 0.2854 0.2270 0.2854 0.2270 0.2270 0.2854 0.2854 0.2854 0.2270 0.2854 0.2854 0.2854 0.2270 0.2854 0.2854
197 173 318 187 0.2270 0.2854 0.2854 0.2854 0.2270 0.2854 0.2854 0.2270 0.2854 0.2270 0.2270 0.2854 0.2270 0.2854 0.2270 0.2854
173 318 187 130 0.2854 0.2854 0.2270 0.2854 0.2270 0.2270 0.2270 0.2854 0.2270 0.2854 0.2270 0.2270 0.2270 0.2270 0.2854 0.2270
318 187 130 284 0.2270 0.2854 0.2270 0.2854 0.2270 0.2854 0.2270 0.2270 0.2854 0.2270 0.2854 0.2270 0.2270 0.2854 0.2854 0.2854
187 130 284 079 0.2270 0.2854 0.2270 0.2854 0.2854 0.2270 0.2270 0.2854 0.2270 0.2270 0.2854 0.2854 0.2270 0.2854 0.2270 0.2854
130 284 079 246 0.2270 0.2270 0.2270 0.2854 0.2270 0.2270 0.2270 0.2854 0.2854 0.2270 0.2854 0.2270 0.2270 0.2854 0.2270 0.2854
284 079 246 066 0.2270 0.2270 0.2270 0.2270 0.2270 0.2270 0.2854 0.2854 0.2854 0.2854 0.2854 0.2270 0.2854 0.2270 0.2270 0.2270
079 246 066 116 0.2854 0.2854 0.2854 0.2854 0.2270 0.2854 0.2270 0.2270 0.2854 0.2854 0.2854 0.2854 0.2270 0.2270 0.2270 0.2854
246 066 116 023 0.2270 0.2270 0.2854 0.2854 0.2854 0.2270 0.2270 0.2854 0.2854 0.2270 0.2270 0.2270 0.2854 0.2270 0.2854 0.2854
066 116 023 303 0.2854 0.2270 0.2270 0.2854 0.2270 0.2270 0.2270 0.2270 0.2270 0.2854 0.2270 0.2270 0.2854 0.2854 0.2854 0.2270
116 023 303 141 0.2270 0.2854 0.2270 0.2270 0.2854 0.2854 0.2270 0.2270 0.2854 0.2270 0.2270 0.2854 0.2270 0.2270 0.2270 0.2854
023 303 141 048 0.2270 0.2854 0.2854 0.2270 0.2854 0.2854 0.2270 0.2854 0.2270 0.2270 0.2854 0.2854 0.2854 0.2854 0.2854 0.2270
303 141 048 310 0.2270 0.2854 0.2854 0.2270 0.2270 0.2270 0.2854 0.2270 0.2270 0.2854 0.2854 0.2270 0.2270 0.2854 0.2854 0.2270
141 048 310 336 0.2270 0.2854 0.2854 0.2270 0.2270 0.2854 0.2270 0.2854 0.2854 0.2854 0.2854 0.2854 0.2854 0.2270 0.2854 0.2270
048 310 336 266 0.2270 0.2270 0.2854 0.2854 0.2270 0.2854 0.2854 0.2270 0.2854 0.2854 0.2270 0.2270 0.2854 0.2854 0.2854 0.2854
310 336 266 133 0.2854 0.2270 0.2270 0.2270 0.2854 0.2854 0.2854 0.2854 0.2270 0.2854 0.2270 0.2270 0.2270 0.2854 0.2854 0.2270
336 266 133 194 0.2854 0.2270 0.2270 0.2854 0.2854 0.2270 0.2854 0.2270 0.2854 0.2854 0.2270 0.2270 0.2854 0.2854 0.2270 0.2854
266 133 194 138 0.2270 0.2270 0.2854 0.2854 0.2270 0.2854 0.2854 0.2854 0.2854 0.2270 0.2270 0.2270 0.2854 0.2854 0.2854 0.2854
133 194 138 212 0.2270 0.2854 0.2854 0.2270 0.2854 0.2270 0.2854 0.2270 0.2270 0.2854 0.2270 0.2854 0.2854 0.2854 0.2854 0.2854
194 138 212 307 0.2270 0.2270 0.2854 0.2854 0.2854 0.2854 0.2270 0.2270 0.2270 0.2270 0.2270 0.2270 0.2854 0.2270 0.2854 0.2270
138 212 307 005 0.2270 0.2270 0.2854 0.2854 0.2270 0.2854 0.2854 0.2270 0.2270 0.2270 0.2854 0.2270 0.2270 0.2270 0.2270 0.2270
212 307 005 092 0.2270 0.2270 0.2854 0.2270 0.2854 0.2270 0.2270 0.2854 0.2270 0.2854 0.2270 0.2854 0.2854 0.2854 0.2854 0.2270
307 005 092 146 0.2270 0.2854 0.2270 0.2270 0.2854 0.2270 0.2854 0.2854 0.2854 0.2270 0.2270 0.2270 0.2854 0.2270 0.2854 0.2854
005 092 146 119 0.2854 0.2270 0.2854 0.2270 0.2854 0.2854 0.2270 0.2270 0.2854 0.2854 0.2270 0.2854 0.2854 0.2854 0.2854 0.2854
092 146 119 227 0.2854 0.2270 0.2854 0.2854 0.2854 0.2854 0.2270 0.2854 0.2854 0.2270 0.2270 0.2854 0.2270 0.2854 0.2270 0.2270
146 119 227 074 0.2854 0.2270 0.2270 0.2270 0.2854 0.2854 0.2854 0.2270 0.2854 0.2270 0.2270 0.2854 0.2854 0.2270 0.2270 0.2270
119 227 074 086 0.2270 0.2270 0.2270 0.2270 0.2854 0.2270 0.2854 0.2270 0.2854 0.2270 0.2270 0.2854 0.2854 0.2854 0.2854 0.2270
227 074 086 330 0.2270 0.2854 0.2270 0.2270 0.2854 0.2270 0.2854 0.2854 0.2270 0.2270 0.2270 0.2270 0.2270 0.2270 0.2854 0.2270
074 086 330 311 0.2270 0.2270 0.2854 0.2854 0.2854 0.2270 0.2854 0.2270 0.2270 0.2854 0.2854 0.2854 0.2270 0.2854 0.2270 0.2270
086 330 311 014 0.2854 0.2854 0.2270 0.2854 0.2270 0.2854 0.2854 0.2854 0.2854 0.2854 0.2854 0.2854 0.2854 0.2854 0.2854 0.2270
330 311 014 264 0.2854 0.2854 0.2854 0.2270 0.2854 0.2270 0.2270 0.2854 0.2270 0.2270 0.2270 0.2270 0.2854 0.2854 0.2854 0.2854
311 014 264 078 0.2270 0.2854 0.2270 0.2270 0.2854 0.2854 0.2854 0.2854 0.2270 0.2270 0.2854 0.2854 0.2270 0.2270 0.2270 0.2854
014 264 078 100 0.2270 0.2270 0.2854 0.2270 0.2854 0.2270 0.2854 0.2854 0.2854 0.2854 0.2854 0.2854 0.2270 0.2270 0.2270 0.2854
264 078 100 319 0.2854 0.2270 0.2854 0.2270 0.2854 0.2270 0.2270 0.2270 0.2270 0.2270 0.2270 0.2854 0.2854 0.2854 0.2270 0.2270
078 100 319 355 0.2854 0.2270 0.2854 0.2270 0.2270 0.2854 0.2270 0.2270 0.2854 0.2270 0.2270 0.2854 0.2270 0.2270 0.2854 0.2854
100 319 355 088 0.2270 0.2270 0.2854 0.2270 0.2854 0.2854 0.2270 0.2854 0.2854 0.2270 0.2854 0.2270 0.2270 0.2854 0.2854 0.2854
319 355 088 225 0.2270 0.2854 0.2270 0.2854 0.2270 0.2854 0.2270 0.2854 0.2270 0.2270 0.2270 0.2270 0.2854 0.2270 0.2854 0.2270
355 088 225 245 0.2854 0.2270 0.2854 0.2854 0.2270 0.2270 0.2270 0.2270 0.2270 0.2270 0.2854 0.2854 0.2854 0.2270 0.2854 0.2854
