356 031684 3
075 142 128 265 0.6382 0.6382 0.0855 0.0855 0.0855 0.0855 0.6382 0.6382 0.6382 0.0855 0.6382 0.6382 0.6382 0.6382 0.0855 0.6382
142 128 265 129 0.0855 0.0855 0.0855 0.6382 0.6382 0.6382 0.6382 0.6382 0.6382 0.0855 0.0855 0.6382 0.0855 0.0855 0.0855 0.6382
128 265 129 267 0.6382 0.6382 0.6382 0.0855 0.0855 0.0855 0.0855 0.0855 0.6382 0.6382 0.0855 0.0855 0.0855 0.6382 0.0855 0.6382
265 129 267 285 0.0855 0.0855 0.0855 0.6382 0.6382 0.6382 0.6382 0.6382 0.6382 0.6382 0.6382 0.0855 0.6382 0.6382 0.0855 0.0855
129 267 285 180 0.6382 0.6382 0.6382 0.6382 0.0855 0.0855 0.0855 0.6382 0.0855 0.6382 0.0855 0.6382 0.6382 0.6382 0.6382 0.0855
267 285 180 333 0.0855 0.0855 0.6382 0.0855 0.6382 0.6382 0.0855 0.6382 0.0855 0.0855 0.0855 0.0855 0.0855 0.0855 0.0855 0.6382
285 180 333 245 0.6382 0.0855 0.6382 0.0855 0.6382 0.0855 0.0855 0.0855 0.0855 0.6382 0.0855 0.0855 0.6382 0.6382 0.0855 0.0855
180 333 245 252 0.6382 0.0855 0.0855 0.0855 0.6382 0.6382 0.0855 0.6382 0.0855 0.6382 0.6382 0.0855 0.6382 0.0855 0.0855 0.0855
333 245 252 304 0.0855 0.0855 0.0855 0.6382 0.6382 0.0855 0.0855 0.0855 0.6382 0.0855 0.0855 0.0855 0.0855 0.0855 0.6382 0.0855
245 252 304 082 0.6382 0.0855 0.6382 0.0855 0.6382 0.6382 0.6382 0.6382 0.0855 0.6382 0.0855 0.0855 0.6382 0.0855 0.0855 0.0855
252 304 082 284 0.0855 0.6382 0.6382 0.0855 0.0855 0.6382 0.6382 0.6382 0.0855 0.0855 0.6382 0.0855 0.0855 0.0855 0.0855 0.0855
304 082 284 312 0.0855 0.6382 0.0855 0.0855 0.0855 0.6382 0.0855 0.6382 0.0855 0.0855 0.0855 0.6382 0.6382 0.0855 0.0855 0.0855
082 284 312 321 0.6382 0.6382 0.0855 0.6382 0.6382 0.0855 0.0855 0.6382 0.6382 0.6382 0.6382 0.0855 0.6382 0.0855 0.6382 0.0855
284 312 321 106 0.0855 0.6382 0.6382 0.6382 0.6382 0.6382 0.6382 0.0855 0.0855 0.0855 0.6382 0.6382 0.6382 0.0855 0.0855 0.0855
312 321 106 313 0.6382 0.0855 0.0855 0.6382 0.0855 0.6382 0.6382 0.6382 0.0855 0.0855 0.0855 0.0855 0.0855 0.6382 0.0855 0.0855
321 106 313 261 0.6382 0.0855 0.0855 0.6382 0.0855 0.6382 0.0855 0.6382 0.6382 0.0855 0.0855 0.0855 0.0855 0.0855 0.6382 0.6382
106 313 261 022 0.0855 0.0855 0.6382 0.0855 0.6382 0.6382 0.0855 0.0855 0.6382 0.0855 0.0855 0.6382 0.0855 0.6382 0.0855 0.0855
313 261 022 212 0.6382 0.0855 0.0855 0.0855 0.6382 0.6382 0.6382 0.6382 0.6382 0.0855 0.6382 0.0855 0.0855 0.6382 0.0855 0.0855
261 022 212 002 0.0855 0.0855 0.0855 0.0855 0.6382 0.0855 0.6382 0.6382 0.6382 0.0855 0.0855 0.0855 0.6382 0.6382 0.6382 0.0855
022 212 002 169 0.6382 0.0855 0.0855 0.6382 0.0855 0.0855 0.6382 0.0855 0.6382 0.0855 0.0855 0.6382 0.0855 0.0855 0.6382 0.6382
212 002 169 040 0.0855 0.6382 0.6382 0.0855 0.0855 0.6382 0.0855 0.6382 0.6382 0.6382 0.6382 0.0855 0.6382 0.6382 0.6382 0.0855
002 169 040 020 0.6382 0.0855 0.0855 0.0855 0.6382 0.0855 0.6382 0.0855 0.0855 0.6382 0.0855 0.0855 0.0855 0.0855 0.6382 0.6382
169 040 020 098 0.6382 0.0855 0.0855 0.6382 0.6382 0.0855 0.0855 0.6382 0.0855 0.6382 0.0855 0.0855 0.0855 0.6382 0.6382 0.6382
040 020 098 349 0.6382 0.6382 0.6382 0.6382 0.6382 0.6382 0.0855 0.0855 0.6382 0.0855 0.0855 0.6382 0.6382 0.0855 0.0855 0.6382
020 098 349 086 0.6382 0.6382 0.0855 0.0855 0.6382 0.0855 0.6382 0.6382 0.0855 0.0855 0.6382 0.0855 0.6382 0.0855 0.0855 0.0855
098 349 086 231 0.0855 0.0855 0.0855 0.6382 0.0855 0.0855 0.6382 0.0855 0.6382 0.0855 0.6382 0.6382 0.0855 0.0855 0.0855 0.0855
349 086 231 242 0.0855 0.0855 0.0855 0.0855 0.0855 0.6382 0.6382 0.6382 0.6382 0.6382 0.0855 0.0855 0.0855 0.0855 0.6382 0.0855
086 231 242 065 0.6382 0.0855 0.0855 0.6382 0.6382 0.6382 0.6382 0.0855 0.6382 0.6382 0.0855 0.0855 0.0855 0.6382 0.0855 0.6382
231 242 065 073 0.0855 0.0855 0.6382 0.0855 0.0855 0.6382 0.6382 0.6382 0.0855 0.6382 0.6382 0.6382 0.6382 0.6382 0.6382 0.6382
242 065 073 329 0.0855 0.0855 0.6382 0.6382 0.6382 0.6382 0.6382 0.0855 0.0855 0.0855 0.0855 0.6382 0.0855 0.6382 0.6382 0.6382
065 073 329 048 0.6382 0.6382 0.6382 0.0855 0.0855 0.0855 0.0855 0.0855 0.0855 0.6382 0.6382 0.6382 0.6382 0.0855 0.6382 0.0855
073 329 048 114 0.0855 0.6382 0.6382 0.0855 0.6382 0.0855 0.0855 0.6382 0.0855 0.0855 0.6382 0.6382 0.6382 0.0855 0.6382 0.6382
329 048 114 124 0.6382 0.6382 0.6382 0.0855 0.6382 0.6382 0.0855 0.6382 0.0855 0.6382 0.6382 0.0855 0.0855 0.0855 0.6382 0.6382
048 114 124 202 0.6382 0.6382 0.0855 0.6382 0.0855 0.0855 0.6382 0.6382 0.6382 0.6382 0.0855 0.6382 0.6382 0.6382 0.0855 0.6382
114 124 202 038 0.6382 0.6382 0.6382 0.0855 0.0855 0.6382 0.0855 0.0855 0.0855 0.6382 0.0855 0.0855 0.0855 0.6382 0.0855 0.6382
124 202 038 227 0.0855 0.0855 0.6382 0.0855 0.0855 0.6382 0.0855 0.6382 0.6382 0.6382 0.6382 0.0855 0.0855 0.6382 0.0855 0.6382
202 038 227 034 0.6382 0.6382 0.0855 0.0855 0.0855 0.0855 0.6382 0.6382 0.6382 0.6382 0.0855 0.6382 0.6382 0.0855 0.6382 0.0855
038 227 034 234 0.0855 0.0855 0.0855 0.6382 0.6382 0.6382 0.6382 0.0855 0.0855 0.6382 0.6382 0.0855 0.6382 0.6382 0.6382 0.0855
227 034 234 110 0.0855 0.0855 0.6382 0.0855 0.6382 0.0855 0.0855 0.0855 0.0855 0.6382 0.6382 0.6382 0.6382 0.6382 0.0855 0.6382
034 234 110 144 0.6382 0.0855 0.0855 0.0855 0.6382 0.6382 0.0855 0.0855 0.0855 0.0855 0.6382 0.6382 0.6382 0.6382 0.6382 0.6382
234 110 144 191 0.6382 0.6382 0.0855 0.0855 0.6382 0.0855 0.0855 0.6382 0.6382 0.6382 0.0855 0.0855 0.0855 0.0855 0.6382 0.0855
110 144 191 097 0.6382 0.6382 0.0855 0.6382 0.0855 0.6382 0.6382 0.0855 0.0855 0.0855 0.6382 0.0855 0.6382 0.6382 0.0855 0.0855
144 191 097 160 0.6382 0.0855 0.6382 0.0855 0.6382 0.6382 0.6382 0.6382 0.0855 0.0855 0.0855 0.6382 0.6382 0.0855 0.0855 0.6382
191 097 160 181 0.0855 0.6382 0.0855 0.6382 0.6382 0.0855 0.6382 0.0855 0.0855 0.0855 0.6382 0.0855 0.6382 0.6382 0.6382 0.6382
097 160 181 109 0.0855 0.6382 0.0855 0.6382 0.0855 0.6382 0.0855 0.6382 0.6382 0.6382 0.0855 0.6382 0.6382 0.0855 0.6382 0.6382
160 181 109 183 0.6382 0.6382 0.0855 0.0855 0.0855 0.6382 0.6382 0.0855 0.6382 0.0855 0.6382 0.6382 0.6382 0.0855 0.6382 0.6382
181 109 183 311 0.0855 0.0855 0.0855 0.0855 0.0855 0.6382 0.0855 0.0855 0.6382 0.6382 0.0855 0.6382 0.0855 0.6382 0.0855 0.6382
109 183 311 061 0.6382 0.0855 0.6382 0.6382 0.0855 0.0855 0.6382 0.0855 0.6382 0.0855 0.6382 0.6382 0.6382 0.6382 0.6382 0.0855
183 311 061 233 0.0855 0.0855 0.6382 0.6382 0.0855 0.0855 0.6382 0.6382 0.0855 0.0855 0.0855 0.0855 0.0855 0.0855 0.6382 0.0855
311 061 233 179 0.0855 0.0855 0.0855 0.6382 0.6382 0.6382 0.0855 0.6382 0.6382 0.0855 0.6382 0.0855 0.0855 0.6382 0.0855 0.6382
061 233 179 280 0.6382 0.0855 0.0855 0.6382 0.6382 0.0855 0.0855 0.6382 0.0855 0.6382 0.6382 0.0855 0.0855 0.0855 0.0855 0.6382
233 179 280 291 0.0855 0.0855 0.0855 0.0855 0.0855 0.6382 0.6382 0.6382 0.0855 0.0855 0.6382 0.6382 0.0855 0.6382 0.0855 0.0855
179 280 291 283 0.0855 0.6382 0.0855 0.0855 0.6382 0.6382 0.0855 0.0855 0.6382 0.6382 0.0855 0.6382 0.0855 0.0855 0.0855 0.0855
280 291 283 141 0.0855 0.0855 0.6382 0.0855 0.0855 0.6382 0.0855 0.6382 0.0855 0.0855 0.0855 0.6382 0.0855 0.6382 0.0855 0.6382
291 283 141 036 0.6382 0.6382 0.6382 0.0855 0.0855 0.0855 0.6382 0.6382 0.0855 0.6382 0.6382 0.0855 0.6382 0.6382 0.6382 0.6382
283 141 036 143 0.0855 0.0855 0.6382 0.0855 0.0855 0.0855 0.6382 0.6382 0.6382 0.0855 0.0855 0.0855 0.0855 0.0855 0.0855 0.6382
141 036 143 221 0.0855 0.0855 0.0855 0.6382 0.0855 0.0855 0.6382 0.0855 0.6382 0.0855 0.6382 0.6382 0.6382 0.0855 0.0855 0.0855
036 143 221 084 0.6382 0.0855 0.0855 0.0855 0.0855 0.6382 0.0855 0.0855 0.6382 0.0855 0.0855 0.0855 0.6382 0.6382 0.6382 0.6382
143 221 084 042 0.0855 0.0855 0.6382 0.6382 0.6382 0.6382 0.6382 0.0855 0.6382 0.6382 0.6382 0.6382 0.0855 0.6382 0.0855 0.0855
221 084 042 167 0.6382 0.0855 0.0855 0.6382 0.0855 0.0855 0.6382 0.6382 0.6382 0.6382 0.6382 0.6382 0.0855 0.0855 0.6382 0.0855
084 042 167 278 0.6382 0.0855 0.0855 0.0855 0.6382 0.6382 0.0855 0.0855 0.0855 0.6382 0.0855 0.6382 0.0855 0.6382 0.0855 0.0855
042 167 278 130 0.0855 0.0855 0.0855 0.0855 0.0855 0.6382 0.6382 0.0855 0.0855 0.6382 0.0855 0.6382 0.0855 0.0855 0.6382 0.0855
167 278 130 094 0.0855 0.6382 0.0855 0.6382 0.6382 0.6382 0.6382 0.0855 0.0855 0.0855 0.0855 0.0855 0.0855 0.0855 0.0855 0.6382
278 130 094 149 0.0855 0.0855 0.6382 0.6382 0.6382 0.6382 0.0855 0.0855 0.6382 0.6382 0.6382 0.6382 0.0855 0.0855 0.6382 0.6382
130 094 149 157 0.0855 0.0855 0.0855 0.0855 0.0855 0.6382 0.0855 0.6382 0.6382 0.0855 0.6382 0.0855 0.6382 0.6382 0.0855 0.0855
094 149 157 318 0.0855 0.0855 0.6382 0.6382 0.6382 0.6382 0.6382 0.0855 0.0855 0.0855 0.6382 0.6382 0.0855 0.0855 0.0855 0.0855
149 157 318 051 0.0855 0.6382 0.6382 0.0855 0.0855 0.0855 0.6382 0.0855 0.0855 0.6382 0.6382 0.0855 0.6382 0.0855 0.6382 0.6382
157 318 051 251 0.6382 0.0855 0.0855 0.6382 0.6382 0.0855 0.0855 0.6382 0.0855 0.0855 0.0855 0.0855 0.6382 0.0855 0.6382 0.0855
318 051 251 018 0.0855 0.6382 0.6382 0.6382 0.6382 0.0855 0.6382 0.0855 0.0855 0.6382 0.6382 0.0855 0.6382 0.6382 0.0855 0.0855
051 251 018 246 0.0855 0.6382 0.0855 0.6382 0.0855 0.6382 0.0855 0.6382 0.0855 0.0855 0.0855 0.6382 0.0855 0.0855 0.6382 0.6382
251 018 246 232 0.6382 0.6382 0.0855 0.0855 0.6382 0.6382 0.0855 0.0855 0.0855 0.6382 0.6382 0.0855 0.0855 0.0855 0.6382 0.0855
018 246 232 104 0.0855 0.0855 0.6382 0.6382 0.0855 0.0855 0.0855 0.0855 0.6382 0.0855 0.0855 0.0855 0.6382 0.6382 0.6382 0.6382
246 232 104 326 0.6382 0.0855 0.6382 0.0855 0.0855 0.6382 0.6382 0.6382 0.0855 0.0855 0.6382 0.6382 0.0855 0.6382 0.0855 0.0855
232 104 326 314 0.0855 0.0855 0.0855 0.0855 0.0855 0.6382 0.0855 0.0855 0.0855 0.0855 0.0855 0.6382 0.6382 0.6382 0.6382 0.0855
104 326 314 112 0.6382 0.6382 0.6382 0.0855 0.6382 0.0855 0.0855 0.0855 0.6382 0.6382 0.0855 0.6382 0.0855 0.0855 0.6382 0.6382
326 314 112 342 0.0855 0.0855 0.0855 0.6382 0.0855 0.6382 0.6382 0.6382 0.6382 0.6382 0.0855 0.6382 0.0855 0.6382 0.6382 0.0855
314 112 342 319 0.0855 0.0855 0.6382 0.6382 0.0855 0.6382 0.6382 0.6382 0.0855 0.0855 0.6382 0.6382 0.0855 0.6382 0.6382 0.6382
112 342 319 023 0.6382 0.6382 0.0855 0.6382 0.6382 0.6382 0.6382 0.0855 0.6382 0.6382 0.0855 0.6382 0.6382 0.0855 0.0855 0.6382
342 319 023 116 0.6382 0.6382 0.0855 0.0855 0.6382 0.6382 0.6382 0.0855 0.6382 0.0855 0.6382 0.6382 0.6382 0.6382 0.0855 0.0855
319 023 116 123 0.0855 0.0855 0.0855 0.6382 0.0855 0.0855 0.0855 0.0855 0.6382 0.6382 0.0855 0.6382 0.0855 0.0855 0.6382 0.6382
023 116 123 197 0.0855 0.6382 0.0855 0.6382 0.6382 0.6382 0.0855 0.6382 0.0855 0.6382 0.0855 0.0855 0.0855 0.0855 0.6382 0.6382
116 123 197 131 0.0855 0.6382 0.0855 0.6382 0.6382 0.0855 0.6382 0.0855 0.0855 0.0855 0.6382 0.0855 0.0855 0.6382 0.0855 0.0855
123 197 131 276 0.0855 0.6382 0.6382 0.6382 0.0855 0.0855 0.0855 0.0855 0.6382 0.6382 0.6382 0.6382 0.6382 0.0855 0.0855 0.6382
197 131 276 348 0.0855 0.6382 0.6382 0.0855 0.6382 0.0855 0.6382 0.6382 0.0855 0.0855 0.6382 0.0855 0.0855 0.6382 0.6382 0.0855
131 276 348 346 0.6382 0.0855 0.6382 0.6382 0.6382 0.6382 0.6382 0.6382 0.6382 0.0855 0.6382 0.0855 0.0855 0.0855 0.0855 0.6382
276 348 346 006 0.0855 0.6382 0.6382 0.6382 0.6382 0.0855 0.0855 0.0855 0.0855 0.6382 0.6382 0.0855 0.6382 0.0855 0.6382 0.0855
348 346 006 273 0.6382 0.6382 0.6382 0.0855 0.6382 0.0855 0.6382 0.0855 0.6382 0.6382 0.6382 0.0855 0.6382 0.6382 0.0855 0.0855
346 006 273 140 0.6382 0.0855 0.6382 0.0855 0.0855 0.0855 0.0855 0.0855 0.0855 0.6382 0.6382 0.6382 0.0855 0.0855 0.0855 0.0855
006 273 140 134 0.0855 0.0855 0.0855 0.0855 0.6382 0.6382 0.6382 0.6382 0.6382 0.6382 0.6382 0.0855 0.0855 0.0855 0.0855 0.6382
273 140 134 217 0.6382 0.6382 0.0855 0.6382 0.0855 0.6382 0.6382 0.6382 0.0855 0.6382 0.0855 0.0855 0.6382 0.0855 0.0855 0.0855
140 134 217 117 0.0855 0.0855 0.6382 0.0855 0.6382 0.0855 0.6382 0.6382 0.0855 0.0855 0.6382 0.0855 0.6382 0.6382 0.0855 0.6382
134 217 117 286 0.0855 0.6382 0.0855 0.6382 0.6382 0.6382 0.6382 0.6382 0.6382 0.0855 0.0855 0.6382 0.0855 0.6382 0.6382 0.0855
217 117 286 050 0.6382 0.0855 0.0855 0.0855 0.6382 0.6382 0.0855 0.0855 0.6382 0.6382 0.0855 0.6382 0.0855 0.6382 0.0855 0.0855
117 286 050 032 0.0855 0.6382 0.6382 0.6382 0.0855 0.6382 0.0855 0.0855 0.0855 0.6382 0.0855 0.6382 0.6382 0.6382 0.0855 0.6382
286 050 032 214 0.6382 0.6382 0.6382 0.6382 0.0855 0.0855 0.0855 0.0855 0.0855 0.0855 0.0855 0.0855 0.6382 0.6382 0.6382 0.6382
050 032 214 011 0.0855 0.0855 0.0855 0.6382 0.6382 0.0855 0.6382 0.0855 0.6382 0.0855 0.6382 0.0855 0.0855 0.6382 0.6382 0.0855
032 214 011 012 0.0855 0.0855 0.6382 0.6382 0.0855 0.0855 0.0855 0.0855 0.0855 0.6382 0.6382 0.0855 0.0855 0.6382 0.0855 0.6382
214 011 012 118 0.0855 0.6382 0.0855 0.0855 0.6382 0.0855 0.6382 0.0855 0.6382 0.6382 0.6382 0.0855 0.6382 0.6382 0.0855 0.6382
011 012 118 199 0.0855 0.6382 0.0855 0.6382 0.6382 0.6382 0.0855 0.0855 0.0855 0.0855 0.6382 0.0855 0.0855 0.0855 0.0855 0.6382
012 118 199 330 0.6382 0.0855 0.6382 0.0855 0.6382 0.0855 0.6382 0.0855 0.6382 0.0855 0.0855 0.0855 0.6382 0.0855 0.0855 0.0855
118 199 330 243 0.6382 0.0855 0.6382 0.6382 0.0855 0.0855 0.6382 0.6382 0.0855 0.6382 0.6382 0.6382 0.0855 0.6382 0.0855 0.6382
199 330 243 136 0.6382 0.0855 0.0855 0.0855 0.6382 0.0855 0.0855 0.0855 0.0855 0.6382 0.0855 0.6382 0.0855 0.6382 0.0855 0.6382
330 243 136 266 0.0855 0.6382 0.6382 0.0855 0.6382 0.0855 0.6382 0.6382 0.0855 0.6382 0.6382 0.0855 0.0855 0.0855 0.0855 0.0855
243 136 266 250 0.6382 0.0855 0.6382 0.6382 0.0855 0.6382 0.0855 0.6382 0.0855 0.0855 0.6382 0.0855 0.0855 0.6382 0.6382 0.6382
136 266 250 046 0.0855 0.0855 0.0855 0.6382 0.0855 0.0855 0.0855 0.0855 0.6382 0.6382 0.0855 0.6382 0.6382 0.6382 0.0855 0.6382
266 250 046 210 0.0855 0.0855 0.0855 0.0855 0.0855 0.6382 0.6382 0.0855 0.0855 0.6382 0.0855 0.0855 0.0855 0.6382 0.0855 0.0855
250 046 210 074 0.6382 0.6382 0.6382 0.0855 0.0855 0.6382 0.0855 0.6382 0.0855 0.0855 0.6382 0.6382 0.0855 0.6382 0.6382 0.0855
046 210 074 258 0.6382 0.6382 0.0855 0.6382 0.0855 0.6382 0.6382 0.6382 0.0855 0.6382 0.0855 0.6382 0.0855 0.0855 0.6382 0.6382
210 074 258 192 0.6382 0.6382 0.0855 0.0855 0.6382 0.0855 0.0855 0.6382 0.6382 0.6382 0.6382 0.6382 0.6382 0.0855 0.0855 0.0855
074 258 192 078 0.0855 0.6382 0.6382 0.6382 0.6382 0.6382 0.6382 0.0855 0.6382 0.0855 0.0855 0.0855 0.0855 0.0855 0.0855 0.0855
258 192 078 165 0.0855 0.0855 0.0855 0.6382 0.0855 0.6382 0.6382 0.6382 0.0855 0.0855 0.0855 0.6382 0.0855 0.0855 0.0855 0.0855
192 078 165 047 0.0855 0.0855 0.0855 0.0855 0.6382 0.0855 0.6382 0.0855 0.6382 0.6382 0.0855 0.6382 0.6382 0.0855 0.6382 0.6382
078 165 047 089 0.6382 0.6382 0.0855 0.6382 0.6382 0.0855 0.0855 0.6382 0.0855 0.6382 0.0855 0.0855 0.6382 0.6382 0.6382 0.0855
165 047 089 101 0.6382 0.0855 0.6382 0.6382 0.6382 0.6382 0.6382 0.0855 0.6382 0.0855 0.6382 0.0855 0.6382 0.0855 0.0855 0.0855
047 089 101 347 0.0855 0.6382 0.6382 0.0855 0.6382 0.0855 0.0855 0.0855 0.6382 0.6382 0.0855 0.6382 0.0855 0.6382 0.6382 0.6382
089 101 347 269 0.0855 0.6382 0.0855 0.0855 0.6382 0.6382 0.6382 0.6382 0.6382 0.0855 0.0855 0.0855 0.6382 0.0855 0.6382 0.6382
101 347 269 235 0.6382 0.0855 0.6382 0.6382 0.0855 0.0855 0.6382 0.6382 0.6382 0.0855 0.0855 0.0855 0.6382 0.6382 0.0855 0.6382
347 269 235 017 0.0855 0.0855 0.0855 0.0855 0.6382 0.6382 0.6382 0.6382 0.0855 0.0855 0.6382 0.6382 0.0855 0.0855 0.0855 0.6382
269 235 017 331 0.6382 0.6382 0.0855 0.0855 0.6382 0.0855 0.6382 0.6382 0.0855 0.6382 0.0855 0.0855 0.0855 0.0855 0.6382 0.0855
235 017 331 274 0.6382 0.0855 0.0855 0.0855 0.6382 0.0855 0.6382 0.0855 0.0855 0.6382 0.6382 0.6382 0.0855 0.6382 0.0855 0.6382
017 331 274 184 0.6382 0.6382 0.0855 0.6382 0.0855 0.0855 0.0855 0.0855 0.6382 0.0855 0.0855 0.0855 0.6382 0.6382 0.0855 0.0855
331 274 184 218 0.0855 0.6382 0.0855 0.0855 0.0855 0.0855 0.6382 0.6382 0.6382 0.6382 0.6382 0.6382 0.0855 0.0855 0.0855 0.6382
274 184 218 168 0.0855 0.6382 0.0855 0.6382 0.6382 0.6382 0.6382 0.6382 0.0855 0.0855 0.0855 0.0855 0.0855 0.0855 0.6382 0.0855
184 218 168 237 0.6382 0.0855 0.0855 0.0855 0.6382 0.0855 0.6382 0.6382 0.6382 0.6382 0.6382 0.6382 0.0855 0.6382 0.6382 0.6382
218 168 237 194 0.0855 0.6382 0.0855 0.0855 0.6382 0.6382 0.6382 0.0855 0.6382 0.0855 0.0855 0.6382 0.6382 0.0855 0.0855 0.0855
168 237 194 208 0.6382 0.6382 0.6382 0.6382 0.0855 0.0855 0.6382 0.6382 0.6382 0.0855 0.6382 0.6382 0.6382 0.0855 0.6382 0.0855
237 194 208 310 0.6382 0.0855 0.6382 0.6382 0.0855 0.0855 0.0855 0.0855 0.6382 0.6382 0.0855 0.6382 0.6382 0.0855 0.0855 0.6382
194 208 310 200 0.6382 0.0855 0.6382 0.0855 0.6382 0.0855 0.0855 0.6382 0.6382 0.0855 0.6382 0.0855 0.0855 0.6382 0.0855 0.6382
208 310 200 033 0.6382 0.0855 0.0855 0.6382 0.6382 0.6382 0.6382 0.6382 0.0855 0.0855 0.6382 0.6382 0.6382 0.0855 0.0855 0.6382
310 200 033 248 0.0855 0.0855 0.6382 0.6382 0.6382 0.0855 0.0855 0.6382 0.0855 0.6382 0.6382 0.6382 0.0855 0.6382 0.0855 0.0855
200 033 248 043 0.0855 0.6382 0.0855 0.0855 0.0855 0.0855 0.0855 0.0855 0.6382 0.0855 0.0855 0.6382 0.0855 0.6382 0.0855 0.6382
033 248 043 021 0.0855 0.6382 0.6382 0.6382 0.6382 0.6382 0.6382 0.0855 0.0855 0.0855 0.0855 0.6382 0.6382 0.0855 0.0855 0.6382
248 043 021 063 0.0855 0.6382 0.0855 0.6382 0.6382 0.6382 0.0855 0.6382 0.6382 0.6382 0.0855 0.0855 0.0855 0.0855 0.6382 0.6382
043 021 063 138 0.0855 0.0855 0.6382 0.6382 0.0855 0.6382 0.6382 0.0855 0.6382 0.0855 0.6382 0.6382 0.6382 0.0855 0.6382 0.6382
021 063 138 028 0.0855 0.6382 0.6382 0.6382 0.6382 0.0855 0.6382 0.0855 0.0855 0.6382 0.6382 0.6382 0.0855 0.0855 0.6382 0.0855
063 138 028 077 0.6382 0.0855 0.6382 0.0855 0.6382 0.6382 0.0855 0.6382 0.0855 0.6382 0.0855 0.0855 0.0855 0.6382 0.6382 0.6382
138 028 077 066 0.0855 0.0855 0.6382 0.0855 0.0855 0.6382 0.6382 0.0855 0.6382 0.6382 0.0855 0.0855 0.6382 0.0855 0.0855 0.6382
028 077 066 108 0.6382 0.0855 0.6382 0.6382 0.0855 0.6382 0.0855 0.0855 0.6382 0.6382 0.0855 0.0855 0.0855 0.6382 0.0855 0.6382
077 066 108 087 0.0855 0.0855 0.0855 0.0855 0.0855 0.6382 0.0855 0.0855 0.0855 0.0855 0.6382 0.6382 0.0855 0.0855 0.6382 0.6382
066 108 087 005 0.6382 0.6382 0.6382 0.0855 0.0855 0.6382 0.6382 0.0855 0.0855 0.6382 0.6382 0.6382 0.6382 0.6382 0.6382 0.6382
108 087 005 264 0.0855 0.6382 0.6382 0.0855 0.6382 0.0855 0.6382 0.0855 0.0855 0.6382 0.0855 0.6382 0.0855 0.0855 0.6382 0.6382
087 005 264 044 0.0855 0.6382 0.6382 0.0855 0.6382 0.0855 0.0855 0.6382 0.6382 0.6382 0.6382 0.6382 0.0855 0.0855 0.6382 0.0855
005 264 044 147 0.6382 0.0855 0.6382 0.6382 0.6382 0.0855 0.0855 0.6382 0.6382 0.6382 0.0855 0.0855 0.0855 0.0855 0.6382 0.0855
264 044 147 035 0.0855 0.6382 0.0855 0.0855 0.6382 0.6382 0.6382 0.0855 0.0855 0.0855 0.0855 0.0855 0.0855 0.0855 0.6382 0.6382
044 147 035 338 0.0855 0.6382 0.0855 0.6382 0.6382 0.6382 0.6382 0.0855 0.6382 0.6382 0.0855 0.0855 0.0855 0.0855 0.0855 0.6382
147 035 338 067 0.6382 0.0855 0.0855 0.0855 0.6382 0.6382 0.0855 0.6382 0.6382 0.6382 0.6382 0.6382 0.0855 0.0855 0.6382 0.6382
035 338 067 055 0.0855 0.0855 0.6382 0.0855 0.0855 0.0855 0.0855 0.6382 0.6382 0.6382 0.0855 0.0855 0.6382 0.6382 0.6382 0.6382
338 067 055 337 0.0855 0.0855 0.0855 0.0855 0.0855 0.6382 0.6382 0.6382 0.0855 0.0855 0.6382 0.6382 0.6382 0.6382 0.6382 0.6382
067 055 337 139 0.6382 0.0855 0.6382 0.0855 0.6382 0.0855 0.0855 0.0855 0.0855 0.0855 0.6382 0.6382 0.0855 0.6382 0.6382 0.6382
055 337 139 008 0.6382 0.6382 0.6382 0.6382 0.6382 0.6382 0.0855 0.0855 0.0855 0.6382 0.0855 0.0855 0.0855 0.6382 0.6382 0.6382
337 139 008 162 0.0855 0.6382 0.6382 0.0855 0.0855 0.0855 0.0855 0.0855 0.6382 0.0855 0.6382 0.6382 0.6382 0.6382 0.0855 0.6382
139 008 162 301 0.0855 0.0855 0.0855 0.6382 0.6382 0.6382 0.6382 0.6382 0.6382 0.0855 0.6382 0.0855 0.6382 0.0855 0.0855 0.0855
008 162 301 223 0.0855 0.0855 0.0855 0.0855 0.0855 0.0855 0.0855 0.6382 0.0855 0.6382 0.0855 0.6382 0.0855 0.0855 0.6382 0.0855
162 301 223 031 0.6382 0.0855 0.6382 0.6382 0.0855 0.0855 0.0855 0.6382 0.6382 0.0855 0.6382 0.0855 0.6382 0.6382 0.6382 0.0855
301 223 031 287 0.0855 0.6382 0.6382 0.0855 0.6382 0.0855 0.0855 0.6382 0.0855 0.0855 0.6382 0.6382 0.0855 0.0855 0.6382 0.6382
223 031 287 306 0.0855 0.0855 0.6382 0.6382 0.0855 0.0855 0.6382 0.0855 0.0855 0.6382 0.0855 0.0855 0.0855 0.0855 0.0855 0.0855
031 287 306 029 0.6382 0.0855 0.6382 0.0855 0.6382 0.0855 0.0855 0.0855 0.6382 0.6382 0.0855 0.0855 0.0855 0.6382 0.0855 0.6382
287 306 029 171 0.6382 0.6382 0.0855 0.6382 0.0855 0.6382 0.0855 0.0855 0.6382 0.0855 0.6382 0.6382 0.6382 0.0855 0.6382 0.6382
306 029 171 254 0.0855 0.0855 0.6382 0.6382 0.6382 0.0855 0.0855 0.6382 0.6382 0.0855 0.0855 0.6382 0.0855 0.0855 0.6382 0.0855
029 171 254 322 0.0855 0.6382 0.0855 0.6382 0.6382 0.6382 0.6382 0.6382 0.0855 0.0855 0.0855 0.0855 0.0855 0.0855 0.6382 0.6382
171 254 322 220 0.6382 0.0855 0.0855 0.0855 0.0855 0.0855 0.0855 0.0855 0.0855 0.0855 0.0855 0.6382 0.6382 0.0855 0.6382 0.0855
254 322 220 111 0.0855 0.0855 0.0855 0.0855 0.0855 0.0855 0.0855 0.0855 0.6382 0.6382 0.0855 0.0855 0.0855 0.0855 0.6382 0.0855
322 220 111 352 0.6382 0.6382 0.6382 0.0855 0.6382 0.6382 0.0855 0.0855 0.0855 0.0855 0.6382 0.6382 0.6382 0.0855 0.6382 0.0855
220 111 352 256 0.6382 0.0855 0.0855 0.0855 0.0855 0.6382 0.0855 0.0855 0.6382 0.6382 0.6382 0.0855 0.0855 0.6382 0.0855 0.6382
111 352 256 173 0.0855 0.0855 0.6382 0.6382 0.0855 0.0855 0.0855 0.6382 0.0855 0.0855 0.6382 0.6382 0.0855 0.6382 0.6382 0.6382
352 256 173 070 0.0855 0.0855 0.0855 0.0855 0.6382 0.6382 0.6382 0.6382 0.0855 0.6382 0.0855 0.0855 0.0855 0.6382 0.0855 0.0855
256 173 070 170 0.6382 0.6382 0.0855 0.0855 0.0855 0.0855 0.0855 0.0855 0.6382 0.0855 0.0855 0.0855 0.6382 0.0855 0.6382 0.6382
173 070 170 187 0.6382 0.0855 0.0855 0.6382 0.6382 0.6382 0.0855 0.0855 0.6382 0.6382 0.6382 0.6382 0.6382 0.0855 0.0855 0.0855
070 170 187 288 0.0855 0.0855 0.6382 0.0855 0.6382 0.6382 0.0855 0.6382 0.6382 0.0855 0.6382 0.6382 0.0855 0.0855 0.0855 0.0855
170 187 288 088 0.0855 0.6382 0.0855 0.6382 0.6382 0.0855 0.6382 0.6382 0.6382 0.0855 0.0855 0.0855 0.6382 0.6382 0.6382 0.0855
187 288 088 282 0.6382 0.0855 0.6382 0.0855 0.6382 0.6382 0.6382 0.0855 0.6382 0.6382 0.0855 0.0855 0.0855 0.0855 0.6382 0.0855
288 088 282 115 0.0855 0.6382 0.6382 0.0855 0.6382 0.0855 0.6382 0.0855 0.0855 0.6382 0.6382 0.6382 0.0855 0.6382 0.6382 0.0855
088 282 115 303 0.6382 0.6382 0.0855 0.6382 0.6382 0.0855 0.0855 0.6382 0.6382 0.0855 0.6382 0.6382 0.6382 0.6382 0.0855 0.6382
282 115 303 293 0.6382 0.0855 0.0855 0.6382 0.6382 0.6382 0.6382 0.6382 0.6382 0.0855 0.6382 0.6382 0.0855 0.0855 0.6382 0.6382
115 303 293 037 0.0855 0.6382 0.6382 0.6382 0.6382 0.0855 0.0855 0.0855 0.0855 0.0855 0.0855 0.6382 0.0855 0.6382 0.0855 0.6382
303 293 037 013 0.0855 0.0855 0.6382 0.6382 0.6382 0.6382 0.0855 0.0855 0.6382 0.6382 0.0855 0.6382 0.0855 0.6382 0.6382 0.6382
293 037 013 155 0.0855 0.0855 0.0855 0.0855 0.0855 0.6382 0.6382 0.6382 0.0855 0.6382 0.0855 0.6382 0.6382 0.6382 0.0855 0.0855
037 013 155 272 0.0855 0.0855 0.0855 0.6382 0.6382 0.0855 0.6382 0.0855 0.6382 0.6382 0.0855 0.0855 0.6382 0.0855 0.0855 0.6382
013 155 272 289 0.6382 0.6382 0.6382 0.0855 0.0855 0.6382 0.0855 0.6382 0.0855 0.0855 0.0855 0.6382 0.0855 0.0855 0.0855 0.0855
155 272 289 125 0.6382 0.0855 0.6382 0.0855 0.6382 0.6382 0.0855 0.0855 0.0855 0.0855 0.6382 0.6382 0.6382 0.6382 0.0855 0.0855
272 289 125 009 0.6382 0.6382 0.6382 0.6382 0.6382 0.0855 0.0855 0.6382 0.0855 0.6382 0.0855 0.0855 0.6382 0.6382 0.6382 0.0855
289 125 009 161 0.0855 0.0855 0.6382 0.0855 0.6382 0.0855 0.6382 0.6382 0.0855 0.6382 0.6382 0.6382 0.0855 0.0855 0.0855 0.6382
125 009 161 015 0.6382 0.0855 0.6382 0.0855 0.6382 0.6382 0.6382 0.0855 0.6382 0.6382 0.0855 0.6382 0.0855 0.6382 0.0855 0.6382
009 161 015 255 0.6382 0.0855 0.6382 0.0855 0.6382 0.6382 0.6382 0.6382 0.6382 0.6382 0.0855 0.6382 0.0855 0.0855 0.0855 0.0855
161 015 255 350 0.6382 0.6382 0.6382 0.0855 0.0855 0.6382 0.0855 0.0855 0.0855 0.6382 0.0855 0.0855 0.6382 0.0855 0.6382 0.0855
015 255 350 103 0.6382 0.6382 0.0855 0.0855 0.0855 0.6382 0.0855 0.6382 0.0855 0.6382 0.0855 0.6382 0.0855 0.6382 0.0855 0.0855
255 350 103 324 0.6382 0.0855 0.6382 0.6382 0.6382 0.0855 0.6382 0.0855 0.0855 0.6382 0.0855 0.6382 0.6382 0.6382 0.6382 0.6382
350 103 324 068 0.0855 0.6382 0.6382 0.0855 0.6382 0.0855 0.0855 0.0855 0.6382 0.0855 0.6382 0.0855 0.0855 0.6382 0.0855 0.0855
103 324 068 339 0.0855 0.0855 0.6382 0.6382 0.6382 0.0855 0.6382 0.6382 0.0855 0.0855 0.0855 0.0855 0.0855 0.6382 0.6382 0.0855
324 068 339 176 0.6382 0.0855 0.0855 0.0855 0.6382 0.6382 0.0855 0.6382 0.0855 0.0855 0.0855 0.0855 0.0855 0.6382 0.6382 0.6382
068 339 176 080 0.0855 0.6382 0.6382 0.6382 0.6382 0.0855 0.0855 0.0855 0.0855 0.0855 0.0855 0.6382 0.0855 0.0855 0.6382 0.0855
339 176 080 003 0.0855 0.0855 0.0855 0.0855 0.6382 0.6382 0.6382 0.6382 0.0855 0.0855 0.6382 0.6382 0.0855 0.6382 0.6382 0.0855
176 080 003 290 0.6382 0.0855 0.6382 0.0855 0.0855 0.0855 0.0855 0.0855 0.6382 0.0855 0.6382 0.0855 0.0855 0.6382 0.6382 0.6382
080 003 290 132 0.0855 0.6382 0.6382 0.6382 0.0855 0.0855 0.6382 0.6382 0.0855 0.0855 0.0855 0.0855 0.0855 0.6382 0.6382 0.0855
003 290 132 307 0.6382 0.6382 0.0855 0.6382 0.6382 0.6382 0.6382 0.0855 0.0855 0.6382 0.6382 0.6382 0.6382 0.6382 0.6382 0.6382
290 132 307 014 0.6382 0.0855 0.0855 0.0855 0.0855 0.6382 0.0855 0.0855 0.0855 0.6382 0.6382 0.6382 0.0855 0.0855 0.0855 0.6382
132 307 014 198 0.0855 0.6382 0.6382 0.0855 0.0855 0.6382 0.0855 0.6382 0.6382 0.6382 0.6382 0.6382 0.6382 0.6382 0.0855 0.0855
307 014 198 081 0.6382 0.0855 0.6382 0.0855 0.0855 0.0855 0.6382 0.0855 0.0855 0.6382 0.0855 0.6382 0.0855 0.0855 0.0855 0.0855
014 198 081 216 0.0855 0.6382 0.0855 0.0855 0.6382 0.0855 0.0855 0.0855 0.0855 0.0855 0.6382 0.6382 0.0855 0.0855 0.6382 0.0855
198 081 216 206 0.6382 0.0855 0.6382 0.0855 0.6382 0.0855 0.6382 0.6382 0.0855 0.6382 0.0855 0.6382 0.6382 0.0855 0.0855 0.6382
081 216 206 320 0.0855 0.0855 0.6382 0.0855 0.6382 0.6382 0.6382 0.6382 0.0855 0.0855 0.0855 0.6382 0.6382 0.0855 0.6382 0.6382
216 206 320 158 0.6382 0.6382 0.6382 0.0855 0.0855 0.0855 0.6382 0.6382 0.0855 0.0855 0.6382 0.0855 0.0855 0.6382 0.0855 0.0855
206 320 158 071 0.6382 0.0855 0.0855 0.0855 0.6382 0.0855 0.6382 0.0855 0.0855 0.6382 0.6382 0.0855 0.0855 0.6382 0.0855 0.6382
320 158 071 344 0.6382 0.6382 0.6382 0.6382 0.0855 0.0855 0.0855 0.0855 0.6382 0.6382 0.0855 0.0855 0.6382 0.0855 0.0855 0.6382
158 071 344 145 0.0855 0.0855 0.0855 0.0855 0.6382 0.0855 0.0855 0.0855 0.6382 0.0855 0.0855 0.0855 0.0855 0.0855 0.0855 0.0855
071 344 145 189 0.0855 0.6382 0.0855 0.0855 0.6382 0.6382 0.6382 0.6382 0.0855 0.0855 0.0855 0.6382 0.6382 0.6382 0.6382 0.0855
344 145 189 175 0.6382 0.0855 0.0855 0.0855 0.6382 0.0855 0.0855 0.0855 0.6382 0.6382 0.6382 0.0855 0.6382 0.6382 0.0855 0.0855
145 189 175 058 0.0855 0.6382 0.0855 0.0855 0.0855 0.6382 0.0855 0.0855 0.6382 0.0855 0.0855 0.0855 0.0855 0.0855 0.6382 0.0855
189 175 058 000 0.0855 0.6382 0.6382 0.0855 0.0855 0.6382 0.6382 0.6382 0.6382 0.0855 0.0855 0.6382 0.0855 0.0855 0.6382 0.0855
175 058 000 213 0.0855 0.0855 0.6382 0.0855 0.6382 0.0855 0.6382 0.0855 0.0855 0.0855 0.0855 0.0855 0.6382 0.6382 0.0855 0.0855
058 000 213 292 0.0855 0.6382 0.6382 0.6382 0.0855 0.6382 0.6382 0.0855 0.6382 0.0855 0.0855 0.0855 0.6382 0.0855 0.6382 0.0855
000 213 292 185 0.6382 0.0855 0.0855 0.6382 0.0855 0.6382 0.6382 0.6382 0.0855 0.6382 0.0855 0.0855 0.0855 0.0855 0.0855 0.0855
213 292 185 099 0.6382 0.0855 0.0855 0.6382 0.6382 0.0855 0.6382 0.0855 0.0855 0.6382 0.6382 0.0855 0.6382 0.0855 0.6382 0.0855
292 185 099 335 0.0855 0.0855 0.0855 0.6382 0.0855 0.6382 0.6382 0.0855 0.0855 0.0855 0.6382 0.0855 0.0855 0.6382 0.6382 0.6382
185 099 335 263 0.6382 0.6382 0.0855 0.6382 0.6382 0.6382 0.6382 0.0855 0.6382 0.0855 0.0855 0.0855 0.6382 0.0855 0.6382 0.0855
099 335 263 300 0.6382 0.6382 0.0855 0.0855 0.6382 0.6382 0.6382 0.6382 0.6382 0.6382 0.0855 0.6382 0.6382 0.6382 0.0855 0.6382
335 263 300 090 0.6382 0.0855 0.0855 0.0855 0.6382 0.0855 0.6382 0.6382 0.6382 0.6382 0.6382 0.6382 0.6382 0.0855 0.0855 0.0855
263 300 090 027 0.6382 0.0855 0.0855 0.0855 0.0855 0.6382 0.0855 0.0855 0.0855 0.0855 0.0855 0.0855 0.0855 0.0855 0.0855 0.0855
300 090 027 092 0.0855 0.0855 0.6382 0.0855 0.0855 0.0855 0.0855 0.6382 0.6382 0.0855 0.6382 0.6382 0.6382 0.6382 0.0855 0.0855
090 027 092 146 0.6382 0.0855 0.6382 0.6382 0.0855 0.0855 0.0855 0.6382 0.6382 0.0855 0.6382 0.6382 0.0855 0.0855 0.6382 0.0855
027 092 146 025 0.6382 0.0855 0.0855 0.6382 0.6382 0.0855 0.0855 0.6382 0.0855 0.6382 0.0855 0.6382 0.0855 0.6382 0.6382 0.0855
092 146 025 244 0.0855 0.0855 0.6382 0.0855 0.6382 0.0855 0.6382 0.6382 0.6382 0.0855 0.0855 0.0855 0.0855 0.6382 0.6382 0.0855
146 025 244 253 0.6382 0.6382 0.6382 0.6382 0.0855 0.0855 0.6382 0.6382 0.0855 0.0855 0.0855 0.0855 0.0855 0.6382 0.6382 0.6382
025 244 253 238 0.0855 0.0855 0.0855 0.6382 0.0855 0.6382 0.0855 0.6382 0.6382 0.0855 0.6382 0.0855 0.6382 0.6382 0.6382 0.6382
244 253 238 309 0.6382 0.0855 0.0855 0.6382 0.6382 0.0855 0.0855 0.6382 0.0855 0.6382 0.0855 0.0855 0.0855 0.0855 0.6382 0.0855
253 238 309 064 0.0855 0.6382 0.0855 0.6382 0.6382 0.0855 0.6382 0.6382 0.6382 0.6382 0.0855 0.6382 0.0855 0.0855 0.6382 0.6382
238 309 064 308 0.6382 0.0855 0.6382 0.0855 0.0855 0.0855 0.0855 0.6382 0.0855 0.0855 0.6382 0.0855 0.6382 0.0855 0.0855 0.6382
309 064 308 225 0.6382 0.6382 0.0855 0.0855 0.0855 0.6382 0.6382 0.0855 0.0855 0.0855 0.0855 0.0855 0.0855 0.0855 0.6382 0.6382
064 308 225 340 0.6382 0.0855 0.0855 0.0855 0.6382 0.6382 0.6382 0.6382 0.6382 0.0855 0.0855 0.0855 0.6382 0.0855 0.0855 0.0855
308 225 340 327 0.6382 0.0855 0.0855 0.6382 0.0855 0.6382 0.0855 0.6382 0.0855 0.0855 0.0855 0.0855 0.6382 0.0855 0.0855 0.6382
225 340 327 122 0.6382 0.6382 0.6382 0.0855 0.6382 0.0855 0.0855 0.0855 0.0855 0.0855 0.0855 0.0855 0.0855 0.6382 0.6382 0.6382
340 327 122 259 0.0855 0.6382 0.6382 0.6382 0.6382 0.6382 0.0855 0.0855 0.0855 0.6382 0.6382 0.0855 0.0855 0.6382 0.6382 0.0855
327 122 259 257 0.0855 0.6382 0.6382 0.0855 0.6382 0.0855 0.0855 0.0855 0.6382 0.0855 0.6382 0.0855 0.0855 0.6382 0.0855 0.0855
122 259 257 069 0.0855 0.0855 0.0855 0.6382 0.0855 0.0855 0.0855 0.6382 0.0855 0.6382 0.6382 0.6382 0.6382 0.6382 0.6382 0.0855
259 257 069 062 0.6382 0.6382 0.6382 0.6382 0.6382 0.0855 0.0855 0.0855 0.0855 0.0855 0.0855 0.0855 0.0855 0.6382 0.0855 0.6382
257 069 062 019 0.0855 0.6382 0.0855 0.6382 0.0855 0.0855 0.0855 0.6382 0.0855 0.0855 0.6382 0.6382 0.6382 0.6382 0.6382 0.6382
069 062 019 030 0.6382 0.0855 0.0855 0.6382 0.6382 0.0855 0.0855 0.0855 0.6382 0.0855 0.0855 0.6382 0.0855 0.6382 0.0855 0.6382
062 019 030 072 0.6382 0.6382 0.6382 0.0855 0.6382 0.0855 0.6382 0.6382 0.6382 0.0855 0.0855 0.6382 0.0855 0.0855 0.6382 0.0855
019 030 072 120 0.6382 0.0855 0.0855 0.6382 0.6382 0.0855 0.6382 0.0855 0.6382 0.0855 0.0855 0.0855 0.0855 0.6382 0.0855 0.0855
030 072 120 229 0.6382 0.0855 0.0855 0.6382 0.6382 0.6382 0.6382 0.0855 0.0855 0.6382 0.6382 0.0855 0.6382 0.0855 0.0855 0.6382
072 120 229 317 0.6382 0.6382 0.6382 0.0855 0.6382 0.0855 0.0855 0.0855 0.0855 0.6382 0.6382 0.6382 0.0855 0.0855 0.0855 0.6382
120 229 317 203 0.6382 0.6382 0.6382 0.6382 0.6382 0.6382 0.0855 0.6382 0.6382 0.0855 0.6382 0.6382 0.6382 0.0855 0.0855 0.6382
229 317 203 148 0.0855 0.6382 0.0855 0.6382 0.0855 0.6382 0.0855 0.6382 0.0855 0.6382 0.0855 0.6382 0.0855 0.0855 0.0855 0.0855
317 203 148 057 0.0855 0.6382 0.6382 0.6382 0.6382 0.0855 0.6382 0.0855 0.6382 0.0855 0.6382 0.6382 0.6382 0.6382 0.0855 0.0855
203 148 057 156 0.0855 0.0855 0.0855 0.0855 0.6382 0.6382 0.6382 0.0855 0.6382 0.6382 0.0855 0.0855 0.6382 0.6382 0.0855 0.0855
148 057 156 302 0.6382 0.6382 0.6382 0.0855 0.0855 0.0855 0.0855 0.6382 0.6382 0.0855 0.0855 0.0855 0.0855 0.0855 0.6382 0.6382
057 156 302 102 0.6382 0.6382 0.6382 0.6382 0.6382 0.0855 0.0855 0.6382 0.6382 0.6382 0.0855 0.6382 0.6382 0.0855 0.0855 0.6382
156 302 102 182 0.6382 0.6382 0.6382 0.6382 0.6382 0.0855 0.6382 0.6382 0.6382 0.0855 0.6382 0.0855 0.6382 0.0855 0.6382 0.6382
302 102 182 119 0.0855 0.6382 0.0855 0.6382 0.6382 0.6382 0.6382 0.6382 0.0855 0.6382 0.0855 0.0855 0.6382 0.6382 0.6382 0.0855
102 182 119 305 0.0855 0.6382 0.0855 0.0855 0.6382 0.0855 0.0855 0.0855 0.6382 0.6382 0.0855 0.0855 0.6382 0.6382 0.0855 0.6382
182 119 305 262 0.6382 0.0855 0.6382 0.6382 0.0855 0.6382 0.6382 0.0855 0.0855 0.0855 0.6382 0.0855 0.6382 0.0855 0.6382 0.6382
119 305 262 298 0.0855 0.0855 0.6382 0.0855 0.6382 0.0855 0.0855 0.6382 0.0855 0.0855 0.0855 0.6382 0.6382 0.6382 0.0855 0.0855
305 262 298 121 0.6382 0.6382 0.0855 0.6382 0.6382 0.0855 0.0855 0.0855 0.0855 0.0855 0.0855 0.6382 0.6382 0.6382 0.0855 0.0855
262 298 121 054 0.0855 0.6382 0.0855 0.6382 0.6382 0.6382 0.6382 0.6382 0.6382 0.0855 0.0855 0.6382 0.6382 0.0855 0.6382 0.6382
298 121 054 279 0.6382 0.6382 0.0855 0.6382 0.6382 0.0855 0.6382 0.6382 0.0855 0.6382 0.6382 0.0855 0.6382 0.6382 0.6382 0.0855
121 054 279 211 0.6382 0.0855 0.6382 0.0855 0.0855 0.6382 0.6382 0.0855 0.0855 0.6382 0.6382 0.6382 0.6382 0.6382 0.0855 0.0855
054 279 211 079 0.6382 0.0855 0.6382 0.6382 0.6382 0.6382 0.0855 0.6382 0.0855 0.0855 0.6382 0.0855 0.6382 0.0855 0.6382 0.0855
279 211 079 188 0.0855 0.6382 0.0855 0.6382 0.0855 0.0855 0.6382 0.6382 0.6382 0.0855 0.0855 0.6382 0.6382 0.6382 0.6382 0.6382
211 079 188 226 0.6382 0.6382 0.0855 0.0855 0.6382 0.6382 0.6382 0.0855 0.0855 0.6382 0.6382 0.0855 0.0855 0.6382 0.0855 0.6382
079 188 226 270 0.6382 0.6382 0.0855 0.0855 0.6382 0.6382 0.0855 0.0855 0.0855 0.0855 0.0855 0.0855 0.0855 0.6382 0.6382 0.6382
188 226 270 295 0.6382 0.6382 0.0855 0.0855 0.6382 0.6382 0.0855 0.0855 0.0855 0.6382 0.0855 0.0855 0.6382 0.0855 0.0855 0.0855
226 270 295 137 0.0855 0.0855 0.6382 0.6382 0.6382 0.0855 0.0855 0.6382 0.0855 0.6382 0.0855 0.0855 0.6382 0.6382 0.6382 0.0855
270 295 137 041 0.0855 0.6382 0.6382 0.6382 0.0855 0.6382 0.0855 0.0855 0.0855 0.6382 0.6382 0.6382 0.0855 0.6382 0.0855 0.0855
295 137 041 323 0.0855 0.0855 0.6382 0.0855 0.0855 0.0855 0.0855 0.6382 0.0855 0.6382 0.0855 0.0855 0.6382 0.0855 0.6382 0.6382
137 041 323 316 0.6382 0.6382 0.6382 0.6382 0.6382 0.6382 0.6382 0.6382 0.6382 0.0855 0.0855 0.0855 0.0855 0.0855 0.0855 0.6382
041 323 316 294 0.0855 0.0855 0.6382 0.6382 0.0855 0.6382 0.6382 0.6382 0.6382 0.6382 0.0855 0.0855 0.0855 0.0855 0.6382 0.0855
323 316 294 007 0.0855 0.6382 0.6382 0.0855 0.0855 0.0855 0.0855 0.6382 0.6382 0.0855 0.6382 0.0855 0.0855 0.0855 0.0855 0.0855
316 294 007 193 0.6382 0.0855 0.6382 0.0855 0.6382 0.6382 0.0855 0.0855 0.6382 0.6382 0.0855 0.6382 0.0855 0.0855 0.0855 0.6382
294 007 193 166 0.6382 0.0855 0.0855 0.6382 0.6382 0.0855 0.0855 0.6382 0.6382 0.0855 0.6382 0.0855 0.6382 0.6382 0.6382 0.0855
007 193 166 113 0.6382 0.0855 0.6382 0.0855 0.6382 0.0855 0.6382 0.0855 0.6382 0.0855 0.0855 0.0855 0.6382 0.0855 0.0855 0.0855
193 166 113 299 0.0855 0.0855 0.6382 0.6382 0.6382 0.6382 0.0855 0.6382 0.0855 0.6382 0.6382 0.6382 0.0855 0.0855 0.0855 0.6382
166 113 299 024 0.0855 0.0855 0.0855 0.0855 0.6382 0.0855 0.0855 0.6382 0.0855 0.6382 0.0855 0.6382 0.0855 0.0855 0.0855 0.6382
113 299 024 219 0.6382 0.6382 0.6382 0.0855 0.6382 0.0855 0.6382 0.0855 0.6382 0.0855 0.0855 0.6382 0.6382 0.6382 0.0855 0.0855
299 024 219 334 0.0855 0.6382 0.6382 0.6382 0.6382 0.0855 0.6382 0.0855 0.6382 0.6382 0.0855 0.6382 0.0855 0.0855 0.0855 0.0855
024 219 334 093 0.0855 0.6382 0.0855 0.6382 0.6382 0.0855 0.6382 0.0855 0.0855 0.0855 0.0855 0.6382 0.0855 0.6382 0.6382 0.0855
219 334 093 201 0.6382 0.0855 0.0855 0.0855 0.6382 0.0855 0.0855 0.0855 0.0855 0.0855 0.0855 0.0855 0.0855 0.6382 0.6382 0.6382
334 093 201 052 0.6382 0.0855 0.6382 0.6382 0.6382 0.0855 0.6382 0.6382 0.0855 0.6382 0.0855 0.6382 0.6382 0.6382 0.0855 0.6382
093 201 052 353 0.0855 0.0855 0.6382 0.6382 0.0855 0.0855 0.6382 0.0855 0.6382 0.6382 0.0855 0.0855 0.6382 0.6382 0.0855 0.0855
201 052 353 315 0.0855 0.0855 0.0855 0.6382 0.6382 0.6382 0.0855 0.0855 0.6382 0.0855 0.6382 0.6382 0.0855 0.0855 0.0855 0.0855
052 353 315 228 0.0855 0.0855 0.6382 0.0855 0.6382 0.0855 0.6382 0.6382 0.6382 0.6382 0.0855 0.6382 0.6382 0.0855 0.6382 0.6382
353 315 228 172 0.6382 0.6382 0.6382 0.6382 0.6382 0.0855 0.0855 0.6382 0.0855 0.6382 0.0855 0.0855 0.6382 0.6382 0.0855 0.6382
315 228 172 060 0.0855 0.6382 0.0855 0.0855 0.0855 0.6382 0.0855 0.0855 0.0855 0.6382 0.6382 0.6382 0.0855 0.0855 0.6382 0.0855
228 172 060 126 0.6382 0.6382 0.0855 0.6382 0.0855 0.6382 0.6382 0.6382 0.6382 0.0855 0.0855 0.0855 0.0855 0.6382 0.6382 0.0855
172 060 126 247 0.0855 0.0855 0.0855 0.6382 0.6382 0.6382 0.6382 0.6382 0.6382 0.0855 0.6382 0.0855 0.6382 0.0855 0.0855 0.0855
060 126 247 001 0.0855 0.6382 0.0855 0.6382 0.0855 0.0855 0.0855 0.6382 0.0855 0.6382 0.6382 0.6382 0.6382 0.0855 0.0855 0.6382
126 247 001 239 0.0855 0.6382 0.6382 0.0855 0.6382 0.0855 0.0855 0.6382 0.0855 0.0855 0.6382 0.0855 0.6382 0.0855 0.6382 0.6382
247 001 239 281 0.6382 0.0855 0.0855 0.6382 0.0855 0.0855 0.0855 0.0855 0.6382 0.0855 0.6382 0.0855 0.6382 0.0855 0.0855 0.0855
001 239 281 056 0.6382 0.6382 0.0855 0.0855 0.0855 0.0855 0.0855 0.6382 0.6382 0.0855 0.6382 0.0855 0.6382 0.0855 0.0855 0.6382
239 281 056 236 0.6382 0.0855 0.6382 0.6382 0.6382 0.0855 0.0855 0.6382 0.0855 0.0855 0.0855 0.0855 0.0855 0.0855 0.0855 0.0855
281 056 236 178 0.0855 0.6382 0.0855 0.6382 0.6382 0.0855 0.0855 0.6382 0.0855 0.0855 0.6382 0.6382 0.6382 0.6382 0.6382 0.0855
056 236 178 133 0.6382 0.6382 0.6382 0.0855 0.6382 0.6382 0.6382 0.6382 0.6382 0.0855 0.0855 0.6382 0.0855 0.0855 0.0855 0.6382
236 178 133 207 0.0855 0.6382 0.6382 0.6382 0.0855 0.6382 0.6382 0.6382 0.6382 0.6382 0.0855 0.6382 0.0855 0.6382 0.0855 0.6382
178 133 207 053 0.0855 0.6382 0.6382 0.6382 0.6382 0.6382 0.0855 0.6382 0.0855 0.6382 0.6382 0.6382 0.6382 0.6382 0.6382 0.0855
133 207 053 204 0.0855 0.0855 0.0855 0.0855 0.0855 0.0855 0.0855 0.0855 0.6382 0.6382 0.6382 0.0855 0.6382 0.0855 0.6382 0.6382
207 053 204 205 0.6382 0.6382 0.6382 0.0855 0.0855 0.0855 0.0855 0.0855 0.6382 0.0855 0.0855 0.6382 0.0855 0.6382 0.6382 0.6382
053 204 205 296 0.0855 0.6382 0.6382 0.6382 0.0855 0.0855 0.0855 0.0855 0.6382 0.6382 0.6382 0.6382 0.0855 0.0855 0.0855 0.6382
204 205 296 230 0.6382 0.6382 0.6382 0.0855 0.0855 0.6382 0.0855 0.0855 0.0855 0.6382 0.6382 0.0855 0.0855 0.0855 0.6382 0.0855
205 296 230 004 0.6382 0.6382 0.6382 0.6382 0.6382 0.0855 0.0855 0.6382 0.0855 0.0855 0.6382 0.0855 0.6382 0.0855 0.0855 0.0855
296 230 004 016 0.6382 0.0855 0.6382 0.0855 0.6382 0.6382 0.0855 0.6382 0.0855 0.0855 0.0855 0.0855 0.6382 0.6382 0.0855 0.6382
230 004 016 045 0.6382 0.0855 0.6382 0.0855 0.6382 0.0855 0.6382 0.0855 0.6382 0.6382 0.6382 0.0855 0.6382 0.6382 0.6382 0.6382
004 016 045 085 0.0855 0.6382 0.6382 0.0855 0.0855 0.0855 0.0855 0.6382 0.0855 0.0855 0.6382 0.6382 0.6382 0.0855 0.0855 0.6382
016 045 085 241 0.0855 0.0855 0.6382 0.6382 0.0855 0.6382 0.0855 0.0855 0.6382 0.6382 0.0855 0.6382 0.0855 0.6382 0.6382 0.6382
045 085 241 091 0.6382 0.0855 0.0855 0.6382 0.6382 0.0855 0.0855 0.6382 0.0855 0.6382 0.0855 0.0855 0.0855 0.0855 0.0855 0.0855
085 241 091 095 0.6382 0.0855 0.0855 0.6382 0.0855 0.6382 0.6382 0.0855 0.6382 0.6382 0.6382 0.0855 0.6382 0.0855 0.6382 0.6382
241 091 095 332 0.6382 0.0855 0.0855 0.0855 0.6382 0.6382 0.6382 0.0855 0.6382 0.0855 0.0855 0.0855 0.6382 0.0855 0.6382 0.6382
091 095 332 127 0.0855 0.6382 0.6382 0.0855 0.6382 0.6382 0.6382 0.0855 0.6382 0.0855 0.0855 0.0855 0.6382 0.0855 0.6382 0.0855
095 332 127 268 0.6382 0.6382 0.6382 0.0855 0.6382 0.6382 0.0855 0.0855 0.0855 0.6382 0.6382 0.0855 0.0855 0.6382 0.6382 0.6382
332 127 268 343 0.0855 0.6382 0.0855 0.6382 0.6382 0.6382 0.6382 0.6382 0.6382 0.0855 0.6382 0.0855 0.6382 0.0855 0.6382 0.0855
127 268 343 083 0.0855 0.6382 0.6382 0.0855 0.6382 0.6382 0.6382 0.6382 0.0855 0.0855 0.0855 0.6382 0.0855 0.6382 0.0855 0.6382
268 343 083 260 0.6382 0.6382 0.6382 0.6382 0.0855 0.0855 0.0855 0.6382 0.0855 0.6382 0.0855 0.6382 0.0855 0.0855 0.0855 0.0855
343 083 260 222 0.6382 0.6382 0.0855 0.0855 0.0855 0.0855 0.6382 0.6382 0.0855 0.6382 0.6382 0.0855 0.6382 0.6382 0.6382 0.6382
083 260 222 277 0.0855 0.6382 0.6382 0.0855 0.0855 0.0855 0.6382 0.6382 0.0855 0.0855 0.0855 0.0855 0.6382 0.6382 0.6382 0.6382
260 222 277 190 0.6382 0.0855 0.6382 0.0855 0.6382 0.0855 0.0855 0.6382 0.0855 0.6382 0.0855 0.0855 0.0855 0.0855 0.6382 0.6382
222 277 190 026 0.0855 0.0855 0.0855 0.6382 0.0855 0.0855 0.6382 0.6382 0.6382 0.6382 0.6382 0.6382 0.0855 0.6382 0.6382 0.0855
277 190 026 271 0.6382 0.0855 0.0855 0.6382 0.0855 0.0855 0.0855 0.0855 0.6382 0.6382 0.6382 0.0855 0.6382 0.0855 0.0855 0.6382
190 026 271 107 0.0855 0.6382 0.6382 0.6382 0.0855 0.0855 0.0855 0.6382 0.6382 0.6382 0.0855 0.0855 0.6382 0.0855 0.6382 0.6382
026 271 107 336 0.0855 0.0855 0.0855 0.0855 0.6382 0.0855 0.0855 0.6382 0.0855 0.6382 0.6382 0.0855 0.6382 0.6382 0.0855 0.6382
271 107 336 163 0.6382 0.6382 0.0855 0.0855 0.6382 0.6382 0.6382 0.6382 0.0855 0.0855 0.0855 0.6382 0.0855 0.0855 0.6382 0.0855
107 336 163 177 0.6382 0.6382 0.6382 0.0855 0.0855 0.6382 0.6382 0.0855 0.6382 0.0855 0.6382 0.6382 0.6382 0.0855 0.0855 0.0855
336 163 177 351 0.0855 0.0855 0.0855 0.0855 0.0855 0.6382 0.6382 0.6382 0.6382 0.0855 0.0855 0.6382 0.6382 0.0855 0.6382 0.0855
163 177 351 049 0.0855 0.6382 0.6382 0.0855 0.0855 0.6382 0.0855 0.0855 0.6382 0.6382 0.0855 0.6382 0.6382 0.6382 0.0855 0.6382
177 351 049 209 0.6382 0.0855 0.6382 0.6382 0.0855 0.6382 0.0855 0.0855 0.6382 0.0855 0.0855 0.6382 0.0855 0.0855 0.6382 0.6382
351 049 209 195 0.0855 0.0855 0.0855 0.0855 0.0855 0.6382 0.6382 0.0855 0.0855 0.0855 0.6382 0.0855 0.0855 0.0855 0.0855 0.6382
049 209 195 275 0.6382 0.0855 0.0855 0.0855 0.0855 0.6382 0.6382 0.6382 0.0855 0.6382 0.0855 0.0855 0.6382 0.6382 0.6382 0.0855
209 195 275 152 0.6382 0.6382 0.0855 0.0855 0.0855 0.0855 0.0855 0.6382 0.0855 0.6382 0.6382 0.6382 0.6382 0.6382 0.6382 0.6382
195 275 152 215 0.0855 0.6382 0.6382 0.0855 0.6382 0.6382 0.6382 0.0855 0.6382 0.6382 0.6382 0.6382 0.0855 0.6382 0.0855 0.6382
275 152 215 249 0.6382 0.6382 0.0855 0.6382 0.6382 0.0855 0.0855 0.6382 0.6382 0.0855 0.0855 0.0855 0.6382 0.0855 0.6382 0.6382
152 215 249 100 0.6382 0.0855 0.6382 0.0855 0.6382 0.6382 0.0855 0.6382 0.0855 0.6382 0.6382 0.6382 0.6382 0.0855 0.0855 0.0855
215 249 100 164 0.0855 0.0855 0.0855 0.0855 0.0855 0.0855 0.6382 0.6382 0.0855 0.6382 0.6382 0.6382 0.6382 0.0855 0.0855 0.6382
249 100 164 297 0.0855 0.6382 0.6382 0.0855 0.6382 0.0855 0.0855 0.0855 0.0855 0.6382 0.6382 0.6382 0.0855 0.6382 0.0855 0.0855
100 164 297 153 0.0855 0.6382 0.0855 0.0855 0.0855 0.6382 0.6382 0.0855 0.6382 0.0855 0.6382 0.6382 0.6382 0.0855 0.6382 0.6382
164 297 153 345 0.6382 0.6382 0.6382 0.6382 0.6382 0.6382 0.0855 0.0855 0.6382 0.0855 0.0855 0.6382 0.0855 0.0855 0.0855 0.0855
297 153 345 159 0.0855 0.6382 0.6382 0.0855 0.0855 0.0855 0.6382 0.6382 0.6382 0.6382 0.6382 0.0855 0.6382 0.0855 0.0855 0.0855
153 345 159 196 0.0855 0.0855 0.6382 0.6382 0.0855 0.0855 0.6382 0.0855 0.0855 0.0855 0.6382 0.0855 0.0855 0.6382 0.6382 0.0855
345 159 196 354 0.6382 0.6382 0.6382 0.6382 0.0855 0.0855 0.0855 0.6382 0.0855 0.0855 0.0855 0.0855 0.0855 0.0855 0.0855 0.0855
159 196 354 096 0.6382 0.0855 0.0855 0.0855 0.0855 0.0855 0.6382 0.6382 0.0855 0.6382 0.0855 0.6382 0.0855 0.6382 0.0855 0.6382
196 354 096 135 0.0855 0.6382 0.6382 0.6382 0.0855 0.0855 0.6382 0.0855 0.0855 0.0855 0.0855 0.6382 0.6382 0.6382 0.0855 0.6382
354 096 135 240 0.0855 0.0855 0.0855 0.0855 0.6382 0.6382 0.6382 0.0855 0.0855 0.6382 0.6382 0.6382 0.0855 0.6382 0.0855 0.0855
096 135 240 341 0.0855 0.6382 0.6382 0.6382 0.6382 0.6382 0.6382 0.6382 0.6382 0.6382 0.6382 0.6382 0.6382 0.6382 0.6382 0.6382
135 240 341 010 0.0855 0.0855 0.0855 0.0855 0.0855 0.6382 0.6382 0.0855 0.6382 0.6382 0.6382 0.6382 0.6382 0.0855 0.0855 0.6382
240 341 010 174 0.6382 0.0855 0.6382 0.0855 0.6382 0.6382 0.0855 0.0855 0.6382 0.0855 0.0855 0.0855 0.0855 0.0855 0.6382 0.0855
341 010 174 325 0.0855 0.0855 0.0855 0.6382 0.6382 0.6382 0.6382 0.0855 0.0855 0.6382 0.6382 0.6382 0.6382 0.6382 0.6382 0.0855
010 174 325 186 0.0855 0.6382 0.0855 0.0855 0.6382 0.6382 0.6382 0.0855 0.6382 0.0855 0.0855 0.6382 0.0855 0.0855 0.6382 0.6382
174 325 186 105 0.6382 0.0855 0.0855 0.0855 0.0855 0.0855 0.0855 0.6382 0.6382 0.6382 0.0855 0.6382 0.0855 0.6382 0.6382 0.6382
325 186 105 328 0.0855 0.0855 0.0855 0.6382 0.6382 0.6382 0.6382 0.6382 0.0855 0.0855 0.0855 0.6382 0.6382 0.0855 0.6382 0.6382
186 105 328 151 0.6382 0.6382 0.6382 0.6382 0.6382 0.6382 0.6382 0.6382 0.0855 0.6382 0.6382 0.0855 0.6382 0.0855 0.6382 0.0855
105 328 151 224 0.6382 0.6382 0.6382 0.6382 0.6382 0.6382 0.0855 0.6382 0.6382 0.0855 0.0855 0.0855 0.0855 0.6382 0.6382 0.6382
328 151 224 355 0.6382 0.6382 0.6382 0.6382 0.6382 0.0855 0.0855 0.0855 0.0855 0.6382 0.6382 0.0855 0.6382 0.6382 0.0855 0.0855
151 224 355 039 0.6382 0.6382 0.6382 0.6382 0.6382 0.6382 0.0855 0.0855 0.0855 0.6382 0.6382 0.0855 0.0855 0.0855 0.6382 0.6382
224 355 039 150 0.6382 0.0855 0.0855 0.6382 0.6382 0.0855 0.6382 0.6382 0.0855 0.0855 0.6382 0.6382 0.0855 0.6382 0.0855 0.0855
355 039 150 076 0.0855 0.6382 0.6382 0.6382 0.6382 0.6382 0.0855 0.0855 0.6382 0.6382 0.0855 0.0855 0.0855 0.0855 0.0855 0.0855
039 150 076 059 0.6382 0.0855 0.0855 0.6382 0.0855 0.6382 0.0855 0.0855 0.0855 0.0855 0.0855 0.0855 0.0855 0.6382 0.6382 0.6382
150 076 059 154 0.0855 0.0855 0.6382 0.6382 0.0855 0.0855 0.6382 0.0855 0.0855 0.0855 0.6382 0.6382 0.0855 0.6382 0.0855 0.0855
076 059 154 075 0.0855 0.0855 0.6382 0.6382 0.0855 0.0855 0.0855 0.0855 0.0855 0.6382 0.6382 0.0855 0.0855 0.0855 0.0855 0.0855
059 154 075 142 0.6382 0.6382 0.0855 0.6382 0.6382 0.0855 0.0855 0.0855 0.6382 0.6382 0.0855 0.0855 0.6382 0.6382 0.0855 0.0855
154 075 142 128 0.0855 0.6382 0.0855 0.0855 0.0855 0.0855 0.0855 0.6382 0.6382 0.0855 0.6382 0.0855 0.6382 0.6382 0.6382 0.6382
