356 031684 3
022 214 003 085 0.8870 0.8870 0.8870 0.4300 0.4300 0.4300 0.4300 0.8870 0.4300 0.8870 0.8870 0.8870 0.8870 0.8870 0.8870 0.4300
214 003 085 216 0.4300 0.8870 0.8870 0.8870 0.4300 0.8870 0.4300 0.4300 0.4300 0.4300 0.8870 0.4300 0.4300 0.4300 0.4300 0.8870
003 085 216 270 0.8870 0.4300 0.4300 0.8870 0.8870 0.8870 0.8870 0.4300 0.4300 0.4300 0.4300 0.8870 0.8870 0.4300 0.8870 0.4300
085 216 270 183 0.4300 0.4300 0.8870 0.4300 0.8870 0.4300 0.8870 0.4300 0.4300 0.4300 0.8870 0.8870 0.4300 0.8870 0.4300 0.4300
216 270 183 300 0.4300 0.8870 0.8870 0.4300 0.4300 0.8870 0.8870 0.4300 0.8870 0.4300 0.8870 0.4300 0.8870 0.4300 0.4300 0.4300
270 183 300 273 0.4300 0.8870 0.8870 0.4300 0.4300 0.8870 0.8870 0.4300 0.4300 0.4300 0.8870 0.8870 0.4300 0.4300 0.4300 0.4300
183 300 273 349 0.8870 0.8870 0.8870 0.8870 0.4300 0.4300 0.4300 0.8870 0.4300 0.8870 0.4300 0.8870 0.4300 0.4300 0.8870 0.8870
300 273 349 047 0.8870 0.8870 0.4300 0.4300 0.4300 0.8870 0.8870 0.4300 0.4300 0.8870 0.8870 0.8870 0.8870 0.8870 0.8870 0.4300
273 349 047 203 0.4300 0.8870 0.4300 0.4300 0.8870 0.4300 0.4300 0.4300 0.8870 0.8870 0.4300 0.8870 0.4300 0.4300 0.4300 0.8870
349 047 203 244 0.4300 0.4300 0.4300 0.4300 0.4300 0.4300 0.8870 0.8870 0.8870 0.8870 0.8870 0.8870 0.4300 0.4300 0.8870 0.4300
047 203 244 334 0.8870 0.4300 0.4300 0.4300 0.8870 0.4300 0.4300 0.8870 0.8870 0.4300 0.8870 0.8870 0.8870 0.4300 0.4300 0.4300
203 244 334 147 0.4300 0.8870 0.8870 0.8870 0.8870 0.4300 0.4300 0.4300 0.4300 0.8870 0.4300 0.8870 0.8870 0.4300 0.4300 0.8870
244 334 147 248 0.8870 0.8870 0.8870 0.4300 0.4300 0.8870 0.4300 0.4300 0.4300 0.8870 0.4300 0.4300 0.8870 0.4300 0.4300 0.4300
334 147 248 352 0.8870 0.4300 0.4300 0.8870 0.4300 0.8870 0.8870 0.4300 0.8870 0.4300 0.8870 0.8870 0.8870 0.8870 0.8870 0.4300
147 248 352 124 0.4300 0.4300 0.8870 0.8870 0.4300 0.4300 0.8870 0.8870 0.8870 0.4300 0.4300 0.8870 0.8870 0.8870 0.4300 0.8870
248 352 124 159 0.8870 0.8870 0.8870 0.8870 0.4300 0.4300 0.8870 0.4300 0.8870 0.8870 0.8870 0.8870 0.8870 0.8870 0.8870 0.8870
352 124 159 158 0.4300 0.4300 0.4300 0.4300 0.4300 0.4300 0.4300 0.4300 0.8870 0.8870 0.4300 0.8870 0.4300 0.8870 0.8870 0.8870
124 159 158 330 0.4300 0.8870 0.8870 0.8870 0.8870 0.8870 0.4300 0.4300 0.8870 0.4300 0.8870 0.4300 0.4300 0.8870 0.4300 0.8870
159 158 330 275 0.8870 0.8870 0.4300 0.4300 0.8870 0.4300 0.8870 0.8870 0.8870 0.4300 0.8870 0.8870 0.8870 0.8870 0.8870 0.8870
158 330 275 127 0.4300 0.4300 0.8870 0.4300 0.8870 0.8870 0.4300 0.4300 0.4300 0.8870 0.8870 0.4300 0.4300 0.4300 0.8870 0.8870
330 275 127 236 0.8870 0.8870 0.8870 0.8870 0.4300 0.8870 0.8870 0.4300 0.8870 0.8870 0.8870 0.4300 0.4300 0.4300 0.8870 0.8870
275 127 236 251 0.4300 0.4300 0.4300 0.4300 0.8870 0.8870 0.8870 0.4300 0.4300 0.4300 0.8870 0.4300 0.8870 0.8870 0.4300 0.8870
127 236 251 069 0.8870 0.4300 0.8870 0.4300 0.8870 0.8870 0.4300 0.8870 0.4300 0.8870 0.4300 0.4300 0.8870 0.8870 0.4300 0.4300
236 251 069 220 0.4300 0.4300 0.4300 0.8870 0.4300 0.4300 0.4300 0.4300 0.8870 0.8870 0.8870 0.4300 0.8870 0.4300 0.8870 0.4300
251 069 220 104 0.4300 0.4300 0.8870 0.4300 0.4300 0.4300 0.4300 0.8870 0.8870 0.4300 0.4300 0.8870 0.8870 0.4300 0.8870 0.8870
069 220 104 303 0.4300 0.8870 0.4300 0.8870 0.8870 0.4300 0.8870 0.4300 0.8870 0.8870 0.8870 0.8870 0.4300 0.4300 0.8870 0.8870
220 104 303 066 0.8870 0.8870 0.8870 0.4300 0.8870 0.8870 0.8870 0.8870 0.4300 0.8870 0.8870 0.8870 0.4300 0.4300 0.4300 0.8870
104 303 066 169 0.8870 0.8870 0.4300 0.4300 0.8870 0.4300 0.8870 0.4300 0.8870 0.4300 0.4300 0.4300 0.4300 0.8870 0.4300 0.8870
303 066 169 156 0.4300 0.8870 0.8870 0.8870 0.8870 0.8870 0.4300 0.4300 0.4300 0.8870 0.8870 0.8870 0.8870 0.4300 0.4300 0.8870
066 169 156 343 0.4300 0.4300 0.4300 0.8870 0.4300 0.8870 0.8870 0.8870 0.4300 0.8870 0.4300 0.8870 0.4300 0.8870 0.4300 0.4300
169 156 343 134 0.8870 0.4300 0.4300 0.4300 0.8870 0.4300 0.8870 0.8870 0.4300 0.8870 0.8870 0.8870 0.8870 0.8870 0.4300 0.8870
156 343 134 325 0.8870 0.4300 0.4300 0.4300 0.8870 0.8870 0.8870 0.4300 0.8870 0.8870 0.4300 0.8870 0.8870 0.4300 0.4300 0.8870
343 134 325 257 0.4300 0.4300 0.8870 0.8870 0.4300 0.4300 0.4300 0.8870 0.4300 0.8870 0.4300 0.4300 0.4300 0.4300 0.8870 0.4300
134 325 257 005 0.4300 0.8870 0.4300 0.8870 0.4300 0.8870 0.4300 0.8870 0.8870 0.4300 0.4300 0.4300 0.8870 0.8870 0.4300 0.4300
325 257 005 058 0.4300 0.4300 0.4300 0.4300 0.4300 0.4300 0.8870 0.8870 0.4300 0.8870 0.8870 0.8870 0.8870 0.4300 0.4300 0.4300
257 005 058 028 0.8870 0.8870 0.8870 0.4300 0.8870 0.8870 0.8870 0.8870 0.8870 0.8870 0.4300 0.4300 0.8870 0.4300 0.4300 0.8870
005 058 028 034 0.8870 0.8870 0.8870 0.8870 0.8870 0.4300 0.8870 0.8870 0.8870 0.4300 0.8870 0.4300 0.8870 0.4300 0.8870 0.8870
058 028 034 315 0.8870 0.8870 0.8870 0.4300 0.8870 0.8870 0.8870 0.4300 0.8870 0.4300 0.4300 0.8870 0.4300 0.4300 0.4300 0.4300
028 034 315 310 0.4300 0.4300 0.8870 0.8870 0.4300 0.4300 0.8870 0.4300 0.4300 0.4300 0.8870 0.4300 0.4300 0.4300 0.4300 0.8870
034 315 310 179 0.4300 0.8870 0.8870 0.4300 0.4300 0.8870 0.8870 0.8870 0.4300 0.4300 0.8870 0.8870 0.4300 0.8870 0.4300 0.8870
315 310 179 070 0.4300 0.8870 0.8870 0.4300 0.4300 0.8870 0.8870 0.8870 0.4300 0.4300 0.4300 0.8870 0.4300 0.4300 0.8870 0.4300
310 179 070 272 0.4300 0.8870 0.8870 0.8870 0.4300 0.8870 0.8870 0.8870 0.8870 0.8870 0.8870 0.4300 0.4300 0.4300 0.8870 0.4300
179 070 272 228 0.8870 0.8870 0.8870 0.8870 0.8870 0.4300 0.8870 0.8870 0.8870 0.4300 0.4300 0.4300 0.4300 0.8870 0.4300 0.8870
070 272 228 209 0.4300 0.8870 0.4300 0.8870 0.4300 0.8870 0.8870 0.8870 0.8870 0.4300 0.4300 0.8870 0.4300 0.4300 0.4300 0.4300
272 228 209 128 0.4300 0.4300 0.8870 0.8870 0.8870 0.4300 0.4300 0.8870 0.4300 0.8870 0.8870 0.4300 0.8870 0.8870 0.4300 0.4300
228 209 128 187 0.4300 0.8870 0.8870 0.4300 0.4300 0.8870 0.8870 0.8870 0.8870 0.4300 0.4300 0.8870 0.8870 0.8870 0.4300 0.8870
209 128 187 154 0.4300 0.8870 0.4300 0.8870 0.4300 0.8870 0.4300 0.4300 0.4300 0.8870 0.4300 0.8870 0.4300 0.4300 0.4300 0.4300
128 187 154 018 0.8870 0.4300 0.4300 0.4300 0.4300 0.4300 0.4300 0.4300 0.4300 0.8870 0.4300 0.4300 0.8870 0.4300 0.8870 0.4300
187 154 018 039 0.4300 0.4300 0.8870 0.8870 0.4300 0.8870 0.8870 0.8870 0.4300 0.8870 0.4300 0.8870 0.8870 0.8870 0.4300 0.8870
154 018 039 321 0.4300 0.4300 0.4300 0.4300 0.4300 0.8870 0.8870 0.8870 0.8870 0.8870 0.8870 0.4300 0.8870 0.8870 0.4300 0.4300
018 039 321 123 0.4300 0.4300 0.8870 0.4300 0.8870 0.4300 0.8870 0.8870 0.8870 0.4300 0.4300 0.4300 0.8870 0.4300 0.8870 0.8870
039 321 123 186 0.8870 0.4300 0.8870 0.4300 0.4300 0.8870 0.4300 0.4300 0.4300 0.8870 0.8870 0.8870 0.8870 0.4300 0.4300 0.8870
321 123 186 065 0.8870 0.4300 0.4300 0.4300 0.8870 0.8870 0.8870 0.4300 0.4300 0.8870 0.8870 0.8870 0.4300 0.8870 0.4300 0.4300
123 186 065 150 0.4300 0.4300 0.8870 0.4300 0.4300 0.8870 0.4300 0.4300 0.8870 0.4300 0.8870 0.8870 0.4300 0.4300 0.4300 0.4300
186 065 150 290 0.4300 0.4300 0.4300 0.8870 0.4300 0.8870 0.4300 0.8870 0.4300 0.4300 0.4300 0.4300 0.4300 0.4300 0.4300 0.4300
065 150 290 109 0.4300 0.4300 0.4300 0.4300 0.8870 0.8870 0.4300 0.4300 0.4300 0.8870 0.4300 0.4300 0.4300 0.8870 0.8870 0.4300
150 290 109 036 0.4300 0.8870 0.8870 0.4300 0.4300 0.8870 0.4300 0.8870 0.8870 0.4300 0.4300 0.4300 0.4300 0.8870 0.4300 0.4300
290 109 036 282 0.8870 0.4300 0.8870 0.4300 0.8870 0.4300 0.4300 0.4300 0.8870 0.4300 0.8870 0.8870 0.4300 0.8870 0.4300 0.4300
109 036 282 213 0.8870 0.4300 0.8870 0.4300 0.8870 0.4300 0.4300 0.4300 0.4300 0.8870 0.8870 0.8870 0.8870 0.4300 0.4300 0.8870
036 282 213 129 0.4300 0.8870 0.4300 0.8870 0.8870 0.8870 0.4300 0.8870 0.4300 0.8870 0.4300 0.4300 0.4300 0.8870 0.4300 0.8870
282 213 129 278 0.4300 0.8870 0.8870 0.4300 0.8870 0.8870 0.8870 0.4300 0.4300 0.4300 0.8870 0.8870 0.4300 0.8870 0.4300 0.4300
213 129 278 078 0.8870 0.8870 0.4300 0.8870 0.8870 0.8870 0.4300 0.8870 0.8870 0.8870 0.4300 0.4300 0.4300 0.4300 0.8870 0.4300
129 278 078 204 0.8870 0.4300 0.4300 0.4300 0.8870 0.4300 0.8870 0.8870 0.8870 0.8870 0.4300 0.8870 0.4300 0.8870 0.4300 0.8870
278 078 204 280 0.8870 0.8870 0.8870 0.8870 0.4300 0.4300 0.4300 0.4300 0.8870 0.4300 0.4300 0.4300 0.4300 0.4300 0.8870 0.8870
078 204 280 116 0.8870 0.8870 0.4300 0.8870 0.8870 0.4300 0.8870 0.8870 0.4300 0.8870 0.8870 0.8870 0.4300 0.8870 0.8870 0.8870
204 280 116 265 0.8870 0.4300 0.8870 0.4300 0.8870 0.4300 0.8870 0.8870 0.8870 0.4300 0.4300 0.4300 0.8870 0.8870 0.8870 0.4300
280 116 265 108 0.8870 0.8870 0.8870 0.4300 0.4300 0.8870 0.8870 0.8870 0.8870 0.4300 0.4300 0.4300 0.4300 0.4300 0.4300 0.4300
116 265 108 155 0.4300 0.8870 0.8870 0.4300 0.4300 0.4300 0.4300 0.4300 0.4300 0.8870 0.8870 0.4300 0.8870 0.4300 0.4300 0.8870
265 108 155 299 0.4300 0.8870 0.4300 0.4300 0.8870 0.4300 0.4300 0.8870 0.4300 0.8870 0.8870 0.4300 0.8870 0.8870 0.4300 0.4300
108 155 299 256 0.4300 0.4300 0.4300 0.8870 0.4300 0.8870 0.4300 0.4300 0.4300 0.4300 0.8870 0.4300 0.4300 0.8870 0.4300 0.4300
155 299 256 221 0.8870 0.4300 0.8870 0.4300 0.8870 0.4300 0.4300 0.8870 0.8870 0.8870 0.8870 0.4300 0.8870 0.4300 0.8870 0.8870
299 256 221 219 0.4300 0.4300 0.4300 0.8870 0.4300 0.8870 0.8870 0.4300 0.8870 0.4300 0.8870 0.8870 0.4300 0.8870 0.8870 0.8870
256 221 219 046 0.8870 0.4300 0.8870 0.8870 0.4300 0.4300 0.8870 0.8870 0.8870 0.8870 0.8870 0.4300 0.4300 0.4300 0.4300 0.4300
221 219 046 344 0.4300 0.8870 0.4300 0.4300 0.8870 0.4300 0.4300 0.4300 0.4300 0.4300 0.4300 0.8870 0.8870 0.8870 0.4300 0.8870
219 046 344 092 0.8870 0.8870 0.8870 0.4300 0.4300 0.8870 0.4300 0.8870 0.8870 0.8870 0.4300 0.4300 0.4300 0.8870 0.8870 0.4300
046 344 092 233 0.8870 0.8870 0.8870 0.4300 0.8870 0.4300 0.4300 0.8870 0.8870 0.8870 0.4300 0.4300 0.4300 0.8870 0.8870 0.4300
344 092 233 099 0.8870 0.8870 0.4300 0.4300 0.4300 0.8870 0.8870 0.4300 0.4300 0.8870 0.8870 0.8870 0.8870 0.4300 0.8870 0.8870
092 233 099 182 0.4300 0.4300 0.8870 0.4300 0.8870 0.4300 0.8870 0.8870 0.8870 0.8870 0.4300 0.8870 0.4300 0.4300 0.4300 0.8870
233 099 182 293 0.8870 0.4300 0.8870 0.8870 0.8870 0.8870 0.4300 0.4300 0.4300 0.4300 0.8870 0.4300 0.4300 0.8870 0.4300 0.4300
099 182 293 032 0.8870 0.4300 0.4300 0.8870 0.8870 0.8870 0.4300 0.8870 0.8870 0.4300 0.8870 0.4300 0.8870 0.4300 0.4300 0.8870
182 293 032 043 0.8870 0.8870 0.8870 0.8870 0.4300 0.8870 0.4300 0.4300 0.4300 0.4300 0.4300 0.4300 0.4300 0.4300 0.8870 0.8870
293 032 043 000 0.4300 0.8870 0.4300 0.4300 0.8870 0.8870 0.4300 0.4300 0.4300 0.4300 0.8870 0.4300 0.8870 0.8870 0.4300 0.8870
032 043 000 215 0.4300 0.8870 0.8870 0.8870 0.4300 0.8870 0.8870 0.8870 0.8870 0.8870 0.4300 0.8870 0.4300 0.8870 0.4300 0.8870
043 000 215 181 0.8870 0.4300 0.4300 0.4300 0.8870 0.4300 0.4300 0.4300 0.8870 0.8870 0.8870 0.8870 0.4300 0.4300 0.8870 0.8870
000 215 181 016 0.8870 0.8870 0.4300 0.8870 0.8870 0.4300 0.8870 0.4300 0.4300 0.4300 0.4300 0.8870 0.4300 0.4300 0.8870 0.8870
215 181 016 152 0.4300 0.4300 0.8870 0.4300 0.8870 0.4300 0.4300 0.4300 0.4300 0.4300 0.8870 0.4300 0.8870 0.8870 0.8870 0.8870
181 016 152 083 0.8870 0.8870 0.8870 0.8870 0.4300 0.8870 0.4300 0.4300 0.4300 0.4300 0.4300 0.4300 0.8870 0.4300 0.8870 0.8870
016 152 083 346 0.8870 0.8870 0.4300 0.4300 0.8870 0.4300 0.4300 0.4300 0.8870 0.4300 0.8870 0.8870 0.4300 0.8870 0.4300 0.8870
152 083 346 291 0.4300 0.4300 0.8870 0.8870 0.4300 0.8870 0.4300 0.4300 0.8870 0.4300 0.8870 0.4300 0.4300 0.8870 0.4300 0.4300
083 346 291 011 0.8870 0.4300 0.8870 0.4300 0.4300 0.8870 0.4300 0.8870 0.4300 0.4300 0.8870 0.8870 0.8870 0.8870 0.4300 0.4300
346 291 011 255 0.4300 0.4300 0.4300 0.8870 0.8870 0.4300 0.8870 0.4300 0.4300 0.4300 0.8870 0.8870 0.4300 0.8870 0.4300 0.4300
291 011 255 196 0.8870 0.8870 0.8870 0.4300 0.4300 0.4300 0.4300 0.4300 0.4300 0.4300 0.8870 0.8870 0.8870 0.8870 0.8870 0.4300
011 255 196 100 0.4300 0.8870 0.4300 0.4300 0.8870 0.4300 0.8870 0.4300 0.4300 0.4300 0.4300 0.8870 0.8870 0.8870 0.4300 0.8870
255 196 100 224 0.4300 0.4300 0.4300 0.8870 0.8870 0.4300 0.4300 0.8870 0.4300 0.4300 0.8870 0.4300 0.4300 0.4300 0.4300 0.8870
196 100 224 193 0.4300 0.4300 0.4300 0.4300 0.8870 0.4300 0.8870 0.8870 0.4300 0.4300 0.8870 0.4300 0.4300 0.4300 0.4300 0.4300
100 224 193 040 0.8870 0.8870 0.8870 0.8870 0.8870 0.8870 0.8870 0.4300 0.8870 0.8870 0.8870 0.4300 0.8870 0.8870 0.4300 0.8870
224 193 040 098 0.8870 0.4300 0.4300 0.4300 0.4300 0.8870 0.4300 0.8870 0.4300 0.4300 0.4300 0.4300 0.8870 0.4300 0.8870 0.8870
193 040 098 198 0.8870 0.4300 0.4300 0.4300 0.8870 0.4300 0.8870 0.8870 0.8870 0.8870 0.4300 0.4300 0.8870 0.4300 0.8870 0.8870
040 098 198 157 0.4300 0.8870 0.4300 0.8870 0.4300 0.4300 0.8870 0.8870 0.8870 0.8870 0.4300 0.8870 0.4300 0.4300 0.8870 0.8870
098 198 157 138 0.8870 0.4300 0.8870 0.8870 0.8870 0.8870 0.8870 0.4300 0.4300 0.4300 0.4300 0.8870 0.8870 0.8870 0.8870 0.4300
198 157 138 199 0.8870 0.4300 0.8870 0.4300 0.4300 0.8870 0.4300 0.4300 0.4300 0.8870 0.8870 0.8870 0.4300 0.8870 0.8870 0.4300
157 138 199 177 0.4300 0.8870 0.4300 0.8870 0.8870 0.8870 0.8870 0.8870 0.4300 0.4300 0.4300 0.8870 0.8870 0.8870 0.4300 0.8870
138 199 177 053 0.8870 0.4300 0.8870 0.8870 0.8870 0.4300 0.8870 0.4300 0.4300 0.8870 0.8870 0.8870 0.8870 0.8870 0.4300 0.4300
199 177 053 006 0.8870 0.8870 0.8870 0.8870 0.4300 0.4300 0.4300 0.8870 0.8870 0.8870 0.4300 0.4300 0.8870 0.8870 0.4300 0.4300
177 053 006 197 0.8870 0.8870 0.4300 0.4300 0.4300 0.4300 0.4300 0.4300 0.8870 0.4300 0.8870 0.8870 0.4300 0.4300 0.4300 0.4300
053 006 197 033 0.8870 0.8870 0.8870 0.8870 0.4300 0.4300 0.8870 0.4300 0.8870 0.8870 0.4300 0.8870 0.8870 0.4300 0.8870 0.4300
006 197 033 075 0.4300 0.4300 0.8870 0.4300 0.4300 0.8870 0.8870 0.8870 0.4300 0.4300 0.8870 0.8870 0.4300 0.4300 0.8870 0.8870
197 033 075 042 0.8870 0.4300 0.4300 0.4300 0.8870 0.4300 0.8870 0.8870 0.4300 0.8870 0.4300 0.8870 0.4300 0.4300 0.4300 0.8870
033 075 042 276 0.4300 0.8870 0.4300 0.4300 0.8870 0.8870 0.8870 0.8870 0.8870 0.8870 0.8870 0.8870 0.4300 0.4300 0.4300 0.8870
075 042 276 351 0.8870 0.8870 0.8870 0.4300 0.8870 0.4300 0.8870 0.4300 0.4300 0.8870 0.8870 0.8870 0.4300 0.4300 0.8870 0.4300
042 276 351 052 0.8870 0.4300 0.8870 0.8870 0.8870 0.8870 0.8870 0.4300 0.8870 0.4300 0.4300 0.4300 0.4300 0.4300 0.4300 0.4300
276 351 052 324 0.4300 0.4300 0.8870 0.8870 0.8870 0.8870 0.4300 0.8870 0.8870 0.8870 0.4300 0.4300 0.4300 0.4300 0.4300 0.8870
351 052 324 165 0.8870 0.4300 0.4300 0.4300 0.8870 0.4300 0.4300 0.4300 0.4300 0.8870 0.4300 0.4300 0.4300 0.4300 0.4300 0.8870
052 324 165 345 0.4300 0.8870 0.4300 0.8870 0.8870 0.4300 0.8870 0.4300 0.8870 0.8870 0.4300 0.8870 0.8870 0.4300 0.4300 0.8870
324 165 345 097 0.8870 0.4300 0.4300 0.8870 0.8870 0.4300 0.8870 0.4300 0.8870 0.8870 0.4300 0.4300 0.4300 0.8870 0.4300 0.4300
165 345 097 113 0.4300 0.4300 0.4300 0.8870 0.4300 0.4300 0.4300 0.8870 0.4300 0.4300 0.4300 0.4300 0.4300 0.8870 0.8870 0.4300
345 097 113 004 0.8870 0.4300 0.4300 0.4300 0.4300 0.4300 0.8870 0.8870 0.4300 0.4300 0.8870 0.8870 0.4300 0.8870 0.4300 0.8870
097 113 004 080 0.8870 0.4300 0.8870 0.8870 0.8870 0.8870 0.4300 0.8870 0.8870 0.4300 0.8870 0.8870 0.8870 0.8870 0.4300 0.8870
113 004 080 284 0.8870 0.8870 0.4300 0.8870 0.8870 0.4300 0.4300 0.8870 0.8870 0.4300 0.8870 0.8870 0.4300 0.4300 0.8870 0.8870
004 080 284 136 0.8870 0.4300 0.8870 0.4300 0.4300 0.8870 0.4300 0.8870 0.8870 0.4300 0.8870 0.8870 0.8870 0.8870 0.8870 0.4300
080 284 136 206 0.4300 0.4300 0.4300 0.4300 0.8870 0.8870 0.8870 0.4300 0.8870 0.8870 0.8870 0.4300 0.4300 0.4300 0.8870 0.4300
284 136 206 115 0.8870 0.8870 0.8870 0.8870 0.8870 0.4300 0.8870 0.8870 0.4300 0.4300 0.8870 0.4300 0.4300 0.4300 0.4300 0.4300
136 206 115 305 0.8870 0.4300 0.8870 0.8870 0.4300 0.8870 0.8870 0.4300 0.4300 0.4300 0.8870 0.4300 0.4300 0.8870 0.4300 0.4300
206 115 305 031 0.4300 0.8870 0.8870 0.4300 0.4300 0.4300 0.4300 0.4300 0.8870 0.4300 0.4300 0.4300 0.4300 0.4300 0.8870 0.8870
115 305 031 190 0.8870 0.8870 0.4300 0.8870 0.8870 0.4300 0.4300 0.4300 0.8870 0.8870 0.8870 0.4300 0.8870 0.4300 0.4300 0.4300
305 031 190 103 0.8870 0.8870 0.4300 0.8870 0.8870 0.8870 0.8870 0.8870 0.8870 0.8870 0.4300 0.4300 0.8870 0.4300 0.4300 0.8870
031 190 103 195 0.8870 0.4300 0.4300 0.8870 0.8870 0.8870 0.8870 0.4300 0.4300 0.8870 0.8870 0.4300 0.4300 0.4300 0.4300 0.4300
190 103 195 026 0.4300 0.4300 0.8870 0.8870 0.4300 0.8870 0.8870 0.4300 0.4300 0.4300 0.8870 0.4300 0.8870 0.8870 0.4300 0.8870
103 195 026 072 0.8870 0.4300 0.4300 0.4300 0.8870 0.4300 0.4300 0.4300 0.4300 0.4300 0.4300 0.8870 0.4300 0.8870 0.4300 0.8870
195 026 072 084 0.4300 0.8870 0.8870 0.8870 0.4300 0.8870 0.4300 0.4300 0.4300 0.8870 0.8870 0.8870 0.4300 0.8870 0.4300 0.8870
026 072 084 054 0.8870 0.8870 0.4300 0.4300 0.4300 0.8870 0.4300 0.8870 0.8870 0.8870 0.4300 0.4300 0.4300 0.8870 0.4300 0.8870
072 084 054 081 0.4300 0.8870 0.4300 0.8870 0.4300 0.8870 0.8870 0.4300 0.4300 0.4300 0.4300 0.8870 0.4300 0.8870 0.8870 0.4300
084 054 081 353 0.8870 0.8870 0.8870 0.4300 0.4300 0.8870 0.8870 0.4300 0.8870 0.8870 0.8870 0.8870 0.4300 0.8870 0.4300 0.8870
054 081 353 107 0.4300 0.8870 0.8870 0.8870 0.4300 0.4300 0.8870 0.8870 0.4300 0.4300 0.4300 0.8870 0.8870 0.4300 0.8870 0.4300
081 353 107 268 0.8870 0.8870 0.4300 0.4300 0.8870 0.8870 0.8870 0.4300 0.4300 0.8870 0.4300 0.8870 0.8870 0.8870 0.4300 0.4300
353 107 268 110 0.8870 0.4300 0.8870 0.4300 0.8870 0.8870 0.8870 0.8870 0.8870 0.8870 0.8870 0.8870 0.8870 0.4300 0.4300 0.8870
107 268 110 225 0.4300 0.4300 0.8870 0.4300 0.8870 0.4300 0.4300 0.4300 0.4300 0.4300 0.4300 0.8870 0.4300 0.4300 0.8870 0.8870
268 110 225 240 0.8870 0.8870 0.8870 0.8870 0.8870 0.8870 0.4300 0.4300 0.8870 0.4300 0.8870 0.4300 0.4300 0.8870 0.4300 0.8870
110 225 240 173 0.4300 0.8870 0.8870 0.8870 0.4300 0.4300 0.8870 0.8870 0.8870 0.4300 0.8870 0.8870 0.4300 0.4300 0.8870 0.8870
225 240 173 161 0.4300 0.8870 0.8870 0.4300 0.8870 0.4300 0.4300 0.4300 0.8870 0.8870 0.8870 0.4300 0.8870 0.4300 0.8870 0.4300
240 173 161 153 0.8870 0.4300 0.8870 0.4300 0.8870 0.8870 0.4300 0.4300 0.4300 0.8870 0.8870 0.8870 0.4300 0.4300 0.4300 0.4300
173 161 153 322 0.8870 0.4300 0.8870 0.8870 0.8870 0.4300 0.8870 0.4300 0.4300 0.4300 0.8870 0.4300 0.8870 0.4300 0.4300 0.8870
161 153 322 243 0.4300 0.4300 0.8870 0.8870 0.8870 0.4300 0.4300 0.4300 0.8870 0.8870 0.8870 0.8870 0.8870 0.4300 0.4300 0.4300
153 322 243 208 0.8870 0.8870 0.4300 0.8870 0.4300 0.8870 0.8870 0.4300 0.4300 0.4300 0.8870 0.4300 0.8870 0.8870 0.4300 0.4300
322 243 208 323 0.4300 0.4300 0.4300 0.8870 0.4300 0.8870 0.8870 0.8870 0.4300 0.4300 0.4300 0.4300 0.4300 0.8870 0.8870 0.4300
243 208 323 327 0.8870 0.8870 0.8870 0.4300 0.8870 0.4300 0.8870 0.8870 0.8870 0.8870 0.4300 0.8870 0.4300 0.4300 0.4300 0.8870
208 323 327 286 0.4300 0.8870 0.8870 0.8870 0.8870 0.8870 0.8870 0.4300 0.4300 0.8870 0.4300 0.4300 0.8870 0.4300 0.8870 0.4300
323 327 286 222 0.8870 0.8870 0.8870 0.8870 0.8870 0.4300 0.8870 0.4300 0.4300 0.4300 0.4300 0.4300 0.8870 0.8870 0.8870 0.4300
327 286 222 223 0.8870 0.4300 0.4300 0.8870 0.8870 0.8870 0.8870 0.8870 0.8870 0.8870 0.8870 0.8870 0.4300 0.4300 0.8870 0.8870
286 222 223 041 0.4300 0.4300 0.8870 0.4300 0.8870 0.4300 0.4300 0.4300 0.4300 0.4300 0.4300 0.8870 0.8870 0.4300 0.4300 0.4300
222 223 041 168 0.4300 0.8870 0.8870 0.4300 0.8870 0.8870 0.4300 0.8870 0.4300 0.4300 0.4300 0.4300 0.8870 0.8870 0.4300 0.8870
223 041 168 342 0.4300 0.8870 0.4300 0.4300 0.4300 0.4300 0.8870 0.4300 0.8870 0.8870 0.4300 0.4300 0.8870 0.8870 0.4300 0.4300
041 168 342 241 0.4300 0.4300 0.8870 0.8870 0.8870 0.4300 0.4300 0.8870 0.4300 0.4300 0.4300 0.8870 0.8870 0.8870 0.4300 0.4300
168 342 241 242 0.4300 0.4300 0.4300 0.4300 0.4300 0.4300 0.8870 0.4300 0.8870 0.8870 0.8870 0.4300 0.8870 0.4300 0.8870 0.4300
342 241 242 338 0.4300 0.4300 0.4300 0.8870 0.8870 0.4300 0.8870 0.4300 0.8870 0.4300 0.8870 0.4300 0.4300 0.8870 0.4300 0.8870
241 242 338 318 0.4300 0.4300 0.8870 0.4300 0.4300 0.8870 0.4300 0.4300 0.8870 0.8870 0.8870 0.4300 0.8870 0.8870 0.4300 0.8870
242 338 318 235 0.8870 0.4300 0.4300 0.8870 0.8870 0.4300 0.4300 0.4300 0.4300 0.8870 0.4300 0.4300 0.8870 0.8870 0.8870 0.4300
338 318 235 171 0.8870 0.8870 0.4300 0.8870 0.8870 0.8870 0.4300 0.4300 0.8870 0.8870 0.4300 0.8870 0.8870 0.4300 0.4300 0.4300
318 235 171 073 0.4300 0.4300 0.4300 0.4300 0.8870 0.4300 0.8870 0.8870 0.8870 0.4300 0.8870 0.8870 0.8870 0.4300 0.8870 0.8870
235 171 073 184 0.8870 0.4300 0.4300 0.4300 0.4300 0.4300 0.4300 0.8870 0.4300 0.8870 0.8870 0.4300 0.4300 0.4300 0.8870 0.4300
171 073 184 328 0.8870 0.8870 0.4300 0.4300 0.8870 0.4300 0.8870 0.4300 0.4300 0.4300 0.4300 0.8870 0.4300 0.8870 0.8870 0.4300
073 184 328 095 0.8870 0.4300 0.4300 0.4300 0.4300 0.4300 0.4300 0.8870 0.8870 0.4300 0.4300 0.4300 0.4300 0.4300 0.8870 0.8870
184 328 095 176 0.4300 0.4300 0.4300 0.8870 0.8870 0.4300 0.8870 0.8870 0.8870 0.8870 0.8870 0.4300 0.4300 0.8870 0.4300 0.8870
328 095 176 172 0.8870 0.8870 0.4300 0.4300 0.8870 0.8870 0.4300 0.8870 0.4300 0.4300 0.8870 0.8870 0.8870 0.8870 0.8870 0.4300
095 176 172 313 0.8870 0.8870 0.4300 0.8870 0.4300 0.8870 0.4300 0.8870 0.8870 0.4300 0.4300 0.8870 0.8870 0.4300 0.4300 0.8870
176 172 313 302 0.8870 0.8870 0.4300 0.4300 0.8870 0.8870 0.4300 0.4300 0.8870 0.8870 0.4300 0.4300 0.8870 0.4300 0.4300 0.8870
172 313 302 027 0.8870 0.8870 0.4300 0.8870 0.4300 0.8870 0.4300 0.4300 0.8870 0.8870 0.8870 0.8870 0.4300 0.8870 0.8870 0.8870
313 302 027 025 0.4300 0.4300 0.8870 0.4300 0.4300 0.8870 0.4300 0.4300 0.8870 0.4300 0.4300 0.8870 0.4300 0.4300 0.4300 0.4300
302 027 025 306 0.8870 0.4300 0.4300 0.4300 0.8870 0.8870 0.4300 0.8870 0.8870 0.8870 0.8870 0.4300 0.8870 0.8870 0.8870 0.8870
027 025 306 252 0.4300 0.4300 0.4300 0.4300 0.8870 0.8870 0.8870 0.8870 0.4300 0.8870 0.4300 0.4300 0.4300 0.4300 0.8870 0.4300
025 306 252 333 0.4300 0.8870 0.4300 0.4300 0.4300 0.8870 0.8870 0.4300 0.4300 0.4300 0.4300 0.8870 0.8870 0.4300 0.4300 0.8870
306 252 333 185 0.4300 0.8870 0.4300 0.4300 0.4300 0.4300 0.8870 0.4300 0.4300 0.8870 0.8870 0.4300 0.8870 0.8870 0.4300 0.4300
252 333 185 229 0.4300 0.8870 0.4300 0.4300 0.8870 0.8870 0.8870 0.8870 0.8870 0.8870 0.8870 0.4300 0.8870 0.8870 0.4300 0.8870
333 185 229 218 0.8870 0.8870 0.8870 0.4300 0.8870 0.4300 0.8870 0.4300 0.8870 0.8870 0.8870 0.8870 0.4300 0.8870 0.8870 0.4300
185 229 218 217 0.8870 0.4300 0.8870 0.4300 0.4300 0.8870 0.4300 0.8870 0.8870 0.8870 0.8870 0.4300 0.8870 0.4300 0.8870 0.4300
229 218 217 254 0.4300 0.8870 0.4300 0.4300 0.8870 0.4300 0.8870 0.8870 0.4300 0.4300 0.4300 0.4300 0.4300 0.8870 0.4300 0.4300
218 217 254 326 0.8870 0.4300 0.8870 0.4300 0.8870 0.4300 0.4300 0.4300 0.8870 0.4300 0.4300 0.8870 0.8870 0.4300 0.8870 0.4300
217 254 326 143 0.4300 0.8870 0.4300 0.4300 0.8870 0.4300 0.4300 0.8870 0.4300 0.4300 0.4300 0.8870 0.8870 0.4300 0.4300 0.4300
254 326 143 237 0.4300 0.8870 0.4300 0.4300 0.4300 0.4300 0.4300 0.4300 0.8870 0.4300 0.4300 0.8870 0.4300 0.4300 0.4300 0.4300
326 143 237 232 0.4300 0.8870 0.4300 0.8870 0.8870 0.8870 0.4300 0.8870 0.4300 0.4300 0.8870 0.4300 0.4300 0.4300 0.4300 0.8870
143 237 232 094 0.8870 0.8870 0.8870 0.8870 0.8870 0.4300 0.4300 0.4300 0.8870 0.8870 0.4300 0.8870 0.8870 0.4300 0.8870 0.8870
237 232 094 068 0.4300 0.8870 0.8870 0.8870 0.8870 0.8870 0.4300 0.8870 0.4300 0.4300 0.8870 0.4300 0.4300 0.8870 0.4300 0.4300
232 094 068 044 0.8870 0.8870 0.4300 0.4300 0.8870 0.8870 0.8870 0.8870 0.8870 0.4300 0.4300 0.4300 0.4300 0.8870 0.4300 0.8870
094 068 044 009 0.8870 0.8870 0.4300 0.4300 0.4300 0.4300 0.8870 0.8870 0.8870 0.4300 0.8870 0.4300 0.4300 0.4300 0.8870 0.4300
068 044 009 087 0.4300 0.8870 0.4300 0.4300 0.8870 0.4300 0.8870 0.8870 0.8870 0.4300 0.4300 0.8870 0.8870 0.4300 0.4300 0.8870
044 009 087 258 0.4300 0.8870 0.4300 0.8870 0.8870 0.8870 0.4300 0.4300 0.8870 0.8870 0.8870 0.4300 0.8870 0.8870 0.8870 0.4300
009 087 258 122 0.4300 0.8870 0.4300 0.8870 0.8870 0.4300 0.8870 0.4300 0.8870 0.8870 0.4300 0.4300 0.8870 0.8870 0.4300 0.4300
087 258 122 261 0.4300 0.8870 0.8870 0.4300 0.4300 0.4300 0.8870 0.8870 0.4300 0.4300 0.4300 0.4300 0.4300 0.8870 0.4300 0.4300
258 122 261 295 0.4300 0.8870 0.4300 0.8870 0.8870 0.4300 0.8870 0.8870 0.8870 0.8870 0.4300 0.4300 0.8870 0.8870 0.4300 0.4300
122 261 295 062 0.4300 0.8870 0.8870 0.4300 0.4300 0.8870 0.4300 0.4300 0.8870 0.4300 0.4300 0.4300 0.8870 0.8870 0.8870 0.4300
261 295 062 111 0.4300 0.4300 0.8870 0.8870 0.4300 0.4300 0.4300 0.8870 0.8870 0.4300 0.4300 0.8870 0.8870 0.8870 0.4300 0.8870
295 062 111 230 0.4300 0.8870 0.8870 0.4300 0.4300 0.8870 0.8870 0.4300 0.4300 0.4300 0.4300 0.8870 0.4300 0.8870 0.8870 0.4300
062 111 230 074 0.4300 0.8870 0.8870 0.4300 0.8870 0.8870 0.8870 0.4300 0.4300 0.8870 0.4300 0.8870 0.4300 0.4300 0.4300 0.8870
111 230 074 050 0.4300 0.8870 0.4300 0.8870 0.8870 0.8870 0.4300 0.4300 0.4300 0.4300 0.8870 0.8870 0.4300 0.4300 0.4300 0.4300
230 074 050 281 0.8870 0.8870 0.4300 0.8870 0.4300 0.4300 0.4300 0.8870 0.4300 0.4300 0.8870 0.8870 0.8870 0.8870 0.8870 0.4300
074 050 281 304 0.8870 0.4300 0.8870 0.4300 0.8870 0.4300 0.8870 0.4300 0.4300 0.4300 0.8870 0.4300 0.8870 0.4300 0.4300 0.4300
050 281 304 133 0.4300 0.8870 0.8870 0.8870 0.4300 0.8870 0.8870 0.4300 0.8870 0.4300 0.4300 0.8870 0.8870 0.8870 0.4300 0.4300
281 304 133 192 0.8870 0.8870 0.8870 0.8870 0.8870 0.4300 0.4300 0.8870 0.8870 0.4300 0.8870 0.4300 0.8870 0.4300 0.8870 0.8870
304 133 192 189 0.4300 0.8870 0.4300 0.8870 0.8870 0.4300 0.8870 0.4300 0.8870 0.8870 0.4300 0.8870 0.4300 0.8870 0.8870 0.4300
133 192 189 320 0.4300 0.8870 0.4300 0.4300 0.4300 0.8870 0.4300 0.8870 0.4300 0.4300 0.8870 0.4300 0.4300 0.8870 0.4300 0.4300
192 189 320 014 0.8870 0.4300 0.4300 0.4300 0.8870 0.8870 0.4300 0.8870 0.4300 0.4300 0.8870 0.8870 0.4300 0.8870 0.8870 0.4300
189 320 014 301 0.8870 0.4300 0.8870 0.4300 0.4300 0.4300 0.4300 0.8870 0.4300 0.8870 0.4300 0.8870 0.8870 0.8870 0.4300 0.8870
320 014 301 051 0.4300 0.8870 0.8870 0.4300 0.4300 0.4300 0.8870 0.8870 0.4300 0.8870 0.8870 0.4300 0.4300 0.8870 0.8870 0.4300
014 301 051 012 0.8870 0.4300 0.4300 0.4300 0.4300 0.8870 0.4300 0.4300 0.8870 0.8870 0.4300 0.4300 0.4300 0.8870 0.8870 0.8870
301 051 012 137 0.8870 0.8870 0.8870 0.4300 0.8870 0.8870 0.8870 0.8870 0.4300 0.8870 0.8870 0.8870 0.8870 0.8870 0.8870 0.8870
051 012 137 175 0.4300 0.4300 0.4300 0.4300 0.4300 0.8870 0.4300 0.4300 0.8870 0.8870 0.4300 0.4300 0.8870 0.8870 0.4300 0.4300
012 137 175 024 0.8870 0.8870 0.8870 0.8870 0.4300 0.8870 0.8870 0.4300 0.8870 0.8870 0.4300 0.4300 0.8870 0.4300 0.8870 0.8870
137 175 024 332 0.4300 0.4300 0.8870 0.4300 0.4300 0.8870 0.8870 0.8870 0.4300 0.4300 0.8870 0.8870 0.8870 0.8870 0.8870 0.8870
175 024 332 015 0.4300 0.8870 0.4300 0.4300 0.8870 0.8870 0.4300 0.4300 0.4300 0.4300 0.8870 0.4300 0.8870 0.4300 0.4300 0.4300
024 332 015 210 0.4300 0.4300 0.8870 0.8870 0.8870 0.8870 0.4300 0.8870 0.4300 0.8870 0.4300 0.4300 0.4300 0.4300 0.4300 0.8870
332 015 210 045 0.4300 0.4300 0.4300 0.8870 0.4300 0.4300 0.4300 0.4300 0.8870 0.8870 0.4300 0.4300 0.8870 0.4300 0.8870 0.8870
015 210 045 335 0.8870 0.4300 0.4300 0.8870 0.8870 0.4300 0.4300 0.8870 0.8870 0.4300 0.8870 0.8870 0.4300 0.4300 0.8870 0.4300
210 045 335 140 0.4300 0.8870 0.4300 0.8870 0.4300 0.4300 0.4300 0.4300 0.8870 0.8870 0.8870 0.8870 0.8870 0.4300 0.8870 0.4300
045 335 140 126 0.4300 0.8870 0.8870 0.8870 0.8870 0.8870 0.8870 0.8870 0.4300 0.4300 0.8870 0.4300 0.8870 0.8870 0.4300 0.4300
335 140 126 294 0.8870 0.4300 0.8870 0.8870 0.4300 0.8870 0.8870 0.4300 0.4300 0.8870 0.4300 0.4300 0.8870 0.8870 0.8870 0.4300
140 126 294 038 0.8870 0.8870 0.4300 0.8870 0.8870 0.8870 0.8870 0.8870 0.4300 0.4300 0.8870 0.4300 0.4300 0.4300 0.8870 0.4300
126 294 038 029 0.8870 0.4300 0.4300 0.8870 0.8870 0.8870 0.4300 0.8870 0.8870 0.4300 0.8870 0.4300 0.4300 0.4300 0.4300 0.8870
294 038 029 297 0.8870 0.4300 0.8870 0.4300 0.8870 0.8870 0.4300 0.4300 0.8870 0.4300 0.4300 0.4300 0.8870 0.4300 0.4300 0.8870
038 029 297 329 0.4300 0.4300 0.4300 0.8870 0.8870 0.8870 0.4300 0.8870 0.4300 0.8870 0.8870 0.8870 0.4300 0.4300 0.8870 0.4300
029 297 329 001 0.8870 0.8870 0.8870 0.4300 0.4300 0.4300 0.4300 0.4300 0.4300 0.8870 0.8870 0.4300 0.8870 0.8870 0.4300 0.8870
297 329 001 056 0.8870 0.4300 0.4300 0.4300 0.8870 0.8870 0.4300 0.4300 0.8870 0.4300 0.4300 0.8870 0.8870 0.4300 0.4300 0.8870
329 001 056 266 0.4300 0.4300 0.8870 0.8870 0.4300 0.4300 0.4300 0.4300 0.4300 0.8870 0.4300 0.4300 0.8870 0.8870 0.8870 0.8870
001 056 266 180 0.8870 0.4300 0.8870 0.4300 0.4300 0.4300 0.4300 0.4300 0.8870 0.8870 0.4300 0.4300 0.4300 0.8870 0.8870 0.4300
056 266 180 120 0.8870 0.4300 0.4300 0.8870 0.8870 0.8870 0.4300 0.8870 0.8870 0.4300 0.4300 0.4300 0.8870 0.8870 0.4300 0.4300
266 180 120 260 0.4300 0.8870 0.8870 0.8870 0.8870 0.8870 0.8870 0.8870 0.8870 0.4300 0.4300 0.4300 0.8870 0.8870 0.8870 0.8870
180 120 260 188 0.4300 0.4300 0.4300 0.4300 0.8870 0.4300 0.4300 0.8870 0.4300 0.8870 0.4300 0.8870 0.4300 0.8870 0.8870 0.8870
120 260 188 246 0.8870 0.4300 0.4300 0.8870 0.8870 0.4300 0.4300 0.4300 0.4300 0.8870 0.8870 0.8870 0.4300 0.8870 0.4300 0.4300
260 188 246 145 0.8870 0.8870 0.8870 0.4300 0.4300 0.4300 0.4300 0.4300 0.8870 0.8870 0.4300 0.8870 0.8870 0.4300 0.4300 0.8870
188 246 145 121 0.8870 0.4300 0.8870 0.8870 0.8870 0.8870 0.8870 0.8870 0.4300 0.4300 0.8870 0.4300 0.8870 0.4300 0.8870 0.4300
246 145 121 077 0.8870 0.8870 0.8870 0.4300 0.8870 0.8870 0.8870 0.4300 0.4300 0.8870 0.4300 0.4300 0.8870 0.8870 0.4300 0.8870
145 121 077 350 0.4300 0.8870 0.8870 0.4300 0.4300 0.8870 0.8870 0.8870 0.4300 0.8870 0.8870 0.8870 0.8870 0.4300 0.4300 0.4300
121 077 350 170 0.8870 0.4300 0.4300 0.8870 0.4300 0.8870 0.8870 0.8870 0.4300 0.4300 0.8870 0.8870 0.4300 0.8870 0.8870 0.4300
077 350 170 289 0.4300 0.8870 0.8870 0.4300 0.4300 0.4300 0.8870 0.4300 0.8870 0.8870 0.8870 0.4300 0.8870 0.8870 0.4300 0.4300
350 170 289 007 0.8870 0.8870 0.4300 0.4300 0.8870 0.4300 0.8870 0.8870 0.8870 0.8870 0.4300 0.4300 0.4300 0.8870 0.8870 0.4300
170 289 007 348 0.8870 0.4300 0.8870 0.4300 0.8870 0.4300 0.4300 0.4300 0.8870 0.4300 0.8870 0.4300 0.4300 0.8870 0.4300 0.4300
289 007 348 227 0.4300 0.4300 0.4300 0.4300 0.4300 0.4300 0.4300 0.4300 0.8870 0.4300 0.4300 0.4300 0.8870 0.4300 0.4300 0.8870
007 348 227 234 0.8870 0.4300 0.4300 0.4300 0.8870 0.8870 0.4300 0.4300 0.4300 0.8870 0.8870 0.8870 0.8870 0.8870 0.8870 0.8870
348 227 234 089 0.4300 0.4300 0.8870 0.8870 0.4300 0.4300 0.8870 0.4300 0.4300 0.4300 0.8870 0.4300 0.8870 0.4300 0.8870 0.8870
227 234 089 307 0.8870 0.4300 0.8870 0.4300 0.8870 0.4300 0.8870 0.8870 0.8870 0.4300 0.8870 0.4300 0.8870 0.4300 0.4300 0.4300
234 089 307 090 0.8870 0.4300 0.4300 0.4300 0.4300 0.4300 0.4300 0.8870 0.4300 0.8870 0.4300 0.4300 0.8870 0.4300 0.4300 0.8870
089 307 090 263 0.8870 0.8870 0.4300 0.4300 0.8870 0.4300 0.8870 0.4300 0.8870 0.4300 0.8870 0.8870 0.4300 0.8870 0.8870 0.4300
307 090 263 060 0.4300 0.8870 0.4300 0.8870 0.8870 0.4300 0.4300 0.8870 0.4300 0.8870 0.4300 0.4300 0.4300 0.8870 0.8870 0.4300
090 263 060 064 0.8870 0.4300 0.4300 0.8870 0.8870 0.8870 0.4300 0.4300 0.4300 0.4300 0.8870 0.8870 0.8870 0.8870 0.8870 0.8870
263 060 064 207 0.4300 0.8870 0.4300 0.8870 0.4300 0.8870 0.8870 0.4300 0.8870 0.4300 0.8870 0.8870 0.8870 0.4300 0.8870 0.4300
060 064 207 259 0.4300 0.4300 0.4300 0.8870 0.4300 0.8870 0.8870 0.8870 0.8870 0.4300 0.4300 0.4300 0.8870 0.8870 0.4300 0.8870
064 207 259 139 0.4300 0.4300 0.8870 0.4300 0.8870 0.4300 0.4300 0.8870 0.8870 0.8870 0.4300 0.4300 0.8870 0.8870 0.8870 0.8870
207 259 139 239 0.4300 0.4300 0.8870 0.8870 0.8870 0.4300 0.8870 0.8870 0.4300 0.8870 0.8870 0.8870 0.4300 0.4300 0.8870 0.8870
259 139 239 249 0.8870 0.8870 0.4300 0.4300 0.8870 0.8870 0.8870 0.8870 0.8870 0.4300 0.4300 0.4300 0.4300 0.8870 0.4300 0.8870
139 239 249 061 0.8870 0.8870 0.8870 0.4300 0.8870 0.8870 0.8870 0.4300 0.4300 0.8870 0.8870 0.4300 0.4300 0.8870 0.4300 0.4300
239 249 061 262 0.8870 0.8870 0.4300 0.4300 0.4300 0.8870 0.8870 0.4300 0.8870 0.4300 0.8870 0.4300 0.4300 0.4300 0.8870 0.4300
249 061 262 119 0.4300 0.8870 0.4300 0.4300 0.4300 0.8870 0.8870 0.8870 0.8870 0.8870 0.8870 0.4300 0.8870 0.4300 0.4300 0.4300
061 262 119 331 0.4300 0.8870 0.8870 0.4300 0.4300 0.8870 0.8870 0.8870 0.4300 0.4300 0.8870 0.8870 0.8870 0.8870 0.8870 0.4300
262 119 331 142 0.4300 0.4300 0.8870 0.4300 0.4300 0.4300 0.8870 0.8870 0.8870 0.4300 0.4300 0.8870 0.8870 0.4300 0.4300 0.4300
119 331 142 096 0.8870 0.8870 0.4300 0.4300 0.8870 0.4300 0.4300 0.8870 0.4300 0.8870 0.8870 0.8870 0.8870 0.8870 0.4300 0.4300
331 142 096 292 0.8870 0.4300 0.8870 0.4300 0.8870 0.8870 0.8870 0.8870 0.8870 0.4300 0.8870 0.4300 0.4300 0.8870 0.8870 0.8870
142 096 292 071 0.4300 0.4300 0.8870 0.4300 0.8870 0.8870 0.8870 0.4300 0.4300 0.8870 0.8870 0.8870 0.8870 0.8870 0.8870 0.4300
096 292 071 019 0.4300 0.8870 0.8870 0.4300 0.4300 0.4300 0.8870 0.4300 0.8870 0.8870 0.4300 0.8870 0.4300 0.4300 0.8870 0.4300
292 071 019 194 0.4300 0.8870 0.4300 0.8870 0.8870 0.4300 0.8870 0.8870 0.4300 0.4300 0.4300 0.8870 0.4300 0.8870 0.8870 0.8870
071 019 194 149 0.4300 0.8870 0.8870 0.4300 0.4300 0.8870 0.4300 0.8870 0.8870 0.4300 0.8870 0.4300 0.4300 0.4300 0.8870 0.4300
019 194 149 112 0.8870 0.8870 0.8870 0.4300 0.4300 0.8870 0.8870 0.8870 0.8870 0.8870 0.4300 0.8870 0.4300 0.8870 0.4300 0.4300
194 149 112 146 0.8870 0.8870 0.8870 0.4300 0.4300 0.4300 0.8870 0.4300 0.4300 0.8870 0.8870 0.4300 0.4300 0.8870 0.4300 0.8870
149 112 146 283 0.8870 0.4300 0.4300 0.8870 0.8870 0.8870 0.8870 0.4300 0.4300 0.4300 0.8870 0.8870 0.4300 0.4300 0.4300 0.8870
112 146 283 102 0.8870 0.8870 0.8870 0.4300 0.8870 0.4300 0.4300 0.8870 0.8870 0.8870 0.8870 0.4300 0.8870 0.8870 0.4300 0.8870
146 283 102 202 0.8870 0.4300 0.4300 0.8870 0.4300 0.8870 0.8870 0.4300 0.8870 0.4300 0.4300 0.8870 0.8870 0.4300 0.4300 0.8870
283 102 202 057 0.8870 0.4300 0.8870 0.4300 0.4300 0.4300 0.4300 0.8870 0.4300 0.4300 0.8870 0.8870 0.4300 0.8870 0.4300 0.8870
102 202 057 163 0.4300 0.8870 0.8870 0.4300 0.4300 0.4300 0.8870 0.8870 0.8870 0.4300 0.4300 0.4300 0.4300 0.4300 0.8870 0.8870
202 057 163 151 0.4300 0.8870 0.8870 0.4300 0.4300 0.8870 0.8870 0.4300 0.8870 0.4300 0.4300 0.8870 0.4300 0.4300 0.4300 0.4300
057 163 151 059 0.8870 0.4300 0.4300 0.4300 0.4300 0.8870 0.8870 0.4300 0.4300 0.8870 0.8870 0.4300 0.4300 0.8870 0.8870 0.8870
163 151 059 309 0.8870 0.4300 0.4300 0.8870 0.4300 0.4300 0.8870 0.8870 0.4300 0.8870 0.8870 0.4300 0.8870 0.4300 0.4300 0.4300
151 059 309 339 0.4300 0.8870 0.8870 0.8870 0.4300 0.4300 0.4300 0.4300 0.4300 0.4300 0.8870 0.8870 0.4300 0.4300 0.4300 0.4300
059 309 339 030 0.4300 0.8870 0.4300 0.4300 0.8870 0.8870 0.8870 0.8870 0.4300 0.8870 0.8870 0.4300 0.8870 0.8870 0.8870 0.8870
309 339 030 271 0.4300 0.4300 0.8870 0.8870 0.4300 0.4300 0.4300 0.4300 0.4300 0.8870 0.8870 0.4300 0.4300 0.4300 0.8870 0.8870
339 030 271 267 0.4300 0.8870 0.8870 0.8870 0.8870 0.4300 0.8870 0.8870 0.4300 0.8870 0.4300 0.4300 0.4300 0.4300 0.8870 0.4300
030 271 267 337 0.8870 0.8870 0.8870 0.4300 0.8870 0.8870 0.8870 0.4300 0.4300 0.4300 0.8870 0.8870 0.8870 0.8870 0.4300 0.8870
271 267 337 067 0.4300 0.8870 0.4300 0.4300 0.4300 0.8870 0.8870 0.8870 0.8870 0.8870 0.8870 0.8870 0.4300 0.4300 0.4300 0.4300
267 337 067 285 0.8870 0.8870 0.8870 0.4300 0.4300 0.4300 0.8870 0.8870 0.4300 0.4300 0.4300 0.4300 0.4300 0.4300 0.8870 0.4300
337 067 285 355 0.8870 0.4300 0.8870 0.8870 0.8870 0.8870 0.4300 0.8870 0.8870 0.8870 0.4300 0.4300 0.4300 0.4300 0.4300 0.4300
067 285 355 317 0.4300 0.8870 0.8870 0.8870 0.4300 0.4300 0.8870 0.8870 0.4300 0.4300 0.4300 0.8870 0.4300 0.4300 0.8870 0.4300
285 355 317 347 0.8870 0.8870 0.4300 0.8870 0.4300 0.8870 0.4300 0.4300 0.8870 0.8870 0.4300 0.8870 0.4300 0.8870 0.8870 0.4300
355 317 347 178 0.4300 0.8870 0.4300 0.8870 0.4300 0.4300 0.4300 0.8870 0.4300 0.4300 0.4300 0.4300 0.4300 0.4300 0.8870 0.8870
317 347 178 238 0.4300 0.8870 0.4300 0.4300 0.8870 0.8870 0.8870 0.8870 0.8870 0.8870 0.4300 0.8870 0.8870 0.8870 0.8870 0.8870
347 178 238 354 0.8870 0.8870 0.4300 0.4300 0.4300 0.8870 0.4300 0.8870 0.4300 0.8870 0.8870 0.8870 0.4300 0.4300 0.4300 0.8870
178 238 354 253 0.8870 0.8870 0.8870 0.4300 0.4300 0.4300 0.4300 0.8870 0.4300 0.8870 0.8870 0.4300 0.4300 0.4300 0.4300 0.4300
238 354 253 279 0.8870 0.8870 0.4300 0.8870 0.8870 0.8870 0.4300 0.4300 0.4300 0.8870 0.4300 0.4300 0.8870 0.8870 0.8870 0.8870
354 253 279 247 0.4300 0.8870 0.8870 0.4300 0.4300 0.8870 0.4300 0.4300 0.4300 0.8870 0.4300 0.8870 0.4300 0.4300 0.4300 0.4300
253 279 247 277 0.4300 0.8870 0.8870 0.8870 0.4300 0.4300 0.8870 0.4300 0.8870 0.4300 0.4300 0.8870 0.4300 0.8870 0.8870 0.8870
279 247 277 017 0.4300 0.4300 0.8870 0.8870 0.4300 0.8870 0.4300 0.8870 0.8870 0.8870 0.4300 0.4300 0.4300 0.4300 0.4300 0.8870
247 277 017 076 0.8870 0.8870 0.4300 0.4300 0.8870 0.4300 0.8870 0.8870 0.8870 0.4300 0.4300 0.4300 0.4300 0.8870 0.4300 0.4300
277 017 076 130 0.8870 0.4300 0.8870 0.8870 0.8870 0.8870 0.8870 0.4300 0.8870 0.8870 0.8870 0.8870 0.8870 0.4300 0.4300 0.4300
017 076 130 336 0.4300 0.8870 0.8870 0.4300 0.8870 0.4300 0.4300 0.4300 0.8870 0.4300 0.4300 0.8870 0.8870 0.4300 0.8870 0.4300
076 130 336 308 0.8870 0.8870 0.4300 0.8870 0.8870 0.4300 0.4300 0.8870 0.4300 0.4300 0.8870 0.8870 0.8870 0.8870 0.4300 0.8870
130 336 308 201 0.8870 0.4300 0.4300 0.8870 0.4300 0.8870 0.4300 0.8870 0.4300 0.4300 0.8870 0.8870 0.8870 0.8870 0.8870 0.8870
336 308 201 141 0.4300 0.8870 0.4300 0.4300 0.4300 0.8870 0.8870 0.8870 0.8870 0.4300 0.4300 0.8870 0.8870 0.4300 0.8870 0.4300
308 201 141 144 0.4300 0.4300 0.8870 0.4300 0.8870 0.4300 0.8870 0.8870 0.4300 0.8870 0.4300 0.4300 0.8870 0.8870 0.4300 0.8870
201 141 144 117 0.4300 0.4300 0.8870 0.8870 0.4300 0.8870 0.8870 0.8870 0.4300 0.8870 0.8870 0.8870 0.8870 0.4300 0.4300 0.8870
141 144 117 312 0.8870 0.4300 0.4300 0.4300 0.4300 0.8870 0.4300 0.8870 0.8870 0.8870 0.8870 0.8870 0.8870 0.4300 0.4300 0.4300
144 117 312 013 0.4300 0.8870 0.8870 0.4300 0.8870 0.4300 0.4300 0.8870 0.8870 0.8870 0.4300 0.4300 0.4300 0.8870 0.8870 0.8870
117 312 013 274 0.8870 0.8870 0.4300 0.4300 0.8870 0.4300 0.8870 0.4300 0.4300 0.4300 0.8870 0.4300 0.4300 0.8870 0.4300 0.8870
312 013 274 191 0.4300 0.4300 0.4300 0.4300 0.8870 0.8870 0.8870 0.8870 0.8870 0.4300 0.8870 0.4300 0.4300 0.8870 0.4300 0.8870
013 274 191 250 0.8870 0.4300 0.8870 0.4300 0.8870 0.4300 0.4300 0.8870 0.8870 0.8870 0.4300 0.4300 0.8870 0.4300 0.4300 0.4300
274 191 250 167 0.4300 0.8870 0.8870 0.4300 0.4300 0.8870 0.8870 0.4300 0.4300 0.4300 0.8870 0.8870 0.8870 0.8870 0.8870 0.4300
191 250 167 091 0.4300 0.4300 0.8870 0.8870 0.4300 0.4300 0.4300 0.4300 0.8870 0.8870 0.4300 0.4300 0.4300 0.8870 0.8870 0.4300
250 167 091 082 0.8870 0.4300 0.8870 0.4300 0.4300 0.4300 0.8870 0.4300 0.8870 0.8870 0.4300 0.4300 0.4300 0.8870 0.8870 0.4300
167 091 082 118 0.4300 0.8870 0.4300 0.4300 0.8870 0.4300 0.4300 0.8870 0.8870 0.8870 0.8870 0.8870 0.4300 0.4300 0.8870 0.4300
091 082 118 114 0.4300 0.4300 0.4300 0.8870 0.4300 0.4300 0.4300 0.8870 0.4300 0.8870 0.8870 0.4300 0.8870 0.4300 0.4300 0.8870
082 118 114 088 0.4300 0.4300 0.4300 0.8870 0.4300 0.8870 0.4300 0.8870 0.8870 0.8870 0.8870 0.8870 0.4300 0.4300 0.8870 0.8870
118 114 088 037 0.8870 0.4300 0.4300 0.8870 0.8870 0.8870 0.8870 0.4300 0.4300 0.4300 0.4300 0.4300 0.8870 0.4300 0.8870 0.4300
114 088 037 105 0.4300 0.8870 0.4300 0.4300 0.4300 0.8870 0.4300 0.4300 0.4300 0.8870 0.4300 0.8870 0.8870 0.8870 0.4300 0.4300
088 037 105 125 0.8870 0.8870 0.8870 0.4300 0.8870 0.8870 0.8870 0.4300 0.8870 0.4300 0.8870 0.4300 0.8870 0.4300 0.8870 0.8870
037 105 125 023 0.8870 0.4300 0.4300 0.8870 0.4300 0.8870 0.8870 0.4300 0.8870 0.4300 0.8870 0.8870 0.4300 0.8870 0.8870 0.4300
105 125 023 340 0.8870 0.4300 0.4300 0.4300 0.4300 0.8870 0.4300 0.8870 0.4300 0.4300 0.4300 0.8870 0.4300 0.4300 0.8870 0.8870
125 023 340 035 0.4300 0.4300 0.4300 0.4300 0.4300 0.4300 0.8870 0.8870 0.4300 0.8870 0.4300 0.8870 0.8870 0.8870 0.4300 0.8870
023 340 035 296 0.4300 0.8870 0.8870 0.8870 0.4300 0.8870 0.4300 0.8870 0.8870 0.8870 0.4300 0.4300 0.8870 0.4300 0.4300 0.8870
340 035 296 086 0.8870 0.8870 0.4300 0.8870 0.8870 0.8870 0.8870 0.8870 0.4300 0.4300 0.4300 0.4300 0.4300 0.8870 0.4300 0.8870
035 296 086 311 0.4300 0.8870 0.8870 0.8870 0.8870 0.8870 0.4300 0.8870 0.4300 0.4300 0.8870 0.4300 0.8870 0.8870 0.8870 0.4300
296 086 311 211 0.4300 0.8870 0.8870 0.4300 0.8870 0.4300 0.4300 0.4300 0.4300 0.8870 0.4300 0.8870 0.4300 0.4300 0.4300 0.8870
086 311 211 166 0.4300 0.8870 0.8870 0.8870 0.4300 0.4300 0.8870 0.4300 0.8870 0.4300 0.4300 0.4300 0.8870 0.4300 0.8870 0.8870
311 211 166 160 0.4300 0.8870 0.8870 0.8870 0.8870 0.4300 0.8870 0.4300 0.8870 0.4300 0.8870 0.8870 0.8870 0.4300 0.8870 0.8870
211 166 160 106 0.4300 0.4300 0.4300 0.8870 0.8870 0.8870 0.4300 0.8870 0.8870 0.4300 0.8870 0.4300 0.8870 0.8870 0.8870 0.8870
166 160 106 048 0.8870 0.8870 0.4300 0.4300 0.8870 0.8870 0.4300 0.8870 0.8870 0.4300 0.8870 0.4300 0.8870 0.8870 0.8870 0.4300
160 106 048 314 0.8870 0.8870 0.4300 0.4300 0.8870 0.8870 0.4300 0.4300 0.4300 0.4300 0.4300 0.8870 0.4300 0.4300 0.8870 0.8870
106 048 314 287 0.8870 0.8870 0.8870 0.8870 0.8870 0.4300 0.4300 0.8870 0.4300 0.8870 0.8870 0.4300 0.8870 0.8870 0.4300 0.4300
048 314 287 212 0.8870 0.4300 0.8870 0.4300 0.4300 0.8870 0.8870 0.8870 0.8870 0.8870 0.4300 0.8870 0.4300 0.4300 0.8870 0.4300
314 287 212 135 0.4300 0.4300 0.4300 0.8870 0.8870 0.8870 0.4300 0.8870 0.8870 0.8870 0.4300 0.4300 0.4300 0.4300 0.8870 0.4300
287 212 135 319 0.8870 0.4300 0.8870 0.8870 0.8870 0.4300 0.8870 0.8870 0.4300 0.8870 0.4300 0.4300 0.4300 0.8870 0.4300 0.8870
212 135 319 101 0.8870 0.4300 0.4300 0.4300 0.8870 0.4300 0.4300 0.8870 0.4300 0.8870 0.4300 0.8870 0.4300 0.8870 0.8870 0.8870
135 319 101 288 0.8870 0.8870 0.4300 0.4300 0.8870 0.4300 0.8870 0.8870 0.8870 0.4300 0.4300 0.8870 0.8870 0.4300 0.8870 0.4300
319 101 288 063 0.8870 0.8870 0.8870 0.4300 0.4300 0.4300 0.4300 0.8870 0.4300 0.4300 0.4300 0.4300 0.8870 0.8870 0.8870 0.4300
101 288 063 132 0.8870 0.8870 0.4300 0.4300 0.8870 0.8870 0.4300 0.8870 0.8870 0.8870 0.8870 0.4300 0.4300 0.8870 0.8870 0.4300
288 063 132 093 0.4300 0.8870 0.8870 0.4300 0.4300 0.8870 0.4300 0.4300 0.8870 0.4300 0.4300 0.8870 0.8870 0.8870 0.4300 0.4300
063 132 093 231 0.8870 0.4300 0.4300 0.8870 0.8870 0.4300 0.4300 0.8870 0.8870 0.4300 0.4300 0.4300 0.8870 0.8870 0.4300 0.8870
132 093 231 164 0.8870 0.4300 0.8870 0.8870 0.4300 0.8870 0.8870 0.8870 0.4300 0.8870 0.8870 0.8870 0.8870 0.8870 0.8870 0.8870
093 231 164 131 0.4300 0.4300 0.8870 0.4300 0.8870 0.8870 0.8870 0.8870 0.8870 0.8870 0.4300 0.4300 0.4300 0.4300 0.4300 0.8870
231 164 131 020 0.4300 0.4300 0.8870 0.4300 0.8870 0.4300 0.4300 0.4300 0.4300 0.8870 0.8870 0.8870 0.8870 0.8870 0.8870 0.8870
164 131 020 200 0.8870 0.8870 0.4300 0.8870 0.4300 0.4300 0.4300 0.8870 0.4300 0.4300 0.8870 0.8870 0.8870 0.8870 0.4300 0.8870
131 020 200 148 0.8870 0.4300 0.4300 0.8870 0.8870 0.8870 0.8870 0.4300 0.4300 0.8870 0.4300 0.8870 0.4300 0.4300 0.8870 0.4300
020 200 148 008 0.8870 0.4300 0.4300 0.4300 0.8870 0.8870 0.4300 0.8870 0.8870 0.4300 0.4300 0.8870 0.8870 0.8870 0.8870 0.4300
200 148 008 002 0.8870 0.8870 0.8870 0.8870 0.8870 0.8870 0.8870 0.4300 0.4300 0.8870 0.8870 0.8870 0.4300 0.4300 0.8870 0.4300
148 008 002 205 0.8870 0.4300 0.4300 0.4300 0.8870 0.8870 0.8870 0.8870 0.8870 0.8870 0.4300 0.4300 0.4300 0.4300 0.4300 0.4300
008 002 205 269 0.8870 0.8870 0.8870 0.4300 0.4300 0.4300 0.8870 0.8870 0.4300 0.8870 0.4300 0.8870 0.4300 0.8870 0.4300 0.8870
002 205 269 021 0.8870 0.8870 0.4300 0.8870 0.8870 0.4300 0.4300 0.8870 0.4300 0.4300 0.4300 0.4300 0.8870 0.4300 0.4300 0.8870
205 269 021 245 0.8870 0.8870 0.4300 0.8870 0.8870 0.8870 0.8870 0.4300 0.4300 0.8870 0.8870 0.8870 0.8870 0.4300 0.4300 0.4300
269 021 245 341 0.4300 0.4300 0.8870 0.8870 0.4300 0.4300 0.8870 0.8870 0.4300 0.4300 0.8870 0.8870 0.8870 0.4300 0.8870 0.8870
021 245 341 316 0.8870 0.4300 0.8870 0.8870 0.8870 0.8870 0.4300 0.8870 0.8870 0.8870 0.8870 0.8870 0.4300 0.8870 0.4300 0.4300
245 341 316 162 0.8870 0.8870 0.8870 0.8870 0.8870 0.8870 0.4300 0.8870 0.4300 0.4300 0.4300 0.4300 0.8870 0.8870 0.8870 0.8870
341 316 162 174 0.4300 0.8870 0.8870 0.8870 0.4300 0.4300 0.8870 0.4300 0.8870 0.8870 0.8870 0.8870 0.4300 0.8870 0.8870 0.4300
316 162 174 049 0.4300 0.8870 0.8870 0.4300 0.4300 0.8870 0.8870 0.4300 0.4300 0.8870 0.8870 0.4300 0.4300 0.8870 0.8870 0.4300
162 174 049 264 0.4300 0.4300 0.4300 0.8870 0.4300 0.4300 0.8870 0.8870 0.8870 0.4300 0.4300 0.8870 0.8870 0.4300 0.4300 0.8870
174 049 264 010 0.8870 0.8870 0.8870 0.8870 0.8870 0.8870 0.8870 0.8870 0.8870 0.8870 0.4300 0.8870 0.8870 0.8870 0.4300 0.8870
049 264 010 055 0.8870 0.4300 0.8870 0.4300 0.8870 0.8870 0.4300 0.8870 0.4300 0.4300 0.8870 0.4300 0.4300 0.4300 0.4300 0.4300
264 010 055 226 0.8870 0.4300 0.8870 0.8870 0.4300 0.8870 0.4300 0.4300 0.4300 0.8870 0.8870 0.4300 0.8870 0.4300 0.4300 0.4300
010 055 226 298 0.4300 0.4300 0.4300 0.4300 0.8870 0.8870 0.8870 0.4300 0.4300 0.8870 0.8870 0.8870 0.8870 0.8870 0.8870 0.4300
055 226 298 079 0.4300 0.4300 0.8870 0.4300 0.8870 0.8870 0.8870 0.8870 0.8870 0.4300 0.4300 0.4300 0.8870 0.8870 0.4300 0.8870
226 298 079 022 0.8870 0.4300 0.4300 0.4300 0.4300 0.8870 0.8870 0.4300 0.8870 0.4300 0.4300 0.8870 0.4300 0.4300 0.4300 0.8870
298 079 022 214 0.8870 0.8870 0.8870 0.8870 0.4300 0.8870 0.4300 0.8870 0.4300 0.8870 0.4300 0.4300 0.8870 0.8870 0.4300 0.8870
079 022 214 003 0.4300 0.4300 0.8870 0.8870 0.4300 0.4300 0.8870 0.8870 0.8870 0.4300 0.8870 0.8870 0.4300 0.8870 0.8870 0.4300
