356 031684 3
140 217 020 118 0.0796 0.6352 0.0796 0.6352 0.6352 0.0796 0.0796 0.6352 0.0796 0.0796 0.6352 0.6352 0.0796 0.6352 0.6352 0.0796
217 020 118 284 0.0796 0.6352 0.6352 0.6352 0.6352 0.6352 0.6352 0.0796 0.0796 0.6352 0.6352 0.6352 0.0796 0.6352 0.0796 0.6352
020 118 284 184 0.6352 0.6352 0.6352 0.6352 0.6352 0.6352 0.0796 0.0796 0.6352 0.0796 0.0796 0.0796 0.6352 0.0796 0.6352 0.6352
118 284 184 060 0.0796 0.6352 0.0796 0.6352 0.6352 0.6352 0.6352 0.0796 0.0796 0.6352 0.6352 0.6352 0.6352 0.6352 0.0796 0.0796
284 184 060 261 0.6352 0.6352 0.0796 0.6352 0.6352 0.6352 0.0796 0.0796 0.6352 0.0796 0.0796 0.0796 0.0796 0.0796 0.6352 0.6352
184 060 261 252 0.6352 0.6352 0.0796 0.6352 0.0796 0.0796 0.6352 0.0796 0.0796 0.6352 0.6352 0.0796 0.6352 0.0796 0.6352 0.6352
060 261 252 214 0.6352 0.6352 0.0796 0.6352 0.0796 0.6352 0.6352 0.6352 0.0796 0.6352 0.6352 0.6352 0.0796 0.6352 0.6352 0.0796
261 252 214 257 0.0796 0.0796 0.6352 0.6352 0.6352 0.0796 0.6352 0.0796 0.0796 0.0796 0.0796 0.6352 0.6352 0.0796 0.0796 0.6352
252 214 257 071 0.0796 0.0796 0.6352 0.6352 0.0796 0.0796 0.0796 0.0796 0.0796 0.6352 0.6352 0.0796 0.0796 0.6352 0.6352 0.6352
214 257 071 319 0.0796 0.0796 0.0796 0.0796 0.6352 0.0796 0.0796 0.6352 0.6352 0.6352 0.0796 0.6352 0.0796 0.6352 0.6352 0.6352
257 071 319 251 0.6352 0.6352 0.6352 0.6352 0.0796 0.0796 0.6352 0.6352 0.0796 0.0796 0.0796 0.0796 0.0796 0.6352 0.0796 0.0796
071 319 251 030 0.6352 0.6352 0.6352 0.0796 0.0796 0.0796 0.0796 0.6352 0.0796 0.0796 0.6352 0.6352 0.0796 0.6352 0.0796 0.6352
319 251 030 250 0.0796 0.0796 0.6352 0.6352 0.0796 0.0796 0.6352 0.6352 0.0796 0.0796 0.0796 0.0796 0.6352 0.0796 0.6352 0.0796
251 030 250 201 0.6352 0.6352 0.0796 0.6352 0.6352 0.6352 0.0796 0.6352 0.0796 0.6352 0.6352 0.0796 0.6352 0.6352 0.0796 0.6352
030 250 201 194 0.0796 0.0796 0.6352 0.6352 0.6352 0.6352 0.0796 0.0796 0.6352 0.6352 0.0796 0.0796 0.6352 0.0796 0.6352 0.6352
250 201 194 293 0.6352 0.0796 0.0796 0.0796 0.0796 0.6352 0.6352 0.6352 0.6352 0.6352 0.6352 0.6352 0.0796 0.0796 0.6352 0.0796
201 194 293 123 0.6352 0.0796 0.0796 0.6352 0.6352 0.6352 0.0796 0.6352 0.0796 0.6352 0.0796 0.0796 0.6352 0.0796 0.0796 0.0796
194 293 123 033 0.0796 0.0796 0.6352 0.6352 0.0796 0.6352 0.0796 0.0796 0.0796 0.6352 0.0796 0.0796 0.0796 0.6352 0.0796 0.6352
293 123 033 320 0.0796 0.0796 0.0796 0.0796 0.6352 0.6352 0.6352 0.6352 0.0796 0.0796 0.6352 0.6352 0.0796 0.0796 0.6352 0.0796
123 033 320 018 0.0796 0.6352 0.6352 0.0796 0.0796 0.6352 0.6352 0.6352 0.6352 0.0796 0.6352 0.0796 0.0796 0.6352 0.0796 0.0796
033 320 018 264 0.0796 0.6352 0.6352 0.0796 0.0796 0.6352 0.6352 0.6352 0.0796 0.6352 0.0796 0.6352 0.0796 0.6352 0.6352 0.0796
320 018 264 051 0.6352 0.0796 0.6352 0.0796 0.6352 0.6352 0.0796 0.0796 0.6352 0.0796 0.6352 0.6352 0.0796 0.0796 0.0796 0.6352
018 264 051 302 0.0796 0.0796 0.0796 0.0796 0.0796 0.6352 0.0796 0.0796 0.0796 0.0796 0.0796 0.0796 0.0796 0.0796 0.0796 0.0796
264 051 302 203 0.6352 0.0796 0.6352 0.6352 0.6352 0.6352 0.0796 0.0796 0.6352 0.0796 0.0796 0.6352 0.0796 0.0796 0.6352 0.6352
051 302 203 066 0.0796 0.0796 0.0796 0.0796 0.0796 0.6352 0.0796 0.0796 0.6352 0.6352 0.6352 0.6352 0.0796 0.0796 0.6352 0.6352
302 203 066 127 0.0796 0.6352 0.6352 0.0796 0.6352 0.6352 0.6352 0.0796 0.6352 0.0796 0.0796 0.6352 0.6352 0.6352 0.0796 0.0796
203 066 127 332 0.0796 0.0796 0.0796 0.0796 0.0796 0.6352 0.6352 0.6352 0.6352 0.0796 0.0796 0.0796 0.0796 0.0796 0.6352 0.6352
066 127 332 073 0.0796 0.6352 0.6352 0.0796 0.0796 0.0796 0.0796 0.0796 0.0796 0.6352 0.0796 0.6352 0.6352 0.6352 0.6352 0.0796
127 332 073 300 0.0796 0.6352 0.6352 0.6352 0.0796 0.0796 0.6352 0.6352 0.0796 0.0796 0.6352 0.0796 0.6352 0.0796 0.0796 0.0796
332 073 300 227 0.6352 0.0796 0.6352 0.0796 0.0796 0.6352 0.0796 0.6352 0.6352 0.6352 0.0796 0.6352 0.0796 0.6352 0.0796 0.0796
073 300 227 308 0.6352 0.6352 0.0796 0.0796 0.0796 0.0796 0.6352 0.6352 0.0796 0.6352 0.6352 0.0796 0.0796 0.0796 0.6352 0.6352
300 227 308 180 0.0796 0.6352 0.0796 0.6352 0.0796 0.0796 0.0796 0.6352 0.6352 0.6352 0.6352 0.6352 0.6352 0.6352 0.6352 0.6352
227 308 180 163 0.0796 0.6352 0.0796 0.6352 0.6352 0.6352 0.6352 0.6352 0.6352 0.0796 0.0796 0.0796 0.6352 0.0796 0.6352 0.0796
308 180 163 326 0.6352 0.0796 0.0796 0.6352 0.6352 0.6352 0.6352 0.6352 0.0796 0.6352 0.6352 0.0796 0.6352 0.0796 0.0796 0.6352
180 163 326 028 0.0796 0.0796 0.0796 0.6352 0.6352 0.0796 0.0796 0.0796 0.6352 0.0796 0.0796 0.6352 0.6352 0.0796 0.6352 0.0796
163 326 028 027 0.6352 0.0796 0.0796 0.0796 0.0796 0.6352 0.0796 0.0796 0.0796 0.0796 0.6352 0.0796 0.6352 0.0796 0.0796 0.0796
326 028 027 268 0.6352 0.0796 0.0796 0.0796 0.0796 0.0796 0.0796 0.6352 0.6352 0.0796 0.6352 0.0796 0.0796 0.0796 0.0796 0.6352
028 027 268 035 0.6352 0.6352 0.6352 0.6352 0.6352 0.0796 0.6352 0.0796 0.6352 0.6352 0.6352 0.0796 0.6352 0.6352 0.0796 0.6352
027 268 035 047 0.0796 0.0796 0.6352 0.0796 0.6352 0.0796 0.0796 0.0796 0.6352 0.0796 0.6352 0.0796 0.6352 0.6352 0.0796 0.0796
268 035 047 130 0.6352 0.0796 0.6352 0.6352 0.6352 0.6352 0.0796 0.6352 0.0796 0.0796 0.6352 0.6352 0.6352 0.0796 0.0796 0.0796
035 047 130 198 0.0796 0.0796 0.6352 0.6352 0.6352 0.6352 0.6352 0.0796 0.6352 0.6352 0.6352 0.6352 0.0796 0.0796 0.6352 0.0796
047 130 198 068 0.0796 0.0796 0.6352 0.6352 0.6352 0.6352 0.0796 0.6352 0.6352 0.6352 0.6352 0.0796 0.0796 0.6352 0.6352 0.0796
130 198 068 162 0.6352 0.6352 0.6352 0.6352 0.0796 0.6352 0.6352 0.6352 0.6352 0.0796 0.0796 0.0796 0.6352 0.0796 0.0796 0.0796
198 068 162 333 0.0796 0.6352 0.0796 0.0796 0.0796 0.6352 0.0796 0.6352 0.0796 0.6352 0.6352 0.6352 0.6352 0.6352 0.0796 0.6352
068 162 333 279 0.6352 0.0796 0.0796 0.0796 0.6352 0.0796 0.6352 0.6352 0.6352 0.0796 0.6352 0.0796 0.0796 0.6352 0.6352 0.6352
162 333 279 349 0.0796 0.0796 0.0796 0.0796 0.6352 0.6352 0.0796 0.6352 0.6352 0.0796 0.0796 0.6352 0.0796 0.6352 0.0796 0.6352
333 279 349 271 0.6352 0.0796 0.6352 0.6352 0.6352 0.6352 0.6352 0.6352 0.0796 0.0796 0.0796 0.0796 0.6352 0.0796 0.6352 0.0796
279 349 271 110 0.0796 0.0796 0.0796 0.6352 0.6352 0.6352 0.6352 0.0796 0.6352 0.6352 0.6352 0.0796 0.6352 0.0796 0.6352 0.0796
349 271 110 220 0.0796 0.0796 0.0796 0.6352 0.6352 0.6352 0.6352 0.6352 0.0796 0.6352 0.0796 0.6352 0.0796 0.0796 0.6352 0.6352
271 110 220 083 0.0796 0.0796 0.6352 0.6352 0.0796 0.6352 0.0796 0.6352 0.6352 0.6352 0.0796 0.0796 0.6352 0.6352 0.6352 0.0796
110 220 083 059 0.0796 0.6352 0.6352 0.6352 0.6352 0.6352 0.0796 0.6352 0.0796 0.0796 0.6352 0.6352 0.0796 0.0796 0.0796 0.0796
220 083 059 121 0.6352 0.6352 0.6352 0.0796 0.6352 0.0796 0.0796 0.0796 0.6352 0.6352 0.0796 0.0796 0.6352 0.6352 0.0796 0.0796
083 059 121 016 0.6352 0.0796 0.6352 0.6352 0.6352 0.6352 0.0796 0.0796 0.6352 0.6352 0.0796 0.6352 0.0796 0.0796 0.6352 0.6352
059 121 016 149 0.0796 0.6352 0.6352 0.6352 0.6352 0.6352 0.6352 0.0796 0.0796 0.0796 0.6352 0.0796 0.6352 0.6352 0.0796 0.0796
121 016 149 094 0.0796 0.0796 0.6352 0.6352 0.6352 0.6352 0.6352 0.6352 0.6352 0.6352 0.0796 0.0796 0.0796 0.6352 0.0796 0.6352
016 149 094 003 0.0796 0.6352 0.6352 0.0796 0.6352 0.0796 0.0796 0.0796 0.0796 0.6352 0.6352 0.0796 0.0796 0.6352 0.0796 0.0796
149 094 003 093 0.0796 0.0796 0.0796 0.6352 0.0796 0.0796 0.6352 0.6352 0.6352 0.6352 0.6352 0.6352 0.6352 0.0796 0.0796 0.6352
094 003 093 344 0.6352 0.6352 0.0796 0.0796 0.6352 0.0796 0.0796 0.0796 0.0796 0.6352 0.0796 0.0796 0.0796 0.0796 0.6352 0.6352
003 093 344 043 0.6352 0.0796 0.0796 0.6352 0.0796 0.6352 0.0796 0.6352 0.0796 0.0796 0.6352 0.0796 0.6352 0.6352 0.6352 0.0796
093 344 043 126 0.0796 0.6352 0.6352 0.6352 0.0796 0.0796 0.0796 0.0796 0.6352 0.0796 0.0796 0.6352 0.6352 0.0796 0.0796 0.0796
344 043 126 190 0.0796 0.0796 0.6352 0.0796 0.0796 0.0796 0.6352 0.0796 0.0796 0.0796 0.6352 0.6352 0.6352 0.6352 0.6352 0.6352
043 126 190 128 0.0796 0.6352 0.6352 0.6352 0.6352 0.6352 0.0796 0.6352 0.6352 0.0796 0.6352 0.0796 0.6352 0.0796 0.6352 0.0796
126 190 128 187 0.0796 0.6352 0.6352 0.6352 0.6352 0.0796 0.0796 0.0796 0.6352 0.6352 0.0796 0.6352 0.6352 0.0796 0.0796 0.0796
190 128 187 081 0.0796 0.6352 0.0796 0.0796 0.0796 0.6352 0.6352 0.0796 0.6352 0.6352 0.6352 0.0796 0.6352 0.0796 0.0796 0.6352
128 187 081 205 0.0796 0.0796 0.6352 0.0796 0.0796 0.0796 0.6352 0.0796 0.0796 0.0796 0.6352 0.6352 0.0796 0.6352 0.0796 0.6352
187 081 205 090 0.0796 0.6352 0.0796 0.6352 0.0796 0.0796 0.6352 0.6352 0.6352 0.6352 0.6352 0.6352 0.6352 0.0796 0.6352 0.0796
081 205 090 075 0.0796 0.0796 0.6352 0.0796 0.6352 0.0796 0.6352 0.6352 0.6352 0.6352 0.6352 0.6352 0.6352 0.0796 0.0796 0.6352
205 090 075 045 0.6352 0.6352 0.6352 0.6352 0.6352 0.6352 0.0796 0.0796 0.0796 0.0796 0.6352 0.6352 0.0796 0.0796 0.0796 0.6352
090 075 045 355 0.0796 0.0796 0.0796 0.6352 0.0796 0.6352 0.0796 0.0796 0.0796 0.6352 0.0796 0.0796 0.0796 0.6352 0.0796 0.6352
075 045 355 345 0.6352 0.6352 0.6352 0.0796 0.0796 0.0796 0.0796 0.0796 0.6352 0.0796 0.6352 0.0796 0.0796 0.6352 0.6352 0.6352
045 355 345 067 0.6352 0.0796 0.6352 0.0796 0.6352 0.0796 0.0796 0.6352 0.0796 0.0796 0.0796 0.6352 0.0796 0.6352 0.6352 0.6352
355 345 067 311 0.0796 0.6352 0.0796 0.0796 0.6352 0.0796 0.0796 0.0796 0.0796 0.0796 0.0796 0.0796 0.6352 0.0796 0.6352 0.0796
345 067 311 041 0.0796 0.0796 0.6352 0.0796 0.6352 0.0796 0.0796 0.6352 0.0796 0.0796 0.0796 0.6352 0.6352 0.0796 0.6352 0.6352
067 311 041 010 0.0796 0.6352 0.6352 0.0796 0.0796 0.0796 0.0796 0.6352 0.0796 0.6352 0.0796 0.6352 0.6352 0.6352 0.0796 0.0796
311 041 010 159 0.0796 0.6352 0.6352 0.6352 0.6352 0.0796 0.0796 0.0796 0.0796 0.0796 0.6352 0.6352 0.0796 0.6352 0.0796 0.6352
041 010 159 265 0.6352 0.0796 0.0796 0.6352 0.0796 0.0796 0.0796 0.6352 0.0796 0.0796 0.6352 0.6352 0.0796 0.0796 0.6352 0.0796
010 159 265 256 0.0796 0.6352 0.6352 0.0796 0.0796 0.0796 0.0796 0.0796 0.0796 0.6352 0.6352 0.0796 0.0796 0.6352 0.6352 0.0796
159 265 256 132 0.0796 0.0796 0.6352 0.0796 0.6352 0.6352 0.0796 0.6352 0.6352 0.6352 0.6352 0.6352 0.0796 0.0796 0.0796 0.0796
265 256 132 313 0.6352 0.0796 0.0796 0.0796 0.0796 0.6352 0.0796 0.6352 0.6352 0.0796 0.6352 0.6352 0.0796 0.6352 0.0796 0.0796
256 132 313 325 0.0796 0.6352 0.6352 0.6352 0.0796 0.6352 0.0796 0.0796 0.0796 0.0796 0.6352 0.0796 0.6352 0.6352 0.0796 0.6352
132 313 325 291 0.6352 0.6352 0.6352 0.6352 0.0796 0.0796 0.0796 0.6352 0.0796 0.0796 0.0796 0.0796 0.0796 0.6352 0.6352 0.6352
313 325 291 334 0.0796 0.6352 0.0796 0.0796 0.0796 0.6352 0.0796 0.6352 0.6352 0.6352 0.0796 0.0796 0.6352 0.6352 0.6352 0.6352
325 291 334 161 0.0796 0.6352 0.0796 0.6352 0.0796 0.0796 0.6352 0.6352 0.6352 0.6352 0.6352 0.0796 0.0796 0.0796 0.0796 0.0796
291 334 161 008 0.0796 0.6352 0.0796 0.6352 0.6352 0.6352 0.6352 0.0796 0.0796 0.6352 0.0796 0.0796 0.0796 0.6352 0.0796 0.6352
334 161 008 197 0.6352 0.0796 0.0796 0.0796 0.6352 0.0796 0.6352 0.6352 0.0796 0.0796 0.6352 0.6352 0.6352 0.6352 0.0796 0.6352
161 008 197 254 0.6352 0.0796 0.6352 0.6352 0.0796 0.6352 0.6352 0.6352 0.6352 0.0796 0.6352 0.0796 0.6352 0.6352 0.6352 0.0796
008 197 254 309 0.6352 0.0796 0.0796 0.6352 0.0796 0.6352 0.0796 0.0796 0.6352 0.0796 0.0796 0.0796 0.6352 0.0796 0.0796 0.0796
197 254 309 193 0.0796 0.0796 0.0796 0.0796 0.6352 0.6352 0.6352 0.6352 0.6352 0.0796 0.6352 0.6352 0.6352 0.0796 0.0796 0.6352
254 309 193 135 0.0796 0.0796 0.6352 0.0796 0.6352 0.6352 0.6352 0.0796 0.0796 0.6352 0.0796 0.6352 0.0796 0.6352 0.0796 0.0796
309 193 135 274 0.0796 0.6352 0.0796 0.0796 0.6352 0.6352 0.0796 0.0796 0.0796 0.0796 0.6352 0.0796 0.6352 0.0796 0.6352 0.6352
193 135 274 065 0.0796 0.0796 0.0796 0.6352 0.6352 0.6352 0.0796 0.0796 0.6352 0.0796 0.6352 0.6352 0.0796 0.6352 0.0796 0.6352
135 274 065 281 0.6352 0.6352 0.6352 0.0796 0.6352 0.6352 0.0796 0.6352 0.6352 0.6352 0.0796 0.0796 0.0796 0.0796 0.6352 0.6352
274 065 281 305 0.6352 0.6352 0.6352 0.0796 0.6352 0.0796 0.0796 0.0796 0.0796 0.6352 0.0796 0.6352 0.0796 0.0796 0.6352 0.0796
065 281 305 294 0.6352 0.0796 0.0796 0.6352 0.6352 0.6352 0.0796 0.0796 0.6352 0.0796 0.0796 0.6352 0.0796 0.6352 0.6352 0.0796
281 305 294 037 0.0796 0.6352 0.0796 0.6352 0.6352 0.0796 0.6352 0.6352 0.6352 0.0796 0.0796 0.0796 0.0796 0.0796 0.6352 0.6352
305 294 037 117 0.6352 0.0796 0.0796 0.6352 0.6352 0.6352 0.0796 0.6352 0.6352 0.6352 0.6352 0.0796 0.0796 0.6352 0.6352 0.0796
294 037 117 158 0.6352 0.0796 0.6352 0.6352 0.0796 0.0796 0.6352 0.0796 0.0796 0.0796 0.0796 0.0796 0.0796 0.6352 0.6352 0.0796
037 117 158 183 0.6352 0.0796 0.0796 0.0796 0.6352 0.6352 0.6352 0.0796 0.6352 0.0796 0.6352 0.0796 0.0796 0.6352 0.0796 0.0796
117 158 183 231 0.0796 0.6352 0.0796 0.6352 0.6352 0.6352 0.6352 0.0796 0.0796 0.0796 0.6352 0.0796 0.0796 0.0796 0.0796 0.6352
158 183 231 129 0.6352 0.0796 0.0796 0.6352 0.0796 0.6352 0.0796 0.6352 0.6352 0.0796 0.0796 0.6352 0.6352 0.0796 0.0796 0.6352
183 231 129 239 0.0796 0.6352 0.6352 0.0796 0.0796 0.0796 0.6352 0.0796 0.6352 0.6352 0.6352 0.0796 0.6352 0.6352 0.0796 0.6352
231 129 239 242 0.6352 0.6352 0.6352 0.0796 0.0796 0.6352 0.0796 0.0796 0.6352 0.0796 0.6352 0.0796 0.0796 0.0796 0.0796 0.6352
129 239 242 297 0.6352 0.6352 0.6352 0.0796 0.6352 0.6352 0.0796 0.0796 0.6352 0.6352 0.0796 0.6352 0.6352 0.6352 0.6352 0.6352
239 242 297 178 0.6352 0.0796 0.0796 0.0796 0.0796 0.0796 0.6352 0.6352 0.6352 0.0796 0.6352 0.6352 0.0796 0.6352 0.0796 0.6352
242 297 178 304 0.6352 0.6352 0.0796 0.6352 0.6352 0.0796 0.6352 0.0796 0.0796 0.0796 0.0796 0.6352 0.0796 0.6352 0.6352 0.6352
297 178 304 272 0.6352 0.0796 0.0796 0.0796 0.0796 0.0796 0.0796 0.6352 0.0796 0.6352 0.6352 0.0796 0.6352 0.6352 0.6352 0.6352
178 304 272 283 0.6352 0.6352 0.0796 0.0796 0.6352 0.6352 0.0796 0.0796 0.6352 0.6352 0.6352 0.6352 0.6352 0.6352 0.0796 0.6352
304 272 283 134 0.0796 0.0796 0.6352 0.0796 0.0796 0.6352 0.0796 0.0796 0.0796 0.0796 0.0796 0.0796 0.6352 0.0796 0.6352 0.6352
272 283 134 244 0.0796 0.6352 0.6352 0.6352 0.0796 0.0796 0.6352 0.6352 0.6352 0.6352 0.6352 0.0796 0.6352 0.0796 0.0796 0.0796
283 134 244 147 0.6352 0.0796 0.6352 0.0796 0.6352 0.0796 0.6352 0.6352 0.0796 0.6352 0.6352 0.6352 0.6352 0.0796 0.6352 0.0796
134 244 147 192 0.6352 0.0796 0.0796 0.6352 0.0796 0.0796 0.0796 0.0796 0.0796 0.0796 0.6352 0.6352 0.0796 0.0796 0.6352 0.0796
244 147 192 164 0.0796 0.6352 0.0796 0.6352 0.6352 0.6352 0.6352 0.6352 0.6352 0.0796 0.6352 0.6352 0.6352 0.0796 0.0796 0.6352
147 192 164 216 0.6352 0.6352 0.0796 0.0796 0.6352 0.0796 0.6352 0.0796 0.0796 0.0796 0.6352 0.0796 0.6352 0.6352 0.0796 0.6352
192 164 216 259 0.6352 0.6352 0.0796 0.0796 0.6352 0.0796 0.0796 0.0796 0.6352 0.0796 0.6352 0.6352 0.6352 0.6352 0.0796 0.0796
164 216 259 186 0.6352 0.6352 0.0796 0.0796 0.0796 0.6352 0.6352 0.0796 0.0796 0.6352 0.0796 0.0796 0.0796 0.6352 0.0796 0.0796
216 259 186 348 0.6352 0.0796 0.6352 0.6352 0.6352 0.0796 0.0796 0.0796 0.6352 0.0796 0.6352 0.0796 0.6352 0.6352 0.6352 0.0796
259 186 348 096 0.6352 0.0796 0.6352 0.6352 0.6352 0.0796 0.0796 0.6352 0.0796 0.6352 0.0796 0.0796 0.6352 0.0796 0.0796 0.6352
186 348 096 089 0.6352 0.6352 0.0796 0.6352 0.6352 0.6352 0.0796 0.0796 0.0796 0.0796 0.0796 0.6352 0.0796 0.0796 0.0796 0.6352
348 096 089 133 0.0796 0.6352 0.0796 0.6352 0.0796 0.6352 0.6352 0.6352 0.0796 0.0796 0.0796 0.6352 0.6352 0.6352 0.6352 0.6352
096 089 133 141 0.0796 0.6352 0.6352 0.0796 0.6352 0.0796 0.6352 0.0796 0.0796 0.6352 0.0796 0.6352 0.0796 0.6352 0.0796 0.0796
089 133 141 290 0.6352 0.6352 0.0796 0.6352 0.0796 0.0796 0.6352 0.6352 0.0796 0.6352 0.6352 0.0796 0.0796 0.0796 0.6352 0.0796
133 141 290 182 0.6352 0.0796 0.0796 0.6352 0.6352 0.6352 0.6352 0.0796 0.0796 0.6352 0.6352 0.0796 0.0796 0.6352 0.0796 0.6352
141 290 182 064 0.6352 0.6352 0.6352 0.0796 0.0796 0.0796 0.6352 0.0796 0.0796 0.0796 0.0796 0.0796 0.6352 0.6352 0.0796 0.0796
290 182 064 230 0.6352 0.6352 0.0796 0.0796 0.0796 0.6352 0.6352 0.0796 0.0796 0.0796 0.6352 0.6352 0.0796 0.6352 0.0796 0.0796
182 064 230 055 0.6352 0.0796 0.0796 0.0796 0.0796 0.0796 0.0796 0.6352 0.0796 0.0796 0.6352 0.6352 0.6352 0.0796 0.6352 0.6352
064 230 055 000 0.0796 0.6352 0.0796 0.0796 0.0796 0.0796 0.6352 0.6352 0.0796 0.0796 0.0796 0.0796 0.6352 0.6352 0.0796 0.6352
230 055 000 299 0.6352 0.0796 0.0796 0.6352 0.0796 0.6352 0.6352 0.0796 0.6352 0.0796 0.0796 0.6352 0.0796 0.6352 0.6352 0.6352
055 000 299 181 0.0796 0.0796 0.6352 0.6352 0.0796 0.0796 0.6352 0.0796 0.0796 0.6352 0.0796 0.6352 0.0796 0.6352 0.0796 0.6352
000 299 181 247 0.0796 0.6352 0.0796 0.6352 0.6352 0.0796 0.6352 0.0796 0.0796 0.0796 0.6352 0.6352 0.6352 0.0796 0.6352 0.6352
299 181 247 115 0.6352 0.0796 0.6352 0.0796 0.6352 0.0796 0.6352 0.6352 0.0796 0.0796 0.6352 0.0796 0.0796 0.6352 0.6352 0.6352
181 247 115 262 0.6352 0.0796 0.6352 0.6352 0.0796 0.6352 0.0796 0.6352 0.0796 0.6352 0.0796 0.0796 0.0796 0.6352 0.0796 0.6352
247 115 262 107 0.0796 0.6352 0.0796 0.6352 0.0796 0.6352 0.0796 0.0796 0.0796 0.6352 0.0796 0.0796 0.6352 0.6352 0.6352 0.6352
115 262 107 152 0.6352 0.0796 0.6352 0.0796 0.6352 0.0796 0.0796 0.0796 0.0796 0.6352 0.0796 0.0796 0.0796 0.6352 0.6352 0.6352
262 107 152 082 0.0796 0.6352 0.6352 0.0796 0.0796 0.6352 0.6352 0.6352 0.0796 0.0796 0.6352 0.6352 0.0796 0.6352 0.0796 0.0796
107 152 082 061 0.0796 0.0796 0.6352 0.0796 0.6352 0.0796 0.0796 0.6352 0.0796 0.6352 0.0796 0.6352 0.0796 0.0796 0.0796 0.6352
152 082 061 340 0.0796 0.0796 0.0796 0.0796 0.0796 0.0796 0.6352 0.0796 0.6352 0.6352 0.6352 0.6352 0.0796 0.0796 0.0796 0.6352
082 061 340 038 0.6352 0.6352 0.6352 0.0796 0.0796 0.0796 0.6352 0.6352 0.6352 0.0796 0.6352 0.0796 0.6352 0.6352 0.6352 0.0796
061 340 038 315 0.6352 0.0796 0.0796 0.6352 0.6352 0.6352 0.6352 0.6352 0.6352 0.6352 0.0796 0.6352 0.0796 0.0796 0.0796 0.0796
340 038 315 013 0.6352 0.6352 0.0796 0.0796 0.0796 0.6352 0.0796 0.6352 0.6352 0.6352 0.6352 0.0796 0.0796 0.0796 0.6352 0.6352
038 315 013 321 0.0796 0.6352 0.0796 0.0796 0.6352 0.6352 0.0796 0.6352 0.0796 0.0796 0.0796 0.6352 0.6352 0.6352 0.6352 0.6352
315 013 321 032 0.0796 0.0796 0.0796 0.0796 0.0796 0.0796 0.0796 0.0796 0.6352 0.6352 0.6352 0.6352 0.0796 0.6352 0.0796 0.6352
013 321 032 185 0.0796 0.0796 0.6352 0.0796 0.6352 0.6352 0.0796 0.0796 0.6352 0.6352 0.0796 0.6352 0.0796 0.0796 0.0796 0.6352
321 032 185 221 0.0796 0.6352 0.6352 0.0796 0.6352 0.6352 0.0796 0.6352 0.6352 0.0796 0.0796 0.0796 0.6352 0.6352 0.0796 0.6352
032 185 221 101 0.6352 0.6352 0.0796 0.6352 0.0796 0.6352 0.0796 0.0796 0.6352 0.6352 0.0796 0.0796 0.0796 0.6352 0.6352 0.6352
185 221 101 286 0.6352 0.6352 0.0796 0.6352 0.0796 0.0796 0.0796 0.0796 0.0796 0.6352 0.6352 0.6352 0.0796 0.6352 0.0796 0.0796
221 101 286 173 0.6352 0.0796 0.0796 0.6352 0.6352 0.0796 0.0796 0.6352 0.6352 0.6352 0.6352 0.0796 0.6352 0.6352 0.0796 0.0796
101 286 173 062 0.0796 0.0796 0.6352 0.0796 0.6352 0.6352 0.6352 0.0796 0.6352 0.0796 0.6352 0.0796 0.6352 0.6352 0.0796 0.0796
286 173 062 292 0.6352 0.0796 0.6352 0.0796 0.6352 0.0796 0.6352 0.0796 0.6352 0.6352 0.6352 0.0796 0.0796 0.0796 0.6352 0.6352
173 062 292 269 0.6352 0.6352 0.0796 0.0796 0.6352 0.0796 0.0796 0.6352 0.0796 0.6352 0.0796 0.0796 0.0796 0.6352 0.0796 0.6352
062 292 269 087 0.6352 0.0796 0.6352 0.0796 0.0796 0.0796 0.0796 0.0796 0.0796 0.6352 0.0796 0.6352 0.6352 0.6352 0.0796 0.0796
292 269 087 209 0.0796 0.6352 0.0796 0.6352 0.0796 0.6352 0.0796 0.6352 0.6352 0.6352 0.0796 0.0796 0.6352 0.0796 0.0796 0.6352
269 087 209 142 0.0796 0.0796 0.0796 0.0796 0.0796 0.0796 0.0796 0.0796 0.6352 0.0796 0.6352 0.6352 0.6352 0.6352 0.0796 0.6352
087 209 142 106 0.6352 0.6352 0.0796 0.0796 0.0796 0.0796 0.6352 0.6352 0.6352 0.6352 0.0796 0.0796 0.0796 0.6352 0.0796 0.6352
209 142 106 240 0.6352 0.6352 0.0796 0.6352 0.6352 0.0796 0.0796 0.6352 0.6352 0.0796 0.0796 0.0796 0.0796 0.6352 0.6352 0.0796
142 106 240 245 0.6352 0.6352 0.0796 0.6352 0.6352 0.0796 0.0796 0.6352 0.0796 0.0796 0.0796 0.6352 0.6352 0.6352 0.6352 0.0796
106 240 245 312 0.0796 0.6352 0.0796 0.6352 0.0796 0.6352 0.0796 0.0796 0.6352 0.6352 0.0796 0.0796 0.0796 0.6352 0.6352 0.0796
240 245 312 153 0.0796 0.6352 0.0796 0.0796 0.6352 0.6352 0.6352 0.0796 0.0796 0.0796 0.6352 0.6352 0.6352 0.6352 0.0796 0.0796
245 312 153 069 0.0796 0.6352 0.6352 0.6352 0.0796 0.6352 0.6352 0.6352 0.0796 0.0796 0.0796 0.6352 0.6352 0.6352 0.6352 0.0796
312 153 069 306 0.6352 0.6352 0.6352 0.0796 0.0796 0.0796 0.0796 0.0796 0.6352 0.6352 0.0796 0.0796 0.0796 0.0796 0.6352 0.6352
153 069 306 088 0.0796 0.0796 0.6352 0.6352 0.0796 0.6352 0.6352 0.0796 0.0796 0.6352 0.6352 0.0796 0.0796 0.6352 0.0796 0.6352
069 306 088 303 0.0796 0.0796 0.0796 0.6352 0.6352 0.0796 0.0796 0.0796 0.6352 0.0796 0.6352 0.6352 0.6352 0.0796 0.0796 0.6352
306 088 303 301 0.6352 0.6352 0.0796 0.6352 0.0796 0.0796 0.6352 0.6352 0.0796 0.0796 0.0796 0.0796 0.0796 0.0796 0.6352 0.0796
088 303 301 327 0.6352 0.0796 0.0796 0.6352 0.6352 0.0796 0.6352 0.6352 0.0796 0.0796 0.0796 0.6352 0.0796 0.6352 0.0796 0.6352
303 301 327 324 0.0796 0.0796 0.6352 0.6352 0.0796 0.0796 0.6352 0.6352 0.0796 0.0796 0.6352 0.6352 0.0796 0.6352 0.6352 0.0796
301 327 324 119 0.0796 0.6352 0.0796 0.0796 0.0796 0.6352 0.0796 0.0796 0.0796 0.6352 0.0796 0.6352 0.6352 0.0796 0.0796 0.0796
327 324 119 213 0.0796 0.6352 0.6352 0.0796 0.0796 0.0796 0.0796 0.0796 0.0796 0.6352 0.0796 0.0796 0.0796 0.6352 0.0796 0.6352
324 119 213 353 0.0796 0.0796 0.0796 0.6352 0.0796 0.0796 0.6352 0.0796 0.0796 0.6352 0.6352 0.0796 0.0796 0.0796 0.0796 0.0796
119 213 353 189 0.0796 0.6352 0.0796 0.0796 0.6352 0.6352 0.0796 0.0796 0.6352 0.6352 0.6352 0.0796 0.0796 0.6352 0.0796 0.6352
213 353 189 109 0.6352 0.0796 0.6352 0.6352 0.0796 0.6352 0.0796 0.0796 0.0796 0.0796 0.6352 0.0796 0.0796 0.0796 0.6352 0.6352
353 189 109 015 0.6352 0.0796 0.0796 0.0796 0.0796 0.0796 0.0796 0.0796 0.6352 0.6352 0.0796 0.0796 0.0796 0.0796 0.6352 0.6352
189 109 015 314 0.0796 0.0796 0.6352 0.6352 0.0796 0.6352 0.6352 0.6352 0.6352 0.6352 0.6352 0.0796 0.6352 0.6352 0.6352 0.6352
109 015 314 023 0.6352 0.6352 0.6352 0.6352 0.6352 0.0796 0.0796 0.6352 0.6352 0.0796 0.0796 0.0796 0.0796 0.6352 0.6352 0.6352
015 314 023 137 0.0796 0.0796 0.0796 0.0796 0.0796 0.0796 0.6352 0.0796 0.0796 0.0796 0.0796 0.0796 0.0796 0.6352 0.0796 0.0796
314 023 137 212 0.6352 0.6352 0.0796 0.0796 0.0796 0.0796 0.6352 0.0796 0.0796 0.6352 0.6352 0.6352 0.6352 0.0796 0.6352 0.6352
023 137 212 155 0.0796 0.6352 0.6352 0.0796 0.6352 0.0796 0.6352 0.0796 0.6352 0.0796 0.6352 0.0796 0.0796 0.0796 0.6352 0.0796
137 212 155 157 0.6352 0.6352 0.0796 0.0796 0.6352 0.0796 0.0796 0.0796 0.6352 0.0796 0.6352 0.0796 0.6352 0.0796 0.0796 0.0796
212 155 157 167 0.0796 0.6352 0.0796 0.6352 0.0796 0.0796 0.6352 0.6352 0.0796 0.6352 0.6352 0.0796 0.0796 0.0796 0.6352 0.0796
155 157 167 215 0.0796 0.0796 0.0796 0.6352 0.6352 0.0796 0.6352 0.0796 0.0796 0.0796 0.6352 0.0796 0.6352 0.6352 0.0796 0.6352
157 167 215 350 0.6352 0.6352 0.0796 0.6352 0.6352 0.0796 0.0796 0.0796 0.0796 0.6352 0.6352 0.0796 0.6352 0.6352 0.6352 0.0796
167 215 350 146 0.0796 0.6352 0.6352 0.0796 0.6352 0.0796 0.0796 0.6352 0.6352 0.6352 0.0796 0.0796 0.0796 0.0796 0.0796 0.6352
215 350 146 007 0.0796 0.6352 0.0796 0.6352 0.0796 0.0796 0.0796 0.6352 0.0796 0.6352 0.0796 0.6352 0.0796 0.0796 0.0796 0.6352
350 146 007 170 0.0796 0.6352 0.0796 0.0796 0.0796 0.6352 0.0796 0.0796 0.6352 0.0796 0.6352 0.0796 0.6352 0.0796 0.6352 0.6352
146 007 170 166 0.0796 0.6352 0.6352 0.0796 0.6352 0.6352 0.6352 0.0796 0.6352 0.6352 0.0796 0.0796 0.6352 0.6352 0.6352 0.0796
007 170 166 249 0.0796 0.6352 0.6352 0.0796 0.6352 0.0796 0.0796 0.0796 0.0796 0.6352 0.0796 0.6352 0.6352 0.6352 0.6352 0.0796
170 166 249 222 0.6352 0.0796 0.6352 0.6352 0.6352 0.6352 0.0796 0.6352 0.6352 0.6352 0.0796 0.0796 0.6352 0.6352 0.0796 0.0796
166 249 222 004 0.6352 0.6352 0.0796 0.6352 0.6352 0.0796 0.0796 0.6352 0.6352 0.0796 0.6352 0.6352 0.6352 0.6352 0.6352 0.0796
249 222 004 310 0.6352 0.6352 0.6352 0.0796 0.6352 0.6352 0.0796 0.0796 0.6352 0.0796 0.6352 0.6352 0.6352 0.0796 0.0796 0.0796
222 004 310 031 0.0796 0.6352 0.0796 0.0796 0.0796 0.6352 0.0796 0.6352 0.0796 0.0796 0.6352 0.0796 0.6352 0.0796 0.6352 0.0796
004 310 031 116 0.6352 0.0796 0.0796 0.0796 0.0796 0.0796 0.0796 0.0796 0.6352 0.6352 0.6352 0.6352 0.6352 0.0796 0.6352 0.0796
310 031 116 273 0.6352 0.6352 0.0796 0.0796 0.0796 0.6352 0.6352 0.0796 0.6352 0.6352 0.0796 0.0796 0.0796 0.6352 0.6352 0.6352
031 116 273 112 0.0796 0.0796 0.6352 0.6352 0.0796 0.6352 0.0796 0.0796 0.0796 0.0796 0.0796 0.6352 0.6352 0.6352 0.0796 0.6352
116 273 112 091 0.6352 0.6352 0.0796 0.0796 0.0796 0.6352 0.0796 0.0796 0.0796 0.6352 0.6352 0.6352 0.0796 0.6352 0.0796 0.6352
273 112 091 246 0.6352 0.0796 0.0796 0.0796 0.6352 0.0796 0.6352 0.6352 0.0796 0.0796 0.0796 0.0796 0.0796 0.6352 0.0796 0.0796
112 091 246 092 0.0796 0.6352 0.0796 0.0796 0.6352 0.6352 0.6352 0.6352 0.0796 0.0796 0.6352 0.6352 0.6352 0.0796 0.0796 0.0796
091 246 092 019 0.6352 0.0796 0.0796 0.6352 0.6352 0.0796 0.6352 0.6352 0.6352 0.6352 0.0796 0.6352 0.0796 0.6352 0.0796 0.0796
246 092 019 335 0.6352 0.6352 0.0796 0.6352 0.6352 0.6352 0.0796 0.6352 0.0796 0.0796 0.0796 0.0796 0.6352 0.0796 0.6352 0.6352
092 019 335 154 0.6352 0.6352 0.6352 0.0796 0.6352 0.0796 0.6352 0.0796 0.6352 0.0796 0.6352 0.6352 0.0796 0.6352 0.0796 0.0796
019 335 154 005 0.0796 0.0796 0.6352 0.0796 0.6352 0.6352 0.0796 0.6352 0.0796 0.6352 0.6352 0.6352 0.6352 0.6352 0.0796 0.6352
335 154 005 199 0.6352 0.6352 0.0796 0.6352 0.0796 0.0796 0.6352 0.0796 0.6352 0.6352 0.0796 0.6352 0.6352 0.0796 0.6352 0.6352
154 005 199 174 0.6352 0.6352 0.0796 0.6352 0.6352 0.0796 0.0796 0.0796 0.0796 0.0796 0.0796 0.0796 0.0796 0.0796 0.0796 0.6352
005 199 174 001 0.6352 0.0796 0.6352 0.0796 0.6352 0.0796 0.6352 0.0796 0.6352 0.0796 0.6352 0.0796 0.0796 0.0796 0.0796 0.6352
199 174 001 095 0.6352 0.0796 0.6352 0.6352 0.0796 0.6352 0.6352 0.0796 0.6352 0.0796 0.6352 0.6352 0.6352 0.0796 0.0796 0.0796
174 001 095 138 0.0796 0.0796 0.0796 0.6352 0.0796 0.0796 0.6352 0.0796 0.6352 0.0796 0.0796 0.0796 0.0796 0.6352 0.6352 0.0796
001 095 138 034 0.6352 0.6352 0.0796 0.0796 0.6352 0.6352 0.0796 0.6352 0.0796 0.0796 0.6352 0.6352 0.0796 0.0796 0.6352 0.0796
095 138 034 077 0.6352 0.0796 0.0796 0.0796 0.0796 0.6352 0.0796 0.6352 0.6352 0.0796 0.0796 0.6352 0.6352 0.6352 0.0796 0.0796
138 034 077 054 0.6352 0.0796 0.0796 0.6352 0.0796 0.0796 0.0796 0.0796 0.6352 0.0796 0.0796 0.0796 0.6352 0.6352 0.6352 0.0796
034 077 054 210 0.6352 0.6352 0.0796 0.6352 0.0796 0.0796 0.6352 0.0796 0.0796 0.0796 0.0796 0.6352 0.6352 0.0796 0.0796 0.0796
077 054 210 206 0.6352 0.0796 0.6352 0.6352 0.0796 0.6352 0.0796 0.6352 0.6352 0.6352 0.6352 0.6352 0.0796 0.0796 0.0796 0.6352
054 210 206 223 0.6352 0.0796 0.0796 0.6352 0.6352 0.6352 0.0796 0.0796 0.0796 0.0796 0.0796 0.6352 0.6352 0.0796 0.0796 0.6352
210 206 223 235 0.6352 0.0796 0.6352 0.0796 0.0796 0.0796 0.0796 0.0796 0.6352 0.6352 0.0796 0.0796 0.6352 0.6352 0.6352 0.0796
206 223 235 006 0.0796 0.6352 0.6352 0.0796 0.0796 0.6352 0.6352 0.6352 0.0796 0.6352 0.0796 0.0796 0.0796 0.6352 0.6352 0.6352
223 235 006 289 0.0796 0.6352 0.0796 0.0796 0.6352 0.6352 0.6352 0.6352 0.0796 0.6352 0.6352 0.0796 0.6352 0.6352 0.0796 0.0796
235 006 289 143 0.6352 0.6352 0.0796 0.0796 0.6352 0.0796 0.6352 0.0796 0.0796 0.6352 0.0796 0.0796 0.0796 0.6352 0.0796 0.6352
006 289 143 225 0.0796 0.6352 0.6352 0.6352 0.6352 0.0796 0.6352 0.0796 0.0796 0.0796 0.6352 0.0796 0.0796 0.0796 0.0796 0.0796
289 143 225 136 0.0796 0.0796 0.6352 0.6352 0.6352 0.0796 0.0796 0.6352 0.6352 0.6352 0.6352 0.0796 0.0796 0.6352 0.0796 0.0796
143 225 136 354 0.0796 0.6352 0.6352 0.0796 0.6352 0.0796 0.6352 0.6352 0.0796 0.6352 0.0796 0.6352 0.6352 0.0796 0.0796 0.6352
225 136 354 114 0.6352 0.6352 0.0796 0.6352 0.6352 0.0796 0.0796 0.6352 0.0796 0.6352 0.6352 0.6352 0.0796 0.6352 0.6352 0.0796
136 354 114 098 0.0796 0.0796 0.0796 0.0796 0.0796 0.6352 0.6352 0.0796 0.0796 0.6352 0.0796 0.0796 0.0796 0.0796 0.6352 0.6352
354 114 098 172 0.0796 0.0796 0.0796 0.0796 0.0796 0.0796 0.6352 0.0796 0.6352 0.0796 0.6352 0.0796 0.6352 0.6352 0.0796 0.0796
114 098 172 021 0.6352 0.0796 0.6352 0.6352 0.0796 0.6352 0.0796 0.6352 0.0796 0.6352 0.0796 0.6352 0.6352 0.6352 0.0796 0.0796
098 172 021 050 0.0796 0.6352 0.0796 0.6352 0.6352 0.6352 0.6352 0.0796 0.6352 0.6352 0.0796 0.0796 0.0796 0.6352 0.0796 0.0796
172 021 050 120 0.6352 0.0796 0.0796 0.6352 0.0796 0.6352 0.6352 0.0796 0.0796 0.0796 0.0796 0.6352 0.6352 0.6352 0.6352 0.0796
021 050 120 195 0.6352 0.0796 0.0796 0.6352 0.0796 0.6352 0.0796 0.6352 0.6352 0.0796 0.6352 0.0796 0.6352 0.0796 0.0796 0.6352
050 120 195 014 0.0796 0.0796 0.6352 0.6352 0.6352 0.6352 0.0796 0.0796 0.6352 0.6352 0.6352 0.0796 0.6352 0.6352 0.6352 0.6352
120 195 014 328 0.0796 0.6352 0.0796 0.6352 0.6352 0.0796 0.0796 0.6352 0.0796 0.0796 0.0796 0.0796 0.6352 0.0796 0.6352 0.6352
195 014 328 277 0.0796 0.0796 0.6352 0.0796 0.6352 0.0796 0.6352 0.6352 0.6352 0.0796 0.6352 0.6352 0.0796 0.0796 0.0796 0.0796
014 328 277 042 0.6352 0.6352 0.6352 0.0796 0.0796 0.0796 0.0796 0.6352 0.6352 0.6352 0.0796 0.0796 0.0796 0.6352 0.0796 0.6352
328 277 042 298 0.0796 0.6352 0.0796 0.6352 0.6352 0.6352 0.0796 0.0796 0.0796 0.6352 0.0796 0.6352 0.0796 0.6352 0.6352 0.6352
277 042 298 097 0.0796 0.6352 0.6352 0.6352 0.6352 0.0796 0.6352 0.6352 0.6352 0.0796 0.6352 0.0796 0.0796 0.6352 0.0796 0.6352
042 298 097 347 0.6352 0.6352 0.0796 0.0796 0.0796 0.0796 0.6352 0.0796 0.6352 0.6352 0.6352 0.6352 0.6352 0.0796 0.6352 0.0796
298 097 347 052 0.0796 0.0796 0.0796 0.6352 0.6352 0.0796 0.0796 0.0796 0.0796 0.6352 0.0796 0.0796 0.6352 0.6352 0.6352 0.0796
097 347 052 074 0.6352 0.0796 0.6352 0.0796 0.6352 0.6352 0.0796 0.0796 0.6352 0.6352 0.0796 0.0796 0.6352 0.6352 0.0796 0.0796
347 052 074 282 0.0796 0.0796 0.0796 0.0796 0.0796 0.6352 0.0796 0.0796 0.6352 0.0796 0.6352 0.6352 0.0796 0.6352 0.0796 0.6352
052 074 282 076 0.6352 0.6352 0.0796 0.6352 0.6352 0.6352 0.6352 0.0796 0.0796 0.0796 0.0796 0.0796 0.6352 0.0796 0.6352 0.6352
074 282 076 318 0.6352 0.6352 0.0796 0.0796 0.0796 0.6352 0.6352 0.0796 0.0796 0.0796 0.6352 0.6352 0.6352 0.0796 0.6352 0.6352
282 076 318 049 0.6352 0.0796 0.0796 0.0796 0.0796 0.0796 0.6352 0.6352 0.6352 0.0796 0.6352 0.6352 0.6352 0.6352 0.6352 0.0796
076 318 049 202 0.0796 0.0796 0.6352 0.6352 0.6352 0.6352 0.6352 0.6352 0.0796 0.6352 0.6352 0.6352 0.0796 0.0796 0.6352 0.6352
318 049 202 056 0.6352 0.6352 0.0796 0.0796 0.0796 0.6352 0.0796 0.0796 0.0796 0.0796 0.6352 0.6352 0.0796 0.0796 0.6352 0.0796
049 202 056 243 0.0796 0.0796 0.6352 0.6352 0.0796 0.0796 0.0796 0.6352 0.0796 0.6352 0.0796 0.0796 0.6352 0.0796 0.0796 0.0796
202 056 243 270 0.0796 0.0796 0.0796 0.0796 0.6352 0.0796 0.0796 0.6352 0.0796 0.0796 0.0796 0.0796 0.6352 0.0796 0.0796 0.0796
056 243 270 233 0.0796 0.6352 0.0796 0.0796 0.6352 0.0796 0.0796 0.6352 0.6352 0.0796 0.6352 0.0796 0.6352 0.6352 0.6352 0.0796
243 270 233 124 0.6352 0.0796 0.0796 0.0796 0.0796 0.0796 0.6352 0.6352 0.0796 0.0796 0.6352 0.6352 0.6352 0.6352 0.0796 0.0796
270 233 124 017 0.0796 0.0796 0.0796 0.0796 0.0796 0.0796 0.6352 0.0796 0.6352 0.0796 0.6352 0.6352 0.0796 0.0796 0.6352 0.6352
233 124 017 208 0.0796 0.6352 0.0796 0.0796 0.6352 0.0796 0.6352 0.0796 0.0796 0.6352 0.0796 0.6352 0.6352 0.6352 0.6352 0.6352
124 017 208 337 0.0796 0.0796 0.6352 0.0796 0.0796 0.6352 0.6352 0.6352 0.6352 0.6352 0.0796 0.0796 0.0796 0.0796 0.6352 0.6352
017 208 337 131 0.0796 0.0796 0.0796 0.0796 0.6352 0.0796 0.6352 0.6352 0.6352 0.6352 0.0796 0.0796 0.6352 0.6352 0.6352 0.6352
208 337 131 039 0.0796 0.0796 0.6352 0.6352 0.6352 0.6352 0.0796 0.6352 0.0796 0.0796 0.6352 0.6352 0.0796 0.6352 0.6352 0.0796
337 131 039 316 0.0796 0.0796 0.6352 0.6352 0.6352 0.6352 0.0796 0.6352 0.6352 0.0796 0.6352 0.6352 0.6352 0.6352 0.0796 0.6352
131 039 316 295 0.6352 0.6352 0.0796 0.6352 0.0796 0.6352 0.0796 0.0796 0.0796 0.0796 0.6352 0.6352 0.6352 0.0796 0.0796 0.0796
039 316 295 024 0.0796 0.6352 0.6352 0.0796 0.6352 0.6352 0.0796 0.6352 0.6352 0.6352 0.6352 0.6352 0.0796 0.0796 0.0796 0.0796
316 295 024 275 0.6352 0.0796 0.6352 0.6352 0.6352 0.0796 0.0796 0.0796 0.6352 0.0796 0.0796 0.0796 0.0796 0.6352 0.0796 0.6352
295 024 275 145 0.0796 0.0796 0.6352 0.0796 0.6352 0.6352 0.0796 0.6352 0.0796 0.0796 0.6352 0.0796 0.0796 0.0796 0.0796 0.0796
024 275 145 022 0.0796 0.0796 0.6352 0.0796 0.6352 0.6352 0.6352 0.0796 0.6352 0.6352 0.0796 0.6352 0.6352 0.0796 0.6352 0.0796
275 145 022 165 0.0796 0.6352 0.0796 0.0796 0.6352 0.6352 0.6352 0.0796 0.0796 0.6352 0.6352 0.6352 0.6352 0.6352 0.0796 0.6352
145 022 165 156 0.0796 0.0796 0.6352 0.0796 0.0796 0.6352 0.6352 0.0796 0.6352 0.0796 0.6352 0.0796 0.6352 0.6352 0.0796 0.6352
022 165 156 086 0.0796 0.6352 0.6352 0.6352 0.0796 0.6352 0.6352 0.6352 0.6352 0.6352 0.6352 0.6352 0.6352 0.6352 0.0796 0.0796
165 156 086 100 0.0796 0.0796 0.6352 0.6352 0.6352 0.6352 0.6352 0.0796 0.0796 0.0796 0.0796 0.6352 0.0796 0.0796 0.6352 0.6352
156 086 100 211 0.0796 0.6352 0.6352 0.0796 0.0796 0.6352 0.0796 0.6352 0.0796 0.6352 0.6352 0.6352 0.6352 0.6352 0.6352 0.0796
086 100 211 352 0.6352 0.6352 0.6352 0.0796 0.0796 0.0796 0.6352 0.6352 0.6352 0.0796 0.0796 0.0796 0.0796 0.6352 0.6352 0.0796
100 211 352 177 0.0796 0.0796 0.6352 0.0796 0.6352 0.0796 0.6352 0.0796 0.6352 0.0796 0.0796 0.0796 0.0796 0.0796 0.6352 0.0796
211 352 177 139 0.6352 0.0796 0.0796 0.6352 0.6352 0.0796 0.6352 0.0796 0.6352 0.6352 0.6352 0.6352 0.6352 0.0796 0.6352 0.0796
352 177 139 148 0.0796 0.6352 0.0796 0.6352 0.0796 0.0796 0.0796 0.0796 0.0796 0.6352 0.6352 0.0796 0.0796 0.0796 0.6352 0.0796
177 139 148 103 0.0796 0.0796 0.0796 0.6352 0.6352 0.0796 0.0796 0.6352 0.0796 0.6352 0.6352 0.6352 0.0796 0.0796 0.6352 0.0796
139 148 103 070 0.6352 0.0796 0.6352 0.0796 0.6352 0.6352 0.6352 0.0796 0.6352 0.0796 0.0796 0.6352 0.6352 0.0796 0.0796 0.6352
148 103 070 079 0.0796 0.0796 0.0796 0.6352 0.0796 0.6352 0.0796 0.0796 0.0796 0.0796 0.6352 0.6352 0.0796 0.6352 0.0796 0.6352
103 070 079 011 0.0796 0.0796 0.0796 0.0796 0.6352 0.0796 0.6352 0.6352 0.6352 0.0796 0.0796 0.6352 0.6352 0.0796 0.0796 0.0796
070 079 011 285 0.0796 0.6352 0.6352 0.0796 0.0796 0.6352 0.0796 0.6352 0.0796 0.6352 0.6352 0.0796 0.0796 0.6352 0.6352 0.0796
079 011 285 336 0.6352 0.6352 0.6352 0.6352 0.0796 0.6352 0.0796 0.6352 0.0796 0.6352 0.0796 0.6352 0.0796 0.0796 0.0796 0.6352
011 285 336 346 0.0796 0.0796 0.6352 0.0796 0.6352 0.6352 0.0796 0.6352 0.6352 0.6352 0.0796 0.0796 0.0796 0.0796 0.6352 0.6352
285 336 346 260 0.6352 0.0796 0.6352 0.0796 0.6352 0.0796 0.6352 0.6352 0.6352 0.6352 0.0796 0.6352 0.6352 0.0796 0.6352 0.6352
336 346 260 188 0.0796 0.6352 0.0796 0.6352 0.0796 0.0796 0.0796 0.6352 0.6352 0.0796 0.0796 0.6352 0.0796 0.0796 0.0796 0.6352
346 260 188 179 0.0796 0.6352 0.0796 0.0796 0.0796 0.6352 0.6352 0.0796 0.6352 0.6352 0.0796 0.0796 0.6352 0.0796 0.6352 0.0796
260 188 179 085 0.6352 0.0796 0.6352 0.6352 0.0796 0.6352 0.0796 0.0796 0.0796 0.6352 0.0796 0.0796 0.0796 0.0796 0.6352 0.6352
188 179 085 036 0.6352 0.6352 0.6352 0.0796 0.0796 0.0796 0.0796 0.6352 0.6352 0.0796 0.0796 0.0796 0.0796 0.6352 0.6352 0.0796
179 085 036 338 0.6352 0.0796 0.0796 0.6352 0.6352 0.6352 0.6352 0.0796 0.6352 0.0796 0.0796 0.0796 0.6352 0.0796 0.0796 0.6352
085 036 338 108 0.0796 0.0796 0.6352 0.6352 0.6352 0.6352 0.6352 0.0796 0.6352 0.6352 0.0796 0.6352 0.0796 0.6352 0.0796 0.6352
036 338 108 343 0.6352 0.6352 0.6352 0.0796 0.6352 0.0796 0.0796 0.0796 0.0796 0.0796 0.6352 0.0796 0.6352 0.6352 0.6352 0.6352
338 108 343 099 0.0796 0.0796 0.6352 0.0796 0.0796 0.6352 0.6352 0.6352 0.6352 0.6352 0.0796 0.6352 0.0796 0.0796 0.0796 0.6352
108 343 099 219 0.0796 0.0796 0.0796 0.6352 0.6352 0.6352 0.0796 0.6352 0.0796 0.0796 0.0796 0.0796 0.0796 0.0796 0.0796 0.6352
343 099 219 125 0.0796 0.6352 0.0796 0.6352 0.6352 0.0796 0.0796 0.6352 0.6352 0.0796 0.0796 0.0796 0.6352 0.0796 0.0796 0.6352
099 219 125 111 0.6352 0.0796 0.0796 0.6352 0.0796 0.0796 0.6352 0.0796 0.0796 0.0796 0.0796 0.0796 0.0796 0.6352 0.0796 0.6352
219 125 111 288 0.0796 0.6352 0.0796 0.0796 0.0796 0.0796 0.6352 0.6352 0.6352 0.6352 0.6352 0.0796 0.0796 0.6352 0.0796 0.0796
125 111 288 084 0.6352 0.6352 0.6352 0.0796 0.6352 0.0796 0.6352 0.6352 0.6352 0.0796 0.0796 0.6352 0.0796 0.0796 0.6352 0.0796
111 288 084 078 0.6352 0.0796 0.0796 0.0796 0.0796 0.6352 0.6352 0.0796 0.6352 0.6352 0.0796 0.6352 0.0796 0.6352 0.6352 0.0796
288 084 078 218 0.0796 0.6352 0.0796 0.0796 0.6352 0.6352 0.0796 0.0796 0.0796 0.6352 0.0796 0.6352 0.0796 0.0796 0.6352 0.6352
084 078 218 317 0.0796 0.6352 0.6352 0.0796 0.6352 0.0796 0.6352 0.0796 0.6352 0.0796 0.6352 0.0796 0.0796 0.6352 0.6352 0.6352
078 218 317 224 0.0796 0.6352 0.0796 0.6352 0.0796 0.0796 0.0796 0.6352 0.0796 0.0796 0.0796 0.6352 0.0796 0.0796 0.0796 0.6352
218 317 224 150 0.6352 0.6352 0.6352 0.6352 0.0796 0.6352 0.6352 0.0796 0.0796 0.0796 0.6352 0.6352 0.0796 0.6352 0.6352 0.0796
317 224 150 151 0.6352 0.6352 0.0796 0.0796 0.6352 0.0796 0.0796 0.0796 0.6352 0.6352 0.6352 0.6352 0.6352 0.6352 0.6352 0.0796
224 150 151 267 0.0796 0.6352 0.6352 0.0796 0.6352 0.0796 0.0796 0.0796 0.6352 0.6352 0.0796 0.0796 0.6352 0.6352 0.6352 0.0796
150 151 267 228 0.0796 0.6352 0.6352 0.6352 0.0796 0.0796 0.6352 0.6352 0.0796 0.6352 0.6352 0.0796 0.0796 0.6352 0.0796 0.0796
151 267 228 122 0.6352 0.0796 0.0796 0.6352 0.6352 0.0796 0.0796 0.6352 0.0796 0.6352 0.6352 0.0796 0.0796 0.6352 0.0796 0.0796
267 228 122 329 0.6352 0.6352 0.6352 0.6352 0.6352 0.0796 0.6352 0.6352 0.6352 0.0796 0.0796 0.6352 0.0796 0.6352 0.6352 0.0796
228 122 329 276 0.0796 0.0796 0.0796 0.0796 0.0796 0.0796 0.0796 0.6352 0.0796 0.6352 0.0796 0.6352 0.6352 0.0796 0.0796 0.0796
122 329 276 287 0.0796 0.6352 0.6352 0.0796 0.6352 0.0796 0.0796 0.6352 0.6352 0.6352 0.0796 0.0796 0.6352 0.0796 0.6352 0.6352
329 276 287 339 0.6352 0.6352 0.0796 0.6352 0.0796 0.0796 0.0796 0.6352 0.6352 0.0796 0.0796 0.0796 0.0796 0.6352 0.6352 0.0796
276 287 339 009 0.6352 0.0796 0.6352 0.0796 0.6352 0.0796 0.0796 0.0796 0.0796 0.0796 0.0796 0.0796 0.6352 0.6352 0.0796 0.0796
287 339 009 207 0.0796 0.6352 0.0796 0.6352 0.0796 0.6352 0.0796 0.0796 0.0796 0.6352 0.6352 0.6352 0.6352 0.6352 0.6352 0.0796
339 009 207 331 0.6352 0.6352 0.6352 0.0796 0.6352 0.0796 0.6352 0.6352 0.0796 0.6352 0.6352 0.0796 0.6352 0.0796 0.6352 0.6352
009 207 331 226 0.0796 0.6352 0.6352 0.6352 0.6352 0.6352 0.6352 0.0796 0.0796 0.0796 0.0796 0.0796 0.6352 0.6352 0.6352 0.0796
207 331 226 048 0.0796 0.6352 0.0796 0.6352 0.6352 0.0796 0.6352 0.6352 0.6352 0.6352 0.0796 0.6352 0.0796 0.6352 0.0796 0.6352
331 226 048 029 0.0796 0.0796 0.0796 0.0796 0.0796 0.6352 0.0796 0.6352 0.0796 0.0796 0.6352 0.0796 0.6352 0.0796 0.6352 0.0796
226 048 029 002 0.0796 0.6352 0.6352 0.6352 0.0796 0.0796 0.6352 0.0796 0.0796 0.6352 0.6352 0.6352 0.6352 0.0796 0.0796 0.6352
048 029 002 025 0.0796 0.6352 0.6352 0.0796 0.6352 0.6352 0.0796 0.6352 0.6352 0.0796 0.0796 0.0796 0.0796 0.6352 0.6352 0.6352
029 002 025 234 0.6352 0.6352 0.6352 0.0796 0.0796 0.6352 0.0796 0.6352 0.6352 0.6352 0.6352 0.0796 0.0796 0.0796 0.6352 0.6352
002 025 234 200 0.0796 0.0796 0.6352 0.6352 0.0796 0.6352 0.6352 0.6352 0.6352 0.0796 0.6352 0.0796 0.0796 0.6352 0.0796 0.0796
025 234 200 238 0.6352 0.0796 0.0796 0.6352 0.0796 0.0796 0.0796 0.6352 0.0796 0.6352 0.6352 0.6352 0.0796 0.6352 0.0796 0.6352
234 200 238 232 0.6352 0.0796 0.6352 0.6352 0.0796 0.6352 0.6352 0.6352 0.0796 0.0796 0.6352 0.6352 0.0796 0.6352 0.0796 0.0796
200 238 232 168 0.0796 0.0796 0.6352 0.6352 0.0796 0.0796 0.0796 0.6352 0.0796 0.0796 0.0796 0.6352 0.0796 0.6352 0.6352 0.6352
238 232 168 144 0.6352 0.0796 0.0796 0.6352 0.0796 0.0796 0.0796 0.6352 0.6352 0.0796 0.0796 0.6352 0.0796 0.0796 0.6352 0.0796
232 168 144 102 0.6352 0.0796 0.0796 0.6352 0.6352 0.6352 0.6352 0.6352 0.0796 0.6352 0.6352 0.0796 0.0796 0.6352 0.0796 0.6352
168 144 102 171 0.0796 0.0796 0.0796 0.6352 0.0796 0.0796 0.0796 0.6352 0.0796 0.0796 0.0796 0.6352 0.6352 0.0796 0.0796 0.6352
144 102 171 191 0.0796 0.6352 0.0796 0.6352 0.6352 0.6352 0.0796 0.0796 0.0796 0.0796 0.0796 0.6352 0.6352 0.0796 0.6352 0.6352
102 171 191 040 0.0796 0.0796 0.6352 0.0796 0.6352 0.0796 0.0796 0.0796 0.6352 0.0796 0.0796 0.0796 0.6352 0.6352 0.0796 0.6352
171 191 040 263 0.6352 0.0796 0.0796 0.6352 0.0796 0.0796 0.6352 0.6352 0.0796 0.0796 0.0796 0.6352 0.0796 0.6352 0.6352 0.0796
191 040 263 253 0.0796 0.0796 0.0796 0.6352 0.0796 0.6352 0.6352 0.0796 0.0796 0.6352 0.6352 0.0796 0.6352 0.0796 0.0796 0.0796
040 263 253 169 0.6352 0.0796 0.0796 0.0796 0.6352 0.6352 0.0796 0.6352 0.6352 0.6352 0.6352 0.6352 0.0796 0.6352 0.6352 0.0796
263 253 169 342 0.6352 0.0796 0.0796 0.0796 0.6352 0.6352 0.0796 0.6352 0.6352 0.6352 0.6352 0.6352 0.0796 0.0796 0.0796 0.0796
253 169 342 053 0.0796 0.0796 0.6352 0.6352 0.6352 0.0796 0.0796 0.0796 0.0796 0.0796 0.0796 0.0796 0.6352 0.0796 0.6352 0.0796
169 342 053 237 0.0796 0.6352 0.6352 0.0796 0.6352 0.0796 0.6352 0.0796 0.0796 0.0796 0.6352 0.6352 0.0796 0.6352 0.6352 0.6352
342 053 237 176 0.0796 0.0796 0.0796 0.6352 0.0796 0.6352 0.0796 0.6352 0.6352 0.0796 0.6352 0.6352 0.6352 0.0796 0.6352 0.0796
053 237 176 296 0.6352 0.6352 0.6352 0.0796 0.6352 0.0796 0.0796 0.0796 0.0796 0.0796 0.6352 0.6352 0.0796 0.0796 0.0796 0.6352
237 176 296 012 0.0796 0.6352 0.6352 0.0796 0.0796 0.0796 0.0796 0.6352 0.6352 0.0796 0.6352 0.0796 0.6352 0.0796 0.0796 0.0796
176 296 012 322 0.6352 0.6352 0.0796 0.0796 0.6352 0.6352 0.0796 0.6352 0.6352 0.0796 0.0796 0.0796 0.6352 0.0796 0.0796 0.0796
296 012 322 258 0.0796 0.6352 0.0796 0.6352 0.6352 0.0796 0.0796 0.6352 0.0796 0.0796 0.0796 0.0796 0.0796 0.6352 0.0796 0.6352
012 322 258 307 0.6352 0.6352 0.6352 0.0796 0.6352 0.0796 0.6352 0.0796 0.0796 0.0796 0.6352 0.6352 0.0796 0.6352 0.0796 0.6352
322 258 307 026 0.6352 0.0796 0.0796 0.6352 0.0796 0.0796 0.0796 0.6352 0.0796 0.0796 0.0796 0.6352 0.6352 0.0796 0.0796 0.0796
258 307 026 266 0.0796 0.6352 0.0796 0.6352 0.0796 0.0796 0.0796 0.6352 0.6352 0.6352 0.0796 0.6352 0.6352 0.6352 0.6352 0.6352
307 026 266 323 0.0796 0.0796 0.6352 0.6352 0.6352 0.6352 0.0796 0.0796 0.6352 0.0796 0.6352 0.6352 0.6352 0.6352 0.0796 0.0796
026 266 323 351 0.6352 0.6352 0.6352 0.6352 0.0796 0.0796 0.6352 0.6352 0.0796 0.0796 0.0796 0.0796 0.6352 0.6352 0.6352 0.0796
266 323 351 044 0.0796 0.0796 0.0796 0.6352 0.6352 0.0796 0.0796 0.0796 0.6352 0.0796 0.0796 0.6352 0.6352 0.0796 0.6352 0.0796
323 351 044 058 0.0796 0.6352 0.6352 0.0796 0.0796 0.6352 0.6352 0.0796 0.0796 0.6352 0.6352 0.6352 0.6352 0.0796 0.6352 0.6352
351 044 058 280 0.6352 0.0796 0.0796 0.6352 0.6352 0.6352 0.6352 0.6352 0.0796 0.6352 0.0796 0.6352 0.6352 0.6352 0.0796 0.0796
044 058 280 063 0.0796 0.0796 0.0796 0.6352 0.6352 0.6352 0.0796 0.6352 0.0796 0.6352 0.6352 0.0796 0.0796 0.6352 0.0796 0.6352
058 280 063 072 0.6352 0.6352 0.6352 0.6352 0.0796 0.6352 0.0796 0.6352 0.6352 0.6352 0.6352 0.6352 0.0796 0.0796 0.0796 0.6352
280 063 072 160 0.0796 0.0796 0.6352 0.0796 0.0796 0.6352 0.6352 0.6352 0.6352 0.6352 0.6352 0.0796 0.6352 0.0796 0.0796 0.0796
063 072 160 113 0.0796 0.6352 0.0796 0.6352 0.6352 0.6352 0.6352 0.0796 0.0796 0.0796 0.6352 0.0796 0.0796 0.0796 0.6352 0.0796
072 160 113 196 0.0796 0.0796 0.6352 0.6352 0.0796 0.0796 0.6352 0.0796 0.6352 0.6352 0.0796 0.0796 0.6352 0.6352 0.0796 0.0796
160 113 196 229 0.0796 0.6352 0.0796 0.0796 0.0796 0.0796 0.6352 0.6352 0.0796 0.6352 0.6352 0.6352 0.0796 0.6352 0.0796 0.6352
113 196 229 236 0.6352 0.0796 0.0796 0.0796 0.0796 0.0796 0.0796 0.0796 0.0796 0.0796 0.6352 0.6352 0.0796 0.6352 0.0796 0.6352
196 229 236 341 0.6352 0.0796 0.0796 0.6352 0.0796 0.0796 0.6352 0.6352 0.6352 0.6352 0.6352 0.0796 0.0796 0.6352 0.0796 0.0796
229 236 341 080 0.0796 0.6352 0.6352 0.6352 0.6352 0.6352 0.6352 0.0796 0.0796 0.0796 0.0796 0.0796 0.0796 0.6352 0.6352 0.6352
236 341 080 057 0.6352 0.6352 0.0796 0.0796 0.6352 0.6352 0.6352 0.6352 0.6352 0.6352 0.6352 0.0796 0.0796 0.0796 0.0796 0.6352
341 080 057 248 0.0796 0.0796 0.6352 0.0796 0.6352 0.6352 0.0796 0.6352 0.0796 0.0796 0.0796 0.0796 0.0796 0.0796 0.6352 0.0796
080 057 248 204 0.0796 0.0796 0.6352 0.0796 0.0796 0.6352 0.6352 0.6352 0.6352 0.0796 0.0796 0.0796 0.0796 0.6352 0.0796 0.0796
057 248 204 330 0.6352 0.0796 0.6352 0.6352 0.6352 0.0796 0.6352 0.6352 0.6352 0.6352 0.6352 0.6352 0.0796 0.6352 0.0796 0.0796
248 204 330 255 0.6352 0.6352 0.0796 0.6352 0.6352 0.6352 0.0796 0.6352 0.6352 0.0796 0.6352 0.0796 0.6352 0.0796 0.6352 0.0796
204 330 255 278 0.6352 0.0796 0.6352 0.0796 0.0796 0.0796 0.6352 0.0796 0.6352 0.6352 0.0796 0.6352 0.6352 0.0796 0.0796 0.0796
330 255 278 105 0.0796 0.6352 0.0796 0.6352 0.0796 0.6352 0.0796 0.0796 0.0796 0.6352 0.0796 0.0796 0.0796 0.0796 0.0796 0.6352
255 278 105 175 0.0796 0.0796 0.6352 0.6352 0.0796 0.0796 0.0796 0.0796 0.6352 0.6352 0.0796 0.6352 0.0796 0.6352 0.0796 0.0796
278 105 175 104 0.6352 0.6352 0.6352 0.0796 0.6352 0.6352 0.0796 0.6352 0.0796 0.6352 0.6352 0.0796 0.6352 0.6352 0.6352 0.6352
105 175 104 046 0.0796 0.6352 0.6352 0.0796 0.6352 0.0796 0.6352 0.0796 0.6352 0.0796 0.6352 0.6352 0.6352 0.6352 0.6352 0.6352
175 104 046 241 0.6352 0.0796 0.0796 0.6352 0.6352 0.0796 0.0796 0.0796 0.0796 0.0796 0.6352 0.0796 0.0796 0.0796 0.6352 0.0796
104 046 241 140 0.0796 0.0796 0.0796 0.0796 0.6352 0.6352 0.0796 0.6352 0.6352 0.6352 0.0796 0.6352 0.0796 0.6352 0.0796 0.6352
046 241 140 217 0.6352 0.6352 0.6352 0.6352 0.6352 0.6352 0.0796 0.6352 0.6352 0.0796 0.6352 0.0796 0.0796 0.0796 0.6352 0.6352
241 140 217 020 0.6352 0.6352 0.6352 0.6352 0.6352 0.6352 0.0796 0.6352 0.6352 0.0796 0.0796 0.6352 0.6352 0.6352 0.0796 0.0796
