356 031684 3
110 315 168 324 0.9930 0.9930 0.9930 0.9930 0.9930 0.9930 0.9930 0.6129 0.9930 0.6129 0.6129 0.9930 0.9930 0.6129 0.9930 0.9930
315 168 324 279 0.6129 0.6129 0.6129 0.9930 0.9930 0.6129 0.6129 0.9930 0.6129 0.6129 0.6129 0.9930 0.6129 0.9930 0.9930 0.9930
168 324 279 072 0.6129 0.9930 0.9930 0.6129 0.6129 0.6129 0.9930 0.6129 0.6129 0.6129 0.6129 0.6129 0.6129 0.9930 0.6129 0.9930
324 279 072 249 0.6129 0.6129 0.6129 0.9930 0.6129 0.6129 0.6129 0.6129 0.6129 0.6129 0.6129 0.6129 0.9930 0.9930 0.6129 0.9930
279 072 249 103 0.9930 0.6129 0.6129 0.6129 0.6129 0.9930 0.9930 0.9930 0.9930 0.6129 0.9930 0.6129 0.9930 0.9930 0.9930 0.6129
072 249 103 313 0.9930 0.9930 0.9930 0.6129 0.6129 0.9930 0.6129 0.6129 0.6129 0.6129 0.9930 0.9930 0.9930 0.6129 0.9930 0.9930
249 103 313 266 0.6129 0.9930 0.6129 0.6129 0.9930 0.6129 0.6129 0.9930 0.6129 0.6129 0.6129 0.6129 0.6129 0.9930 0.9930 0.9930
103 313 266 304 0.9930 0.9930 0.6129 0.9930 0.9930 0.9930 0.9930 0.9930 0.9930 0.9930 0.9930 0.9930 0.9930 0.9930 0.6129 0.9930
313 266 304 064 0.6129 0.6129 0.9930 0.6129 0.9930 0.6129 0.6129 0.9930 0.9930 0.6129 0.6129 0.6129 0.6129 0.9930 0.6129 0.6129
266 304 064 302 0.6129 0.6129 0.6129 0.9930 0.6129 0.9930 0.9930 0.6129 0.6129 0.9930 0.9930 0.9930 0.6129 0.6129 0.9930 0.6129
304 064 302 205 0.6129 0.9930 0.9930 0.6129 0.6129 0.9930 0.9930 0.9930 0.9930 0.6129 0.6129 0.6129 0.9930 0.6129 0.6129 0.6129
064 302 205 124 0.9930 0.6129 0.6129 0.6129 0.9930 0.6129 0.6129 0.6129 0.6129 0.9930 0.9930 0.9930 0.9930 0.9930 0.6129 0.9930
302 205 124 035 0.6129 0.9930 0.9930 0.9930 0.6129 0.9930 0.6129 0.6129 0.6129 0.6129 0.9930 0.9930 0.9930 0.9930 0.6129 0.9930
205 124 035 042 0.6129 0.9930 0.6129 0.9930 0.6129 0.6129 0.6129 0.6129 0.9930 0.9930 0.9930 0.6129 0.6129 0.6129 0.6129 0.9930
124 035 042 276 0.6129 0.6129 0.6129 0.6129 0.9930 0.9930 0.9930 0.9930 0.9930 0.6129 0.9930 0.6129 0.9930 0.9930 0.9930 0.9930
035 042 276 336 0.6129 0.9930 0.6129 0.6129 0.6129 0.6129 0.9930 0.6129 0.9930 0.9930 0.6129 0.6129 0.6129 0.9930 0.9930 0.6129
042 276 336 173 0.9930 0.6129 0.6129 0.9930 0.6129 0.6129 0.9930 0.9930 0.9930 0.6129 0.6129 0.9930 0.6129 0.9930 0.6129 0.6129
276 336 173 262 0.9930 0.6129 0.9930 0.9930 0.6129 0.6129 0.6129 0.9930 0.9930 0.6129 0.9930 0.6129 0.6129 0.9930 0.6129 0.9930
336 173 262 153 0.9930 0.6129 0.6129 0.9930 0.9930 0.6129 0.6129 0.6129 0.9930 0.6129 0.9930 0.6129 0.6129 0.6129 0.9930 0.9930
173 262 153 239 0.6129 0.9930 0.6129 0.6129 0.9930 0.9930 0.6129 0.6129 0.6129 0.9930 0.6129 0.6129 0.9930 0.9930 0.6129 0.6129
262 153 239 278 0.6129 0.6129 0.6129 0.9930 0.6129 0.6129 0.9930 0.6129 0.6129 0.6129 0.9930 0.6129 0.9930 0.9930 0.6129 0.6129
153 239 278 089 0.9930 0.9930 0.6129 0.9930 0.6129 0.9930 0.6129 0.6129 0.9930 0.6129 0.6129 0.6129 0.6129 0.9930 0.9930 0.6129
239 278 089 003 0.9930 0.6129 0.9930 0.6129 0.9930 0.9930 0.9930 0.9930 0.6129 0.6129 0.9930 0.6129 0.6129 0.6129 0.9930 0.6129
278 089 003 104 0.9930 0.9930 0.9930 0.9930 0.9930 0.9930 0.9930 0.9930 0.6129 0.6129 0.9930 0.9930 0.9930 0.9930 0.6129 0.9930
089 003 104 137 0.6129 0.6129 0.6129 0.6129 0.6129 0.6129 0.9930 0.6129 0.6129 0.9930 0.9930 0.6129 0.9930 0.9930 0.9930 0.6129
003 104 137 166 0.9930 0.9930 0.6129 0.6129 0.6129 0.6129 0.9930 0.9930 0.9930 0.9930 0.9930 0.6129 0.9930 0.9930 0.9930 0.9930
104 137 166 015 0.9930 0.6129 0.9930 0.9930 0.9930 0.9930 0.9930 0.6129 0.6129 0.9930 0.9930 0.9930 0.9930 0.9930 0.9930 0.9930
137 166 015 187 0.9930 0.6129 0.9930 0.6129 0.6129 0.6129 0.6129 0.9930 0.6129 0.6129 0.9930 0.9930 0.6129 0.6129 0.9930 0.9930
166 015 187 326 0.6129 0.6129 0.9930 0.6129 0.6129 0.6129 0.6129 0.6129 0.6129 0.6129 0.6129 0.9930 0.6129 0.6129 0.6129 0.9930
015 187 326 234 0.6129 0.6129 0.6129 0.6129 0.9930 0.9930 0.9930 0.6129 0.6129 0.9930 0.6129 0.6129 0.6129 0.6129 0.9930 0.9930
187 326 234 203 0.9930 0.6129 0.6129 0.6129 0.9930 0.9930 0.6129 0.9930 0.9930 0.9930 0.9930 0.9930 0.9930 0.9930 0.9930 0.6129
326 234 203 108 0.6129 0.9930 0.9930 0.9930 0.6129 0.9930 0.6129 0.6129 0.6129 0.9930 0.6129 0.9930 0.9930 0.6129 0.9930 0.9930
234 203 108 294 0.9930 0.9930 0.9930 0.9930 0.6129 0.6129 0.6129 0.6129 0.6129 0.6129 0.6129 0.9930 0.9930 0.6129 0.9930 0.9930
203 108 294 087 0.6129 0.6129 0.9930 0.6129 0.6129 0.9930 0.9930 0.9930 0.6129 0.6129 0.9930 0.6129 0.9930 0.6129 0.6129 0.9930
108 294 087 075 0.6129 0.9930 0.9930 0.9930 0.6129 0.6129 0.6129 0.6129 0.9930 0.9930 0.6129 0.9930 0.9930 0.6129 0.9930 0.6129
294 087 075 325 0.6129 0.9930 0.9930 0.9930 0.9930 0.9930 0.6129 0.9930 0.9930 0.9930 0.9930 0.6129 0.9930 0.9930 0.9930 0.6129
087 075 325 056 0.9930 0.9930 0.6129 0.6129 0.9930 0.6129 0.6129 0.9930 0.6129 0.9930 0.9930 0.6129 0.9930 0.6129 0.9930 0.9930
075 325 056 352 0.6129 0.6129 0.6129 0.9930 0.9930 0.9930 0.9930 0.6129 0.9930 0.6129 0.9930 0.9930 0.9930 0.9930 0.6129 0.6129
325 056 352 158 0.6129 0.9930 0.6129 0.6129 0.6129 0.9930 0.6129 0.9930 0.9930 0.6129 0.9930 0.6129 0.6129 0.6129 0.9930 0.9930
056 352 158 070 0.6129 0.6129 0.6129 0.6129 0.9930 0.9930 0.9930 0.6129 0.9930 0.6129 0.9930 0.9930 0.9930 0.9930 0.6129 0.6129
352 158 070 047 0.6129 0.9930 0.6129 0.6129 0.9930 0.9930 0.6129 0.6129 0.6129 0.9930 0.6129 0.9930 0.6129 0.9930 0.6129 0.6129
158 070 047 293 0.6129 0.6129 0.9930 0.6129 0.9930 0.9930 0.6129 0.9930 0.6129 0.6129 0.6129 0.9930 0.9930 0.9930 0.6129 0.9930
070 047 293 210 0.9930 0.9930 0.6129 0.6129 0.9930 0.6129 0.6129 0.6129 0.9930 0.6129 0.6129 0.6129 0.6129 0.9930 0.6129 0.6129
047 293 210 306 0.6129 0.6129 0.6129 0.9930 0.6129 0.9930 0.9930 0.9930 0.6129 0.9930 0.9930 0.9930 0.9930 0.6129 0.9930 0.6129
293 210 306 144 0.6129 0.6129 0.9930 0.9930 0.9930 0.9930 0.9930 0.9930 0.9930 0.9930 0.9930 0.6129 0.6129 0.6129 0.9930 0.9930
210 306 144 277 0.6129 0.9930 0.6129 0.6129 0.9930 0.6129 0.9930 0.6129 0.9930 0.6129 0.6129 0.6129 0.6129 0.9930 0.9930 0.6129
306 144 277 020 0.6129 0.9930 0.9930 0.6129 0.6129 0.9930 0.6129 0.9930 0.6129 0.6129 0.6129 0.9930 0.9930 0.6129 0.6129 0.6129
144 277 020 162 0.9930 0.6129 0.9930 0.6129 0.6129 0.9930 0.9930 0.6129 0.9930 0.6129 0.9930 0.9930 0.9930 0.6129 0.6129 0.6129
277 020 162 155 0.6129 0.9930 0.9930 0.9930 0.9930 0.9930 0.6129 0.6129 0.6129 0.6129 0.9930 0.6129 0.9930 0.9930 0.6129 0.6129
020 162 155 258 0.9930 0.9930 0.6129 0.6129 0.6129 0.9930 0.6129 0.9930 0.9930 0.9930 0.9930 0.6129 0.9930 0.9930 0.6129 0.9930
162 155 258 008 0.9930 0.6129 0.6129 0.6129 0.9930 0.6129 0.6129 0.6129 0.9930 0.6129 0.9930 0.6129 0.9930 0.9930 0.6129 0.9930
155 258 008 335 0.6129 0.6129 0.9930 0.6129 0.6129 0.6129 0.9930 0.9930 0.6129 0.9930 0.6129 0.9930 0.6129 0.9930 0.6129 0.6129
258 008 335 010 0.6129 0.9930 0.9930 0.6129 0.9930 0.9930 0.9930 0.6129 0.9930 0.6129 0.6129 0.9930 0.9930 0.9930 0.6129 0.6129
008 335 010 096 0.6129 0.6129 0.6129 0.6129 0.9930 0.6129 0.9930 0.9930 0.6129 0.9930 0.6129 0.6129 0.9930 0.9930 0.6129 0.9930
335 010 096 148 0.9930 0.9930 0.6129 0.6129 0.9930 0.6129 0.9930 0.6129 0.9930 0.9930 0.9930 0.6129 0.6129 0.6129 0.6129 0.9930
010 096 148 333 0.6129 0.6129 0.9930 0.6129 0.6129 0.6129 0.6129 0.9930 0.6129 0.9930 0.6129 0.6129 0.6129 0.9930 0.9930 0.6129
096 148 333 022 0.9930 0.9930 0.9930 0.6129 0.6129 0.9930 0.9930 0.6129 0.6129 0.9930 0.6129 0.6129 0.9930 0.9930 0.9930 0.6129
148 333 022 172 0.6129 0.9930 0.9930 0.9930 0.9930 0.9930 0.6129 0.9930 0.9930 0.6129 0.9930 0.9930 0.9930 0.6129 0.9930 0.6129
333 022 172 113 0.6129 0.9930 0.9930 0.9930 0.9930 0.6129 0.9930 0.6129 0.6129 0.9930 0.6129 0.9930 0.9930 0.6129 0.9930 0.9930
022 172 113 323 0.6129 0.6129 0.9930 0.6129 0.6129 0.6129 0.6129 0.9930 0.6129 0.6129 0.6129 0.6129 0.9930 0.9930 0.6129 0.9930
172 113 323 257 0.6129 0.6129 0.6129 0.9930 0.6129 0.9930 0.6129 0.9930 0.6129 0.9930 0.9930 0.9930 0.9930 0.6129 0.9930 0.9930
113 323 257 345 0.6129 0.9930 0.9930 0.9930 0.9930 0.9930 0.9930 0.9930 0.9930 0.6129 0.9930 0.9930 0.9930 0.9930 0.9930 0.6129
323 257 345 309 0.9930 0.6129 0.6129 0.9930 0.9930 0.6129 0.6129 0.9930 0.9930 0.6129 0.6129 0.6129 0.6129 0.9930 0.9930 0.6129
257 345 309 159 0.6129 0.6129 0.6129 0.9930 0.9930 0.9930 0.9930 0.9930 0.9930 0.6129 0.6129 0.6129 0.6129 0.6129 0.9930 0.9930
345 309 159 121 0.9930 0.6129 0.9930 0.9930 0.9930 0.6129 0.9930 0.6129 0.9930 0.6129 0.6129 0.6129 0.9930 0.9930 0.6129 0.6129
309 159 121 045 0.6129 0.6129 0.6129 0.6129 0.6129 0.6129 0.6129 0.6129 0.9930 0.9930 0.9930 0.6129 0.6129 0.9930 0.6129 0.6129
159 121 045 105 0.6129 0.6129 0.9930 0.9930 0.6129 0.9930 0.6129 0.9930 0.6129 0.6129 0.9930 0.6129 0.6129 0.6129 0.9930 0.6129
121 045 105 002 0.9930 0.6129 0.6129 0.6129 0.9930 0.6129 0.6129 0.9930 0.6129 0.6129 0.9930 0.9930 0.6129 0.9930 0.6129 0.9930
045 105 002 241 0.6129 0.9930 0.9930 0.6129 0.6129 0.9930 0.6129 0.6129 0.9930 0.6129 0.9930 0.9930 0.6129 0.9930 0.9930 0.9930
105 002 241 127 0.6129 0.9930 0.9930 0.9930 0.9930 0.6129 0.6129 0.9930 0.9930 0.9930 0.6129 0.6129 0.9930 0.9930 0.6129 0.9930
002 241 127 160 0.6129 0.9930 0.9930 0.6129 0.9930 0.6129 0.6129 0.9930 0.6129 0.6129 0.9930 0.6129 0.9930 0.9930 0.6129 0.6129
241 127 160 351 0.6129 0.6129 0.9930 0.9930 0.9930 0.9930 0.6129 0.9930 0.9930 0.9930 0.9930 0.9930 0.9930 0.9930 0.9930 0.9930
127 160 351 090 0.6129 0.9930 0.9930 0.9930 0.6129 0.6129 0.6129 0.6129 0.9930 0.6129 0.9930 0.6129 0.6129 0.9930 0.9930 0.6129
160 351 090 024 0.9930 0.6129 0.6129 0.9930 0.6129 0.9930 0.9930 0.9930 0.6129 0.6129 0.9930 0.6129 0.6129 0.6129 0.6129 0.6129
351 090 024 013 0.9930 0.9930 0.6129 0.9930 0.6129 0.9930 0.6129 0.6129 0.6129 0.6129 0.9930 0.6129 0.6129 0.6129 0.9930 0.9930
090 024 013 228 0.6129 0.6129 0.9930 0.6129 0.6129 0.9930 0.9930 0.6129 0.9930 0.9930 0.9930 0.6129 0.9930 0.6129 0.9930 0.6129
024 013 228 307 0.6129 0.6129 0.6129 0.6129 0.6129 0.6129 0.9930 0.6129 0.9930 0.6129 0.9930 0.6129 0.9930 0.9930 0.6129 0.6129
013 228 307 125 0.6129 0.9930 0.6129 0.9930 0.9930 0.6129 0.9930 0.9930 0.6129 0.6129 0.9930 0.6129 0.9930 0.9930 0.6129 0.6129
228 307 125 328 0.6129 0.6129 0.9930 0.9930 0.9930 0.9930 0.6129 0.9930 0.9930 0.9930 0.9930 0.6129 0.6129 0.9930 0.6129 0.6129
307 125 328 076 0.9930 0.6129 0.6129 0.9930 0.9930 0.6129 0.6129 0.6129 0.9930 0.9930 0.6129 0.6129 0.9930 0.9930 0.6129 0.9930
125 328 076 244 0.6129 0.6129 0.9930 0.9930 0.9930 0.6129 0.9930 0.6129 0.6129 0.6129 0.9930 0.9930 0.6129 0.9930 0.9930 0.6129
328 076 244 122 0.9930 0.9930 0.9930 0.9930 0.9930 0.6129 0.6129 0.9930 0.6129 0.6129 0.6129 0.6129 0.6129 0.9930 0.6129 0.6129
076 244 122 264 0.6129 0.6129 0.6129 0.9930 0.6129 0.6129 0.9930 0.9930 0.9930 0.9930 0.9930 0.9930 0.9930 0.9930 0.6129 0.6129
244 122 264 208 0.6129 0.6129 0.6129 0.9930 0.9930 0.6129 0.6129 0.6129 0.6129 0.6129 0.6129 0.9930 0.9930 0.6129 0.6129 0.6129
122 264 208 344 0.6129 0.9930 0.6129 0.9930 0.6129 0.9930 0.6129 0.9930 0.6129 0.6129 0.9930 0.6129 0.9930 0.6129 0.6129 0.6129
264 208 344 353 0.9930 0.6129 0.6129 0.6129 0.6129 0.9930 0.6129 0.6129 0.6129 0.6129 0.6129 0.6129 0.9930 0.6129 0.6129 0.6129
208 344 353 123 0.6129 0.9930 0.6129 0.9930 0.6129 0.9930 0.9930 0.9930 0.6129 0.9930 0.9930 0.6129 0.6129 0.6129 0.6129 0.6129
344 353 123 330 0.9930 0.9930 0.9930 0.6129 0.9930 0.6129 0.6129 0.6129 0.6129 0.9930 0.6129 0.9930 0.6129 0.6129 0.9930 0.6129
353 123 330 100 0.9930 0.9930 0.6129 0.9930 0.6129 0.9930 0.9930 0.6129 0.6129 0.9930 0.9930 0.6129 0.6129 0.9930 0.6129 0.6129
123 330 100 217 0.6129 0.6129 0.6129 0.9930 0.9930 0.9930 0.6129 0.9930 0.6129 0.9930 0.9930 0.6129 0.9930 0.6129 0.6129 0.9930
330 100 217 300 0.6129 0.6129 0.9930 0.9930 0.9930 0.6129 0.6129 0.9930 0.9930 0.6129 0.6129 0.6129 0.6129 0.9930 0.6129 0.6129
100 217 300 004 0.6129 0.6129 0.9930 0.6129 0.9930 0.9930 0.6129 0.9930 0.6129 0.9930 0.6129 0.9930 0.9930 0.6129 0.6129 0.9930
217 300 004 260 0.6129 0.9930 0.6129 0.6129 0.6129 0.6129 0.6129 0.6129 0.6129 0.6129 0.9930 0.6129 0.6129 0.6129 0.6129 0.6129
300 004 260 296 0.9930 0.6129 0.9930 0.6129 0.9930 0.9930 0.6129 0.6129 0.6129 0.9930 0.6129 0.9930 0.9930 0.9930 0.6129 0.6129
004 260 296 246 0.9930 0.9930 0.9930 0.9930 0.9930 0.9930 0.6129 0.6129 0.6129 0.9930 0.6129 0.9930 0.9930 0.9930 0.6129 0.6129
260 296 246 331 0.6129 0.9930 0.9930 0.9930 0.6129 0.6129 0.6129 0.9930 0.6129 0.6129 0.9930 0.9930 0.6129 0.6129 0.9930 0.6129
296 246 331 270 0.6129 0.6129 0.6129 0.6129 0.6129 0.6129 0.6129 0.6129 0.6129 0.6129 0.9930 0.6129 0.9930 0.6129 0.6129 0.9930
246 331 270 167 0.9930 0.9930 0.9930 0.9930 0.9930 0.6129 0.6129 0.9930 0.9930 0.6129 0.6129 0.6129 0.6129 0.6129 0.9930 0.6129
331 270 167 290 0.9930 0.9930 0.6129 0.9930 0.9930 0.6129 0.6129 0.9930 0.6129 0.9930 0.6129 0.6129 0.9930 0.9930 0.6129 0.6129
270 167 290 014 0.6129 0.9930 0.9930 0.9930 0.9930 0.9930 0.6129 0.9930 0.9930 0.6129 0.9930 0.9930 0.9930 0.9930 0.9930 0.6129
167 290 014 055 0.6129 0.9930 0.9930 0.9930 0.9930 0.6129 0.9930 0.9930 0.9930 0.6129 0.9930 0.6129 0.9930 0.6129 0.6129 0.6129
290 014 055 140 0.9930 0.9930 0.9930 0.9930 0.6129 0.6129 0.9930 0.6129 0.9930 0.9930 0.9930 0.9930 0.9930 0.9930 0.6129 0.9930
014 055 140 041 0.6129 0.9930 0.6129 0.9930 0.6129 0.6129 0.6129 0.6129 0.9930 0.9930 0.6129 0.6129 0.9930 0.6129 0.6129 0.9930
055 140 041 106 0.6129 0.6129 0.6129 0.9930 0.6129 0.6129 0.9930 0.9930 0.6129 0.9930 0.6129 0.6129 0.9930 0.6129 0.9930 0.9930
140 041 106 048 0.9930 0.9930 0.9930 0.9930 0.9930 0.9930 0.6129 0.6129 0.9930 0.9930 0.9930 0.9930 0.9930 0.6129 0.6129 0.6129
041 106 048 133 0.6129 0.6129 0.9930 0.9930 0.9930 0.9930 0.6129 0.9930 0.6129 0.9930 0.9930 0.9930 0.6129 0.9930 0.6129 0.6129
106 048 133 095 0.6129 0.9930 0.9930 0.6129 0.6129 0.9930 0.6129 0.6129 0.9930 0.6129 0.6129 0.6129 0.9930 0.6129 0.9930 0.6129
048 133 095 211 0.9930 0.9930 0.9930 0.9930 0.9930 0.9930 0.9930 0.6129 0.9930 0.9930 0.6129 0.6129 0.6129 0.6129 0.6129 0.9930
133 095 211 183 0.6129 0.6129 0.6129 0.9930 0.6129 0.6129 0.9930 0.6129 0.9930 0.6129 0.9930 0.6129 0.9930 0.6129 0.9930 0.6129
095 211 183 291 0.6129 0.6129 0.6129 0.6129 0.6129 0.9930 0.6129 0.9930 0.9930 0.6129 0.6129 0.6129 0.6129 0.6129 0.6129 0.9930
211 183 291 196 0.9930 0.9930 0.9930 0.6129 0.9930 0.9930 0.9930 0.9930 0.6129 0.9930 0.6129 0.9930 0.9930 0.6129 0.6129 0.6129
183 291 196 016 0.9930 0.6129 0.9930 0.6129 0.9930 0.6129 0.9930 0.9930 0.6129 0.6129 0.9930 0.9930 0.6129 0.9930 0.6129 0.6129
291 196 016 139 0.9930 0.6129 0.9930 0.6129 0.9930 0.9930 0.9930 0.9930 0.6129 0.9930 0.6129 0.9930 0.9930 0.9930 0.6129 0.9930
196 016 139 235 0.6129 0.6129 0.9930 0.6129 0.9930 0.9930 0.6129 0.6129 0.6129 0.6129 0.9930 0.9930 0.9930 0.9930 0.6129 0.6129
016 139 235 317 0.6129 0.6129 0.9930 0.9930 0.9930 0.9930 0.6129 0.6129 0.6129 0.6129 0.6129 0.6129 0.6129 0.9930 0.6129 0.6129
139 235 317 259 0.6129 0.6129 0.9930 0.6129 0.9930 0.6129 0.6129 0.9930 0.9930 0.6129 0.9930 0.6129 0.9930 0.6129 0.9930 0.6129
235 317 259 248 0.6129 0.9930 0.6129 0.9930 0.9930 0.9930 0.9930 0.9930 0.6129 0.6129 0.6129 0.6129 0.6129 0.6129 0.9930 0.9930
317 259 248 329 0.9930 0.9930 0.6129 0.6129 0.9930 0.9930 0.6129 0.9930 0.9930 0.6129 0.6129 0.6129 0.6129 0.9930 0.6129 0.6129
259 248 329 343 0.9930 0.6129 0.6129 0.6129 0.6129 0.6129 0.6129 0.6129 0.6129 0.6129 0.9930 0.6129 0.6129 0.9930 0.6129 0.6129
248 329 343 074 0.9930 0.6129 0.6129 0.6129 0.9930 0.6129 0.6129 0.6129 0.9930 0.6129 0.6129 0.9930 0.9930 0.9930 0.6129 0.9930
329 343 074 332 0.6129 0.6129 0.6129 0.6129 0.6129 0.9930 0.6129 0.9930 0.6129 0.6129 0.9930 0.9930 0.9930 0.6129 0.6129 0.9930
343 074 332 043 0.6129 0.6129 0.6129 0.9930 0.9930 0.9930 0.6129 0.6129 0.9930 0.9930 0.9930 0.6129 0.6129 0.9930 0.6129 0.6129
074 332 043 078 0.6129 0.9930 0.6129 0.6129 0.9930 0.9930 0.9930 0.6129 0.9930 0.9930 0.9930 0.6129 0.9930 0.9930 0.6129 0.6129
332 043 078 198 0.9930 0.9930 0.6129 0.9930 0.9930 0.9930 0.9930 0.6129 0.6129 0.9930 0.6129 0.6129 0.9930 0.9930 0.6129 0.6129
043 078 198 027 0.6129 0.6129 0.9930 0.9930 0.6129 0.9930 0.6129 0.9930 0.9930 0.9930 0.6129 0.6129 0.9930 0.6129 0.9930 0.9930
078 198 027 201 0.9930 0.9930 0.6129 0.6129 0.6129 0.6129 0.9930 0.9930 0.6129 0.9930 0.9930 0.9930 0.6129 0.6129 0.6129 0.6129
198 027 201 215 0.9930 0.6129 0.6129 0.9930 0.6129 0.9930 0.6129 0.9930 0.6129 0.9930 0.9930 0.6129 0.6129 0.9930 0.9930 0.9930
027 201 215 319 0.9930 0.6129 0.9930 0.6129 0.6129 0.9930 0.6129 0.9930 0.6129 0.9930 0.9930 0.9930 0.6129 0.9930 0.6129 0.9930
201 215 319 272 0.9930 0.6129 0.6129 0.9930 0.9930 0.9930 0.6129 0.9930 0.9930 0.9930 0.6129 0.6129 0.6129 0.9930 0.6129 0.6129
215 319 272 180 0.6129 0.6129 0.9930 0.9930 0.9930 0.9930 0.6129 0.6129 0.9930 0.6129 0.9930 0.9930 0.9930 0.9930 0.6129 0.6129
319 272 180 023 0.9930 0.6129 0.9930 0.6129 0.9930 0.6129 0.9930 0.9930 0.6129 0.6129 0.6129 0.6129 0.6129 0.9930 0.9930 0.9930
272 180 023 209 0.9930 0.9930 0.9930 0.9930 0.6129 0.6129 0.9930 0.6129 0.9930 0.9930 0.6129 0.6129 0.6129 0.9930 0.6129 0.9930
180 023 209 195 0.6129 0.6129 0.6129 0.9930 0.6129 0.6129 0.6129 0.6129 0.9930 0.6129 0.6129 0.9930 0.6129 0.9930 0.6129 0.9930
023 209 195 229 0.9930 0.9930 0.9930 0.9930 0.9930 0.6129 0.9930 0.9930 0.9930 0.6129 0.6129 0.9930 0.9930 0.9930 0.9930 0.6129
209 195 229 316 0.9930 0.9930 0.6129 0.9930 0.9930 0.9930 0.6129 0.6129 0.9930 0.6129 0.6129 0.6129 0.6129 0.9930 0.6129 0.6129
195 229 316 143 0.6129 0.6129 0.6129 0.6129 0.6129 0.6129 0.6129 0.6129 0.9930 0.9930 0.9930 0.6129 0.6129 0.9930 0.6129 0.9930
229 316 143 282 0.6129 0.6129 0.9930 0.6129 0.9930 0.9930 0.6129 0.6129 0.9930 0.9930 0.9930 0.9930 0.9930 0.9930 0.9930 0.6129
316 143 282 036 0.9930 0.6129 0.6129 0.9930 0.9930 0.9930 0.6129 0.9930 0.6129 0.6129 0.9930 0.6129 0.6129 0.6129 0.6129 0.6129
143 282 036 065 0.9930 0.6129 0.9930 0.6129 0.9930 0.9930 0.6129 0.9930 0.6129 0.6129 0.6129 0.9930 0.9930 0.9930 0.6129 0.6129
282 036 065 199 0.9930 0.9930 0.6129 0.9930 0.6129 0.9930 0.6129 0.9930 0.6129 0.9930 0.6129 0.9930 0.6129 0.9930 0.9930 0.9930
036 065 199 219 0.9930 0.6129 0.9930 0.6129 0.9930 0.6129 0.6129 0.9930 0.6129 0.9930 0.9930 0.6129 0.6129 0.6129 0.6129 0.9930
065 199 219 178 0.9930 0.9930 0.6129 0.9930 0.6129 0.9930 0.9930 0.9930 0.6129 0.6129 0.6129 0.6129 0.9930 0.9930 0.9930 0.6129
199 219 178 083 0.6129 0.6129 0.6129 0.9930 0.6129 0.9930 0.9930 0.6129 0.6129 0.6129 0.6129 0.9930 0.6129 0.9930 0.6129 0.6129
219 178 083 250 0.6129 0.6129 0.9930 0.6129 0.9930 0.6129 0.9930 0.9930 0.6129 0.6129 0.9930 0.6129 0.6129 0.9930 0.6129 0.9930
178 083 250 280 0.6129 0.6129 0.9930 0.6129 0.6129 0.9930 0.6129 0.9930 0.6129 0.6129 0.9930 0.6129 0.9930 0.6129 0.9930 0.9930
083 250 280 297 0.9930 0.6129 0.9930 0.6129 0.9930 0.9930 0.6129 0.6129 0.9930 0.9930 0.6129 0.9930 0.9930 0.6129 0.9930 0.9930
250 280 297 349 0.9930 0.6129 0.6129 0.9930 0.9930 0.9930 0.6129 0.9930 0.9930 0.9930 0.9930 0.6129 0.6129 0.9930 0.6129 0.6129
280 297 349 151 0.9930 0.9930 0.9930 0.6129 0.9930 0.6129 0.6129 0.6129 0.6129 0.6129 0.6129 0.9930 0.9930 0.6129 0.6129 0.6129
297 349 151 174 0.6129 0.9930 0.9930 0.9930 0.9930 0.9930 0.9930 0.6129 0.9930 0.9930 0.9930 0.9930 0.9930 0.9930 0.9930 0.9930
349 151 174 082 0.6129 0.6129 0.9930 0.6129 0.9930 0.6129 0.6129 0.9930 0.6129 0.9930 0.9930 0.6129 0.6129 0.9930 0.9930 0.6129
151 174 082 021 0.9930 0.6129 0.6129 0.9930 0.9930 0.6129 0.9930 0.6129 0.6129 0.6129 0.9930 0.6129 0.6129 0.9930 0.9930 0.9930
174 082 021 189 0.9930 0.6129 0.9930 0.9930 0.6129 0.6129 0.9930 0.6129 0.6129 0.9930 0.9930 0.9930 0.6129 0.6129 0.6129 0.6129
082 021 189 218 0.9930 0.6129 0.6129 0.6129 0.6129 0.6129 0.6129 0.6129 0.6129 0.9930 0.9930 0.9930 0.6129 0.9930 0.6129 0.9930
021 189 218 350 0.6129 0.6129 0.9930 0.6129 0.6129 0.6129 0.6129 0.6129 0.9930 0.9930 0.9930 0.6129 0.9930 0.6129 0.9930 0.6129
189 218 350 099 0.6129 0.9930 0.6129 0.9930 0.9930 0.9930 0.6129 0.6129 0.6129 0.9930 0.6129 0.6129 0.9930 0.6129 0.9930 0.9930
218 350 099 322 0.9930 0.9930 0.6129 0.9930 0.9930 0.9930 0.9930 0.9930 0.9930 0.9930 0.9930 0.6129 0.6129 0.6129 0.9930 0.6129
350 099 322 175 0.9930 0.9930 0.9930 0.9930 0.9930 0.9930 0.9930 0.9930 0.6129 0.6129 0.6129 0.6129 0.6129 0.9930 0.9930 0.6129
099 322 175 292 0.9930 0.6129 0.6129 0.9930 0.9930 0.6129 0.6129 0.6129 0.6129 0.6129 0.9930 0.6129 0.6129 0.6129 0.6129 0.6129
322 175 292 273 0.6129 0.9930 0.6129 0.6129 0.6129 0.6129 0.9930 0.6129 0.9930 0.6129 0.9930 0.9930 0.6129 0.6129 0.9930 0.6129
175 292 273 311 0.6129 0.9930 0.6129 0.6129 0.9930 0.6129 0.6129 0.9930 0.9930 0.6129 0.9930 0.9930 0.9930 0.9930 0.6129 0.9930
292 273 311 226 0.6129 0.9930 0.9930 0.6129 0.9930 0.6129 0.6129 0.6129 0.6129 0.6129 0.9930 0.9930 0.9930 0.9930 0.6129 0.9930
273 311 226 081 0.6129 0.9930 0.6129 0.6129 0.9930 0.6129 0.9930 0.9930 0.6129 0.6129 0.6129 0.9930 0.9930 0.9930 0.9930 0.6129
311 226 081 141 0.6129 0.9930 0.9930 0.6129 0.9930 0.9930 0.6129 0.9930 0.6129 0.6129 0.6129 0.9930 0.6129 0.6129 0.9930 0.9930
226 081 141 059 0.9930 0.9930 0.6129 0.6129 0.6129 0.6129 0.6129 0.6129 0.6129 0.6129 0.9930 0.6129 0.9930 0.6129 0.9930 0.9930
081 141 059 165 0.6129 0.6129 0.6129 0.6129 0.6129 0.6129 0.9930 0.9930 0.9930 0.6129 0.6129 0.9930 0.9930 0.6129 0.6129 0.9930
141 059 165 006 0.6129 0.9930 0.6129 0.6129 0.9930 0.6129 0.6129 0.9930 0.6129 0.6129 0.6129 0.9930 0.6129 0.6129 0.6129 0.6129
059 165 006 177 0.9930 0.6129 0.9930 0.9930 0.9930 0.9930 0.9930 0.9930 0.6129 0.6129 0.9930 0.6129 0.6129 0.9930 0.9930 0.6129
165 006 177 135 0.9930 0.6129 0.9930 0.6129 0.6129 0.9930 0.9930 0.9930 0.6129 0.9930 0.6129 0.6129 0.6129 0.9930 0.6129 0.9930
006 177 135 150 0.6129 0.6129 0.9930 0.9930 0.6129 0.6129 0.9930 0.6129 0.6129 0.6129 0.6129 0.6129 0.6129 0.9930 0.6129 0.6129
177 135 150 232 0.9930 0.6129 0.9930 0.9930 0.6129 0.6129 0.9930 0.9930 0.6129 0.6129 0.6129 0.9930 0.9930 0.6129 0.9930 0.9930
135 150 232 017 0.9930 0.9930 0.6129 0.6129 0.9930 0.9930 0.9930 0.6129 0.9930 0.6129 0.6129 0.9930 0.9930 0.9930 0.9930 0.6129
150 232 017 252 0.6129 0.9930 0.9930 0.6129 0.6129 0.6129 0.6129 0.9930 0.9930 0.9930 0.6129 0.6129 0.6129 0.9930 0.9930 0.9930
232 017 252 342 0.6129 0.9930 0.9930 0.9930 0.9930 0.6129 0.6129 0.9930 0.6129 0.9930 0.9930 0.9930 0.9930 0.9930 0.9930 0.6129
017 252 342 094 0.9930 0.6129 0.9930 0.6129 0.6129 0.9930 0.6129 0.9930 0.9930 0.6129 0.9930 0.9930 0.9930 0.6129 0.9930 0.9930
252 342 094 321 0.6129 0.6129 0.6129 0.9930 0.9930 0.6129 0.6129 0.6129 0.9930 0.6129 0.6129 0.6129 0.6129 0.6129 0.6129 0.6129
342 094 321 101 0.6129 0.6129 0.9930 0.9930 0.6129 0.6129 0.6129 0.6129 0.6129 0.6129 0.6129 0.6129 0.9930 0.9930 0.9930 0.9930
094 321 101 119 0.9930 0.9930 0.6129 0.9930 0.6129 0.6129 0.6129 0.6129 0.9930 0.6129 0.6129 0.6129 0.9930 0.6129 0.6129 0.9930
321 101 119 268 0.9930 0.6129 0.6129 0.9930 0.6129 0.9930 0.6129 0.6129 0.6129 0.9930 0.9930 0.9930 0.6129 0.6129 0.9930 0.6129
101 119 268 185 0.9930 0.6129 0.9930 0.6129 0.9930 0.9930 0.6129 0.9930 0.6129 0.6129 0.9930 0.6129 0.9930 0.6129 0.6129 0.6129
119 268 185 147 0.6129 0.6129 0.6129 0.6129 0.6129 0.9930 0.6129 0.9930 0.6129 0.6129 0.6129 0.6129 0.9930 0.6129 0.6129 0.6129
268 185 147 005 0.6129 0.9930 0.9930 0.9930 0.9930 0.9930 0.6129 0.9930 0.6129 0.9930 0.9930 0.9930 0.6129 0.9930 0.9930 0.9930
185 147 005 138 0.9930 0.9930 0.6129 0.6129 0.6129 0.6129 0.6129 0.6129 0.9930 0.9930 0.9930 0.6129 0.6129 0.6129 0.6129 0.9930
147 005 138 080 0.9930 0.9930 0.6129 0.6129 0.6129 0.6129 0.9930 0.9930 0.9930 0.6129 0.9930 0.9930 0.6129 0.9930 0.6129 0.6129
005 138 080 271 0.6129 0.6129 0.9930 0.6129 0.9930 0.6129 0.9930 0.6129 0.9930 0.6129 0.6129 0.9930 0.9930 0.9930 0.6129 0.9930
138 080 271 061 0.9930 0.9930 0.9930 0.6129 0.6129 0.9930 0.9930 0.9930 0.6129 0.6129 0.6129 0.9930 0.9930 0.6129 0.9930 0.9930
080 271 061 303 0.6129 0.9930 0.9930 0.9930 0.9930 0.6129 0.6129 0.6129 0.9930 0.6129 0.9930 0.6129 0.6129 0.9930 0.9930 0.6129
271 061 303 338 0.9930 0.6129 0.6129 0.9930 0.6129 0.6129 0.9930 0.9930 0.9930 0.9930 0.9930 0.6129 0.9930 0.9930 0.6129 0.6129
061 303 338 093 0.9930 0.9930 0.9930 0.6129 0.6129 0.6129 0.6129 0.9930 0.9930 0.6129 0.9930 0.6129 0.9930 0.9930 0.9930 0.9930
303 338 093 009 0.6129 0.9930 0.6129 0.9930 0.6129 0.9930 0.6129 0.6129 0.9930 0.6129 0.9930 0.9930 0.9930 0.6129 0.9930 0.6129
338 093 009 032 0.9930 0.6129 0.9930 0.9930 0.9930 0.9930 0.6129 0.6129 0.9930 0.6129 0.9930 0.9930 0.6129 0.6129 0.9930 0.9930
093 009 032 053 0.9930 0.9930 0.9930 0.6129 0.9930 0.9930 0.6129 0.6129 0.6129 0.9930 0.9930 0.6129 0.6129 0.6129 0.6129 0.6129
009 032 053 188 0.6129 0.6129 0.9930 0.6129 0.9930 0.6129 0.9930 0.9930 0.9930 0.6129 0.6129 0.6129 0.9930 0.9930 0.9930 0.9930
032 053 188 018 0.9930 0.9930 0.9930 0.6129 0.9930 0.6129 0.6129 0.6129 0.6129 0.9930 0.6129 0.6129 0.6129 0.6129 0.9930 0.9930
053 188 018 308 0.9930 0.6129 0.6129 0.6129 0.9930 0.9930 0.9930 0.6129 0.9930 0.9930 0.9930 0.9930 0.6129 0.9930 0.9930 0.9930
188 018 308 118 0.9930 0.9930 0.9930 0.6129 0.9930 0.6129 0.9930 0.9930 0.9930 0.9930 0.6129 0.6129 0.6129 0.6129 0.6129 0.6129
018 308 118 060 0.6129 0.9930 0.6129 0.6129 0.9930 0.9930 0.9930 0.6129 0.6129 0.9930 0.9930 0.6129 0.6129 0.6129 0.6129 0.9930
308 118 060 029 0.6129 0.9930 0.9930 0.9930 0.6129 0.6129 0.9930 0.9930 0.9930 0.6129 0.6129 0.6129 0.6129 0.9930 0.6129 0.9930
118 060 029 052 0.6129 0.9930 0.9930 0.9930 0.9930 0.6129 0.6129 0.9930 0.9930 0.6129 0.6129 0.9930 0.9930 0.6129 0.6129 0.6129
060 029 052 085 0.6129 0.6129 0.9930 0.9930 0.9930 0.6129 0.9930 0.6129 0.6129 0.6129 0.9930 0.9930 0.6129 0.6129 0.6129 0.6129
029 052 085 073 0.6129 0.6129 0.9930 0.9930 0.6129 0.9930 0.6129 0.9930 0.6129 0.9930 0.6129 0.6129 0.6129 0.6129 0.6129 0.6129
052 085 073 240 0.6129 0.9930 0.9930 0.6129 0.9930 0.9930 0.9930 0.6129 0.6129 0.9930 0.9930 0.6129 0.6129 0.9930 0.6129 0.9930
085 073 240 346 0.9930 0.6129 0.6129 0.6129 0.6129 0.9930 0.9930 0.6129 0.6129 0.9930 0.6129 0.6129 0.6129 0.6129 0.9930 0.6129
073 240 346 028 0.6129 0.9930 0.9930 0.6129 0.6129 0.9930 0.9930 0.9930 0.6129 0.6129 0.9930 0.9930 0.6129 0.9930 0.6129 0.9930
240 346 028 216 0.9930 0.9930 0.6129 0.6129 0.9930 0.9930 0.6129 0.6129 0.6129 0.9930 0.9930 0.9930 0.9930 0.9930 0.6129 0.6129
346 028 216 224 0.6129 0.6129 0.6129 0.6129 0.6129 0.9930 0.6129 0.9930 0.6129 0.6129 0.9930 0.9930 0.9930 0.6129 0.9930 0.9930
028 216 224 077 0.6129 0.6129 0.9930 0.9930 0.6129 0.9930 0.6129 0.9930 0.9930 0.6129 0.9930 0.6129 0.6129 0.6129 0.9930 0.6129
216 224 077 253 0.6129 0.9930 0.9930 0.6129 0.6129 0.6129 0.9930 0.9930 0.6129 0.9930 0.9930 0.9930 0.9930 0.6129 0.6129 0.6129
224 077 253 115 0.9930 0.6129 0.6129 0.6129 0.6129 0.6129 0.9930 0.6129 0.9930 0.6129 0.6129 0.6129 0.9930 0.6129 0.9930 0.6129
077 253 115 149 0.6129 0.9930 0.6129 0.6129 0.6129 0.6129 0.9930 0.6129 0.9930 0.6129 0.6129 0.9930 0.9930 0.6129 0.6129 0.9930
253 115 149 255 0.6129 0.9930 0.9930 0.9930 0.6129 0.6129 0.6129 0.9930 0.9930 0.9930 0.9930 0.9930 0.6129 0.9930 0.9930 0.6129
115 149 255 034 0.6129 0.9930 0.6129 0.9930 0.9930 0.6129 0.6129 0.6129 0.6129 0.9930 0.9930 0.6129 0.6129 0.6129 0.9930 0.9930
149 255 034 030 0.6129 0.9930 0.9930 0.9930 0.9930 0.6129 0.9930 0.9930 0.6129 0.6129 0.6129 0.6129 0.6129 0.9930 0.6129 0.9930
255 034 030 275 0.9930 0.9930 0.6129 0.9930 0.6129 0.6129 0.9930 0.9930 0.6129 0.6129 0.6129 0.6129 0.9930 0.6129 0.9930 0.9930
034 030 275 040 0.9930 0.6129 0.6129 0.9930 0.9930 0.6129 0.6129 0.9930 0.9930 0.6129 0.9930 0.9930 0.6129 0.6129 0.6129 0.9930
030 275 040 214 0.9930 0.9930 0.9930 0.9930 0.6129 0.6129 0.9930 0.9930 0.6129 0.9930 0.9930 0.9930 0.9930 0.6129 0.9930 0.9930
275 040 214 327 0.6129 0.9930 0.9930 0.6129 0.6129 0.9930 0.6129 0.9930 0.9930 0.6129 0.6129 0.9930 0.9930 0.9930 0.6129 0.9930
040 214 327 049 0.9930 0.6129 0.6129 0.6129 0.9930 0.6129 0.6129 0.6129 0.9930 0.6129 0.9930 0.6129 0.6129 0.6129 0.6129 0.9930
214 327 049 145 0.6129 0.9930 0.6129 0.6129 0.9930 0.9930 0.6129 0.6129 0.6129 0.9930 0.9930 0.6129 0.6129 0.9930 0.6129 0.6129
327 049 145 109 0.9930 0.6129 0.9930 0.6129 0.6129 0.9930 0.9930 0.6129 0.9930 0.9930 0.9930 0.6129 0.6129 0.9930 0.9930 0.6129
049 145 109 154 0.9930 0.6129 0.9930 0.9930 0.9930 0.9930 0.9930 0.6129 0.6129 0.6129 0.9930 0.6129 0.9930 0.6129 0.9930 0.9930
145 109 154 057 0.6129 0.6129 0.6129 0.6129 0.9930 0.9930 0.6129 0.6129 0.6129 0.9930 0.9930 0.9930 0.6129 0.6129 0.9930 0.9930
109 154 057 281 0.9930 0.9930 0.6129 0.6129 0.6129 0.9930 0.9930 0.9930 0.6129 0.9930 0.6129 0.9930 0.9930 0.6129 0.9930 0.9930
154 057 281 341 0.6129 0.9930 0.6129 0.6129 0.6129 0.9930 0.9930 0.9930 0.9930 0.9930 0.6129 0.9930 0.9930 0.6129 0.6129 0.9930
057 281 341 130 0.6129 0.6129 0.9930 0.9930 0.6129 0.9930 0.9930 0.6129 0.9930 0.6129 0.6129 0.9930 0.6129 0.6129 0.9930 0.9930
281 341 130 269 0.9930 0.9930 0.9930 0.6129 0.9930 0.6129 0.6129 0.9930 0.6129 0.9930 0.9930 0.6129 0.9930 0.6129 0.9930 0.9930
341 130 269 097 0.6129 0.9930 0.6129 0.6129 0.9930 0.6129 0.9930 0.9930 0.6129 0.9930 0.9930 0.6129 0.9930 0.9930 0.6129 0.6129
130 269 097 156 0.6129 0.6129 0.9930 0.9930 0.9930 0.6129 0.6129 0.6129 0.6129 0.6129 0.6129 0.6129 0.9930 0.9930 0.9930 0.9930
269 097 156 284 0.9930 0.9930 0.9930 0.6129 0.6129 0.6129 0.6129 0.9930 0.6129 0.6129 0.9930 0.9930 0.6129 0.9930 0.9930 0.9930
097 156 284 299 0.6129 0.9930 0.6129 0.9930 0.9930 0.9930 0.6129 0.6129 0.6129 0.9930 0.6129 0.6129 0.9930 0.6129 0.6129 0.6129
156 284 299 038 0.9930 0.6129 0.9930 0.6129 0.6129 0.9930 0.9930 0.9930 0.9930 0.9930 0.9930 0.9930 0.6129 0.9930 0.6129 0.6129
284 299 038 247 0.6129 0.6129 0.9930 0.9930 0.6129 0.6129 0.6129 0.6129 0.9930 0.9930 0.6129 0.6129 0.9930 0.6129 0.9930 0.6129
299 038 247 117 0.6129 0.9930 0.9930 0.6129 0.6129 0.6129 0.9930 0.6129 0.9930 0.6129 0.6129 0.6129 0.9930 0.9930 0.6129 0.6129
038 247 117 236 0.9930 0.9930 0.6129 0.9930 0.9930 0.6129 0.6129 0.6129 0.6129 0.6129 0.9930 0.9930 0.9930 0.9930 0.9930 0.9930
247 117 236 058 0.6129 0.9930 0.6129 0.9930 0.9930 0.6129 0.6129 0.9930 0.6129 0.6129 0.9930 0.9930 0.9930 0.9930 0.6129 0.9930
117 236 058 163 0.9930 0.6129 0.6129 0.6129 0.6129 0.9930 0.6129 0.6129 0.9930 0.6129 0.9930 0.9930 0.6129 0.6129 0.9930 0.9930
236 058 163 054 0.6129 0.9930 0.9930 0.6129 0.6129 0.6129 0.9930 0.6129 0.6129 0.6129 0.6129 0.6129 0.9930 0.9930 0.9930 0.9930
058 163 054 230 0.6129 0.9930 0.6129 0.6129 0.9930 0.6129 0.9930 0.6129 0.9930 0.6129 0.6129 0.6129 0.6129 0.9930 0.6129 0.9930
163 054 230 071 0.6129 0.9930 0.6129 0.9930 0.9930 0.6129 0.9930 0.9930 0.9930 0.9930 0.6129 0.6129 0.6129 0.9930 0.6129 0.9930
054 230 071 220 0.9930 0.9930 0.6129 0.9930 0.6129 0.6129 0.6129 0.6129 0.9930 0.9930 0.9930 0.6129 0.9930 0.9930 0.9930 0.9930
230 071 220 347 0.6129 0.9930 0.9930 0.9930 0.6129 0.9930 0.9930 0.9930 0.9930 0.9930 0.9930 0.6129 0.9930 0.9930 0.6129 0.6129
071 220 347 245 0.6129 0.6129 0.9930 0.9930 0.6129 0.6129 0.9930 0.9930 0.6129 0.9930 0.9930 0.9930 0.6129 0.6129 0.6129 0.9930
220 347 245 079 0.9930 0.6129 0.6129 0.9930 0.9930 0.9930 0.6129 0.6129 0.9930 0.6129 0.9930 0.9930 0.6129 0.9930 0.9930 0.6129
347 245 079 182 0.6129 0.6129 0.6129 0.6129 0.9930 0.6129 0.9930 0.6129 0.6129 0.9930 0.9930 0.6129 0.6129 0.9930 0.6129 0.9930
245 079 182 102 0.6129 0.9930 0.9930 0.9930 0.6129 0.9930 0.6129 0.6129 0.9930 0.6129 0.9930 0.6129 0.9930 0.9930 0.6129 0.9930
079 182 102 221 0.9930 0.9930 0.6129 0.6129 0.6129 0.9930 0.9930 0.9930 0.9930 0.6129 0.6129 0.6129 0.6129 0.9930 0.6129 0.9930
182 102 221 111 0.9930 0.9930 0.9930 0.9930 0.9930 0.6129 0.9930 0.6129 0.6129 0.9930 0.9930 0.9930 0.6129 0.6129 0.6129 0.9930
102 221 111 265 0.6129 0.9930 0.6129 0.6129 0.9930 0.9930 0.6129 0.6129 0.9930 0.9930 0.6129 0.9930 0.9930 0.9930 0.6129 0.6129
221 111 265 254 0.9930 0.6129 0.9930 0.6129 0.9930 0.9930 0.6129 0.6129 0.6129 0.9930 0.6129 0.9930 0.9930 0.9930 0.9930 0.6129
111 265 254 237 0.9930 0.9930 0.6129 0.6129 0.6129 0.9930 0.9930 0.6129 0.6129 0.9930 0.9930 0.9930 0.6129 0.9930 0.6129 0.6129
265 254 237 227 0.6129 0.9930 0.6129 0.9930 0.9930 0.9930 0.9930 0.6129 0.9930 0.9930 0.6129 0.6129 0.9930 0.9930 0.9930 0.6129
254 237 227 129 0.6129 0.6129 0.9930 0.6129 0.6129 0.6129 0.9930 0.6129 0.6129 0.6129 0.9930 0.6129 0.9930 0.9930 0.6129 0.6129
237 227 129 011 0.6129 0.6129 0.6129 0.9930 0.9930 0.9930 0.6129 0.9930 0.9930 0.6129 0.6129 0.6129 0.6129 0.9930 0.9930 0.9930
227 129 011 001 0.9930 0.6129 0.9930 0.9930 0.9930 0.6129 0.6129 0.6129 0.9930 0.6129 0.6129 0.9930 0.6129 0.6129 0.6129 0.6129
129 011 001 233 0.6129 0.9930 0.6129 0.6129 0.9930 0.9930 0.9930 0.6129 0.9930 0.9930 0.9930 0.9930 0.6129 0.6129 0.9930 0.6129
011 001 233 126 0.6129 0.6129 0.9930 0.6129 0.6129 0.9930 0.9930 0.9930 0.9930 0.6129 0.9930 0.9930 0.6129 0.9930 0.9930 0.6129
001 233 126 161 0.9930 0.6129 0.9930 0.6129 0.6129 0.9930 0.6129 0.6129 0.6129 0.9930 0.6129 0.6129 0.9930 0.9930 0.9930 0.9930
233 126 161 243 0.9930 0.9930 0.6129 0.6129 0.6129 0.6129 0.9930 0.9930 0.9930 0.9930 0.6129 0.9930 0.9930 0.9930 0.9930 0.6129
126 161 243 222 0.6129 0.9930 0.9930 0.6129 0.9930 0.6129 0.9930 0.9930 0.9930 0.6129 0.6129 0.6129 0.9930 0.6129 0.9930 0.9930
161 243 222 000 0.9930 0.9930 0.9930 0.9930 0.9930 0.9930 0.6129 0.9930 0.6129 0.6129 0.6129 0.9930 0.6129 0.6129 0.9930 0.6129
243 222 000 044 0.6129 0.9930 0.9930 0.6129 0.6129 0.6129 0.6129 0.9930 0.9930 0.6129 0.9930 0.6129 0.6129 0.6129 0.6129 0.9930
222 000 044 312 0.9930 0.9930 0.6129 0.6129 0.6129 0.9930 0.6129 0.9930 0.6129 0.9930 0.9930 0.9930 0.6129 0.9930 0.9930 0.9930
000 044 312 288 0.9930 0.6129 0.9930 0.9930 0.9930 0.9930 0.9930 0.6129 0.6129 0.6129 0.9930 0.9930 0.6129 0.6129 0.9930 0.9930
044 312 288 114 0.9930 0.6129 0.6129 0.9930 0.9930 0.9930 0.9930 0.9930 0.9930 0.9930 0.6129 0.9930 0.9930 0.6129 0.9930 0.6129
312 288 114 062 0.9930 0.6129 0.9930 0.6129 0.9930 0.9930 0.9930 0.9930 0.6129 0.9930 0.6129 0.6129 0.9930 0.6129 0.6129 0.6129
288 114 062 092 0.9930 0.6129 0.6129 0.6129 0.6129 0.9930 0.6129 0.9930 0.6129 0.9930 0.6129 0.6129 0.6129 0.6129 0.9930 0.9930
114 062 092 037 0.9930 0.9930 0.6129 0.6129 0.9930 0.6129 0.9930 0.9930 0.9930 0.6129 0.6129 0.9930 0.9930 0.6129 0.9930 0.6129
062 092 037 289 0.6129 0.6129 0.9930 0.6129 0.9930 0.6129 0.6129 0.9930 0.6129 0.6129 0.6129 0.6129 0.6129 0.6129 0.6129 0.6129
092 037 289 202 0.9930 0.9930 0.9930 0.6129 0.6129 0.6129 0.6129 0.6129 0.9930 0.6129 0.9930 0.6129 0.9930 0.9930 0.9930 0.6129
037 289 202 157 0.6129 0.6129 0.6129 0.9930 0.9930 0.6129 0.6129 0.6129 0.9930 0.6129 0.6129 0.9930 0.9930 0.9930 0.6129 0.6129
289 202 157 318 0.9930 0.9930 0.6129 0.9930 0.9930 0.6129 0.6129 0.9930 0.9930 0.9930 0.9930 0.9930 0.6129 0.9930 0.6129 0.9930
202 157 318 295 0.6129 0.6129 0.6129 0.6129 0.6129 0.9930 0.6129 0.9930 0.6129 0.9930 0.9930 0.6129 0.9930 0.9930 0.6129 0.9930
157 318 295 305 0.9930 0.9930 0.6129 0.6129 0.9930 0.9930 0.9930 0.6129 0.9930 0.9930 0.9930 0.9930 0.9930 0.6129 0.6129 0.6129
318 295 305 238 0.6129 0.9930 0.9930 0.6129 0.9930 0.6129 0.9930 0.9930 0.6129 0.9930 0.9930 0.6129 0.6129 0.6129 0.9930 0.9930
295 305 238 107 0.6129 0.6129 0.9930 0.9930 0.6129 0.6129 0.6129 0.9930 0.9930 0.6129 0.9930 0.6129 0.6129 0.9930 0.9930 0.6129
305 238 107 088 0.9930 0.6129 0.9930 0.9930 0.6129 0.9930 0.9930 0.6129 0.6129 0.9930 0.9930 0.9930 0.9930 0.9930 0.9930 0.6129
238 107 088 337 0.9930 0.9930 0.6129 0.9930 0.9930 0.9930 0.9930 0.6129 0.6129 0.6129 0.6129 0.9930 0.6129 0.6129 0.6129 0.6129
107 088 337 242 0.9930 0.9930 0.9930 0.9930 0.6129 0.6129 0.9930 0.9930 0.6129 0.6129 0.6129 0.6129 0.6129 0.6129 0.9930 0.9930
088 337 242 132 0.6129 0.9930 0.6129 0.6129 0.6129 0.9930 0.9930 0.9930 0.9930 0.9930 0.9930 0.6129 0.9930 0.6129 0.9930 0.6129
337 242 132 046 0.6129 0.6129 0.9930 0.9930 0.9930 0.9930 0.6129 0.6129 0.9930 0.9930 0.9930 0.9930 0.9930 0.9930 0.6129 0.6129
242 132 046 320 0.9930 0.9930 0.9930 0.9930 0.9930 0.9930 0.6129 0.9930 0.6129 0.9930 0.9930 0.6129 0.6129 0.9930 0.9930 0.6129
132 046 320 069 0.6129 0.9930 0.6129 0.9930 0.9930 0.6129 0.6129 0.6129 0.9930 0.6129 0.9930 0.6129 0.9930 0.9930 0.6129 0.9930
046 320 069 301 0.6129 0.9930 0.6129 0.6129 0.9930 0.6129 0.9930 0.6129 0.6129 0.6129 0.6129 0.6129 0.6129 0.9930 0.9930 0.9930
320 069 301 091 0.9930 0.9930 0.9930 0.6129 0.6129 0.6129 0.9930 0.6129 0.9930 0.9930 0.6129 0.9930 0.9930 0.6129 0.9930 0.6129
069 301 091 197 0.9930 0.9930 0.9930 0.6129 0.6129 0.9930 0.6129 0.9930 0.6129 0.9930 0.6129 0.9930 0.9930 0.6129 0.6129 0.9930
301 091 197 179 0.6129 0.6129 0.6129 0.6129 0.9930 0.6129 0.6129 0.6129 0.9930 0.9930 0.9930 0.9930 0.9930 0.6129 0.9930 0.9930
091 197 179 063 0.6129 0.9930 0.6129 0.9930 0.6129 0.6129 0.6129 0.6129 0.6129 0.6129 0.9930 0.6129 0.9930 0.9930 0.9930 0.9930
197 179 063 191 0.9930 0.6129 0.9930 0.9930 0.6129 0.6129 0.6129 0.9930 0.9930 0.6129 0.6129 0.9930 0.9930 0.9930 0.6129 0.9930
179 063 191 066 0.9930 0.6129 0.9930 0.6129 0.9930 0.6129 0.6129 0.6129 0.9930 0.6129 0.9930 0.6129 0.9930 0.9930 0.9930 0.6129
063 191 066 192 0.6129 0.9930 0.9930 0.6129 0.9930 0.6129 0.6129 0.9930 0.6129 0.6129 0.6129 0.9930 0.6129 0.6129 0.6129 0.6129
191 066 192 170 0.6129 0.9930 0.6129 0.9930 0.6129 0.6129 0.6129 0.6129 0.9930 0.9930 0.6129 0.6129 0.6129 0.6129 0.9930 0.9930
066 192 170 194 0.6129 0.6129 0.6129 0.6129 0.9930 0.9930 0.9930 0.6129 0.6129 0.6129 0.6129 0.9930 0.6129 0.6129 0.9930 0.6129
192 170 194 171 0.9930 0.9930 0.9930 0.9930 0.6129 0.9930 0.9930 0.9930 0.9930 0.6129 0.6129 0.6129 0.6129 0.6129 0.6129 0.6129
170 194 171 298 0.9930 0.6129 0.6129 0.6129 0.9930 0.6129 0.6129 0.9930 0.6129 0.9930 0.9930 0.9930 0.6129 0.6129 0.9930 0.9930
194 171 298 206 0.9930 0.9930 0.9930 0.9930 0.6129 0.6129 0.6129 0.6129 0.6129 0.9930 0.6129 0.9930 0.9930 0.9930 0.6129 0.9930
171 298 206 098 0.6129 0.9930 0.9930 0.9930 0.9930 0.9930 0.6129 0.9930 0.6129 0.6129 0.9930 0.9930 0.6129 0.9930 0.9930 0.6129
298 206 098 213 0.6129 0.9930 0.9930 0.9930 0.9930 0.6129 0.6129 0.6129 0.9930 0.9930 0.9930 0.9930 0.6129 0.9930 0.9930 0.9930
206 098 213 116 0.9930 0.9930 0.9930 0.9930 0.9930 0.9930 0.6129 0.6129 0.9930 0.9930 0.6129 0.6129 0.6129 0.9930 0.9930 0.6129
098 213 116 012 0.6129 0.9930 0.6129 0.9930 0.6129 0.9930 0.9930 0.6129 0.6129 0.9930 0.9930 0.9930 0.9930 0.9930 0.9930 0.6129
213 116 012 176 0.9930 0.6129 0.6129 0.6129 0.6129 0.9930 0.9930 0.6129 0.9930 0.9930 0.6129 0.6129 0.9930 0.9930 0.9930 0.6129
116 012 176 050 0.9930 0.6129 0.6129 0.6129 0.9930 0.9930 0.9930 0.9930 0.9930 0.6129 0.9930 0.9930 0.6129 0.6129 0.9930 0.9930
012 176 050 033 0.9930 0.6129 0.6129 0.9930 0.9930 0.6129 0.6129 0.9930 0.6129 0.6129 0.9930 0.6129 0.6129 0.9930 0.9930 0.6129
176 050 033 340 0.9930 0.6129 0.9930 0.6129 0.9930 0.6129 0.9930 0.9930 0.6129 0.6129 0.6129 0.6129 0.6129 0.9930 0.9930 0.6129
050 033 340 231 0.6129 0.9930 0.6129 0.9930 0.6129 0.6129 0.9930 0.6129 0.9930 0.9930 0.6129 0.6129 0.6129 0.9930 0.9930 0.6129
033 340 231 263 0.6129 0.6129 0.9930 0.9930 0.9930 0.9930 0.6129 0.6129 0.9930 0.6129 0.6129 0.9930 0.9930 0.6129 0.6129 0.9930
340 231 263 310 0.9930 0.6129 0.9930 0.9930 0.6129 0.6129 0.9930 0.9930 0.6129 0.6129 0.6129 0.9930 0.9930 0.6129 0.6129 0.6129
231 263 310 212 0.6129 0.6129 0.6129 0.9930 0.6129 0.6129 0.6129 0.9930 0.6129 0.9930 0.6129 0.9930 0.9930 0.6129 0.6129 0.6129
263 310 212 204 0.6129 0.6129 0.6129 0.9930 0.9930 0.9930 0.9930 0.9930 0.6129 0.9930 0.9930 0.6129 0.6129 0.6129 0.6129 0.9930
310 212 204 334 0.9930 0.6129 0.6129 0.6129 0.6129 0.9930 0.6129 0.6129 0.9930 0.6129 0.6129 0.6129 0.9930 0.6129 0.6129 0.6129
212 204 334 256 0.6129 0.9930 0.9930 0.6129 0.6129 0.6129 0.9930 0.9930 0.9930 0.6129 0.6129 0.9930 0.6129 0.9930 0.9930 0.6129
204 334 256 285 0.9930 0.9930 0.9930 0.6129 0.6129 0.9930 0.9930 0.6129 0.6129 0.6129 0.9930 0.9930 0.6129 0.9930 0.9930 0.6129
334 256 285 019 0.6129 0.9930 0.9930 0.6129 0.9930 0.9930 0.9930 0.9930 0.9930 0.6129 0.6129 0.6129 0.9930 0.9930 0.6129 0.9930
256 285 019 146 0.9930 0.9930 0.6129 0.9930 0.9930 0.9930 0.9930 0.9930 0.9930 0.9930 0.9930 0.6129 0.9930 0.9930 0.9930 0.9930
285 019 146 142 0.9930 0.6129 0.6129 0.9930 0.6129 0.9930 0.6129 0.9930 0.6129 0.6129 0.9930 0.6129 0.6129 0.6129 0.6129 0.6129
019 146 142 200 0.6129 0.6129 0.9930 0.6129 0.6129 0.6129 0.6129 0.9930 0.6129 0.9930 0.9930 0.9930 0.9930 0.6129 0.9930 0.9930
146 142 200 348 0.9930 0.6129 0.6129 0.9930 0.9930 0.6129 0.6129 0.6129 0.9930 0.9930 0.9930 0.6129 0.9930 0.6129 0.9930 0.6129
142 200 348 026 0.9930 0.9930 0.9930 0.6129 0.9930 0.9930 0.6129 0.9930 0.6129 0.6129 0.6129 0.6129 0.6129 0.9930 0.9930 0.9930
200 348 026 039 0.6129 0.6129 0.6129 0.6129 0.6129 0.9930 0.6129 0.9930 0.6129 0.6129 0.6129 0.6129 0.9930 0.6129 0.6129 0.6129
348 026 039 339 0.9930 0.6129 0.6129 0.9930 0.6129 0.9930 0.9930 0.9930 0.6129 0.9930 0.9930 0.9930 0.6129 0.6129 0.6129 0.9930
026 039 339 251 0.9930 0.6129 0.9930 0.9930 0.6129 0.9930 0.6129 0.9930 0.6129 0.6129 0.6129 0.9930 0.6129 0.9930 0.9930 0.9930
039 339 251 136 0.6129 0.6129 0.9930 0.9930 0.6129 0.9930 0.6129 0.9930 0.6129 0.9930 0.6129 0.6129 0.6129 0.6129 0.9930 0.6129
339 251 136 152 0.9930 0.9930 0.9930 0.6129 0.6129 0.6129 0.9930 0.9930 0.6129 0.6129 0.9930 0.9930 0.9930 0.6129 0.9930 0.6129
251 136 152 274 0.9930 0.9930 0.6129 0.9930 0.9930 0.6129 0.9930 0.9930 0.6129 0.9930 0.6129 0.6129 0.6129 0.9930 0.9930 0.6129
136 152 274 286 0.9930 0.6129 0.6129 0.6129 0.9930 0.6129 0.6129 0.9930 0.9930 0.6129 0.9930 0.6129 0.6129 0.9930 0.6129 0.9930
152 274 286 283 0.6129 0.6129 0.6129 0.6129 0.9930 0.6129 0.9930 0.6129 0.6129 0.9930 0.9930 0.9930 0.9930 0.6129 0.6129 0.6129
274 286 283 193 0.9930 0.6129 0.9930 0.9930 0.9930 0.6129 0.6129 0.6129 0.9930 0.9930 0.9930 0.9930 0.6129 0.9930 0.9930 0.9930
286 283 193 355 0.6129 0.9930 0.9930 0.9930 0.6129 0.6129 0.6129 0.6129 0.9930 0.6129 0.9930 0.6129 0.9930 0.9930 0.6129 0.6129
283 193 355 223 0.9930 0.6129 0.9930 0.6129 0.6129 0.6129 0.9930 0.6129 0.6129 0.9930 0.6129 0.9930 0.9930 0.6129 0.9930 0.9930
193 355 223 025 0.9930 0.9930 0.6129 0.6129 0.6129 0.9930 0.6129 0.9930 0.6129 0.9930 0.6129 0.9930 0.9930 0.9930 0.6129 0.9930
355 223 025 181 0.6129 0.6129 0.6129 0.9930 0.6129 0.9930 0.9930 0.6129 0.9930 0.9930 0.9930 0.6129 0.6129 0.6129 0.6129 0.6129
223 025 181 084 0.6129 0.9930 0.6129 0.9930 0.9930 0.9930 0.6129 0.6129 0.6129 0.9930 0.9930 0.6129 0.9930 0.6129 0.9930 0.9930
025 181 084 112 0.6129 0.6129 0.9930 0.9930 0.9930 0.9930 0.9930 0.9930 0.9930 0.6129 0.6129 0.9930 0.6129 0.6129 0.6129 0.6129
181 084 112 354 0.6129 0.9930 0.9930 0.9930 0.6129 0.9930 0.9930 0.6129 0.6129 0.6129 0.9930 0.9930 0.9930 0.6129 0.6129 0.6129
084 112 354 184 0.9930 0.9930 0.9930 0.6129 0.9930 0.9930 0.6129 0.9930 0.9930 0.6129 0.9930 0.9930 0.9930 0.6129 0.6129 0.6129
112 354 184 031 0.6129 0.9930 0.6129 0.6129 0.9930 0.9930 0.9930 0.9930 0.6129 0.9930 0.6129 0.6129 0.6129 0.6129 0.9930 0.6129
354 184 031 086 0.6129 0.9930 0.9930 0.6129 0.9930 0.6129 0.9930 0.6129 0.6129 0.9930 0.6129 0.9930 0.9930 0.9930 0.9930 0.9930
184 031 086 128 0.6129 0.6129 0.9930 0.6129 0.6129 0.6129 0.9930 0.9930 0.6129 0.9930 0.9930 0.9930 0.9930 0.6129 0.9930 0.6129
031 086 128 190 0.6129 0.6129 0.6129 0.6129 0.6129 0.6129 0.6129 0.9930 0.9930 0.9930 0.9930 0.6129 0.6129 0.6129 0.9930 0.6129
086 128 190 314 0.6129 0.6129 0.9930 0.6129 0.6129 0.9930 0.6129 0.9930 0.9930 0.9930 0.6129 0.9930 0.9930 0.6129 0.9930 0.6129
128 190 314 225 0.9930 0.6129 0.6129 0.9930 0.6129 0.9930 0.6129 0.9930 0.9930 0.9930 0.6129 0.9930 0.9930 0.9930 0.9930 0.9930
190 314 225 169 0.6129 0.6129 0.9930 0.9930 0.9930 0.6129 0.6129 0.6129 0.9930 0.9930 0.6129 0.9930 0.6129 0.9930 0.9930 0.9930
314 225 169 067 0.9930 0.6129 0.6129 0.6129 0.9930 0.6129 0.6129 0.9930 0.6129 0.6129 0.6129 0.9930 0.9930 0.9930 0.6129 0.6129
225 169 067 207 0.6129 0.6129 0.9930 0.6129 0.9930 0.9930 0.9930 0.6129 0.6129 0.6129 0.6129 0.9930 0.9930 0.6129 0.9930 0.6129
169 067 207 007 0.9930 0.9930 0.9930 0.9930 0.9930 0.6129 0.6129 0.6129 0.6129 0.9930 0.9930 0.6129 0.9930 0.9930 0.6129 0.9930
067 207 007 287 0.9930 0.9930 0.6129 0.6129 0.9930 0.6129 0.9930 0.6129 0.6129 0.6129 0.6129 0.6129 0.6129 0.6129 0.6129 0.6129
207 007 287 068 0.6129 0.9930 0.6129 0.9930 0.9930 0.9930 0.9930 0.9930 0.9930 0.6129 0.6129 0.6129 0.9930 0.9930 0.9930 0.9930
007 287 068 186 0.9930 0.6129 0.9930 0.6129 0.9930 0.6129 0.9930 0.9930 0.9930 0.9930 0.6129 0.6129 0.6129 0.9930 0.9930 0.9930
287 068 186 120 0.6129 0.9930 0.9930 0.9930 0.9930 0.9930 0.9930 0.9930 0.6129 0.9930 0.6129 0.9930 0.9930 0.6129 0.6129 0.9930
068 186 120 134 0.9930 0.9930 0.9930 0.9930 0.6129 0.6129 0.9930 0.9930 0.6129 0.9930 0.9930 0.9930 0.6129 0.6129 0.6129 0.6129
186 120 134 164 0.6129 0.9930 0.9930 0.6129 0.6129 0.9930 0.6129 0.9930 0.9930 0.9930 0.9930 0.6129 0.9930 0.6129 0.9930 0.6129
120 134 164 131 0.6129 0.6129 0.6129 0.9930 0.9930 0.9930 0.6129 0.6129 0.9930 0.9930 0.9930 0.9930 0.9930 0.6129 0.6129 0.9930
134 164 131 051 0.6129 0.6129 0.9930 0.9930 0.9930 0.9930 0.9930 0.9930 0.6129 0.6129 0.9930 0.9930 0.6129 0.6129 0.6129 0.9930
164 131 051 267 0.9930 0.9930 0.6129 0.6129 0.9930 0.9930 0.9930 0.9930 0.9930 0.9930 0.9930 0.6129 0.9930 0.9930 0.9930 0.9930
131 051 267 261 0.6129 0.6129 0.9930 0.6129 0.9930 0.9930 0.9930 0.9930 0.6129 0.9930 0.6129 0.6129 0.9930 0.6129 0.6129 0.6129
051 267 261 110 0.6129 0.6129 0.6129 0.6129 0.9930 0.9930 0.9930 0.9930 0.6129 0.9930 0.9930 0.9930 0.9930 0.6129 0.9930 0.9930
267 261 110 315 0.6129 0.9930 0.6129 0.6129 0.9930 0.9930 0.6129 0.6129 0.9930 0.9930 0.6129 0.6129 0.6129 0.9930 0.6129 0.9930
261 110 315 168 0.6129 0.9930 0.6129 0.6129 0.9930 0.9930 0.6129 0.9930 0.9930 0.6129 0.6129 0.9930 0.9930 0.6129 0.6129 0.6129
