356 031684 3
124 275 193 001 0.3246 0.0791 0.3246 0.3246 0.0791 0.3246 0.3246 0.0791 0.3246 0.3246 0.0791 0.0791 0.3246 0.3246 0.3246 0.0791
275 193 001 165 0.3246 0.3246 0.0791 0.0791 0.3246 0.0791 0.3246 0.0791 0.3246 0.3246 0.3246 0.0791 0.3246 0.0791 0.0791 0.0791
193 001 165 119 0.3246 0.3246 0.3246 0.3246 0.0791 0.0791 0.0791 0.3246 0.0791 0.3246 0.0791 0.0791 0.3246 0.3246 0.3246 0.3246
001 165 119 023 0.3246 0.3246 0.3246 0.0791 0.3246 0.3246 0.0791 0.3246 0.3246 0.3246 0.3246 0.3246 0.3246 0.3246 0.0791 0.0791
165 119 023 245 0.0791 0.0791 0.3246 0.3246 0.0791 0.3246 0.3246 0.0791 0.0791 0.3246 0.3246 0.3246 0.0791 0.3246 0.0791 0.3246
119 023 245 035 0.3246 0.3246 0.3246 0.0791 0.3246 0.0791 0.3246 0.3246 0.0791 0.3246 0.3246 0.0791 0.0791 0.0791 0.0791 0.3246
023 245 035 280 0.3246 0.3246 0.0791 0.3246 0.3246 0.3246 0.0791 0.0791 0.0791 0.3246 0.3246 0.3246 0.3246 0.0791 0.3246 0.0791
245 035 280 184 0.0791 0.0791 0.0791 0.0791 0.3246 0.3246 0.0791 0.0791 0.3246 0.0791 0.0791 0.3246 0.0791 0.3246 0.0791 0.3246
035 280 184 221 0.3246 0.0791 0.0791 0.3246 0.3246 0.3246 0.3246 0.3246 0.3246 0.3246 0.3246 0.3246 0.3246 0.0791 0.3246 0.0791
280 184 221 008 0.3246 0.3246 0.0791 0.3246 0.0791 0.3246 0.3246 0.3246 0.0791 0.3246 0.3246 0.0791 0.3246 0.3246 0.0791 0.0791
184 221 008 191 0.3246 0.0791 0.0791 0.3246 0.0791 0.0791 0.3246 0.3246 0.3246 0.3246 0.3246 0.0791 0.3246 0.0791 0.0791 0.3246
221 008 191 096 0.3246 0.0791 0.3246 0.3246 0.0791 0.3246 0.3246 0.0791 0.0791 0.3246 0.3246 0.0791 0.0791 0.0791 0.0791 0.0791
008 191 096 155 0.3246 0.0791 0.3246 0.0791 0.3246 0.3246 0.3246 0.3246 0.3246 0.0791 0.3246 0.3246 0.0791 0.0791 0.0791 0.3246
191 096 155 223 0.0791 0.0791 0.3246 0.0791 0.0791 0.3246 0.0791 0.0791 0.0791 0.3246 0.3246 0.3246 0.0791 0.3246 0.3246 0.3246
096 155 223 127 0.3246 0.3246 0.0791 0.0791 0.3246 0.0791 0.3246 0.0791 0.3246 0.0791 0.0791 0.0791 0.0791 0.0791 0.0791 0.0791
155 223 127 246 0.3246 0.3246 0.3246 0.3246 0.0791 0.3246 0.0791 0.0791 0.0791 0.0791 0.0791 0.0791 0.3246 0.0791 0.3246 0.3246
223 127 246 086 0.3246 0.3246 0.0791 0.3246 0.3246 0.0791 0.3246 0.3246 0.0791 0.3246 0.0791 0.0791 0.3246 0.3246 0.3246 0.0791
127 246 086 177 0.0791 0.3246 0.0791 0.3246 0.0791 0.0791 0.3246 0.0791 0.0791 0.0791 0.0791 0.3246 0.3246 0.3246 0.3246 0.0791
246 086 177 143 0.0791 0.0791 0.3246 0.3246 0.0791 0.0791 0.0791 0.0791 0.0791 0.0791 0.3246 0.3246 0.0791 0.0791 0.0791 0.3246
086 177 143 026 0.0791 0.3246 0.0791 0.0791 0.0791 0.3246 0.0791 0.3246 0.3246 0.3246 0.0791 0.3246 0.3246 0.0791 0.0791 0.0791
177 143 026 135 0.0791 0.0791 0.3246 0.0791 0.0791 0.0791 0.0791 0.0791 0.3246 0.3246 0.0791 0.0791 0.3246 0.0791 0.0791 0.3246
143 026 135 028 0.0791 0.0791 0.0791 0.0791 0.0791 0.0791 0.0791 0.0791 0.3246 0.0791 0.0791 0.3246 0.0791 0.3246 0.0791 0.3246
026 135 028 353 0.0791 0.0791 0.3246 0.0791 0.0791 0.3246 0.3246 0.0791 0.0791 0.0791 0.0791 0.3246 0.3246 0.0791 0.3246 0.3246
135 028 353 276 0.3246 0.3246 0.3246 0.0791 0.3246 0.0791 0.0791 0.0791 0.0791 0.3246 0.0791 0.3246 0.3246 0.3246 0.0791 0.0791
028 353 276 036 0.3246 0.0791 0.3246 0.0791 0.0791 0.3246 0.3246 0.3246 0.0791 0.0791 0.0791 0.3246 0.3246 0.3246 0.0791 0.0791
353 276 036 038 0.0791 0.0791 0.3246 0.0791 0.0791 0.3246 0.0791 0.0791 0.3246 0.0791 0.3246 0.3246 0.3246 0.0791 0.3246 0.3246
276 036 038 148 0.0791 0.0791 0.3246 0.3246 0.0791 0.0791 0.3246 0.3246 0.3246 0.3246 0.0791 0.0791 0.3246 0.0791 0.0791 0.0791
036 038 148 110 0.0791 0.3246 0.0791 0.0791 0.3246 0.0791 0.0791 0.3246 0.0791 0.0791 0.0791 0.3246 0.3246 0.3246 0.0791 0.3246
038 148 110 163 0.0791 0.3246 0.0791 0.0791 0.3246 0.0791 0.3246 0.3246 0.0791 0.0791 0.3246 0.3246 0.3246 0.0791 0.0791 0.3246
148 110 163 056 0.3246 0.0791 0.0791 0.0791 0.3246 0.0791 0.0791 0.3246 0.3246 0.0791 0.3246 0.3246 0.3246 0.3246 0.3246 0.3246
110 163 056 081 0.3246 0.3246 0.3246 0.0791 0.0791 0.0791 0.3246 0.3246 0.3246 0.3246 0.3246 0.0791 0.0791 0.3246 0.3246 0.3246
163 056 081 097 0.0791 0.0791 0.3246 0.0791 0.3246 0.3246 0.0791 0.0791 0.3246 0.3246 0.0791 0.3246 0.3246 0.3246 0.3246 0.3246
056 081 097 098 0.0791 0.0791 0.3246 0.3246 0.3246 0.3246 0.0791 0.0791 0.3246 0.3246 0.3246 0.3246 0.3246 0.3246 0.3246 0.3246
081 097 098 173 0.0791 0.3246 0.3246 0.0791 0.0791 0.3246 0.3246 0.3246 0.0791 0.3246 0.0791 0.0791 0.3246 0.0791 0.3246 0.0791
097 098 173 018 0.3246 0.3246 0.0791 0.0791 0.3246 0.0791 0.3246 0.3246 0.3246 0.3246 0.0791 0.3246 0.0791 0.0791 0.3246 0.0791
098 173 018 272 0.0791 0.0791 0.0791 0.3246 0.0791 0.0791 0.3246 0.3246 0.3246 0.3246 0.0791 0.0791 0.3246 0.0791 0.0791 0.0791
173 018 272 233 0.3246 0.0791 0.3246 0.3246 0.3246 0.0791 0.3246 0.0791 0.0791 0.3246 0.3246 0.3246 0.3246 0.3246 0.3246 0.0791
018 272 233 067 0.3246 0.3246 0.3246 0.3246 0.3246 0.3246 0.3246 0.0791 0.0791 0.0791 0.3246 0.0791 0.0791 0.0791 0.0791 0.0791
272 233 067 145 0.3246 0.0791 0.0791 0.3246 0.0791 0.0791 0.3246 0.3246 0.0791 0.3246 0.3246 0.3246 0.3246 0.3246 0.0791 0.3246
233 067 145 266 0.3246 0.3246 0.0791 0.3246 0.0791 0.3246 0.0791 0.0791 0.0791 0.0791 0.0791 0.3246 0.3246 0.0791 0.3246 0.3246
067 145 266 146 0.0791 0.3246 0.3246 0.0791 0.3246 0.0791 0.3246 0.3246 0.3246 0.0791 0.0791 0.0791 0.0791 0.3246 0.3246 0.3246
145 266 146 158 0.3246 0.0791 0.3246 0.3246 0.0791 0.0791 0.0791 0.3246 0.0791 0.0791 0.0791 0.0791 0.0791 0.0791 0.3246 0.0791
266 146 158 271 0.0791 0.3246 0.0791 0.3246 0.3246 0.0791 0.3246 0.3246 0.0791 0.3246 0.0791 0.3246 0.0791 0.0791 0.0791 0.3246
146 158 271 284 0.0791 0.3246 0.0791 0.3246 0.0791 0.0791 0.3246 0.0791 0.3246 0.3246 0.0791 0.3246 0.3246 0.3246 0.0791 0.3246
158 271 284 213 0.0791 0.3246 0.3246 0.0791 0.3246 0.3246 0.0791 0.3246 0.3246 0.3246 0.3246 0.3246 0.3246 0.0791 0.0791 0.3246
271 284 213 340 0.3246 0.3246 0.3246 0.3246 0.0791 0.3246 0.0791 0.0791 0.3246 0.3246 0.3246 0.0791 0.3246 0.0791 0.0791 0.0791
284 213 340 139 0.3246 0.0791 0.0791 0.3246 0.0791 0.3246 0.0791 0.0791 0.0791 0.3246 0.3246 0.3246 0.0791 0.0791 0.3246 0.0791
213 340 139 144 0.0791 0.3246 0.0791 0.0791 0.0791 0.0791 0.3246 0.0791 0.0791 0.0791 0.3246 0.0791 0.3246 0.0791 0.0791 0.3246
340 139 144 161 0.0791 0.3246 0.3246 0.0791 0.3246 0.0791 0.3246 0.3246 0.0791 0.3246 0.0791 0.0791 0.3246 0.3246 0.3246 0.3246
139 144 161 313 0.0791 0.0791 0.0791 0.0791 0.3246 0.0791 0.0791 0.0791 0.0791 0.3246 0.3246 0.0791 0.0791 0.3246 0.0791 0.0791
144 161 313 253 0.3246 0.3246 0.3246 0.3246 0.3246 0.0791 0.0791 0.3246 0.3246 0.0791 0.3246 0.0791 0.0791 0.0791 0.0791 0.3246
161 313 253 079 0.0791 0.0791 0.3246 0.0791 0.3246 0.3246 0.0791 0.3246 0.3246 0.3246 0.0791 0.0791 0.0791 0.0791 0.3246 0.3246
313 253 079 060 0.3246 0.0791 0.3246 0.0791 0.0791 0.3246 0.3246 0.3246 0.0791 0.3246 0.0791 0.0791 0.3246 0.0791 0.3246 0.3246
253 079 060 318 0.3246 0.0791 0.0791 0.0791 0.3246 0.0791 0.3246 0.0791 0.3246 0.0791 0.3246 0.3246 0.0791 0.3246 0.3246 0.3246
079 060 318 219 0.3246 0.0791 0.0791 0.3246 0.0791 0.3246 0.3246 0.3246 0.0791 0.0791 0.3246 0.0791 0.0791 0.0791 0.3246 0.3246
060 318 219 179 0.3246 0.3246 0.3246 0.3246 0.3246 0.0791 0.0791 0.0791 0.0791 0.0791 0.0791 0.3246 0.3246 0.3246 0.3246 0.0791
318 219 179 027 0.3246 0.3246 0.0791 0.3246 0.0791 0.0791 0.3246 0.3246 0.3246 0.3246 0.0791 0.3246 0.0791 0.3246 0.3246 0.3246
219 179 027 307 0.3246 0.3246 0.0791 0.3246 0.3246 0.0791 0.0791 0.3246 0.0791 0.3246 0.3246 0.3246 0.3246 0.3246 0.3246 0.0791
179 027 307 005 0.3246 0.3246 0.0791 0.3246 0.0791 0.3246 0.0791 0.3246 0.0791 0.0791 0.0791 0.3246 0.3246 0.3246 0.3246 0.3246
027 307 005 332 0.3246 0.3246 0.3246 0.3246 0.3246 0.3246 0.0791 0.0791 0.0791 0.0791 0.0791 0.3246 0.3246 0.3246 0.3246 0.0791
307 005 332 252 0.3246 0.3246 0.0791 0.0791 0.0791 0.3246 0.3246 0.3246 0.0791 0.3246 0.0791 0.0791 0.0791 0.0791 0.0791 0.0791
005 332 252 015 0.0791 0.3246 0.0791 0.0791 0.0791 0.0791 0.3246 0.3246 0.0791 0.0791 0.3246 0.3246 0.0791 0.3246 0.0791 0.3246
332 252 015 220 0.3246 0.3246 0.3246 0.3246 0.3246 0.0791 0.3246 0.3246 0.0791 0.0791 0.3246 0.3246 0.0791 0.3246 0.3246 0.3246
252 015 220 156 0.0791 0.3246 0.3246 0.3246 0.3246 0.0791 0.0791 0.3246 0.0791 0.3246 0.0791 0.0791 0.3246 0.0791 0.3246 0.0791
015 220 156 160 0.3246 0.0791 0.0791 0.3246 0.3246 0.0791 0.3246 0.3246 0.3246 0.3246 0.3246 0.3246 0.3246 0.3246 0.0791 0.3246
220 156 160 331 0.0791 0.0791 0.0791 0.0791 0.3246 0.3246 0.3246 0.3246 0.0791 0.0791 0.0791 0.0791 0.0791 0.3246 0.0791 0.3246
156 160 331 262 0.0791 0.3246 0.0791 0.3246 0.0791 0.0791 0.3246 0.3246 0.0791 0.3246 0.3246 0.0791 0.0791 0.0791 0.0791 0.3246
160 331 262 107 0.0791 0.3246 0.3246 0.3246 0.3246 0.0791 0.3246 0.3246 0.3246 0.3246 0.0791 0.0791 0.0791 0.3246 0.0791 0.3246
331 262 107 054 0.3246 0.3246 0.0791 0.3246 0.0791 0.0791 0.3246 0.3246 0.3246 0.0791 0.0791 0.3246 0.3246 0.0791 0.0791 0.3246
262 107 054 289 0.3246 0.3246 0.0791 0.0791 0.0791 0.0791 0.3246 0.0791 0.3246 0.0791 0.0791 0.0791 0.0791 0.0791 0.0791 0.3246
107 054 289 347 0.0791 0.0791 0.0791 0.3246 0.3246 0.0791 0.3246 0.0791 0.0791 0.3246 0.3246 0.3246 0.0791 0.3246 0.0791 0.0791
054 289 347 229 0.0791 0.0791 0.3246 0.3246 0.0791 0.3246 0.0791 0.3246 0.0791 0.0791 0.0791 0.0791 0.3246 0.3246 0.3246 0.0791
289 347 229 228 0.3246 0.0791 0.3246 0.3246 0.3246 0.3246 0.0791 0.3246 0.3246 0.3246 0.0791 0.0791 0.3246 0.0791 0.0791 0.0791
347 229 228 310 0.0791 0.3246 0.0791 0.3246 0.3246 0.3246 0.0791 0.3246 0.0791 0.0791 0.0791 0.0791 0.0791 0.3246 0.3246 0.0791
229 228 310 078 0.3246 0.0791 0.3246 0.0791 0.3246 0.3246 0.0791 0.3246 0.3246 0.3246 0.0791 0.0791 0.3246 0.3246 0.0791 0.0791
228 310 078 041 0.0791 0.3246 0.3246 0.3246 0.0791 0.3246 0.0791 0.3246 0.3246 0.3246 0.3246 0.3246 0.3246 0.0791 0.0791 0.0791
310 078 041 257 0.0791 0.3246 0.3246 0.0791 0.0791 0.3246 0.3246 0.0791 0.3246 0.0791 0.0791 0.0791 0.0791 0.3246 0.3246 0.0791
078 041 257 326 0.3246 0.3246 0.0791 0.3246 0.0791 0.3246 0.0791 0.0791 0.3246 0.3246 0.3246 0.0791 0.3246 0.3246 0.3246 0.3246
041 257 326 089 0.3246 0.3246 0.0791 0.0791 0.3246 0.0791 0.0791 0.3246 0.0791 0.0791 0.0791 0.3246 0.0791 0.3246 0.3246 0.3246
257 326 089 176 0.0791 0.3246 0.0791 0.3246 0.3246 0.0791 0.3246 0.3246 0.3246 0.3246 0.0791 0.0791 0.3246 0.3246 0.0791 0.0791
326 089 176 205 0.3246 0.0791 0.3246 0.3246 0.3246 0.0791 0.3246 0.3246 0.3246 0.0791 0.3246 0.0791 0.0791 0.3246 0.0791 0.3246
089 176 205 302 0.0791 0.0791 0.3246 0.3246 0.0791 0.0791 0.3246 0.0791 0.3246 0.3246 0.0791 0.3246 0.3246 0.0791 0.3246 0.3246
176 205 302 075 0.0791 0.3246 0.0791 0.0791 0.0791 0.0791 0.3246 0.3246 0.3246 0.3246 0.0791 0.3246 0.3246 0.3246 0.0791 0.3246
205 302 075 236 0.0791 0.0791 0.3246 0.0791 0.3246 0.0791 0.0791 0.0791 0.3246 0.0791 0.3246 0.0791 0.0791 0.0791 0.3246 0.0791
302 075 236 083 0.3246 0.0791 0.0791 0.0791 0.3246 0.3246 0.0791 0.3246 0.0791 0.0791 0.3246 0.3246 0.0791 0.0791 0.0791 0.0791
075 236 083 338 0.0791 0.0791 0.3246 0.3246 0.3246 0.0791 0.3246 0.3246 0.3246 0.3246 0.3246 0.0791 0.3246 0.3246 0.0791 0.3246
236 083 338 076 0.3246 0.3246 0.0791 0.0791 0.0791 0.0791 0.0791 0.0791 0.3246 0.0791 0.0791 0.0791 0.3246 0.3246 0.3246 0.0791
083 338 076 342 0.0791 0.0791 0.3246 0.0791 0.0791 0.3246 0.0791 0.0791 0.0791 0.3246 0.0791 0.3246 0.0791 0.0791 0.3246 0.3246
338 076 342 269 0.0791 0.3246 0.0791 0.0791 0.3246 0.0791 0.3246 0.3246 0.3246 0.3246 0.0791 0.0791 0.3246 0.3246 0.0791 0.3246
076 342 269 147 0.0791 0.3246 0.0791 0.0791 0.3246 0.3246 0.3246 0.3246 0.0791 0.3246 0.0791 0.0791 0.3246 0.3246 0.0791 0.3246
342 269 147 068 0.3246 0.0791 0.0791 0.0791 0.3246 0.3246 0.3246 0.3246 0.0791 0.0791 0.3246 0.0791 0.0791 0.0791 0.0791 0.3246
269 147 068 291 0.3246 0.3246 0.3246 0.3246 0.0791 0.0791 0.0791 0.0791 0.3246 0.0791 0.3246 0.0791 0.3246 0.0791 0.3246 0.0791
147 068 291 058 0.3246 0.0791 0.3246 0.3246 0.3246 0.3246 0.3246 0.0791 0.0791 0.3246 0.0791 0.0791 0.3246 0.3246 0.0791 0.0791
068 291 058 254 0.3246 0.0791 0.3246 0.3246 0.0791 0.3246 0.0791 0.0791 0.0791 0.3246 0.3246 0.3246 0.3246 0.3246 0.0791 0.0791
291 058 254 325 0.0791 0.0791 0.3246 0.0791 0.3246 0.3246 0.3246 0.0791 0.3246 0.3246 0.3246 0.3246 0.3246 0.0791 0.3246 0.0791
058 254 325 270 0.0791 0.3246 0.3246 0.3246 0.0791 0.3246 0.3246 0.0791 0.3246 0.0791 0.0791 0.3246 0.0791 0.0791 0.3246 0.0791
254 325 270 117 0.3246 0.3246 0.3246 0.3246 0.3246 0.0791 0.3246 0.3246 0.3246 0.3246 0.0791 0.3246 0.0791 0.3246 0.3246 0.3246
325 270 117 235 0.0791 0.3246 0.0791 0.3246 0.3246 0.3246 0.0791 0.0791 0.3246 0.3246 0.3246 0.3246 0.3246 0.3246 0.3246 0.0791
270 117 235 344 0.3246 0.3246 0.0791 0.3246 0.0791 0.0791 0.3246 0.0791 0.0791 0.3246 0.0791 0.0791 0.0791 0.0791 0.0791 0.0791
117 235 344 300 0.3246 0.3246 0.3246 0.3246 0.0791 0.0791 0.0791 0.3246 0.0791 0.3246 0.0791 0.0791 0.3246 0.0791 0.0791 0.0791
235 344 300 153 0.3246 0.0791 0.0791 0.0791 0.3246 0.3246 0.0791 0.0791 0.3246 0.3246 0.0791 0.0791 0.0791 0.0791 0.3246 0.3246
344 300 153 106 0.0791 0.3246 0.0791 0.3246 0.0791 0.3246 0.3246 0.3246 0.3246 0.0791 0.0791 0.0791 0.0791 0.3246 0.0791 0.3246
300 153 106 297 0.0791 0.3246 0.3246 0.3246 0.0791 0.3246 0.0791 0.3246 0.3246 0.3246 0.0791 0.0791 0.3246 0.3246 0.3246 0.0791
153 106 297 108 0.3246 0.3246 0.3246 0.3246 0.0791 0.3246 0.0791 0.3246 0.3246 0.0791 0.0791 0.0791 0.0791 0.3246 0.0791 0.0791
106 297 108 204 0.3246 0.3246 0.0791 0.0791 0.0791 0.3246 0.0791 0.3246 0.0791 0.3246 0.0791 0.3246 0.0791 0.3246 0.0791 0.3246
297 108 204 329 0.0791 0.0791 0.0791 0.0791 0.0791 0.0791 0.3246 0.3246 0.0791 0.0791 0.0791 0.0791 0.0791 0.0791 0.3246 0.3246
108 204 329 234 0.0791 0.3246 0.3246 0.0791 0.0791 0.0791 0.0791 0.0791 0.3246 0.0791 0.3246 0.3246 0.0791 0.3246 0.3246 0.0791
204 329 234 046 0.3246 0.3246 0.0791 0.0791 0.3246 0.3246 0.0791 0.0791 0.3246 0.3246 0.3246 0.0791 0.0791 0.0791 0.0791 0.0791
329 234 046 274 0.3246 0.0791 0.3246 0.0791 0.0791 0.3246 0.3246 0.3246 0.0791 0.3246 0.0791 0.3246 0.3246 0.3246 0.0791 0.3246
234 046 274 151 0.3246 0.0791 0.3246 0.0791 0.0791 0.3246 0.3246 0.3246 0.3246 0.0791 0.0791 0.0791 0.0791 0.0791 0.0791 0.3246
046 274 151 285 0.3246 0.3246 0.0791 0.3246 0.0791 0.0791 0.3246 0.0791 0.0791 0.0791 0.0791 0.3246 0.0791 0.3246 0.0791 0.0791
274 151 285 162 0.3246 0.3246 0.3246 0.0791 0.0791 0.0791 0.3246 0.3246 0.0791 0.3246 0.3246 0.0791 0.0791 0.3246 0.0791 0.0791
151 285 162 298 0.0791 0.0791 0.0791 0.3246 0.3246 0.3246 0.0791 0.0791 0.3246 0.0791 0.3246 0.3246 0.3246 0.3246 0.3246 0.0791
285 162 298 059 0.0791 0.0791 0.3246 0.0791 0.0791 0.3246 0.0791 0.0791 0.0791 0.3246 0.0791 0.3246 0.0791 0.3246 0.0791 0.3246
162 298 059 084 0.0791 0.0791 0.0791 0.3246 0.3246 0.0791 0.0791 0.0791 0.0791 0.0791 0.0791 0.3246 0.3246 0.3246 0.3246 0.3246
298 059 084 063 0.0791 0.3246 0.3246 0.3246 0.3246 0.0791 0.0791 0.3246 0.3246 0.3246 0.0791 0.3246 0.3246 0.3246 0.3246 0.0791
059 084 063 049 0.3246 0.3246 0.3246 0.3246 0.3246 0.0791 0.0791 0.3246 0.0791 0.0791 0.0791 0.0791 0.3246 0.0791 0.3246 0.0791
084 063 049 186 0.0791 0.3246 0.0791 0.3246 0.3246 0.0791 0.0791 0.3246 0.3246 0.3246 0.0791 0.0791 0.3246 0.3246 0.0791 0.3246
063 049 186 088 0.3246 0.3246 0.0791 0.0791 0.0791 0.0791 0.0791 0.0791 0.0791 0.0791 0.3246 0.3246 0.0791 0.0791 0.0791 0.3246
049 186 088 157 0.3246 0.0791 0.3246 0.0791 0.3246 0.3246 0.3246 0.3246 0.0791 0.3246 0.0791 0.3246 0.0791 0.0791 0.0791 0.0791
186 088 157 187 0.3246 0.3246 0.3246 0.3246 0.0791 0.0791 0.0791 0.0791 0.0791 0.0791 0.3246 0.3246 0.0791 0.3246 0.3246 0.0791
088 157 187 231 0.0791 0.0791 0.0791 0.0791 0.0791 0.3246 0.0791 0.3246 0.3246 0.3246 0.0791 0.0791 0.3246 0.0791 0.3246 0.3246
157 187 231 074 0.3246 0.3246 0.0791 0.3246 0.3246 0.0791 0.0791 0.0791 0.3246 0.3246 0.0791 0.3246 0.0791 0.3246 0.3246 0.0791
187 231 074 090 0.0791 0.3246 0.3246 0.0791 0.0791 0.0791 0.3246 0.0791 0.0791 0.0791 0.0791 0.0791 0.3246 0.0791 0.0791 0.3246
231 074 090 316 0.0791 0.3246 0.3246 0.3246 0.3246 0.0791 0.0791 0.0791 0.3246 0.3246 0.3246 0.3246 0.0791 0.0791 0.3246 0.3246
074 090 316 263 0.0791 0.0791 0.3246 0.0791 0.3246 0.0791 0.3246 0.3246 0.0791 0.3246 0.0791 0.0791 0.0791 0.0791 0.3246 0.3246
090 316 263 062 0.3246 0.3246 0.0791 0.3246 0.3246 0.3246 0.3246 0.0791 0.0791 0.3246 0.0791 0.0791 0.3246 0.0791 0.3246 0.3246
316 263 062 286 0.0791 0.0791 0.3246 0.0791 0.0791 0.3246 0.3246 0.0791 0.3246 0.3246 0.0791 0.3246 0.3246 0.0791 0.3246 0.0791
263 062 286 120 0.3246 0.0791 0.0791 0.0791 0.3246 0.0791 0.0791 0.0791 0.0791 0.0791 0.0791 0.3246 0.3246 0.3246 0.3246 0.3246
062 286 120 241 0.0791 0.0791 0.0791 0.3246 0.3246 0.3246 0.0791 0.3246 0.0791 0.0791 0.3246 0.0791 0.0791 0.3246 0.0791 0.3246
286 120 241 222 0.0791 0.3246 0.3246 0.0791 0.0791 0.3246 0.3246 0.0791 0.0791 0.3246 0.0791 0.0791 0.3246 0.0791 0.3246 0.0791
120 241 222 030 0.0791 0.3246 0.3246 0.0791 0.3246 0.0791 0.0791 0.0791 0.3246 0.3246 0.3246 0.3246 0.0791 0.0791 0.3246 0.3246
241 222 030 190 0.0791 0.3246 0.3246 0.0791 0.0791 0.3246 0.3246 0.0791 0.0791 0.3246 0.0791 0.0791 0.3246 0.0791 0.3246 0.0791
222 030 190 105 0.3246 0.3246 0.3246 0.0791 0.3246 0.0791 0.3246 0.3246 0.0791 0.3246 0.0791 0.3246 0.3246 0.3246 0.0791 0.3246
030 190 105 080 0.3246 0.0791 0.3246 0.3246 0.0791 0.0791 0.0791 0.3246 0.3246 0.0791 0.3246 0.3246 0.3246 0.0791 0.3246 0.3246
190 105 080 279 0.3246 0.0791 0.0791 0.0791 0.0791 0.0791 0.0791 0.0791 0.3246 0.3246 0.0791 0.0791 0.0791 0.3246 0.0791 0.3246
105 080 279 181 0.0791 0.0791 0.0791 0.0791 0.3246 0.0791 0.3246 0.0791 0.0791 0.3246 0.0791 0.3246 0.3246 0.3246 0.3246 0.3246
080 279 181 322 0.3246 0.3246 0.3246 0.0791 0.3246 0.3246 0.3246 0.3246 0.0791 0.0791 0.3246 0.0791 0.3246 0.3246 0.0791 0.3246
279 181 322 315 0.0791 0.3246 0.0791 0.0791 0.3246 0.0791 0.3246 0.3246 0.0791 0.0791 0.0791 0.0791 0.0791 0.3246 0.3246 0.0791
181 322 315 192 0.0791 0.3246 0.3246 0.3246 0.0791 0.0791 0.3246 0.3246 0.0791 0.3246 0.3246 0.3246 0.0791 0.3246 0.3246 0.0791
322 315 192 103 0.0791 0.0791 0.0791 0.3246 0.3246 0.0791 0.0791 0.0791 0.0791 0.0791 0.0791 0.0791 0.3246 0.0791 0.0791 0.0791
315 192 103 070 0.3246 0.0791 0.0791 0.0791 0.3246 0.3246 0.0791 0.0791 0.0791 0.3246 0.3246 0.0791 0.3246 0.0791 0.3246 0.3246
192 103 070 244 0.0791 0.3246 0.0791 0.3246 0.3246 0.0791 0.0791 0.3246 0.3246 0.3246 0.3246 0.0791 0.0791 0.0791 0.0791 0.3246
103 070 244 203 0.3246 0.3246 0.3246 0.0791 0.0791 0.0791 0.3246 0.0791 0.3246 0.3246 0.0791 0.0791 0.3246 0.0791 0.3246 0.3246
070 244 203 100 0.0791 0.3246 0.0791 0.3246 0.3246 0.0791 0.0791 0.0791 0.3246 0.0791 0.0791 0.0791 0.0791 0.0791 0.3246 0.0791
244 203 100 164 0.0791 0.3246 0.3246 0.3246 0.0791 0.0791 0.0791 0.3246 0.3246 0.0791 0.0791 0.3246 0.3246 0.0791 0.3246 0.0791
203 100 164 308 0.3246 0.3246 0.0791 0.3246 0.0791 0.0791 0.3246 0.3246 0.3246 0.3246 0.0791 0.3246 0.0791 0.3246 0.0791 0.0791
100 164 308 238 0.0791 0.0791 0.3246 0.3246 0.0791 0.3246 0.0791 0.0791 0.0791 0.3246 0.3246 0.0791 0.3246 0.3246 0.0791 0.3246
164 308 238 141 0.0791 0.3246 0.0791 0.0791 0.3246 0.0791 0.0791 0.0791 0.3246 0.3246 0.3246 0.3246 0.3246 0.3246 0.0791 0.0791
308 238 141 065 0.3246 0.3246 0.0791 0.0791 0.0791 0.0791 0.3246 0.0791 0.0791 0.0791 0.3246 0.0791 0.3246 0.0791 0.3246 0.0791
238 141 065 349 0.0791 0.3246 0.3246 0.3246 0.3246 0.0791 0.0791 0.0791 0.0791 0.3246 0.3246 0.0791 0.3246 0.3246 0.3246 0.0791
141 065 349 122 0.3246 0.0791 0.3246 0.3246 0.3246 0.3246 0.0791 0.3246 0.3246 0.0791 0.0791 0.3246 0.3246 0.3246 0.0791 0.0791
065 349 122 249 0.3246 0.0791 0.0791 0.3246 0.0791 0.3246 0.0791 0.0791 0.0791 0.0791 0.3246 0.0791 0.0791 0.3246 0.0791 0.0791
349 122 249 123 0.0791 0.0791 0.3246 0.3246 0.0791 0.3246 0.3246 0.3246 0.3246 0.3246 0.0791 0.3246 0.3246 0.0791 0.0791 0.0791
122 249 123 303 0.0791 0.3246 0.0791 0.3246 0.3246 0.3246 0.0791 0.0791 0.0791 0.0791 0.0791 0.3246 0.0791 0.3246 0.3246 0.3246
249 123 303 189 0.3246 0.3246 0.3246 0.0791 0.0791 0.3246 0.0791 0.3246 0.3246 0.3246 0.3246 0.0791 0.3246 0.3246 0.3246 0.0791
123 303 189 040 0.3246 0.0791 0.0791 0.0791 0.0791 0.3246 0.3246 0.3246 0.3246 0.0791 0.3246 0.3246 0.0791 0.3246 0.3246 0.3246
303 189 040 243 0.3246 0.3246 0.0791 0.3246 0.3246 0.3246 0.0791 0.0791 0.3246 0.3246 0.0791 0.3246 0.3246 0.0791 0.0791 0.3246
189 040 243 034 0.3246 0.3246 0.3246 0.0791 0.0791 0.0791 0.3246 0.3246 0.3246 0.3246 0.3246 0.0791 0.3246 0.3246 0.0791 0.3246
040 243 034 006 0.3246 0.0791 0.0791 0.3246 0.3246 0.3246 0.3246 0.0791 0.3246 0.0791 0.0791 0.3246 0.3246 0.3246 0.0791 0.3246
243 034 006 239 0.0791 0.3246 0.3246 0.0791 0.0791 0.3246 0.0791 0.3246 0.3246 0.3246 0.0791 0.3246 0.3246 0.0791 0.0791 0.3246
034 006 239 071 0.0791 0.3246 0.3246 0.3246 0.0791 0.0791 0.3246 0.0791 0.3246 0.3246 0.0791 0.0791 0.0791 0.3246 0.0791 0.0791
006 239 071 125 0.3246 0.0791 0.3246 0.3246 0.3246 0.0791 0.0791 0.0791 0.0791 0.0791 0.3246 0.3246 0.3246 0.0791 0.3246 0.3246
239 071 125 287 0.3246 0.0791 0.0791 0.0791 0.0791 0.0791 0.0791 0.0791 0.0791 0.3246 0.3246 0.0791 0.3246 0.3246 0.0791 0.3246
071 125 287 069 0.0791 0.0791 0.0791 0.3246 0.0791 0.3246 0.0791 0.3246 0.3246 0.0791 0.0791 0.0791 0.3246 0.0791 0.0791 0.0791
125 287 069 292 0.0791 0.0791 0.0791 0.0791 0.0791 0.0791 0.3246 0.0791 0.0791 0.3246 0.3246 0.0791 0.0791 0.3246 0.3246 0.3246
287 069 292 142 0.3246 0.0791 0.3246 0.3246 0.3246 0.0791 0.0791 0.3246 0.0791 0.3246 0.3246 0.0791 0.0791 0.0791 0.3246 0.0791
069 292 142 082 0.3246 0.0791 0.3246 0.0791 0.3246 0.0791 0.3246 0.0791 0.3246 0.3246 0.3246 0.0791 0.3246 0.3246 0.3246 0.3246
292 142 082 170 0.0791 0.0791 0.3246 0.3246 0.0791 0.3246 0.0791 0.3246 0.3246 0.0791 0.3246 0.3246 0.3246 0.0791 0.3246 0.3246
142 082 170 215 0.3246 0.0791 0.3246 0.3246 0.3246 0.3246 0.0791 0.0791 0.3246 0.0791 0.3246 0.0791 0.3246 0.0791 0.3246 0.3246
082 170 215 115 0.0791 0.3246 0.0791 0.3246 0.0791 0.0791 0.3246 0.3246 0.0791 0.3246 0.3246 0.0791 0.3246 0.0791 0.0791 0.0791
170 215 115 207 0.3246 0.0791 0.0791 0.3246 0.0791 0.3246 0.3246 0.0791 0.3246 0.0791 0.3246 0.3246 0.3246 0.3246 0.3246 0.3246
215 115 207 137 0.0791 0.0791 0.3246 0.3246 0.3246 0.0791 0.0791 0.3246 0.0791 0.0791 0.0791 0.0791 0.0791 0.3246 0.3246 0.3246
115 207 137 258 0.0791 0.0791 0.0791 0.0791 0.3246 0.0791 0.0791 0.0791 0.0791 0.0791 0.3246 0.0791 0.0791 0.3246 0.3246 0.0791
207 137 258 226 0.0791 0.0791 0.3246 0.0791 0.0791 0.0791 0.0791 0.3246 0.0791 0.0791 0.3246 0.0791 0.0791 0.0791 0.3246 0.3246
137 258 226 314 0.0791 0.0791 0.0791 0.3246 0.0791 0.3246 0.3246 0.0791 0.0791 0.3246 0.0791 0.3246 0.3246 0.3246 0.3246 0.0791
258 226 314 043 0.0791 0.3246 0.0791 0.0791 0.3246 0.0791 0.0791 0.3246 0.0791 0.3246 0.3246 0.0791 0.0791 0.0791 0.0791 0.0791
226 314 043 130 0.3246 0.3246 0.3246 0.3246 0.0791 0.0791 0.0791 0.0791 0.0791 0.0791 0.0791 0.3246 0.3246 0.0791 0.0791 0.3246
314 043 130 016 0.0791 0.0791 0.0791 0.0791 0.0791 0.0791 0.0791 0.0791 0.0791 0.3246 0.3246 0.0791 0.0791 0.3246 0.0791 0.0791
043 130 016 007 0.0791 0.3246 0.0791 0.3246 0.0791 0.0791 0.0791 0.3246 0.3246 0.3246 0.0791 0.3246 0.3246 0.0791 0.0791 0.3246
130 016 007 101 0.3246 0.0791 0.0791 0.3246 0.3246 0.0791 0.0791 0.3246 0.0791 0.0791 0.0791 0.3246 0.0791 0.0791 0.0791 0.3246
016 007 101 091 0.3246 0.3246 0.0791 0.0791 0.3246 0.0791 0.0791 0.0791 0.0791 0.0791 0.0791 0.3246 0.0791 0.0791 0.0791 0.0791
007 101 091 232 0.0791 0.0791 0.3246 0.0791 0.3246 0.3246 0.0791 0.3246 0.3246 0.3246 0.0791 0.0791 0.0791 0.0791 0.0791 0.0791
101 091 232 004 0.3246 0.3246 0.0791 0.3246 0.0791 0.0791 0.0791 0.0791 0.3246 0.3246 0.3246 0.3246 0.0791 0.0791 0.0791 0.0791
091 232 004 323 0.3246 0.0791 0.3246 0.3246 0.3246 0.0791 0.3246 0.3246 0.3246 0.3246 0.3246 0.3246 0.3246 0.3246 0.0791 0.3246
232 004 323 299 0.3246 0.3246 0.3246 0.0791 0.0791 0.3246 0.0791 0.3246 0.3246 0.3246 0.0791 0.0791 0.0791 0.0791 0.0791 0.0791
004 323 299 304 0.3246 0.0791 0.3246 0.3246 0.0791 0.3246 0.3246 0.0791 0.3246 0.3246 0.0791 0.3246 0.3246 0.3246 0.3246 0.0791
323 299 304 094 0.0791 0.0791 0.0791 0.3246 0.3246 0.0791 0.0791 0.3246 0.3246 0.3246 0.3246 0.0791 0.3246 0.3246 0.3246 0.3246
299 304 094 032 0.0791 0.0791 0.0791 0.3246 0.3246 0.0791 0.3246 0.0791 0.3246 0.3246 0.3246 0.0791 0.0791 0.3246 0.3246 0.3246
304 094 032 044 0.0791 0.0791 0.3246 0.0791 0.3246 0.0791 0.0791 0.0791 0.3246 0.3246 0.3246 0.3246 0.0791 0.3246 0.3246 0.0791
094 032 044 031 0.0791 0.0791 0.0791 0.3246 0.3246 0.3246 0.0791 0.0791 0.0791 0.0791 0.3246 0.0791 0.3246 0.3246 0.3246 0.3246
032 044 031 033 0.3246 0.3246 0.0791 0.0791 0.0791 0.0791 0.0791 0.0791 0.3246 0.3246 0.0791 0.0791 0.0791 0.3246 0.3246 0.3246
044 031 033 168 0.3246 0.3246 0.3246 0.3246 0.0791 0.3246 0.0791 0.3246 0.0791 0.3246 0.0791 0.0791 0.0791 0.3246 0.3246 0.0791
031 033 168 345 0.3246 0.0791 0.3246 0.3246 0.3246 0.3246 0.3246 0.3246 0.0791 0.3246 0.0791 0.0791 0.3246 0.0791 0.0791 0.3246
033 168 345 095 0.3246 0.3246 0.0791 0.3246 0.3246 0.3246 0.0791 0.0791 0.0791 0.3246 0.0791 0.3246 0.3246 0.0791 0.0791 0.0791
168 345 095 212 0.0791 0.3246 0.0791 0.3246 0.0791 0.0791 0.0791 0.0791 0.3246 0.0791 0.3246 0.0791 0.0791 0.3246 0.0791 0.0791
345 095 212 208 0.0791 0.0791 0.0791 0.3246 0.3246 0.0791 0.0791 0.3246 0.3246 0.3246 0.3246 0.3246 0.3246 0.0791 0.3246 0.0791
095 212 208 039 0.0791 0.3246 0.0791 0.3246 0.3246 0.0791 0.0791 0.3246 0.0791 0.3246 0.3246 0.0791 0.3246 0.3246 0.3246 0.3246
212 208 039 290 0.0791 0.0791 0.0791 0.0791 0.0791 0.3246 0.3246 0.0791 0.0791 0.3246 0.3246 0.0791 0.0791 0.0791 0.3246 0.0791
208 039 290 169 0.3246 0.0791 0.3246 0.3246 0.0791 0.0791 0.0791 0.0791 0.0791 0.3246 0.0791 0.3246 0.3246 0.3246 0.3246 0.3246
039 290 169 048 0.3246 0.3246 0.3246 0.3246 0.0791 0.3246 0.0791 0.3246 0.0791 0.0791 0.0791 0.3246 0.0791 0.3246 0.0791 0.0791
290 169 048 351 0.3246 0.0791 0.3246 0.3246 0.0791 0.0791 0.0791 0.3246 0.0791 0.0791 0.3246 0.3246 0.0791 0.3246 0.3246 0.0791
169 048 351 319 0.0791 0.0791 0.3246 0.0791 0.0791 0.3246 0.0791 0.3246 0.3246 0.3246 0.0791 0.0791 0.0791 0.0791 0.0791 0.3246
048 351 319 321 0.0791 0.3246 0.0791 0.3246 0.3246 0.0791 0.0791 0.0791 0.3246 0.0791 0.0791 0.3246 0.3246 0.0791 0.3246 0.0791
351 319 321 216 0.0791 0.3246 0.0791 0.3246 0.0791 0.0791 0.3246 0.3246 0.3246 0.3246 0.0791 0.3246 0.3246 0.0791 0.3246 0.3246
319 321 216 197 0.0791 0.3246 0.3246 0.3246 0.0791 0.0791 0.0791 0.3246 0.0791 0.0791 0.0791 0.0791 0.3246 0.0791 0.0791 0.0791
321 216 197 195 0.0791 0.3246 0.0791 0.0791 0.0791 0.0791 0.0791 0.3246 0.3246 0.3246 0.0791 0.3246 0.0791 0.0791 0.3246 0.3246
216 197 195 114 0.0791 0.0791 0.3246 0.0791 0.3246 0.0791 0.0791 0.0791 0.3246 0.0791 0.3246 0.0791 0.0791 0.3246 0.3246 0.0791
197 195 114 029 0.0791 0.3246 0.3246 0.3246 0.0791 0.3246 0.0791 0.0791 0.0791 0.3246 0.3246 0.3246 0.3246 0.0791 0.3246 0.0791
195 114 029 248 0.0791 0.3246 0.0791 0.3246 0.3246 0.3246 0.3246 0.3246 0.0791 0.3246 0.0791 0.3246 0.3246 0.3246 0.0791 0.0791
114 029 248 099 0.0791 0.0791 0.0791 0.0791 0.0791 0.0791 0.3246 0.0791 0.3246 0.0791 0.0791 0.0791 0.3246 0.3246 0.3246 0.0791
029 248 099 202 0.0791 0.3246 0.0791 0.0791 0.3246 0.0791 0.3246 0.0791 0.0791 0.3246 0.3246 0.0791 0.0791 0.3246 0.0791 0.0791
248 099 202 175 0.0791 0.3246 0.3246 0.3246 0.0791 0.0791 0.3246 0.0791 0.3246 0.0791 0.0791 0.3246 0.3246 0.3246 0.3246 0.3246
099 202 175 264 0.0791 0.3246 0.0791 0.3246 0.3246 0.3246 0.0791 0.3246 0.3246 0.0791 0.3246 0.3246 0.3246 0.3246 0.0791 0.0791
202 175 264 104 0.3246 0.3246 0.3246 0.3246 0.3246 0.3246 0.0791 0.3246 0.3246 0.3246 0.3246 0.3246 0.3246 0.3246 0.0791 0.0791
175 264 104 047 0.0791 0.3246 0.0791 0.0791 0.0791 0.0791 0.0791 0.0791 0.3246 0.3246 0.0791 0.0791 0.3246 0.0791 0.0791 0.0791
264 104 047 112 0.3246 0.3246 0.3246 0.0791 0.3246 0.3246 0.3246 0.0791 0.3246 0.0791 0.0791 0.3246 0.0791 0.3246 0.0791 0.0791
104 047 112 211 0.0791 0.0791 0.3246 0.3246 0.3246 0.3246 0.0791 0.3246 0.3246 0.3246 0.0791 0.0791 0.3246 0.0791 0.3246 0.3246
047 112 211 111 0.0791 0.0791 0.3246 0.0791 0.3246 0.3246 0.3246 0.0791 0.0791 0.0791 0.3246 0.3246 0.3246 0.3246 0.0791 0.3246
112 211 111 327 0.0791 0.3246 0.0791 0.0791 0.0791 0.0791 0.0791 0.0791 0.0791 0.0791 0.3246 0.0791 0.0791 0.0791 0.3246 0.0791
211 111 327 294 0.0791 0.0791 0.3246 0.0791 0.0791 0.3246 0.0791 0.0791 0.3246 0.3246 0.3246 0.0791 0.0791 0.3246 0.0791 0.0791
111 327 294 118 0.3246 0.3246 0.3246 0.3246 0.0791 0.0791 0.0791 0.0791 0.0791 0.0791 0.0791 0.3246 0.3246 0.0791 0.0791 0.0791
327 294 118 217 0.0791 0.0791 0.3246 0.0791 0.3246 0.3246 0.0791 0.3246 0.0791 0.0791 0.0791 0.3246 0.3246 0.0791 0.0791 0.3246
294 118 217 278 0.0791 0.3246 0.0791 0.0791 0.3246 0.0791 0.3246 0.3246 0.0791 0.3246 0.3246 0.3246 0.3246 0.0791 0.3246 0.3246
118 217 278 224 0.3246 0.0791 0.0791 0.3246 0.0791 0.0791 0.0791 0.0791 0.3246 0.0791 0.3246 0.0791 0.3246 0.3246 0.0791 0.0791
217 278 224 051 0.3246 0.0791 0.0791 0.0791 0.0791 0.3246 0.0791 0.3246 0.0791 0.0791 0.0791 0.3246 0.3246 0.3246 0.3246 0.0791
278 224 051 002 0.0791 0.3246 0.0791 0.3246 0.3246 0.0791 0.0791 0.0791 0.0791 0.3246 0.0791 0.3246 0.3246 0.0791 0.0791 0.0791
224 051 002 136 0.0791 0.0791 0.0791 0.0791 0.0791 0.0791 0.0791 0.0791 0.0791 0.3246 0.3246 0.0791 0.3246 0.0791 0.0791 0.0791
051 002 136 206 0.3246 0.0791 0.3246 0.0791 0.3246 0.0791 0.0791 0.3246 0.3246 0.3246 0.3246 0.3246 0.3246 0.0791 0.0791 0.3246
002 136 206 152 0.3246 0.3246 0.3246 0.3246 0.3246 0.0791 0.0791 0.0791 0.3246 0.3246 0.3246 0.0791 0.3246 0.3246 0.0791 0.0791
136 206 152 194 0.3246 0.3246 0.3246 0.0791 0.3246 0.0791 0.0791 0.3246 0.0791 0.0791 0.0791 0.3246 0.0791 0.0791 0.0791 0.3246
206 152 194 354 0.3246 0.3246 0.3246 0.3246 0.0791 0.0791 0.3246 0.0791 0.0791 0.3246 0.3246 0.0791 0.0791 0.0791 0.0791 0.3246
152 194 354 085 0.3246 0.3246 0.0791 0.3246 0.3246 0.0791 0.0791 0.0791 0.3246 0.3246 0.0791 0.3246 0.3246 0.3246 0.3246 0.3246
194 354 085 121 0.0791 0.3246 0.3246 0.3246 0.3246 0.0791 0.3246 0.3246 0.3246 0.0791 0.0791 0.0791 0.3246 0.3246 0.3246 0.3246
354 085 121 013 0.0791 0.0791 0.3246 0.3246 0.0791 0.3246 0.0791 0.0791 0.3246 0.0791 0.3246 0.3246 0.0791 0.0791 0.0791 0.0791
085 121 013 355 0.0791 0.0791 0.0791 0.3246 0.3246 0.3246 0.0791 0.3246 0.0791 0.0791 0.0791 0.0791 0.3246 0.3246 0.3246 0.0791
121 013 355 339 0.3246 0.0791 0.3246 0.3246 0.0791 0.3246 0.0791 0.3246 0.0791 0.0791 0.3246 0.0791 0.3246 0.3246 0.0791 0.3246
013 355 339 283 0.0791 0.3246 0.3246 0.3246 0.0791 0.0791 0.3246 0.0791 0.3246 0.3246 0.0791 0.3246 0.0791 0.0791 0.3246 0.0791
355 339 283 020 0.3246 0.0791 0.0791 0.3246 0.0791 0.3246 0.3246 0.3246 0.3246 0.3246 0.3246 0.0791 0.0791 0.0791 0.0791 0.0791
339 283 020 346 0.3246 0.0791 0.0791 0.0791 0.0791 0.3246 0.3246 0.3246 0.3246 0.0791 0.3246 0.3246 0.3246 0.3246 0.3246 0.3246
283 020 346 053 0.3246 0.3246 0.0791 0.0791 0.3246 0.3246 0.0791 0.3246 0.0791 0.3246 0.3246 0.0791 0.3246 0.3246 0.0791 0.0791
020 346 053 260 0.0791 0.3246 0.0791 0.3246 0.3246 0.3246 0.0791 0.0791 0.0791 0.3246 0.3246 0.0791 0.0791 0.0791 0.0791 0.0791
346 053 260 214 0.3246 0.0791 0.0791 0.0791 0.3246 0.0791 0.0791 0.0791 0.0791 0.3246 0.3246 0.3246 0.0791 0.3246 0.0791 0.3246
053 260 214 251 0.0791 0.0791 0.0791 0.3246 0.3246 0.3246 0.0791 0.0791 0.3246 0.3246 0.0791 0.0791 0.0791 0.3246 0.0791 0.3246
260 214 251 247 0.0791 0.0791 0.3246 0.0791 0.3246 0.3246 0.0791 0.0791 0.3246 0.3246 0.3246 0.3246 0.0791 0.0791 0.3246 0.0791
214 251 247 311 0.3246 0.3246 0.3246 0.0791 0.3246 0.3246 0.0791 0.0791 0.3246 0.3246 0.0791 0.0791 0.3246 0.3246 0.0791 0.3246
251 247 311 350 0.3246 0.0791 0.3246 0.0791 0.3246 0.3246 0.3246 0.3246 0.0791 0.0791 0.3246 0.0791 0.0791 0.0791 0.3246 0.3246
247 311 350 200 0.0791 0.0791 0.3246 0.0791 0.3246 0.3246 0.0791 0.3246 0.3246 0.3246 0.0791 0.3246 0.3246 0.3246 0.0791 0.3246
311 350 200 328 0.3246 0.3246 0.0791 0.3246 0.3246 0.3246 0.3246 0.3246 0.3246 0.3246 0.0791 0.0791 0.0791 0.0791 0.3246 0.0791
350 200 328 017 0.0791 0.0791 0.0791 0.3246 0.3246 0.0791 0.3246 0.3246 0.3246 0.0791 0.3246 0.0791 0.0791 0.3246 0.0791 0.0791
200 328 017 150 0.3246 0.3246 0.3246 0.0791 0.3246 0.0791 0.0791 0.3246 0.3246 0.0791 0.3246 0.3246 0.3246 0.0791 0.0791 0.3246
328 017 150 167 0.0791 0.3246 0.3246 0.0791 0.3246 0.3246 0.3246 0.0791 0.3246 0.3246 0.3246 0.3246 0.3246 0.0791 0.3246 0.0791
017 150 167 188 0.3246 0.0791 0.3246 0.0791 0.3246 0.3246 0.3246 0.3246 0.0791 0.3246 0.0791 0.0791 0.0791 0.0791 0.0791 0.0791
150 167 188 072 0.3246 0.0791 0.3246 0.3246 0.3246 0.0791 0.0791 0.3246 0.0791 0.3246 0.0791 0.0791 0.0791 0.0791 0.3246 0.3246
167 188 072 000 0.0791 0.0791 0.3246 0.3246 0.0791 0.3246 0.0791 0.0791 0.3246 0.0791 0.0791 0.3246 0.3246 0.3246 0.0791 0.3246
188 072 000 182 0.3246 0.3246 0.0791 0.0791 0.3246 0.0791 0.3246 0.0791 0.3246 0.3246 0.3246 0.0791 0.3246 0.3246 0.3246 0.0791
072 000 182 301 0.0791 0.3246 0.3246 0.3246 0.0791 0.3246 0.3246 0.0791 0.3246 0.0791 0.3246 0.3246 0.3246 0.3246 0.3246 0.0791
000 182 301 134 0.3246 0.0791 0.0791 0.3246 0.3246 0.0791 0.0791 0.3246 0.3246 0.0791 0.0791 0.3246 0.0791 0.3246 0.0791 0.0791
182 301 134 305 0.0791 0.3246 0.0791 0.0791 0.3246 0.3246 0.3246 0.0791 0.0791 0.0791 0.0791 0.3246 0.3246 0.3246 0.3246 0.3246
301 134 305 154 0.3246 0.3246 0.0791 0.0791 0.3246 0.0791 0.0791 0.0791 0.0791 0.3246 0.3246 0.0791 0.0791 0.0791 0.3246 0.0791
134 305 154 178 0.0791 0.0791 0.3246 0.3246 0.0791 0.3246 0.0791 0.3246 0.0791 0.3246 0.0791 0.3246 0.0791 0.3246 0.3246 0.0791
305 154 178 012 0.3246 0.3246 0.3246 0.0791 0.0791 0.0791 0.0791 0.3246 0.0791 0.0791 0.3246 0.3246 0.3246 0.0791 0.3246 0.3246
154 178 012 227 0.3246 0.0791 0.3246 0.3246 0.3246 0.3246 0.3246 0.0791 0.0791 0.3246 0.3246 0.0791 0.0791 0.0791 0.3246 0.0791
178 012 227 021 0.3246 0.0791 0.3246 0.3246 0.0791 0.3246 0.0791 0.0791 0.3246 0.3246 0.0791 0.0791 0.0791 0.3246 0.0791 0.3246
012 227 021 295 0.3246 0.3246 0.3246 0.0791 0.0791 0.3246 0.3246 0.3246 0.0791 0.0791 0.3246 0.3246 0.3246 0.3246 0.3246 0.3246
227 021 295 320 0.3246 0.0791 0.0791 0.0791 0.0791 0.3246 0.0791 0.3246 0.0791 0.0791 0.3246 0.3246 0.0791 0.0791 0.3246 0.0791
021 295 320 334 0.0791 0.3246 0.3246 0.3246 0.3246 0.0791 0.3246 0.3246 0.3246 0.3246 0.3246 0.0791 0.0791 0.0791 0.0791 0.3246
295 320 334 024 0.0791 0.0791 0.0791 0.0791 0.3246 0.0791 0.0791 0.3246 0.0791 0.0791 0.3246 0.3246 0.3246 0.3246 0.0791 0.0791
320 334 024 210 0.3246 0.3246 0.0791 0.3246 0.0791 0.3246 0.3246 0.0791 0.0791 0.3246 0.3246 0.3246 0.0791 0.0791 0.3246 0.0791
334 024 210 282 0.3246 0.0791 0.3246 0.3246 0.3246 0.0791 0.0791 0.0791 0.3246 0.3246 0.0791 0.3246 0.3246 0.3246 0.0791 0.0791
024 210 282 312 0.0791 0.0791 0.3246 0.3246 0.3246 0.0791 0.3246 0.0791 0.0791 0.3246 0.3246 0.0791 0.3246 0.3246 0.3246 0.3246
210 282 312 343 0.3246 0.3246 0.0791 0.3246 0.3246 0.3246 0.3246 0.3246 0.0791 0.0791 0.3246 0.0791 0.3246 0.0791 0.3246 0.0791
282 312 343 057 0.3246 0.0791 0.0791 0.3246 0.3246 0.3246 0.3246 0.0791 0.0791 0.0791 0.3246 0.0791 0.0791 0.0791 0.3246 0.3246
312 343 057 242 0.3246 0.3246 0.3246 0.0791 0.0791 0.3246 0.0791 0.3246 0.0791 0.3246 0.0791 0.0791 0.3246 0.3246 0.3246 0.0791
343 057 242 335 0.3246 0.3246 0.0791 0.0791 0.3246 0.0791 0.3246 0.0791 0.0791 0.0791 0.3246 0.0791 0.0791 0.0791 0.0791 0.3246
057 242 335 140 0.0791 0.0791 0.3246 0.0791 0.0791 0.0791 0.3246 0.3246 0.3246 0.0791 0.0791 0.0791 0.0791 0.0791 0.0791 0.0791
242 335 140 174 0.0791 0.3246 0.3246 0.3246 0.3246 0.0791 0.0791 0.3246 0.3246 0.3246 0.3246 0.0791 0.0791 0.3246 0.3246 0.3246
335 140 174 073 0.0791 0.3246 0.3246 0.3246 0.3246 0.0791 0.3246 0.0791 0.3246 0.0791 0.0791 0.0791 0.0791 0.3246 0.3246 0.0791
140 174 073 138 0.0791 0.0791 0.3246 0.3246 0.3246 0.3246 0.0791 0.3246 0.0791 0.3246 0.0791 0.0791 0.3246 0.3246 0.0791 0.0791
174 073 138 042 0.0791 0.0791 0.0791 0.0791 0.0791 0.3246 0.3246 0.3246 0.3246 0.3246 0.0791 0.3246 0.0791 0.3246 0.3246 0.3246
073 138 042 171 0.3246 0.0791 0.0791 0.3246 0.0791 0.0791 0.3246 0.0791 0.3246 0.3246 0.0791 0.0791 0.0791 0.3246 0.3246 0.0791
138 042 171 166 0.3246 0.0791 0.0791 0.0791 0.3246 0.3246 0.3246 0.3246 0.3246 0.0791 0.0791 0.0791 0.3246 0.0791 0.0791 0.0791
042 171 166 019 0.3246 0.0791 0.0791 0.0791 0.3246 0.0791 0.3246 0.3246 0.0791 0.3246 0.0791 0.3246 0.3246 0.0791 0.0791 0.0791
171 166 019 296 0.0791 0.0791 0.3246 0.3246 0.0791 0.3246 0.0791 0.3246 0.3246 0.0791 0.3246 0.0791 0.3246 0.3246 0.3246 0.0791
166 019 296 092 0.3246 0.0791 0.0791 0.0791 0.0791 0.3246 0.3246 0.3246 0.3246 0.0791 0.3246 0.3246 0.0791 0.3246 0.0791 0.3246
019 296 092 265 0.0791 0.3246 0.0791 0.0791 0.3246 0.0791 0.0791 0.0791 0.0791 0.0791 0.3246 0.3246 0.0791 0.0791 0.0791 0.3246
296 092 265 052 0.0791 0.0791 0.0791 0.0791 0.0791 0.0791 0.3246 0.3246 0.0791 0.3246 0.0791 0.3246 0.3246 0.0791 0.3246 0.3246
092 265 052 341 0.0791 0.0791 0.0791 0.3246 0.0791 0.0791 0.0791 0.3246 0.0791 0.0791 0.0791 0.0791 0.3246 0.3246 0.3246 0.3246
265 052 341 113 0.3246 0.0791 0.3246 0.0791 0.0791 0.0791 0.0791 0.0791 0.3246 0.0791 0.3246 0.0791 0.0791 0.3246 0.0791 0.0791
052 341 113 337 0.0791 0.3246 0.0791 0.0791 0.0791 0.3246 0.3246 0.3246 0.0791 0.0791 0.3246 0.0791 0.0791 0.3246 0.0791 0.3246
341 113 337 116 0.3246 0.3246 0.0791 0.3246 0.3246 0.0791 0.3246 0.0791 0.3246 0.0791 0.3246 0.3246 0.3246 0.0791 0.3246 0.0791
113 337 116 255 0.0791 0.0791 0.3246 0.0791 0.3246 0.3246 0.0791 0.3246 0.3246 0.0791 0.0791 0.3246 0.3246 0.3246 0.0791 0.3246
337 116 255 061 0.3246 0.0791 0.3246 0.0791 0.0791 0.3246 0.0791 0.3246 0.3246 0.3246 0.0791 0.0791 0.3246 0.0791 0.0791 0.0791
116 255 061 009 0.0791 0.3246 0.0791 0.3246 0.0791 0.0791 0.3246 0.0791 0.0791 0.0791 0.3246 0.3246 0.3246 0.0791 0.3246 0.0791
255 061 009 277 0.3246 0.3246 0.3246 0.3246 0.3246 0.3246 0.3246 0.3246 0.3246 0.0791 0.3246 0.3246 0.0791 0.0791 0.3246 0.3246
061 009 277 109 0.0791 0.0791 0.0791 0.3246 0.0791 0.3246 0.0791 0.3246 0.0791 0.0791 0.3246 0.3246 0.0791 0.3246 0.3246 0.3246
009 277 109 225 0.3246 0.3246 0.3246 0.3246 0.3246 0.3246 0.3246 0.0791 0.3246 0.3246 0.3246 0.3246 0.3246 0.3246 0.0791 0.0791
277 109 225 230 0.3246 0.3246 0.3246 0.0791 0.3246 0.3246 0.0791 0.3246 0.3246 0.3246 0.0791 0.0791 0.3246 0.0791 0.0791 0.3246
109 225 230 324 0.0791 0.3246 0.3246 0.0791 0.0791 0.3246 0.0791 0.0791 0.3246 0.3246 0.3246 0.3246 0.3246 0.0791 0.0791 0.0791
225 230 324 240 0.3246 0.0791 0.3246 0.3246 0.3246 0.0791 0.3246 0.3246 0.3246 0.3246 0.0791 0.3246 0.0791 0.3246 0.3246 0.0791
230 324 240 011 0.3246 0.0791 0.3246 0.0791 0.0791 0.0791 0.0791 0.0791 0.0791 0.0791 0.3246 0.3246 0.3246 0.3246 0.0791 0.0791
324 240 011 022 0.0791 0.0791 0.0791 0.3246 0.3246 0.0791 0.3246 0.3246 0.0791 0.3246 0.3246 0.0791 0.0791 0.0791 0.3246 0.3246
240 011 022 149 0.3246 0.3246 0.0791 0.3246 0.3246 0.3246 0.0791 0.3246 0.3246 0.0791 0.0791 0.0791 0.0791 0.0791 0.0791 0.3246
011 022 149 209 0.0791 0.0791 0.0791 0.0791 0.3246 0.3246 0.3246 0.3246 0.0791 0.0791 0.0791 0.0791 0.3246 0.3246 0.3246 0.3246
022 149 209 010 0.0791 0.0791 0.0791 0.0791 0.0791 0.3246 0.0791 0.0791 0.3246 0.0791 0.3246 0.3246 0.3246 0.0791 0.0791 0.3246
149 209 010 087 0.0791 0.0791 0.3246 0.0791 0.0791 0.0791 0.0791 0.3246 0.3246 0.0791 0.3246 0.3246 0.0791 0.0791 0.0791 0.3246
209 010 087 261 0.0791 0.3246 0.3246 0.0791 0.0791 0.3246 0.0791 0.3246 0.0791 0.3246 0.3246 0.0791 0.0791 0.0791 0.3246 0.0791
010 087 261 050 0.3246 0.0791 0.3246 0.3246 0.3246 0.3246 0.3246 0.3246 0.3246 0.0791 0.0791 0.0791 0.3246 0.0791 0.0791 0.0791
087 261 050 126 0.3246 0.0791 0.0791 0.0791 0.3246 0.0791 0.3246 0.3246 0.0791 0.3246 0.3246 0.0791 0.0791 0.0791 0.3246 0.0791
261 050 126 183 0.3246 0.0791 0.3246 0.3246 0.0791 0.0791 0.3246 0.0791 0.3246 0.0791 0.0791 0.3246 0.3246 0.3246 0.3246 0.3246
050 126 183 132 0.0791 0.0791 0.0791 0.3246 0.0791 0.0791 0.3246 0.0791 0.3246 0.3246 0.0791 0.3246 0.3246 0.0791 0.0791 0.3246
126 183 132 267 0.3246 0.0791 0.3246 0.0791 0.3246 0.0791 0.0791 0.3246 0.0791 0.0791 0.0791 0.3246 0.3246 0.0791 0.0791 0.0791
183 132 267 293 0.3246 0.3246 0.3246 0.3246 0.3246 0.0791 0.0791 0.0791 0.0791 0.0791 0.3246 0.3246 0.3246 0.0791 0.3246 0.3246
132 267 293 288 0.0791 0.0791 0.0791 0.0791 0.0791 0.0791 0.3246 0.3246 0.3246 0.0791 0.0791 0.0791 0.3246 0.0791 0.3246 0.3246
267 293 288 259 0.0791 0.0791 0.3246 0.0791 0.3246 0.3246 0.3246 0.3246 0.3246 0.3246 0.3246 0.3246 0.0791 0.0791 0.3246 0.3246
293 288 259 352 0.3246 0.3246 0.3246 0.0791 0.0791 0.0791 0.3246 0.3246 0.0791 0.3246 0.0791 0.0791 0.0791 0.3246 0.0791 0.3246
288 259 352 309 0.0791 0.3246 0.3246 0.0791 0.3246 0.3246 0.0791 0.3246 0.3246 0.0791 0.3246 0.3246 0.0791 0.3246 0.0791 0.3246
259 352 309 159 0.0791 0.0791 0.3246 0.0791 0.3246 0.0791 0.0791 0.0791 0.0791 0.0791 0.3246 0.0791 0.0791 0.3246 0.0791 0.3246
352 309 159 237 0.3246 0.3246 0.0791 0.3246 0.3246 0.3246 0.3246 0.0791 0.0791 0.3246 0.3246 0.0791 0.0791 0.3246 0.3246 0.3246
309 159 237 045 0.3246 0.3246 0.0791 0.0791 0.3246 0.0791 0.3246 0.0791 0.0791 0.0791 0.3246 0.3246 0.0791 0.0791 0.0791 0.3246
159 237 045 055 0.0791 0.3246 0.3246 0.3246 0.3246 0.0791 0.3246 0.0791 0.3246 0.3246 0.0791 0.3246 0.3246 0.0791 0.0791 0.0791
237 045 055 172 0.0791 0.3246 0.0791 0.0791 0.3246 0.0791 0.3246 0.3246 0.0791 0.3246 0.0791 0.0791 0.3246 0.3246 0.3246 0.3246
045 055 172 268 0.0791 0.3246 0.3246 0.3246 0.3246 0.0791 0.3246 0.3246 0.3246 0.3246 0.3246 0.0791 0.0791 0.0791 0.3246 0.0791
055 172 268 198 0.0791 0.3246 0.0791 0.0791 0.3246 0.0791 0.3246 0.3246 0.0791 0.0791 0.3246 0.0791 0.3246 0.0791 0.0791 0.3246
172 268 198 066 0.0791 0.0791 0.0791 0.0791 0.3246 0.3246 0.0791 0.3246 0.0791 0.0791 0.0791 0.0791 0.0791 0.0791 0.0791 0.0791
268 198 066 129 0.0791 0.0791 0.3246 0.0791 0.0791 0.3246 0.0791 0.0791 0.0791 0.3246 0.0791 0.0791 0.3246 0.3246 0.0791 0.0791
198 066 129 250 0.0791 0.3246 0.0791 0.0791 0.0791 0.0791 0.3246 0.0791 0.3246 0.3246 0.0791 0.0791 0.0791 0.3246 0.3246 0.0791
066 129 250 281 0.3246 0.0791 0.0791 0.0791 0.0791 0.0791 0.3246 0.3246 0.0791 0.3246 0.0791 0.0791 0.0791 0.0791 0.0791 0.3246
129 250 281 077 0.3246 0.3246 0.0791 0.0791 0.3246 0.3246 0.3246 0.0791 0.0791 0.3246 0.0791 0.3246 0.0791 0.3246 0.3246 0.3246
250 281 077 102 0.3246 0.3246 0.0791 0.0791 0.0791 0.3246 0.0791 0.0791 0.3246 0.3246 0.3246 0.0791 0.0791 0.3246 0.0791 0.0791
281 077 102 064 0.3246 0.3246 0.0791 0.3246 0.3246 0.3246 0.3246 0.0791 0.3246 0.3246 0.0791 0.3246 0.3246 0.3246 0.0791 0.3246
077 102 064 185 0.3246 0.0791 0.0791 0.0791 0.3246 0.3246 0.0791 0.3246 0.3246 0.0791 0.0791 0.3246 0.3246 0.0791 0.3246 0.3246
102 064 185 128 0.3246 0.3246 0.3246 0.0791 0.3246 0.0791 0.3246 0.3246 0.3246 0.0791 0.3246 0.3246 0.0791 0.0791 0.0791 0.3246
064 185 128 201 0.0791 0.3246 0.3246 0.0791 0.0791 0.0791 0.0791 0.3246 0.0791 0.0791 0.3246 0.0791 0.3246 0.3246 0.0791 0.3246
185 128 201 199 0.0791 0.3246 0.0791 0.3246 0.3246 0.0791 0.3246 0.0791 0.3246 0.0791 0.3246 0.3246 0.3246 0.0791 0.3246 0.3246
128 201 199 014 0.0791 0.0791 0.0791 0.3246 0.0791 0.0791 0.0791 0.3246 0.3246 0.0791 0.3246 0.0791 0.3246 0.0791 0.3246 0.3246
201 199 014 333 0.0791 0.3246 0.0791 0.3246 0.3246 0.0791 0.0791 0.3246 0.0791 0.0791 0.3246 0.0791 0.3246 0.3246 0.3246 0.3246
199 014 333 037 0.0791 0.3246 0.0791 0.0791 0.3246 0.3246 0.0791 0.3246 0.0791 0.0791 0.3246 0.3246 0.0791 0.0791 0.3246 0.0791
014 333 037 133 0.0791 0.3246 0.3246 0.3246 0.0791 0.0791 0.0791 0.3246 0.0791 0.3246 0.0791 0.3246 0.3246 0.3246 0.3246 0.0791
333 037 133 196 0.3246 0.3246 0.0791 0.0791 0.3246 0.3246 0.0791 0.3246 0.0791 0.3246 0.0791 0.0791 0.0791 0.3246 0.0791 0.3246
037 133 196 180 0.0791 0.0791 0.0791 0.3246 0.0791 0.0791 0.0791 0.0791 0.0791 0.3246 0.3246 0.3246 0.3246 0.0791 0.0791 0.3246
133 196 180 336 0.3246 0.0791 0.0791 0.0791 0.3246 0.0791 0.0791 0.3246 0.3246 0.3246 0.0791 0.0791 0.0791 0.0791 0.3246 0.0791
196 180 336 025 0.0791 0.3246 0.3246 0.3246 0.3246 0.3246 0.0791 0.3246 0.3246 0.3246 0.3246 0.3246 0.0791 0.0791 0.3246 0.0791
180 336 025 256 0.0791 0.3246 0.3246 0.3246 0.0791 0.3246 0.0791 0.0791 0.3246 0.0791 0.0791 0.3246 0.0791 0.3246 0.0791 0.0791
336 025 256 306 0.3246 0.0791 0.3246 0.0791 0.0791 0.0791 0.3246 0.0791 0.0791 0.0791 0.3246 0.3246 0.3246 0.3246 0.0791 0.3246
025 256 306 330 0.0791 0.3246 0.3246 0.3246 0.0791 0.0791 0.3246 0.3246 0.3246 0.3246 0.3246 0.3246 0.3246 0.3246 0.0791 0.0791
256 306 330 093 0.0791 0.3246 0.0791 0.0791 0.3246 0.3246 0.0791 0.0791 0.3246 0.0791 0.3246 0.3246 0.0791 0.3246 0.0791 0.3246
306 330 093 218 0.3246 0.3246 0.0791 0.0791 0.0791 0.0791 0.3246 0.3246 0.3246 0.3246 0.0791 0.0791 0.3246 0.0791 0.3246 0.3246
330 093 218 003 0.3246 0.0791 0.0791 0.0791 0.3246 0.3246 0.3246 0.0791 0.3246 0.0791 0.3246 0.0791 0.0791 0.0791 0.0791 0.0791
093 218 003 273 0.0791 0.0791 0.0791 0.0791 0.3246 0.0791 0.3246 0.3246 0.3246 0.0791 0.0791 0.3246 0.3246 0.0791 0.0791 0.0791
218 003 273 131 0.0791 0.0791 0.0791 0.0791 0.0791 0.3246 0.3246 0.0791 0.0791 0.0791 0.0791 0.3246 0.3246 0.3246 0.3246 0.0791
003 273 131 317 0.3246 0.0791 0.3246 0.0791 0.3246 0.0791 0.3246 0.0791 0.3246 0.3246 0.0791 0.0791 0.0791 0.0791 0.3246 0.3246
273 131 317 348 0.3246 0.3246 0.0791 0.3246 0.3246 0.0791 0.3246 0.0791 0.3246 0.0791 0.3246 0.0791 0.0791 0.0791 0.3246 0.0791
131 317 348 124 0.0791 0.0791 0.0791 0.3246 0.3246 0.3246 0.3246 0.3246 0.0791 0.3246 0.0791 0.3246 0.0791 0.3246 0.3246 0.3246
317 348 124 275 0.0791 0.3246 0.0791 0.3246 0.0791 0.3246 0.0791 0.0791 0.0791 0.3246 0.0791 0.0791 0.3246 0.3246 0.0791 0.3246
348 124 275 193 0.0791 0.0791 0.0791 0.3246 0.3246 0.0791 0.0791 0.3246 0.3246 0.3246 0.0791 0.0791 0.3246 0.0791 0.0791 0.0791
