356 031684 3
320 221 311 236 0.6362 0.6362 0.2234 0.6362 0.2234 0.2234 0.6362 0.6362 0.2234 0.2234 0.2234 0.6362 0.2234 0.6362 0.6362 0.2234
221 311 236 267 0.2234 0.6362 0.2234 0.2234 0.6362 0.6362 0.2234 0.2234 0.6362 0.2234 0.6362 0.6362 0.6362 0.6362 0.6362 0.6362
311 236 267 212 0.2234 0.2234 0.6362 0.6362 0.2234 0.2234 0.2234 0.2234 0.6362 0.2234 0.2234 0.2234 0.2234 0.6362 0.6362 0.6362
236 267 212 272 0.6362 0.2234 0.6362 0.2234 0.6362 0.2234 0.2234 0.6362 0.6362 0.6362 0.6362 0.6362 0.6362 0.2234 0.2234 0.6362
267 212 272 038 0.6362 0.2234 0.6362 0.6362 0.2234 0.2234 0.2234 0.6362 0.6362 0.2234 0.2234 0.6362 0.6362 0.6362 0.2234 0.2234
212 272 038 262 0.2234 0.6362 0.2234 0.2234 0.2234 0.6362 0.2234 0.2234 0.6362 0.2234 0.6362 0.6362 0.2234 0.2234 0.2234 0.2234
272 038 262 115 0.6362 0.6362 0.6362 0.2234 0.2234 0.2234 0.6362 0.2234 0.2234 0.6362 0.6362 0.6362 0.6362 0.6362 0.2234 0.6362
038 262 115 078 0.2234 0.6362 0.6362 0.2234 0.6362 0.2234 0.6362 0.6362 0.6362 0.2234 0.6362 0.6362 0.2234 0.6362 0.2234 0.6362
262 115 078 256 0.2234 0.6362 0.2234 0.6362 0.6362 0.6362 0.2234 0.2234 0.6362 0.2234 0.2234 0.6362 0.2234 0.6362 0.6362 0.2234
115 078 256 319 0.6362 0.6362 0.6362 0.2234 0.2234 0.2234 0.2234 0.2234 0.6362 0.2234 0.6362 0.2234 0.2234 0.2234 0.2234 0.6362
078 256 319 008 0.2234 0.2234 0.2234 0.2234 0.2234 0.6362 0.6362 0.2234 0.6362 0.2234 0.6362 0.2234 0.6362 0.6362 0.6362 0.6362
256 319 008 282 0.2234 0.2234 0.2234 0.2234 0.6362 0.6362 0.2234 0.2234 0.2234 0.6362 0.2234 0.2234 0.2234 0.6362 0.6362 0.2234
319 008 282 274 0.2234 0.2234 0.2234 0.2234 0.6362 0.2234 0.2234 0.6362 0.2234 0.6362 0.2234 0.2234 0.2234 0.6362 0.2234 0.2234
008 282 274 042 0.2234 0.2234 0.2234 0.2234 0.6362 0.2234 0.6362 0.2234 0.6362 0.6362 0.6362 0.6362 0.2234 0.2234 0.2234 0.6362
282 274 042 075 0.2234 0.6362 0.2234 0.2234 0.6362 0.6362 0.6362 0.2234 0.6362 0.2234 0.2234 0.2234 0.2234 0.2234 0.2234 0.2234
274 042 075 034 0.6362 0.2234 0.6362 0.6362 0.6362 0.2234 0.2234 0.2234 0.6362 0.2234 0.6362 0.6362 0.2234 0.2234 0.2234 0.6362
042 075 034 012 0.2234 0.6362 0.2234 0.6362 0.2234 0.2234 0.2234 0.2234 0.6362 0.2234 0.2234 0.6362 0.6362 0.2234 0.2234 0.6362
075 034 012 162 0.2234 0.2234 0.2234 0.6362 0.6362 0.6362 0.6362 0.6362 0.6362 0.6362 0.2234 0.6362 0.2234 0.2234 0.6362 0.6362
034 012 162 312 0.6362 0.6362 0.6362 0.2234 0.2234 0.6362 0.2234 0.2234 0.2234 0.2234 0.6362 0.2234 0.6362 0.2234 0.6362 0.6362
012 162 312 151 0.2234 0.6362 0.6362 0.2234 0.2234 0.6362 0.2234 0.6362 0.6362 0.2234 0.2234 0.6362 0.2234 0.6362 0.2234 0.2234
162 312 151 080 0.6362 0.2234 0.2234 0.6362 0.2234 0.6362 0.2234 0.6362 0.2234 0.6362 0.2234 0.6362 0.2234 0.2234 0.6362 0.2234
312 151 080 268 0.6362 0.6362 0.2234 0.2234 0.6362 0.2234 0.6362 0.6362 0.6362 0.6362 0.2234 0.6362 0.6362 0.2234 0.2234 0.2234
151 080 268 156 0.2234 0.2234 0.6362 0.6362 0.6362 0.6362 0.2234 0.6362 0.6362 0.6362 0.2234 0.2234 0.6362 0.6362 0.2234 0.2234
080 268 156 018 0.6362 0.6362 0.2234 0.2234 0.6362 0.2234 0.2234 0.6362 0.2234 0.2234 0.2234 0.2234 0.2234 0.2234 0.6362 0.6362
268 156 018 318 0.2234 0.6362 0.6362 0.2234 0.2234 0.2234 0.6362 0.2234 0.6362 0.2234 0.2234 0.2234 0.6362 0.6362 0.2234 0.2234
156 018 318 035 0.2234 0.2234 0.6362 0.6362 0.2234 0.2234 0.6362 0.2234 0.2234 0.2234 0.6362 0.6362 0.2234 0.6362 0.2234 0.6362
018 318 035 021 0.2234 0.2234 0.6362 0.2234 0.6362 0.2234 0.2234 0.2234 0.6362 0.6362 0.6362 0.2234 0.6362 0.2234 0.2234 0.6362
318 035 021 349 0.6362 0.2234 0.2234 0.2234 0.6362 0.6362 0.2234 0.6362 0.6362 0.6362 0.6362 0.2234 0.2234 0.2234 0.2234 0.2234
035 021 349 341 0.2234 0.2234 0.2234 0.2234 0.6362 0.2234 0.6362 0.6362 0.6362 0.6362 0.6362 0.2234 0.6362 0.2234 0.2234 0.6362
021 349 341 149 0.2234 0.6362 0.6362 0.2234 0.6362 0.6362 0.6362 0.6362 0.6362 0.2234 0.6362 0.6362 0.6362 0.6362 0.6362 0.6362
349 341 149 036 0.6362 0.6362 0.6362 0.6362 0.2234 0.6362 0.2234 0.2234 0.2234 0.2234 0.2234 0.2234 0.2234 0.2234 0.2234 0.2234
341 149 036 003 0.6362 0.2234 0.6362 0.2234 0.2234 0.2234 0.6362 0.6362 0.6362 0.2234 0.6362 0.6362 0.6362 0.2234 0.2234 0.6362
149 036 003 355 0.2234 0.2234 0.2234 0.2234 0.6362 0.2234 0.6362 0.6362 0.2234 0.2234 0.2234 0.6362 0.2234 0.2234 0.6362 0.2234
036 003 355 079 0.6362 0.6362 0.2234 0.2234 0.2234 0.2234 0.6362 0.2234 0.6362 0.6362 0.6362 0.2234 0.6362 0.6362 0.2234 0.6362
003 355 079 095 0.6362 0.6362 0.6362 0.2234 0.2234 0.6362 0.6362 0.2234 0.6362 0.2234 0.2234 0.6362 0.6362 0.6362 0.6362 0.2234
355 079 095 117 0.6362 0.6362 0.2234 0.2234 0.2234 0.6362 0.6362 0.2234 0.6362 0.6362 0.6362 0.2234 0.6362 0.2234 0.6362 0.6362
079 095 117 161 0.6362 0.6362 0.2234 0.2234 0.2234 0.6362 0.6362 0.2234 0.2234 0.6362 0.2234 0.2234 0.6362 0.6362 0.2234 0.2234
095 117 161 148 0.2234 0.6362 0.6362 0.6362 0.6362 0.6362 0.6362 0.2234 0.2234 0.6362 0.6362 0.2234 0.6362 0.6362 0.2234 0.6362
117 161 148 105 0.2234 0.2234 0.6362 0.6362 0.6362 0.6362 0.6362 0.2234 0.6362 0.2234 0.6362 0.2234 0.2234 0.2234 0.2234 0.2234
161 148 105 041 0.6362 0.6362 0.2234 0.6362 0.6362 0.6362 0.6362 0.2234 0.6362 0.2234 0.2234 0.2234 0.2234 0.2234 0.6362 0.6362
148 105 041 243 0.2234 0.6362 0.6362 0.6362 0.2234 0.6362 0.6362 0.6362 0.2234 0.6362 0.2234 0.2234 0.6362 0.6362 0.6362 0.6362
105 041 243 089 0.6362 0.6362 0.2234 0.6362 0.6362 0.6362 0.2234 0.2234 0.6362 0.2234 0.6362 0.6362 0.6362 0.6362 0.2234 0.6362
041 243 089 160 0.2234 0.6362 0.6362 0.6362 0.6362 0.2234 0.2234 0.2234 0.2234 0.2234 0.6362 0.6362 0.6362 0.2234 0.6362 0.6362
243 089 160 211 0.6362 0.2234 0.2234 0.6362 0.6362 0.6362 0.2234 0.6362 0.2234 0.6362 0.2234 0.2234 0.2234 0.2234 0.2234 0.2234
089 160 211 207 0.6362 0.6362 0.2234 0.2234 0.6362 0.6362 0.6362 0.6362 0.6362 0.6362 0.2234 0.2234 0.6362 0.2234 0.2234 0.2234
160 211 207 030 0.2234 0.2234 0.6362 0.6362 0.2234 0.2234 0.6362 0.2234 0.2234 0.6362 0.6362 0.6362 0.2234 0.6362 0.2234 0.6362
211 207 030 339 0.2234 0.2234 0.6362 0.6362 0.6362 0.6362 0.2234 0.6362 0.6362 0.6362 0.6362 0.6362 0.2234 0.6362 0.2234 0.6362
207 030 339 014 0.6362 0.6362 0.6362 0.6362 0.6362 0.2234 0.2234 0.6362 0.2234 0.2234 0.6362 0.6362 0.6362 0.2234 0.6362 0.2234
030 339 014 330 0.2234 0.6362 0.2234 0.6362 0.6362 0.2234 0.6362 0.2234 0.2234 0.2234 0.6362 0.2234 0.2234 0.6362 0.2234 0.2234
339 014 330 053 0.6362 0.6362 0.6362 0.6362 0.2234 0.6362 0.6362 0.6362 0.2234 0.6362 0.6362 0.2234 0.2234 0.2234 0.6362 0.6362
014 330 053 251 0.2234 0.6362 0.2234 0.6362 0.6362 0.6362 0.6362 0.6362 0.2234 0.6362 0.2234 0.2234 0.6362 0.6362 0.6362 0.6362
330 053 251 046 0.6362 0.2234 0.6362 0.2234 0.6362 0.2234 0.2234 0.2234 0.6362 0.2234 0.6362 0.6362 0.6362 0.2234 0.2234 0.2234
053 251 046 288 0.2234 0.6362 0.6362 0.2234 0.6362 0.6362 0.6362 0.2234 0.2234 0.6362 0.2234 0.2234 0.2234 0.6362 0.2234 0.6362
251 046 288 191 0.2234 0.6362 0.2234 0.2234 0.2234 0.6362 0.6362 0.6362 0.2234 0.6362 0.6362 0.2234 0.6362 0.6362 0.6362 0.2234
046 288 191 269 0.2234 0.2234 0.6362 0.2234 0.6362 0.2234 0.6362 0.2234 0.2234 0.6362 0.6362 0.6362 0.6362 0.2234 0.6362 0.2234
288 191 269 294 0.2234 0.6362 0.6362 0.6362 0.2234 0.6362 0.2234 0.2234 0.2234 0.6362 0.2234 0.6362 0.2234 0.6362 0.6362 0.6362
191 269 294 343 0.6362 0.6362 0.2234 0.6362 0.6362 0.2234 0.6362 0.2234 0.6362 0.2234 0.2234 0.2234 0.2234 0.6362 0.2234 0.6362
269 294 343 147 0.2234 0.2234 0.6362 0.6362 0.2234 0.2234 0.2234 0.2234 0.6362 0.2234 0.2234 0.6362 0.2234 0.2234 0.2234 0.6362
294 343 147 204 0.6362 0.2234 0.2234 0.6362 0.6362 0.2234 0.6362 0.6362 0.2234 0.2234 0.6362 0.6362 0.6362 0.2234 0.6362 0.2234
343 147 204 306 0.2234 0.2234 0.6362 0.2234 0.6362 0.2234 0.6362 0.2234 0.2234 0.6362 0.6362 0.6362 0.2234 0.6362 0.2234 0.2234
147 204 306 197 0.2234 0.6362 0.2234 0.2234 0.2234 0.2234 0.6362 0.2234 0.6362 0.2234 0.6362 0.6362 0.6362 0.6362 0.2234 0.6362
204 306 197 170 0.6362 0.2234 0.6362 0.2234 0.2234 0.6362 0.2234 0.2234 0.2234 0.2234 0.6362 0.2234 0.2234 0.6362 0.6362 0.2234
306 197 170 286 0.6362 0.6362 0.2234 0.2234 0.2234 0.2234 0.6362 0.6362 0.6362 0.6362 0.2234 0.2234 0.2234 0.2234 0.6362 0.2234
197 170 286 300 0.2234 0.6362 0.2234 0.2234 0.2234 0.2234 0.2234 0.6362 0.6362 0.2234 0.2234 0.2234 0.2234 0.2234 0.2234 0.6362
170 286 300 100 0.2234 0.6362 0.2234 0.2234 0.2234 0.6362 0.2234 0.2234 0.6362 0.2234 0.6362 0.6362 0.2234 0.6362 0.2234 0.6362
286 300 100 130 0.2234 0.2234 0.6362 0.2234 0.2234 0.2234 0.6362 0.2234 0.2234 0.6362 0.6362 0.6362 0.2234 0.6362 0.6362 0.2234
300 100 130 098 0.2234 0.6362 0.6362 0.6362 0.2234 0.2234 0.6362 0.6362 0.6362 0.2234 0.2234 0.6362 0.2234 0.6362 0.2234 0.2234
100 130 098 283 0.6362 0.2234 0.2234 0.6362 0.2234 0.2234 0.6362 0.6362 0.6362 0.2234 0.2234 0.6362 0.6362 0.6362 0.6362 0.6362
130 098 283 257 0.2234 0.2234 0.6362 0.6362 0.2234 0.6362 0.2234 0.2234 0.2234 0.6362 0.2234 0.2234 0.2234 0.2234 0.6362 0.6362
098 283 257 111 0.6362 0.2234 0.6362 0.2234 0.2234 0.2234 0.2234 0.2234 0.6362 0.2234 0.2234 0.6362 0.2234 0.2234 0.6362 0.2234
283 257 111 123 0.2234 0.6362 0.6362 0.6362 0.2234 0.2234 0.6362 0.2234 0.6362 0.6362 0.6362 0.6362 0.2234 0.2234 0.6362 0.2234
257 111 123 072 0.2234 0.2234 0.2234 0.6362 0.2234 0.2234 0.6362 0.2234 0.6362 0.6362 0.2234 0.6362 0.2234 0.6362 0.6362 0.6362
111 123 072 124 0.2234 0.6362 0.6362 0.2234 0.6362 0.6362 0.2234 0.2234 0.2234 0.6362 0.6362 0.2234 0.2234 0.2234 0.6362 0.2234
123 072 124 081 0.6362 0.6362 0.2234 0.2234 0.6362 0.2234 0.6362 0.2234 0.6362 0.2234 0.2234 0.6362 0.2234 0.2234 0.2234 0.6362
072 124 081 114 0.6362 0.2234 0.2234 0.6362 0.2234 0.2234 0.6362 0.6362 0.2234 0.2234 0.2234 0.2234 0.6362 0.6362 0.6362 0.2234
124 081 114 013 0.2234 0.6362 0.2234 0.6362 0.2234 0.6362 0.6362 0.2234 0.2234 0.2234 0.6362 0.2234 0.6362 0.6362 0.6362 0.6362
081 114 013 092 0.2234 0.2234 0.2234 0.6362 0.6362 0.6362 0.6362 0.2234 0.6362 0.6362 0.6362 0.2234 0.2234 0.6362 0.6362 0.2234
114 013 092 304 0.2234 0.2234 0.2234 0.6362 0.6362 0.2234 0.2234 0.6362 0.2234 0.2234 0.2234 0.2234 0.6362 0.6362 0.2234 0.6362
013 092 304 307 0.2234 0.2234 0.6362 0.6362 0.2234 0.2234 0.2234 0.6362 0.2234 0.2234 0.6362 0.6362 0.6362 0.6362 0.6362 0.6362
092 304 307 244 0.2234 0.2234 0.2234 0.2234 0.2234 0.2234 0.6362 0.6362 0.6362 0.6362 0.2234 0.6362 0.6362 0.2234 0.6362 0.2234
304 307 244 169 0.2234 0.6362 0.6362 0.6362 0.6362 0.2234 0.2234 0.6362 0.6362 0.2234 0.6362 0.2234 0.6362 0.2234 0.2234 0.2234
307 244 169 323 0.6362 0.6362 0.6362 0.2234 0.2234 0.6362 0.6362 0.2234 0.6362 0.2234 0.6362 0.2234 0.2234 0.6362 0.6362 0.2234
244 169 323 271 0.2234 0.2234 0.2234 0.2234 0.2234 0.2234 0.2234 0.6362 0.2234 0.6362 0.2234 0.2234 0.6362 0.6362 0.6362 0.6362
169 323 271 112 0.6362 0.6362 0.2234 0.6362 0.2234 0.2234 0.2234 0.2234 0.6362 0.6362 0.2234 0.6362 0.2234 0.6362 0.6362 0.2234
323 271 112 024 0.2234 0.6362 0.2234 0.2234 0.6362 0.6362 0.6362 0.2234 0.2234 0.2234 0.2234 0.2234 0.6362 0.2234 0.6362 0.6362
271 112 024 278 0.2234 0.2234 0.2234 0.6362 0.2234 0.2234 0.2234 0.6362 0.6362 0.2234 0.2234 0.6362 0.2234 0.6362 0.6362 0.2234
112 024 278 348 0.6362 0.2234 0.6362 0.6362 0.2234 0.2234 0.6362 0.2234 0.2234 0.2234 0.2234 0.6362 0.2234 0.6362 0.2234 0.6362
024 278 348 144 0.2234 0.2234 0.2234 0.6362 0.6362 0.2234 0.6362 0.6362 0.2234 0.2234 0.6362 0.6362 0.2234 0.2234 0.6362 0.6362
278 348 144 214 0.2234 0.6362 0.2234 0.2234 0.6362 0.6362 0.2234 0.6362 0.6362 0.2234 0.6362 0.2234 0.2234 0.6362 0.2234 0.6362
348 144 214 023 0.2234 0.6362 0.6362 0.2234 0.2234 0.6362 0.2234 0.6362 0.2234 0.2234 0.6362 0.6362 0.2234 0.2234 0.6362 0.6362
144 214 023 171 0.2234 0.2234 0.6362 0.2234 0.2234 0.6362 0.6362 0.2234 0.6362 0.6362 0.2234 0.2234 0.2234 0.6362 0.2234 0.2234
214 023 171 309 0.6362 0.6362 0.2234 0.2234 0.6362 0.6362 0.2234 0.6362 0.2234 0.6362 0.6362 0.2234 0.2234 0.6362 0.2234 0.6362
023 171 309 210 0.2234 0.2234 0.2234 0.6362 0.6362 0.2234 0.2234 0.6362 0.6362 0.6362 0.6362 0.6362 0.6362 0.2234 0.2234 0.6362
171 309 210 230 0.2234 0.6362 0.2234 0.2234 0.6362 0.2234 0.6362 0.2234 0.6362 0.2234 0.2234 0.6362 0.6362 0.2234 0.6362 0.6362
309 210 230 190 0.6362 0.2234 0.6362 0.6362 0.2234 0.6362 0.2234 0.6362 0.2234 0.6362 0.2234 0.2234 0.2234 0.2234 0.2234 0.2234
210 230 190 338 0.2234 0.6362 0.6362 0.2234 0.2234 0.2234 0.2234 0.2234 0.6362 0.6362 0.2234 0.6362 0.2234 0.2234 0.6362 0.2234
230 190 338 066 0.2234 0.2234 0.2234 0.2234 0.6362 0.2234 0.6362 0.2234 0.6362 0.6362 0.2234 0.6362 0.2234 0.6362 0.2234 0.6362
190 338 066 205 0.2234 0.2234 0.2234 0.6362 0.2234 0.6362 0.2234 0.6362 0.6362 0.6362 0.2234 0.2234 0.2234 0.2234 0.6362 0.2234
338 066 205 252 0.6362 0.6362 0.2234 0.6362 0.6362 0.6362 0.6362 0.6362 0.6362 0.6362 0.2234 0.6362 0.6362 0.6362 0.2234 0.2234
066 205 252 188 0.2234 0.2234 0.6362 0.2234 0.2234 0.6362 0.2234 0.2234 0.2234 0.2234 0.6362 0.6362 0.2234 0.2234 0.6362 0.2234
205 252 188 027 0.2234 0.2234 0.6362 0.2234 0.6362 0.6362 0.2234 0.2234 0.2234 0.2234 0.6362 0.2234 0.2234 0.2234 0.2234 0.2234
252 188 027 354 0.2234 0.6362 0.2234 0.6362 0.2234 0.2234 0.6362 0.2234 0.6362 0.6362 0.2234 0.6362 0.6362 0.2234 0.6362 0.2234
188 027 354 196 0.6362 0.6362 0.6362 0.6362 0.2234 0.2234 0.6362 0.2234 0.2234 0.6362 0.2234 0.2234 0.2234 0.2234 0.2234 0.6362
027 354 196 180 0.2234 0.2234 0.6362 0.2234 0.6362 0.6362 0.6362 0.6362 0.6362 0.2234 0.6362 0.6362 0.2234 0.2234 0.2234 0.2234
354 196 180 037 0.2234 0.2234 0.2234 0.2234 0.6362 0.6362 0.2234 0.6362 0.6362 0.2234 0.6362 0.6362 0.2234 0.2234 0.6362 0.6362
196 180 037 074 0.2234 0.2234 0.6362 0.2234 0.6362 0.6362 0.6362 0.6362 0.6362 0.2234 0.2234 0.2234 0.6362 0.2234 0.2234 0.6362
180 037 074 065 0.2234 0.2234 0.2234 0.6362 0.6362 0.6362 0.6362 0.6362 0.6362 0.6362 0.6362 0.2234 0.2234 0.2234 0.6362 0.2234
037 074 065 198 0.6362 0.6362 0.2234 0.6362 0.6362 0.2234 0.2234 0.2234 0.6362 0.2234 0.2234 0.2234 0.2234 0.2234 0.6362 0.6362
074 065 198 113 0.2234 0.6362 0.2234 0.2234 0.2234 0.6362 0.2234 0.2234 0.6362 0.2234 0.2234 0.6362 0.2234 0.6362 0.2234 0.2234
065 198 113 248 0.6362 0.2234 0.6362 0.6362 0.2234 0.6362 0.2234 0.6362 0.6362 0.6362 0.2234 0.6362 0.2234 0.2234 0.2234 0.2234
198 113 248 184 0.2234 0.6362 0.2234 0.6362 0.2234 0.2234 0.6362 0.2234 0.6362 0.2234 0.6362 0.2234 0.2234 0.2234 0.2234 0.6362
113 248 184 301 0.2234 0.6362 0.6362 0.6362 0.6362 0.6362 0.6362 0.2234 0.2234 0.2234 0.6362 0.2234 0.6362 0.6362 0.6362 0.6362
248 184 301 097 0.2234 0.2234 0.2234 0.2234 0.2234 0.6362 0.6362 0.6362 0.2234 0.6362 0.6362 0.2234 0.6362 0.2234 0.6362 0.2234
184 301 097 071 0.6362 0.2234 0.2234 0.2234 0.6362 0.6362 0.6362 0.2234 0.6362 0.2234 0.6362 0.6362 0.6362 0.6362 0.6362 0.6362
301 097 071 133 0.6362 0.2234 0.2234 0.6362 0.6362 0.6362 0.6362 0.2234 0.2234 0.6362 0.2234 0.6362 0.6362 0.6362 0.6362 0.2234
097 071 133 216 0.2234 0.2234 0.6362 0.6362 0.2234 0.6362 0.2234 0.6362 0.2234 0.6362 0.2234 0.6362 0.2234 0.2234 0.2234 0.6362
071 133 216 275 0.6362 0.6362 0.6362 0.6362 0.6362 0.2234 0.2234 0.6362 0.6362 0.2234 0.6362 0.6362 0.2234 0.6362 0.2234 0.2234
133 216 275 181 0.6362 0.2234 0.2234 0.2234 0.6362 0.6362 0.2234 0.6362 0.2234 0.6362 0.2234 0.2234 0.2234 0.6362 0.6362 0.6362
216 275 181 101 0.2234 0.2234 0.2234 0.6362 0.6362 0.2234 0.2234 0.6362 0.2234 0.2234 0.2234 0.6362 0.6362 0.2234 0.6362 0.6362
275 181 101 141 0.6362 0.6362 0.2234 0.6362 0.6362 0.2234 0.6362 0.2234 0.2234 0.6362 0.6362 0.2234 0.6362 0.2234 0.2234 0.2234
181 101 141 209 0.6362 0.2234 0.6362 0.2234 0.6362 0.2234 0.6362 0.2234 0.2234 0.6362 0.2234 0.2234 0.6362 0.6362 0.2234 0.2234
101 141 209 125 0.2234 0.2234 0.2234 0.6362 0.2234 0.2234 0.6362 0.2234 0.2234 0.6362 0.2234 0.6362 0.6362 0.2234 0.6362 0.2234
141 209 125 083 0.6362 0.6362 0.6362 0.6362 0.2234 0.2234 0.6362 0.6362 0.2234 0.6362 0.2234 0.6362 0.2234 0.2234 0.2234 0.2234
209 125 083 324 0.6362 0.6362 0.2234 0.2234 0.2234 0.2234 0.6362 0.6362 0.6362 0.6362 0.6362 0.6362 0.6362 0.2234 0.2234 0.2234
125 083 324 280 0.6362 0.6362 0.6362 0.6362 0.2234 0.2234 0.2234 0.2234 0.6362 0.2234 0.2234 0.6362 0.2234 0.2234 0.6362 0.2234
083 324 280 070 0.2234 0.2234 0.2234 0.2234 0.2234 0.6362 0.6362 0.6362 0.2234 0.2234 0.2234 0.2234 0.6362 0.6362 0.2234 0.2234
324 280 070 069 0.2234 0.6362 0.2234 0.2234 0.6362 0.2234 0.2234 0.2234 0.6362 0.6362 0.6362 0.2234 0.6362 0.2234 0.6362 0.6362
280 070 069 333 0.6362 0.6362 0.6362 0.6362 0.2234 0.2234 0.6362 0.6362 0.2234 0.2234 0.2234 0.2234 0.6362 0.2234 0.6362 0.2234
070 069 333 353 0.6362 0.2234 0.2234 0.2234 0.6362 0.2234 0.6362 0.2234 0.6362 0.6362 0.2234 0.2234 0.6362 0.6362 0.6362 0.2234
069 333 353 187 0.6362 0.2234 0.6362 0.2234 0.2234 0.2234 0.6362 0.2234 0.2234 0.6362 0.6362 0.2234 0.6362 0.6362 0.6362 0.6362
333 353 187 043 0.6362 0.2234 0.2234 0.6362 0.6362 0.6362 0.6362 0.6362 0.2234 0.6362 0.2234 0.6362 0.6362 0.6362 0.6362 0.6362
353 187 043 335 0.6362 0.6362 0.2234 0.6362 0.6362 0.2234 0.2234 0.2234 0.2234 0.6362 0.2234 0.2234 0.2234 0.6362 0.6362 0.6362
187 043 335 044 0.6362 0.6362 0.6362 0.6362 0.6362 0.6362 0.2234 0.6362 0.6362 0.6362 0.6362 0.2234 0.6362 0.2234 0.2234 0.6362
043 335 044 326 0.6362 0.2234 0.6362 0.2234 0.2234 0.6362 0.6362 0.2234 0.6362 0.6362 0.2234 0.6362 0.2234 0.2234 0.2234 0.6362
335 044 326 346 0.6362 0.2234 0.2234 0.6362 0.6362 0.6362 0.6362 0.2234 0.6362 0.6362 0.6362 0.6362 0.2234 0.2234 0.2234 0.2234
044 326 346 260 0.6362 0.6362 0.6362 0.6362 0.2234 0.6362 0.6362 0.2234 0.6362 0.6362 0.6362 0.2234 0.2234 0.6362 0.2234 0.6362
326 346 260 189 0.6362 0.2234 0.2234 0.2234 0.2234 0.6362 0.2234 0.2234 0.2234 0.6362 0.6362 0.6362 0.6362 0.6362 0.2234 0.2234
346 260 189 010 0.2234 0.2234 0.6362 0.2234 0.6362 0.6362 0.2234 0.2234 0.2234 0.6362 0.2234 0.2234 0.2234 0.2234 0.6362 0.6362
260 189 010 004 0.6362 0.6362 0.2234 0.6362 0.6362 0.6362 0.6362 0.2234 0.6362 0.2234 0.2234 0.6362 0.2234 0.6362 0.6362 0.6362
189 010 004 321 0.2234 0.6362 0.2234 0.2234 0.6362 0.2234 0.2234 0.2234 0.2234 0.2234 0.6362 0.6362 0.2234 0.2234 0.2234 0.2234
010 004 321 352 0.2234 0.2234 0.2234 0.2234 0.2234 0.6362 0.2234 0.6362 0.6362 0.6362 0.6362 0.2234 0.6362 0.2234 0.2234 0.2234
004 321 352 305 0.2234 0.2234 0.6362 0.2234 0.6362 0.2234 0.6362 0.2234 0.2234 0.6362 0.2234 0.6362 0.6362 0.6362 0.6362 0.6362
321 352 305 182 0.2234 0.6362 0.6362 0.6362 0.2234 0.6362 0.2234 0.2234 0.2234 0.2234 0.6362 0.2234 0.6362 0.6362 0.2234 0.2234
352 305 182 068 0.6362 0.2234 0.2234 0.6362 0.2234 0.6362 0.6362 0.6362 0.6362 0.6362 0.6362 0.2234 0.6362 0.2234 0.6362 0.2234
305 182 068 175 0.6362 0.6362 0.2234 0.6362 0.6362 0.2234 0.2234 0.2234 0.6362 0.6362 0.6362 0.2234 0.6362 0.2234 0.2234 0.6362
182 068 175 284 0.2234 0.2234 0.2234 0.6362 0.6362 0.2234 0.2234 0.2234 0.6362 0.2234 0.6362 0.6362 0.6362 0.6362 0.6362 0.2234
068 175 284 245 0.2234 0.6362 0.6362 0.2234 0.2234 0.6362 0.2234 0.2234 0.6362 0.6362 0.6362 0.2234 0.2234 0.2234 0.2234 0.6362
175 284 245 235 0.6362 0.2234 0.6362 0.2234 0.2234 0.2234 0.6362 0.2234 0.6362 0.6362 0.6362 0.6362 0.2234 0.6362 0.6362 0.6362
284 245 235 289 0.6362 0.6362 0.2234 0.6362 0.6362 0.6362 0.2234 0.6362 0.6362 0.6362 0.6362 0.6362 0.2234 0.2234 0.2234 0.2234
245 235 289 140 0.6362 0.6362 0.2234 0.2234 0.2234 0.6362 0.6362 0.6362 0.6362 0.2234 0.6362 0.6362 0.2234 0.6362 0.2234 0.6362
235 289 140 203 0.6362 0.2234 0.2234 0.6362 0.6362 0.2234 0.2234 0.6362 0.2234 0.6362 0.6362 0.6362 0.2234 0.2234 0.2234 0.6362
289 140 203 202 0.6362 0.6362 0.6362 0.2234 0.2234 0.2234 0.6362 0.2234 0.6362 0.6362 0.6362 0.2234 0.2234 0.6362 0.2234 0.2234
140 203 202 259 0.6362 0.2234 0.2234 0.6362 0.2234 0.2234 0.6362 0.2234 0.6362 0.6362 0.6362 0.2234 0.2234 0.6362 0.2234 0.2234
203 202 259 276 0.6362 0.2234 0.6362 0.2234 0.2234 0.2234 0.6362 0.2234 0.2234 0.2234 0.6362 0.6362 0.6362 0.6362 0.6362 0.6362
202 259 276 132 0.2234 0.6362 0.6362 0.2234 0.6362 0.2234 0.2234 0.6362 0.6362 0.2234 0.2234 0.2234 0.2234 0.6362 0.2234 0.6362
259 276 132 347 0.2234 0.6362 0.2234 0.6362 0.6362 0.2234 0.2234 0.6362 0.2234 0.6362 0.6362 0.2234 0.2234 0.6362 0.2234 0.2234
276 132 347 277 0.6362 0.2234 0.2234 0.2234 0.6362 0.6362 0.6362 0.2234 0.2234 0.2234 0.2234 0.6362 0.6362 0.6362 0.2234 0.2234
132 347 277 302 0.2234 0.6362 0.2234 0.6362 0.2234 0.2234 0.6362 0.2234 0.2234 0.2234 0.2234 0.2234 0.6362 0.6362 0.6362 0.2234
347 277 302 249 0.2234 0.2234 0.6362 0.6362 0.6362 0.2234 0.2234 0.2234 0.2234 0.2234 0.6362 0.6362 0.2234 0.6362 0.2234 0.6362
277 302 249 226 0.6362 0.6362 0.2234 0.6362 0.2234 0.6362 0.2234 0.6362 0.2234 0.6362 0.2234 0.6362 0.2234 0.6362 0.6362 0.6362
302 249 226 174 0.6362 0.2234 0.6362 0.2234 0.2234 0.2234 0.6362 0.2234 0.2234 0.6362 0.2234 0.2234 0.2234 0.2234 0.6362 0.6362
249 226 174 096 0.6362 0.6362 0.6362 0.6362 0.6362 0.6362 0.6362 0.2234 0.6362 0.2234 0.6362 0.2234 0.2234 0.2234 0.2234 0.6362
226 174 096 135 0.6362 0.6362 0.6362 0.6362 0.2234 0.2234 0.6362 0.6362 0.6362 0.6362 0.2234 0.2234 0.6362 0.6362 0.2234 0.6362
174 096 135 255 0.6362 0.6362 0.6362 0.6362 0.6362 0.6362 0.6362 0.2234 0.6362 0.2234 0.6362 0.6362 0.6362 0.6362 0.6362 0.6362
096 135 255 270 0.6362 0.2234 0.2234 0.2234 0.2234 0.2234 0.6362 0.2234 0.2234 0.2234 0.6362 0.2234 0.6362 0.2234 0.6362 0.2234
135 255 270 039 0.2234 0.6362 0.6362 0.2234 0.2234 0.2234 0.2234 0.2234 0.2234 0.2234 0.6362 0.6362 0.2234 0.2234 0.2234 0.6362
255 270 039 029 0.2234 0.2234 0.6362 0.2234 0.6362 0.2234 0.6362 0.6362 0.6362 0.6362 0.2234 0.6362 0.2234 0.2234 0.6362 0.2234
270 039 029 250 0.2234 0.2234 0.2234 0.2234 0.6362 0.2234 0.2234 0.2234 0.6362 0.2234 0.2234 0.2234 0.6362 0.2234 0.2234 0.2234
039 029 250 001 0.2234 0.6362 0.2234 0.2234 0.2234 0.6362 0.2234 0.2234 0.6362 0.2234 0.2234 0.6362 0.6362 0.2234 0.2234 0.2234
029 250 001 168 0.6362 0.2234 0.2234 0.2234 0.6362 0.6362 0.6362 0.6362 0.6362 0.6362 0.6362 0.2234 0.6362 0.2234 0.6362 0.2234
250 001 168 327 0.2234 0.2234 0.2234 0.2234 0.6362 0.6362 0.2234 0.6362 0.6362 0.2234 0.2234 0.2234 0.6362 0.2234 0.6362 0.6362
001 168 327 224 0.6362 0.6362 0.6362 0.6362 0.2234 0.6362 0.6362 0.6362 0.6362 0.2234 0.6362 0.2234 0.6362 0.6362 0.6362 0.6362
168 327 224 120 0.2234 0.6362 0.6362 0.2234 0.6362 0.6362 0.6362 0.6362 0.6362 0.2234 0.6362 0.6362 0.2234 0.6362 0.2234 0.6362
327 224 120 342 0.2234 0.2234 0.6362 0.2234 0.2234 0.2234 0.2234 0.6362 0.2234 0.2234 0.6362 0.6362 0.6362 0.6362 0.2234 0.2234
224 120 342 219 0.2234 0.2234 0.2234 0.6362 0.2234 0.6362 0.2234 0.2234 0.2234 0.2234 0.6362 0.2234 0.2234 0.2234 0.6362 0.6362
120 342 219 231 0.2234 0.6362 0.6362 0.6362 0.2234 0.2234 0.2234 0.2234 0.2234 0.6362 0.6362 0.2234 0.2234 0.6362 0.2234 0.6362
342 219 231 128 0.6362 0.2234 0.6362 0.2234 0.6362 0.2234 0.6362 0.2234 0.2234 0.6362 0.6362 0.2234 0.6362 0.2234 0.6362 0.2234
219 231 128 104 0.2234 0.6362 0.6362 0.2234 0.2234 0.6362 0.2234 0.2234 0.2234 0.6362 0.6362 0.6362 0.2234 0.2234 0.6362 0.6362
231 128 104 019 0.2234 0.2234 0.6362 0.6362 0.2234 0.2234 0.2234 0.2234 0.6362 0.2234 0.2234 0.6362 0.2234 0.6362 0.2234 0.6362
128 104 019 325 0.6362 0.6362 0.6362 0.2234 0.6362 0.2234 0.6362 0.2234 0.6362 0.2234 0.2234 0.6362 0.2234 0.2234 0.2234 0.6362
104 019 325 183 0.6362 0.6362 0.6362 0.2234 0.6362 0.2234 0.6362 0.2234 0.2234 0.2234 0.6362 0.6362 0.6362 0.6362 0.2234 0.6362
019 325 183 118 0.6362 0.2234 0.2234 0.6362 0.6362 0.6362 0.2234 0.2234 0.2234 0.2234 0.2234 0.2234 0.6362 0.2234 0.6362 0.2234
325 183 118 173 0.6362 0.6362 0.2234 0.2234 0.6362 0.6362 0.6362 0.2234 0.2234 0.6362 0.6362 0.6362 0.6362 0.6362 0.2234 0.6362
183 118 173 087 0.2234 0.2234 0.6362 0.2234 0.2234 0.2234 0.6362 0.6362 0.6362 0.2234 0.2234 0.6362 0.2234 0.2234 0.6362 0.2234
118 173 087 315 0.2234 0.6362 0.6362 0.2234 0.2234 0.2234 0.2234 0.6362 0.2234 0.2234 0.2234 0.6362 0.2234 0.6362 0.2234 0.2234
173 087 315 337 0.2234 0.2234 0.2234 0.2234 0.2234 0.6362 0.2234 0.2234 0.6362 0.6362 0.6362 0.6362 0.2234 0.6362 0.6362 0.6362
087 315 337 194 0.6362 0.6362 0.2234 0.2234 0.2234 0.2234 0.2234 0.6362 0.2234 0.2234 0.2234 0.6362 0.2234 0.2234 0.2234 0.2234
315 337 194 254 0.6362 0.6362 0.2234 0.2234 0.2234 0.6362 0.2234 0.6362 0.2234 0.2234 0.2234 0.2234 0.2234 0.6362 0.2234 0.6362
337 194 254 322 0.2234 0.6362 0.6362 0.6362 0.2234 0.2234 0.6362 0.6362 0.6362 0.6362 0.6362 0.6362 0.2234 0.6362 0.6362 0.2234
194 254 322 218 0.6362 0.2234 0.2234 0.6362 0.6362 0.2234 0.6362 0.2234 0.6362 0.6362 0.2234 0.6362 0.2234 0.2234 0.6362 0.6362
254 322 218 263 0.6362 0.6362 0.2234 0.6362 0.2234 0.6362 0.2234 0.6362 0.6362 0.6362 0.2234 0.2234 0.6362 0.2234 0.6362 0.2234
322 218 263 060 0.6362 0.6362 0.2234 0.2234 0.2234 0.2234 0.6362 0.2234 0.2234 0.6362 0.2234 0.6362 0.2234 0.2234 0.2234 0.2234
218 263 060 157 0.6362 0.2234 0.6362 0.6362 0.2234 0.6362 0.2234 0.6362 0.2234 0.2234 0.2234 0.6362 0.2234 0.2234 0.2234 0.2234
263 060 157 328 0.6362 0.6362 0.2234 0.2234 0.6362 0.2234 0.2234 0.6362 0.6362 0.6362 0.6362 0.2234 0.2234 0.6362 0.2234 0.2234
060 157 328 155 0.2234 0.2234 0.2234 0.6362 0.2234 0.2234 0.6362 0.2234 0.2234 0.6362 0.6362 0.2234 0.6362 0.2234 0.6362 0.2234
157 328 155 303 0.6362 0.2234 0.6362 0.2234 0.6362 0.2234 0.2234 0.2234 0.6362 0.6362 0.2234 0.6362 0.6362 0.6362 0.6362 0.2234
328 155 303 131 0.6362 0.6362 0.2234 0.2234 0.2234 0.6362 0.2234 0.2234 0.2234 0.2234 0.2234 0.2234 0.2234 0.2234 0.2234 0.6362
155 303 131 047 0.6362 0.6362 0.6362 0.2234 0.2234 0.2234 0.6362 0.2234 0.6362 0.6362 0.2234 0.2234 0.6362 0.2234 0.2234 0.2234
303 131 047 129 0.2234 0.2234 0.2234 0.6362 0.6362 0.6362 0.2234 0.6362 0.6362 0.6362 0.2234 0.6362 0.6362 0.2234 0.6362 0.6362
131 047 129 206 0.6362 0.2234 0.2234 0.6362 0.6362 0.6362 0.6362 0.6362 0.2234 0.6362 0.6362 0.6362 0.2234 0.2234 0.2234 0.2234
047 129 206 031 0.2234 0.6362 0.6362 0.2234 0.6362 0.2234 0.6362 0.6362 0.6362 0.2234 0.2234 0.2234 0.6362 0.2234 0.6362 0.2234
129 206 031 281 0.2234 0.6362 0.6362 0.6362 0.2234 0.2234 0.2234 0.2234 0.6362 0.6362 0.2234 0.2234 0.6362 0.6362 0.2234 0.2234
206 031 281 220 0.2234 0.6362 0.6362 0.2234 0.2234 0.2234 0.2234 0.6362 0.2234 0.6362 0.6362 0.2234 0.6362 0.2234 0.2234 0.2234
031 281 220 314 0.6362 0.2234 0.2234 0.6362 0.2234 0.6362 0.2234 0.2234 0.6362 0.2234 0.2234 0.2234 0.6362 0.2234 0.2234 0.6362
281 220 314 137 0.6362 0.6362 0.2234 0.2234 0.6362 0.6362 0.6362 0.2234 0.2234 0.6362 0.6362 0.2234 0.2234 0.6362 0.6362 0.2234
220 314 137 299 0.6362 0.6362 0.2234 0.2234 0.2234 0.2234 0.6362 0.6362 0.6362 0.6362 0.2234 0.6362 0.6362 0.2234 0.2234 0.6362
314 137 299 076 0.6362 0.6362 0.6362 0.2234 0.2234 0.2234 0.2234 0.2234 0.2234 0.6362 0.2234 0.6362 0.2234 0.2234 0.6362 0.6362
137 299 076 017 0.2234 0.2234 0.6362 0.2234 0.6362 0.6362 0.2234 0.2234 0.2234 0.6362 0.6362 0.6362 0.2234 0.2234 0.6362 0.2234
299 076 017 317 0.6362 0.2234 0.6362 0.6362 0.2234 0.2234 0.2234 0.2234 0.6362 0.6362 0.2234 0.2234 0.2234 0.6362 0.2234 0.2234
076 017 317 007 0.2234 0.2234 0.2234 0.6362 0.2234 0.2234 0.2234 0.6362 0.2234 0.6362 0.2234 0.2234 0.6362 0.2234 0.6362 0.6362
017 317 007 062 0.6362 0.2234 0.6362 0.2234 0.6362 0.6362 0.2234 0.2234 0.2234 0.2234 0.2234 0.6362 0.6362 0.2234 0.6362 0.6362
317 007 062 237 0.2234 0.2234 0.6362 0.6362 0.2234 0.2234 0.6362 0.2234 0.2234 0.2234 0.6362 0.6362 0.6362 0.2234 0.6362 0.2234
007 062 237 239 0.6362 0.2234 0.6362 0.6362 0.6362 0.2234 0.2234 0.6362 0.6362 0.2234 0.2234 0.2234 0.2234 0.2234 0.6362 0.6362
062 237 239 139 0.2234 0.6362 0.2234 0.2234 0.2234 0.6362 0.2234 0.2234 0.2234 0.2234 0.6362 0.6362 0.2234 0.2234 0.6362 0.6362
237 239 139 293 0.2234 0.6362 0.6362 0.6362 0.2234 0.2234 0.6362 0.6362 0.2234 0.6362 0.6362 0.2234 0.2234 0.2234 0.6362 0.6362
239 139 293 172 0.2234 0.2234 0.6362 0.6362 0.6362 0.6362 0.6362 0.6362 0.2234 0.6362 0.6362 0.2234 0.2234 0.2234 0.2234 0.6362
139 293 172 159 0.6362 0.2234 0.2234 0.2234 0.2234 0.2234 0.6362 0.2234 0.6362 0.6362 0.6362 0.6362 0.6362 0.2234 0.2234 0.6362
293 172 159 051 0.2234 0.6362 0.6362 0.2234 0.6362 0.6362 0.6362 0.2234 0.6362 0.6362 0.2234 0.2234 0.6362 0.6362 0.6362 0.6362
172 159 051 185 0.6362 0.6362 0.2234 0.6362 0.6362 0.6362 0.6362 0.6362 0.6362 0.2234 0.2234 0.6362 0.6362 0.6362 0.2234 0.2234
159 051 185 022 0.6362 0.2234 0.2234 0.6362 0.6362 0.6362 0.2234 0.2234 0.6362 0.6362 0.2234 0.2234 0.6362 0.2234 0.6362 0.2234
051 185 022 232 0.6362 0.6362 0.2234 0.2234 0.6362 0.6362 0.2234 0.2234 0.6362 0.6362 0.6362 0.2234 0.2234 0.2234 0.2234 0.2234
185 022 232 150 0.2234 0.2234 0.6362 0.6362 0.6362 0.2234 0.6362 0.2234 0.6362 0.6362 0.6362 0.6362 0.2234 0.6362 0.2234 0.6362
022 232 150 273 0.6362 0.6362 0.6362 0.2234 0.6362 0.6362 0.2234 0.2234 0.6362 0.2234 0.2234 0.2234 0.6362 0.2234 0.2234 0.6362
232 150 273 142 0.6362 0.2234 0.2234 0.6362 0.6362 0.2234 0.6362 0.6362 0.2234 0.2234 0.6362 0.6362 0.6362 0.2234 0.6362 0.2234
150 273 142 152 0.2234 0.6362 0.2234 0.6362 0.6362 0.2234 0.6362 0.2234 0.6362 0.6362 0.6362 0.2234 0.2234 0.2234 0.6362 0.6362
273 142 152 005 0.6362 0.2234 0.6362 0.2234 0.6362 0.2234 0.2234 0.6362 0.2234 0.6362 0.6362 0.2234 0.6362 0.2234 0.2234 0.6362
142 152 005 057 0.2234 0.6362 0.2234 0.2234 0.2234 0.2234 0.2234 0.6362 0.6362 0.2234 0.2234 0.6362 0.2234 0.2234 0.6362 0.6362
152 005 057 266 0.2234 0.2234 0.6362 0.6362 0.6362 0.6362 0.2234 0.2234 0.6362 0.6362 0.2234 0.6362 0.6362 0.2234 0.2234 0.6362
005 057 266 103 0.6362 0.2234 0.2234 0.2234 0.6362 0.2234 0.6362 0.6362 0.6362 0.6362 0.6362 0.2234 0.2234 0.6362 0.6362 0.6362
057 266 103 006 0.2234 0.6362 0.6362 0.2234 0.2234 0.2234 0.2234 0.6362 0.6362 0.2234 0.6362 0.6362 0.6362 0.6362 0.2234 0.2234
266 103 006 165 0.2234 0.6362 0.2234 0.2234 0.2234 0.6362 0.2234 0.6362 0.2234 0.2234 0.2234 0.6362 0.6362 0.6362 0.6362 0.6362
103 006 165 195 0.2234 0.6362 0.2234 0.6362 0.2234 0.6362 0.2234 0.6362 0.6362 0.6362 0.2234 0.6362 0.2234 0.6362 0.2234 0.6362
006 165 195 086 0.6362 0.2234 0.2234 0.2234 0.6362 0.6362 0.6362 0.2234 0.2234 0.6362 0.6362 0.6362 0.6362 0.2234 0.2234 0.6362
165 195 086 291 0.6362 0.2234 0.2234 0.6362 0.2234 0.2234 0.6362 0.2234 0.2234 0.6362 0.6362 0.2234 0.2234 0.6362 0.6362 0.6362
195 086 291 164 0.2234 0.6362 0.6362 0.2234 0.2234 0.6362 0.2234 0.6362 0.6362 0.2234 0.6362 0.2234 0.2234 0.2234 0.2234 0.6362
086 291 164 028 0.6362 0.6362 0.2234 0.2234 0.6362 0.2234 0.6362 0.6362 0.2234 0.6362 0.6362 0.6362 0.2234 0.2234 0.6362 0.6362
291 164 028 094 0.6362 0.2234 0.6362 0.2234 0.2234 0.6362 0.2234 0.2234 0.6362 0.2234 0.2234 0.2234 0.2234 0.2234 0.2234 0.2234
164 028 094 011 0.2234 0.6362 0.6362 0.2234 0.2234 0.6362 0.6362 0.6362 0.2234 0.2234 0.2234 0.6362 0.6362 0.6362 0.2234 0.6362
028 094 011 049 0.6362 0.2234 0.2234 0.2234 0.6362 0.2234 0.6362 0.2234 0.6362 0.6362 0.2234 0.2234 0.6362 0.2234 0.2234 0.6362
094 011 049 088 0.2234 0.2234 0.6362 0.2234 0.6362 0.2234 0.2234 0.6362 0.6362 0.2234 0.2234 0.2234 0.6362 0.6362 0.6362 0.6362
011 049 088 025 0.2234 0.2234 0.2234 0.6362 0.2234 0.6362 0.2234 0.2234 0.2234 0.6362 0.6362 0.6362 0.2234 0.2234 0.6362 0.2234
049 088 025 258 0.6362 0.2234 0.6362 0.2234 0.2234 0.2234 0.2234 0.6362 0.6362 0.6362 0.2234 0.6362 0.6362 0.6362 0.6362 0.6362
088 025 258 313 0.2234 0.6362 0.6362 0.2234 0.2234 0.6362 0.2234 0.6362 0.6362 0.2234 0.2234 0.2234 0.2234 0.6362 0.6362 0.6362
025 258 313 119 0.2234 0.2234 0.2234 0.2234 0.2234 0.6362 0.6362 0.6362 0.2234 0.2234 0.6362 0.2234 0.2234 0.2234 0.2234 0.2234
258 313 119 176 0.2234 0.6362 0.2234 0.6362 0.2234 0.2234 0.6362 0.6362 0.2234 0.2234 0.2234 0.2234 0.2234 0.6362 0.2234 0.6362
313 119 176 099 0.2234 0.2234 0.6362 0.6362 0.6362 0.2234 0.2234 0.2234 0.2234 0.6362 0.6362 0.6362 0.2234 0.2234 0.2234 0.2234
119 176 099 208 0.6362 0.2234 0.6362 0.6362 0.2234 0.6362 0.6362 0.6362 0.2234 0.6362 0.6362 0.2234 0.2234 0.6362 0.2234 0.2234
176 099 208 340 0.2234 0.6362 0.2234 0.2234 0.2234 0.2234 0.6362 0.2234 0.6362 0.6362 0.2234 0.6362 0.2234 0.2234 0.6362 0.6362
099 208 340 265 0.2234 0.2234 0.6362 0.2234 0.2234 0.6362 0.6362 0.2234 0.6362 0.6362 0.6362 0.2234 0.6362 0.2234 0.6362 0.2234
208 340 265 213 0.6362 0.2234 0.2234 0.6362 0.2234 0.6362 0.2234 0.2234 0.6362 0.6362 0.6362 0.6362 0.2234 0.2234 0.2234 0.2234
340 265 213 055 0.2234 0.2234 0.6362 0.2234 0.6362 0.2234 0.2234 0.2234 0.6362 0.2234 0.2234 0.6362 0.2234 0.6362 0.2234 0.2234
265 213 055 082 0.6362 0.2234 0.2234 0.6362 0.2234 0.6362 0.6362 0.6362 0.2234 0.2234 0.6362 0.6362 0.2234 0.6362 0.6362 0.2234
213 055 082 009 0.6362 0.6362 0.6362 0.6362 0.6362 0.2234 0.6362 0.6362 0.2234 0.2234 0.6362 0.6362 0.2234 0.6362 0.6362 0.6362
055 082 009 033 0.6362 0.2234 0.2234 0.2234 0.2234 0.6362 0.6362 0.6362 0.2234 0.2234 0.2234 0.6362 0.2234 0.2234 0.6362 0.2234
082 009 033 109 0.2234 0.2234 0.2234 0.2234 0.2234 0.2234 0.2234 0.6362 0.6362 0.2234 0.6362 0.6362 0.6362 0.6362 0.2234 0.2234
009 033 109 292 0.6362 0.6362 0.6362 0.2234 0.2234 0.2234 0.6362 0.2234 0.2234 0.6362 0.6362 0.6362 0.6362 0.2234 0.6362 0.2234
033 109 292 192 0.2234 0.6362 0.2234 0.6362 0.2234 0.6362 0.2234 0.2234 0.2234 0.6362 0.2234 0.6362 0.6362 0.2234 0.6362 0.2234
109 292 192 102 0.2234 0.2234 0.6362 0.2234 0.2234 0.2234 0.6362 0.2234 0.6362 0.6362 0.2234 0.2234 0.6362 0.2234 0.2234 0.6362
292 192 102 345 0.6362 0.6362 0.6362 0.2234 0.6362 0.6362 0.2234 0.6362 0.2234 0.6362 0.2234 0.2234 0.2234 0.6362 0.2234 0.2234
192 102 345 077 0.6362 0.6362 0.2234 0.6362 0.6362 0.6362 0.6362 0.6362 0.6362 0.2234 0.2234 0.6362 0.6362 0.2234 0.6362 0.2234
102 345 077 002 0.6362 0.2234 0.2234 0.6362 0.6362 0.6362 0.6362 0.2234 0.2234 0.2234 0.6362 0.2234 0.2234 0.2234 0.6362 0.2234
345 077 002 261 0.2234 0.6362 0.2234 0.6362 0.2234 0.6362 0.2234 0.2234 0.6362 0.2234 0.6362 0.6362 0.2234 0.2234 0.2234 0.6362
077 002 261 227 0.6362 0.2234 0.6362 0.6362 0.6362 0.2234 0.2234 0.2234 0.2234 0.6362 0.6362 0.2234 0.6362 0.6362 0.6362 0.2234
002 261 227 015 0.6362 0.6362 0.6362 0.6362 0.2234 0.2234 0.6362 0.6362 0.6362 0.6362 0.2234 0.2234 0.6362 0.2234 0.2234 0.6362
261 227 015 052 0.6362 0.6362 0.6362 0.6362 0.6362 0.6362 0.2234 0.6362 0.6362 0.6362 0.2234 0.2234 0.2234 0.2234 0.2234 0.2234
227 015 052 279 0.2234 0.6362 0.2234 0.2234 0.2234 0.6362 0.2234 0.6362 0.6362 0.6362 0.6362 0.2234 0.2234 0.6362 0.2234 0.2234
015 052 279 122 0.6362 0.2234 0.6362 0.6362 0.2234 0.2234 0.2234 0.2234 0.2234 0.6362 0.2234 0.6362 0.2234 0.2234 0.6362 0.2234
052 279 122 253 0.2234 0.6362 0.6362 0.2234 0.6362 0.6362 0.2234 0.6362 0.2234 0.2234 0.2234 0.2234 0.2234 0.6362 0.6362 0.6362
279 122 253 199 0.6362 0.2234 0.6362 0.2234 0.6362 0.2234 0.6362 0.2234 0.2234 0.6362 0.6362 0.2234 0.2234 0.2234 0.2234 0.2234
122 253 199 110 0.2234 0.6362 0.6362 0.2234 0.2234 0.2234 0.6362 0.6362 0.2234 0.2234 0.6362 0.2234 0.6362 0.2234 0.2234 0.2234
253 199 110 316 0.2234 0.6362 0.2234 0.6362 0.6362 0.2234 0.2234 0.2234 0.6362 0.2234 0.6362 0.6362 0.6362 0.2234 0.2234 0.2234
199 110 316 287 0.6362 0.6362 0.6362 0.6362 0.2234 0.2234 0.6362 0.6362 0.6362 0.6362 0.6362 0.6362 0.2234 0.2234 0.2234 0.2234
110 316 287 297 0.2234 0.6362 0.6362 0.6362 0.6362 0.2234 0.2234 0.6362 0.6362 0.2234 0.6362 0.6362 0.2234 0.6362 0.2234 0.2234
316 287 297 056 0.2234 0.6362 0.6362 0.2234 0.2234 0.6362 0.6362 0.2234 0.6362 0.2234 0.6362 0.6362 0.6362 0.2234 0.6362 0.6362
287 297 056 032 0.6362 0.2234 0.2234 0.6362 0.6362 0.6362 0.2234 0.2234 0.2234 0.2234 0.6362 0.2234 0.6362 0.6362 0.2234 0.6362
297 056 032 246 0.6362 0.2234 0.6362 0.2234 0.2234 0.6362 0.6362 0.2234 0.6362 0.2234 0.6362 0.6362 0.6362 0.6362 0.2234 0.2234
056 032 246 091 0.6362 0.6362 0.2234 0.6362 0.2234 0.2234 0.2234 0.2234 0.2234 0.6362 0.6362 0.2234 0.2234 0.2234 0.2234 0.6362
032 246 091 242 0.6362 0.6362 0.2234 0.2234 0.2234 0.2234 0.2234 0.2234 0.6362 0.6362 0.6362 0.6362 0.2234 0.2234 0.6362 0.2234
246 091 242 063 0.6362 0.6362 0.6362 0.6362 0.2234 0.2234 0.2234 0.2234 0.6362 0.6362 0.2234 0.2234 0.6362 0.2234 0.2234 0.2234
091 242 063 090 0.6362 0.6362 0.2234 0.2234 0.6362 0.2234 0.2234 0.6362 0.6362 0.6362 0.2234 0.2234 0.2234 0.6362 0.2234 0.2234
242 063 090 106 0.6362 0.6362 0.6362 0.2234 0.6362 0.2234 0.6362 0.2234 0.2234 0.6362 0.2234 0.2234 0.6362 0.2234 0.2234 0.2234
063 090 106 040 0.6362 0.2234 0.6362 0.2234 0.6362 0.2234 0.2234 0.6362 0.2234 0.2234 0.2234 0.2234 0.6362 0.2234 0.2234 0.6362
090 106 040 290 0.2234 0.6362 0.2234 0.2234 0.2234 0.2234 0.2234 0.2234 0.2234 0.2234 0.2234 0.6362 0.2234 0.2234 0.2234 0.2234
106 040 290 350 0.2234 0.2234 0.6362 0.2234 0.6362 0.2234 0.6362 0.2234 0.6362 0.2234 0.2234 0.6362 0.2234 0.6362 0.2234 0.6362
040 290 350 136 0.2234 0.2234 0.6362 0.2234 0.2234 0.2234 0.6362 0.2234 0.6362 0.2234 0.2234 0.2234 0.2234 0.2234 0.6362 0.6362
290 350 136 334 0.2234 0.6362 0.2234 0.2234 0.6362 0.2234 0.2234 0.2234 0.2234 0.6362 0.6362 0.6362 0.6362 0.6362 0.6362 0.6362
350 136 334 240 0.2234 0.2234 0.2234 0.6362 0.6362 0.2234 0.6362 0.2234 0.2234 0.2234 0.2234 0.2234 0.2234 0.6362 0.2234 0.2234
136 334 240 310 0.2234 0.6362 0.2234 0.6362 0.6362 0.6362 0.2234 0.2234 0.6362 0.2234 0.6362 0.2234 0.2234 0.2234 0.2234 0.6362
334 240 310 298 0.6362 0.2234 0.2234 0.2234 0.6362 0.2234 0.2234 0.6362 0.6362 0.6362 0.2234 0.6362 0.6362 0.2234 0.6362 0.6362
240 310 298 296 0.2234 0.6362 0.2234 0.6362 0.6362 0.2234 0.2234 0.6362 0.6362 0.6362 0.2234 0.6362 0.6362 0.6362 0.2234 0.2234
310 298 296 116 0.6362 0.2234 0.2234 0.2234 0.2234 0.2234 0.2234 0.2234 0.6362 0.6362 0.6362 0.2234 0.6362 0.2234 0.2234 0.6362
298 296 116 143 0.2234 0.2234 0.6362 0.2234 0.2234 0.2234 0.6362 0.2234 0.2234 0.2234 0.6362 0.6362 0.2234 0.6362 0.6362 0.6362
296 116 143 138 0.6362 0.6362 0.2234 0.6362 0.6362 0.2234 0.6362 0.6362 0.2234 0.2234 0.2234 0.2234 0.2234 0.6362 0.6362 0.6362
116 143 138 295 0.2234 0.2234 0.6362 0.2234 0.2234 0.2234 0.2234 0.2234 0.2234 0.6362 0.2234 0.6362 0.6362 0.2234 0.2234 0.6362
143 138 295 126 0.2234 0.2234 0.2234 0.6362 0.2234 0.6362 0.6362 0.2234 0.2234 0.2234 0.6362 0.2234 0.2234 0.6362 0.6362 0.6362
138 295 126 193 0.6362 0.2234 0.6362 0.2234 0.2234 0.2234 0.2234 0.2234 0.2234 0.2234 0.2234 0.6362 0.2234 0.2234 0.6362 0.6362
295 126 193 241 0.2234 0.6362 0.2234 0.2234 0.6362 0.2234 0.6362 0.2234 0.6362 0.6362 0.6362 0.6362 0.6362 0.6362 0.6362 0.6362
126 193 241 234 0.2234 0.2234 0.6362 0.6362 0.2234 0.6362 0.6362 0.6362 0.6362 0.6362 0.6362 0.2234 0.2234 0.6362 0.2234 0.2234
193 241 234 121 0.6362 0.2234 0.6362 0.2234 0.2234 0.6362 0.6362 0.2234 0.6362 0.2234 0.6362 0.2234 0.2234 0.2234 0.6362 0.2234
241 234 121 201 0.2234 0.2234 0.6362 0.2234 0.6362 0.6362 0.2234 0.6362 0.6362 0.6362 0.2234 0.2234 0.6362 0.2234 0.2234 0.2234
234 121 201 058 0.2234 0.2234 0.2234 0.6362 0.2234 0.2234 0.6362 0.6362 0.6362 0.2234 0.2234 0.6362 0.2234 0.2234 0.2234 0.6362
121 201 058 217 0.2234 0.6362 0.2234 0.6362 0.2234 0.6362 0.2234 0.2234 0.6362 0.2234 0.6362 0.6362 0.6362 0.6362 0.6362 0.6362
201 058 217 067 0.6362 0.2234 0.6362 0.2234 0.2234 0.6362 0.2234 0.2234 0.2234 0.6362 0.6362 0.6362 0.2234 0.6362 0.6362 0.2234
058 217 067 344 0.6362 0.6362 0.2234 0.6362 0.2234 0.2234 0.2234 0.2234 0.6362 0.6362 0.2234 0.6362 0.2234 0.6362 0.2234 0.2234
217 067 344 179 0.2234 0.6362 0.2234 0.6362 0.2234 0.2234 0.2234 0.2234 0.2234 0.6362 0.6362 0.6362 0.6362 0.6362 0.2234 0.2234
067 344 179 166 0.6362 0.2234 0.6362 0.6362 0.6362 0.6362 0.6362 0.2234 0.2234 0.6362 0.6362 0.6362 0.6362 0.2234 0.6362 0.2234
344 179 166 351 0.2234 0.2234 0.2234 0.6362 0.6362 0.6362 0.2234 0.6362 0.6362 0.2234 0.6362 0.6362 0.6362 0.2234 0.6362 0.2234
179 166 351 085 0.2234 0.6362 0.2234 0.6362 0.6362 0.2234 0.2234 0.2234 0.2234 0.2234 0.6362 0.2234 0.6362 0.2234 0.6362 0.2234
166 351 085 332 0.6362 0.2234 0.6362 0.6362 0.2234 0.6362 0.2234 0.6362 0.2234 0.6362 0.2234 0.6362 0.6362 0.2234 0.6362 0.2234
351 085 332 084 0.2234 0.2234 0.6362 0.2234 0.2234 0.2234 0.6362 0.6362 0.2234 0.6362 0.2234 0.6362 0.2234 0.2234 0.2234 0.2234
085 332 084 215 0.6362 0.2234 0.2234 0.6362 0.2234 0.6362 0.6362 0.2234 0.6362 0.2234 0.6362 0.6362 0.6362 0.2234 0.2234 0.2234
332 084 215 054 0.6362 0.6362 0.2234 0.2234 0.6362 0.2234 0.6362 0.6362 0.6362 0.2234 0.2234 0.2234 0.2234 0.6362 0.6362 0.2234
084 215 054 247 0.2234 0.2234 0.6362 0.6362 0.6362 0.2234 0.2234 0.6362 0.6362 0.2234 0.2234 0.6362 0.6362 0.6362 0.2234 0.2234
215 054 247 145 0.2234 0.2234 0.6362 0.6362 0.2234 0.6362 0.2234 0.2234 0.6362 0.2234 0.2234 0.2234 0.2234 0.6362 0.2234 0.2234
054 247 145 158 0.6362 0.6362 0.6362 0.2234 0.6362 0.6362 0.2234 0.6362 0.6362 0.6362 0.2234 0.2234 0.6362 0.2234 0.2234 0.2234
247 145 158 016 0.6362 0.6362 0.6362 0.6362 0.2234 0.6362 0.2234 0.2234 0.6362 0.6362 0.6362 0.6362 0.2234 0.2234 0.6362 0.2234
145 158 016 093 0.6362 0.6362 0.6362 0.6362 0.6362 0.2234 0.2234 0.6362 0.2234 0.2234 0.2234 0.2234 0.6362 0.2234 0.2234 0.6362
158 016 093 108 0.2234 0.2234 0.2234 0.2234 0.2234 0.2234 0.6362 0.6362 0.2234 0.2234 0.2234 0.6362 0.6362 0.6362 0.6362 0.6362
016 093 108 264 0.2234 0.6362 0.6362 0.6362 0.6362 0.2234 0.6362 0.2234 0.6362 0.6362 0.6362 0.6362 0.2234 0.2234 0.2234 0.6362
093 108 264 186 0.2234 0.2234 0.6362 0.6362 0.6362 0.2234 0.2234 0.2234 0.2234 0.2234 0.2234 0.2234 0.6362 0.6362 0.2234 0.2234
108 264 186 020 0.6362 0.2234 0.6362 0.6362 0.2234 0.2234 0.6362 0.6362 0.6362 0.6362 0.2234 0.6362 0.6362 0.6362 0.6362 0.2234
264 186 020 233 0.6362 0.6362 0.2234 0.6362 0.6362 0.6362 0.2234 0.6362 0.6362 0.6362 0.6362 0.2234 0.2234 0.6362 0.2234 0.6362
186 020 233 200 0.2234 0.2234 0.2234 0.2234 0.6362 0.6362 0.6362 0.2234 0.6362 0.6362 0.6362 0.6362 0.6362 0.6362 0.6362 0.6362
020 233 200 223 0.6362 0.6362 0.6362 0.2234 0.6362 0.2234 0.2234 0.2234 0.2234 0.2234 0.6362 0.2234 0.6362 0.2234 0.2234 0.6362
233 200 223 073 0.6362 0.2234 0.2234 0.6362 0.6362 0.2234 0.2234 0.6362 0.2234 0.6362 0.6362 0.2234 0.6362 0.2234 0.2234 0.2234
200 223 073 285 0.6362 0.2234 0.6362 0.6362 0.2234 0.6362 0.2234 0.2234 0.2234 0.6362 0.2234 0.6362 0.6362 0.6362 0.6362 0.6362
223 073 285 329 0.2234 0.6362 0.6362 0.2234 0.2234 0.6362 0.2234 0.2234 0.6362 0.6362 0.6362 0.6362 0.2234 0.2234 0.6362 0.6362
073 285 329 048 0.2234 0.2234 0.6362 0.2234 0.6362 0.2234 0.6362 0.2234 0.2234 0.6362 0.2234 0.2234 0.6362 0.2234 0.6362 0.6362
285 329 048 134 0.6362 0.6362 0.2234 0.6362 0.6362 0.6362 0.2234 0.6362 0.6362 0.2234 0.6362 0.2234 0.6362 0.6362 0.6362 0.6362
329 048 134 222 0.2234 0.2234 0.2234 0.6362 0.6362 0.6362 0.6362 0.6362 0.2234 0.6362 0.2234 0.2234 0.2234 0.6362 0.2234 0.2234
048 134 222 225 0.6362 0.2234 0.2234 0.2234 0.6362 0.6362 0.2234 0.6362 0.2234 0.2234 0.6362 0.2234 0.2234 0.6362 0.2234 0.6362
134 222 225 061 0.2234 0.6362 0.6362 0.6362 0.6362 0.6362 0.6362 0.6362 0.2234 0.2234 0.6362 0.6362 0.6362 0.2234 0.6362 0.6362
222 225 061 331 0.6362 0.6362 0.6362 0.6362 0.2234 0.2234 0.2234 0.2234 0.2234 0.6362 0.2234 0.2234 0.2234 0.2234 0.6362 0.2234
225 061 331 050 0.6362 0.2234 0.6362 0.2234 0.6362 0.2234 0.6362 0.2234 0.2234 0.6362 0.6362 0.6362 0.6362 0.2234 0.2234 0.6362
061 331 050 336 0.6362 0.2234 0.2234 0.2234 0.2234 0.6362 0.2234 0.6362 0.6362 0.2234 0.6362 0.6362 0.6362 0.2234 0.2234 0.2234
331 050 336 146 0.6362 0.6362 0.2234 0.6362 0.2234 0.2234 0.2234 0.2234 0.6362 0.2234 0.2234 0.2234 0.6362 0.6362 0.6362 0.6362
050 336 146 178 0.6362 0.6362 0.6362 0.2234 0.6362 0.2234 0.2234 0.6362 0.6362 0.6362 0.6362 0.2234 0.6362 0.6362 0.2234 0.6362
336 146 178 177 0.6362 0.6362 0.2234 0.2234 0.2234 0.2234 0.2234 0.6362 0.6362 0.6362 0.2234 0.2234 0.2234 0.2234 0.2234 0.2234
146 178 177 153 0.6362 0.2234 0.6362 0.2234 0.6362 0.2234 0.2234 0.2234 0.2234 0.6362 0.2234 0.2234 0.2234 0.2234 0.2234 0.6362
178 177 153 154 0.6362 0.6362 0.6362 0.2234 0.6362 0.6362 0.6362 0.6362 0.2234 0.2234 0.6362 0.2234 0.2234 0.6362 0.2234 0.6362
177 153 154 308 0.6362 0.2234 0.2234 0.6362 0.6362 0.6362 0.6362 0.2234 0.2234 0.2234 0.6362 0.6362 0.2234 0.2234 0.2234 0.6362
153 154 308 127 0.2234 0.2234 0.6362 0.6362 0.2234 0.6362 0.2234 0.2234 0.2234 0.2234 0.6362 0.2234 0.2234 0.6362 0.6362 0.2234
154 308 127 229 0.2234 0.6362 0.6362 0.2234 0.2234 0.6362 0.6362 0.6362 0.2234 0.6362 0.6362 0.2234 0.6362 0.6362 0.2234 0.6362
308 127 229 163 0.2234 0.2234 0.2234 0.6362 0.2234 0.2234 0.2234 0.2234 0.2234 0.2234 0.6362 0.6362 0.6362 0.6362 0.6362 0.6362
127 229 163 167 0.2234 0.2234 0.6362 0.6362 0.2234 0.2234 0.6362 0.2234 0.2234 0.6362 0.6362 0.6362 0.6362 0.2234 0.6362 0.2234
229 163 167 064 0.2234 0.2234 0.6362 0.2234 0.2234 0.6362 0.2234 0.2234 0.2234 0.2234 0.2234 0.6362 0.6362 0.2234 0.6362 0.6362
163 167 064 238 0.6362 0.6362 0.6362 0.2234 0.6362 0.6362 0.6362 0.2234 0.2234 0.6362 0.2234 0.2234 0.2234 0.2234 0.2234 0.6362
167 064 238 045 0.2234 0.2234 0.6362 0.6362 0.6362 0.2234 0.2234 0.2234 0.2234 0.6362 0.2234 0.6362 0.2234 0.6362 0.6362 0.6362
064 238 045 000 0.2234 0.2234 0.6362 0.6362 0.6362 0.2234 0.2234 0.6362 0.2234 0.2234 0.6362 0.6362 0.6362 0.6362 0.2234 0.2234
238 045 000 107 0.2234 0.6362 0.2234 0.2234 0.6362 0.2234 0.6362 0.2234 0.6362 0.2234 0.2234 0.6362 0.2234 0.6362 0.2234 0.2234
045 000 107 026 0.6362 0.2234 0.2234 0.2234 0.6362 0.6362 0.2234 0.2234 0.2234 0.6362 0.6362 0.2234 0.2234 0.6362 0.2234 0.2234
000 107 026 059 0.6362 0.2234 0.2234 0.2234 0.6362 0.2234 0.2234 0.6362 0.6362 0.6362 0.2234 0.6362 0.6362 0.2234 0.2234 0.6362
107 026 059 228 0.6362 0.6362 0.2234 0.6362 0.6362 0.2234 0.2234 0.6362 0.2234 0.2234 0.6362 0.6362 0.2234 0.2234 0.6362 0.2234
026 059 228 320 0.6362 0.6362 0.6362 0.2234 0.6362 0.2234 0.6362 0.6362 0.2234 0.2234 0.2234 0.2234 0.2234 0.6362 0.2234 0.6362
059 228 320 221 0.6362 0.6362 0.2234 0.6362 0.6362 0.6362 0.6362 0.2234 0.6362 0.2234 0.6362 0.2234 0.2234 0.2234 0.6362 0.2234
228 320 221 311 0.6362 0.2234 0.6362 0.6362 0.2234 0.2234 0.6362 0.2234 0.6362 0.2234 0.6362 0.6362 0.6362 0.6362 0.6362 0.2234
