356 031684 3
226 269 159 218 0.8886 0.2182 0.8886 0.8886 0.2182 0.2182 0.8886 0.8886 0.2182 0.2182 0.2182 0.8886 0.8886 0.8886 0.8886 0.2182
269 159 218 337 0.8886 0.8886 0.8886 0.2182 0.2182 0.2182 0.2182 0.2182 0.8886 0.2182 0.8886 0.8886 0.2182 0.2182 0.8886 0.2182
159 218 337 145 0.8886 0.8886 0.2182 0.8886 0.2182 0.2182 0.2182 0.8886 0.8886 0.8886 0.8886 0.2182 0.2182 0.2182 0.8886 0.8886
218 337 145 099 0.8886 0.8886 0.8886 0.8886 0.2182 0.8886 0.2182 0.8886 0.8886 0.2182 0.2182 0.2182 0.2182 0.8886 0.2182 0.2182
337 145 099 258 0.8886 0.8886 0.8886 0.8886 0.8886 0.2182 0.2182 0.8886 0.8886 0.8886 0.2182 0.8886 0.2182 0.8886 0.8886 0.8886
145 099 258 276 0.8886 0.8886 0.8886 0.8886 0.2182 0.8886 0.8886 0.2182 0.2182 0.8886 0.2182 0.8886 0.2182 0.8886 0.2182 0.8886
099 258 276 147 0.2182 0.8886 0.8886 0.2182 0.8886 0.8886 0.2182 0.2182 0.8886 0.2182 0.8886 0.2182 0.2182 0.2182 0.2182 0.2182
258 276 147 254 0.8886 0.8886 0.2182 0.8886 0.8886 0.2182 0.2182 0.2182 0.8886 0.8886 0.8886 0.8886 0.8886 0.8886 0.2182 0.8886
276 147 254 084 0.8886 0.8886 0.2182 0.2182 0.8886 0.8886 0.2182 0.2182 0.2182 0.8886 0.8886 0.8886 0.8886 0.2182 0.2182 0.2182
147 254 084 176 0.8886 0.8886 0.2182 0.8886 0.2182 0.2182 0.8886 0.8886 0.8886 0.2182 0.2182 0.2182 0.2182 0.8886 0.8886 0.2182
254 084 176 184 0.8886 0.2182 0.8886 0.8886 0.2182 0.8886 0.2182 0.8886 0.2182 0.8886 0.8886 0.2182 0.8886 0.2182 0.8886 0.8886
084 176 184 090 0.2182 0.2182 0.2182 0.2182 0.8886 0.8886 0.2182 0.8886 0.2182 0.8886 0.8886 0.2182 0.2182 0.2182 0.8886 0.8886
176 184 090 196 0.8886 0.2182 0.2182 0.8886 0.8886 0.8886 0.2182 0.2182 0.2182 0.8886 0.8886 0.8886 0.8886 0.2182 0.2182 0.2182
184 090 196 097 0.8886 0.8886 0.8886 0.8886 0.2182 0.2182 0.8886 0.2182 0.8886 0.8886 0.8886 0.8886 0.8886 0.2182 0.2182 0.2182
090 196 097 242 0.2182 0.2182 0.8886 0.2182 0.2182 0.2182 0.8886 0.2182 0.2182 0.8886 0.2182 0.8886 0.8886 0.2182 0.2182 0.8886
196 097 242 021 0.2182 0.2182 0.2182 0.8886 0.2182 0.8886 0.8886 0.8886 0.2182 0.8886 0.2182 0.2182 0.2182 0.8886 0.2182 0.2182
097 242 021 166 0.2182 0.8886 0.8886 0.2182 0.8886 0.8886 0.2182 0.2182 0.2182 0.8886 0.8886 0.8886 0.8886 0.8886 0.8886 0.8886
242 021 166 119 0.8886 0.8886 0.2182 0.2182 0.8886 0.2182 0.2182 0.2182 0.2182 0.2182 0.2182 0.8886 0.8886 0.2182 0.2182 0.2182
021 166 119 040 0.2182 0.8886 0.8886 0.8886 0.8886 0.8886 0.8886 0.8886 0.2182 0.8886 0.8886 0.2182 0.2182 0.8886 0.2182 0.2182
166 119 040 259 0.2182 0.8886 0.8886 0.2182 0.2182 0.2182 0.8886 0.2182 0.2182 0.2182 0.8886 0.2182 0.8886 0.2182 0.2182 0.2182
119 040 259 069 0.8886 0.2182 0.2182 0.2182 0.2182 0.2182 0.2182 0.8886 0.2182 0.2182 0.8886 0.2182 0.8886 0.2182 0.8886 0.8886
040 259 069 095 0.2182 0.2182 0.2182 0.8886 0.2182 0.8886 0.8886 0.2182 0.8886 0.8886 0.2182 0.8886 0.8886 0.8886 0.2182 0.2182
259 069 095 328 0.8886 0.8886 0.8886 0.8886 0.8886 0.8886 0.2182 0.8886 0.8886 0.2182 0.2182 0.2182 0.2182 0.2182 0.2182 0.2182
069 095 328 080 0.2182 0.2182 0.2182 0.2182 0.2182 0.8886 0.2182 0.8886 0.2182 0.2182 0.8886 0.8886 0.8886 0.2182 0.2182 0.2182
095 328 080 240 0.8886 0.8886 0.2182 0.2182 0.8886 0.2182 0.2182 0.8886 0.8886 0.8886 0.2182 0.8886 0.8886 0.2182 0.8886 0.8886
328 080 240 180 0.2182 0.8886 0.2182 0.2182 0.2182 0.2182 0.8886 0.2182 0.2182 0.8886 0.8886 0.2182 0.2182 0.8886 0.8886 0.2182
080 240 180 134 0.8886 0.2182 0.8886 0.2182 0.8886 0.8886 0.8886 0.2182 0.2182 0.2182 0.2182 0.8886 0.2182 0.2182 0.2182 0.8886
240 180 134 304 0.2182 0.2182 0.2182 0.8886 0.8886 0.2182 0.2182 0.8886 0.8886 0.2182 0.8886 0.8886 0.2182 0.8886 0.8886 0.2182
180 134 304 244 0.2182 0.8886 0.2182 0.2182 0.2182 0.8886 0.2182 0.8886 0.2182 0.8886 0.8886 0.8886 0.8886 0.8886 0.2182 0.2182
134 304 244 073 0.2182 0.2182 0.8886 0.2182 0.8886 0.2182 0.8886 0.2182 0.2182 0.2182 0.8886 0.8886 0.2182 0.2182 0.2182 0.2182
304 244 073 306 0.8886 0.8886 0.8886 0.8886 0.8886 0.2182 0.2182 0.8886 0.8886 0.8886 0.8886 0.8886 0.8886 0.8886 0.8886 0.8886
244 073 306 016 0.2182 0.8886 0.2182 0.8886 0.8886 0.8886 0.2182 0.8886 0.8886 0.2182 0.2182 0.2182 0.8886 0.8886 0.2182 0.2182
073 306 016 061 0.8886 0.8886 0.8886 0.8886 0.8886 0.8886 0.2182 0.2182 0.2182 0.8886 0.2182 0.2182 0.2182 0.8886 0.2182 0.8886
306 016 061 121 0.2182 0.2182 0.8886 0.8886 0.8886 0.2182 0.8886 0.8886 0.2182 0.2182 0.8886 0.2182 0.2182 0.2182 0.2182 0.8886
016 061 121 152 0.2182 0.8886 0.8886 0.2182 0.8886 0.2182 0.2182 0.2182 0.2182 0.8886 0.8886 0.2182 0.2182 0.2182 0.2182 0.8886
061 121 152 128 0.8886 0.2182 0.2182 0.8886 0.2182 0.8886 0.2182 0.8886 0.8886 0.2182 0.2182 0.8886 0.2182 0.2182 0.2182 0.8886
121 152 128 079 0.2182 0.8886 0.2182 0.2182 0.8886 0.8886 0.8886 0.8886 0.8886 0.8886 0.8886 0.2182 0.8886 0.2182 0.8886 0.2182
152 128 079 346 0.2182 0.2182 0.2182 0.2182 0.2182 0.8886 0.2182 0.2182 0.8886 0.2182 0.2182 0.8886 0.8886 0.2182 0.8886 0.8886
128 079 346 193 0.2182 0.8886 0.8886 0.8886 0.2182 0.8886 0.8886 0.2182 0.8886 0.8886 0.8886 0.8886 0.2182 0.8886 0.8886 0.8886
079 346 193 326 0.2182 0.2182 0.8886 0.2182 0.8886 0.8886 0.2182 0.8886 0.2182 0.2182 0.8886 0.8886 0.8886 0.2182 0.2182 0.8886
346 193 326 270 0.2182 0.8886 0.8886 0.8886 0.2182 0.8886 0.2182 0.2182 0.2182 0.2182 0.8886 0.8886 0.2182 0.2182 0.8886 0.2182
193 326 270 005 0.2182 0.8886 0.8886 0.8886 0.2182 0.8886 0.2182 0.8886 0.8886 0.2182 0.2182 0.2182 0.8886 0.8886 0.2182 0.2182
326 270 005 122 0.8886 0.8886 0.8886 0.8886 0.2182 0.8886 0.2182 0.8886 0.2182 0.8886 0.2182 0.8886 0.2182 0.2182 0.2182 0.2182
270 005 122 116 0.2182 0.8886 0.8886 0.8886 0.8886 0.2182 0.8886 0.8886 0.8886 0.2182 0.2182 0.2182 0.2182 0.8886 0.8886 0.8886
005 122 116 292 0.2182 0.8886 0.8886 0.8886 0.8886 0.2182 0.8886 0.2182 0.2182 0.8886 0.2182 0.2182 0.8886 0.2182 0.8886 0.2182
122 116 292 298 0.8886 0.2182 0.2182 0.2182 0.8886 0.2182 0.8886 0.2182 0.8886 0.2182 0.2182 0.2182 0.8886 0.8886 0.2182 0.8886
116 292 298 219 0.8886 0.8886 0.8886 0.2182 0.2182 0.2182 0.8886 0.8886 0.8886 0.2182 0.8886 0.2182 0.8886 0.8886 0.8886 0.8886
292 298 219 225 0.8886 0.2182 0.2182 0.8886 0.2182 0.2182 0.8886 0.8886 0.2182 0.8886 0.8886 0.2182 0.8886 0.2182 0.2182 0.8886
298 219 225 309 0.2182 0.2182 0.8886 0.8886 0.2182 0.8886 0.2182 0.8886 0.8886 0.2182 0.8886 0.8886 0.2182 0.8886 0.8886 0.2182
219 225 309 071 0.8886 0.8886 0.2182 0.2182 0.8886 0.8886 0.8886 0.2182 0.2182 0.2182 0.2182 0.2182 0.2182 0.2182 0.8886 0.2182
225 309 071 286 0.8886 0.8886 0.8886 0.8886 0.2182 0.8886 0.2182 0.8886 0.8886 0.2182 0.8886 0.8886 0.2182 0.2182 0.8886 0.2182
309 071 286 187 0.8886 0.2182 0.2182 0.2182 0.2182 0.8886 0.8886 0.2182 0.2182 0.8886 0.2182 0.2182 0.2182 0.8886 0.8886 0.2182
071 286 187 205 0.2182 0.8886 0.2182 0.8886 0.8886 0.8886 0.2182 0.2182 0.8886 0.8886 0.8886 0.2182 0.2182 0.8886 0.8886 0.2182
286 187 205 010 0.2182 0.2182 0.8886 0.8886 0.8886 0.8886 0.2182 0.8886 0.2182 0.2182 0.2182 0.8886 0.2182 0.2182 0.2182 0.8886
187 205 010 353 0.2182 0.8886 0.8886 0.8886 0.2182 0.2182 0.2182 0.8886 0.2182 0.2182 0.8886 0.8886 0.2182 0.8886 0.8886 0.8886
205 010 353 036 0.2182 0.8886 0.2182 0.2182 0.2182 0.2182 0.2182 0.2182 0.8886 0.2182 0.8886 0.2182 0.8886 0.2182 0.8886 0.2182
010 353 036 288 0.8886 0.2182 0.8886 0.8886 0.2182 0.2182 0.8886 0.8886 0.2182 0.2182 0.2182 0.2182 0.8886 0.8886 0.8886 0.2182
353 036 288 138 0.2182 0.2182 0.2182 0.2182 0.8886 0.2182 0.8886 0.8886 0.8886 0.8886 0.2182 0.2182 0.2182 0.2182 0.8886 0.2182
036 288 138 172 0.2182 0.2182 0.2182 0.2182 0.8886 0.8886 0.2182 0.2182 0.2182 0.8886 0.8886 0.2182 0.8886 0.2182 0.2182 0.2182
288 138 172 260 0.2182 0.8886 0.8886 0.8886 0.2182 0.8886 0.8886 0.8886 0.2182 0.8886 0.8886 0.8886 0.8886 0.2182 0.2182 0.8886
138 172 260 111 0.2182 0.8886 0.8886 0.2182 0.8886 0.8886 0.2182 0.2182 0.8886 0.8886 0.8886 0.8886 0.8886 0.2182 0.2182 0.8886
172 260 111 164 0.2182 0.8886 0.8886 0.2182 0.2182 0.8886 0.2182 0.8886 0.8886 0.8886 0.8886 0.8886 0.8886 0.2182 0.2182 0.8886
260 111 164 136 0.8886 0.2182 0.2182 0.2182 0.8886 0.2182 0.8886 0.2182 0.8886 0.2182 0.2182 0.2182 0.8886 0.2182 0.2182 0.8886
111 164 136 011 0.2182 0.8886 0.8886 0.2182 0.8886 0.2182 0.8886 0.2182 0.2182 0.2182 0.8886 0.2182 0.8886 0.8886 0.8886 0.8886
164 136 011 004 0.2182 0.8886 0.2182 0.8886 0.2182 0.8886 0.2182 0.8886 0.8886 0.2182 0.8886 0.8886 0.8886 0.2182 0.8886 0.8886
136 011 004 285 0.8886 0.8886 0.8886 0.2182 0.8886 0.2182 0.2182 0.8886 0.8886 0.8886 0.2182 0.8886 0.2182 0.8886 0.2182 0.2182
011 004 285 263 0.2182 0.2182 0.8886 0.8886 0.2182 0.8886 0.2182 0.8886 0.2182 0.2182 0.2182 0.2182 0.8886 0.8886 0.2182 0.8886
004 285 263 083 0.2182 0.2182 0.2182 0.2182 0.2182 0.2182 0.2182 0.2182 0.8886 0.2182 0.2182 0.8886 0.2182 0.2182 0.2182 0.8886
285 263 083 229 0.8886 0.8886 0.8886 0.2182 0.8886 0.8886 0.8886 0.2182 0.8886 0.2182 0.2182 0.2182 0.2182 0.8886 0.8886 0.8886
263 083 229 124 0.8886 0.8886 0.2182 0.8886 0.8886 0.8886 0.8886 0.8886 0.2182 0.8886 0.2182 0.8886 0.2182 0.2182 0.8886 0.8886
083 229 124 236 0.8886 0.2182 0.2182 0.8886 0.2182 0.8886 0.8886 0.2182 0.8886 0.8886 0.8886 0.2182 0.2182 0.2182 0.2182 0.8886
229 124 236 237 0.2182 0.8886 0.8886 0.2182 0.2182 0.2182 0.2182 0.2182 0.2182 0.8886 0.8886 0.2182 0.8886 0.2182 0.8886 0.2182
124 236 237 203 0.8886 0.2182 0.8886 0.2182 0.2182 0.8886 0.8886 0.2182 0.8886 0.2182 0.8886 0.8886 0.2182 0.8886 0.2182 0.8886
236 237 203 114 0.2182 0.2182 0.2182 0.2182 0.2182 0.8886 0.8886 0.2182 0.2182 0.2182 0.8886 0.2182 0.8886 0.8886 0.2182 0.8886
237 203 114 279 0.2182 0.8886 0.2182 0.2182 0.8886 0.8886 0.8886 0.2182 0.2182 0.2182 0.2182 0.8886 0.2182 0.8886 0.8886 0.8886
203 114 279 341 0.8886 0.2182 0.8886 0.2182 0.8886 0.8886 0.2182 0.2182 0.2182 0.2182 0.8886 0.2182 0.2182 0.2182 0.8886 0.2182
114 279 341 275 0.8886 0.8886 0.8886 0.8886 0.2182 0.8886 0.8886 0.8886 0.2182 0.8886 0.8886 0.8886 0.8886 0.2182 0.8886 0.8886
279 341 275 037 0.2182 0.8886 0.2182 0.2182 0.8886 0.2182 0.8886 0.2182 0.8886 0.2182 0.8886 0.8886 0.8886 0.8886 0.8886 0.2182
341 275 037 295 0.8886 0.8886 0.8886 0.2182 0.2182 0.8886 0.8886 0.8886 0.2182 0.2182 0.2182 0.2182 0.8886 0.2182 0.8886 0.2182
275 037 295 339 0.8886 0.8886 0.8886 0.8886 0.2182 0.2182 0.2182 0.8886 0.8886 0.8886 0.2182 0.8886 0.2182 0.8886 0.8886 0.2182
037 295 339 154 0.8886 0.2182 0.2182 0.8886 0.8886 0.8886 0.8886 0.8886 0.2182 0.2182 0.8886 0.2182 0.2182 0.8886 0.8886 0.2182
295 339 154 104 0.2182 0.8886 0.2182 0.2182 0.2182 0.2182 0.2182 0.2182 0.8886 0.2182 0.2182 0.2182 0.2182 0.2182 0.2182 0.8886
339 154 104 209 0.8886 0.8886 0.8886 0.2182 0.2182 0.8886 0.2182 0.2182 0.2182 0.8886 0.2182 0.8886 0.8886 0.2182 0.8886 0.8886
154 104 209 032 0.8886 0.2182 0.2182 0.8886 0.2182 0.2182 0.8886 0.8886 0.8886 0.2182 0.2182 0.8886 0.2182 0.8886 0.8886 0.2182
104 209 032 058 0.2182 0.8886 0.2182 0.8886 0.8886 0.2182 0.2182 0.8886 0.8886 0.2182 0.8886 0.8886 0.2182 0.8886 0.8886 0.8886
209 032 058 222 0.8886 0.8886 0.8886 0.2182 0.2182 0.8886 0.2182 0.2182 0.8886 0.2182 0.8886 0.2182 0.8886 0.2182 0.8886 0.8886
032 058 222 313 0.8886 0.2182 0.8886 0.2182 0.2182 0.8886 0.8886 0.2182 0.8886 0.2182 0.2182 0.2182 0.8886 0.8886 0.2182 0.8886
058 222 313 352 0.2182 0.8886 0.2182 0.2182 0.2182 0.2182 0.2182 0.2182 0.2182 0.2182 0.8886 0.2182 0.8886 0.2182 0.8886 0.2182
222 313 352 347 0.8886 0.2182 0.2182 0.8886 0.2182 0.8886 0.2182 0.8886 0.2182 0.2182 0.8886 0.2182 0.8886 0.2182 0.8886 0.8886
313 352 347 054 0.8886 0.8886 0.8886 0.2182 0.2182 0.8886 0.8886 0.8886 0.8886 0.8886 0.8886 0.8886 0.8886 0.2182 0.2182 0.2182
352 347 054 348 0.2182 0.8886 0.8886 0.8886 0.2182 0.2182 0.8886 0.8886 0.2182 0.2182 0.8886 0.2182 0.8886 0.8886 0.2182 0.2182
347 054 348 315 0.8886 0.8886 0.2182 0.8886 0.8886 0.2182 0.8886 0.2182 0.8886 0.2182 0.2182 0.2182 0.2182 0.8886 0.2182 0.2182
054 348 315 247 0.2182 0.2182 0.2182 0.2182 0.2182 0.2182 0.8886 0.2182 0.2182 0.8886 0.8886 0.8886 0.2182 0.2182 0.2182 0.8886
348 315 247 181 0.8886 0.8886 0.2182 0.2182 0.2182 0.8886 0.2182 0.2182 0.8886 0.2182 0.8886 0.2182 0.8886 0.2182 0.2182 0.2182
315 247 181 316 0.8886 0.2182 0.2182 0.8886 0.2182 0.2182 0.2182 0.8886 0.2182 0.8886 0.2182 0.8886 0.8886 0.2182 0.8886 0.2182
247 181 316 144 0.8886 0.8886 0.2182 0.8886 0.8886 0.8886 0.8886 0.2182 0.2182 0.2182 0.2182 0.8886 0.8886 0.2182 0.2182 0.8886
181 316 144 078 0.2182 0.2182 0.8886 0.2182 0.2182 0.8886 0.8886 0.2182 0.2182 0.8886 0.2182 0.8886 0.2182 0.2182 0.8886 0.8886
316 144 078 035 0.8886 0.2182 0.2182 0.2182 0.8886 0.2182 0.2182 0.2182 0.2182 0.8886 0.8886 0.8886 0.8886 0.2182 0.2182 0.8886
144 078 035 223 0.8886 0.8886 0.8886 0.8886 0.8886 0.2182 0.8886 0.2182 0.2182 0.2182 0.2182 0.2182 0.8886 0.2182 0.8886 0.2182
078 035 223 126 0.2182 0.2182 0.8886 0.8886 0.8886 0.2182 0.2182 0.2182 0.2182 0.8886 0.8886 0.8886 0.8886 0.8886 0.8886 0.8886
035 223 126 303 0.2182 0.2182 0.2182 0.2182 0.8886 0.2182 0.8886 0.8886 0.2182 0.8886 0.2182 0.8886 0.2182 0.8886 0.2182 0.2182
223 126 303 066 0.8886 0.2182 0.8886 0.2182 0.8886 0.2182 0.2182 0.8886 0.2182 0.8886 0.2182 0.2182 0.2182 0.8886 0.2182 0.8886
126 303 066 216 0.8886 0.2182 0.8886 0.2182 0.8886 0.2182 0.2182 0.2182 0.2182 0.2182 0.8886 0.8886 0.2182 0.2182 0.8886 0.8886
303 066 216 215 0.8886 0.8886 0.2182 0.2182 0.2182 0.2182 0.8886 0.8886 0.8886 0.8886 0.8886 0.2182 0.2182 0.8886 0.8886 0.8886
066 216 215 046 0.2182 0.8886 0.8886 0.2182 0.2182 0.8886 0.8886 0.2182 0.8886 0.8886 0.2182 0.8886 0.8886 0.8886 0.2182 0.2182
216 215 046 081 0.2182 0.2182 0.2182 0.2182 0.8886 0.2182 0.2182 0.8886 0.8886 0.2182 0.2182 0.8886 0.8886 0.8886 0.8886 0.8886
215 046 081 167 0.2182 0.8886 0.2182 0.8886 0.8886 0.2182 0.8886 0.2182 0.8886 0.2182 0.2182 0.8886 0.8886 0.2182 0.2182 0.8886
046 081 167 261 0.8886 0.2182 0.2182 0.8886 0.2182 0.8886 0.2182 0.8886 0.2182 0.8886 0.2182 0.2182 0.8886 0.2182 0.2182 0.2182
081 167 261 287 0.2182 0.2182 0.2182 0.2182 0.8886 0.2182 0.8886 0.2182 0.8886 0.8886 0.8886 0.2182 0.2182 0.2182 0.8886 0.8886
167 261 287 310 0.8886 0.2182 0.2182 0.2182 0.2182 0.8886 0.8886 0.2182 0.2182 0.2182 0.8886 0.2182 0.2182 0.2182 0.8886 0.2182
261 287 310 160 0.2182 0.2182 0.2182 0.8886 0.8886 0.2182 0.8886 0.2182 0.8886 0.8886 0.2182 0.8886 0.2182 0.2182 0.2182 0.2182
287 310 160 088 0.8886 0.8886 0.8886 0.8886 0.8886 0.8886 0.8886 0.8886 0.2182 0.8886 0.8886 0.2182 0.2182 0.8886 0.2182 0.2182
310 160 088 140 0.8886 0.8886 0.2182 0.8886 0.8886 0.2182 0.8886 0.2182 0.2182 0.2182 0.8886 0.2182 0.8886 0.2182 0.2182 0.8886
160 088 140 234 0.8886 0.8886 0.2182 0.8886 0.2182 0.2182 0.8886 0.2182 0.8886 0.8886 0.2182 0.2182 0.2182 0.8886 0.8886 0.8886
088 140 234 171 0.2182 0.2182 0.2182 0.8886 0.2182 0.2182 0.8886 0.8886 0.2182 0.8886 0.8886 0.8886 0.8886 0.8886 0.2182 0.2182
140 234 171 103 0.2182 0.8886 0.2182 0.2182 0.2182 0.2182 0.2182 0.2182 0.8886 0.2182 0.2182 0.8886 0.8886 0.2182 0.8886 0.8886
234 171 103 100 0.8886 0.2182 0.2182 0.8886 0.2182 0.8886 0.8886 0.8886 0.2182 0.2182 0.8886 0.2182 0.8886 0.8886 0.2182 0.2182
171 103 100 300 0.2182 0.8886 0.2182 0.8886 0.2182 0.8886 0.2182 0.2182 0.2182 0.2182 0.8886 0.2182 0.8886 0.8886 0.2182 0.2182
103 100 300 272 0.2182 0.2182 0.8886 0.2182 0.2182 0.8886 0.8886 0.2182 0.2182 0.2182 0.2182 0.8886 0.8886 0.8886 0.8886 0.2182
100 300 272 102 0.8886 0.2182 0.2182 0.2182 0.8886 0.2182 0.2182 0.8886 0.8886 0.8886 0.8886 0.2182 0.8886 0.2182 0.8886 0.2182
300 272 102 277 0.8886 0.8886 0.8886 0.8886 0.8886 0.8886 0.8886 0.8886 0.2182 0.2182 0.8886 0.2182 0.2182 0.8886 0.8886 0.8886
272 102 277 110 0.2182 0.8886 0.2182 0.2182 0.2182 0.2182 0.8886 0.2182 0.8886 0.2182 0.8886 0.2182 0.2182 0.8886 0.8886 0.2182
102 277 110 024 0.8886 0.8886 0.2182 0.8886 0.2182 0.2182 0.8886 0.2182 0.8886 0.8886 0.8886 0.8886 0.8886 0.2182 0.8886 0.8886
277 110 024 146 0.2182 0.2182 0.2182 0.8886 0.2182 0.2182 0.8886 0.2182 0.8886 0.8886 0.8886 0.2182 0.2182 0.8886 0.8886 0.2182
110 024 146 041 0.2182 0.8886 0.2182 0.2182 0.2182 0.8886 0.8886 0.8886 0.8886 0.8886 0.8886 0.2182 0.8886 0.8886 0.8886 0.8886
024 146 041 243 0.2182 0.2182 0.8886 0.2182 0.8886 0.2182 0.8886 0.2182 0.2182 0.8886 0.2182 0.2182 0.2182 0.2182 0.8886 0.2182
146 041 243 299 0.2182 0.2182 0.8886 0.8886 0.2182 0.2182 0.8886 0.2182 0.2182 0.2182 0.8886 0.2182 0.8886 0.8886 0.8886 0.2182
041 243 299 113 0.8886 0.8886 0.2182 0.2182 0.8886 0.8886 0.8886 0.2182 0.8886 0.8886 0.2182 0.8886 0.8886 0.2182 0.2182 0.8886
243 299 113 329 0.2182 0.2182 0.2182 0.2182 0.8886 0.2182 0.8886 0.8886 0.2182 0.2182 0.8886 0.2182 0.8886 0.2182 0.2182 0.8886
299 113 329 217 0.8886 0.2182 0.8886 0.2182 0.8886 0.8886 0.2182 0.8886 0.8886 0.2182 0.8886 0.2182 0.8886 0.8886 0.8886 0.8886
113 329 217 092 0.8886 0.2182 0.8886 0.2182 0.8886 0.2182 0.2182 0.2182 0.8886 0.8886 0.8886 0.2182 0.8886 0.2182 0.2182 0.8886
329 217 092 094 0.8886 0.2182 0.2182 0.2182 0.2182 0.2182 0.2182 0.2182 0.2182 0.8886 0.2182 0.2182 0.2182 0.8886 0.8886 0.2182
217 092 094 314 0.8886 0.8886 0.8886 0.2182 0.8886 0.2182 0.2182 0.2182 0.2182 0.8886 0.2182 0.8886 0.8886 0.2182 0.8886 0.8886
092 094 314 120 0.8886 0.8886 0.2182 0.8886 0.8886 0.8886 0.2182 0.8886 0.8886 0.8886 0.8886 0.8886 0.8886 0.8886 0.2182 0.2182
094 314 120 194 0.8886 0.2182 0.8886 0.8886 0.2182 0.8886 0.8886 0.2182 0.2182 0.8886 0.8886 0.8886 0.8886 0.8886 0.2182 0.2182
314 120 194 089 0.8886 0.8886 0.8886 0.8886 0.2182 0.8886 0.8886 0.8886 0.8886 0.2182 0.2182 0.8886 0.8886 0.2182 0.8886 0.2182
120 194 089 284 0.8886 0.2182 0.2182 0.2182 0.8886 0.8886 0.8886 0.2182 0.2182 0.8886 0.8886 0.2182 0.8886 0.8886 0.2182 0.8886
194 089 284 023 0.2182 0.2182 0.8886 0.2182 0.8886 0.2182 0.2182 0.2182 0.8886 0.2182 0.2182 0.2182 0.8886 0.8886 0.2182 0.2182
089 284 023 112 0.2182 0.2182 0.2182 0.8886 0.8886 0.2182 0.2182 0.8886 0.8886 0.2182 0.2182 0.8886 0.8886 0.8886 0.2182 0.8886
284 023 112 125 0.8886 0.2182 0.2182 0.8886 0.8886 0.2182 0.8886 0.8886 0.8886 0.2182 0.2182 0.2182 0.2182 0.8886 0.2182 0.8886
023 112 125 190 0.8886 0.2182 0.2182 0.8886 0.2182 0.8886 0.2182 0.2182 0.2182 0.8886 0.2182 0.2182 0.2182 0.8886 0.8886 0.8886
112 125 190 351 0.2182 0.2182 0.2182 0.8886 0.8886 0.8886 0.8886 0.2182 0.8886 0.2182 0.2182 0.2182 0.8886 0.8886 0.2182 0.2182
125 190 351 293 0.2182 0.8886 0.8886 0.8886 0.8886 0.2182 0.8886 0.2182 0.8886 0.2182 0.8886 0.8886 0.2182 0.8886 0.8886 0.8886
190 351 293 148 0.2182 0.8886 0.2182 0.8886 0.2182 0.8886 0.8886 0.2182 0.2182 0.2182 0.2182 0.8886 0.8886 0.8886 0.8886 0.8886
351 293 148 025 0.8886 0.8886 0.8886 0.8886 0.8886 0.8886 0.8886 0.2182 0.2182 0.8886 0.2182 0.8886 0.2182 0.8886 0.8886 0.8886
293 148 025 157 0.8886 0.8886 0.8886 0.2182 0.8886 0.8886 0.2182 0.8886 0.2182 0.2182 0.8886 0.2182 0.2182 0.8886 0.2182 0.2182
148 025 157 130 0.8886 0.8886 0.8886 0.2182 0.2182 0.2182 0.2182 0.8886 0.8886 0.2182 0.8886 0.8886 0.2182 0.2182 0.8886 0.2182
025 157 130 343 0.8886 0.8886 0.2182 0.8886 0.8886 0.8886 0.8886 0.2182 0.8886 0.2182 0.2182 0.2182 0.8886 0.8886 0.2182 0.2182
157 130 343 028 0.2182 0.2182 0.8886 0.2182 0.8886 0.2182 0.2182 0.2182 0.2182 0.2182 0.8886 0.2182 0.2182 0.8886 0.8886 0.2182
130 343 028 043 0.8886 0.2182 0.8886 0.8886 0.2182 0.8886 0.2182 0.8886 0.2182 0.8886 0.2182 0.8886 0.2182 0.2182 0.8886 0.8886
343 028 043 060 0.8886 0.2182 0.8886 0.8886 0.8886 0.8886 0.8886 0.8886 0.8886 0.8886 0.2182 0.8886 0.2182 0.2182 0.2182 0.2182
028 043 060 333 0.2182 0.8886 0.8886 0.8886 0.8886 0.8886 0.8886 0.8886 0.8886 0.8886 0.2182 0.8886 0.8886 0.2182 0.2182 0.2182
043 060 333 183 0.2182 0.2182 0.2182 0.8886 0.8886 0.8886 0.8886 0.8886 0.2182 0.2182 0.2182 0.2182 0.8886 0.2182 0.2182 0.2182
060 333 183 325 0.2182 0.2182 0.2182 0.8886 0.8886 0.8886 0.8886 0.8886 0.8886 0.2182 0.2182 0.2182 0.8886 0.2182 0.8886 0.2182
333 183 325 321 0.2182 0.8886 0.2182 0.2182 0.8886 0.8886 0.2182 0.2182 0.2182 0.2182 0.8886 0.2182 0.8886 0.2182 0.2182 0.8886
183 325 321 174 0.8886 0.8886 0.2182 0.8886 0.8886 0.2182 0.2182 0.8886 0.2182 0.8886 0.8886 0.8886 0.2182 0.2182 0.8886 0.8886
325 321 174 087 0.2182 0.2182 0.2182 0.2182 0.8886 0.2182 0.2182 0.8886 0.2182 0.8886 0.8886 0.2182 0.8886 0.8886 0.8886 0.8886
321 174 087 324 0.2182 0.2182 0.2182 0.2182 0.2182 0.2182 0.2182 0.8886 0.8886 0.8886 0.2182 0.8886 0.8886 0.2182 0.8886 0.2182
174 087 324 129 0.8886 0.8886 0.2182 0.2182 0.2182 0.2182 0.2182 0.2182 0.8886 0.8886 0.8886 0.2182 0.8886 0.8886 0.2182 0.2182
087 324 129 330 0.8886 0.8886 0.2182 0.2182 0.2182 0.2182 0.2182 0.8886 0.2182 0.2182 0.8886 0.2182 0.8886 0.8886 0.2182 0.2182
324 129 330 251 0.8886 0.2182 0.2182 0.2182 0.8886 0.8886 0.2182 0.2182 0.8886 0.2182 0.2182 0.2182 0.2182 0.8886 0.2182 0.8886
129 330 251 289 0.8886 0.2182 0.8886 0.2182 0.2182 0.8886 0.2182 0.2182 0.8886 0.2182 0.2182 0.2182 0.8886 0.2182 0.2182 0.2182
330 251 289 008 0.8886 0.8886 0.2182 0.8886 0.2182 0.8886 0.2182 0.2182 0.2182 0.8886 0.8886 0.2182 0.2182 0.2182 0.8886 0.2182
251 289 008 290 0.8886 0.8886 0.2182 0.8886 0.2182 0.8886 0.8886 0.2182 0.8886 0.8886 0.2182 0.8886 0.2182 0.2182 0.8886 0.8886
289 008 290 195 0.2182 0.2182 0.2182 0.2182 0.8886 0.2182 0.8886 0.8886 0.8886 0.8886 0.2182 0.2182 0.2182 0.2182 0.2182 0.2182
008 290 195 047 0.2182 0.2182 0.2182 0.2182 0.8886 0.8886 0.8886 0.8886 0.8886 0.8886 0.8886 0.2182 0.8886 0.8886 0.8886 0.8886
290 195 047 206 0.8886 0.8886 0.8886 0.8886 0.8886 0.8886 0.8886 0.8886 0.8886 0.2182 0.2182 0.8886 0.8886 0.8886 0.2182 0.8886
195 047 206 354 0.8886 0.8886 0.2182 0.2182 0.8886 0.8886 0.2182 0.8886 0.8886 0.8886 0.2182 0.2182 0.8886 0.2182 0.2182 0.2182
047 206 354 230 0.8886 0.8886 0.2182 0.2182 0.2182 0.2182 0.8886 0.8886 0.8886 0.2182 0.8886 0.8886 0.8886 0.8886 0.8886 0.2182
206 354 230 068 0.8886 0.2182 0.8886 0.2182 0.8886 0.8886 0.8886 0.8886 0.8886 0.2182 0.8886 0.8886 0.8886 0.8886 0.8886 0.2182
354 230 068 009 0.8886 0.2182 0.2182 0.8886 0.8886 0.2182 0.2182 0.8886 0.2182 0.8886 0.8886 0.8886 0.2182 0.2182 0.2182 0.2182
230 068 009 232 0.2182 0.2182 0.8886 0.8886 0.2182 0.2182 0.2182 0.2182 0.2182 0.2182 0.2182 0.8886 0.2182 0.8886 0.2182 0.2182
068 009 232 014 0.2182 0.2182 0.2182 0.8886 0.2182 0.8886 0.8886 0.2182 0.8886 0.2182 0.2182 0.8886 0.2182 0.2182 0.2182 0.2182
009 232 014 253 0.2182 0.2182 0.8886 0.8886 0.2182 0.8886 0.8886 0.2182 0.2182 0.8886 0.2182 0.8886 0.8886 0.8886 0.2182 0.2182
232 014 253 013 0.2182 0.2182 0.2182 0.2182 0.8886 0.2182 0.8886 0.2182 0.2182 0.8886 0.2182 0.2182 0.8886 0.8886 0.8886 0.8886
014 253 013 294 0.8886 0.8886 0.2182 0.8886 0.8886 0.2182 0.8886 0.8886 0.8886 0.8886 0.2182 0.2182 0.2182 0.8886 0.2182 0.8886
253 013 294 050 0.2182 0.8886 0.2182 0.2182 0.2182 0.2182 0.8886 0.2182 0.2182 0.2182 0.2182 0.2182 0.8886 0.8886 0.2182 0.8886
013 294 050 012 0.8886 0.2182 0.2182 0.2182 0.2182 0.2182 0.8886 0.8886 0.2182 0.2182 0.8886 0.8886 0.8886 0.2182 0.2182 0.8886
294 050 012 139 0.2182 0.2182 0.8886 0.2182 0.8886 0.2182 0.2182 0.2182 0.2182 0.2182 0.8886 0.8886 0.8886 0.8886 0.2182 0.2182
050 012 139 199 0.2182 0.8886 0.2182 0.2182 0.8886 0.8886 0.2182 0.8886 0.2182 0.8886 0.8886 0.8886 0.2182 0.8886 0.8886 0.8886
012 139 199 221 0.8886 0.8886 0.8886 0.2182 0.8886 0.2182 0.8886 0.2182 0.2182 0.2182 0.8886 0.2182 0.8886 0.2182 0.2182 0.2182
139 199 221 342 0.2182 0.2182 0.8886 0.8886 0.8886 0.2182 0.2182 0.2182 0.8886 0.8886 0.8886 0.2182 0.8886 0.2182 0.8886 0.2182
199 221 342 201 0.8886 0.2182 0.8886 0.2182 0.2182 0.2182 0.8886 0.8886 0.2182 0.2182 0.8886 0.8886 0.8886 0.8886 0.2182 0.8886
221 342 201 266 0.2182 0.2182 0.2182 0.2182 0.8886 0.2182 0.8886 0.8886 0.8886 0.8886 0.2182 0.8886 0.8886 0.8886 0.2182 0.8886
342 201 266 057 0.8886 0.2182 0.8886 0.8886 0.8886 0.2182 0.8886 0.8886 0.2182 0.8886 0.8886 0.2182 0.8886 0.8886 0.8886 0.2182
201 266 057 161 0.8886 0.8886 0.8886 0.8886 0.8886 0.8886 0.2182 0.8886 0.8886 0.2182 0.2182 0.2182 0.8886 0.2182 0.2182 0.8886
266 057 161 188 0.8886 0.8886 0.8886 0.2182 0.8886 0.8886 0.8886 0.8886 0.8886 0.2182 0.8886 0.8886 0.2182 0.8886 0.2182 0.8886
057 161 188 067 0.2182 0.2182 0.2182 0.2182 0.8886 0.8886 0.2182 0.2182 0.8886 0.2182 0.8886 0.2182 0.8886 0.8886 0.8886 0.8886
161 188 067 150 0.8886 0.8886 0.2182 0.2182 0.8886 0.2182 0.2182 0.2182 0.2182 0.8886 0.2182 0.2182 0.8886 0.2182 0.8886 0.2182
188 067 150 248 0.2182 0.8886 0.8886 0.2182 0.8886 0.8886 0.2182 0.2182 0.8886 0.2182 0.2182 0.8886 0.2182 0.8886 0.2182 0.2182
067 150 248 019 0.2182 0.2182 0.8886 0.8886 0.8886 0.8886 0.8886 0.8886 0.2182 0.2182 0.2182 0.2182 0.2182 0.2182 0.2182 0.8886
150 248 019 039 0.8886 0.2182 0.8886 0.8886 0.8886 0.2182 0.2182 0.2182 0.2182 0.8886 0.8886 0.8886 0.8886 0.8886 0.8886 0.8886
248 019 039 162 0.2182 0.8886 0.2182 0.8886 0.2182 0.2182 0.2182 0.2182 0.2182 0.8886 0.2182 0.2182 0.8886 0.2182 0.8886 0.8886
019 039 162 282 0.2182 0.8886 0.2182 0.2182 0.8886 0.2182 0.8886 0.8886 0.2182 0.2182 0.2182 0.2182 0.8886 0.8886 0.8886 0.8886
039 162 282 312 0.8886 0.2182 0.2182 0.8886 0.8886 0.8886 0.8886 0.8886 0.8886 0.8886 0.2182 0.2182 0.8886 0.2182 0.2182 0.8886
162 282 312 007 0.8886 0.2182 0.2182 0.8886 0.8886 0.2182 0.2182 0.2182 0.8886 0.8886 0.2182 0.2182 0.8886 0.2182 0.8886 0.2182
282 312 007 127 0.2182 0.2182 0.2182 0.2182 0.2182 0.8886 0.8886 0.2182 0.2182 0.8886 0.2182 0.8886 0.8886 0.2182 0.8886 0.2182
312 007 127 133 0.8886 0.8886 0.2182 0.2182 0.8886 0.8886 0.2182 0.8886 0.2182 0.2182 0.8886 0.2182 0.2182 0.8886 0.2182 0.8886
007 127 133 031 0.2182 0.8886 0.8886 0.8886 0.2182 0.2182 0.2182 0.8886 0.8886 0.8886 0.2182 0.8886 0.2182 0.8886 0.8886 0.2182
127 133 031 278 0.8886 0.2182 0.2182 0.2182 0.2182 0.8886 0.8886 0.8886 0.8886 0.8886 0.2182 0.8886 0.8886 0.2182 0.2182 0.8886
133 031 278 211 0.8886 0.8886 0.8886 0.8886 0.8886 0.8886 0.2182 0.2182 0.8886 0.2182 0.2182 0.2182 0.2182 0.2182 0.2182 0.8886
031 278 211 235 0.2182 0.8886 0.2182 0.8886 0.2182 0.8886 0.8886 0.2182 0.2182 0.8886 0.8886 0.8886 0.2182 0.2182 0.8886 0.2182
278 211 235 098 0.8886 0.8886 0.2182 0.2182 0.2182 0.8886 0.2182 0.2182 0.2182 0.2182 0.2182 0.2182 0.2182 0.2182 0.2182 0.2182
211 235 098 003 0.2182 0.2182 0.2182 0.8886 0.2182 0.2182 0.2182 0.2182 0.2182 0.8886 0.8886 0.2182 0.8886 0.8886 0.2182 0.2182
235 098 003 338 0.2182 0.8886 0.2182 0.8886 0.8886 0.2182 0.2182 0.8886 0.2182 0.2182 0.2182 0.8886 0.2182 0.2182 0.2182 0.8886
098 003 338 063 0.8886 0.2182 0.8886 0.8886 0.2182 0.2182 0.2182 0.8886 0.8886 0.8886 0.2182 0.8886 0.8886 0.8886 0.8886 0.2182
003 338 063 105 0.2182 0.8886 0.8886 0.2182 0.8886 0.8886 0.2182 0.2182 0.8886 0.2182 0.8886 0.2182 0.8886 0.8886 0.2182 0.8886
338 063 105 332 0.8886 0.2182 0.2182 0.2182 0.8886 0.2182 0.2182 0.8886 0.8886 0.2182 0.8886 0.8886 0.8886 0.8886 0.2182 0.8886
063 105 332 224 0.8886 0.8886 0.8886 0.2182 0.2182 0.8886 0.8886 0.8886 0.2182 0.2182 0.2182 0.2182 0.2182 0.8886 0.2182 0.2182
105 332 224 227 0.2182 0.8886 0.8886 0.2182 0.2182 0.8886 0.8886 0.8886 0.2182 0.2182 0.2182 0.2182 0.8886 0.2182 0.2182 0.8886
332 224 227 022 0.8886 0.2182 0.2182 0.8886 0.8886 0.2182 0.2182 0.8886 0.8886 0.2182 0.8886 0.2182 0.8886 0.8886 0.2182 0.2182
224 227 022 064 0.2182 0.2182 0.8886 0.8886 0.2182 0.2182 0.8886 0.8886 0.2182 0.8886 0.2182 0.2182 0.8886 0.2182 0.8886 0.2182
227 022 064 191 0.8886 0.8886 0.2182 0.8886 0.2182 0.8886 0.8886 0.2182 0.8886 0.8886 0.2182 0.8886 0.8886 0.2182 0.2182 0.2182
022 064 191 137 0.8886 0.8886 0.8886 0.8886 0.2182 0.8886 0.8886 0.8886 0.2182 0.2182 0.2182 0.8886 0.8886 0.2182 0.8886 0.8886
064 191 137 017 0.2182 0.2182 0.8886 0.8886 0.2182 0.2182 0.8886 0.8886 0.2182 0.8886 0.2182 0.8886 0.8886 0.8886 0.8886 0.2182
191 137 017 052 0.8886 0.2182 0.8886 0.8886 0.8886 0.2182 0.8886 0.2182 0.8886 0.8886 0.8886 0.8886 0.2182 0.8886 0.8886 0.2182
137 017 052 305 0.2182 0.2182 0.2182 0.2182 0.8886 0.2182 0.2182 0.2182 0.8886 0.2182 0.8886 0.8886 0.8886 0.8886 0.8886 0.2182
017 052 305 049 0.8886 0.2182 0.2182 0.2182 0.2182 0.2182 0.2182 0.8886 0.2182 0.2182 0.2182 0.8886 0.2182 0.2182 0.8886 0.2182
052 305 049 345 0.2182 0.2182 0.8886 0.8886 0.2182 0.8886 0.8886 0.8886 0.8886 0.2182 0.8886 0.2182 0.8886 0.8886 0.2182 0.8886
305 049 345 280 0.2182 0.2182 0.8886 0.8886 0.2182 0.2182 0.2182 0.8886 0.2182 0.8886 0.8886 0.2182 0.8886 0.8886 0.2182 0.8886
049 345 280 141 0.2182 0.8886 0.2182 0.8886 0.2182 0.8886 0.2182 0.8886 0.2182 0.2182 0.2182 0.8886 0.2182 0.8886 0.2182 0.2182
345 280 141 297 0.2182 0.2182 0.8886 0.8886 0.8886 0.8886 0.8886 0.2182 0.2182 0.8886 0.8886 0.8886 0.2182 0.2182 0.8886 0.2182
280 141 297 323 0.8886 0.2182 0.2182 0.8886 0.8886 0.8886 0.8886 0.2182 0.8886 0.8886 0.8886 0.2182 0.8886 0.8886 0.8886 0.8886
141 297 323 045 0.2182 0.8886 0.8886 0.2182 0.2182 0.2182 0.8886 0.2182 0.8886 0.2182 0.8886 0.8886 0.2182 0.2182 0.8886 0.2182
297 323 045 317 0.2182 0.2182 0.2182 0.8886 0.2182 0.2182 0.2182 0.8886 0.2182 0.8886 0.2182 0.8886 0.8886 0.8886 0.2182 0.8886
323 045 317 072 0.8886 0.8886 0.8886 0.2182 0.2182 0.2182 0.8886 0.8886 0.8886 0.8886 0.2182 0.8886 0.8886 0.8886 0.2182 0.2182
045 317 072 158 0.8886 0.2182 0.8886 0.8886 0.8886 0.2182 0.2182 0.8886 0.8886 0.8886 0.8886 0.8886 0.8886 0.8886 0.8886 0.8886
317 072 158 350 0.8886 0.2182 0.8886 0.2182 0.8886 0.2182 0.8886 0.2182 0.2182 0.2182 0.8886 0.2182 0.8886 0.2182 0.8886 0.2182
072 158 350 185 0.8886 0.2182 0.8886 0.8886 0.8886 0.2182 0.8886 0.8886 0.2182 0.8886 0.8886 0.8886 0.2182 0.8886 0.8886 0.2182
158 350 185 173 0.2182 0.2182 0.8886 0.2182 0.8886 0.2182 0.8886 0.8886 0.8886 0.8886 0.2182 0.2182 0.2182 0.8886 0.8886 0.2182
350 185 173 220 0.8886 0.8886 0.8886 0.8886 0.2182 0.8886 0.8886 0.2182 0.2182 0.2182 0.2182 0.8886 0.2182 0.8886 0.2182 0.8886
185 173 220 256 0.8886 0.8886 0.8886 0.2182 0.2182 0.8886 0.2182 0.8886 0.2182 0.8886 0.8886 0.8886 0.8886 0.8886 0.8886 0.8886
173 220 256 082 0.8886 0.8886 0.8886 0.2182 0.2182 0.2182 0.8886 0.2182 0.2182 0.8886 0.2182 0.2182 0.8886 0.8886 0.2182 0.2182
220 256 082 142 0.2182 0.2182 0.2182 0.2182 0.2182 0.8886 0.8886 0.8886 0.2182 0.2182 0.8886 0.2182 0.8886 0.2182 0.2182 0.2182
256 082 142 177 0.8886 0.8886 0.8886 0.2182 0.8886 0.8886 0.8886 0.2182 0.2182 0.8886 0.8886 0.2182 0.8886 0.2182 0.2182 0.2182
082 142 177 308 0.8886 0.8886 0.2182 0.8886 0.8886 0.2182 0.2182 0.8886 0.8886 0.8886 0.2182 0.8886 0.2182 0.2182 0.2182 0.2182
142 177 308 208 0.2182 0.8886 0.2182 0.2182 0.8886 0.8886 0.2182 0.2182 0.8886 0.2182 0.8886 0.2182 0.8886 0.8886 0.2182 0.8886
177 308 208 093 0.8886 0.2182 0.8886 0.2182 0.8886 0.8886 0.8886 0.8886 0.8886 0.2182 0.8886 0.2182 0.2182 0.8886 0.2182 0.2182
308 208 093 149 0.8886 0.2182 0.2182 0.2182 0.8886 0.2182 0.8886 0.8886 0.2182 0.8886 0.8886 0.8886 0.8886 0.2182 0.8886 0.8886
208 093 149 302 0.2182 0.2182 0.8886 0.2182 0.8886 0.8886 0.8886 0.8886 0.8886 0.2182 0.8886 0.2182 0.8886 0.8886 0.2182 0.8886
093 149 302 182 0.2182 0.2182 0.8886 0.8886 0.8886 0.8886 0.8886 0.2182 0.2182 0.2182 0.2182 0.2182 0.2182 0.8886 0.2182 0.2182
149 302 182 170 0.8886 0.2182 0.8886 0.8886 0.2182 0.2182 0.8886 0.2182 0.8886 0.2182 0.8886 0.8886 0.8886 0.2182 0.8886 0.8886
302 182 170 214 0.2182 0.2182 0.2182 0.8886 0.2182 0.8886 0.2182 0.2182 0.8886 0.8886 0.2182 0.8886 0.2182 0.8886 0.8886 0.2182
182 170 214 038 0.8886 0.8886 0.2182 0.8886 0.8886 0.8886 0.8886 0.8886 0.8886 0.2182 0.2182 0.8886 0.2182 0.8886 0.2182 0.8886
170 214 038 335 0.8886 0.8886 0.2182 0.8886 0.2182 0.8886 0.8886 0.8886 0.2182 0.8886 0.8886 0.8886 0.8886 0.2182 0.2182 0.2182
214 038 335 163 0.8886 0.8886 0.8886 0.2182 0.8886 0.8886 0.8886 0.8886 0.2182 0.8886 0.2182 0.8886 0.2182 0.2182 0.2182 0.8886
038 335 163 077 0.8886 0.8886 0.8886 0.8886 0.2182 0.2182 0.8886 0.2182 0.2182 0.8886 0.8886 0.8886 0.2182 0.2182 0.8886 0.2182
335 163 077 255 0.8886 0.8886 0.2182 0.2182 0.8886 0.8886 0.2182 0.8886 0.2182 0.2182 0.2182 0.2182 0.8886 0.2182 0.8886 0.8886
163 077 255 034 0.8886 0.2182 0.2182 0.2182 0.2182 0.2182 0.2182 0.2182 0.8886 0.2182 0.8886 0.2182 0.8886 0.8886 0.2182 0.8886
077 255 034 186 0.2182 0.2182 0.2182 0.2182 0.8886 0.8886 0.2182 0.2182 0.2182 0.2182 0.2182 0.2182 0.2182 0.8886 0.8886 0.2182
255 034 186 262 0.8886 0.2182 0.8886 0.8886 0.2182 0.8886 0.2182 0.8886 0.2182 0.2182 0.8886 0.2182 0.8886 0.8886 0.8886 0.8886
034 186 262 115 0.2182 0.2182 0.2182 0.2182 0.2182 0.8886 0.8886 0.8886 0.2182 0.2182 0.8886 0.8886 0.2182 0.2182 0.2182 0.8886
186 262 115 135 0.2182 0.2182 0.8886 0.8886 0.8886 0.8886 0.2182 0.8886 0.8886 0.2182 0.2182 0.2182 0.8886 0.2182 0.8886 0.2182
262 115 135 086 0.2182 0.8886 0.2182 0.2182 0.8886 0.2182 0.8886 0.8886 0.2182 0.8886 0.2182 0.8886 0.2182 0.2182 0.2182 0.2182
115 135 086 131 0.8886 0.2182 0.8886 0.8886 0.2182 0.2182 0.8886 0.2182 0.8886 0.2182 0.2182 0.8886 0.8886 0.2182 0.8886 0.8886
135 086 131 228 0.2182 0.8886 0.8886 0.8886 0.8886 0.8886 0.8886 0.8886 0.8886 0.2182 0.2182 0.2182 0.2182 0.2182 0.2182 0.2182
086 131 228 245 0.2182 0.2182 0.2182 0.2182 0.8886 0.2182 0.8886 0.8886 0.8886 0.8886 0.8886 0.8886 0.2182 0.8886 0.8886 0.2182
131 228 245 091 0.8886 0.8886 0.2182 0.2182 0.8886 0.2182 0.8886 0.8886 0.8886 0.8886 0.2182 0.2182 0.8886 0.8886 0.8886 0.8886
228 245 091 076 0.2182 0.2182 0.8886 0.8886 0.2182 0.2182 0.8886 0.2182 0.2182 0.8886 0.8886 0.2182 0.8886 0.2182 0.2182 0.8886
245 091 076 070 0.2182 0.8886 0.8886 0.8886 0.8886 0.2182 0.8886 0.2182 0.8886 0.8886 0.2182 0.2182 0.2182 0.2182 0.8886 0.2182
091 076 070 273 0.2182 0.8886 0.2182 0.8886 0.2182 0.8886 0.2182 0.8886 0.8886 0.2182 0.2182 0.2182 0.2182 0.2182 0.8886 0.8886
076 070 273 197 0.2182 0.2182 0.2182 0.8886 0.2182 0.8886 0.2182 0.2182 0.8886 0.8886 0.2182 0.2182 0.8886 0.2182 0.2182 0.2182
070 273 197 252 0.8886 0.2182 0.2182 0.8886 0.8886 0.8886 0.2182 0.2182 0.2182 0.2182 0.8886 0.2182 0.2182 0.8886 0.8886 0.8886
273 197 252 106 0.2182 0.2182 0.8886 0.8886 0.8886 0.2182 0.8886 0.8886 0.2182 0.8886 0.2182 0.8886 0.2182 0.2182 0.8886 0.2182
197 252 106 151 0.8886 0.2182 0.2182 0.2182 0.8886 0.2182 0.2182 0.2182 0.8886 0.2182 0.2182 0.2182 0.8886 0.8886 0.2182 0.2182
252 106 151 123 0.2182 0.8886 0.2182 0.8886 0.2182 0.8886 0.8886 0.8886 0.2182 0.8886 0.8886 0.2182 0.2182 0.8886 0.2182 0.2182
106 151 123 044 0.2182 0.8886 0.8886 0.8886 0.8886 0.8886 0.2182 0.8886 0.8886 0.8886 0.8886 0.2182 0.2182 0.8886 0.8886 0.2182
151 123 044 204 0.8886 0.2182 0.2182 0.8886 0.8886 0.2182 0.8886 0.2182 0.2182 0.2182 0.2182 0.2182 0.2182 0.2182 0.2182 0.8886
123 044 204 053 0.8886 0.8886 0.8886 0.8886 0.2182 0.2182 0.8886 0.8886 0.8886 0.8886 0.8886 0.8886 0.2182 0.2182 0.8886 0.2182
044 204 053 178 0.2182 0.2182 0.8886 0.8886 0.8886 0.8886 0.2182 0.2182 0.8886 0.8886 0.2182 0.8886 0.2182 0.8886 0.8886 0.8886
204 053 178 257 0.2182 0.2182 0.2182 0.8886 0.8886 0.2182 0.8886 0.2182 0.2182 0.8886 0.8886 0.2182 0.8886 0.8886 0.8886 0.2182
053 178 257 239 0.2182 0.2182 0.2182 0.8886 0.8886 0.8886 0.2182 0.8886 0.8886 0.8886 0.2182 0.2182 0.2182 0.8886 0.8886 0.2182
178 257 239 175 0.8886 0.2182 0.8886 0.2182 0.2182 0.8886 0.2182 0.2182 0.2182 0.2182 0.8886 0.8886 0.2182 0.8886 0.2182 0.2182
257 239 175 210 0.8886 0.8886 0.8886 0.2182 0.2182 0.2182 0.2182 0.8886 0.2182 0.2182 0.8886 0.8886 0.8886 0.8886 0.2182 0.2182
239 175 210 169 0.2182 0.8886 0.2182 0.2182 0.2182 0.2182 0.8886 0.2182 0.8886 0.8886 0.2182 0.2182 0.2182 0.8886 0.8886 0.2182
175 210 169 108 0.2182 0.2182 0.8886 0.2182 0.2182 0.8886 0.2182 0.8886 0.2182 0.8886 0.8886 0.2182 0.8886 0.8886 0.8886 0.8886
210 169 108 048 0.8886 0.8886 0.8886 0.8886 0.2182 0.2182 0.2182 0.2182 0.8886 0.8886 0.8886 0.8886 0.2182 0.8886 0.2182 0.2182
169 108 048 320 0.2182 0.8886 0.2182 0.2182 0.2182 0.8886 0.8886 0.2182 0.8886 0.8886 0.2182 0.2182 0.2182 0.2182 0.2182 0.2182
108 048 320 018 0.8886 0.8886 0.2182 0.8886 0.2182 0.2182 0.8886 0.8886 0.2182 0.2182 0.8886 0.2182 0.2182 0.2182 0.8886 0.8886
048 320 018 059 0.2182 0.2182 0.2182 0.8886 0.8886 0.2182 0.2182 0.8886 0.8886 0.8886 0.2182 0.2182 0.8886 0.8886 0.2182 0.2182
320 018 059 271 0.8886 0.8886 0.2182 0.2182 0.8886 0.2182 0.2182 0.2182 0.2182 0.8886 0.8886 0.2182 0.8886 0.2182 0.8886 0.2182
018 059 271 001 0.8886 0.8886 0.8886 0.2182 0.2182 0.2182 0.2182 0.2182 0.8886 0.8886 0.8886 0.2182 0.8886 0.8886 0.2182 0.8886
059 271 001 233 0.2182 0.2182 0.2182 0.8886 0.2182 0.8886 0.2182 0.2182 0.2182 0.8886 0.2182 0.8886 0.8886 0.8886 0.2182 0.8886
271 001 233 085 0.8886 0.2182 0.2182 0.2182 0.8886 0.2182 0.2182 0.2182 0.2182 0.8886 0.2182 0.2182 0.8886 0.2182 0.2182 0.2182
001 233 085 296 0.2182 0.8886 0.2182 0.2182 0.2182 0.8886 0.2182 0.8886 0.8886 0.2182 0.8886 0.8886 0.2182 0.8886 0.8886 0.2182
233 085 296 307 0.2182 0.8886 0.8886 0.2182 0.2182 0.8886 0.8886 0.2182 0.2182 0.8886 0.8886 0.8886 0.2182 0.2182 0.2182 0.2182
085 296 307 334 0.8886 0.8886 0.2182 0.8886 0.2182 0.2182 0.2182 0.2182 0.2182 0.8886 0.2182 0.2182 0.2182 0.2182 0.2182 0.8886
296 307 334 132 0.8886 0.2182 0.8886 0.8886 0.8886 0.8886 0.8886 0.2182 0.2182 0.2182 0.8886 0.8886 0.8886 0.2182 0.8886 0.8886
307 334 132 029 0.8886 0.2182 0.2182 0.2182 0.8886 0.2182 0.8886 0.2182 0.2182 0.8886 0.2182 0.2182 0.2182 0.2182 0.8886 0.2182
334 132 029 274 0.8886 0.2182 0.8886 0.2182 0.8886 0.2182 0.2182 0.8886 0.8886 0.8886 0.8886 0.8886 0.2182 0.2182 0.2182 0.2182
132 029 274 355 0.8886 0.2182 0.2182 0.8886 0.8886 0.2182 0.8886 0.2182 0.8886 0.2182 0.8886 0.2182 0.2182 0.2182 0.2182 0.2182
029 274 355 000 0.2182 0.2182 0.2182 0.2182 0.8886 0.2182 0.8886 0.8886 0.8886 0.8886 0.2182 0.8886 0.2182 0.2182 0.8886 0.8886
274 355 000 027 0.8886 0.8886 0.8886 0.2182 0.8886 0.2182 0.2182 0.8886 0.8886 0.2182 0.2182 0.8886 0.2182 0.8886 0.2182 0.2182
355 000 027 213 0.8886 0.8886 0.8886 0.2182 0.2182 0.8886 0.2182 0.8886 0.8886 0.2182 0.8886 0.2182 0.2182 0.8886 0.8886 0.8886
000 027 213 283 0.8886 0.2182 0.2182 0.2182 0.2182 0.8886 0.8886 0.8886 0.2182 0.2182 0.2182 0.8886 0.2182 0.8886 0.2182 0.8886
027 213 283 006 0.2182 0.2182 0.8886 0.8886 0.2182 0.8886 0.8886 0.8886 0.2182 0.8886 0.8886 0.8886 0.8886 0.2182 0.2182 0.8886
213 283 006 179 0.2182 0.2182 0.8886 0.2182 0.8886 0.8886 0.8886 0.8886 0.8886 0.8886 0.8886 0.2182 0.8886 0.8886 0.2182 0.8886
283 006 179 075 0.8886 0.8886 0.2182 0.8886 0.2182 0.2182 0.8886 0.8886 0.2182 0.8886 0.8886 0.8886 0.2182 0.8886 0.8886 0.8886
006 179 075 238 0.8886 0.2182 0.8886 0.8886 0.8886 0.2182 0.2182 0.2182 0.8886 0.2182 0.8886 0.8886 0.2182 0.8886 0.2182 0.2182
179 075 238 055 0.2182 0.2182 0.2182 0.2182 0.8886 0.8886 0.2182 0.2182 0.8886 0.8886 0.8886 0.8886 0.8886 0.8886 0.2182 0.8886
075 238 055 200 0.8886 0.8886 0.2182 0.2182 0.2182 0.2182 0.8886 0.2182 0.8886 0.8886 0.8886 0.2182 0.2182 0.8886 0.2182 0.2182
238 055 200 344 0.2182 0.2182 0.8886 0.2182 0.2182 0.8886 0.8886 0.2182 0.2182 0.2182 0.8886 0.8886 0.2182 0.8886 0.2182 0.8886
055 200 344 051 0.2182 0.8886 0.2182 0.2182 0.8886 0.2182 0.2182 0.2182 0.2182 0.2182 0.2182 0.2182 0.2182 0.2182 0.2182 0.2182
200 344 051 056 0.2182 0.2182 0.2182 0.2182 0.8886 0.2182 0.8886 0.8886 0.8886 0.8886 0.8886 0.8886 0.8886 0.2182 0.8886 0.2182
344 051 056 207 0.2182 0.2182 0.2182 0.8886 0.8886 0.8886 0.8886 0.8886 0.8886 0.8886 0.2182 0.8886 0.2182 0.8886 0.2182 0.2182
051 056 207 002 0.8886 0.2182 0.2182 0.2182 0.8886 0.8886 0.2182 0.2182 0.8886 0.2182 0.2182 0.2182 0.2182 0.8886 0.2182 0.2182
056 207 002 241 0.8886 0.8886 0.8886 0.8886 0.8886 0.8886 0.8886 0.2182 0.2182 0.8886 0.8886 0.8886 0.2182 0.8886 0.2182 0.2182
207 002 241 231 0.8886 0.2182 0.2182 0.8886 0.8886 0.2182 0.2182 0.8886 0.8886 0.8886 0.8886 0.2182 0.2182 0.2182 0.8886 0.2182
002 241 231 165 0.2182 0.2182 0.2182 0.8886 0.8886 0.8886 0.8886 0.8886 0.8886 0.8886 0.2182 0.8886 0.2182 0.8886 0.2182 0.8886
241 231 165 340 0.8886 0.8886 0.2182 0.8886 0.8886 0.8886 0.2182 0.8886 0.8886 0.8886 0.2182 0.8886 0.8886 0.8886 0.8886 0.8886
231 165 340 109 0.8886 0.2182 0.8886 0.8886 0.2182 0.8886 0.8886 0.8886 0.8886 0.8886 0.8886 0.8886 0.2182 0.8886 0.8886 0.8886
165 340 109 264 0.2182 0.2182 0.8886 0.2182 0.2182 0.2182 0.2182 0.2182 0.8886 0.8886 0.8886 0.8886 0.2182 0.8886 0.2182 0.8886
340 109 264 318 0.2182 0.2182 0.2182 0.2182 0.2182 0.2182 0.2182 0.2182 0.2182 0.2182 0.2182 0.8886 0.2182 0.2182 0.8886 0.8886
109 264 318 198 0.8886 0.8886 0.8886 0.8886 0.8886 0.8886 0.8886 0.2182 0.8886 0.8886 0.8886 0.8886 0.2182 0.2182 0.2182 0.2182
264 318 198 042 0.8886 0.2182 0.8886 0.2182 0.2182 0.8886 0.2182 0.2182 0.2182 0.2182 0.2182 0.8886 0.2182 0.8886 0.2182 0.8886
318 198 042 026 0.8886 0.2182 0.8886 0.2182 0.2182 0.8886 0.8886 0.2182 0.2182 0.2182 0.2182 0.2182 0.8886 0.2182 0.8886 0.2182
198 042 026 033 0.2182 0.2182 0.8886 0.8886 0.8886 0.8886 0.2182 0.8886 0.2182 0.8886 0.2182 0.8886 0.8886 0.8886 0.8886 0.2182
042 026 033 322 0.2182 0.2182 0.8886 0.8886 0.8886 0.8886 0.8886 0.8886 0.8886 0.2182 0.8886 0.2182 0.8886 0.8886 0.2182 0.2182
026 033 322 250 0.2182 0.8886 0.2182 0.2182 0.8886 0.8886 0.8886 0.2182 0.8886 0.8886 0.8886 0.2182 0.2182 0.8886 0.8886 0.8886
033 322 250 168 0.2182 0.2182 0.8886 0.8886 0.2182 0.8886 0.8886 0.8886 0.2182 0.8886 0.8886 0.2182 0.8886 0.8886 0.2182 0.2182
322 250 168 265 0.2182 0.2182 0.8886 0.8886 0.2182 0.2182 0.2182 0.2182 0.8886 0.8886 0.2182 0.2182 0.8886 0.2182 0.2182 0.2182
250 168 265 062 0.2182 0.2182 0.8886 0.2182 0.8886 0.8886 0.2182 0.8886 0.2182 0.8886 0.2182 0.8886 0.8886 0.2182 0.2182 0.2182
168 265 062 117 0.2182 0.8886 0.2182 0.8886 0.8886 0.2182 0.2182 0.8886 0.8886 0.8886 0.8886 0.2182 0.8886 0.8886 0.2182 0.2182
265 062 117 015 0.2182 0.2182 0.2182 0.2182 0.8886 0.2182 0.2182 0.8886 0.8886 0.2182 0.2182 0.2182 0.2182 0.2182 0.2182 0.8886
062 117 015 327 0.2182 0.8886 0.2182 0.2182 0.2182 0.8886 0.8886 0.8886 0.2182 0.8886 0.8886 0.2182 0.8886 0.2182 0.8886 0.2182
117 015 327 301 0.2182 0.8886 0.8886 0.8886 0.2182 0.8886 0.2182 0.8886 0.8886 0.8886 0.8886 0.2182 0.2182 0.2182 0.8886 0.8886
015 327 301 065 0.2182 0.8886 0.8886 0.2182 0.2182 0.8886 0.2182 0.8886 0.2182 0.8886 0.2182 0.2182 0.8886 0.8886 0.8886 0.2182
327 301 065 319 0.2182 0.8886 0.8886 0.2182 0.2182 0.8886 0.8886 0.2182 0.2182 0.2182 0.2182 0.8886 0.8886 0.2182 0.2182 0.2182
301 065 319 118 0.2182 0.8886 0.8886 0.2182 0.2182 0.8886 0.8886 0.8886 0.2182 0.2182 0.8886 0.2182 0.8886 0.8886 0.8886 0.2182
065 319 118 143 0.2182 0.2182 0.2182 0.8886 0.8886 0.2182 0.8886 0.2182 0.2182 0.8886 0.8886 0.8886 0.8886 0.2182 0.8886 0.2182
319 118 143 020 0.2182 0.8886 0.8886 0.8886 0.2182 0.2182 0.8886 0.8886 0.2182 0.8886 0.2182 0.8886 0.2182 0.8886 0.2182 0.8886
118 143 020 189 0.8886 0.2182 0.2182 0.8886 0.2182 0.8886 0.2182 0.2182 0.8886 0.2182 0.2182 0.8886 0.8886 0.8886 0.8886 0.2182
143 020 189 246 0.2182 0.8886 0.8886 0.2182 0.2182 0.8886 0.2182 0.2182 0.2182 0.2182 0.8886 0.2182 0.2182 0.2182 0.8886 0.8886
020 189 246 074 0.8886 0.2182 0.8886 0.2182 0.8886 0.2182 0.8886 0.8886 0.8886 0.2182 0.8886 0.8886 0.2182 0.8886 0.8886 0.2182
189 246 074 212 0.2182 0.8886 0.2182 0.2182 0.2182 0.2182 0.2182 0.2182 0.2182 0.2182 0.8886 0.2182 0.2182 0.8886 0.8886 0.8886
246 074 212 267 0.2182 0.8886 0.2182 0.2182 0.2182 0.8886 0.2182 0.8886 0.2182 0.2182 0.2182 0.2182 0.2182 0.2182 0.2182 0.2182
074 212 267 249 0.8886 0.8886 0.2182 0.2182 0.2182 0.8886 0.8886 0.2182 0.2182 0.8886 0.2182 0.8886 0.2182 0.2182 0.2182 0.8886
212 267 249 268 0.2182 0.2182 0.2182 0.2182 0.8886 0.2182 0.8886 0.8886 0.8886 0.2182 0.8886 0.2182 0.8886 0.2182 0.8886 0.8886
267 249 268 202 0.2182 0.2182 0.8886 0.2182 0.8886 0.8886 0.2182 0.2182 0.2182 0.2182 0.2182 0.2182 0.8886 0.8886 0.2182 0.2182
249 268 202 192 0.8886 0.2182 0.2182 0.8886 0.2182 0.2182 0.2182 0.2182 0.2182 0.2182 0.2182 0.2182 0.8886 0.2182 0.2182 0.8886
268 202 192 311 0.2182 0.8886 0.8886 0.8886 0.8886 0.8886 0.8886 0.8886 0.8886 0.8886 0.8886 0.8886 0.8886 0.8886 0.2182 0.8886
202 192 311 349 0.8886 0.8886 0.8886 0.2182 0.2182 0.8886 0.2182 0.2182 0.8886 0.2182 0.2182 0.2182 0.8886 0.8886 0.2182 0.2182
192 311 349 153 0.2182 0.2182 0.2182 0.8886 0.8886 0.8886 0.8886 0.2182 0.2182 0.2182 0.2182 0.2182 0.8886 0.2182 0.8886 0.8886
311 349 153 107 0.2182 0.2182 0.8886 0.8886 0.2182 0.8886 0.8886 0.2182 0.2182 0.2182 0.8886 0.2182 0.2182 0.2182 0.8886 0.2182
349 153 107 331 0.2182 0.8886 0.8886 0.8886 0.8886 0.8886 0.2182 0.2182 0.2182 0.2182 0.2182 0.2182 0.8886 0.8886 0.2182 0.2182
153 107 331 096 0.2182 0.8886 0.8886 0.2182 0.8886 0.2182 0.2182 0.2182 0.8886 0.8886 0.8886 0.8886 0.8886 0.8886 0.2182 0.2182
107 331 096 291 0.2182 0.8886 0.2182 0.2182 0.8886 0.8886 0.2182 0.2182 0.2182 0.8886 0.8886 0.8886 0.8886 0.2182 0.2182 0.2182
331 096 291 155 0.2182 0.2182 0.2182 0.8886 0.2182 0.2182 0.2182 0.8886 0.2182 0.2182 0.2182 0.8886 0.2182 0.2182 0.2182 0.8886
096 291 155 156 0.2182 0.8886 0.2182 0.8886 0.2182 0.2182 0.2182 0.8886 0.2182 0.8886 0.2182 0.8886 0.8886 0.8886 0.2182 0.2182
291 155 156 281 0.2182 0.2182 0.8886 0.8886 0.2182 0.8886 0.8886 0.2182 0.8886 0.2182 0.8886 0.8886 0.8886 0.8886 0.2182 0.8886
155 156 281 101 0.8886 0.8886 0.2182 0.8886 0.8886 0.2182 0.2182 0.8886 0.8886 0.8886 0.2182 0.8886 0.8886 0.8886 0.8886 0.8886
156 281 101 030 0.2182 0.8886 0.8886 0.2182 0.2182 0.2182 0.2182 0.2182 0.2182 0.2182 0.2182 0.8886 0.2182 0.2182 0.2182 0.8886
281 101 030 336 0.8886 0.2182 0.2182 0.8886 0.8886 0.8886 0.8886 0.2182 0.8886 0.2182 0.2182 0.2182 0.2182 0.8886 0.2182 0.8886
101 030 336 226 0.8886 0.8886 0.2182 0.8886 0.8886 0.8886 0.8886 0.2182 0.2182 0.8886 0.2182 0.2182 0.2182 0.2182 0.8886 0.8886
030 336 226 269 0.2182 0.8886 0.8886 0.2182 0.2182 0.2182 0.2182 0.2182 0.8886 0.2182 0.8886 0.8886 0.8886 0.2182 0.8886 0.8886
336 226 269 159 0.2182 0.2182 0.8886 0.8886 0.2182 0.2182 0.2182 0.2182 0.8886 0.2182 0.2182 0.2182 0.2182 0.8886 0.2182 0.2182
