356 031684 3
038 148 097 253 0.9866 0.6761 0.9866 0.9866 0.6761 0.6761 0.9866 0.6761 0.9866 0.6761 0.6761 0.6761 0.6761 0.9866 0.6761 0.9866
148 097 253 095 0.6761 0.9866 0.9866 0.6761 0.9866 0.6761 0.9866 0.6761 0.9866 0.6761 0.9866 0.9866 0.6761 0.6761 0.6761 0.9866
097 253 095 282 0.6761 0.9866 0.6761 0.9866 0.9866 0.6761 0.9866 0.6761 0.6761 0.9866 0.6761 0.9866 0.9866 0.6761 0.9866 0.6761
253 095 282 015 0.6761 0.6761 0.6761 0.6761 0.9866 0.6761 0.6761 0.9866 0.6761 0.9866 0.9866 0.9866 0.6761 0.9866 0.9866 0.6761
095 282 015 246 0.6761 0.9866 0.6761 0.6761 0.6761 0.9866 0.9866 0.6761 0.9866 0.6761 0.9866 0.9866 0.6761 0.9866 0.6761 0.6761
282 015 246 227 0.9866 0.6761 0.9866 0.6761 0.6761 0.6761 0.9866 0.9866 0.6761 0.9866 0.6761 0.9866 0.6761 0.9866 0.6761 0.6761
015 246 227 110 0.9866 0.9866 0.6761 0.9866 0.6761 0.9866 0.6761 0.6761 0.6761 0.6761 0.6761 0.6761 0.9866 0.9866 0.6761 0.6761
246 227 110 074 0.6761 0.6761 0.6761 0.9866 0.6761 0.9866 0.6761 0.6761 0.9866 0.6761 0.9866 0.9866 0.6761 0.9866 0.6761 0.9866
227 110 074 274 0.6761 0.6761 0.6761 0.9866 0.6761 0.9866 0.9866 0.6761 0.6761 0.6761 0.9866 0.6761 0.6761 0.6761 0.9866 0.6761
110 074 274 085 0.6761 0.9866 0.6761 0.9866 0.6761 0.9866 0.6761 0.9866 0.9866 0.9866 0.6761 0.9866 0.6761 0.6761 0.6761 0.9866
074 274 085 229 0.6761 0.9866 0.6761 0.6761 0.9866 0.6761 0.6761 0.6761 0.6761 0.6761 0.6761 0.9866 0.6761 0.9866 0.6761 0.9866
274 085 229 090 0.9866 0.6761 0.9866 0.6761 0.6761 0.6761 0.9866 0.6761 0.6761 0.6761 0.9866 0.6761 0.6761 0.6761 0.9866 0.6761
085 229 090 041 0.6761 0.6761 0.9866 0.6761 0.6761 0.6761 0.6761 0.9866 0.9866 0.6761 0.6761 0.9866 0.9866 0.9866 0.9866 0.9866
229 090 041 245 0.6761 0.9866 0.9866 0.9866 0.9866 0.6761 0.9866 0.9866 0.9866 0.6761 0.9866 0.6761 0.9866 0.9866 0.9866 0.9866
090 041 245 155 0.9866 0.6761 0.9866 0.6761 0.6761 0.9866 0.9866 0.6761 0.6761 0.9866 0.9866 0.9866 0.9866 0.6761 0.6761 0.9866
041 245 155 256 0.6761 0.9866 0.6761 0.9866 0.6761 0.9866 0.6761 0.9866 0.9866 0.9866 0.9866 0.9866 0.9866 0.6761 0.6761 0.6761
245 155 256 163 0.6761 0.9866 0.6761 0.9866 0.6761 0.6761 0.6761 0.9866 0.6761 0.6761 0.6761 0.6761 0.9866 0.6761 0.9866 0.9866
155 256 163 129 0.9866 0.9866 0.6761 0.9866 0.6761 0.9866 0.6761 0.9866 0.6761 0.9866 0.9866 0.6761 0.9866 0.9866 0.9866 0.6761
256 163 129 136 0.6761 0.6761 0.6761 0.6761 0.6761 0.9866 0.9866 0.6761 0.6761 0.6761 0.6761 0.6761 0.9866 0.9866 0.9866 0.9866
163 129 136 335 0.9866 0.6761 0.9866 0.6761 0.9866 0.6761 0.9866 0.9866 0.6761 0.6761 0.9866 0.6761 0.9866 0.9866 0.6761 0.9866
129 136 335 283 0.6761 0.6761 0.9866 0.6761 0.6761 0.9866 0.9866 0.9866 0.6761 0.9866 0.6761 0.6761 0.6761 0.6761 0.9866 0.6761
136 335 283 144 0.6761 0.6761 0.9866 0.9866 0.6761 0.6761 0.9866 0.9866 0.9866 0.6761 0.9866 0.6761 0.6761 0.9866 0.6761 0.9866
335 283 144 175 0.9866 0.9866 0.9866 0.9866 0.6761 0.9866 0.6761 0.6761 0.6761 0.6761 0.6761 0.9866 0.6761 0.6761 0.6761 0.9866
283 144 175 197 0.6761 0.9866 0.9866 0.9866 0.9866 0.6761 0.9866 0.9866 0.9866 0.6761 0.6761 0.9866 0.9866 0.9866 0.9866 0.9866
144 175 197 066 0.6761 0.9866 0.9866 0.9866 0.9866 0.6761 0.9866 0.6761 0.6761 0.9866 0.9866 0.9866 0.9866 0.9866 0.6761 0.9866
175 197 066 276 0.6761 0.9866 0.9866 0.9866 0.9866 0.9866 0.6761 0.9866 0.6761 0.6761 0.9866 0.6761 0.9866 0.6761 0.9866 0.9866
197 066 276 008 0.6761 0.6761 0.6761 0.9866 0.6761 0.9866 0.9866 0.9866 0.9866 0.9866 0.6761 0.6761 0.6761 0.9866 0.9866 0.9866
066 276 008 084 0.9866 0.9866 0.6761 0.9866 0.9866 0.9866 0.9866 0.6761 0.6761 0.6761 0.6761 0.6761 0.9866 0.6761 0.6761 0.9866
276 008 084 289 0.9866 0.6761 0.6761 0.6761 0.9866 0.6761 0.9866 0.6761 0.9866 0.9866 0.9866 0.6761 0.6761 0.6761 0.9866 0.6761
008 084 289 100 0.6761 0.6761 0.9866 0.9866 0.9866 0.6761 0.6761 0.6761 0.6761 0.9866 0.6761 0.6761 0.9866 0.6761 0.6761 0.6761
084 289 100 166 0.6761 0.6761 0.9866 0.6761 0.9866 0.6761 0.6761 0.6761 0.6761 0.9866 0.6761 0.9866 0.9866 0.9866 0.9866 0.9866
289 100 166 056 0.6761 0.6761 0.9866 0.9866 0.9866 0.6761 0.9866 0.9866 0.6761 0.6761 0.6761 0.6761 0.9866 0.9866 0.6761 0.9866
100 166 056 118 0.6761 0.9866 0.6761 0.9866 0.6761 0.6761 0.9866 0.9866 0.9866 0.9866 0.6761 0.9866 0.6761 0.6761 0.9866 0.9866
166 056 118 319 0.9866 0.9866 0.6761 0.6761 0.6761 0.9866 0.9866 0.9866 0.9866 0.9866 0.9866 0.6761 0.9866 0.9866 0.6761 0.9866
056 118 319 165 0.6761 0.6761 0.6761 0.6761 0.6761 0.6761 0.6761 0.9866 0.9866 0.6761 0.6761 0.6761 0.6761 0.6761 0.9866 0.6761
118 319 165 055 0.9866 0.6761 0.9866 0.6761 0.6761 0.6761 0.6761 0.9866 0.6761 0.6761 0.6761 0.6761 0.6761 0.6761 0.9866 0.6761
319 165 055 052 0.6761 0.9866 0.6761 0.6761 0.6761 0.9866 0.9866 0.9866 0.9866 0.6761 0.9866 0.6761 0.9866 0.9866 0.6761 0.6761
165 055 052 247 0.6761 0.9866 0.6761 0.6761 0.9866 0.6761 0.9866 0.6761 0.6761 0.9866 0.9866 0.6761 0.9866 0.9866 0.9866 0.9866
055 052 247 280 0.6761 0.6761 0.6761 0.9866 0.9866 0.6761 0.9866 0.9866 0.6761 0.6761 0.6761 0.6761 0.9866 0.6761 0.6761 0.6761
052 247 280 154 0.6761 0.6761 0.6761 0.9866 0.9866 0.6761 0.6761 0.9866 0.9866 0.9866 0.6761 0.9866 0.9866 0.9866 0.6761 0.9866
247 280 154 062 0.6761 0.9866 0.6761 0.9866 0.6761 0.9866 0.9866 0.6761 0.6761 0.9866 0.9866 0.9866 0.9866 0.9866 0.6761 0.6761
280 154 062 235 0.9866 0.6761 0.9866 0.9866 0.6761 0.9866 0.6761 0.9866 0.6761 0.6761 0.6761 0.9866 0.6761 0.6761 0.6761 0.9866
154 062 235 081 0.6761 0.9866 0.9866 0.9866 0.9866 0.6761 0.6761 0.9866 0.6761 0.6761 0.6761 0.9866 0.9866 0.6761 0.9866 0.6761
062 235 081 044 0.9866 0.6761 0.9866 0.6761 0.6761 0.9866 0.9866 0.9866 0.9866 0.9866 0.9866 0.6761 0.6761 0.6761 0.6761 0.6761
235 081 044 183 0.9866 0.9866 0.6761 0.6761 0.9866 0.9866 0.6761 0.9866 0.6761 0.9866 0.9866 0.6761 0.6761 0.9866 0.9866 0.9866
081 044 183 174 0.6761 0.9866 0.6761 0.6761 0.9866 0.6761 0.6761 0.9866 0.6761 0.9866 0.6761 0.9866 0.6761 0.9866 0.6761 0.9866
044 183 174 331 0.9866 0.9866 0.9866 0.9866 0.9866 0.6761 0.9866 0.6761 0.9866 0.9866 0.9866 0.6761 0.6761 0.6761 0.6761 0.6761
183 174 331 223 0.9866 0.9866 0.6761 0.9866 0.6761 0.6761 0.9866 0.9866 0.6761 0.9866 0.9866 0.6761 0.6761 0.6761 0.9866 0.9866
174 331 223 116 0.9866 0.6761 0.6761 0.6761 0.9866 0.9866 0.9866 0.9866 0.6761 0.6761 0.6761 0.9866 0.6761 0.9866 0.6761 0.9866
331 223 116 341 0.6761 0.9866 0.9866 0.9866 0.6761 0.9866 0.9866 0.6761 0.9866 0.9866 0.9866 0.9866 0.6761 0.9866 0.6761 0.9866
223 116 341 209 0.9866 0.6761 0.6761 0.9866 0.9866 0.9866 0.9866 0.9866 0.9866 0.6761 0.9866 0.9866 0.9866 0.6761 0.9866 0.9866
116 341 209 020 0.6761 0.9866 0.6761 0.6761 0.9866 0.9866 0.9866 0.6761 0.6761 0.9866 0.6761 0.9866 0.9866 0.9866 0.6761 0.6761
341 209 020 322 0.9866 0.9866 0.9866 0.9866 0.9866 0.6761 0.9866 0.9866 0.9866 0.9866 0.6761 0.6761 0.6761 0.9866 0.9866 0.9866
209 020 322 288 0.6761 0.6761 0.6761 0.6761 0.6761 0.6761 0.9866 0.6761 0.6761 0.9866 0.6761 0.9866 0.6761 0.9866 0.6761 0.6761
020 322 288 291 0.9866 0.9866 0.9866 0.6761 0.9866 0.6761 0.6761 0.6761 0.9866 0.6761 0.9866 0.6761 0.9866 0.6761 0.9866 0.6761
322 288 291 214 0.6761 0.6761 0.9866 0.6761 0.6761 0.9866 0.9866 0.9866 0.6761 0.9866 0.6761 0.9866 0.6761 0.6761 0.9866 0.9866
288 291 214 304 0.6761 0.6761 0.9866 0.9866 0.9866 0.9866 0.6761 0.9866 0.6761 0.9866 0.9866 0.9866 0.6761 0.9866 0.9866 0.9866
291 214 304 205 0.9866 0.9866 0.9866 0.9866 0.9866 0.9866 0.9866 0.6761 0.9866 0.9866 0.9866 0.9866 0.6761 0.6761 0.6761 0.9866
214 304 205 200 0.9866 0.9866 0.6761 0.9866 0.9866 0.6761 0.9866 0.6761 0.6761 0.6761 0.9866 0.9866 0.9866 0.9866 0.6761 0.9866
304 205 200 354 0.6761 0.6761 0.9866 0.6761 0.6761 0.6761 0.9866 0.9866 0.9866 0.6761 0.6761 0.9866 0.6761 0.6761 0.9866 0.9866
205 200 354 260 0.6761 0.6761 0.6761 0.9866 0.9866 0.9866 0.6761 0.6761 0.9866 0.6761 0.9866 0.9866 0.9866 0.6761 0.6761 0.9866
200 354 260 080 0.6761 0.6761 0.9866 0.6761 0.9866 0.9866 0.6761 0.6761 0.9866 0.6761 0.9866 0.6761 0.9866 0.6761 0.9866 0.6761
354 260 080 121 0.9866 0.6761 0.9866 0.9866 0.9866 0.9866 0.9866 0.6761 0.9866 0.6761 0.9866 0.6761 0.6761 0.9866 0.6761 0.6761
260 080 121 265 0.9866 0.9866 0.9866 0.6761 0.6761 0.6761 0.9866 0.9866 0.9866 0.9866 0.9866 0.9866 0.6761 0.9866 0.9866 0.6761
080 121 265 049 0.6761 0.6761 0.6761 0.6761 0.6761 0.6761 0.9866 0.9866 0.9866 0.9866 0.9866 0.6761 0.9866 0.9866 0.9866 0.9866
121 265 049 336 0.9866 0.9866 0.9866 0.9866 0.9866 0.6761 0.6761 0.9866 0.9866 0.9866 0.9866 0.6761 0.6761 0.9866 0.6761 0.9866
265 049 336 054 0.9866 0.9866 0.9866 0.6761 0.9866 0.6761 0.9866 0.9866 0.9866 0.6761 0.6761 0.9866 0.6761 0.9866 0.6761 0.6761
049 336 054 124 0.6761 0.9866 0.6761 0.6761 0.6761 0.9866 0.9866 0.9866 0.6761 0.6761 0.9866 0.6761 0.9866 0.6761 0.9866 0.9866
336 054 124 107 0.6761 0.9866 0.9866 0.6761 0.9866 0.9866 0.6761 0.6761 0.6761 0.9866 0.6761 0.9866 0.6761 0.6761 0.9866 0.6761
054 124 107 071 0.9866 0.9866 0.9866 0.6761 0.9866 0.9866 0.9866 0.9866 0.9866 0.9866 0.9866 0.9866 0.6761 0.6761 0.6761 0.6761
124 107 071 164 0.9866 0.9866 0.9866 0.6761 0.6761 0.6761 0.9866 0.9866 0.6761 0.6761 0.6761 0.9866 0.6761 0.6761 0.9866 0.6761
107 071 164 287 0.9866 0.6761 0.6761 0.9866 0.9866 0.9866 0.6761 0.6761 0.6761 0.6761 0.6761 0.9866 0.9866 0.6761 0.9866 0.6761
071 164 287 355 0.9866 0.9866 0.9866 0.6761 0.9866 0.9866 0.6761 0.6761 0.9866 0.6761 0.9866 0.6761 0.9866 0.6761 0.9866 0.9866
164 287 355 196 0.9866 0.6761 0.9866 0.6761 0.9866 0.9866 0.6761 0.6761 0.9866 0.6761 0.6761 0.6761 0.9866 0.9866 0.9866 0.6761
287 355 196 091 0.6761 0.6761 0.9866 0.9866 0.9866 0.9866 0.6761 0.6761 0.9866 0.9866 0.6761 0.6761 0.6761 0.6761 0.9866 0.6761
355 196 091 224 0.6761 0.9866 0.9866 0.6761 0.9866 0.9866 0.6761 0.9866 0.9866 0.6761 0.9866 0.9866 0.9866 0.9866 0.6761 0.6761
196 091 224 035 0.6761 0.9866 0.6761 0.9866 0.6761 0.6761 0.6761 0.6761 0.6761 0.9866 0.9866 0.6761 0.9866 0.9866 0.9866 0.9866
091 224 035 186 0.6761 0.9866 0.6761 0.9866 0.9866 0.9866 0.6761 0.6761 0.9866 0.9866 0.6761 0.6761 0.9866 0.6761 0.6761 0.6761
224 035 186 181 0.9866 0.6761 0.9866 0.6761 0.9866 0.9866 0.6761 0.9866 0.6761 0.9866 0.9866 0.6761 0.6761 0.9866 0.6761 0.9866
035 186 181 343 0.9866 0.9866 0.9866 0.9866 0.6761 0.9866 0.9866 0.6761 0.9866 0.9866 0.6761 0.6761 0.9866 0.6761 0.9866 0.9866
186 181 343 310 0.6761 0.9866 0.6761 0.9866 0.9866 0.6761 0.9866 0.9866 0.9866 0.9866 0.9866 0.6761 0.6761 0.9866 0.6761 0.9866
181 343 310 108 0.6761 0.9866 0.6761 0.9866 0.9866 0.9866 0.6761 0.9866 0.9866 0.6761 0.9866 0.6761 0.9866 0.6761 0.6761 0.6761
343 310 108 014 0.9866 0.6761 0.9866 0.9866 0.6761 0.9866 0.6761 0.6761 0.9866 0.9866 0.9866 0.9866 0.6761 0.9866 0.6761 0.6761
310 108 014 047 0.9866 0.9866 0.6761 0.6761 0.6761 0.9866 0.6761 0.9866 0.9866 0.9866 0.6761 0.9866 0.6761 0.9866 0.6761 0.6761
108 014 047 016 0.9866 0.6761 0.9866 0.9866 0.9866 0.9866 0.9866 0.6761 0.9866 0.9866 0.6761 0.6761 0.6761 0.9866 0.9866 0.9866
014 047 016 353 0.6761 0.6761 0.9866 0.6761 0.6761 0.9866 0.6761 0.9866 0.6761 0.6761 0.9866 0.6761 0.9866 0.9866 0.9866 0.9866
047 016 353 264 0.6761 0.9866 0.9866 0.9866 0.9866 0.6761 0.9866 0.9866 0.6761 0.9866 0.9866 0.6761 0.9866 0.9866 0.6761 0.9866
016 353 264 161 0.6761 0.6761 0.9866 0.6761 0.6761 0.6761 0.6761 0.6761 0.6761 0.6761 0.9866 0.9866 0.9866 0.9866 0.9866 0.9866
353 264 161 022 0.6761 0.6761 0.9866 0.9866 0.9866 0.9866 0.9866 0.9866 0.9866 0.6761 0.9866 0.9866 0.6761 0.6761 0.9866 0.6761
264 161 022 040 0.6761 0.6761 0.6761 0.6761 0.9866 0.9866 0.6761 0.6761 0.6761 0.6761 0.6761 0.9866 0.6761 0.9866 0.9866 0.6761
161 022 040 315 0.9866 0.9866 0.9866 0.9866 0.9866 0.9866 0.6761 0.6761 0.6761 0.6761 0.6761 0.6761 0.6761 0.6761 0.6761 0.9866
022 040 315 272 0.9866 0.6761 0.9866 0.9866 0.6761 0.9866 0.9866 0.9866 0.6761 0.9866 0.9866 0.9866 0.9866 0.6761 0.9866 0.6761
040 315 272 130 0.6761 0.9866 0.9866 0.6761 0.6761 0.9866 0.9866 0.9866 0.6761 0.9866 0.6761 0.6761 0.9866 0.6761 0.9866 0.9866
315 272 130 119 0.9866 0.6761 0.6761 0.9866 0.9866 0.9866 0.9866 0.9866 0.6761 0.9866 0.9866 0.9866 0.6761 0.9866 0.6761 0.6761
272 130 119 076 0.6761 0.9866 0.9866 0.9866 0.6761 0.9866 0.9866 0.9866 0.9866 0.6761 0.6761 0.9866 0.9866 0.9866 0.9866 0.6761
130 119 076 105 0.6761 0.6761 0.9866 0.6761 0.6761 0.6761 0.9866 0.9866 0.9866 0.9866 0.6761 0.9866 0.6761 0.6761 0.6761 0.6761
119 076 105 198 0.6761 0.9866 0.9866 0.6761 0.9866 0.6761 0.6761 0.9866 0.9866 0.9866 0.9866 0.6761 0.9866 0.6761 0.6761 0.9866
076 105 198 134 0.9866 0.6761 0.6761 0.6761 0.9866 0.9866 0.9866 0.9866 0.6761 0.6761 0.9866 0.9866 0.9866 0.9866 0.9866 0.6761
105 198 134 270 0.9866 0.6761 0.9866 0.9866 0.6761 0.9866 0.6761 0.6761 0.9866 0.9866 0.6761 0.9866 0.9866 0.6761 0.6761 0.9866
198 134 270 138 0.9866 0.6761 0.9866 0.6761 0.9866 0.6761 0.6761 0.6761 0.6761 0.9866 0.9866 0.9866 0.6761 0.9866 0.6761 0.6761
134 270 138 263 0.6761 0.6761 0.6761 0.9866 0.9866 0.9866 0.6761 0.6761 0.6761 0.9866 0.6761 0.6761 0.9866 0.6761 0.6761 0.9866
270 138 263 330 0.6761 0.6761 0.6761 0.9866 0.9866 0.9866 0.6761 0.9866 0.9866 0.6761 0.9866 0.9866 0.6761 0.6761 0.6761 0.6761
138 263 330 120 0.6761 0.6761 0.6761 0.6761 0.9866 0.9866 0.6761 0.6761 0.6761 0.9866 0.6761 0.9866 0.6761 0.6761 0.6761 0.9866
263 330 120 172 0.9866 0.6761 0.6761 0.6761 0.6761 0.9866 0.6761 0.9866 0.6761 0.6761 0.9866 0.6761 0.9866 0.9866 0.6761 0.6761
330 120 172 239 0.6761 0.9866 0.6761 0.6761 0.6761 0.6761 0.9866 0.6761 0.6761 0.6761 0.9866 0.6761 0.6761 0.9866 0.9866 0.6761
120 172 239 191 0.6761 0.6761 0.6761 0.9866 0.6761 0.9866 0.6761 0.6761 0.9866 0.6761 0.9866 0.9866 0.6761 0.9866 0.9866 0.9866
172 239 191 284 0.9866 0.6761 0.6761 0.9866 0.6761 0.6761 0.9866 0.6761 0.6761 0.6761 0.9866 0.6761 0.9866 0.6761 0.6761 0.9866
239 191 284 068 0.6761 0.9866 0.6761 0.9866 0.6761 0.6761 0.6761 0.6761 0.6761 0.9866 0.6761 0.6761 0.6761 0.9866 0.9866 0.9866
191 284 068 077 0.6761 0.6761 0.9866 0.6761 0.9866 0.9866 0.9866 0.9866 0.9866 0.9866 0.6761 0.9866 0.9866 0.9866 0.9866 0.6761
284 068 077 262 0.6761 0.6761 0.6761 0.6761 0.9866 0.9866 0.9866 0.6761 0.9866 0.6761 0.9866 0.6761 0.9866 0.9866 0.6761 0.6761
068 077 262 123 0.6761 0.6761 0.6761 0.6761 0.9866 0.6761 0.6761 0.9866 0.9866 0.9866 0.9866 0.6761 0.9866 0.6761 0.9866 0.9866
077 262 123 324 0.6761 0.9866 0.6761 0.6761 0.6761 0.9866 0.6761 0.9866 0.6761 0.9866 0.9866 0.6761 0.9866 0.9866 0.9866 0.6761
262 123 324 170 0.6761 0.9866 0.6761 0.9866 0.9866 0.9866 0.9866 0.6761 0.9866 0.9866 0.6761 0.6761 0.6761 0.6761 0.9866 0.9866
123 324 170 021 0.6761 0.9866 0.6761 0.6761 0.6761 0.9866 0.9866 0.6761 0.6761 0.6761 0.6761 0.6761 0.9866 0.9866 0.6761 0.9866
324 170 021 314 0.6761 0.9866 0.6761 0.9866 0.6761 0.9866 0.9866 0.9866 0.6761 0.6761 0.9866 0.9866 0.6761 0.9866 0.9866 0.9866
170 021 314 167 0.9866 0.9866 0.6761 0.9866 0.6761 0.9866 0.6761 0.6761 0.9866 0.6761 0.9866 0.9866 0.6761 0.6761 0.9866 0.6761
021 314 167 285 0.9866 0.6761 0.6761 0.9866 0.6761 0.9866 0.9866 0.9866 0.9866 0.9866 0.6761 0.9866 0.9866 0.6761 0.6761 0.6761
314 167 285 132 0.9866 0.9866 0.9866 0.9866 0.9866 0.9866 0.9866 0.9866 0.6761 0.6761 0.6761 0.6761 0.6761 0.6761 0.9866 0.9866
167 285 132 160 0.9866 0.6761 0.9866 0.6761 0.9866 0.6761 0.9866 0.6761 0.6761 0.9866 0.9866 0.9866 0.6761 0.9866 0.6761 0.6761
285 132 160 157 0.6761 0.6761 0.9866 0.6761 0.6761 0.9866 0.9866 0.6761 0.6761 0.9866 0.9866 0.9866 0.6761 0.6761 0.9866 0.6761
132 160 157 208 0.9866 0.6761 0.9866 0.6761 0.6761 0.9866 0.9866 0.9866 0.9866 0.6761 0.6761 0.6761 0.6761 0.6761 0.9866 0.9866
160 157 208 086 0.6761 0.9866 0.6761 0.6761 0.9866 0.9866 0.9866 0.6761 0.9866 0.6761 0.9866 0.9866 0.9866 0.6761 0.9866 0.9866
157 208 086 106 0.9866 0.6761 0.6761 0.9866 0.9866 0.6761 0.6761 0.6761 0.9866 0.6761 0.6761 0.6761 0.9866 0.9866 0.6761 0.6761
208 086 106 222 0.6761 0.6761 0.6761 0.9866 0.6761 0.6761 0.6761 0.6761 0.6761 0.9866 0.9866 0.9866 0.9866 0.9866 0.6761 0.6761
086 106 222 026 0.6761 0.6761 0.6761 0.9866 0.9866 0.9866 0.6761 0.9866 0.6761 0.6761 0.6761 0.9866 0.9866 0.9866 0.9866 0.6761
106 222 026 267 0.9866 0.9866 0.9866 0.9866 0.6761 0.6761 0.6761 0.9866 0.9866 0.6761 0.6761 0.9866 0.6761 0.9866 0.6761 0.9866
222 026 267 237 0.9866 0.6761 0.6761 0.6761 0.9866 0.9866 0.9866 0.6761 0.9866 0.6761 0.9866 0.6761 0.6761 0.6761 0.9866 0.9866
026 267 237 188 0.9866 0.6761 0.9866 0.6761 0.6761 0.9866 0.9866 0.9866 0.6761 0.9866 0.6761 0.6761 0.9866 0.9866 0.9866 0.9866
267 237 188 009 0.6761 0.6761 0.6761 0.6761 0.9866 0.6761 0.6761 0.9866 0.9866 0.9866 0.6761 0.6761 0.6761 0.9866 0.6761 0.9866
237 188 009 046 0.6761 0.6761 0.6761 0.6761 0.9866 0.6761 0.6761 0.9866 0.6761 0.9866 0.6761 0.9866 0.9866 0.6761 0.6761 0.6761
188 009 046 070 0.9866 0.6761 0.6761 0.6761 0.6761 0.9866 0.9866 0.9866 0.6761 0.9866 0.6761 0.6761 0.6761 0.9866 0.6761 0.9866
009 046 070 159 0.6761 0.9866 0.6761 0.9866 0.9866 0.6761 0.6761 0.6761 0.9866 0.6761 0.6761 0.6761 0.9866 0.6761 0.9866 0.9866
046 070 159 300 0.6761 0.6761 0.6761 0.9866 0.6761 0.6761 0.6761 0.6761 0.9866 0.9866 0.9866 0.9866 0.6761 0.9866 0.6761 0.6761
070 159 300 104 0.6761 0.9866 0.6761 0.6761 0.6761 0.6761 0.6761 0.9866 0.9866 0.6761 0.6761 0.6761 0.6761 0.6761 0.9866 0.9866
159 300 104 258 0.6761 0.6761 0.6761 0.9866 0.9866 0.6761 0.9866 0.9866 0.6761 0.6761 0.6761 0.6761 0.9866 0.9866 0.9866 0.6761
300 104 258 220 0.9866 0.9866 0.6761 0.9866 0.6761 0.9866 0.6761 0.9866 0.9866 0.9866 0.6761 0.9866 0.6761 0.9866 0.6761 0.9866
104 258 220 028 0.9866 0.6761 0.9866 0.9866 0.9866 0.6761 0.6761 0.9866 0.6761 0.9866 0.9866 0.9866 0.6761 0.9866 0.6761 0.9866
258 220 028 190 0.6761 0.9866 0.6761 0.6761 0.6761 0.9866 0.6761 0.9866 0.6761 0.9866 0.6761 0.9866 0.6761 0.6761 0.9866 0.9866
220 028 190 033 0.9866 0.6761 0.9866 0.6761 0.9866 0.9866 0.6761 0.6761 0.6761 0.6761 0.9866 0.9866 0.6761 0.6761 0.9866 0.9866
028 190 033 093 0.6761 0.9866 0.6761 0.9866 0.9866 0.6761 0.9866 0.6761 0.9866 0.6761 0.9866 0.9866 0.6761 0.9866 0.9866 0.6761
190 033 093 042 0.6761 0.9866 0.9866 0.9866 0.6761 0.6761 0.9866 0.9866 0.9866 0.6761 0.6761 0.6761 0.9866 0.9866 0.6761 0.6761
033 093 042 122 0.9866 0.6761 0.6761 0.9866 0.9866 0.9866 0.6761 0.9866 0.9866 0.9866 0.6761 0.6761 0.9866 0.9866 0.6761 0.6761
093 042 122 168 0.9866 0.6761 0.6761 0.6761 0.6761 0.9866 0.9866 0.9866 0.6761 0.6761 0.6761 0.6761 0.6761 0.9866 0.6761 0.6761
042 122 168 290 0.9866 0.6761 0.9866 0.9866 0.6761 0.6761 0.9866 0.9866 0.6761 0.9866 0.9866 0.6761 0.6761 0.9866 0.9866 0.6761
122 168 290 185 0.6761 0.9866 0.6761 0.9866 0.9866 0.9866 0.9866 0.9866 0.9866 0.6761 0.9866 0.9866 0.6761 0.9866 0.6761 0.9866
168 290 185 212 0.6761 0.6761 0.6761 0.6761 0.9866 0.9866 0.9866 0.9866 0.9866 0.6761 0.9866 0.6761 0.9866 0.9866 0.9866 0.6761
290 185 212 142 0.9866 0.6761 0.9866 0.9866 0.6761 0.9866 0.6761 0.9866 0.6761 0.9866 0.6761 0.9866 0.6761 0.9866 0.6761 0.9866
185 212 142 244 0.6761 0.9866 0.9866 0.6761 0.9866 0.6761 0.9866 0.9866 0.6761 0.9866 0.6761 0.9866 0.9866 0.9866 0.6761 0.9866
212 142 244 012 0.6761 0.9866 0.9866 0.6761 0.9866 0.9866 0.9866 0.6761 0.6761 0.6761 0.9866 0.9866 0.6761 0.9866 0.6761 0.6761
142 244 012 182 0.9866 0.6761 0.9866 0.9866 0.9866 0.6761 0.6761 0.6761 0.6761 0.9866 0.9866 0.9866 0.9866 0.9866 0.6761 0.9866
244 012 182 248 0.6761 0.6761 0.9866 0.6761 0.6761 0.9866 0.6761 0.9866 0.6761 0.6761 0.9866 0.9866 0.6761 0.6761 0.9866 0.9866
012 182 248 140 0.6761 0.6761 0.9866 0.9866 0.6761 0.6761 0.9866 0.6761 0.6761 0.9866 0.9866 0.6761 0.9866 0.6761 0.6761 0.9866
182 248 140 141 0.9866 0.9866 0.9866 0.6761 0.6761 0.9866 0.9866 0.6761 0.9866 0.9866 0.6761 0.9866 0.9866 0.9866 0.6761 0.6761
248 140 141 098 0.6761 0.6761 0.6761 0.6761 0.9866 0.6761 0.6761 0.6761 0.6761 0.6761 0.9866 0.6761 0.9866 0.9866 0.9866 0.6761
140 141 098 201 0.6761 0.6761 0.6761 0.9866 0.6761 0.9866 0.9866 0.6761 0.9866 0.6761 0.6761 0.6761 0.6761 0.9866 0.9866 0.6761
141 098 201 249 0.9866 0.6761 0.9866 0.9866 0.9866 0.9866 0.6761 0.9866 0.9866 0.9866 0.6761 0.6761 0.6761 0.6761 0.9866 0.9866
098 201 249 139 0.9866 0.9866 0.9866 0.9866 0.9866 0.9866 0.9866 0.6761 0.9866 0.9866 0.9866 0.9866 0.9866 0.9866 0.6761 0.9866
201 249 139 089 0.6761 0.9866 0.6761 0.9866 0.6761 0.6761 0.9866 0.6761 0.9866 0.6761 0.9866 0.9866 0.6761 0.6761 0.6761 0.6761
249 139 089 082 0.9866 0.6761 0.6761 0.6761 0.9866 0.9866 0.6761 0.9866 0.9866 0.9866 0.9866 0.6761 0.6761 0.9866 0.9866 0.6761
139 089 082 326 0.6761 0.9866 0.6761 0.9866 0.9866 0.9866 0.6761 0.6761 0.6761 0.6761 0.9866 0.6761 0.6761 0.6761 0.9866 0.6761
089 082 326 112 0.6761 0.9866 0.9866 0.9866 0.6761 0.9866 0.6761 0.6761 0.6761 0.6761 0.6761 0.6761 0.9866 0.6761 0.9866 0.6761
082 326 112 228 0.9866 0.9866 0.6761 0.6761 0.6761 0.6761 0.6761 0.9866 0.6761 0.6761 0.9866 0.6761 0.9866 0.9866 0.9866 0.9866
326 112 228 087 0.9866 0.9866 0.6761 0.6761 0.6761 0.6761 0.6761 0.9866 0.6761 0.6761 0.9866 0.6761 0.6761 0.9866 0.6761 0.9866
112 228 087 342 0.6761 0.6761 0.9866 0.6761 0.6761 0.9866 0.9866 0.6761 0.9866 0.6761 0.9866 0.9866 0.9866 0.9866 0.6761 0.9866
228 087 342 145 0.9866 0.6761 0.6761 0.6761 0.9866 0.9866 0.9866 0.6761 0.6761 0.6761 0.6761 0.9866 0.6761 0.9866 0.9866 0.6761
087 342 145 039 0.6761 0.9866 0.6761 0.6761 0.9866 0.9866 0.9866 0.6761 0.9866 0.9866 0.6761 0.6761 0.6761 0.9866 0.9866 0.6761
342 145 039 195 0.6761 0.9866 0.9866 0.6761 0.9866 0.6761 0.6761 0.9866 0.6761 0.9866 0.6761 0.6761 0.6761 0.6761 0.9866 0.6761
145 039 195 334 0.9866 0.9866 0.6761 0.9866 0.6761 0.6761 0.9866 0.6761 0.6761 0.6761 0.6761 0.9866 0.6761 0.9866 0.6761 0.9866
039 195 334 266 0.9866 0.9866 0.6761 0.9866 0.9866 0.6761 0.6761 0.6761 0.6761 0.9866 0.9866 0.9866 0.6761 0.6761 0.6761 0.6761
195 334 266 347 0.6761 0.6761 0.9866 0.9866 0.6761 0.6761 0.9866 0.6761 0.6761 0.6761 0.9866 0.6761 0.9866 0.6761 0.6761 0.9866
334 266 347 232 0.9866 0.6761 0.9866 0.6761 0.9866 0.9866 0.6761 0.9866 0.9866 0.6761 0.9866 0.9866 0.9866 0.6761 0.9866 0.6761
266 347 232 001 0.6761 0.9866 0.6761 0.9866 0.6761 0.6761 0.6761 0.6761 0.6761 0.6761 0.9866 0.9866 0.9866 0.6761 0.6761 0.6761
347 232 001 158 0.6761 0.6761 0.6761 0.6761 0.9866 0.6761 0.6761 0.9866 0.9866 0.6761 0.6761 0.9866 0.6761 0.9866 0.6761 0.6761
232 001 158 346 0.9866 0.6761 0.9866 0.9866 0.9866 0.6761 0.6761 0.9866 0.6761 0.6761 0.9866 0.9866 0.9866 0.9866 0.9866 0.6761
001 158 346 301 0.9866 0.6761 0.9866 0.6761 0.6761 0.6761 0.9866 0.9866 0.6761 0.6761 0.9866 0.9866 0.9866 0.9866 0.9866 0.9866
158 346 301 060 0.9866 0.9866 0.6761 0.9866 0.9866 0.9866 0.9866 0.9866 0.9866 0.6761 0.9866 0.9866 0.9866 0.6761 0.6761 0.6761
346 301 060 018 0.9866 0.9866 0.6761 0.6761 0.9866 0.9866 0.6761 0.6761 0.6761 0.6761 0.6761 0.9866 0.9866 0.6761 0.9866 0.6761
301 060 018 193 0.6761 0.6761 0.6761 0.9866 0.9866 0.6761 0.6761 0.6761 0.9866 0.6761 0.6761 0.9866 0.6761 0.9866 0.9866 0.9866
060 018 193 295 0.6761 0.6761 0.9866 0.6761 0.9866 0.9866 0.9866 0.9866 0.6761 0.6761 0.9866 0.6761 0.9866 0.6761 0.9866 0.6761
018 193 295 133 0.6761 0.9866 0.9866 0.6761 0.6761 0.9866 0.9866 0.9866 0.9866 0.9866 0.9866 0.6761 0.6761 0.9866 0.9866 0.9866
193 295 133 203 0.6761 0.6761 0.9866 0.6761 0.9866 0.9866 0.9866 0.6761 0.6761 0.6761 0.9866 0.6761 0.9866 0.6761 0.9866 0.9866
295 133 203 162 0.9866 0.9866 0.9866 0.6761 0.9866 0.6761 0.6761 0.6761 0.9866 0.9866 0.9866 0.9866 0.9866 0.9866 0.9866 0.6761
133 203 162 207 0.6761 0.9866 0.6761 0.6761 0.6761 0.6761 0.9866 0.9866 0.9866 0.6761 0.6761 0.9866 0.6761 0.6761 0.6761 0.9866
203 162 207 005 0.9866 0.6761 0.9866 0.6761 0.9866 0.6761 0.9866 0.9866 0.9866 0.6761 0.9866 0.9866 0.9866 0.6761 0.6761 0.6761
162 207 005 275 0.9866 0.9866 0.6761 0.6761 0.9866 0.9866 0.6761 0.9866 0.6761 0.9866 0.9866 0.9866 0.9866 0.6761 0.6761 0.6761
207 005 275 238 0.6761 0.9866 0.9866 0.9866 0.9866 0.6761 0.9866 0.6761 0.9866 0.6761 0.6761 0.9866 0.9866 0.6761 0.6761 0.6761
005 275 238 067 0.6761 0.9866 0.6761 0.6761 0.9866 0.9866 0.6761 0.6761 0.9866 0.9866 0.6761 0.9866 0.9866 0.6761 0.6761 0.6761
275 238 067 029 0.6761 0.9866 0.9866 0.9866 0.9866 0.9866 0.9866 0.6761 0.9866 0.6761 0.6761 0.6761 0.6761 0.9866 0.9866 0.6761
238 067 029 114 0.9866 0.6761 0.6761 0.6761 0.9866 0.9866 0.9866 0.6761 0.6761 0.6761 0.6761 0.6761 0.9866 0.6761 0.6761 0.6761
067 029 114 171 0.6761 0.6761 0.9866 0.6761 0.6761 0.6761 0.6761 0.6761 0.6761 0.6761 0.6761 0.9866 0.9866 0.9866 0.9866 0.9866
029 114 171 298 0.6761 0.9866 0.9866 0.6761 0.6761 0.9866 0.9866 0.6761 0.9866 0.6761 0.6761 0.6761 0.9866 0.9866 0.9866 0.9866
114 171 298 307 0.6761 0.9866 0.9866 0.9866 0.6761 0.6761 0.9866 0.6761 0.9866 0.9866 0.6761 0.9866 0.6761 0.9866 0.9866 0.9866
171 298 307 241 0.9866 0.9866 0.9866 0.9866 0.9866 0.9866 0.9866 0.9866 0.6761 0.9866 0.6761 0.9866 0.6761 0.6761 0.6761 0.9866
298 307 241 242 0.6761 0.9866 0.6761 0.9866 0.6761 0.9866 0.9866 0.6761 0.6761 0.6761 0.6761 0.9866 0.6761 0.6761 0.6761 0.9866
307 241 242 211 0.6761 0.9866 0.9866 0.6761 0.9866 0.6761 0.6761 0.9866 0.9866 0.9866 0.6761 0.9866 0.6761 0.6761 0.6761 0.6761
241 242 211 299 0.6761 0.6761 0.6761 0.9866 0.6761 0.6761 0.6761 0.9866 0.9866 0.9866 0.6761 0.6761 0.6761 0.9866 0.6761 0.9866
242 211 299 092 0.9866 0.6761 0.6761 0.6761 0.6761 0.6761 0.9866 0.9866 0.9866 0.9866 0.9866 0.6761 0.6761 0.6761 0.9866 0.6761
211 299 092 003 0.9866 0.6761 0.6761 0.6761 0.9866 0.9866 0.9866 0.6761 0.9866 0.6761 0.9866 0.9866 0.6761 0.6761 0.6761 0.9866
299 092 003 271 0.6761 0.6761 0.9866 0.6761 0.9866 0.6761 0.9866 0.6761 0.9866 0.9866 0.6761 0.9866 0.6761 0.6761 0.6761 0.9866
092 003 271 103 0.9866 0.6761 0.9866 0.6761 0.9866 0.6761 0.9866 0.6761 0.9866 0.9866 0.6761 0.6761 0.6761 0.9866 0.6761 0.9866
003 271 103 215 0.9866 0.6761 0.9866 0.9866 0.6761 0.9866 0.9866 0.6761 0.6761 0.9866 0.6761 0.9866 0.9866 0.9866 0.9866 0.6761
271 103 215 002 0.9866 0.6761 0.6761 0.9866 0.9866 0.6761 0.9866 0.9866 0.6761 0.6761 0.9866 0.9866 0.6761 0.6761 0.6761 0.6761
103 215 002 261 0.9866 0.6761 0.6761 0.9866 0.9866 0.6761 0.9866 0.9866 0.6761 0.9866 0.9866 0.9866 0.6761 0.9866 0.6761 0.9866
215 002 261 137 0.6761 0.9866 0.6761 0.9866 0.6761 0.9866 0.6761 0.9866 0.9866 0.6761 0.6761 0.9866 0.9866 0.6761 0.9866 0.6761
002 261 137 128 0.9866 0.9866 0.6761 0.9866 0.9866 0.6761 0.6761 0.9866 0.9866 0.6761 0.6761 0.9866 0.9866 0.6761 0.6761 0.9866
261 137 128 230 0.6761 0.6761 0.9866 0.6761 0.9866 0.9866 0.6761 0.6761 0.9866 0.9866 0.6761 0.6761 0.6761 0.6761 0.9866 0.6761
137 128 230 059 0.9866 0.6761 0.6761 0.9866 0.9866 0.9866 0.6761 0.6761 0.6761 0.6761 0.9866 0.9866 0.6761 0.6761 0.6761 0.9866
128 230 059 027 0.9866 0.9866 0.6761 0.6761 0.6761 0.9866 0.9866 0.6761 0.6761 0.6761 0.9866 0.9866 0.9866 0.9866 0.9866 0.6761
230 059 027 143 0.6761 0.9866 0.6761 0.9866 0.6761 0.9866 0.9866 0.9866 0.6761 0.9866 0.9866 0.9866 0.9866 0.6761 0.9866 0.9866
059 027 143 194 0.6761 0.9866 0.9866 0.6761 0.9866 0.9866 0.9866 0.9866 0.9866 0.9866 0.6761 0.9866 0.9866 0.9866 0.6761 0.9866
027 143 194 048 0.6761 0.6761 0.6761 0.9866 0.9866 0.9866 0.6761 0.9866 0.6761 0.6761 0.9866 0.9866 0.9866 0.9866 0.6761 0.6761
143 194 048 017 0.6761 0.6761 0.6761 0.6761 0.6761 0.9866 0.9866 0.6761 0.9866 0.6761 0.9866 0.9866 0.6761 0.6761 0.9866 0.9866
194 048 017 117 0.9866 0.9866 0.6761 0.9866 0.6761 0.6761 0.6761 0.9866 0.6761 0.6761 0.9866 0.9866 0.9866 0.9866 0.9866 0.9866
048 017 117 206 0.6761 0.9866 0.9866 0.6761 0.6761 0.9866 0.9866 0.9866 0.6761 0.9866 0.6761 0.9866 0.9866 0.6761 0.9866 0.6761
017 117 206 348 0.6761 0.6761 0.6761 0.9866 0.9866 0.9866 0.9866 0.9866 0.9866 0.6761 0.6761 0.9866 0.9866 0.9866 0.6761 0.9866
117 206 348 169 0.6761 0.9866 0.9866 0.6761 0.9866 0.9866 0.6761 0.9866 0.9866 0.6761 0.9866 0.6761 0.9866 0.9866 0.6761 0.9866
206 348 169 294 0.9866 0.9866 0.6761 0.9866 0.6761 0.9866 0.6761 0.6761 0.6761 0.9866 0.9866 0.6761 0.6761 0.9866 0.6761 0.9866
348 169 294 030 0.6761 0.6761 0.6761 0.6761 0.6761 0.9866 0.6761 0.9866 0.9866 0.9866 0.9866 0.6761 0.6761 0.9866 0.9866 0.6761
169 294 030 323 0.9866 0.6761 0.6761 0.6761 0.6761 0.6761 0.6761 0.6761 0.6761 0.9866 0.6761 0.6761 0.6761 0.9866 0.6761 0.9866
294 030 323 210 0.6761 0.6761 0.6761 0.6761 0.9866 0.6761 0.6761 0.9866 0.9866 0.6761 0.9866 0.9866 0.6761 0.6761 0.6761 0.6761
030 323 210 213 0.9866 0.9866 0.6761 0.9866 0.9866 0.6761 0.6761 0.6761 0.6761 0.9866 0.9866 0.6761 0.6761 0.6761 0.6761 0.9866
323 210 213 031 0.6761 0.9866 0.9866 0.6761 0.6761 0.9866 0.6761 0.9866 0.9866 0.9866 0.9866 0.6761 0.9866 0.6761 0.6761 0.9866
210 213 031 240 0.9866 0.9866 0.9866 0.9866 0.6761 0.6761 0.6761 0.9866 0.6761 0.6761 0.9866 0.9866 0.9866 0.9866 0.9866 0.6761
213 031 240 305 0.6761 0.6761 0.9866 0.6761 0.9866 0.9866 0.9866 0.6761 0.9866 0.6761 0.9866 0.6761 0.6761 0.9866 0.9866 0.6761
031 240 305 069 0.6761 0.6761 0.9866 0.9866 0.9866 0.6761 0.6761 0.6761 0.9866 0.6761 0.9866 0.6761 0.9866 0.9866 0.9866 0.6761
240 305 069 255 0.9866 0.6761 0.6761 0.6761 0.6761 0.6761 0.9866 0.6761 0.9866 0.9866 0.6761 0.6761 0.9866 0.6761 0.6761 0.9866
305 069 255 349 0.9866 0.6761 0.6761 0.9866 0.6761 0.6761 0.9866 0.9866 0.6761 0.6761 0.9866 0.6761 0.6761 0.9866 0.6761 0.9866
069 255 349 013 0.6761 0.9866 0.6761 0.9866 0.9866 0.9866 0.6761 0.6761 0.6761 0.6761 0.6761 0.6761 0.9866 0.6761 0.6761 0.9866
255 349 013 269 0.6761 0.9866 0.9866 0.6761 0.6761 0.6761 0.9866 0.9866 0.6761 0.6761 0.9866 0.9866 0.9866 0.9866 0.9866 0.9866
349 013 269 317 0.9866 0.6761 0.6761 0.9866 0.6761 0.9866 0.6761 0.9866 0.9866 0.9866 0.6761 0.6761 0.9866 0.9866 0.9866 0.9866
013 269 317 202 0.6761 0.6761 0.9866 0.9866 0.6761 0.6761 0.6761 0.9866 0.9866 0.9866 0.6761 0.6761 0.6761 0.6761 0.9866 0.6761
269 317 202 177 0.6761 0.9866 0.9866 0.6761 0.9866 0.6761 0.9866 0.9866 0.9866 0.6761 0.9866 0.6761 0.9866 0.9866 0.9866 0.6761
317 202 177 350 0.6761 0.6761 0.9866 0.6761 0.6761 0.6761 0.6761 0.6761 0.6761 0.6761 0.9866 0.9866 0.6761 0.9866 0.6761 0.6761
202 177 350 045 0.9866 0.6761 0.6761 0.6761 0.6761 0.6761 0.6761 0.9866 0.9866 0.9866 0.6761 0.6761 0.9866 0.9866 0.9866 0.9866
177 350 045 303 0.6761 0.9866 0.9866 0.6761 0.6761 0.9866 0.6761 0.6761 0.6761 0.6761 0.9866 0.6761 0.6761 0.9866 0.9866 0.9866
350 045 303 281 0.6761 0.9866 0.9866 0.9866 0.6761 0.6761 0.6761 0.9866 0.6761 0.6761 0.6761 0.6761 0.9866 0.9866 0.9866 0.9866
045 303 281 072 0.6761 0.9866 0.9866 0.9866 0.9866 0.9866 0.6761 0.9866 0.6761 0.6761 0.6761 0.9866 0.6761 0.9866 0.9866 0.6761
303 281 072 273 0.9866 0.6761 0.9866 0.6761 0.6761 0.9866 0.6761 0.9866 0.6761 0.6761 0.9866 0.6761 0.9866 0.6761 0.9866 0.6761
281 072 273 345 0.9866 0.6761 0.6761 0.6761 0.6761 0.6761 0.6761 0.9866 0.6761 0.9866 0.6761 0.9866 0.6761 0.9866 0.9866 0.9866
072 273 345 034 0.9866 0.9866 0.6761 0.9866 0.9866 0.9866 0.9866 0.6761 0.6761 0.9866 0.9866 0.6761 0.9866 0.9866 0.9866 0.6761
273 345 034 053 0.6761 0.6761 0.9866 0.9866 0.6761 0.6761 0.9866 0.9866 0.9866 0.9866 0.9866 0.6761 0.6761 0.6761 0.9866 0.9866
345 034 053 325 0.9866 0.9866 0.9866 0.9866 0.9866 0.6761 0.6761 0.6761 0.9866 0.9866 0.9866 0.9866 0.9866 0.9866 0.6761 0.9866
034 053 325 064 0.6761 0.6761 0.9866 0.9866 0.6761 0.9866 0.6761 0.6761 0.9866 0.6761 0.6761 0.9866 0.6761 0.9866 0.6761 0.9866
053 325 064 127 0.9866 0.9866 0.6761 0.6761 0.9866 0.6761 0.6761 0.6761 0.9866 0.9866 0.9866 0.9866 0.9866 0.6761 0.9866 0.6761
325 064 127 088 0.9866 0.6761 0.9866 0.9866 0.9866 0.6761 0.9866 0.6761 0.6761 0.9866 0.6761 0.9866 0.6761 0.6761 0.9866 0.6761
064 127 088 079 0.9866 0.9866 0.6761 0.9866 0.9866 0.9866 0.9866 0.9866 0.6761 0.9866 0.6761 0.9866 0.9866 0.6761 0.9866 0.6761
127 088 079 221 0.6761 0.6761 0.6761 0.6761 0.9866 0.9866 0.9866 0.9866 0.9866 0.6761 0.6761 0.9866 0.6761 0.9866 0.9866 0.9866
088 079 221 073 0.9866 0.9866 0.6761 0.9866 0.6761 0.9866 0.6761 0.9866 0.6761 0.9866 0.9866 0.6761 0.9866 0.9866 0.9866 0.6761
079 221 073 337 0.6761 0.6761 0.6761 0.9866 0.6761 0.9866 0.6761 0.9866 0.6761 0.6761 0.9866 0.9866 0.9866 0.6761 0.6761 0.6761
221 073 337 231 0.6761 0.6761 0.6761 0.9866 0.9866 0.6761 0.9866 0.6761 0.9866 0.6761 0.6761 0.9866 0.9866 0.6761 0.6761 0.6761
073 337 231 243 0.9866 0.6761 0.9866 0.6761 0.9866 0.6761 0.9866 0.6761 0.9866 0.9866 0.6761 0.6761 0.6761 0.9866 0.6761 0.6761
337 231 243 173 0.9866 0.6761 0.6761 0.6761 0.6761 0.6761 0.6761 0.9866 0.6761 0.6761 0.6761 0.6761 0.9866 0.9866 0.9866 0.6761
231 243 173 236 0.6761 0.6761 0.6761 0.6761 0.6761 0.6761 0.9866 0.9866 0.9866 0.6761 0.6761 0.6761 0.6761 0.6761 0.9866 0.9866
243 173 236 109 0.6761 0.6761 0.6761 0.9866 0.6761 0.6761 0.9866 0.9866 0.6761 0.9866 0.6761 0.6761 0.6761 0.6761 0.9866 0.6761
173 236 109 251 0.6761 0.6761 0.9866 0.9866 0.9866 0.6761 0.9866 0.6761 0.9866 0.6761 0.9866 0.6761 0.6761 0.6761 0.6761 0.6761
236 109 251 111 0.9866 0.6761 0.6761 0.6761 0.6761 0.9866 0.9866 0.9866 0.6761 0.6761 0.9866 0.9866 0.9866 0.6761 0.6761 0.9866
109 251 111 061 0.9866 0.9866 0.6761 0.6761 0.9866 0.6761 0.9866 0.6761 0.9866 0.9866 0.6761 0.9866 0.9866 0.6761 0.9866 0.9866
251 111 061 078 0.6761 0.6761 0.9866 0.9866 0.9866 0.9866 0.9866 0.9866 0.9866 0.6761 0.6761 0.6761 0.9866 0.9866 0.9866 0.9866
111 061 078 225 0.6761 0.9866 0.6761 0.6761 0.6761 0.6761 0.6761 0.9866 0.9866 0.9866 0.9866 0.9866 0.6761 0.6761 0.9866 0.6761
061 078 225 218 0.6761 0.6761 0.9866 0.9866 0.9866 0.6761 0.6761 0.6761 0.6761 0.6761 0.6761 0.9866 0.6761 0.6761 0.6761 0.6761
078 225 218 268 0.6761 0.6761 0.6761 0.9866 0.6761 0.6761 0.6761 0.6761 0.9866 0.6761 0.6761 0.9866 0.6761 0.9866 0.6761 0.6761
225 218 268 254 0.6761 0.6761 0.6761 0.6761 0.9866 0.9866 0.6761 0.6761 0.9866 0.9866 0.6761 0.9866 0.9866 0.9866 0.6761 0.9866
218 268 254 329 0.9866 0.9866 0.6761 0.6761 0.9866 0.6761 0.9866 0.9866 0.9866 0.6761 0.6761 0.6761 0.6761 0.9866 0.9866 0.9866
268 254 329 006 0.9866 0.9866 0.9866 0.6761 0.6761 0.6761 0.9866 0.9866 0.9866 0.9866 0.9866 0.6761 0.6761 0.6761 0.6761 0.6761
254 329 006 252 0.9866 0.6761 0.9866 0.9866 0.9866 0.9866 0.9866 0.6761 0.9866 0.6761 0.6761 0.9866 0.9866 0.6761 0.6761 0.9866
329 006 252 312 0.9866 0.6761 0.9866 0.6761 0.9866 0.6761 0.9866 0.6761 0.9866 0.6761 0.6761 0.6761 0.6761 0.6761 0.6761 0.6761
006 252 312 101 0.6761 0.9866 0.6761 0.6761 0.6761 0.9866 0.6761 0.9866 0.9866 0.9866 0.6761 0.9866 0.9866 0.6761 0.6761 0.9866
252 312 101 176 0.9866 0.9866 0.6761 0.9866 0.6761 0.9866 0.6761 0.6761 0.9866 0.9866 0.9866 0.9866 0.6761 0.9866 0.9866 0.9866
312 101 176 259 0.9866 0.6761 0.9866 0.9866 0.9866 0.6761 0.6761 0.9866 0.9866 0.9866 0.6761 0.9866 0.6761 0.9866 0.6761 0.6761
101 176 259 250 0.6761 0.9866 0.6761 0.6761 0.9866 0.9866 0.6761 0.9866 0.9866 0.6761 0.9866 0.9866 0.9866 0.9866 0.9866 0.9866
176 259 250 217 0.6761 0.9866 0.6761 0.6761 0.6761 0.6761 0.6761 0.9866 0.9866 0.9866 0.9866 0.6761 0.9866 0.6761 0.6761 0.6761
259 250 217 340 0.6761 0.9866 0.6761 0.6761 0.6761 0.9866 0.6761 0.9866 0.9866 0.9866 0.6761 0.6761 0.6761 0.9866 0.6761 0.6761
250 217 340 192 0.6761 0.9866 0.9866 0.9866 0.6761 0.6761 0.9866 0.9866 0.9866 0.6761 0.6761 0.6761 0.9866 0.6761 0.9866 0.9866
217 340 192 126 0.9866 0.9866 0.9866 0.9866 0.9866 0.6761 0.6761 0.9866 0.6761 0.6761 0.9866 0.9866 0.6761 0.6761 0.6761 0.9866
340 192 126 178 0.9866 0.9866 0.9866 0.6761 0.6761 0.9866 0.6761 0.9866 0.6761 0.6761 0.6761 0.6761 0.6761 0.9866 0.6761 0.9866
192 126 178 024 0.9866 0.9866 0.6761 0.6761 0.6761 0.9866 0.6761 0.9866 0.9866 0.9866 0.6761 0.6761 0.6761 0.9866 0.6761 0.9866
126 178 024 328 0.6761 0.9866 0.9866 0.6761 0.9866 0.6761 0.6761 0.9866 0.9866 0.6761 0.9866 0.9866 0.6761 0.6761 0.9866 0.6761
178 024 328 135 0.9866 0.6761 0.9866 0.9866 0.6761 0.6761 0.6761 0.6761 0.9866 0.6761 0.6761 0.9866 0.6761 0.9866 0.9866 0.6761
024 328 135 313 0.9866 0.6761 0.9866 0.6761 0.9866 0.9866 0.9866 0.9866 0.6761 0.6761 0.9866 0.6761 0.9866 0.6761 0.6761 0.6761
328 135 313 234 0.6761 0.6761 0.6761 0.6761 0.9866 0.6761 0.9866 0.6761 0.9866 0.6761 0.9866 0.9866 0.6761 0.6761 0.6761 0.6761
135 313 234 199 0.6761 0.9866 0.6761 0.9866 0.9866 0.6761 0.9866 0.6761 0.9866 0.6761 0.9866 0.9866 0.9866 0.6761 0.6761 0.6761
313 234 199 065 0.9866 0.9866 0.6761 0.6761 0.9866 0.9866 0.6761 0.6761 0.9866 0.6761 0.6761 0.6761 0.9866 0.6761 0.9866 0.6761
234 199 065 327 0.9866 0.9866 0.9866 0.6761 0.9866 0.9866 0.9866 0.6761 0.6761 0.6761 0.9866 0.9866 0.6761 0.9866 0.6761 0.6761
199 065 327 149 0.6761 0.6761 0.9866 0.6761 0.9866 0.6761 0.6761 0.6761 0.6761 0.9866 0.6761 0.6761 0.6761 0.6761 0.9866 0.6761
065 327 149 189 0.9866 0.9866 0.9866 0.6761 0.9866 0.6761 0.9866 0.9866 0.9866 0.6761 0.9866 0.9866 0.6761 0.9866 0.6761 0.9866
327 149 189 023 0.6761 0.9866 0.9866 0.6761 0.6761 0.6761 0.9866 0.6761 0.9866 0.9866 0.6761 0.6761 0.9866 0.9866 0.9866 0.9866
149 189 023 083 0.6761 0.9866 0.6761 0.6761 0.6761 0.6761 0.9866 0.9866 0.9866 0.6761 0.9866 0.6761 0.9866 0.6761 0.6761 0.9866
189 023 083 146 0.6761 0.9866 0.9866 0.9866 0.6761 0.6761 0.9866 0.9866 0.6761 0.6761 0.6761 0.9866 0.9866 0.9866 0.9866 0.6761
023 083 146 332 0.6761 0.9866 0.9866 0.9866 0.6761 0.6761 0.9866 0.9866 0.9866 0.9866 0.9866 0.9866 0.6761 0.6761 0.6761 0.6761
083 146 332 025 0.9866 0.9866 0.9866 0.6761 0.6761 0.6761 0.9866 0.9866 0.9866 0.6761 0.6761 0.9866 0.6761 0.9866 0.9866 0.9866
146 332 025 226 0.9866 0.9866 0.9866 0.9866 0.9866 0.6761 0.9866 0.9866 0.6761 0.9866 0.9866 0.9866 0.9866 0.6761 0.6761 0.6761
332 025 226 219 0.6761 0.9866 0.6761 0.6761 0.6761 0.6761 0.9866 0.9866 0.9866 0.9866 0.9866 0.9866 0.9866 0.9866 0.9866 0.6761
025 226 219 115 0.6761 0.6761 0.6761 0.9866 0.9866 0.6761 0.6761 0.9866 0.9866 0.9866 0.6761 0.9866 0.6761 0.6761 0.6761 0.6761
226 219 115 102 0.9866 0.6761 0.6761 0.9866 0.9866 0.9866 0.6761 0.9866 0.6761 0.9866 0.9866 0.9866 0.9866 0.9866 0.9866 0.6761
219 115 102 151 0.6761 0.9866 0.9866 0.6761 0.9866 0.6761 0.9866 0.6761 0.9866 0.9866 0.6761 0.6761 0.6761 0.9866 0.9866 0.6761
115 102 151 257 0.9866 0.6761 0.6761 0.6761 0.9866 0.6761 0.9866 0.9866 0.6761 0.9866 0.6761 0.9866 0.9866 0.6761 0.6761 0.9866
102 151 257 293 0.9866 0.9866 0.6761 0.6761 0.6761 0.9866 0.9866 0.6761 0.6761 0.6761 0.9866 0.9866 0.9866 0.6761 0.9866 0.6761
151 257 293 043 0.9866 0.6761 0.6761 0.9866 0.9866 0.9866 0.6761 0.9866 0.9866 0.9866 0.6761 0.6761 0.6761 0.6761 0.9866 0.9866
257 293 043 000 0.9866 0.9866 0.6761 0.9866 0.9866 0.9866 0.6761 0.9866 0.9866 0.6761 0.6761 0.6761 0.9866 0.9866 0.9866 0.9866
293 043 000 010 0.6761 0.9866 0.6761 0.6761 0.9866 0.9866 0.6761 0.6761 0.9866 0.9866 0.6761 0.9866 0.6761 0.9866 0.9866 0.9866
043 000 010 125 0.6761 0.9866 0.6761 0.9866 0.9866 0.9866 0.6761 0.6761 0.9866 0.6761 0.9866 0.9866 0.6761 0.6761 0.6761 0.9866
000 010 125 321 0.9866 0.9866 0.6761 0.6761 0.6761 0.9866 0.6761 0.9866 0.9866 0.9866 0.6761 0.6761 0.9866 0.6761 0.6761 0.9866
010 125 321 094 0.6761 0.6761 0.9866 0.6761 0.6761 0.6761 0.6761 0.9866 0.6761 0.6761 0.9866 0.9866 0.9866 0.9866 0.6761 0.6761
125 321 094 279 0.6761 0.6761 0.6761 0.6761 0.9866 0.6761 0.9866 0.9866 0.9866 0.6761 0.6761 0.6761 0.6761 0.9866 0.6761 0.9866
321 094 279 216 0.6761 0.6761 0.6761 0.6761 0.6761 0.9866 0.6761 0.6761 0.9866 0.6761 0.9866 0.6761 0.9866 0.9866 0.6761 0.6761
094 279 216 007 0.6761 0.6761 0.9866 0.6761 0.9866 0.6761 0.6761 0.6761 0.9866 0.6761 0.6761 0.6761 0.6761 0.6761 0.6761 0.6761
279 216 007 050 0.9866 0.6761 0.9866 0.6761 0.6761 0.6761 0.6761 0.9866 0.9866 0.9866 0.6761 0.6761 0.6761 0.6761 0.6761 0.9866
216 007 050 058 0.6761 0.6761 0.6761 0.9866 0.9866 0.6761 0.9866 0.9866 0.6761 0.9866 0.9866 0.6761 0.6761 0.6761 0.6761 0.6761
007 050 058 296 0.6761 0.6761 0.6761 0.9866 0.9866 0.6761 0.6761 0.9866 0.9866 0.6761 0.9866 0.6761 0.9866 0.6761 0.6761 0.9866
050 058 296 292 0.9866 0.6761 0.6761 0.6761 0.6761 0.6761 0.9866 0.6761 0.9866 0.6761 0.9866 0.6761 0.9866 0.9866 0.6761 0.6761
058 296 292 036 0.9866 0.6761 0.9866 0.9866 0.9866 0.6761 0.6761 0.6761 0.6761 0.6761 0.6761 0.6761 0.9866 0.9866 0.6761 0.9866
296 292 036 187 0.9866 0.9866 0.9866 0.9866 0.6761 0.6761 0.6761 0.6761 0.6761 0.6761 0.9866 0.6761 0.9866 0.9866 0.9866 0.9866
292 036 187 180 0.9866 0.9866 0.6761 0.6761 0.9866 0.9866 0.9866 0.9866 0.6761 0.6761 0.6761 0.9866 0.9866 0.9866 0.9866 0.9866
036 187 180 233 0.6761 0.9866 0.6761 0.9866 0.6761 0.9866 0.6761 0.9866 0.9866 0.9866 0.6761 0.9866 0.9866 0.6761 0.6761 0.9866
187 180 233 308 0.9866 0.9866 0.6761 0.9866 0.9866 0.6761 0.9866 0.9866 0.9866 0.9866 0.6761 0.9866 0.6761 0.6761 0.9866 0.6761
180 233 308 179 0.9866 0.6761 0.6761 0.9866 0.9866 0.9866 0.6761 0.9866 0.9866 0.6761 0.6761 0.9866 0.6761 0.9866 0.6761 0.6761
233 308 179 011 0.9866 0.6761 0.6761 0.6761 0.9866 0.9866 0.9866 0.9866 0.6761 0.9866 0.6761 0.9866 0.6761 0.6761 0.6761 0.9866
308 179 011 277 0.6761 0.6761 0.9866 0.6761 0.9866 0.9866 0.6761 0.9866 0.6761 0.6761 0.9866 0.9866 0.9866 0.6761 0.9866 0.9866
179 011 277 204 0.9866 0.6761 0.6761 0.6761 0.9866 0.9866 0.9866 0.9866 0.6761 0.9866 0.6761 0.6761 0.9866 0.6761 0.6761 0.6761
011 277 204 333 0.6761 0.6761 0.6761 0.6761 0.9866 0.6761 0.9866 0.9866 0.9866 0.9866 0.9866 0.6761 0.6761 0.9866 0.9866 0.6761
277 204 333 150 0.9866 0.6761 0.9866 0.6761 0.6761 0.6761 0.9866 0.9866 0.9866 0.6761 0.6761 0.6761 0.6761 0.6761 0.9866 0.9866
204 333 150 351 0.9866 0.9866 0.9866 0.9866 0.6761 0.6761 0.6761 0.9866 0.9866 0.9866 0.9866 0.6761 0.9866 0.9866 0.6761 0.6761
333 150 351 286 0.9866 0.9866 0.9866 0.9866 0.6761 0.6761 0.6761 0.9866 0.9866 0.6761 0.6761 0.9866 0.9866 0.6761 0.6761 0.6761
150 351 286 131 0.9866 0.6761 0.6761 0.9866 0.9866 0.9866 0.6761 0.6761 0.9866 0.6761 0.9866 0.9866 0.6761 0.6761 0.9866 0.6761
351 286 131 316 0.6761 0.9866 0.9866 0.6761 0.9866 0.6761 0.9866 0.9866 0.6761 0.6761 0.9866 0.6761 0.6761 0.9866 0.9866 0.6761
286 131 316 318 0.9866 0.6761 0.9866 0.9866 0.9866 0.9866 0.6761 0.6761 0.9866 0.6761 0.9866 0.6761 0.6761 0.9866 0.9866 0.6761
131 316 318 153 0.9866 0.6761 0.9866 0.6761 0.6761 0.9866 0.9866 0.9866 0.6761 0.9866 0.9866 0.9866 0.6761 0.6761 0.9866 0.9866
316 318 153 099 0.6761 0.9866 0.9866 0.9866 0.9866 0.6761 0.9866 0.6761 0.9866 0.9866 0.6761 0.6761 0.6761 0.9866 0.9866 0.6761
318 153 099 147 0.6761 0.9866 0.9866 0.6761 0.6761 0.6761 0.6761 0.6761 0.6761 0.9866 0.9866 0.9866 0.6761 0.6761 0.9866 0.9866
153 099 147 004 0.9866 0.6761 0.9866 0.9866 0.9866 0.9866 0.9866 0.6761 0.6761 0.9866 0.9866 0.9866 0.6761 0.6761 0.6761 0.9866
099 147 004 297 0.9866 0.6761 0.9866 0.6761 0.9866 0.6761 0.9866 0.6761 0.9866 0.6761 0.6761 0.6761 0.9866 0.6761 0.6761 0.9866
147 004 297 096 0.6761 0.6761 0.9866 0.6761 0.6761 0.9866 0.9866 0.6761 0.9866 0.9866 0.6761 0.9866 0.6761 0.9866 0.6761 0.9866
004 297 096 152 0.9866 0.9866 0.9866 0.9866 0.9866 0.9866 0.9866 0.6761 0.9866 0.6761 0.9866 0.6761 0.6761 0.6761 0.6761 0.9866
297 096 152 302 0.9866 0.6761 0.9866 0.6761 0.6761 0.6761 0.9866 0.9866 0.9866 0.9866 0.9866 0.6761 0.6761 0.6761 0.9866 0.6761
096 152 302 075 0.6761 0.6761 0.6761 0.9866 0.6761 0.9866 0.6761 0.9866 0.9866 0.6761 0.6761 0.6761 0.9866 0.6761 0.6761 0.9866
152 302 075 352 0.9866 0.6761 0.9866 0.6761 0.6761 0.9866 0.9866 0.6761 0.9866 0.9866 0.6761 0.6761 0.9866 0.6761 0.6761 0.9866
302 075 352 184 0.6761 0.6761 0.6761 0.9866 0.9866 0.9866 0.9866 0.6761 0.9866 0.6761 0.9866 0.9866 0.9866 0.6761 0.6761 0.6761
075 352 184 037 0.9866 0.6761 0.6761 0.9866 0.6761 0.9866 0.6761 0.6761 0.9866 0.9866 0.9866 0.6761 0.9866 0.6761 0.9866 0.9866
352 184 037 309 0.9866 0.6761 0.6761 0.6761 0.9866 0.6761 0.9866 0.6761 0.9866 0.6761 0.9866 0.9866 0.9866 0.6761 0.6761 0.9866
184 037 309 278 0.6761 0.9866 0.6761 0.9866 0.9866 0.9866 0.9866 0.6761 0.6761 0.6761 0.9866 0.6761 0.9866 0.9866 0.6761 0.6761
037 309 278 338 0.6761 0.9866 0.6761 0.9866 0.9866 0.6761 0.6761 0.9866 0.9866 0.6761 0.6761 0.9866 0.9866 0.9866 0.9866 0.9866
309 278 338 019 0.6761 0.9866 0.6761 0.9866 0.6761 0.9866 0.6761 0.6761 0.6761 0.6761 0.6761 0.9866 0.9866 0.6761 0.9866 0.9866
278 338 019 113 0.6761 0.9866 0.6761 0.9866 0.6761 0.9866 0.9866 0.9866 0.6761 0.6761 0.9866 0.6761 0.9866 0.9866 0.9866 0.6761
338 019 113 311 0.6761 0.9866 0.6761 0.6761 0.6761 0.6761 0.9866 0.6761 0.6761 0.6761 0.6761 0.9866 0.9866 0.6761 0.6761 0.6761
019 113 311 339 0.9866 0.9866 0.6761 0.9866 0.9866 0.6761 0.9866 0.9866 0.6761 0.6761 0.6761 0.6761 0.6761 0.9866 0.6761 0.9866
113 311 339 306 0.6761 0.9866 0.6761 0.9866 0.9866 0.9866 0.6761 0.9866 0.6761 0.9866 0.6761 0.6761 0.9866 0.6761 0.9866 0.6761
311 339 306 032 0.6761 0.6761 0.6761 0.9866 0.6761 0.9866 0.9866 0.9866 0.9866 0.9866 0.9866 0.9866 0.9866 0.9866 0.9866 0.9866
339 306 032 057 0.9866 0.6761 0.6761 0.6761 0.6761 0.6761 0.9866 0.6761 0.6761 0.6761 0.6761 0.6761 0.6761 0.6761 0.6761 0.6761
306 032 057 156 0.9866 0.6761 0.9866 0.9866 0.9866 0.9866 0.6761 0.9866 0.9866 0.9866 0.6761 0.9866 0.6761 0.9866 0.9866 0.9866
032 057 156 344 0.6761 0.9866 0.9866 0.9866 0.9866 0.6761 0.6761 0.6761 0.6761 0.6761 0.9866 0.6761 0.9866 0.9866 0.9866 0.6761
057 156 344 063 0.6761 0.9866 0.9866 0.6761 0.6761 0.6761 0.9866 0.6761 0.9866 0.6761 0.9866 0.9866 0.6761 0.6761 0.9866 0.9866
156 344 063 051 0.9866 0.9866 0.6761 0.9866 0.9866 0.6761 0.6761 0.9866 0.6761 0.6761 0.6761 0.6761 0.6761 0.9866 0.6761 0.6761
344 063 051 320 0.9866 0.9866 0.6761 0.9866 0.6761 0.6761 0.9866 0.6761 0.9866 0.9866 0.6761 0.6761 0.9866 0.6761 0.6761 0.9866
063 051 320 038 0.6761 0.9866 0.6761 0.6761 0.9866 0.6761 0.9866 0.9866 0.6761 0.9866 0.9866 0.9866 0.9866 0.9866 0.6761 0.6761
051 320 038 148 0.6761 0.9866 0.9866 0.9866 0.6761 0.6761 0.6761 0.9866 0.9866 0.9866 0.6761 0.9866 0.6761 0.9866 0.9866 0.6761
320 038 148 097 0.9866 0.6761 0.9866 0.6761 0.6761 0.9866 0.9866 0.6761 0.6761 0.9866 0.6761 0.6761 0.9866 0.6761 0.9866 0.6761
