356 031684 3
193 077 069 235 0.9842 0.5759 0.5759 0.5759 0.9842 0.5759 0.9842 0.5759 0.9842 0.9842 0.5759 0.9842 0.9842 0.9842 0.9842 0.5759
077 069 235 294 0.9842 0.9842 0.9842 0.5759 0.9842 0.5759 0.5759 0.5759 0.5759 0.5759 0.5759 0.9842 0.5759 0.9842 0.5759 0.5759
069 235 294 182 0.9842 0.9842 0.9842 0.9842 0.5759 0.5759 0.9842 0.9842 0.5759 0.5759 0.5759 0.9842 0.5759 0.9842 0.9842 0.9842
235 294 182 346 0.5759 0.9842 0.5759 0.9842 0.9842 0.9842 0.9842 0.5759 0.9842 0.5759 0.5759 0.9842 0.5759 0.5759 0.9842 0.9842
294 182 346 106 0.9842 0.5759 0.9842 0.9842 0.5759 0.5759 0.9842 0.9842 0.9842 0.5759 0.5759 0.9842 0.5759 0.5759 0.5759 0.9842
182 346 106 252 0.9842 0.5759 0.5759 0.5759 0.5759 0.9842 0.9842 0.5759 0.9842 0.5759 0.9842 0.5759 0.9842 0.9842 0.5759 0.5759
346 106 252 171 0.5759 0.5759 0.5759 0.9842 0.5759 0.9842 0.9842 0.5759 0.9842 0.9842 0.5759 0.5759 0.5759 0.5759 0.9842 0.5759
106 252 171 308 0.9842 0.9842 0.5759 0.5759 0.5759 0.9842 0.5759 0.5759 0.9842 0.5759 0.5759 0.9842 0.9842 0.9842 0.5759 0.5759
252 171 308 108 0.5759 0.5759 0.5759 0.5759 0.5759 0.9842 0.5759 0.9842 0.9842 0.5759 0.5759 0.9842 0.9842 0.5759 0.9842 0.5759
171 308 108 098 0.9842 0.9842 0.9842 0.5759 0.5759 0.9842 0.9842 0.5759 0.5759 0.9842 0.9842 0.9842 0.9842 0.5759 0.5759 0.9842
308 108 098 094 0.9842 0.9842 0.9842 0.5759 0.9842 0.9842 0.5759 0.9842 0.9842 0.5759 0.5759 0.5759 0.5759 0.5759 0.5759 0.5759
108 098 094 026 0.5759 0.9842 0.9842 0.9842 0.9842 0.9842 0.5759 0.5759 0.9842 0.9842 0.5759 0.5759 0.9842 0.9842 0.9842 0.5759
098 094 026 022 0.5759 0.9842 0.9842 0.5759 0.9842 0.5759 0.5759 0.5759 0.5759 0.5759 0.5759 0.5759 0.9842 0.5759 0.9842 0.9842
094 026 022 023 0.5759 0.5759 0.5759 0.5759 0.9842 0.9842 0.9842 0.5759 0.5759 0.9842 0.9842 0.5759 0.9842 0.5759 0.9842 0.5759
026 022 023 039 0.5759 0.5759 0.5759 0.9842 0.9842 0.9842 0.9842 0.9842 0.5759 0.5759 0.9842 0.9842 0.9842 0.9842 0.5759 0.5759
022 023 039 134 0.9842 0.5759 0.5759 0.5759 0.5759 0.5759 0.9842 0.5759 0.5759 0.5759 0.5759 0.9842 0.9842 0.5759 0.9842 0.9842
023 039 134 128 0.5759 0.9842 0.5759 0.5759 0.9842 0.5759 0.5759 0.9842 0.5759 0.9842 0.5759 0.9842 0.5759 0.5759 0.9842 0.5759
039 134 128 204 0.9842 0.5759 0.5759 0.9842 0.9842 0.9842 0.5759 0.5759 0.9842 0.9842 0.9842 0.9842 0.5759 0.5759 0.9842 0.9842
134 128 204 078 0.9842 0.5759 0.5759 0.5759 0.5759 0.9842 0.5759 0.5759 0.9842 0.5759 0.9842 0.9842 0.9842 0.5759 0.9842 0.9842
128 204 078 296 0.9842 0.5759 0.9842 0.5759 0.5759 0.9842 0.5759 0.9842 0.5759 0.5759 0.5759 0.5759 0.5759 0.9842 0.9842 0.9842
204 078 296 295 0.5759 0.5759 0.5759 0.5759 0.5759 0.5759 0.9842 0.5759 0.5759 0.9842 0.9842 0.9842 0.5759 0.9842 0.5759 0.9842
078 296 295 317 0.5759 0.5759 0.5759 0.9842 0.9842 0.9842 0.9842 0.9842 0.5759 0.9842 0.9842 0.5759 0.9842 0.9842 0.9842 0.5759
296 295 317 085 0.5759 0.9842 0.9842 0.5759 0.5759 0.5759 0.9842 0.9842 0.5759 0.5759 0.5759 0.5759 0.9842 0.5759 0.5759 0.9842
295 317 085 334 0.5759 0.9842 0.9842 0.9842 0.9842 0.9842 0.5759 0.5759 0.5759 0.5759 0.5759 0.9842 0.9842 0.9842 0.9842 0.9842
317 085 334 209 0.9842 0.5759 0.9842 0.9842 0.9842 0.9842 0.5759 0.5759 0.5759 0.5759 0.5759 0.5759 0.5759 0.9842 0.5759 0.9842
085 334 209 335 0.9842 0.9842 0.5759 0.5759 0.5759 0.9842 0.9842 0.5759 0.5759 0.9842 0.5759 0.9842 0.9842 0.9842 0.5759 0.5759
334 209 335 158 0.9842 0.5759 0.9842 0.9842 0.5759 0.5759 0.5759 0.9842 0.5759 0.5759 0.9842 0.5759 0.9842 0.9842 0.5759 0.9842
209 335 158 062 0.9842 0.9842 0.9842 0.9842 0.5759 0.9842 0.9842 0.5759 0.9842 0.9842 0.9842 0.9842 0.5759 0.9842 0.5759 0.9842
335 158 062 187 0.5759 0.5759 0.5759 0.5759 0.5759 0.9842 0.9842 0.9842 0.9842 0.5759 0.9842 0.9842 0.9842 0.5759 0.9842 0.5759
158 062 187 232 0.9842 0.5759 0.5759 0.5759 0.9842 0.5759 0.9842 0.9842 0.5759 0.5759 0.5759 0.9842 0.5759 0.5759 0.9842 0.5759
062 187 232 087 0.9842 0.9842 0.9842 0.9842 0.9842 0.9842 0.9842 0.5759 0.9842 0.9842 0.5759 0.9842 0.5759 0.9842 0.5759 0.9842
187 232 087 333 0.9842 0.9842 0.9842 0.9842 0.5759 0.9842 0.9842 0.5759 0.9842 0.5759 0.5759 0.9842 0.5759 0.5759 0.9842 0.9842
232 087 333 310 0.9842 0.5759 0.5759 0.9842 0.9842 0.9842 0.5759 0.9842 0.5759 0.5759 0.9842 0.9842 0.5759 0.5759 0.5759 0.5759
087 333 310 214 0.9842 0.5759 0.9842 0.9842 0.9842 0.9842 0.5759 0.9842 0.5759 0.5759 0.9842 0.5759 0.9842 0.9842 0.9842 0.9842
333 310 214 327 0.5759 0.5759 0.9842 0.9842 0.5759 0.9842 0.5759 0.5759 0.5759 0.9842 0.9842 0.9842 0.5759 0.9842 0.5759 0.9842
310 214 327 145 0.5759 0.9842 0.5759 0.9842 0.9842 0.9842 0.5759 0.9842 0.9842 0.5759 0.9842 0.9842 0.9842 0.9842 0.5759 0.9842
214 327 145 277 0.9842 0.9842 0.9842 0.9842 0.9842 0.9842 0.9842 0.9842 0.5759 0.5759 0.9842 0.5759 0.9842 0.5759 0.9842 0.9842
327 145 277 276 0.9842 0.9842 0.5759 0.9842 0.5759 0.5759 0.9842 0.9842 0.9842 0.5759 0.9842 0.5759 0.9842 0.9842 0.9842 0.9842
145 277 276 281 0.9842 0.9842 0.5759 0.5759 0.9842 0.5759 0.9842 0.9842 0.9842 0.5759 0.9842 0.9842 0.5759 0.5759 0.5759 0.5759
277 276 281 228 0.5759 0.9842 0.5759 0.5759 0.9842 0.9842 0.5759 0.5759 0.9842 0.5759 0.5759 0.5759 0.5759 0.5759 0.9842 0.9842
276 281 228 050 0.9842 0.9842 0.9842 0.9842 0.5759 0.5759 0.5759 0.9842 0.5759 0.9842 0.9842 0.9842 0.9842 0.5759 0.9842 0.5759
281 228 050 349 0.5759 0.9842 0.5759 0.5759 0.5759 0.9842 0.9842 0.5759 0.5759 0.5759 0.9842 0.9842 0.9842 0.9842 0.5759 0.5759
228 050 349 129 0.9842 0.9842 0.9842 0.5759 0.5759 0.9842 0.5759 0.5759 0.9842 0.9842 0.5759 0.9842 0.5759 0.9842 0.5759 0.9842
050 349 129 101 0.9842 0.5759 0.5759 0.9842 0.9842 0.5759 0.5759 0.5759 0.9842 0.5759 0.5759 0.5759 0.5759 0.9842 0.9842 0.9842
349 129 101 048 0.9842 0.5759 0.9842 0.9842 0.5759 0.9842 0.9842 0.5759 0.9842 0.5759 0.9842 0.9842 0.5759 0.5759 0.9842 0.9842
129 101 048 238 0.9842 0.9842 0.9842 0.9842 0.5759 0.9842 0.5759 0.9842 0.5759 0.9842 0.5759 0.5759 0.5759 0.5759 0.5759 0.9842
101 048 238 131 0.5759 0.5759 0.5759 0.5759 0.9842 0.5759 0.9842 0.9842 0.9842 0.9842 0.9842 0.9842 0.5759 0.9842 0.9842 0.5759
048 238 131 217 0.5759 0.9842 0.5759 0.9842 0.9842 0.9842 0.5759 0.9842 0.9842 0.5759 0.5759 0.5759 0.9842 0.9842 0.9842 0.9842
238 131 217 330 0.5759 0.5759 0.9842 0.5759 0.5759 0.9842 0.5759 0.5759 0.9842 0.5759 0.9842 0.5759 0.5759 0.5759 0.5759 0.5759
131 217 330 259 0.9842 0.9842 0.9842 0.5759 0.9842 0.9842 0.9842 0.5759 0.9842 0.5759 0.5759 0.9842 0.5759 0.9842 0.5759 0.9842
217 330 259 191 0.5759 0.5759 0.9842 0.5759 0.5759 0.9842 0.5759 0.5759 0.5759 0.9842 0.9842 0.5759 0.9842 0.5759 0.5759 0.5759
330 259 191 073 0.9842 0.5759 0.9842 0.9842 0.9842 0.5759 0.5759 0.5759 0.9842 0.9842 0.5759 0.9842 0.5759 0.5759 0.9842 0.9842
259 191 073 288 0.9842 0.9842 0.9842 0.5759 0.5759 0.5759 0.9842 0.5759 0.9842 0.9842 0.9842 0.5759 0.5759 0.5759 0.5759 0.5759
191 073 288 082 0.5759 0.9842 0.9842 0.9842 0.9842 0.5759 0.5759 0.9842 0.9842 0.5759 0.9842 0.9842 0.9842 0.9842 0.9842 0.9842
073 288 082 315 0.9842 0.5759 0.5759 0.5759 0.5759 0.9842 0.5759 0.5759 0.9842 0.5759 0.9842 0.5759 0.5759 0.9842 0.9842 0.9842
288 082 315 019 0.9842 0.9842 0.9842 0.9842 0.5759 0.9842 0.5759 0.5759 0.5759 0.5759 0.5759 0.5759 0.9842 0.5759 0.5759 0.9842
082 315 019 285 0.9842 0.5759 0.5759 0.9842 0.9842 0.9842 0.5759 0.9842 0.5759 0.5759 0.9842 0.9842 0.5759 0.9842 0.5759 0.5759
315 019 285 254 0.5759 0.5759 0.9842 0.9842 0.5759 0.5759 0.9842 0.5759 0.5759 0.9842 0.9842 0.9842 0.9842 0.9842 0.9842 0.5759
019 285 254 185 0.9842 0.5759 0.9842 0.5759 0.9842 0.5759 0.5759 0.9842 0.9842 0.9842 0.5759 0.5759 0.9842 0.9842 0.9842 0.9842
285 254 185 303 0.5759 0.5759 0.5759 0.5759 0.5759 0.9842 0.5759 0.5759 0.9842 0.5759 0.5759 0.9842 0.5759 0.5759 0.5759 0.5759
254 185 303 286 0.9842 0.9842 0.5759 0.5759 0.5759 0.9842 0.9842 0.5759 0.5759 0.5759 0.5759 0.9842 0.9842 0.5759 0.9842 0.9842
185 303 286 057 0.9842 0.9842 0.9842 0.5759 0.5759 0.9842 0.9842 0.9842 0.9842 0.5759 0.9842 0.5759 0.9842 0.5759 0.5759 0.9842
303 286 057 222 0.5759 0.9842 0.5759 0.9842 0.5759 0.5759 0.9842 0.9842 0.9842 0.5759 0.9842 0.9842 0.9842 0.9842 0.5759 0.5759
286 057 222 133 0.9842 0.5759 0.5759 0.9842 0.5759 0.5759 0.5759 0.9842 0.9842 0.9842 0.5759 0.5759 0.9842 0.9842 0.9842 0.5759
057 222 133 155 0.5759 0.5759 0.9842 0.5759 0.9842 0.5759 0.5759 0.5759 0.9842 0.9842 0.9842 0.9842 0.9842 0.5759 0.5759 0.9842
222 133 155 119 0.9842 0.5759 0.9842 0.5759 0.5759 0.5759 0.5759 0.9842 0.9842 0.5759 0.9842 0.9842 0.5759 0.9842 0.9842 0.5759
133 155 119 245 0.9842 0.5759 0.9842 0.9842 0.9842 0.9842 0.5759 0.5759 0.5759 0.9842 0.9842 0.9842 0.9842 0.9842 0.5759 0.9842
155 119 245 271 0.5759 0.9842 0.9842 0.9842 0.9842 0.5759 0.9842 0.5759 0.9842 0.9842 0.5759 0.9842 0.5759 0.5759 0.5759 0.5759
119 245 271 160 0.9842 0.9842 0.5759 0.9842 0.9842 0.5759 0.5759 0.5759 0.9842 0.5759 0.9842 0.9842 0.5759 0.5759 0.5759 0.5759
245 271 160 029 0.9842 0.5759 0.5759 0.5759 0.9842 0.9842 0.9842 0.5759 0.9842 0.5759 0.5759 0.5759 0.5759 0.5759 0.9842 0.9842
271 160 029 244 0.5759 0.9842 0.9842 0.9842 0.5759 0.5759 0.9842 0.9842 0.5759 0.9842 0.9842 0.9842 0.5759 0.9842 0.5759 0.9842
160 029 244 319 0.9842 0.5759 0.9842 0.9842 0.9842 0.5759 0.9842 0.5759 0.5759 0.5759 0.9842 0.9842 0.5759 0.9842 0.5759 0.9842
029 244 319 115 0.9842 0.9842 0.9842 0.5759 0.5759 0.5759 0.9842 0.9842 0.5759 0.9842 0.9842 0.5759 0.5759 0.5759 0.9842 0.5759
244 319 115 072 0.5759 0.9842 0.9842 0.9842 0.9842 0.9842 0.9842 0.5759 0.5759 0.9842 0.5759 0.9842 0.5759 0.5759 0.9842 0.9842
319 115 072 231 0.9842 0.9842 0.5759 0.5759 0.9842 0.5759 0.9842 0.5759 0.9842 0.5759 0.5759 0.9842 0.9842 0.5759 0.9842 0.9842
115 072 231 139 0.5759 0.5759 0.5759 0.5759 0.5759 0.9842 0.5759 0.5759 0.5759 0.5759 0.9842 0.9842 0.5759 0.5759 0.9842 0.9842
072 231 139 336 0.5759 0.5759 0.9842 0.5759 0.9842 0.5759 0.5759 0.5759 0.5759 0.9842 0.9842 0.9842 0.5759 0.9842 0.5759 0.5759
231 139 336 316 0.9842 0.9842 0.5759 0.9842 0.5759 0.9842 0.5759 0.9842 0.5759 0.5759 0.5759 0.5759 0.9842 0.5759 0.9842 0.5759
139 336 316 262 0.9842 0.9842 0.5759 0.5759 0.5759 0.5759 0.9842 0.5759 0.5759 0.9842 0.9842 0.9842 0.5759 0.9842 0.9842 0.5759
336 316 262 266 0.5759 0.9842 0.5759 0.5759 0.9842 0.5759 0.9842 0.5759 0.5759 0.5759 0.5759 0.5759 0.9842 0.9842 0.9842 0.9842
316 262 266 055 0.9842 0.9842 0.9842 0.9842 0.5759 0.9842 0.9842 0.9842 0.9842 0.9842 0.9842 0.9842 0.5759 0.9842 0.9842 0.5759
262 266 055 260 0.5759 0.9842 0.5759 0.9842 0.5759 0.9842 0.9842 0.9842 0.5759 0.5759 0.5759 0.5759 0.9842 0.9842 0.9842 0.9842
266 055 260 229 0.5759 0.5759 0.5759 0.5759 0.9842 0.5759 0.5759 0.9842 0.9842 0.5759 0.5759 0.9842 0.5759 0.5759 0.9842 0.5759
055 260 229 037 0.9842 0.5759 0.9842 0.9842 0.5759 0.9842 0.5759 0.5759 0.9842 0.9842 0.9842 0.5759 0.5759 0.5759 0.9842 0.9842
260 229 037 350 0.5759 0.9842 0.5759 0.9842 0.9842 0.9842 0.5759 0.5759 0.9842 0.9842 0.5759 0.5759 0.5759 0.5759 0.9842 0.5759
229 037 350 355 0.9842 0.9842 0.9842 0.9842 0.5759 0.5759 0.5759 0.5759 0.5759 0.9842 0.9842 0.5759 0.9842 0.5759 0.9842 0.5759
037 350 355 224 0.9842 0.5759 0.9842 0.9842 0.9842 0.5759 0.5759 0.5759 0.5759 0.9842 0.9842 0.9842 0.5759 0.9842 0.5759 0.5759
350 355 224 074 0.5759 0.5759 0.9842 0.5759 0.9842 0.5759 0.5759 0.9842 0.5759 0.5759 0.5759 0.5759 0.5759 0.5759 0.5759 0.5759
355 224 074 264 0.5759 0.9842 0.5759 0.9842 0.9842 0.9842 0.5759 0.5759 0.5759 0.9842 0.9842 0.5759 0.9842 0.9842 0.5759 0.5759
224 074 264 194 0.9842 0.5759 0.5759 0.9842 0.5759 0.9842 0.9842 0.5759 0.5759 0.9842 0.5759 0.9842 0.5759 0.9842 0.9842 0.9842
074 264 194 001 0.9842 0.5759 0.5759 0.5759 0.5759 0.5759 0.9842 0.5759 0.5759 0.9842 0.5759 0.5759 0.5759 0.9842 0.5759 0.5759
264 194 001 159 0.5759 0.9842 0.9842 0.5759 0.5759 0.9842 0.5759 0.9842 0.5759 0.9842 0.5759 0.9842 0.9842 0.9842 0.5759 0.9842
194 001 159 121 0.5759 0.5759 0.5759 0.9842 0.9842 0.9842 0.5759 0.5759 0.9842 0.9842 0.5759 0.9842 0.5759 0.9842 0.9842 0.9842
001 159 121 138 0.5759 0.5759 0.9842 0.9842 0.5759 0.9842 0.5759 0.9842 0.9842 0.5759 0.5759 0.5759 0.9842 0.5759 0.5759 0.9842
159 121 138 110 0.9842 0.9842 0.9842 0.9842 0.9842 0.9842 0.5759 0.9842 0.9842 0.5759 0.5759 0.5759 0.5759 0.9842 0.9842 0.9842
121 138 110 056 0.5759 0.9842 0.9842 0.5759 0.9842 0.9842 0.9842 0.5759 0.5759 0.5759 0.5759 0.9842 0.9842 0.9842 0.5759 0.5759
138 110 056 102 0.9842 0.9842 0.5759 0.9842 0.9842 0.5759 0.5759 0.5759 0.9842 0.5759 0.9842 0.5759 0.9842 0.5759 0.9842 0.9842
110 056 102 218 0.9842 0.5759 0.9842 0.9842 0.5759 0.9842 0.5759 0.9842 0.9842 0.9842 0.5759 0.5759 0.9842 0.9842 0.5759 0.9842
056 102 218 142 0.5759 0.9842 0.5759 0.9842 0.9842 0.9842 0.5759 0.5759 0.5759 0.5759 0.5759 0.5759 0.5759 0.5759 0.9842 0.9842
102 218 142 345 0.9842 0.9842 0.9842 0.5759 0.5759 0.5759 0.9842 0.5759 0.5759 0.9842 0.5759 0.9842 0.9842 0.5759 0.9842 0.9842
218 142 345 337 0.5759 0.5759 0.5759 0.9842 0.5759 0.9842 0.5759 0.5759 0.5759 0.5759 0.9842 0.5759 0.9842 0.5759 0.9842 0.5759
142 345 337 325 0.5759 0.9842 0.9842 0.5759 0.9842 0.9842 0.9842 0.5759 0.5759 0.5759 0.5759 0.5759 0.9842 0.9842 0.9842 0.5759
345 337 325 054 0.5759 0.9842 0.5759 0.9842 0.9842 0.5759 0.9842 0.5759 0.5759 0.9842 0.5759 0.5759 0.5759 0.9842 0.9842 0.5759
337 325 054 172 0.5759 0.9842 0.9842 0.9842 0.9842 0.9842 0.9842 0.5759 0.9842 0.5759 0.5759 0.5759 0.9842 0.5759 0.9842 0.9842
325 054 172 299 0.9842 0.9842 0.9842 0.5759 0.5759 0.5759 0.9842 0.9842 0.9842 0.9842 0.9842 0.5759 0.9842 0.5759 0.5759 0.9842
054 172 299 332 0.5759 0.5759 0.9842 0.5759 0.5759 0.5759 0.9842 0.5759 0.9842 0.5759 0.5759 0.5759 0.5759 0.5759 0.5759 0.5759
172 299 332 196 0.5759 0.5759 0.5759 0.9842 0.5759 0.5759 0.9842 0.9842 0.9842 0.5759 0.5759 0.9842 0.9842 0.5759 0.5759 0.9842
299 332 196 227 0.9842 0.9842 0.9842 0.5759 0.5759 0.9842 0.5759 0.9842 0.9842 0.9842 0.9842 0.9842 0.9842 0.5759 0.5759 0.9842
332 196 227 081 0.5759 0.9842 0.5759 0.9842 0.5759 0.9842 0.9842 0.9842 0.9842 0.9842 0.5759 0.9842 0.5759 0.9842 0.5759 0.9842
196 227 081 340 0.5759 0.5759 0.9842 0.9842 0.9842 0.9842 0.5759 0.5759 0.5759 0.9842 0.5759 0.9842 0.5759 0.5759 0.9842 0.9842
227 081 340 198 0.9842 0.5759 0.5759 0.5759 0.9842 0.9842 0.9842 0.9842 0.9842 0.9842 0.9842 0.9842 0.5759 0.5759 0.5759 0.9842
081 340 198 027 0.5759 0.9842 0.5759 0.5759 0.5759 0.5759 0.5759 0.5759 0.5759 0.9842 0.5759 0.9842 0.9842 0.5759 0.5759 0.5759
340 198 027 091 0.9842 0.9842 0.5759 0.9842 0.9842 0.9842 0.5759 0.5759 0.9842 0.5759 0.5759 0.5759 0.5759 0.9842 0.9842 0.5759
198 027 091 059 0.9842 0.9842 0.9842 0.9842 0.9842 0.9842 0.5759 0.9842 0.5759 0.9842 0.5759 0.5759 0.9842 0.9842 0.9842 0.9842
027 091 059 234 0.5759 0.9842 0.5759 0.9842 0.9842 0.9842 0.5759 0.9842 0.9842 0.9842 0.5759 0.9842 0.9842 0.5759 0.5759 0.9842
091 059 234 157 0.9842 0.9842 0.5759 0.9842 0.9842 0.9842 0.5759 0.9842 0.5759 0.9842 0.9842 0.9842 0.5759 0.9842 0.9842 0.5759
059 234 157 199 0.5759 0.5759 0.5759 0.9842 0.5759 0.5759 0.9842 0.5759 0.9842 0.5759 0.9842 0.9842 0.9842 0.9842 0.5759 0.9842
234 157 199 093 0.5759 0.9842 0.5759 0.9842 0.9842 0.5759 0.9842 0.5759 0.9842 0.9842 0.9842 0.9842 0.9842 0.9842 0.9842 0.9842
157 199 093 046 0.5759 0.5759 0.9842 0.5759 0.5759 0.9842 0.5759 0.5759 0.9842 0.9842 0.9842 0.9842 0.9842 0.5759 0.9842 0.9842
199 093 046 031 0.5759 0.9842 0.9842 0.9842 0.9842 0.9842 0.5759 0.5759 0.5759 0.5759 0.5759 0.9842 0.9842 0.5759 0.9842 0.5759
093 046 031 261 0.9842 0.9842 0.9842 0.9842 0.9842 0.9842 0.9842 0.5759 0.5759 0.5759 0.5759 0.5759 0.9842 0.5759 0.9842 0.9842
046 031 261 132 0.5759 0.9842 0.5759 0.9842 0.9842 0.5759 0.5759 0.9842 0.9842 0.5759 0.5759 0.9842 0.9842 0.5759 0.9842 0.5759
031 261 132 008 0.9842 0.9842 0.9842 0.5759 0.9842 0.5759 0.9842 0.5759 0.9842 0.9842 0.5759 0.9842 0.5759 0.5759 0.5759 0.5759
261 132 008 052 0.5759 0.5759 0.5759 0.9842 0.5759 0.9842 0.5759 0.9842 0.5759 0.9842 0.9842 0.5759 0.5759 0.9842 0.5759 0.5759
132 008 052 353 0.5759 0.5759 0.5759 0.9842 0.5759 0.9842 0.9842 0.9842 0.5759 0.5759 0.9842 0.9842 0.9842 0.9842 0.5759 0.5759
008 052 353 292 0.9842 0.9842 0.9842 0.9842 0.9842 0.9842 0.9842 0.5759 0.9842 0.5759 0.5759 0.5759 0.9842 0.5759 0.9842 0.5759
052 353 292 331 0.9842 0.9842 0.5759 0.5759 0.9842 0.5759 0.9842 0.5759 0.9842 0.9842 0.9842 0.5759 0.9842 0.5759 0.9842 0.9842
353 292 331 153 0.5759 0.5759 0.5759 0.9842 0.5759 0.5759 0.5759 0.9842 0.5759 0.5759 0.5759 0.5759 0.9842 0.5759 0.5759 0.5759
292 331 153 083 0.5759 0.9842 0.5759 0.9842 0.9842 0.5759 0.9842 0.5759 0.9842 0.9842 0.9842 0.5759 0.5759 0.9842 0.5759 0.5759
331 153 083 070 0.5759 0.5759 0.5759 0.5759 0.9842 0.5759 0.9842 0.9842 0.5759 0.9842 0.9842 0.9842 0.9842 0.9842 0.9842 0.5759
153 083 070 178 0.9842 0.5759 0.9842 0.9842 0.5759 0.5759 0.9842 0.5759 0.9842 0.9842 0.5759 0.5759 0.5759 0.9842 0.5759 0.5759
083 070 178 249 0.9842 0.5759 0.5759 0.9842 0.5759 0.5759 0.5759 0.5759 0.9842 0.9842 0.9842 0.9842 0.5759 0.9842 0.5759 0.5759
070 178 249 146 0.5759 0.5759 0.9842 0.9842 0.9842 0.5759 0.5759 0.9842 0.9842 0.9842 0.9842 0.5759 0.9842 0.9842 0.5759 0.9842
178 249 146 177 0.9842 0.9842 0.5759 0.9842 0.5759 0.5759 0.5759 0.9842 0.9842 0.5759 0.9842 0.9842 0.9842 0.5759 0.5759 0.9842
249 146 177 111 0.9842 0.5759 0.5759 0.5759 0.5759 0.5759 0.5759 0.5759 0.5759 0.5759 0.5759 0.5759 0.9842 0.5759 0.9842 0.5759
146 177 111 313 0.5759 0.5759 0.5759 0.9842 0.5759 0.5759 0.9842 0.9842 0.5759 0.5759 0.5759 0.9842 0.5759 0.9842 0.5759 0.9842
177 111 313 188 0.5759 0.9842 0.9842 0.9842 0.5759 0.9842 0.5759 0.5759 0.5759 0.5759 0.5759 0.5759 0.5759 0.9842 0.9842 0.9842
111 313 188 211 0.5759 0.5759 0.5759 0.5759 0.9842 0.5759 0.5759 0.5759 0.9842 0.9842 0.5759 0.9842 0.9842 0.5759 0.5759 0.9842
313 188 211 053 0.5759 0.5759 0.5759 0.9842 0.9842 0.5759 0.9842 0.5759 0.9842 0.9842 0.5759 0.9842 0.5759 0.5759 0.5759 0.5759
188 211 053 148 0.5759 0.5759 0.5759 0.5759 0.5759 0.5759 0.5759 0.5759 0.9842 0.9842 0.9842 0.5759 0.5759 0.9842 0.5759 0.9842
211 053 148 309 0.9842 0.5759 0.9842 0.9842 0.9842 0.5759 0.5759 0.9842 0.9842 0.5759 0.5759 0.5759 0.5759 0.5759 0.9842 0.9842
053 148 309 113 0.5759 0.5759 0.9842 0.5759 0.9842 0.5759 0.9842 0.5759 0.5759 0.5759 0.9842 0.5759 0.9842 0.5759 0.5759 0.9842
148 309 113 241 0.5759 0.9842 0.5759 0.5759 0.9842 0.9842 0.9842 0.5759 0.9842 0.5759 0.5759 0.5759 0.9842 0.9842 0.5759 0.9842
309 113 241 263 0.9842 0.9842 0.5759 0.9842 0.5759 0.9842 0.9842 0.9842 0.9842 0.9842 0.5759 0.5759 0.9842 0.5759 0.9842 0.5759
113 241 263 314 0.9842 0.9842 0.9842 0.5759 0.9842 0.9842 0.9842 0.5759 0.9842 0.5759 0.9842 0.5759 0.9842 0.9842 0.9842 0.9842
241 263 314 047 0.9842 0.5759 0.5759 0.9842 0.5759 0.9842 0.5759 0.5759 0.5759 0.9842 0.9842 0.9842 0.9842 0.9842 0.5759 0.9842
263 314 047 278 0.9842 0.9842 0.5759 0.5759 0.9842 0.5759 0.5759 0.9842 0.9842 0.9842 0.5759 0.5759 0.5759 0.9842 0.9842 0.9842
314 047 278 150 0.9842 0.5759 0.5759 0.9842 0.5759 0.9842 0.9842 0.5759 0.5759 0.9842 0.9842 0.5759 0.9842 0.5759 0.9842 0.5759
047 278 150 201 0.9842 0.5759 0.5759 0.9842 0.5759 0.9842 0.5759 0.5759 0.5759 0.5759 0.5759 0.5759 0.9842 0.9842 0.5759 0.9842
278 150 201 253 0.9842 0.9842 0.9842 0.9842 0.5759 0.5759 0.9842 0.9842 0.9842 0.5759 0.9842 0.5759 0.9842 0.9842 0.5759 0.9842
150 201 253 034 0.9842 0.9842 0.5759 0.9842 0.5759 0.5759 0.9842 0.5759 0.9842 0.5759 0.9842 0.5759 0.9842 0.5759 0.9842 0.5759
201 253 034 162 0.9842 0.5759 0.9842 0.5759 0.9842 0.9842 0.9842 0.5759 0.5759 0.9842 0.9842 0.9842 0.5759 0.9842 0.5759 0.9842
253 034 162 300 0.5759 0.9842 0.9842 0.5759 0.9842 0.9842 0.9842 0.9842 0.9842 0.9842 0.9842 0.5759 0.5759 0.5759 0.9842 0.5759
034 162 300 275 0.9842 0.5759 0.9842 0.5759 0.5759 0.9842 0.9842 0.5759 0.9842 0.9842 0.5759 0.9842 0.5759 0.5759 0.5759 0.5759
162 300 275 200 0.9842 0.5759 0.9842 0.5759 0.9842 0.5759 0.9842 0.5759 0.5759 0.9842 0.5759 0.9842 0.5759 0.5759 0.5759 0.5759
300 275 200 179 0.9842 0.5759 0.9842 0.5759 0.9842 0.5759 0.5759 0.5759 0.9842 0.5759 0.5759 0.5759 0.5759 0.5759 0.5759 0.9842
275 200 179 033 0.9842 0.9842 0.9842 0.5759 0.5759 0.9842 0.9842 0.9842 0.5759 0.9842 0.5759 0.9842 0.5759 0.5759 0.9842 0.9842
200 179 033 120 0.5759 0.9842 0.5759 0.9842 0.5759 0.5759 0.5759 0.5759 0.5759 0.9842 0.5759 0.9842 0.9842 0.5759 0.5759 0.5759
179 033 120 114 0.9842 0.9842 0.5759 0.5759 0.5759 0.9842 0.5759 0.5759 0.9842 0.9842 0.5759 0.9842 0.9842 0.9842 0.9842 0.5759
033 120 114 149 0.9842 0.5759 0.5759 0.5759 0.9842 0.5759 0.5759 0.9842 0.5759 0.9842 0.9842 0.9842 0.5759 0.9842 0.9842 0.5759
120 114 149 354 0.5759 0.9842 0.9842 0.9842 0.5759 0.9842 0.5759 0.5759 0.9842 0.9842 0.5759 0.5759 0.9842 0.5759 0.9842 0.5759
114 149 354 248 0.5759 0.9842 0.5759 0.9842 0.9842 0.5759 0.9842 0.9842 0.5759 0.9842 0.5759 0.9842 0.9842 0.5759 0.5759 0.9842
149 354 248 090 0.5759 0.5759 0.5759 0.5759 0.5759 0.5759 0.5759 0.5759 0.5759 0.5759 0.5759 0.5759 0.9842 0.9842 0.5759 0.9842
354 248 090 306 0.5759 0.5759 0.5759 0.5759 0.5759 0.9842 0.5759 0.9842 0.9842 0.9842 0.9842 0.5759 0.9842 0.9842 0.5759 0.9842
248 090 306 167 0.9842 0.5759 0.9842 0.5759 0.5759 0.5759 0.9842 0.9842 0.9842 0.5759 0.5759 0.9842 0.5759 0.9842 0.9842 0.5759
090 306 167 247 0.9842 0.9842 0.9842 0.5759 0.9842 0.5759 0.5759 0.5759 0.5759 0.9842 0.5759 0.9842 0.9842 0.9842 0.5759 0.5759
306 167 247 137 0.9842 0.5759 0.9842 0.5759 0.9842 0.5759 0.9842 0.5759 0.5759 0.5759 0.5759 0.9842 0.9842 0.5759 0.9842 0.5759
167 247 137 236 0.9842 0.5759 0.9842 0.9842 0.5759 0.9842 0.9842 0.9842 0.5759 0.9842 0.9842 0.9842 0.5759 0.9842 0.5759 0.9842
247 137 236 323 0.9842 0.5759 0.9842 0.9842 0.9842 0.9842 0.9842 0.5759 0.5759 0.5759 0.5759 0.5759 0.5759 0.5759 0.9842 0.5759
137 236 323 269 0.9842 0.9842 0.9842 0.9842 0.5759 0.9842 0.5759 0.5759 0.9842 0.5759 0.5759 0.9842 0.5759 0.5759 0.5759 0.5759
236 323 269 049 0.5759 0.5759 0.5759 0.5759 0.9842 0.5759 0.5759 0.5759 0.5759 0.5759 0.5759 0.9842 0.9842 0.5759 0.9842 0.5759
323 269 049 324 0.5759 0.5759 0.9842 0.9842 0.9842 0.9842 0.5759 0.5759 0.5759 0.9842 0.5759 0.5759 0.9842 0.9842 0.5759 0.9842
269 049 324 237 0.5759 0.5759 0.9842 0.5759 0.9842 0.9842 0.5759 0.9842 0.5759 0.5759 0.5759 0.5759 0.9842 0.5759 0.9842 0.5759
049 324 237 045 0.9842 0.5759 0.5759 0.9842 0.5759 0.9842 0.9842 0.9842 0.5759 0.9842 0.5759 0.9842 0.5759 0.5759 0.9842 0.9842
324 237 045 123 0.9842 0.5759 0.5759 0.5759 0.9842 0.5759 0.5759 0.5759 0.9842 0.5759 0.5759 0.5759 0.9842 0.9842 0.5759 0.9842
237 045 123 144 0.5759 0.9842 0.5759 0.9842 0.9842 0.9842 0.5759 0.5759 0.9842 0.5759 0.9842 0.9842 0.9842 0.5759 0.5759 0.5759
045 123 144 003 0.5759 0.9842 0.9842 0.5759 0.9842 0.9842 0.9842 0.5759 0.5759 0.9842 0.9842 0.9842 0.5759 0.9842 0.5759 0.5759
123 144 003 002 0.5759 0.5759 0.5759 0.9842 0.5759 0.5759 0.9842 0.9842 0.9842 0.5759 0.5759 0.5759 0.5759 0.9842 0.5759 0.5759
144 003 002 118 0.9842 0.9842 0.9842 0.5759 0.5759 0.5759 0.9842 0.5759 0.9842 0.9842 0.9842 0.5759 0.9842 0.5759 0.9842 0.5759
003 002 118 025 0.9842 0.9842 0.9842 0.5759 0.5759 0.9842 0.5759 0.9842 0.9842 0.9842 0.5759 0.5759 0.9842 0.9842 0.5759 0.5759
002 118 025 283 0.9842 0.5759 0.5759 0.5759 0.9842 0.9842 0.5759 0.9842 0.5759 0.5759 0.5759 0.5759 0.9842 0.5759 0.5759 0.9842
118 025 283 135 0.9842 0.5759 0.9842 0.5759 0.5759 0.5759 0.5759 0.9842 0.5759 0.9842 0.5759 0.9842 0.5759 0.9842 0.5759 0.9842
025 283 135 326 0.9842 0.5759 0.9842 0.9842 0.5759 0.9842 0.5759 0.5759 0.5759 0.5759 0.5759 0.9842 0.5759 0.5759 0.5759 0.9842
283 135 326 344 0.9842 0.9842 0.9842 0.5759 0.9842 0.9842 0.5759 0.9842 0.9842 0.9842 0.9842 0.9842 0.5759 0.5759 0.9842 0.9842
135 326 344 009 0.9842 0.5759 0.9842 0.5759 0.5759 0.9842 0.5759 0.5759 0.9842 0.5759 0.5759 0.5759 0.9842 0.9842 0.9842 0.5759
326 344 009 328 0.9842 0.5759 0.5759 0.5759 0.9842 0.9842 0.9842 0.9842 0.5759 0.9842 0.5759 0.5759 0.5759 0.5759 0.9842 0.9842
344 009 328 089 0.5759 0.9842 0.5759 0.9842 0.5759 0.5759 0.9842 0.9842 0.9842 0.5759 0.9842 0.9842 0.9842 0.9842 0.9842 0.9842
009 328 089 152 0.9842 0.5759 0.5759 0.9842 0.9842 0.5759 0.9842 0.9842 0.5759 0.9842 0.9842 0.9842 0.9842 0.9842 0.9842 0.9842
328 089 152 100 0.9842 0.9842 0.9842 0.9842 0.5759 0.5759 0.5759 0.9842 0.5759 0.9842 0.5759 0.5759 0.5759 0.5759 0.5759 0.5759
089 152 100 343 0.5759 0.5759 0.9842 0.5759 0.9842 0.9842 0.5759 0.5759 0.9842 0.9842 0.9842 0.5759 0.9842 0.9842 0.5759 0.5759
152 100 343 076 0.9842 0.5759 0.9842 0.9842 0.5759 0.5759 0.9842 0.5759 0.5759 0.5759 0.9842 0.5759 0.5759 0.5759 0.5759 0.9842
100 343 076 176 0.9842 0.5759 0.5759 0.5759 0.5759 0.5759 0.9842 0.5759 0.5759 0.9842 0.5759 0.9842 0.5759 0.5759 0.5759 0.9842
343 076 176 035 0.5759 0.9842 0.5759 0.5759 0.9842 0.5759 0.9842 0.9842 0.5759 0.9842 0.5759 0.5759 0.9842 0.9842 0.9842 0.9842
076 176 035 006 0.9842 0.5759 0.9842 0.5759 0.5759 0.9842 0.5759 0.9842 0.5759 0.5759 0.9842 0.9842 0.9842 0.9842 0.9842 0.9842
176 035 006 168 0.5759 0.9842 0.5759 0.5759 0.5759 0.9842 0.9842 0.5759 0.5759 0.5759 0.9842 0.5759 0.9842 0.9842 0.9842 0.5759
035 006 168 044 0.5759 0.5759 0.5759 0.5759 0.9842 0.9842 0.5759 0.5759 0.9842 0.9842 0.9842 0.9842 0.9842 0.9842 0.5759 0.9842
006 168 044 287 0.9842 0.5759 0.5759 0.9842 0.9842 0.9842 0.9842 0.5759 0.5759 0.5759 0.9842 0.5759 0.9842 0.5759 0.5759 0.5759
168 044 287 307 0.9842 0.9842 0.9842 0.9842 0.9842 0.9842 0.9842 0.9842 0.5759 0.5759 0.9842 0.5759 0.9842 0.9842 0.9842 0.5759
044 287 307 272 0.9842 0.9842 0.5759 0.5759 0.9842 0.5759 0.5759 0.9842 0.5759 0.9842 0.5759 0.5759 0.9842 0.5759 0.9842 0.5759
287 307 272 352 0.9842 0.9842 0.5759 0.9842 0.9842 0.9842 0.9842 0.9842 0.5759 0.9842 0.9842 0.5759 0.9842 0.9842 0.9842 0.5759
307 272 352 097 0.9842 0.9842 0.5759 0.9842 0.9842 0.5759 0.9842 0.9842 0.9842 0.5759 0.5759 0.5759 0.9842 0.5759 0.9842 0.5759
272 352 097 096 0.5759 0.5759 0.5759 0.5759 0.5759 0.5759 0.5759 0.5759 0.9842 0.9842 0.5759 0.9842 0.5759 0.9842 0.5759 0.9842
352 097 096 195 0.5759 0.9842 0.5759 0.5759 0.5759 0.5759 0.9842 0.5759 0.9842 0.9842 0.5759 0.5759 0.5759 0.5759 0.5759 0.5759
097 096 195 000 0.9842 0.9842 0.9842 0.9842 0.5759 0.5759 0.5759 0.5759 0.5759 0.5759 0.5759 0.9842 0.5759 0.5759 0.9842 0.9842
096 195 000 270 0.9842 0.5759 0.5759 0.9842 0.9842 0.5759 0.5759 0.5759 0.9842 0.9842 0.5759 0.9842 0.5759 0.5759 0.9842 0.9842
195 000 270 268 0.9842 0.5759 0.9842 0.5759 0.5759 0.9842 0.9842 0.9842 0.9842 0.5759 0.5759 0.5759 0.9842 0.9842 0.5759 0.5759
000 270 268 215 0.9842 0.9842 0.5759 0.9842 0.5759 0.9842 0.5759 0.5759 0.5759 0.9842 0.5759 0.9842 0.9842 0.5759 0.9842 0.9842
270 268 215 223 0.5759 0.5759 0.9842 0.9842 0.5759 0.5759 0.5759 0.9842 0.5759 0.9842 0.9842 0.9842 0.5759 0.9842 0.9842 0.9842
268 215 223 210 0.9842 0.5759 0.9842 0.5759 0.9842 0.5759 0.9842 0.9842 0.5759 0.5759 0.9842 0.9842 0.5759 0.5759 0.5759 0.9842
215 223 210 060 0.5759 0.9842 0.9842 0.9842 0.5759 0.5759 0.5759 0.5759 0.5759 0.9842 0.5759 0.5759 0.9842 0.5759 0.9842 0.5759
223 210 060 005 0.5759 0.5759 0.5759 0.9842 0.9842 0.9842 0.9842 0.5759 0.9842 0.5759 0.5759 0.5759 0.5759 0.9842 0.5759 0.5759
210 060 005 032 0.5759 0.5759 0.5759 0.5759 0.9842 0.9842 0.5759 0.5759 0.5759 0.9842 0.9842 0.5759 0.5759 0.9842 0.5759 0.9842
060 005 032 043 0.5759 0.9842 0.5759 0.5759 0.5759 0.5759 0.5759 0.9842 0.5759 0.9842 0.5759 0.9842 0.5759 0.9842 0.5759 0.9842
005 032 043 342 0.9842 0.9842 0.5759 0.5759 0.9842 0.5759 0.9842 0.5759 0.9842 0.9842 0.9842 0.9842 0.5759 0.9842 0.5759 0.9842
032 043 342 124 0.5759 0.5759 0.5759 0.9842 0.5759 0.9842 0.9842 0.5759 0.9842 0.9842 0.5759 0.9842 0.5759 0.9842 0.9842 0.9842
043 342 124 208 0.5759 0.9842 0.9842 0.9842 0.5759 0.9842 0.5759 0.5759 0.5759 0.5759 0.9842 0.9842 0.5759 0.9842 0.5759 0.9842
342 124 208 018 0.9842 0.5759 0.5759 0.5759 0.5759 0.5759 0.5759 0.5759 0.9842 0.9842 0.9842 0.5759 0.5759 0.5759 0.9842 0.9842
124 208 018 203 0.5759 0.5759 0.9842 0.9842 0.5759 0.9842 0.5759 0.5759 0.5759 0.9842 0.9842 0.5759 0.9842 0.5759 0.5759 0.9842
208 018 203 143 0.5759 0.5759 0.5759 0.9842 0.5759 0.5759 0.5759 0.5759 0.9842 0.9842 0.5759 0.9842 0.5759 0.9842 0.9842 0.5759
018 203 143 011 0.9842 0.9842 0.5759 0.5759 0.9842 0.5759 0.5759 0.9842 0.9842 0.5759 0.5759 0.9842 0.9842 0.5759 0.9842 0.5759
203 143 011 151 0.9842 0.5759 0.9842 0.5759 0.5759 0.5759 0.9842 0.5759 0.9842 0.5759 0.9842 0.5759 0.5759 0.5759 0.9842 0.9842
143 011 151 258 0.5759 0.5759 0.9842 0.9842 0.9842 0.5759 0.5759 0.5759 0.5759 0.9842 0.9842 0.5759 0.9842 0.5759 0.5759 0.5759
011 151 258 239 0.5759 0.9842 0.5759 0.9842 0.9842 0.9842 0.5759 0.9842 0.5759 0.9842 0.9842 0.5759 0.5759 0.5759 0.5759 0.5759
151 258 239 071 0.5759 0.9842 0.5759 0.5759 0.5759 0.5759 0.5759 0.9842 0.9842 0.9842 0.9842 0.9842 0.5759 0.9842 0.5759 0.5759
258 239 071 117 0.9842 0.5759 0.5759 0.5759 0.5759 0.9842 0.5759 0.5759 0.9842 0.9842 0.9842 0.9842 0.9842 0.5759 0.5759 0.9842
239 071 117 212 0.9842 0.5759 0.5759 0.9842 0.5759 0.5759 0.5759 0.5759 0.5759 0.9842 0.9842 0.5759 0.5759 0.5759 0.9842 0.5759
071 117 212 279 0.9842 0.5759 0.9842 0.9842 0.9842 0.9842 0.5759 0.5759 0.9842 0.9842 0.9842 0.9842 0.9842 0.9842 0.5759 0.5759
117 212 279 181 0.5759 0.5759 0.5759 0.5759 0.5759 0.9842 0.9842 0.9842 0.9842 0.5759 0.5759 0.9842 0.9842 0.9842 0.5759 0.9842
212 279 181 267 0.9842 0.9842 0.5759 0.5759 0.9842 0.9842 0.5759 0.9842 0.9842 0.9842 0.5759 0.9842 0.5759 0.5759 0.5759 0.9842
279 181 267 305 0.5759 0.5759 0.9842 0.9842 0.5759 0.5759 0.9842 0.5759 0.9842 0.5759 0.5759 0.5759 0.5759 0.9842 0.9842 0.9842
181 267 305 125 0.9842 0.5759 0.5759 0.9842 0.5759 0.9842 0.5759 0.9842 0.9842 0.9842 0.5759 0.5759 0.5759 0.9842 0.5759 0.9842
267 305 125 347 0.9842 0.5759 0.5759 0.5759 0.5759 0.5759 0.9842 0.9842 0.5759 0.5759 0.9842 0.5759 0.9842 0.9842 0.5759 0.9842
305 125 347 147 0.9842 0.5759 0.9842 0.5759 0.9842 0.5759 0.5759 0.5759 0.5759 0.5759 0.5759 0.9842 0.5759 0.9842 0.9842 0.9842
125 347 147 165 0.5759 0.5759 0.5759 0.9842 0.5759 0.9842 0.9842 0.9842 0.9842 0.9842 0.9842 0.9842 0.9842 0.5759 0.5759 0.5759
347 147 165 103 0.5759 0.5759 0.9842 0.5759 0.9842 0.9842 0.9842 0.5759 0.5759 0.9842 0.9842 0.9842 0.9842 0.9842 0.9842 0.5759
147 165 103 013 0.5759 0.5759 0.9842 0.5759 0.9842 0.5759 0.5759 0.9842 0.5759 0.5759 0.5759 0.9842 0.9842 0.9842 0.5759 0.5759
165 103 013 233 0.9842 0.9842 0.5759 0.9842 0.9842 0.9842 0.5759 0.9842 0.5759 0.5759 0.9842 0.9842 0.9842 0.5759 0.5759 0.9842
103 013 233 061 0.5759 0.9842 0.9842 0.5759 0.5759 0.5759 0.5759 0.9842 0.5759 0.9842 0.9842 0.9842 0.9842 0.5759 0.5759 0.9842
013 233 061 080 0.9842 0.5759 0.5759 0.9842 0.9842 0.5759 0.5759 0.5759 0.9842 0.9842 0.5759 0.9842 0.5759 0.5759 0.9842 0.9842
233 061 080 274 0.5759 0.9842 0.5759 0.9842 0.5759 0.5759 0.9842 0.5759 0.9842 0.5759 0.5759 0.5759 0.9842 0.9842 0.5759 0.5759
061 080 274 206 0.5759 0.9842 0.5759 0.9842 0.9842 0.9842 0.9842 0.9842 0.9842 0.5759 0.9842 0.5759 0.9842 0.9842 0.9842 0.9842
080 274 206 040 0.5759 0.9842 0.9842 0.9842 0.5759 0.5759 0.5759 0.5759 0.9842 0.9842 0.9842 0.9842 0.5759 0.9842 0.9842 0.9842
274 206 040 154 0.9842 0.9842 0.5759 0.5759 0.9842 0.9842 0.5759 0.9842 0.5759 0.9842 0.5759 0.9842 0.9842 0.9842 0.5759 0.9842
206 040 154 067 0.9842 0.5759 0.9842 0.5759 0.5759 0.9842 0.5759 0.5759 0.9842 0.5759 0.5759 0.5759 0.9842 0.9842 0.5759 0.9842
040 154 067 024 0.5759 0.5759 0.9842 0.9842 0.9842 0.5759 0.5759 0.9842 0.5759 0.9842 0.5759 0.5759 0.9842 0.5759 0.9842 0.5759
154 067 024 095 0.9842 0.9842 0.9842 0.9842 0.5759 0.9842 0.9842 0.9842 0.5759 0.5759 0.9842 0.5759 0.5759 0.5759 0.9842 0.5759
067 024 095 156 0.5759 0.9842 0.5759 0.9842 0.9842 0.9842 0.9842 0.5759 0.5759 0.5759 0.9842 0.9842 0.9842 0.9842 0.5759 0.5759
024 095 156 004 0.9842 0.5759 0.9842 0.5759 0.5759 0.5759 0.5759 0.5759 0.9842 0.9842 0.5759 0.5759 0.9842 0.5759 0.5759 0.5759
095 156 004 088 0.5759 0.9842 0.9842 0.9842 0.9842 0.9842 0.9842 0.5759 0.5759 0.5759 0.9842 0.5759 0.9842 0.9842 0.9842 0.5759
156 004 088 016 0.9842 0.9842 0.9842 0.5759 0.5759 0.5759 0.5759 0.5759 0.9842 0.9842 0.9842 0.9842 0.9842 0.5759 0.9842 0.5759
004 088 016 242 0.9842 0.5759 0.5759 0.5759 0.5759 0.9842 0.5759 0.9842 0.5759 0.9842 0.5759 0.9842 0.5759 0.9842 0.9842 0.9842
088 016 242 099 0.5759 0.5759 0.9842 0.9842 0.9842 0.5759 0.5759 0.5759 0.5759 0.5759 0.5759 0.9842 0.9842 0.5759 0.5759 0.5759
016 242 099 216 0.5759 0.5759 0.5759 0.9842 0.5759 0.5759 0.5759 0.9842 0.9842 0.9842 0.9842 0.9842 0.5759 0.9842 0.5759 0.9842
242 099 216 020 0.9842 0.9842 0.5759 0.5759 0.5759 0.5759 0.9842 0.5759 0.5759 0.5759 0.5759 0.9842 0.5759 0.9842 0.9842 0.5759
099 216 020 010 0.9842 0.5759 0.5759 0.9842 0.5759 0.9842 0.9842 0.9842 0.5759 0.9842 0.9842 0.5759 0.9842 0.5759 0.9842 0.9842
216 020 010 169 0.5759 0.9842 0.5759 0.5759 0.9842 0.9842 0.9842 0.9842 0.5759 0.9842 0.9842 0.5759 0.5759 0.9842 0.9842 0.5759
020 010 169 075 0.5759 0.9842 0.9842 0.9842 0.9842 0.5759 0.5759 0.9842 0.9842 0.9842 0.5759 0.5759 0.5759 0.5759 0.9842 0.9842
010 169 075 112 0.5759 0.9842 0.5759 0.9842 0.9842 0.5759 0.9842 0.9842 0.9842 0.9842 0.9842 0.9842 0.5759 0.9842 0.5759 0.5759
169 075 112 173 0.9842 0.5759 0.9842 0.5759 0.5759 0.5759 0.5759 0.5759 0.9842 0.5759 0.5759 0.9842 0.9842 0.5759 0.5759 0.5759
075 112 173 109 0.5759 0.9842 0.9842 0.5759 0.9842 0.9842 0.9842 0.5759 0.9842 0.5759 0.9842 0.9842 0.5759 0.9842 0.5759 0.5759
112 173 109 086 0.9842 0.9842 0.9842 0.9842 0.5759 0.5759 0.5759 0.5759 0.9842 0.9842 0.9842 0.9842 0.9842 0.9842 0.9842 0.9842
173 109 086 092 0.5759 0.9842 0.9842 0.9842 0.9842 0.5759 0.5759 0.9842 0.9842 0.5759 0.9842 0.5759 0.9842 0.9842 0.9842 0.9842
109 086 092 058 0.5759 0.5759 0.9842 0.9842 0.5759 0.5759 0.9842 0.9842 0.5759 0.5759 0.5759 0.9842 0.5759 0.5759 0.5759 0.5759
086 092 058 311 0.9842 0.9842 0.5759 0.5759 0.9842 0.5759 0.9842 0.5759 0.5759 0.9842 0.9842 0.5759 0.5759 0.9842 0.5759 0.5759
092 058 311 064 0.9842 0.9842 0.5759 0.5759 0.5759 0.5759 0.5759 0.9842 0.5759 0.5759 0.5759 0.5759 0.5759 0.5759 0.9842 0.5759
058 311 064 007 0.9842 0.9842 0.5759 0.9842 0.5759 0.9842 0.5759 0.9842 0.5759 0.5759 0.9842 0.9842 0.5759 0.5759 0.9842 0.9842
311 064 007 116 0.9842 0.9842 0.9842 0.5759 0.9842 0.9842 0.5759 0.9842 0.5759 0.9842 0.5759 0.5759 0.9842 0.9842 0.9842 0.5759
064 007 116 230 0.5759 0.9842 0.5759 0.9842 0.5759 0.9842 0.9842 0.5759 0.9842 0.9842 0.9842 0.9842 0.5759 0.5759 0.9842 0.5759
007 116 230 038 0.5759 0.9842 0.5759 0.5759 0.5759 0.5759 0.9842 0.9842 0.9842 0.9842 0.5759 0.5759 0.9842 0.9842 0.5759 0.9842
116 230 038 012 0.9842 0.5759 0.9842 0.5759 0.5759 0.5759 0.5759 0.9842 0.9842 0.9842 0.5759 0.5759 0.9842 0.9842 0.5759 0.5759
230 038 012 066 0.9842 0.5759 0.9842 0.9842 0.5759 0.5759 0.5759 0.9842 0.9842 0.9842 0.5759 0.9842 0.5759 0.9842 0.5759 0.5759
038 012 066 189 0.9842 0.9842 0.9842 0.5759 0.5759 0.5759 0.9842 0.9842 0.5759 0.5759 0.5759 0.9842 0.9842 0.5759 0.5759 0.9842
012 066 189 213 0.5759 0.9842 0.5759 0.5759 0.5759 0.5759 0.9842 0.9842 0.9842 0.5759 0.9842 0.9842 0.9842 0.9842 0.5759 0.5759
066 189 213 065 0.5759 0.9842 0.5759 0.9842 0.5759 0.9842 0.5759 0.5759 0.5759 0.9842 0.9842 0.5759 0.5759 0.9842 0.5759 0.9842
189 213 065 240 0.9842 0.5759 0.9842 0.9842 0.9842 0.5759 0.9842 0.9842 0.9842 0.5759 0.9842 0.9842 0.5759 0.5759 0.9842 0.5759
213 065 240 015 0.9842 0.5759 0.9842 0.9842 0.9842 0.9842 0.9842 0.5759 0.9842 0.5759 0.5759 0.5759 0.5759 0.9842 0.5759 0.9842
065 240 015 321 0.5759 0.5759 0.9842 0.9842 0.5759 0.9842 0.5759 0.5759 0.5759 0.9842 0.9842 0.9842 0.9842 0.9842 0.5759 0.9842
240 015 321 063 0.5759 0.9842 0.5759 0.9842 0.9842 0.9842 0.9842 0.5759 0.5759 0.5759 0.9842 0.5759 0.5759 0.5759 0.5759 0.9842
015 321 063 255 0.5759 0.9842 0.9842 0.5759 0.9842 0.5759 0.5759 0.5759 0.9842 0.9842 0.9842 0.9842 0.5759 0.9842 0.5759 0.9842
321 063 255 041 0.9842 0.9842 0.9842 0.9842 0.5759 0.5759 0.5759 0.5759 0.5759 0.5759 0.9842 0.9842 0.9842 0.5759 0.9842 0.9842
063 255 041 190 0.9842 0.5759 0.9842 0.9842 0.5759 0.9842 0.5759 0.9842 0.5759 0.5759 0.9842 0.5759 0.5759 0.9842 0.5759 0.5759
255 041 190 322 0.9842 0.5759 0.9842 0.9842 0.5759 0.5759 0.9842 0.9842 0.5759 0.5759 0.9842 0.5759 0.9842 0.9842 0.5759 0.5759
041 190 322 302 0.5759 0.9842 0.5759 0.9842 0.5759 0.5759 0.9842 0.9842 0.9842 0.9842 0.5759 0.5759 0.5759 0.5759 0.9842 0.5759
190 322 302 141 0.9842 0.9842 0.9842 0.5759 0.9842 0.5759 0.9842 0.5759 0.5759 0.5759 0.9842 0.5759 0.9842 0.5759 0.5759 0.5759
322 302 141 017 0.5759 0.9842 0.9842 0.9842 0.5759 0.9842 0.9842 0.9842 0.5759 0.9842 0.9842 0.9842 0.9842 0.5759 0.9842 0.5759
302 141 017 246 0.5759 0.9842 0.5759 0.5759 0.9842 0.9842 0.5759 0.9842 0.9842 0.5759 0.9842 0.5759 0.9842 0.9842 0.9842 0.5759
141 017 246 273 0.5759 0.5759 0.5759 0.9842 0.5759 0.5759 0.5759 0.9842 0.9842 0.9842 0.5759 0.5759 0.5759 0.9842 0.5759 0.5759
017 246 273 338 0.9842 0.5759 0.9842 0.5759 0.5759 0.9842 0.9842 0.5759 0.5759 0.5759 0.5759 0.5759 0.5759 0.9842 0.9842 0.9842
246 273 338 140 0.9842 0.5759 0.5759 0.9842 0.5759 0.5759 0.5759 0.5759 0.5759 0.9842 0.5759 0.9842 0.9842 0.9842 0.5759 0.5759
273 338 140 301 0.9842 0.5759 0.5759 0.5759 0.5759 0.9842 0.5759 0.9842 0.5759 0.5759 0.5759 0.5759 0.9842 0.9842 0.9842 0.5759
338 140 301 243 0.5759 0.9842 0.9842 0.9842 0.9842 0.9842 0.9842 0.9842 0.5759 0.5759 0.5759 0.5759 0.5759 0.5759 0.5759 0.9842
140 301 243 084 0.9842 0.5759 0.9842 0.5759 0.9842 0.5759 0.5759 0.9842 0.9842 0.5759 0.9842 0.9842 0.5759 0.5759 0.5759 0.5759
301 243 084 280 0.5759 0.9842 0.5759 0.5759 0.9842 0.5759 0.5759 0.5759 0.5759 0.9842 0.5759 0.5759 0.9842 0.5759 0.9842 0.9842
243 084 280 183 0.5759 0.9842 0.5759 0.5759 0.5759 0.5759 0.5759 0.9842 0.5759 0.9842 0.5759 0.5759 0.9842 0.9842 0.5759 0.5759
084 280 183 130 0.5759 0.9842 0.5759 0.9842 0.9842 0.9842 0.5759 0.5759 0.9842 0.9842 0.5759 0.5759 0.9842 0.9842 0.5759 0.9842
280 183 130 289 0.5759 0.9842 0.5759 0.5759 0.9842 0.5759 0.9842 0.5759 0.5759 0.5759 0.5759 0.9842 0.5759 0.5759 0.5759 0.9842
183 130 289 265 0.9842 0.9842 0.9842 0.9842 0.5759 0.9842 0.5759 0.9842 0.9842 0.5759 0.5759 0.9842 0.5759 0.5759 0.9842 0.5759
130 289 265 068 0.9842 0.9842 0.5759 0.9842 0.9842 0.9842 0.9842 0.9842 0.5759 0.9842 0.5759 0.5759 0.9842 0.5759 0.5759 0.9842
289 265 068 028 0.9842 0.5759 0.5759 0.9842 0.9842 0.5759 0.5759 0.5759 0.9842 0.9842 0.5759 0.9842 0.9842 0.5759 0.9842 0.5759
265 068 028 341 0.5759 0.5759 0.9842 0.9842 0.9842 0.9842 0.5759 0.5759 0.9842 0.9842 0.5759 0.5759 0.5759 0.9842 0.5759 0.9842
068 028 341 293 0.5759 0.5759 0.9842 0.5759 0.9842 0.5759 0.5759 0.5759 0.5759 0.5759 0.9842 0.5759 0.9842 0.9842 0.5759 0.5759
028 341 293 329 0.5759 0.9842 0.5759 0.9842 0.5759 0.9842 0.9842 0.5759 0.5759 0.5759 0.5759 0.5759 0.5759 0.5759 0.5759 0.5759
341 293 329 297 0.5759 0.5759 0.5759 0.9842 0.9842 0.5759 0.5759 0.9842 0.9842 0.9842 0.5759 0.5759 0.9842 0.9842 0.9842 0.9842
293 329 297 219 0.9842 0.5759 0.9842 0.9842 0.5759 0.9842 0.5759 0.9842 0.5759 0.9842 0.5759 0.5759 0.5759 0.9842 0.5759 0.9842
329 297 219 290 0.5759 0.5759 0.5759 0.9842 0.9842 0.5759 0.5759 0.9842 0.5759 0.5759 0.5759 0.5759 0.5759 0.5759 0.5759 0.9842
297 219 290 175 0.5759 0.5759 0.9842 0.5759 0.5759 0.5759 0.9842 0.9842 0.5759 0.5759 0.9842 0.9842 0.9842 0.5759 0.9842 0.9842
219 290 175 079 0.9842 0.9842 0.9842 0.9842 0.9842 0.9842 0.9842 0.9842 0.5759 0.5759 0.5759 0.5759 0.5759 0.9842 0.9842 0.5759
290 175 079 036 0.9842 0.9842 0.9842 0.9842 0.5759 0.5759 0.5759 0.9842 0.5759 0.5759 0.9842 0.5759 0.9842 0.5759 0.5759 0.9842
175 079 036 166 0.9842 0.5759 0.9842 0.5759 0.5759 0.5759 0.5759 0.5759 0.5759 0.5759 0.9842 0.5759 0.9842 0.9842 0.5759 0.5759
079 036 166 030 0.5759 0.5759 0.5759 0.5759 0.9842 0.9842 0.9842 0.9842 0.5759 0.9842 0.9842 0.5759 0.9842 0.9842 0.5759 0.5759
036 166 030 127 0.9842 0.5759 0.5759 0.9842 0.9842 0.5759 0.5759 0.9842 0.9842 0.5759 0.5759 0.5759 0.9842 0.9842 0.5759 0.5759
166 030 127 256 0.5759 0.5759 0.5759 0.5759 0.5759 0.5759 0.5759 0.5759 0.9842 0.5759 0.5759 0.9842 0.9842 0.5759 0.5759 0.9842
030 127 256 104 0.9842 0.9842 0.9842 0.5759 0.9842 0.5759 0.5759 0.9842 0.9842 0.9842 0.9842 0.5759 0.5759 0.9842 0.9842 0.9842
127 256 104 161 0.5759 0.5759 0.9842 0.9842 0.9842 0.5759 0.9842 0.9842 0.5759 0.5759 0.5759 0.5759 0.9842 0.5759 0.9842 0.9842
256 104 161 180 0.9842 0.9842 0.9842 0.5759 0.9842 0.9842 0.9842 0.9842 0.5759 0.5759 0.9842 0.5759 0.9842 0.9842 0.5759 0.9842
104 161 180 284 0.5759 0.5759 0.5759 0.9842 0.5759 0.5759 0.9842 0.9842 0.9842 0.9842 0.5759 0.9842 0.9842 0.5759 0.9842 0.5759
161 180 284 192 0.9842 0.9842 0.9842 0.5759 0.5759 0.9842 0.5759 0.5759 0.9842 0.9842 0.9842 0.5759 0.9842 0.5759 0.5759 0.5759
180 284 192 312 0.5759 0.5759 0.5759 0.5759 0.9842 0.9842 0.9842 0.5759 0.9842 0.9842 0.9842 0.5759 0.5759 0.5759 0.9842 0.5759
284 192 312 163 0.5759 0.9842 0.5759 0.5759 0.9842 0.9842 0.5759 0.5759 0.9842 0.9842 0.9842 0.9842 0.5759 0.9842 0.9842 0.5759
192 312 163 282 0.9842 0.5759 0.9842 0.9842 0.9842 0.9842 0.9842 0.9842 0.5759 0.9842 0.9842 0.9842 0.9842 0.5759 0.5759 0.9842
312 163 282 174 0.9842 0.5759 0.9842 0.9842 0.9842 0.5759 0.5759 0.5759 0.9842 0.5759 0.9842 0.9842 0.9842 0.9842 0.5759 0.5759
163 282 174 170 0.9842 0.9842 0.5759 0.5759 0.9842 0.9842 0.9842 0.5759 0.5759 0.5759 0.5759 0.9842 0.5759 0.9842 0.5759 0.5759
282 174 170 197 0.9842 0.9842 0.5759 0.5759 0.9842 0.5759 0.9842 0.5759 0.9842 0.9842 0.5759 0.5759 0.9842 0.9842 0.5759 0.9842
174 170 197 107 0.9842 0.5759 0.9842 0.9842 0.9842 0.9842 0.5759 0.9842 0.5759 0.9842 0.5759 0.9842 0.5759 0.5759 0.9842 0.9842
170 197 107 339 0.5759 0.9842 0.9842 0.9842 0.9842 0.5759 0.5759 0.9842 0.9842 0.9842 0.5759 0.9842 0.5759 0.5759 0.9842 0.5759
197 107 339 205 0.5759 0.5759 0.5759 0.5759 0.9842 0.9842 0.5759 0.9842 0.5759 0.5759 0.9842 0.5759 0.9842 0.9842 0.9842 0.9842
107 339 205 251 0.5759 0.5759 0.5759 0.9842 0.9842 0.5759 0.9842 0.9842 0.5759 0.9842 0.9842 0.5759 0.9842 0.9842 0.5759 0.5759
339 205 251 202 0.5759 0.5759 0.5759 0.5759 0.9842 0.5759 0.5759 0.5759 0.5759 0.9842 0.9842 0.9842 0.5759 0.5759 0.9842 0.5759
205 251 202 250 0.9842 0.9842 0.9842 0.9842 0.5759 0.9842 0.9842 0.5759 0.5759 0.5759 0.5759 0.9842 0.5759 0.5759 0.5759 0.9842
251 202 250 122 0.5759 0.5759 0.5759 0.9842 0.9842 0.9842 0.9842 0.5759 0.9842 0.5759 0.5759 0.9842 0.9842 0.9842 0.5759 0.9842
202 250 122 318 0.9842 0.9842 0.9842 0.5759 0.9842 0.5759 0.5759 0.9842 0.9842 0.5759 0.5759 0.9842 0.9842 0.5759 0.9842 0.5759
250 122 318 105 0.5759 0.9842 0.5759 0.5759 0.5759 0.5759 0.5759 0.5759 0.5759 0.5759 0.9842 0.9842 0.5759 0.5759 0.9842 0.5759
122 318 105 164 0.5759 0.9842 0.5759 0.9842 0.9842 0.9842 0.5759 0.9842 0.5759 0.5759 0.5759 0.9842 0.5759 0.5759 0.9842 0.5759
318 105 164 304 0.9842 0.9842 0.9842 0.9842 0.9842 0.5759 0.5759 0.5759 0.5759 0.5759 0.5759 0.9842 0.9842 0.5759 0.5759 0.9842
105 164 304 320 0.9842 0.9842 0.9842 0.5759 0.5759 0.5759 0.5759 0.9842 0.9842 0.5759 0.9842 0.9842 0.5759 0.9842 0.5759 0.5759
164 304 320 014 0.9842 0.5759 0.9842 0.5759 0.9842 0.5759 0.9842 0.5759 0.9842 0.5759 0.9842 0.9842 0.9842 0.5759 0.5759 0.5759
304 320 014 226 0.5759 0.9842 0.5759 0.5759 0.5759 0.9842 0.5759 0.5759 0.9842 0.5759 0.9842 0.9842 0.5759 0.5759 0.9842 0.9842
320 014 226 184 0.5759 0.9842 0.5759 0.9842 0.5759 0.5759 0.5759 0.9842 0.9842 0.9842 0.5759 0.5759 0.9842 0.9842 0.9842 0.5759
014 226 184 042 0.5759 0.9842 0.5759 0.9842 0.5759 0.9842 0.9842 0.5759 0.9842 0.5759 0.9842 0.9842 0.9842 0.5759 0.5759 0.9842
226 184 042 298 0.5759 0.5759 0.9842 0.5759 0.9842 0.5759 0.9842 0.5759 0.9842 0.5759 0.5759 0.9842 0.5759 0.9842 0.9842 0.9842
184 042 298 348 0.9842 0.5759 0.9842 0.5759 0.9842 0.5759 0.9842 0.9842 0.5759 0.5759 0.9842 0.5759 0.9842 0.9842 0.9842 0.9842
042 298 348 221 0.9842 0.9842 0.5759 0.9842 0.5759 0.9842 0.5759 0.5759 0.5759 0.5759 0.5759 0.9842 0.5759 0.5759 0.9842 0.9842
298 348 221 225 0.9842 0.5759 0.9842 0.5759 0.9842 0.5759 0.9842 0.9842 0.9842 0.5759 0.5759 0.5759 0.5759 0.5759 0.5759 0.5759
348 221 225 186 0.5759 0.5759 0.5759 0.5759 0.9842 0.5759 0.5759 0.9842 0.9842 0.5759 0.5759 0.9842 0.5759 0.5759 0.9842 0.5759
221 225 186 220 0.9842 0.9842 0.5759 0.5759 0.5759 0.5759 0.5759 0.9842 0.5759 0.9842 0.9842 0.5759 0.9842 0.5759 0.9842 0.9842
225 186 220 051 0.9842 0.5759 0.5759 0.9842 0.5759 0.5759 0.5759 0.5759 0.5759 0.9842 0.9842 0.5759 0.5759 0.5759 0.5759 0.5759
186 220 051 021 0.9842 0.9842 0.5759 0.5759 0.5759 0.5759 0.5759 0.5759 0.9842 0.9842 0.5759 0.5759 0.5759 0.5759 0.5759 0.9842
220 051 021 257 0.9842 0.5759 0.9842 0.5759 0.5759 0.5759 0.5759 0.9842 0.9842 0.5759 0.9842 0.5759 0.9842 0.9842 0.9842 0.5759
051 021 257 136 0.9842 0.9842 0.9842 0.5759 0.5759 0.5759 0.9842 0.5759 0.9842 0.5759 0.9842 0.5759 0.5759 0.5759 0.5759 0.5759
021 257 136 291 0.9842 0.9842 0.5759 0.5759 0.5759 0.5759 0.9842 0.5759 0.5759 0.5759 0.5759 0.5759 0.9842 0.5759 0.5759 0.5759
257 136 291 126 0.5759 0.5759 0.9842 0.5759 0.5759 0.5759 0.9842 0.5759 0.5759 0.9842 0.5759 0.9842 0.9842 0.5759 0.9842 0.5759
136 291 126 351 0.5759 0.9842 0.9842 0.9842 0.9842 0.5759 0.5759 0.9842 0.9842 0.9842 0.9842 0.5759 0.9842 0.9842 0.5759 0.5759
291 126 351 207 0.5759 0.9842 0.9842 0.5759 0.9842 0.5759 0.9842 0.5759 0.9842 0.5759 0.9842 0.9842 0.5759 0.9842 0.5759 0.5759
126 351 207 193 0.9842 0.5759 0.9842 0.5759 0.9842 0.5759 0.5759 0.9842 0.5759 0.9842 0.9842 0.5759 0.5759 0.5759 0.9842 0.5759
351 207 193 077 0.9842 0.9842 0.9842 0.9842 0.5759 0.9842 0.9842 0.5759 0.9842 0.5759 0.9842 0.9842 0.5759 0.9842 0.9842 0.9842
207 193 077 069 0.5759 0.9842 0.9842 0.9842 0.9842 0.9842 0.5759 0.5759 0.5759 0.5759 0.5759 0.9842 0.5759 0.5759 0.9842 0.9842
