356 031684 3
011 147 263 232 0.4654 0.1633 0.1633 0.4654 0.1633 0.1633 0.4654 0.1633 0.4654 0.1633 0.1633 0.1633 0.1633 0.4654 0.1633 0.1633
147 263 232 253 0.4654 0.1633 0.4654 0.4654 0.4654 0.4654 0.4654 0.1633 0.1633 0.1633 0.4654 0.1633 0.4654 0.4654 0.1633 0.4654
263 232 253 076 0.4654 0.1633 0.4654 0.1633 0.4654 0.1633 0.1633 0.4654 0.4654 0.1633 0.4654 0.4654 0.4654 0.4654 0.1633 0.4654
232 253 076 080 0.4654 0.4654 0.1633 0.1633 0.4654 0.1633 0.4654 0.1633 0.4654 0.4654 0.1633 0.1633 0.1633 0.1633 0.1633 0.4654
253 076 080 222 0.1633 0.4654 0.4654 0.1633 0.1633 0.4654 0.4654 0.1633 0.1633 0.1633 0.1633 0.1633 0.1633 0.1633 0.4654 0.4654
076 080 222 301 0.4654 0.4654 0.1633 0.4654 0.1633 0.1633 0.1633 0.4654 0.1633 0.1633 0.4654 0.1633 0.1633 0.4654 0.4654 0.1633
080 222 301 206 0.1633 0.4654 0.1633 0.1633 0.1633 0.4654 0.1633 0.4654 0.4654 0.4654 0.1633 0.1633 0.1633 0.1633 0.4654 0.4654
222 301 206 074 0.1633 0.4654 0.4654 0.4654 0.1633 0.4654 0.4654 0.1633 0.4654 0.4654 0.1633 0.1633 0.1633 0.4654 0.4654 0.4654
301 206 074 238 0.1633 0.1633 0.1633 0.4654 0.1633 0.1633 0.4654 0.1633 0.1633 0.1633 0.4654 0.1633 0.1633 0.4654 0.4654 0.4654
206 074 238 096 0.4654 0.1633 0.4654 0.4654 0.4654 0.4654 0.4654 0.1633 0.1633 0.1633 0.1633 0.1633 0.4654 0.4654 0.4654 0.4654
074 238 096 290 0.1633 0.1633 0.1633 0.1633 0.1633 0.4654 0.1633 0.1633 0.4654 0.1633 0.1633 0.4654 0.4654 0.4654 0.1633 0.4654
238 096 290 157 0.1633 0.4654 0.1633 0.4654 0.4654 0.1633 0.1633 0.4654 0.1633 0.4654 0.4654 0.1633 0.4654 0.1633 0.1633 0.1633
096 290 157 230 0.1633 0.4654 0.4654 0.4654 0.1633 0.4654 0.1633 0.4654 0.1633 0.1633 0.1633 0.4654 0.1633 0.1633 0.4654 0.4654
290 157 230 010 0.4654 0.4654 0.4654 0.1633 0.4654 0.1633 0.1633 0.4654 0.1633 0.1633 0.1633 0.1633 0.4654 0.4654 0.1633 0.4654
157 230 010 211 0.1633 0.4654 0.4654 0.4654 0.1633 0.4654 0.4654 0.1633 0.4654 0.4654 0.4654 0.4654 0.1633 0.1633 0.4654 0.1633
230 010 211 348 0.1633 0.1633 0.4654 0.1633 0.1633 0.4654 0.1633 0.4654 0.1633 0.4654 0.4654 0.4654 0.1633 0.1633 0.1633 0.4654
010 211 348 267 0.4654 0.1633 0.4654 0.4654 0.4654 0.1633 0.1633 0.1633 0.4654 0.1633 0.1633 0.1633 0.1633 0.4654 0.1633 0.1633
211 348 267 006 0.1633 0.1633 0.1633 0.4654 0.1633 0.4654 0.4654 0.4654 0.1633 0.1633 0.1633 0.1633 0.4654 0.1633 0.4654 0.4654
348 267 006 098 0.1633 0.1633 0.1633 0.1633 0.1633 0.1633 0.4654 0.1633 0.1633 0.1633 0.4654 0.4654 0.4654 0.4654 0.1633 0.1633
267 006 098 242 0.1633 0.1633 0.1633 0.1633 0.1633 0.4654 0.4654 0.1633 0.4654 0.4654 0.4654 0.4654 0.4654 0.1633 0.1633 0.1633
006 098 242 264 0.1633 0.4654 0.1633 0.1633 0.1633 0.4654 0.1633 0.1633 0.4654 0.4654 0.1633 0.1633 0.4654 0.1633 0.1633 0.1633
098 242 264 164 0.1633 0.4654 0.1633 0.4654 0.4654 0.4654 0.1633 0.4654 0.4654 0.4654 0.1633 0.1633 0.4654 0.4654 0.4654 0.1633
242 264 164 092 0.1633 0.1633 0.4654 0.1633 0.4654 0.4654 0.1633 0.4654 0.1633 0.1633 0.4654 0.1633 0.1633 0.4654 0.1633 0.1633
264 164 092 031 0.4654 0.4654 0.1633 0.1633 0.1633 0.1633 0.1633 0.1633 0.1633 0.1633 0.4654 0.1633 0.1633 0.1633 0.4654 0.4654
164 092 031 016 0.4654 0.1633 0.1633 0.4654 0.4654 0.1633 0.4654 0.4654 0.1633 0.4654 0.4654 0.1633 0.1633 0.1633 0.4654 0.1633
092 031 016 203 0.4654 0.4654 0.4654 0.1633 0.1633 0.4654 0.1633 0.1633 0.4654 0.1633 0.4654 0.4654 0.4654 0.1633 0.4654 0.4654
031 016 203 199 0.4654 0.4654 0.1633 0.4654 0.4654 0.4654 0.4654 0.4654 0.4654 0.1633 0.1633 0.1633 0.1633 0.4654 0.1633 0.4654
016 203 199 030 0.4654 0.4654 0.4654 0.4654 0.1633 0.4654 0.4654 0.1633 0.1633 0.1633 0.4654 0.4654 0.4654 0.1633 0.1633 0.4654
203 199 030 017 0.1633 0.1633 0.4654 0.4654 0.4654 0.4654 0.4654 0.4654 0.4654 0.4654 0.4654 0.4654 0.4654 0.4654 0.4654 0.4654
199 030 017 091 0.4654 0.1633 0.1633 0.4654 0.4654 0.1633 0.1633 0.1633 0.1633 0.1633 0.4654 0.1633 0.4654 0.4654 0.4654 0.1633
030 017 091 276 0.1633 0.4654 0.4654 0.4654 0.4654 0.1633 0.1633 0.4654 0.4654 0.4654 0.1633 0.1633 0.4654 0.1633 0.1633 0.4654
017 091 276 173 0.4654 0.1633 0.4654 0.4654 0.4654 0.1633 0.4654 0.4654 0.4654 0.4654 0.1633 0.1633 0.4654 0.1633 0.4654 0.4654
091 276 173 000 0.4654 0.4654 0.4654 0.1633 0.1633 0.4654 0.4654 0.4654 0.1633 0.4654 0.1633 0.4654 0.4654 0.1633 0.4654 0.1633
276 173 000 095 0.1633 0.4654 0.1633 0.1633 0.1633 0.1633 0.4654 0.1633 0.4654 0.1633 0.1633 0.4654 0.4654 0.4654 0.1633 0.1633
173 000 095 225 0.4654 0.1633 0.4654 0.4654 0.4654 0.1633 0.4654 0.4654 0.4654 0.1633 0.1633 0.1633 0.4654 0.4654 0.1633 0.1633
000 095 225 240 0.1633 0.1633 0.4654 0.1633 0.4654 0.1633 0.4654 0.4654 0.4654 0.1633 0.1633 0.4654 0.4654 0.1633 0.1633 0.1633
095 225 240 258 0.4654 0.1633 0.1633 0.1633 0.4654 0.4654 0.1633 0.4654 0.4654 0.1633 0.1633 0.4654 0.4654 0.1633 0.4654 0.4654
225 240 258 207 0.4654 0.1633 0.1633 0.1633 0.1633 0.1633 0.1633 0.1633 0.1633 0.4654 0.4654 0.1633 0.4654 0.1633 0.4654 0.4654
240 258 207 146 0.4654 0.1633 0.1633 0.1633 0.1633 0.1633 0.1633 0.4654 0.4654 0.4654 0.1633 0.1633 0.4654 0.4654 0.1633 0.4654
258 207 146 244 0.4654 0.1633 0.4654 0.4654 0.1633 0.4654 0.4654 0.1633 0.1633 0.1633 0.1633 0.4654 0.1633 0.4654 0.1633 0.4654
207 146 244 249 0.4654 0.1633 0.1633 0.4654 0.4654 0.4654 0.4654 0.1633 0.4654 0.1633 0.1633 0.4654 0.1633 0.4654 0.1633 0.1633
146 244 249 124 0.4654 0.1633 0.1633 0.1633 0.4654 0.4654 0.1633 0.1633 0.4654 0.1633 0.1633 0.4654 0.1633 0.4654 0.1633 0.1633
244 249 124 054 0.4654 0.1633 0.4654 0.1633 0.1633 0.4654 0.4654 0.4654 0.1633 0.4654 0.1633 0.1633 0.4654 0.4654 0.4654 0.4654
249 124 054 057 0.4654 0.1633 0.1633 0.1633 0.1633 0.4654 0.4654 0.1633 0.1633 0.1633 0.4654 0.4654 0.1633 0.1633 0.4654 0.1633
124 054 057 271 0.4654 0.1633 0.1633 0.1633 0.4654 0.4654 0.4654 0.1633 0.1633 0.4654 0.4654 0.1633 0.4654 0.4654 0.4654 0.4654
054 057 271 321 0.4654 0.1633 0.1633 0.1633 0.1633 0.4654 0.1633 0.1633 0.1633 0.4654 0.4654 0.4654 0.1633 0.4654 0.1633 0.4654
057 271 321 277 0.4654 0.4654 0.1633 0.1633 0.1633 0.4654 0.1633 0.1633 0.1633 0.4654 0.4654 0.4654 0.4654 0.1633 0.4654 0.1633
271 321 277 090 0.4654 0.1633 0.4654 0.1633 0.1633 0.1633 0.1633 0.4654 0.4654 0.4654 0.1633 0.4654 0.1633 0.4654 0.4654 0.4654
321 277 090 252 0.1633 0.1633 0.4654 0.1633 0.1633 0.1633 0.4654 0.4654 0.1633 0.4654 0.1633 0.4654 0.4654 0.4654 0.4654 0.4654
277 090 252 195 0.1633 0.1633 0.4654 0.4654 0.1633 0.4654 0.4654 0.4654 0.1633 0.4654 0.4654 0.1633 0.1633 0.4654 0.4654 0.4654
090 252 195 128 0.1633 0.1633 0.4654 0.1633 0.4654 0.1633 0.1633 0.1633 0.4654 0.1633 0.1633 0.1633 0.4654 0.4654 0.4654 0.4654
252 195 128 308 0.4654 0.4654 0.1633 0.4654 0.4654 0.1633 0.4654 0.1633 0.1633 0.1633 0.1633 0.4654 0.4654 0.4654 0.4654 0.1633
195 128 308 187 0.4654 0.1633 0.4654 0.1633 0.1633 0.4654 0.1633 0.1633 0.1633 0.4654 0.4654 0.1633 0.4654 0.4654 0.1633 0.4654
128 308 187 300 0.1633 0.4654 0.1633 0.1633 0.1633 0.4654 0.4654 0.4654 0.4654 0.4654 0.1633 0.1633 0.4654 0.4654 0.4654 0.4654
308 187 300 130 0.4654 0.4654 0.1633 0.4654 0.1633 0.4654 0.4654 0.4654 0.1633 0.4654 0.1633 0.1633 0.1633 0.1633 0.1633 0.4654
187 300 130 304 0.1633 0.4654 0.4654 0.4654 0.1633 0.4654 0.1633 0.1633 0.4654 0.1633 0.4654 0.4654 0.4654 0.4654 0.4654 0.1633
300 130 304 247 0.1633 0.1633 0.4654 0.4654 0.4654 0.4654 0.1633 0.4654 0.1633 0.4654 0.4654 0.1633 0.1633 0.4654 0.1633 0.1633
130 304 247 325 0.1633 0.4654 0.4654 0.4654 0.1633 0.1633 0.4654 0.4654 0.4654 0.1633 0.1633 0.1633 0.1633 0.4654 0.1633 0.1633
304 247 325 166 0.4654 0.4654 0.4654 0.4654 0.1633 0.4654 0.1633 0.4654 0.4654 0.4654 0.4654 0.4654 0.1633 0.1633 0.4654 0.4654
247 325 166 202 0.4654 0.1633 0.4654 0.4654 0.1633 0.1633 0.4654 0.1633 0.1633 0.1633 0.1633 0.1633 0.4654 0.1633 0.1633 0.4654
325 166 202 063 0.4654 0.4654 0.1633 0.1633 0.4654 0.4654 0.1633 0.1633 0.4654 0.4654 0.4654 0.1633 0.4654 0.1633 0.4654 0.1633
166 202 063 190 0.4654 0.1633 0.1633 0.1633 0.4654 0.4654 0.1633 0.1633 0.1633 0.1633 0.1633 0.4654 0.1633 0.1633 0.1633 0.4654
202 063 190 239 0.1633 0.1633 0.4654 0.4654 0.4654 0.4654 0.1633 0.4654 0.4654 0.1633 0.4654 0.4654 0.4654 0.4654 0.1633 0.4654
063 190 239 350 0.1633 0.4654 0.4654 0.4654 0.4654 0.1633 0.1633 0.4654 0.1633 0.4654 0.4654 0.4654 0.4654 0.1633 0.4654 0.1633
190 239 350 043 0.1633 0.1633 0.1633 0.1633 0.1633 0.4654 0.4654 0.4654 0.4654 0.1633 0.4654 0.4654 0.1633 0.4654 0.4654 0.4654
239 350 043 093 0.4654 0.4654 0.1633 0.1633 0.1633 0.1633 0.1633 0.4654 0.1633 0.1633 0.4654 0.4654 0.4654 0.4654 0.1633 0.1633
350 043 093 125 0.4654 0.1633 0.4654 0.1633 0.1633 0.4654 0.4654 0.4654 0.1633 0.4654 0.1633 0.4654 0.4654 0.1633 0.4654 0.1633
043 093 125 329 0.1633 0.4654 0.1633 0.1633 0.4654 0.4654 0.4654 0.4654 0.4654 0.1633 0.4654 0.1633 0.4654 0.1633 0.1633 0.1633
093 125 329 201 0.1633 0.4654 0.4654 0.1633 0.4654 0.4654 0.4654 0.4654 0.1633 0.4654 0.1633 0.1633 0.4654 0.1633 0.4654 0.4654
125 329 201 233 0.1633 0.1633 0.4654 0.4654 0.4654 0.1633 0.1633 0.4654 0.4654 0.1633 0.1633 0.1633 0.4654 0.4654 0.1633 0.4654
329 201 233 110 0.4654 0.4654 0.1633 0.4654 0.4654 0.4654 0.4654 0.1633 0.1633 0.4654 0.1633 0.1633 0.1633 0.1633 0.1633 0.1633
201 233 110 019 0.4654 0.4654 0.4654 0.1633 0.1633 0.4654 0.4654 0.1633 0.4654 0.4654 0.1633 0.4654 0.4654 0.1633 0.1633 0.1633
233 110 019 315 0.4654 0.1633 0.1633 0.1633 0.4654 0.4654 0.1633 0.4654 0.4654 0.1633 0.1633 0.4654 0.1633 0.4654 0.4654 0.4654
110 019 315 334 0.1633 0.1633 0.4654 0.1633 0.4654 0.1633 0.1633 0.4654 0.4654 0.4654 0.4654 0.4654 0.1633 0.1633 0.4654 0.4654
019 315 334 113 0.1633 0.1633 0.1633 0.4654 0.1633 0.4654 0.1633 0.4654 0.1633 0.4654 0.4654 0.4654 0.1633 0.4654 0.1633 0.4654
315 334 113 243 0.1633 0.4654 0.1633 0.1633 0.4654 0.1633 0.4654 0.1633 0.4654 0.4654 0.1633 0.1633 0.4654 0.1633 0.1633 0.4654
334 113 243 165 0.1633 0.4654 0.4654 0.4654 0.1633 0.1633 0.4654 0.1633 0.4654 0.1633 0.1633 0.1633 0.1633 0.4654 0.4654 0.1633
113 243 165 328 0.4654 0.1633 0.1633 0.4654 0.4654 0.1633 0.1633 0.1633 0.1633 0.1633 0.4654 0.4654 0.1633 0.4654 0.1633 0.1633
243 165 328 311 0.4654 0.4654 0.1633 0.1633 0.4654 0.4654 0.1633 0.1633 0.1633 0.1633 0.1633 0.4654 0.4654 0.1633 0.1633 0.4654
165 328 311 273 0.1633 0.1633 0.1633 0.1633 0.4654 0.1633 0.4654 0.1633 0.1633 0.4654 0.4654 0.4654 0.1633 0.1633 0.1633 0.4654
328 311 273 049 0.4654 0.4654 0.4654 0.1633 0.1633 0.1633 0.4654 0.1633 0.1633 0.1633 0.1633 0.1633 0.1633 0.4654 0.4654 0.4654
311 273 049 176 0.1633 0.1633 0.4654 0.4654 0.4654 0.4654 0.4654 0.1633 0.4654 0.1633 0.1633 0.1633 0.1633 0.4654 0.1633 0.1633
273 049 176 024 0.4654 0.1633 0.4654 0.1633 0.4654 0.4654 0.4654 0.4654 0.1633 0.4654 0.4654 0.4654 0.1633 0.1633 0.4654 0.1633
049 176 024 288 0.4654 0.4654 0.1633 0.1633 0.1633 0.1633 0.1633 0.1633 0.1633 0.1633 0.4654 0.4654 0.1633 0.4654 0.4654 0.4654
176 024 288 067 0.1633 0.1633 0.4654 0.4654 0.1633 0.4654 0.4654 0.4654 0.1633 0.4654 0.4654 0.1633 0.4654 0.1633 0.1633 0.4654
024 288 067 002 0.4654 0.4654 0.1633 0.4654 0.4654 0.1633 0.1633 0.4654 0.4654 0.4654 0.1633 0.4654 0.1633 0.4654 0.4654 0.4654
288 067 002 344 0.1633 0.4654 0.1633 0.1633 0.1633 0.4654 0.4654 0.4654 0.1633 0.4654 0.1633 0.1633 0.1633 0.1633 0.4654 0.4654
067 002 344 269 0.4654 0.1633 0.1633 0.1633 0.1633 0.4654 0.1633 0.4654 0.4654 0.1633 0.1633 0.1633 0.1633 0.1633 0.1633 0.1633
002 344 269 071 0.4654 0.1633 0.4654 0.1633 0.4654 0.1633 0.1633 0.1633 0.4654 0.4654 0.1633 0.4654 0.4654 0.1633 0.4654 0.4654
344 269 071 141 0.1633 0.1633 0.1633 0.4654 0.1633 0.4654 0.4654 0.4654 0.1633 0.4654 0.4654 0.4654 0.4654 0.4654 0.1633 0.1633
269 071 141 087 0.1633 0.4654 0.4654 0.4654 0.1633 0.1633 0.4654 0.1633 0.1633 0.4654 0.1633 0.1633 0.1633 0.4654 0.4654 0.4654
071 141 087 162 0.4654 0.1633 0.4654 0.4654 0.1633 0.4654 0.4654 0.4654 0.4654 0.1633 0.1633 0.1633 0.1633 0.4654 0.1633 0.1633
141 087 162 005 0.4654 0.4654 0.1633 0.1633 0.4654 0.4654 0.4654 0.1633 0.1633 0.4654 0.1633 0.1633 0.1633 0.1633 0.4654 0.1633
087 162 005 217 0.4654 0.1633 0.1633 0.1633 0.4654 0.4654 0.4654 0.1633 0.1633 0.4654 0.1633 0.1633 0.4654 0.4654 0.4654 0.1633
162 005 217 001 0.4654 0.4654 0.1633 0.4654 0.4654 0.1633 0.1633 0.4654 0.1633 0.1633 0.1633 0.4654 0.4654 0.1633 0.1633 0.1633
005 217 001 237 0.1633 0.1633 0.1633 0.4654 0.1633 0.4654 0.4654 0.1633 0.1633 0.4654 0.1633 0.1633 0.1633 0.1633 0.1633 0.4654
217 001 237 018 0.1633 0.1633 0.1633 0.1633 0.4654 0.4654 0.1633 0.4654 0.4654 0.4654 0.1633 0.4654 0.1633 0.4654 0.4654 0.4654
001 237 018 345 0.1633 0.1633 0.1633 0.1633 0.4654 0.1633 0.4654 0.4654 0.1633 0.1633 0.1633 0.1633 0.4654 0.1633 0.4654 0.1633
237 018 345 140 0.1633 0.4654 0.4654 0.4654 0.1633 0.1633 0.4654 0.4654 0.1633 0.4654 0.4654 0.4654 0.4654 0.1633 0.4654 0.1633
018 345 140 212 0.4654 0.4654 0.4654 0.1633 0.4654 0.4654 0.1633 0.4654 0.4654 0.1633 0.4654 0.1633 0.4654 0.1633 0.4654 0.1633
345 140 212 309 0.4654 0.1633 0.4654 0.1633 0.4654 0.1633 0.4654 0.1633 0.1633 0.1633 0.1633 0.1633 0.1633 0.4654 0.4654 0.4654
140 212 309 324 0.1633 0.4654 0.1633 0.4654 0.4654 0.4654 0.1633 0.1633 0.1633 0.1633 0.4654 0.1633 0.1633 0.1633 0.1633 0.1633
212 309 324 337 0.4654 0.1633 0.4654 0.4654 0.4654 0.1633 0.4654 0.4654 0.4654 0.1633 0.4654 0.1633 0.1633 0.4654 0.4654 0.4654
309 324 337 046 0.1633 0.1633 0.4654 0.4654 0.4654 0.4654 0.1633 0.1633 0.1633 0.1633 0.1633 0.4654 0.4654 0.4654 0.1633 0.1633
324 337 046 135 0.4654 0.1633 0.4654 0.1633 0.1633 0.1633 0.4654 0.1633 0.4654 0.1633 0.4654 0.4654 0.4654 0.1633 0.1633 0.1633
337 046 135 033 0.4654 0.1633 0.4654 0.1633 0.1633 0.4654 0.4654 0.1633 0.4654 0.1633 0.1633 0.4654 0.4654 0.1633 0.1633 0.1633
046 135 033 221 0.4654 0.4654 0.4654 0.1633 0.4654 0.4654 0.4654 0.4654 0.4654 0.4654 0.4654 0.1633 0.4654 0.1633 0.4654 0.1633
135 033 221 066 0.1633 0.4654 0.1633 0.1633 0.4654 0.4654 0.4654 0.1633 0.4654 0.4654 0.4654 0.1633 0.4654 0.1633 0.4654 0.4654
033 221 066 073 0.1633 0.1633 0.4654 0.1633 0.4654 0.1633 0.4654 0.1633 0.4654 0.4654 0.1633 0.4654 0.1633 0.1633 0.4654 0.1633
221 066 073 129 0.4654 0.4654 0.4654 0.4654 0.4654 0.4654 0.4654 0.1633 0.4654 0.4654 0.1633 0.1633 0.1633 0.1633 0.4654 0.1633
066 073 129 115 0.1633 0.4654 0.4654 0.1633 0.1633 0.1633 0.1633 0.1633 0.1633 0.1633 0.1633 0.1633 0.1633 0.4654 0.4654 0.1633
073 129 115 167 0.1633 0.4654 0.1633 0.4654 0.1633 0.1633 0.4654 0.1633 0.4654 0.1633 0.1633 0.1633 0.4654 0.4654 0.4654 0.4654
129 115 167 122 0.4654 0.1633 0.1633 0.4654 0.4654 0.1633 0.1633 0.4654 0.1633 0.4654 0.1633 0.4654 0.1633 0.1633 0.4654 0.1633
115 167 122 126 0.1633 0.1633 0.1633 0.1633 0.4654 0.1633 0.1633 0.1633 0.1633 0.4654 0.1633 0.4654 0.4654 0.4654 0.4654 0.1633
167 122 126 236 0.1633 0.1633 0.1633 0.1633 0.4654 0.4654 0.4654 0.4654 0.4654 0.1633 0.1633 0.1633 0.1633 0.4654 0.4654 0.1633
122 126 236 185 0.4654 0.1633 0.4654 0.1633 0.1633 0.1633 0.1633 0.4654 0.4654 0.4654 0.4654 0.4654 0.4654 0.4654 0.4654 0.1633
126 236 185 208 0.4654 0.1633 0.4654 0.4654 0.1633 0.1633 0.1633 0.4654 0.1633 0.1633 0.1633 0.1633 0.1633 0.1633 0.1633 0.1633
236 185 208 065 0.1633 0.4654 0.4654 0.4654 0.4654 0.1633 0.4654 0.4654 0.4654 0.1633 0.1633 0.1633 0.4654 0.4654 0.4654 0.4654
185 208 065 279 0.4654 0.4654 0.1633 0.4654 0.4654 0.4654 0.1633 0.1633 0.1633 0.4654 0.1633 0.4654 0.1633 0.4654 0.4654 0.1633
208 065 279 198 0.1633 0.4654 0.1633 0.4654 0.1633 0.1633 0.4654 0.4654 0.4654 0.4654 0.4654 0.1633 0.1633 0.4654 0.1633 0.1633
065 279 198 143 0.4654 0.4654 0.4654 0.1633 0.1633 0.4654 0.1633 0.4654 0.4654 0.1633 0.1633 0.1633 0.4654 0.1633 0.4654 0.1633
279 198 143 133 0.1633 0.1633 0.1633 0.4654 0.4654 0.1633 0.1633 0.1633 0.4654 0.4654 0.1633 0.4654 0.1633 0.4654 0.1633 0.1633
198 143 133 099 0.4654 0.4654 0.4654 0.4654 0.1633 0.4654 0.1633 0.1633 0.1633 0.1633 0.1633 0.1633 0.1633 0.4654 0.4654 0.4654
143 133 099 082 0.1633 0.4654 0.4654 0.1633 0.4654 0.4654 0.4654 0.4654 0.1633 0.4654 0.1633 0.1633 0.4654 0.4654 0.4654 0.1633
133 099 082 014 0.1633 0.1633 0.1633 0.4654 0.1633 0.4654 0.4654 0.1633 0.4654 0.4654 0.1633 0.1633 0.4654 0.1633 0.1633 0.1633
099 082 014 007 0.4654 0.1633 0.4654 0.1633 0.1633 0.4654 0.1633 0.4654 0.1633 0.1633 0.4654 0.1633 0.4654 0.1633 0.1633 0.4654
082 014 007 270 0.4654 0.4654 0.4654 0.4654 0.1633 0.1633 0.4654 0.1633 0.4654 0.4654 0.4654 0.4654 0.4654 0.4654 0.4654 0.4654
014 007 270 178 0.4654 0.1633 0.4654 0.1633 0.1633 0.1633 0.4654 0.1633 0.1633 0.4654 0.1633 0.1633 0.4654 0.4654 0.1633 0.1633
007 270 178 012 0.1633 0.1633 0.1633 0.1633 0.1633 0.4654 0.4654 0.4654 0.1633 0.1633 0.4654 0.1633 0.4654 0.1633 0.4654 0.4654
270 178 012 180 0.1633 0.1633 0.4654 0.1633 0.1633 0.4654 0.1633 0.4654 0.1633 0.4654 0.1633 0.1633 0.4654 0.4654 0.4654 0.1633
178 012 180 168 0.1633 0.4654 0.1633 0.1633 0.1633 0.1633 0.4654 0.1633 0.1633 0.1633 0.1633 0.4654 0.4654 0.1633 0.1633 0.1633
012 180 168 200 0.1633 0.4654 0.4654 0.4654 0.1633 0.4654 0.1633 0.1633 0.4654 0.1633 0.4654 0.4654 0.1633 0.4654 0.4654 0.4654
180 168 200 326 0.1633 0.4654 0.4654 0.1633 0.1633 0.1633 0.1633 0.4654 0.1633 0.1633 0.4654 0.1633 0.4654 0.1633 0.1633 0.1633
168 200 326 079 0.1633 0.4654 0.1633 0.4654 0.1633 0.4654 0.1633 0.1633 0.4654 0.1633 0.1633 0.4654 0.1633 0.1633 0.1633 0.1633
200 326 079 188 0.1633 0.4654 0.4654 0.4654 0.4654 0.1633 0.1633 0.4654 0.1633 0.1633 0.4654 0.4654 0.4654 0.1633 0.4654 0.4654
326 079 188 104 0.4654 0.1633 0.4654 0.1633 0.4654 0.1633 0.4654 0.4654 0.1633 0.1633 0.1633 0.1633 0.1633 0.1633 0.1633 0.4654
079 188 104 302 0.1633 0.1633 0.4654 0.4654 0.1633 0.1633 0.4654 0.1633 0.1633 0.1633 0.4654 0.1633 0.1633 0.1633 0.4654 0.1633
188 104 302 342 0.1633 0.1633 0.1633 0.1633 0.1633 0.1633 0.1633 0.1633 0.4654 0.4654 0.4654 0.4654 0.1633 0.4654 0.1633 0.1633
104 302 342 305 0.4654 0.1633 0.4654 0.1633 0.4654 0.1633 0.4654 0.4654 0.4654 0.1633 0.4654 0.1633 0.1633 0.4654 0.4654 0.4654
302 342 305 120 0.1633 0.1633 0.4654 0.1633 0.4654 0.4654 0.1633 0.1633 0.4654 0.4654 0.1633 0.1633 0.1633 0.1633 0.4654 0.4654
342 305 120 351 0.4654 0.4654 0.1633 0.1633 0.1633 0.4654 0.4654 0.1633 0.1633 0.1633 0.4654 0.1633 0.1633 0.4654 0.1633 0.4654
305 120 351 169 0.4654 0.4654 0.4654 0.4654 0.4654 0.1633 0.4654 0.1633 0.1633 0.4654 0.4654 0.1633 0.4654 0.1633 0.4654 0.1633
120 351 169 354 0.4654 0.4654 0.4654 0.4654 0.4654 0.4654 0.1633 0.1633 0.1633 0.4654 0.4654 0.1633 0.1633 0.1633 0.4654 0.4654
351 169 354 215 0.4654 0.1633 0.4654 0.4654 0.1633 0.4654 0.1633 0.1633 0.4654 0.4654 0.4654 0.1633 0.1633 0.4654 0.1633 0.4654
169 354 215 041 0.4654 0.1633 0.4654 0.4654 0.4654 0.4654 0.4654 0.1633 0.4654 0.1633 0.1633 0.4654 0.4654 0.1633 0.4654 0.1633
354 215 041 332 0.4654 0.1633 0.4654 0.1633 0.1633 0.1633 0.4654 0.1633 0.4654 0.1633 0.1633 0.4654 0.4654 0.1633 0.4654 0.4654
215 041 332 171 0.1633 0.1633 0.1633 0.4654 0.1633 0.4654 0.1633 0.1633 0.4654 0.1633 0.4654 0.1633 0.1633 0.4654 0.4654 0.4654
041 332 171 234 0.4654 0.4654 0.1633 0.1633 0.1633 0.1633 0.4654 0.4654 0.1633 0.1633 0.1633 0.1633 0.1633 0.4654 0.4654 0.4654
332 171 234 061 0.1633 0.1633 0.4654 0.4654 0.4654 0.4654 0.4654 0.4654 0.4654 0.1633 0.4654 0.1633 0.1633 0.1633 0.1633 0.4654
171 234 061 163 0.1633 0.1633 0.4654 0.4654 0.1633 0.4654 0.1633 0.1633 0.1633 0.4654 0.4654 0.1633 0.1633 0.4654 0.4654 0.4654
234 061 163 296 0.4654 0.1633 0.4654 0.1633 0.4654 0.1633 0.4654 0.4654 0.1633 0.1633 0.4654 0.4654 0.4654 0.1633 0.1633 0.1633
061 163 296 123 0.1633 0.1633 0.4654 0.1633 0.4654 0.1633 0.4654 0.4654 0.4654 0.4654 0.4654 0.1633 0.1633 0.4654 0.1633 0.1633
163 296 123 078 0.1633 0.4654 0.4654 0.1633 0.4654 0.4654 0.1633 0.1633 0.1633 0.4654 0.1633 0.1633 0.1633 0.1633 0.4654 0.4654
296 123 078 322 0.1633 0.4654 0.1633 0.4654 0.4654 0.4654 0.4654 0.1633 0.4654 0.4654 0.1633 0.4654 0.4654 0.4654 0.1633 0.1633
123 078 322 323 0.1633 0.1633 0.4654 0.1633 0.4654 0.4654 0.1633 0.1633 0.4654 0.4654 0.4654 0.4654 0.4654 0.1633 0.4654 0.1633
078 322 323 172 0.4654 0.4654 0.1633 0.1633 0.4654 0.1633 0.1633 0.1633 0.4654 0.1633 0.4654 0.1633 0.1633 0.4654 0.4654 0.1633
322 323 172 052 0.1633 0.4654 0.1633 0.4654 0.4654 0.4654 0.4654 0.1633 0.4654 0.1633 0.1633 0.4654 0.1633 0.4654 0.1633 0.4654
323 172 052 210 0.1633 0.4654 0.1633 0.1633 0.1633 0.1633 0.4654 0.1633 0.1633 0.1633 0.4654 0.4654 0.4654 0.4654 0.1633 0.1633
172 052 210 214 0.1633 0.1633 0.1633 0.4654 0.4654 0.4654 0.1633 0.4654 0.4654 0.4654 0.4654 0.4654 0.1633 0.1633 0.1633 0.1633
052 210 214 191 0.1633 0.1633 0.1633 0.4654 0.4654 0.1633 0.4654 0.4654 0.1633 0.4654 0.4654 0.4654 0.4654 0.4654 0.1633 0.1633
210 214 191 004 0.1633 0.1633 0.1633 0.1633 0.1633 0.1633 0.1633 0.4654 0.4654 0.1633 0.4654 0.1633 0.1633 0.1633 0.4654 0.4654
214 191 004 145 0.4654 0.4654 0.4654 0.1633 0.4654 0.1633 0.4654 0.1633 0.1633 0.1633 0.4654 0.4654 0.4654 0.1633 0.1633 0.1633
191 004 145 316 0.4654 0.1633 0.1633 0.1633 0.4654 0.4654 0.4654 0.1633 0.4654 0.4654 0.1633 0.4654 0.4654 0.4654 0.4654 0.4654
004 145 316 112 0.4654 0.4654 0.4654 0.4654 0.1633 0.4654 0.4654 0.4654 0.1633 0.1633 0.4654 0.4654 0.4654 0.1633 0.4654 0.1633
145 316 112 100 0.4654 0.1633 0.4654 0.4654 0.1633 0.1633 0.4654 0.4654 0.4654 0.4654 0.1633 0.4654 0.1633 0.4654 0.4654 0.4654
316 112 100 053 0.1633 0.1633 0.4654 0.4654 0.4654 0.1633 0.1633 0.1633 0.4654 0.4654 0.4654 0.4654 0.4654 0.4654 0.1633 0.1633
112 100 053 265 0.4654 0.4654 0.4654 0.4654 0.4654 0.1633 0.4654 0.1633 0.4654 0.4654 0.1633 0.4654 0.1633 0.4654 0.1633 0.4654
100 053 265 256 0.4654 0.4654 0.4654 0.4654 0.1633 0.4654 0.1633 0.1633 0.1633 0.1633 0.1633 0.1633 0.1633 0.1633 0.1633 0.4654
053 265 256 196 0.4654 0.4654 0.1633 0.4654 0.4654 0.4654 0.4654 0.4654 0.4654 0.1633 0.4654 0.1633 0.4654 0.1633 0.4654 0.4654
265 256 196 015 0.1633 0.1633 0.1633 0.4654 0.1633 0.4654 0.4654 0.1633 0.4654 0.1633 0.4654 0.4654 0.1633 0.4654 0.1633 0.1633
256 196 015 274 0.4654 0.1633 0.4654 0.4654 0.1633 0.1633 0.1633 0.1633 0.1633 0.4654 0.4654 0.4654 0.4654 0.4654 0.4654 0.1633
196 015 274 022 0.1633 0.4654 0.1633 0.4654 0.4654 0.1633 0.4654 0.1633 0.1633 0.4654 0.4654 0.4654 0.4654 0.1633 0.4654 0.4654
015 274 022 327 0.1633 0.1633 0.1633 0.4654 0.1633 0.4654 0.1633 0.4654 0.4654 0.4654 0.1633 0.1633 0.1633 0.4654 0.1633 0.4654
274 022 327 193 0.4654 0.4654 0.4654 0.4654 0.4654 0.4654 0.4654 0.4654 0.1633 0.4654 0.4654 0.4654 0.1633 0.1633 0.4654 0.4654
022 327 193 156 0.4654 0.1633 0.4654 0.4654 0.4654 0.4654 0.1633 0.4654 0.1633 0.4654 0.1633 0.4654 0.1633 0.4654 0.1633 0.1633
327 193 156 333 0.1633 0.1633 0.1633 0.4654 0.1633 0.4654 0.4654 0.4654 0.4654 0.1633 0.1633 0.1633 0.1633 0.1633 0.4654 0.4654
193 156 333 105 0.4654 0.4654 0.4654 0.4654 0.1633 0.1633 0.4654 0.1633 0.4654 0.4654 0.1633 0.1633 0.1633 0.4654 0.1633 0.1633
156 333 105 106 0.4654 0.1633 0.4654 0.1633 0.4654 0.1633 0.1633 0.4654 0.1633 0.4654 0.4654 0.1633 0.4654 0.4654 0.4654 0.1633
333 105 106 013 0.4654 0.4654 0.1633 0.1633 0.1633 0.4654 0.4654 0.1633 0.1633 0.4654 0.1633 0.4654 0.4654 0.4654 0.4654 0.1633
105 106 013 151 0.1633 0.4654 0.1633 0.1633 0.1633 0.1633 0.4654 0.1633 0.1633 0.4654 0.1633 0.1633 0.1633 0.4654 0.4654 0.4654
106 013 151 142 0.1633 0.4654 0.1633 0.1633 0.1633 0.4654 0.4654 0.1633 0.4654 0.1633 0.1633 0.1633 0.1633 0.4654 0.1633 0.4654
013 151 142 197 0.4654 0.1633 0.4654 0.4654 0.1633 0.4654 0.1633 0.1633 0.1633 0.1633 0.1633 0.4654 0.1633 0.4654 0.4654 0.4654
151 142 197 060 0.1633 0.1633 0.1633 0.4654 0.4654 0.4654 0.1633 0.1633 0.4654 0.4654 0.1633 0.4654 0.1633 0.1633 0.1633 0.1633
142 197 060 314 0.4654 0.4654 0.4654 0.1633 0.1633 0.1633 0.1633 0.4654 0.4654 0.4654 0.1633 0.1633 0.4654 0.4654 0.4654 0.4654
197 060 314 160 0.4654 0.1633 0.4654 0.4654 0.4654 0.4654 0.4654 0.4654 0.4654 0.1633 0.4654 0.4654 0.4654 0.1633 0.4654 0.1633
060 314 160 292 0.4654 0.4654 0.1633 0.4654 0.4654 0.1633 0.4654 0.1633 0.4654 0.1633 0.4654 0.4654 0.1633 0.4654 0.4654 0.1633
314 160 292 282 0.1633 0.4654 0.1633 0.4654 0.1633 0.4654 0.4654 0.4654 0.1633 0.1633 0.1633 0.4654 0.4654 0.1633 0.1633 0.1633
160 292 282 008 0.1633 0.4654 0.1633 0.4654 0.4654 0.1633 0.1633 0.1633 0.1633 0.4654 0.4654 0.1633 0.1633 0.1633 0.1633 0.1633
292 282 008 235 0.1633 0.1633 0.1633 0.1633 0.4654 0.4654 0.1633 0.1633 0.4654 0.4654 0.1633 0.4654 0.1633 0.1633 0.4654 0.1633
282 008 235 349 0.4654 0.1633 0.4654 0.1633 0.4654 0.4654 0.1633 0.4654 0.4654 0.1633 0.1633 0.1633 0.4654 0.1633 0.4654 0.4654
008 235 349 192 0.4654 0.4654 0.1633 0.1633 0.4654 0.4654 0.4654 0.1633 0.4654 0.4654 0.4654 0.1633 0.4654 0.1633 0.1633 0.1633
235 349 192 245 0.1633 0.4654 0.1633 0.4654 0.1633 0.4654 0.1633 0.1633 0.4654 0.1633 0.4654 0.1633 0.4654 0.4654 0.1633 0.4654
349 192 245 312 0.4654 0.1633 0.4654 0.1633 0.4654 0.1633 0.1633 0.4654 0.1633 0.4654 0.4654 0.4654 0.4654 0.4654 0.4654 0.4654
192 245 312 283 0.1633 0.1633 0.4654 0.4654 0.4654 0.4654 0.1633 0.1633 0.1633 0.4654 0.1633 0.4654 0.4654 0.1633 0.1633 0.1633
245 312 283 149 0.4654 0.4654 0.4654 0.1633 0.1633 0.1633 0.1633 0.1633 0.1633 0.1633 0.1633 0.4654 0.1633 0.4654 0.1633 0.4654
312 283 149 285 0.4654 0.1633 0.1633 0.4654 0.4654 0.4654 0.1633 0.1633 0.4654 0.4654 0.4654 0.1633 0.1633 0.4654 0.1633 0.1633
283 149 285 042 0.1633 0.4654 0.4654 0.1633 0.4654 0.1633 0.1633 0.1633 0.1633 0.1633 0.4654 0.1633 0.4654 0.4654 0.1633 0.4654
149 285 042 032 0.4654 0.4654 0.4654 0.1633 0.1633 0.4654 0.1633 0.1633 0.1633 0.4654 0.1633 0.4654 0.1633 0.4654 0.4654 0.1633
285 042 032 155 0.4654 0.1633 0.4654 0.1633 0.4654 0.1633 0.1633 0.4654 0.1633 0.4654 0.4654 0.4654 0.4654 0.4654 0.4654 0.1633
042 032 155 330 0.1633 0.1633 0.4654 0.4654 0.1633 0.1633 0.4654 0.4654 0.1633 0.1633 0.4654 0.4654 0.4654 0.1633 0.1633 0.4654
032 155 330 275 0.4654 0.1633 0.1633 0.4654 0.1633 0.4654 0.4654 0.4654 0.4654 0.4654 0.1633 0.4654 0.1633 0.4654 0.4654 0.1633
155 330 275 028 0.1633 0.1633 0.4654 0.1633 0.1633 0.1633 0.1633 0.1633 0.1633 0.4654 0.1633 0.4654 0.4654 0.4654 0.4654 0.1633
330 275 028 085 0.1633 0.1633 0.1633 0.1633 0.1633 0.1633 0.4654 0.1633 0.4654 0.4654 0.4654 0.1633 0.4654 0.4654 0.4654 0.1633
275 028 085 175 0.4654 0.4654 0.1633 0.1633 0.4654 0.4654 0.4654 0.4654 0.4654 0.4654 0.1633 0.4654 0.1633 0.1633 0.1633 0.4654
028 085 175 177 0.4654 0.1633 0.4654 0.4654 0.4654 0.1633 0.4654 0.4654 0.4654 0.1633 0.4654 0.4654 0.4654 0.4654 0.4654 0.4654
085 175 177 064 0.4654 0.4654 0.1633 0.4654 0.1633 0.4654 0.4654 0.1633 0.1633 0.4654 0.1633 0.4654 0.4654 0.4654 0.1633 0.4654
175 177 064 084 0.1633 0.1633 0.1633 0.4654 0.1633 0.1633 0.1633 0.1633 0.4654 0.1633 0.4654 0.4654 0.4654 0.4654 0.4654 0.4654
177 064 084 183 0.4654 0.1633 0.4654 0.4654 0.4654 0.1633 0.1633 0.1633 0.1633 0.1633 0.4654 0.4654 0.1633 0.1633 0.4654 0.4654
064 084 183 081 0.1633 0.4654 0.4654 0.1633 0.4654 0.1633 0.4654 0.4654 0.4654 0.4654 0.4654 0.1633 0.4654 0.1633 0.1633 0.4654
084 183 081 266 0.4654 0.1633 0.4654 0.4654 0.4654 0.1633 0.1633 0.1633 0.1633 0.1633 0.1633 0.1633 0.4654 0.4654 0.4654 0.1633
183 081 266 318 0.4654 0.1633 0.4654 0.4654 0.1633 0.1633 0.4654 0.4654 0.4654 0.4654 0.4654 0.1633 0.4654 0.1633 0.4654 0.4654
081 266 318 058 0.4654 0.1633 0.1633 0.4654 0.1633 0.4654 0.4654 0.1633 0.1633 0.4654 0.1633 0.4654 0.1633 0.1633 0.4654 0.4654
266 318 058 040 0.1633 0.1633 0.1633 0.1633 0.4654 0.1633 0.4654 0.4654 0.1633 0.4654 0.1633 0.4654 0.4654 0.1633 0.4654 0.1633
318 058 040 025 0.4654 0.1633 0.1633 0.1633 0.1633 0.1633 0.4654 0.1633 0.4654 0.4654 0.1633 0.4654 0.4654 0.1633 0.4654 0.4654
058 040 025 347 0.4654 0.1633 0.1633 0.1633 0.4654 0.1633 0.4654 0.1633 0.1633 0.1633 0.4654 0.4654 0.1633 0.1633 0.1633 0.1633
040 025 347 297 0.4654 0.1633 0.4654 0.1633 0.1633 0.1633 0.1633 0.1633 0.4654 0.4654 0.1633 0.4654 0.4654 0.4654 0.1633 0.1633
025 347 297 181 0.1633 0.4654 0.4654 0.4654 0.4654 0.1633 0.1633 0.1633 0.4654 0.4654 0.4654 0.1633 0.1633 0.1633 0.1633 0.4654
347 297 181 338 0.1633 0.4654 0.4654 0.4654 0.4654 0.1633 0.4654 0.4654 0.4654 0.4654 0.1633 0.4654 0.1633 0.1633 0.4654 0.4654
297 181 338 003 0.1633 0.1633 0.4654 0.1633 0.1633 0.4654 0.4654 0.4654 0.4654 0.4654 0.4654 0.1633 0.1633 0.1633 0.1633 0.4654
181 338 003 037 0.1633 0.1633 0.1633 0.4654 0.4654 0.1633 0.4654 0.4654 0.4654 0.1633 0.1633 0.1633 0.1633 0.4654 0.1633 0.4654
338 003 037 159 0.4654 0.1633 0.4654 0.1633 0.4654 0.1633 0.1633 0.4654 0.1633 0.1633 0.4654 0.4654 0.1633 0.4654 0.1633 0.4654
003 037 159 280 0.4654 0.1633 0.4654 0.4654 0.4654 0.4654 0.1633 0.4654 0.1633 0.1633 0.4654 0.4654 0.1633 0.4654 0.4654 0.1633
037 159 280 161 0.4654 0.4654 0.1633 0.4654 0.1633 0.4654 0.1633 0.4654 0.4654 0.1633 0.1633 0.4654 0.1633 0.1633 0.1633 0.1633
159 280 161 352 0.1633 0.1633 0.4654 0.1633 0.4654 0.4654 0.4654 0.1633 0.4654 0.1633 0.1633 0.1633 0.4654 0.4654 0.4654 0.4654
280 161 352 229 0.1633 0.4654 0.1633 0.1633 0.4654 0.4654 0.1633 0.4654 0.1633 0.4654 0.1633 0.1633 0.1633 0.4654 0.4654 0.4654
161 352 229 272 0.4654 0.4654 0.4654 0.1633 0.4654 0.4654 0.4654 0.4654 0.1633 0.4654 0.1633 0.1633 0.4654 0.1633 0.4654 0.1633
352 229 272 340 0.1633 0.1633 0.4654 0.1633 0.1633 0.1633 0.1633 0.4654 0.1633 0.4654 0.1633 0.4654 0.1633 0.4654 0.1633 0.1633
229 272 340 114 0.4654 0.1633 0.4654 0.4654 0.4654 0.1633 0.1633 0.4654 0.1633 0.4654 0.1633 0.1633 0.1633 0.4654 0.1633 0.4654
272 340 114 182 0.1633 0.4654 0.4654 0.1633 0.4654 0.4654 0.1633 0.1633 0.1633 0.1633 0.1633 0.1633 0.1633 0.1633 0.4654 0.1633
340 114 182 241 0.1633 0.1633 0.4654 0.1633 0.1633 0.4654 0.4654 0.4654 0.4654 0.4654 0.1633 0.4654 0.4654 0.4654 0.4654 0.1633
114 182 241 089 0.1633 0.4654 0.4654 0.4654 0.1633 0.1633 0.4654 0.4654 0.1633 0.4654 0.4654 0.1633 0.4654 0.4654 0.1633 0.4654
182 241 089 069 0.1633 0.1633 0.1633 0.1633 0.4654 0.1633 0.1633 0.4654 0.1633 0.4654 0.4654 0.4654 0.1633 0.1633 0.1633 0.1633
241 089 069 117 0.1633 0.4654 0.4654 0.1633 0.4654 0.4654 0.4654 0.4654 0.1633 0.1633 0.4654 0.1633 0.4654 0.4654 0.1633 0.1633
089 069 117 047 0.4654 0.4654 0.1633 0.4654 0.4654 0.1633 0.1633 0.4654 0.4654 0.1633 0.1633 0.1633 0.4654 0.1633 0.1633 0.1633
069 117 047 260 0.1633 0.4654 0.4654 0.1633 0.1633 0.4654 0.4654 0.4654 0.4654 0.4654 0.4654 0.4654 0.4654 0.1633 0.1633 0.1633
117 047 260 343 0.1633 0.1633 0.1633 0.1633 0.4654 0.4654 0.4654 0.4654 0.4654 0.1633 0.4654 0.1633 0.1633 0.1633 0.4654 0.4654
047 260 343 034 0.4654 0.4654 0.4654 0.1633 0.1633 0.4654 0.4654 0.1633 0.1633 0.1633 0.1633 0.4654 0.1633 0.4654 0.4654 0.4654
260 343 034 355 0.4654 0.4654 0.4654 0.1633 0.4654 0.1633 0.4654 0.4654 0.4654 0.1633 0.4654 0.1633 0.1633 0.4654 0.4654 0.4654
343 034 355 038 0.4654 0.1633 0.4654 0.4654 0.4654 0.4654 0.1633 0.1633 0.1633 0.1633 0.1633 0.1633 0.1633 0.1633 0.4654 0.4654
034 355 038 299 0.4654 0.1633 0.1633 0.1633 0.4654 0.1633 0.4654 0.1633 0.4654 0.4654 0.4654 0.4654 0.4654 0.1633 0.1633 0.4654
355 038 299 094 0.1633 0.1633 0.4654 0.1633 0.1633 0.1633 0.1633 0.1633 0.1633 0.1633 0.4654 0.4654 0.1633 0.1633 0.4654 0.4654
038 299 094 179 0.4654 0.4654 0.4654 0.4654 0.1633 0.4654 0.4654 0.1633 0.1633 0.1633 0.1633 0.1633 0.1633 0.4654 0.1633 0.4654
299 094 179 109 0.1633 0.4654 0.4654 0.1633 0.1633 0.4654 0.1633 0.4654 0.4654 0.1633 0.1633 0.4654 0.1633 0.1633 0.4654 0.4654
094 179 109 086 0.4654 0.4654 0.4654 0.1633 0.4654 0.4654 0.1633 0.4654 0.1633 0.1633 0.4654 0.4654 0.4654 0.1633 0.4654 0.1633
179 109 086 026 0.1633 0.1633 0.1633 0.4654 0.1633 0.1633 0.1633 0.4654 0.1633 0.1633 0.4654 0.4654 0.4654 0.1633 0.1633 0.4654
109 086 026 223 0.4654 0.4654 0.4654 0.4654 0.1633 0.1633 0.1633 0.1633 0.1633 0.1633 0.1633 0.4654 0.1633 0.4654 0.4654 0.1633
086 026 223 068 0.4654 0.4654 0.4654 0.1633 0.1633 0.4654 0.4654 0.4654 0.4654 0.4654 0.1633 0.4654 0.1633 0.1633 0.4654 0.4654
026 223 068 136 0.1633 0.4654 0.1633 0.1633 0.4654 0.4654 0.1633 0.4654 0.1633 0.4654 0.1633 0.1633 0.4654 0.4654 0.1633 0.4654
223 068 136 336 0.4654 0.1633 0.4654 0.4654 0.4654 0.4654 0.1633 0.4654 0.1633 0.4654 0.4654 0.1633 0.4654 0.1633 0.1633 0.1633
068 136 336 226 0.1633 0.4654 0.1633 0.4654 0.4654 0.4654 0.1633 0.1633 0.4654 0.1633 0.1633 0.4654 0.1633 0.1633 0.4654 0.4654
136 336 226 295 0.4654 0.1633 0.1633 0.4654 0.1633 0.1633 0.1633 0.1633 0.4654 0.1633 0.4654 0.4654 0.1633 0.1633 0.4654 0.1633
336 226 295 083 0.1633 0.4654 0.4654 0.1633 0.4654 0.4654 0.1633 0.1633 0.4654 0.1633 0.1633 0.1633 0.1633 0.1633 0.1633 0.4654
226 295 083 216 0.1633 0.4654 0.4654 0.1633 0.4654 0.1633 0.4654 0.4654 0.1633 0.4654 0.1633 0.1633 0.4654 0.1633 0.4654 0.1633
295 083 216 088 0.4654 0.4654 0.1633 0.1633 0.1633 0.4654 0.4654 0.4654 0.1633 0.4654 0.1633 0.1633 0.4654 0.4654 0.4654 0.4654
083 216 088 335 0.1633 0.4654 0.1633 0.1633 0.4654 0.4654 0.1633 0.1633 0.1633 0.1633 0.1633 0.1633 0.1633 0.1633 0.1633 0.4654
216 088 335 254 0.4654 0.1633 0.1633 0.1633 0.1633 0.4654 0.4654 0.4654 0.1633 0.1633 0.4654 0.4654 0.1633 0.1633 0.1633 0.1633
088 335 254 268 0.1633 0.4654 0.4654 0.1633 0.1633 0.4654 0.4654 0.4654 0.4654 0.4654 0.4654 0.4654 0.4654 0.4654 0.4654 0.1633
335 254 268 158 0.4654 0.4654 0.1633 0.1633 0.1633 0.1633 0.4654 0.1633 0.4654 0.4654 0.1633 0.1633 0.4654 0.4654 0.4654 0.1633
254 268 158 257 0.4654 0.1633 0.1633 0.4654 0.4654 0.1633 0.1633 0.4654 0.1633 0.1633 0.1633 0.4654 0.4654 0.1633 0.4654 0.1633
268 158 257 346 0.4654 0.4654 0.4654 0.4654 0.1633 0.1633 0.4654 0.1633 0.4654 0.4654 0.1633 0.1633 0.1633 0.4654 0.1633 0.4654
158 257 346 137 0.4654 0.1633 0.1633 0.1633 0.4654 0.4654 0.4654 0.4654 0.1633 0.1633 0.1633 0.4654 0.1633 0.1633 0.4654 0.1633
257 346 137 341 0.4654 0.1633 0.1633 0.1633 0.4654 0.4654 0.4654 0.4654 0.1633 0.1633 0.1633 0.4654 0.1633 0.1633 0.1633 0.4654
346 137 341 050 0.4654 0.4654 0.4654 0.1633 0.1633 0.1633 0.4654 0.4654 0.4654 0.4654 0.1633 0.4654 0.4654 0.4654 0.1633 0.4654
137 341 050 131 0.1633 0.4654 0.4654 0.1633 0.4654 0.1633 0.1633 0.4654 0.4654 0.4654 0.4654 0.4654 0.1633 0.4654 0.4654 0.4654
341 050 131 298 0.1633 0.4654 0.1633 0.4654 0.1633 0.1633 0.1633 0.4654 0.1633 0.1633 0.4654 0.4654 0.1633 0.1633 0.4654 0.4654
050 131 298 138 0.1633 0.4654 0.4654 0.4654 0.4654 0.1633 0.1633 0.1633 0.1633 0.4654 0.1633 0.4654 0.1633 0.1633 0.1633 0.4654
131 298 138 331 0.1633 0.1633 0.1633 0.1633 0.1633 0.4654 0.4654 0.1633 0.4654 0.4654 0.1633 0.1633 0.4654 0.4654 0.4654 0.1633
298 138 331 184 0.1633 0.4654 0.4654 0.4654 0.1633 0.4654 0.4654 0.1633 0.4654 0.4654 0.4654 0.4654 0.1633 0.4654 0.1633 0.4654
138 331 184 055 0.1633 0.1633 0.1633 0.4654 0.4654 0.1633 0.4654 0.1633 0.1633 0.1633 0.4654 0.1633 0.4654 0.4654 0.1633 0.1633
331 184 055 044 0.4654 0.1633 0.1633 0.1633 0.1633 0.4654 0.4654 0.1633 0.4654 0.1633 0.1633 0.1633 0.1633 0.1633 0.4654 0.1633
184 055 044 219 0.1633 0.1633 0.4654 0.4654 0.1633 0.1633 0.1633 0.1633 0.1633 0.1633 0.4654 0.4654 0.4654 0.4654 0.4654 0.4654
055 044 219 289 0.1633 0.1633 0.1633 0.1633 0.4654 0.4654 0.4654 0.4654 0.4654 0.1633 0.4654 0.1633 0.4654 0.1633 0.1633 0.1633
044 219 289 108 0.4654 0.4654 0.1633 0.1633 0.1633 0.1633 0.4654 0.1633 0.4654 0.1633 0.4654 0.1633 0.4654 0.1633 0.4654 0.1633
219 289 108 303 0.4654 0.4654 0.1633 0.1633 0.1633 0.1633 0.4654 0.4654 0.1633 0.1633 0.4654 0.4654 0.4654 0.1633 0.1633 0.1633
289 108 303 293 0.1633 0.1633 0.4654 0.1633 0.4654 0.1633 0.1633 0.4654 0.1633 0.1633 0.1633 0.1633 0.1633 0.1633 0.4654 0.1633
108 303 293 107 0.1633 0.1633 0.1633 0.4654 0.4654 0.4654 0.4654 0.1633 0.4654 0.4654 0.4654 0.4654 0.1633 0.1633 0.1633 0.4654
303 293 107 132 0.4654 0.1633 0.1633 0.1633 0.4654 0.1633 0.1633 0.4654 0.1633 0.4654 0.1633 0.4654 0.1633 0.1633 0.1633 0.1633
293 107 132 278 0.4654 0.1633 0.1633 0.1633 0.4654 0.4654 0.1633 0.1633 0.4654 0.4654 0.4654 0.4654 0.4654 0.4654 0.1633 0.4654
107 132 278 246 0.1633 0.4654 0.1633 0.1633 0.4654 0.4654 0.4654 0.1633 0.1633 0.4654 0.1633 0.4654 0.4654 0.4654 0.4654 0.1633
132 278 246 097 0.1633 0.4654 0.4654 0.4654 0.1633 0.4654 0.4654 0.4654 0.4654 0.1633 0.1633 0.4654 0.4654 0.1633 0.1633 0.4654
278 246 097 119 0.4654 0.1633 0.4654 0.4654 0.4654 0.4654 0.1633 0.1633 0.4654 0.4654 0.1633 0.4654 0.1633 0.1633 0.4654 0.4654
246 097 119 259 0.4654 0.4654 0.4654 0.1633 0.1633 0.1633 0.4654 0.4654 0.1633 0.1633 0.1633 0.1633 0.4654 0.1633 0.1633 0.4654
097 119 259 186 0.4654 0.1633 0.4654 0.1633 0.1633 0.4654 0.4654 0.1633 0.1633 0.1633 0.4654 0.4654 0.4654 0.1633 0.1633 0.4654
119 259 186 062 0.4654 0.4654 0.1633 0.4654 0.4654 0.1633 0.4654 0.1633 0.4654 0.1633 0.1633 0.4654 0.4654 0.4654 0.4654 0.1633
259 186 062 204 0.1633 0.1633 0.1633 0.1633 0.1633 0.4654 0.1633 0.1633 0.1633 0.1633 0.4654 0.4654 0.1633 0.1633 0.4654 0.4654
186 062 204 056 0.1633 0.1633 0.4654 0.4654 0.4654 0.1633 0.4654 0.1633 0.1633 0.1633 0.1633 0.1633 0.4654 0.1633 0.4654 0.1633
062 204 056 218 0.4654 0.1633 0.4654 0.1633 0.4654 0.4654 0.4654 0.1633 0.1633 0.1633 0.1633 0.1633 0.1633 0.4654 0.4654 0.4654
204 056 218 227 0.4654 0.4654 0.1633 0.1633 0.4654 0.4654 0.1633 0.1633 0.4654 0.1633 0.1633 0.1633 0.1633 0.1633 0.1633 0.4654
056 218 227 209 0.1633 0.1633 0.4654 0.4654 0.1633 0.4654 0.4654 0.1633 0.1633 0.4654 0.1633 0.1633 0.1633 0.4654 0.4654 0.4654
218 227 209 103 0.4654 0.1633 0.1633 0.4654 0.1633 0.1633 0.4654 0.1633 0.4654 0.4654 0.1633 0.1633 0.1633 0.4654 0.4654 0.1633
227 209 103 023 0.1633 0.1633 0.1633 0.4654 0.4654 0.1633 0.1633 0.4654 0.4654 0.4654 0.4654 0.1633 0.1633 0.1633 0.4654 0.4654
209 103 023 255 0.1633 0.1633 0.4654 0.1633 0.4654 0.1633 0.1633 0.1633 0.1633 0.1633 0.1633 0.1633 0.1633 0.4654 0.4654 0.1633
103 023 255 170 0.4654 0.1633 0.1633 0.4654 0.4654 0.1633 0.4654 0.4654 0.1633 0.4654 0.1633 0.1633 0.4654 0.1633 0.1633 0.4654
023 255 170 152 0.4654 0.4654 0.4654 0.1633 0.1633 0.4654 0.1633 0.4654 0.4654 0.4654 0.1633 0.1633 0.4654 0.4654 0.1633 0.4654
255 170 152 248 0.4654 0.4654 0.1633 0.1633 0.1633 0.4654 0.4654 0.1633 0.1633 0.1633 0.1633 0.1633 0.1633 0.4654 0.1633 0.1633
170 152 248 118 0.4654 0.1633 0.4654 0.4654 0.1633 0.4654 0.1633 0.1633 0.1633 0.4654 0.4654 0.1633 0.4654 0.1633 0.1633 0.1633
152 248 118 111 0.4654 0.4654 0.4654 0.4654 0.1633 0.1633 0.4654 0.1633 0.1633 0.4654 0.4654 0.4654 0.1633 0.4654 0.1633 0.1633
248 118 111 281 0.1633 0.4654 0.1633 0.1633 0.1633 0.1633 0.1633 0.4654 0.4654 0.4654 0.1633 0.4654 0.1633 0.4654 0.4654 0.1633
118 111 281 102 0.4654 0.1633 0.1633 0.4654 0.4654 0.4654 0.4654 0.1633 0.4654 0.1633 0.4654 0.4654 0.4654 0.1633 0.1633 0.4654
111 281 102 306 0.4654 0.1633 0.4654 0.4654 0.4654 0.4654 0.4654 0.1633 0.4654 0.1633 0.4654 0.4654 0.1633 0.4654 0.1633 0.4654
281 102 306 205 0.4654 0.4654 0.4654 0.1633 0.1633 0.4654 0.1633 0.1633 0.4654 0.4654 0.1633 0.1633 0.4654 0.1633 0.4654 0.1633
102 306 205 029 0.4654 0.4654 0.1633 0.4654 0.4654 0.4654 0.1633 0.4654 0.1633 0.4654 0.1633 0.1633 0.1633 0.4654 0.1633 0.4654
306 205 029 174 0.4654 0.1633 0.4654 0.4654 0.1633 0.4654 0.1633 0.1633 0.1633 0.1633 0.4654 0.1633 0.1633 0.4654 0.1633 0.1633
205 029 174 317 0.4654 0.1633 0.1633 0.4654 0.4654 0.1633 0.1633 0.4654 0.4654 0.1633 0.4654 0.1633 0.4654 0.4654 0.4654 0.4654
029 174 317 134 0.4654 0.4654 0.1633 0.1633 0.1633 0.1633 0.4654 0.4654 0.4654 0.1633 0.1633 0.4654 0.4654 0.1633 0.1633 0.4654
174 317 134 261 0.1633 0.4654 0.4654 0.4654 0.1633 0.4654 0.1633 0.1633 0.1633 0.1633 0.4654 0.4654 0.1633 0.1633 0.4654 0.1633
317 134 261 213 0.4654 0.4654 0.1633 0.4654 0.1633 0.4654 0.4654 0.1633 0.1633 0.1633 0.1633 0.4654 0.1633 0.1633 0.1633 0.1633
134 261 213 310 0.1633 0.1633 0.1633 0.1633 0.4654 0.1633 0.1633 0.4654 0.1633 0.4654 0.1633 0.4654 0.4654 0.1633 0.1633 0.1633
261 213 310 353 0.4654 0.1633 0.4654 0.4654 0.1633 0.1633 0.1633 0.4654 0.1633 0.4654 0.4654 0.4654 0.4654 0.4654 0.1633 0.4654
213 310 353 009 0.1633 0.4654 0.4654 0.4654 0.1633 0.1633 0.4654 0.1633 0.1633 0.1633 0.1633 0.4654 0.1633 0.4654 0.1633 0.1633
310 353 009 036 0.1633 0.1633 0.4654 0.4654 0.1633 0.1633 0.4654 0.4654 0.4654 0.1633 0.4654 0.4654 0.4654 0.4654 0.4654 0.4654
353 009 036 291 0.1633 0.4654 0.1633 0.4654 0.1633 0.4654 0.1633 0.4654 0.1633 0.1633 0.4654 0.1633 0.1633 0.4654 0.4654 0.1633
009 036 291 313 0.1633 0.1633 0.1633 0.1633 0.4654 0.4654 0.4654 0.1633 0.4654 0.1633 0.4654 0.1633 0.4654 0.1633 0.1633 0.4654
036 291 313 220 0.4654 0.4654 0.1633 0.4654 0.4654 0.4654 0.1633 0.4654 0.4654 0.4654 0.4654 0.4654 0.1633 0.1633 0.4654 0.4654
291 313 220 059 0.4654 0.4654 0.1633 0.1633 0.4654 0.4654 0.1633 0.4654 0.4654 0.1633 0.4654 0.4654 0.1633 0.1633 0.1633 0.1633
313 220 059 319 0.4654 0.1633 0.1633 0.1633 0.4654 0.1633 0.1633 0.4654 0.1633 0.1633 0.1633 0.4654 0.1633 0.4654 0.4654 0.4654
220 059 319 139 0.4654 0.4654 0.1633 0.1633 0.4654 0.4654 0.1633 0.4654 0.4654 0.1633 0.1633 0.1633 0.4654 0.1633 0.1633 0.1633
059 319 139 250 0.4654 0.4654 0.4654 0.4654 0.1633 0.4654 0.1633 0.1633 0.1633 0.4654 0.4654 0.1633 0.1633 0.1633 0.4654 0.4654
319 139 250 286 0.1633 0.4654 0.4654 0.1633 0.4654 0.4654 0.4654 0.1633 0.4654 0.4654 0.4654 0.1633 0.4654 0.1633 0.1633 0.1633
139 250 286 121 0.4654 0.1633 0.1633 0.1633 0.4654 0.4654 0.1633 0.4654 0.1633 0.1633 0.1633 0.1633 0.4654 0.1633 0.1633 0.1633
250 286 121 077 0.1633 0.1633 0.4654 0.1633 0.1633 0.4654 0.4654 0.4654 0.4654 0.4654 0.4654 0.1633 0.4654 0.1633 0.1633 0.1633
286 121 077 021 0.4654 0.1633 0.4654 0.4654 0.1633 0.1633 0.4654 0.4654 0.4654 0.4654 0.4654 0.1633 0.1633 0.1633 0.1633 0.1633
121 077 021 231 0.4654 0.1633 0.1633 0.4654 0.4654 0.1633 0.4654 0.1633 0.1633 0.4654 0.4654 0.4654 0.4654 0.1633 0.1633 0.1633
077 021 231 116 0.1633 0.1633 0.4654 0.1633 0.1633 0.4654 0.1633 0.1633 0.4654 0.4654 0.4654 0.4654 0.1633 0.1633 0.1633 0.4654
021 231 116 224 0.1633 0.1633 0.1633 0.4654 0.4654 0.1633 0.1633 0.1633 0.4654 0.1633 0.1633 0.1633 0.1633 0.4654 0.4654 0.1633
231 116 224 075 0.4654 0.4654 0.4654 0.4654 0.1633 0.1633 0.1633 0.1633 0.4654 0.4654 0.1633 0.1633 0.4654 0.4654 0.1633 0.4654
116 224 075 339 0.4654 0.4654 0.1633 0.1633 0.1633 0.4654 0.4654 0.1633 0.4654 0.4654 0.1633 0.4654 0.4654 0.4654 0.4654 0.4654
224 075 339 320 0.1633 0.4654 0.4654 0.1633 0.1633 0.4654 0.4654 0.4654 0.4654 0.1633 0.4654 0.4654 0.1633 0.4654 0.4654 0.4654
075 339 320 101 0.1633 0.4654 0.4654 0.4654 0.1633 0.4654 0.1633 0.4654 0.1633 0.1633 0.1633 0.1633 0.4654 0.4654 0.4654 0.1633
339 320 101 051 0.4654 0.1633 0.1633 0.4654 0.4654 0.1633 0.4654 0.4654 0.4654 0.4654 0.1633 0.4654 0.1633 0.1633 0.4654 0.1633
320 101 051 154 0.1633 0.1633 0.1633 0.1633 0.4654 0.4654 0.1633 0.4654 0.4654 0.4654 0.1633 0.4654 0.1633 0.1633 0.1633 0.1633
101 051 154 148 0.1633 0.1633 0.4654 0.1633 0.1633 0.4654 0.4654 0.1633 0.4654 0.4654 0.1633 0.4654 0.4654 0.4654 0.1633 0.4654
051 154 148 048 0.4654 0.4654 0.4654 0.1633 0.1633 0.4654 0.4654 0.1633 0.4654 0.1633 0.1633 0.1633 0.4654 0.1633 0.1633 0.1633
154 148 048 284 0.1633 0.4654 0.4654 0.4654 0.4654 0.1633 0.1633 0.1633 0.1633 0.4654 0.4654 0.4654 0.1633 0.4654 0.1633 0.4654
148 048 284 027 0.1633 0.1633 0.4654 0.4654 0.4654 0.1633 0.4654 0.4654 0.4654 0.1633 0.1633 0.4654 0.1633 0.4654 0.1633 0.4654
048 284 027 294 0.1633 0.1633 0.1633 0.4654 0.4654 0.4654 0.1633 0.4654 0.1633 0.4654 0.1633 0.1633 0.4654 0.4654 0.4654 0.1633
284 027 294 072 0.4654 0.4654 0.4654 0.1633 0.4654 0.1633 0.1633 0.4654 0.4654 0.1633 0.1633 0.4654 0.4654 0.1633 0.4654 0.4654
027 294 072 039 0.1633 0.4654 0.4654 0.4654 0.4654 0.4654 0.1633 0.4654 0.4654 0.4654 0.1633 0.4654 0.4654 0.1633 0.1633 0.4654
294 072 039 287 0.4654 0.4654 0.1633 0.4654 0.4654 0.4654 0.1633 0.4654 0.1633 0.4654 0.4654 0.1633 0.1633 0.1633 0.4654 0.1633
072 039 287 144 0.4654 0.4654 0.1633 0.4654 0.1633 0.4654 0.4654 0.1633 0.4654 0.4654 0.1633 0.4654 0.1633 0.4654 0.1633 0.4654
039 287 144 150 0.4654 0.1633 0.1633 0.4654 0.1633 0.4654 0.4654 0.4654 0.4654 0.1633 0.1633 0.4654 0.1633 0.1633 0.1633 0.4654
287 144 150 153 0.1633 0.1633 0.4654 0.4654 0.1633 0.4654 0.4654 0.1633 0.4654 0.1633 0.4654 0.1633 0.1633 0.1633 0.4654 0.4654
144 150 153 307 0.1633 0.1633 0.1633 0.1633 0.1633 0.4654 0.1633 0.1633 0.4654 0.4654 0.1633 0.1633 0.1633 0.4654 0.4654 0.4654
150 153 307 070 0.4654 0.4654 0.4654 0.4654 0.1633 0.4654 0.1633 0.4654 0.1633 0.1633 0.4654 0.1633 0.1633 0.1633 0.4654 0.1633
153 307 070 189 0.4654 0.1633 0.4654 0.1633 0.4654 0.1633 0.1633 0.1633 0.1633 0.1633 0.1633 0.1633 0.1633 0.1633 0.4654 0.1633
307 070 189 035 0.1633 0.1633 0.4654 0.1633 0.1633 0.1633 0.4654 0.1633 0.4654 0.4654 0.4654 0.1633 0.4654 0.4654 0.1633 0.1633
070 189 035 194 0.4654 0.4654 0.1633 0.4654 0.4654 0.4654 0.4654 0.1633 0.4654 0.1633 0.1633 0.4654 0.1633 0.4654 0.4654 0.1633
189 035 194 228 0.4654 0.1633 0.1633 0.1633 0.1633 0.1633 0.1633 0.4654 0.4654 0.4654 0.1633 0.4654 0.4654 0.4654 0.4654 0.1633
035 194 228 251 0.4654 0.4654 0.1633 0.1633 0.1633 0.1633 0.4654 0.1633 0.1633 0.1633 0.4654 0.1633 0.1633 0.4654 0.4654 0.1633
194 228 251 020 0.4654 0.1633 0.4654 0.1633 0.1633 0.1633 0.4654 0.1633 0.1633 0.4654 0.4654 0.4654 0.1633 0.4654 0.4654 0.4654
228 251 020 262 0.1633 0.4654 0.4654 0.1633 0.1633 0.1633 0.4654 0.1633 0.4654 0.4654 0.4654 0.4654 0.4654 0.4654 0.4654 0.4654
251 020 262 045 0.1633 0.4654 0.4654 0.1633 0.4654 0.1633 0.4654 0.1633 0.1633 0.1633 0.1633 0.4654 0.4654 0.4654 0.4654 0.4654
020 262 045 127 0.1633 0.4654 0.1633 0.4654 0.4654 0.1633 0.1633 0.1633 0.1633 0.4654 0.4654 0.1633 0.1633 0.4654 0.4654 0.1633
262 045 127 011 0.1633 0.4654 0.1633 0.4654 0.4654 0.4654 0.4654 0.4654 0.4654 0.1633 0.4654 0.1633 0.1633 0.4654 0.1633 0.4654
045 127 011 147 0.4654 0.4654 0.4654 0.1633 0.1633 0.1633 0.1633 0.4654 0.4654 0.4654 0.1633 0.1633 0.4654 0.1633 0.1633 0.1633
127 011 147 263 0.4654 0.1633 0.1633 0.4654 0.1633 0.4654 0.4654 0.4654 0.4654 0.4654 0.1633 0.1633 0.1633 0.4654 0.1633 0.4654
