356 031684 3
271 093 007 152 0.9789 0.9789 0.9789 0.9789 0.9789 0.9789 0.9789 0.3737 0.9789 0.9789 0.9789 0.9789 0.9789 0.3737 0.3737 0.9789
093 007 152 149 0.9789 0.3737 0.3737 0.3737 0.3737 0.3737 0.9789 0.9789 0.9789 0.9789 0.3737 0.9789 0.9789 0.3737 0.9789 0.9789
007 152 149 024 0.9789 0.3737 0.3737 0.3737 0.9789 0.3737 0.3737 0.9789 0.3737 0.3737 0.3737 0.3737 0.3737 0.9789 0.3737 0.3737
152 149 024 151 0.9789 0.9789 0.3737 0.9789 0.9789 0.9789 0.9789 0.9789 0.9789 0.9789 0.3737 0.9789 0.3737 0.9789 0.9789 0.9789
149 024 151 202 0.9789 0.9789 0.9789 0.3737 0.9789 0.9789 0.9789 0.3737 0.9789 0.3737 0.9789 0.9789 0.9789 0.9789 0.3737 0.3737
024 151 202 138 0.3737 0.3737 0.3737 0.3737 0.9789 0.9789 0.3737 0.3737 0.3737 0.9789 0.3737 0.9789 0.3737 0.3737 0.3737 0.3737
151 202 138 116 0.3737 0.3737 0.3737 0.9789 0.9789 0.9789 0.9789 0.3737 0.3737 0.9789 0.3737 0.3737 0.3737 0.9789 0.9789 0.3737
202 138 116 236 0.3737 0.9789 0.9789 0.9789 0.9789 0.9789 0.9789 0.9789 0.9789 0.3737 0.9789 0.9789 0.3737 0.3737 0.9789 0.3737
138 116 236 174 0.9789 0.3737 0.3737 0.3737 0.9789 0.9789 0.3737 0.9789 0.3737 0.9789 0.3737 0.3737 0.3737 0.3737 0.9789 0.9789
116 236 174 103 0.9789 0.9789 0.9789 0.3737 0.3737 0.9789 0.9789 0.3737 0.9789 0.3737 0.9789 0.3737 0.3737 0.9789 0.9789 0.3737
236 174 103 258 0.9789 0.9789 0.3737 0.3737 0.3737 0.9789 0.3737 0.9789 0.9789 0.3737 0.3737 0.9789 0.9789 0.9789 0.9789 0.9789
174 103 258 276 0.3737 0.9789 0.3737 0.9789 0.3737 0.9789 0.9789 0.9789 0.3737 0.3737 0.9789 0.9789 0.3737 0.9789 0.9789 0.3737
103 258 276 037 0.3737 0.3737 0.9789 0.9789 0.9789 0.9789 0.3737 0.3737 0.9789 0.3737 0.3737 0.9789 0.3737 0.3737 0.3737 0.3737
258 276 037 289 0.3737 0.3737 0.3737 0.3737 0.3737 0.3737 0.9789 0.3737 0.9789 0.3737 0.9789 0.9789 0.3737 0.9789 0.9789 0.3737
276 037 289 036 0.3737 0.3737 0.3737 0.3737 0.9789 0.3737 0.3737 0.9789 0.9789 0.9789 0.9789 0.9789 0.3737 0.3737 0.9789 0.3737
037 289 036 012 0.9789 0.9789 0.3737 0.9789 0.3737 0.3737 0.3737 0.3737 0.9789 0.3737 0.9789 0.3737 0.9789 0.3737 0.9789 0.9789
289 036 012 013 0.9789 0.9789 0.9789 0.3737 0.9789 0.3737 0.9789 0.9789 0.3737 0.9789 0.3737 0.9789 0.9789 0.9789 0.3737 0.9789
036 012 013 032 0.3737 0.3737 0.3737 0.9789 0.9789 0.9789 0.3737 0.3737 0.3737 0.3737 0.9789 0.9789 0.3737 0.3737 0.3737 0.3737
012 013 032 307 0.9789 0.3737 0.3737 0.3737 0.3737 0.3737 0.9789 0.9789 0.9789 0.9789 0.9789 0.9789 0.3737 0.9789 0.3737 0.9789
013 032 307 302 0.3737 0.9789 0.9789 0.9789 0.9789 0.3737 0.3737 0.3737 0.9789 0.3737 0.3737 0.3737 0.9789 0.3737 0.9789 0.9789
032 307 302 273 0.9789 0.9789 0.3737 0.9789 0.9789 0.9789 0.3737 0.3737 0.3737 0.9789 0.9789 0.9789 0.3737 0.9789 0.9789 0.9789
307 302 273 229 0.3737 0.9789 0.9789 0.9789 0.3737 0.9789 0.9789 0.9789 0.9789 0.9789 0.9789 0.9789 0.3737 0.9789 0.9789 0.9789
302 273 229 198 0.9789 0.9789 0.3737 0.9789 0.3737 0.9789 0.9789 0.3737 0.9789 0.9789 0.3737 0.9789 0.3737 0.3737 0.9789 0.3737
273 229 198 305 0.9789 0.9789 0.9789 0.3737 0.9789 0.9789 0.9789 0.3737 0.3737 0.9789 0.9789 0.3737 0.9789 0.3737 0.3737 0.9789
229 198 305 087 0.3737 0.3737 0.9789 0.3737 0.3737 0.9789 0.9789 0.3737 0.3737 0.3737 0.3737 0.3737 0.9789 0.3737 0.3737 0.9789
198 305 087 293 0.3737 0.9789 0.3737 0.3737 0.9789 0.3737 0.9789 0.3737 0.3737 0.9789 0.3737 0.9789 0.3737 0.3737 0.9789 0.9789
305 087 293 102 0.9789 0.9789 0.3737 0.9789 0.3737 0.9789 0.3737 0.3737 0.3737 0.9789 0.9789 0.9789 0.3737 0.3737 0.9789 0.9789
087 293 102 212 0.3737 0.9789 0.9789 0.3737 0.3737 0.9789 0.3737 0.3737 0.3737 0.3737 0.3737 0.9789 0.3737 0.9789 0.3737 0.3737
293 102 212 308 0.9789 0.3737 0.9789 0.3737 0.3737 0.3737 0.9789 0.9789 0.3737 0.9789 0.9789 0.9789 0.9789 0.9789 0.3737 0.9789
102 212 308 069 0.9789 0.9789 0.3737 0.9789 0.9789 0.3737 0.3737 0.3737 0.9789 0.3737 0.9789 0.3737 0.3737 0.9789 0.3737 0.3737
212 308 069 000 0.3737 0.3737 0.9789 0.3737 0.9789 0.9789 0.9789 0.3737 0.3737 0.3737 0.9789 0.3737 0.3737 0.9789 0.3737 0.3737
308 069 000 283 0.3737 0.9789 0.3737 0.9789 0.9789 0.3737 0.9789 0.9789 0.3737 0.9789 0.3737 0.9789 0.3737 0.9789 0.3737 0.3737
069 000 283 181 0.3737 0.9789 0.3737 0.9789 0.3737 0.9789 0.3737 0.3737 0.3737 0.3737 0.3737 0.3737 0.9789 0.3737 0.9789 0.3737
000 283 181 203 0.9789 0.3737 0.9789 0.3737 0.9789 0.3737 0.3737 0.9789 0.3737 0.3737 0.9789 0.3737 0.3737 0.9789 0.9789 0.9789
283 181 203 220 0.9789 0.3737 0.3737 0.9789 0.3737 0.3737 0.3737 0.9789 0.3737 0.9789 0.3737 0.3737 0.3737 0.9789 0.9789 0.9789
181 203 220 226 0.9789 0.9789 0.3737 0.9789 0.9789 0.9789 0.3737 0.9789 0.9789 0.9789 0.3737 0.3737 0.3737 0.3737 0.9789 0.9789
203 220 226 017 0.3737 0.9789 0.3737 0.9789 0.3737 0.9789 0.3737 0.9789 0.9789 0.9789 0.9789 0.3737 0.3737 0.9789 0.9789 0.9789
220 226 017 321 0.3737 0.3737 0.3737 0.9789 0.9789 0.3737 0.3737 0.9789 0.9789 0.9789 0.3737 0.3737 0.9789 0.3737 0.3737 0.9789
226 017 321 259 0.3737 0.9789 0.3737 0.9789 0.3737 0.9789 0.3737 0.3737 0.3737 0.3737 0.3737 0.3737 0.9789 0.3737 0.3737 0.9789
017 321 259 196 0.3737 0.9789 0.3737 0.3737 0.9789 0.3737 0.3737 0.9789 0.9789 0.3737 0.3737 0.3737 0.3737 0.3737 0.3737 0.9789
321 259 196 159 0.3737 0.3737 0.9789 0.9789 0.3737 0.9789 0.3737 0.9789 0.9789 0.9789 0.3737 0.3737 0.3737 0.3737 0.9789 0.3737
259 196 159 006 0.9789 0.3737 0.9789 0.9789 0.9789 0.9789 0.3737 0.9789 0.9789 0.9789 0.3737 0.3737 0.3737 0.9789 0.9789 0.9789
196 159 006 214 0.9789 0.9789 0.9789 0.3737 0.3737 0.9789 0.9789 0.9789 0.3737 0.3737 0.3737 0.3737 0.3737 0.9789 0.3737 0.3737
159 006 214 253 0.9789 0.9789 0.9789 0.3737 0.3737 0.9789 0.3737 0.3737 0.9789 0.3737 0.3737 0.3737 0.3737 0.3737 0.3737 0.3737
006 214 253 018 0.9789 0.9789 0.9789 0.9789 0.3737 0.3737 0.3737 0.3737 0.9789 0.9789 0.9789 0.3737 0.3737 0.9789 0.3737 0.9789
214 253 018 275 0.3737 0.3737 0.9789 0.9789 0.9789 0.9789 0.3737 0.3737 0.9789 0.3737 0.3737 0.3737 0.9789 0.3737 0.9789 0.9789
253 018 275 052 0.9789 0.3737 0.9789 0.9789 0.3737 0.3737 0.3737 0.3737 0.3737 0.9789 0.9789 0.3737 0.9789 0.3737 0.9789 0.3737
018 275 052 014 0.3737 0.9789 0.9789 0.9789 0.3737 0.9789 0.3737 0.9789 0.3737 0.3737 0.3737 0.3737 0.3737 0.9789 0.9789 0.3737
275 052 014 191 0.9789 0.3737 0.9789 0.9789 0.9789 0.9789 0.3737 0.3737 0.3737 0.9789 0.9789 0.3737 0.9789 0.9789 0.9789 0.3737
052 014 191 097 0.9789 0.9789 0.3737 0.3737 0.9789 0.9789 0.9789 0.9789 0.9789 0.3737 0.9789 0.3737 0.3737 0.9789 0.9789 0.9789
014 191 097 197 0.3737 0.3737 0.9789 0.3737 0.9789 0.3737 0.9789 0.9789 0.3737 0.9789 0.3737 0.3737 0.3737 0.3737 0.9789 0.3737
191 097 197 295 0.9789 0.9789 0.9789 0.9789 0.9789 0.3737 0.9789 0.3737 0.9789 0.9789 0.3737 0.9789 0.9789 0.9789 0.3737 0.9789
097 197 295 256 0.3737 0.9789 0.9789 0.9789 0.3737 0.9789 0.9789 0.3737 0.3737 0.3737 0.9789 0.9789 0.3737 0.9789 0.9789 0.9789
197 295 256 281 0.9789 0.9789 0.3737 0.9789 0.3737 0.9789 0.9789 0.9789 0.9789 0.9789 0.9789 0.9789 0.9789 0.9789 0.9789 0.3737
295 256 281 287 0.3737 0.9789 0.9789 0.9789 0.3737 0.3737 0.9789 0.9789 0.3737 0.9789 0.3737 0.9789 0.3737 0.3737 0.9789 0.9789
256 281 287 234 0.9789 0.9789 0.3737 0.9789 0.9789 0.3737 0.3737 0.3737 0.9789 0.3737 0.3737 0.3737 0.9789 0.9789 0.3737 0.9789
281 287 234 113 0.3737 0.3737 0.3737 0.9789 0.3737 0.9789 0.9789 0.9789 0.3737 0.9789 0.9789 0.9789 0.9789 0.9789 0.3737 0.9789
287 234 113 315 0.9789 0.9789 0.3737 0.3737 0.3737 0.9789 0.9789 0.9789 0.3737 0.3737 0.9789 0.9789 0.9789 0.9789 0.9789 0.3737
234 113 315 325 0.3737 0.3737 0.9789 0.9789 0.9789 0.9789 0.3737 0.9789 0.9789 0.9789 0.3737 0.9789 0.3737 0.9789 0.3737 0.9789
113 315 325 355 0.9789 0.3737 0.3737 0.9789 0.3737 0.9789 0.9789 0.3737 0.9789 0.3737 0.9789 0.9789 0.9789 0.3737 0.3737 0.9789
315 325 355 208 0.3737 0.9789 0.9789 0.3737 0.3737 0.9789 0.9789 0.3737 0.3737 0.9789 0.3737 0.9789 0.3737 0.9789 0.3737 0.9789
325 355 208 254 0.3737 0.9789 0.3737 0.9789 0.3737 0.3737 0.9789 0.3737 0.9789 0.9789 0.3737 0.9789 0.3737 0.9789 0.9789 0.3737
355 208 254 167 0.3737 0.9789 0.9789 0.9789 0.9789 0.3737 0.3737 0.9789 0.3737 0.9789 0.3737 0.3737 0.3737 0.3737 0.3737 0.3737
208 254 167 109 0.3737 0.3737 0.9789 0.3737 0.3737 0.3737 0.3737 0.3737 0.3737 0.9789 0.3737 0.3737 0.9789 0.9789 0.9789 0.9789
254 167 109 294 0.9789 0.9789 0.9789 0.3737 0.9789 0.3737 0.3737 0.9789 0.9789 0.9789 0.3737 0.3737 0.3737 0.9789 0.3737 0.3737
167 109 294 161 0.3737 0.3737 0.9789 0.9789 0.3737 0.3737 0.3737 0.3737 0.3737 0.9789 0.9789 0.9789 0.3737 0.3737 0.9789 0.3737
109 294 161 339 0.3737 0.9789 0.3737 0.3737 0.9789 0.3737 0.9789 0.9789 0.9789 0.3737 0.9789 0.9789 0.3737 0.3737 0.3737 0.3737
294 161 339 184 0.9789 0.9789 0.9789 0.9789 0.3737 0.9789 0.9789 0.9789 0.9789 0.3737 0.3737 0.9789 0.3737 0.9789 0.9789 0.9789
161 339 184 351 0.3737 0.9789 0.9789 0.9789 0.9789 0.9789 0.3737 0.9789 0.3737 0.3737 0.3737 0.3737 0.3737 0.3737 0.3737 0.3737
339 184 351 246 0.9789 0.9789 0.9789 0.9789 0.3737 0.3737 0.3737 0.3737 0.9789 0.9789 0.3737 0.3737 0.9789 0.3737 0.9789 0.3737
184 351 246 177 0.9789 0.3737 0.3737 0.9789 0.3737 0.3737 0.3737 0.9789 0.3737 0.3737 0.9789 0.9789 0.3737 0.3737 0.9789 0.9789
351 246 177 341 0.9789 0.3737 0.3737 0.9789 0.9789 0.9789 0.3737 0.3737 0.9789 0.9789 0.3737 0.9789 0.9789 0.3737 0.3737 0.3737
246 177 341 048 0.3737 0.3737 0.9789 0.3737 0.3737 0.9789 0.9789 0.9789 0.3737 0.3737 0.3737 0.9789 0.3737 0.3737 0.9789 0.9789
177 341 048 041 0.9789 0.3737 0.9789 0.3737 0.9789 0.3737 0.3737 0.3737 0.9789 0.3737 0.3737 0.9789 0.9789 0.9789 0.3737 0.3737
341 048 041 074 0.9789 0.9789 0.9789 0.9789 0.3737 0.9789 0.3737 0.3737 0.3737 0.3737 0.9789 0.3737 0.9789 0.9789 0.3737 0.9789
048 041 074 251 0.3737 0.9789 0.9789 0.3737 0.3737 0.9789 0.9789 0.3737 0.9789 0.9789 0.3737 0.3737 0.3737 0.9789 0.3737 0.3737
041 074 251 081 0.3737 0.9789 0.3737 0.9789 0.9789 0.9789 0.9789 0.3737 0.3737 0.3737 0.9789 0.3737 0.9789 0.3737 0.9789 0.9789
074 251 081 268 0.9789 0.9789 0.3737 0.9789 0.9789 0.3737 0.9789 0.3737 0.3737 0.3737 0.3737 0.9789 0.3737 0.3737 0.3737 0.9789
251 081 268 316 0.9789 0.3737 0.3737 0.9789 0.3737 0.3737 0.3737 0.3737 0.9789 0.9789 0.3737 0.9789 0.9789 0.9789 0.3737 0.3737
081 268 316 326 0.3737 0.9789 0.9789 0.3737 0.3737 0.9789 0.3737 0.3737 0.3737 0.9789 0.3737 0.3737 0.9789 0.9789 0.3737 0.9789
268 316 326 059 0.3737 0.9789 0.3737 0.3737 0.9789 0.3737 0.3737 0.3737 0.9789 0.9789 0.3737 0.9789 0.3737 0.3737 0.9789 0.3737
316 326 059 240 0.9789 0.3737 0.9789 0.9789 0.3737 0.9789 0.9789 0.9789 0.3737 0.3737 0.9789 0.3737 0.3737 0.9789 0.3737 0.9789
326 059 240 020 0.3737 0.3737 0.3737 0.9789 0.9789 0.3737 0.3737 0.3737 0.9789 0.3737 0.3737 0.9789 0.3737 0.3737 0.3737 0.9789
059 240 020 111 0.9789 0.9789 0.3737 0.3737 0.9789 0.9789 0.3737 0.9789 0.9789 0.9789 0.9789 0.3737 0.3737 0.3737 0.3737 0.3737
240 020 111 183 0.9789 0.3737 0.3737 0.9789 0.3737 0.9789 0.9789 0.9789 0.3737 0.9789 0.9789 0.9789 0.9789 0.3737 0.3737 0.3737
020 111 183 353 0.9789 0.3737 0.3737 0.9789 0.3737 0.9789 0.9789 0.9789 0.3737 0.9789 0.9789 0.3737 0.9789 0.9789 0.3737 0.3737
111 183 353 146 0.3737 0.3737 0.3737 0.9789 0.3737 0.9789 0.3737 0.3737 0.3737 0.3737 0.3737 0.9789 0.9789 0.3737 0.3737 0.3737
183 353 146 112 0.9789 0.3737 0.3737 0.3737 0.9789 0.3737 0.9789 0.3737 0.9789 0.9789 0.3737 0.9789 0.3737 0.9789 0.3737 0.3737
353 146 112 139 0.3737 0.3737 0.9789 0.3737 0.3737 0.3737 0.9789 0.9789 0.9789 0.3737 0.3737 0.3737 0.9789 0.3737 0.3737 0.3737
146 112 139 288 0.3737 0.9789 0.3737 0.3737 0.9789 0.9789 0.9789 0.9789 0.3737 0.3737 0.9789 0.9789 0.3737 0.9789 0.9789 0.3737
112 139 288 095 0.9789 0.3737 0.3737 0.9789 0.9789 0.3737 0.9789 0.3737 0.9789 0.3737 0.9789 0.9789 0.9789 0.9789 0.3737 0.3737
139 288 095 260 0.9789 0.9789 0.9789 0.3737 0.9789 0.3737 0.9789 0.3737 0.3737 0.3737 0.9789 0.3737 0.3737 0.9789 0.9789 0.3737
288 095 260 175 0.9789 0.9789 0.9789 0.9789 0.3737 0.9789 0.9789 0.3737 0.9789 0.3737 0.9789 0.9789 0.3737 0.9789 0.3737 0.9789
095 260 175 292 0.9789 0.9789 0.9789 0.9789 0.9789 0.3737 0.3737 0.3737 0.9789 0.9789 0.3737 0.3737 0.9789 0.3737 0.9789 0.3737
260 175 292 078 0.3737 0.3737 0.9789 0.9789 0.9789 0.3737 0.3737 0.9789 0.9789 0.9789 0.9789 0.9789 0.9789 0.9789 0.3737 0.3737
175 292 078 243 0.3737 0.3737 0.3737 0.9789 0.9789 0.9789 0.9789 0.3737 0.9789 0.9789 0.3737 0.3737 0.3737 0.9789 0.9789 0.3737
292 078 243 120 0.3737 0.3737 0.3737 0.3737 0.9789 0.3737 0.9789 0.3737 0.3737 0.9789 0.9789 0.3737 0.3737 0.3737 0.9789 0.3737
078 243 120 330 0.9789 0.9789 0.3737 0.9789 0.9789 0.9789 0.3737 0.3737 0.9789 0.9789 0.9789 0.3737 0.9789 0.9789 0.3737 0.9789
243 120 330 076 0.3737 0.3737 0.3737 0.3737 0.3737 0.9789 0.9789 0.3737 0.9789 0.3737 0.9789 0.9789 0.9789 0.3737 0.3737 0.9789
120 330 076 237 0.9789 0.3737 0.9789 0.9789 0.3737 0.9789 0.9789 0.3737 0.9789 0.9789 0.3737 0.3737 0.9789 0.3737 0.3737 0.9789
330 076 237 346 0.3737 0.9789 0.3737 0.3737 0.3737 0.3737 0.3737 0.9789 0.3737 0.3737 0.3737 0.9789 0.3737 0.3737 0.3737 0.9789
076 237 346 219 0.9789 0.9789 0.3737 0.9789 0.9789 0.9789 0.3737 0.9789 0.3737 0.9789 0.9789 0.9789 0.9789 0.9789 0.3737 0.9789
237 346 219 266 0.3737 0.9789 0.9789 0.3737 0.3737 0.3737 0.3737 0.3737 0.9789 0.9789 0.9789 0.3737 0.3737 0.3737 0.3737 0.3737
346 219 266 247 0.9789 0.3737 0.9789 0.3737 0.9789 0.9789 0.3737 0.3737 0.3737 0.9789 0.3737 0.9789 0.3737 0.9789 0.9789 0.3737
219 266 247 217 0.9789 0.3737 0.3737 0.9789 0.9789 0.9789 0.9789 0.3737 0.3737 0.9789 0.9789 0.3737 0.9789 0.3737 0.9789 0.3737
266 247 217 245 0.3737 0.9789 0.9789 0.3737 0.9789 0.3737 0.3737 0.3737 0.3737 0.9789 0.3737 0.3737 0.9789 0.3737 0.3737 0.9789
247 217 245 345 0.9789 0.3737 0.3737 0.9789 0.3737 0.9789 0.3737 0.9789 0.3737 0.9789 0.3737 0.3737 0.9789 0.3737 0.3737 0.3737
217 245 345 221 0.9789 0.3737 0.3737 0.9789 0.9789 0.9789 0.3737 0.9789 0.3737 0.3737 0.3737 0.3737 0.3737 0.9789 0.3737 0.9789
245 345 221 002 0.3737 0.3737 0.9789 0.3737 0.3737 0.9789 0.9789 0.3737 0.9789 0.3737 0.3737 0.3737 0.9789 0.3737 0.9789 0.9789
345 221 002 132 0.3737 0.9789 0.9789 0.3737 0.9789 0.9789 0.9789 0.9789 0.3737 0.9789 0.3737 0.3737 0.3737 0.9789 0.9789 0.9789
221 002 132 187 0.3737 0.9789 0.3737 0.9789 0.9789 0.9789 0.3737 0.9789 0.9789 0.9789 0.3737 0.9789 0.3737 0.9789 0.3737 0.9789
002 132 187 280 0.3737 0.9789 0.9789 0.9789 0.3737 0.3737 0.9789 0.3737 0.9789 0.9789 0.3737 0.3737 0.3737 0.3737 0.9789 0.3737
132 187 280 319 0.9789 0.3737 0.9789 0.3737 0.9789 0.3737 0.3737 0.9789 0.3737 0.3737 0.3737 0.9789 0.3737 0.3737 0.9789 0.9789
187 280 319 344 0.3737 0.3737 0.9789 0.9789 0.9789 0.9789 0.3737 0.3737 0.9789 0.9789 0.9789 0.3737 0.3737 0.9789 0.9789 0.3737
280 319 344 030 0.9789 0.9789 0.3737 0.3737 0.9789 0.9789 0.3737 0.3737 0.3737 0.3737 0.9789 0.3737 0.9789 0.3737 0.3737 0.3737
319 344 030 155 0.3737 0.9789 0.9789 0.9789 0.3737 0.9789 0.3737 0.9789 0.9789 0.3737 0.9789 0.3737 0.9789 0.9789 0.9789 0.9789
344 030 155 075 0.3737 0.9789 0.3737 0.9789 0.9789 0.9789 0.9789 0.3737 0.3737 0.9789 0.9789 0.3737 0.9789 0.3737 0.9789 0.9789
030 155 075 333 0.3737 0.3737 0.3737 0.9789 0.3737 0.3737 0.3737 0.9789 0.3737 0.9789 0.9789 0.3737 0.3737 0.3737 0.9789 0.9789
155 075 333 297 0.9789 0.9789 0.3737 0.3737 0.3737 0.9789 0.3737 0.3737 0.9789 0.9789 0.3737 0.9789 0.9789 0.3737 0.9789 0.9789
075 333 297 249 0.3737 0.3737 0.3737 0.3737 0.9789 0.9789 0.9789 0.3737 0.9789 0.9789 0.3737 0.9789 0.9789 0.3737 0.3737 0.9789
333 297 249 194 0.9789 0.9789 0.9789 0.9789 0.3737 0.9789 0.9789 0.9789 0.9789 0.9789 0.9789 0.3737 0.9789 0.9789 0.9789 0.9789
297 249 194 286 0.3737 0.9789 0.9789 0.9789 0.9789 0.3737 0.9789 0.9789 0.3737 0.3737 0.9789 0.9789 0.9789 0.3737 0.9789 0.3737
249 194 286 153 0.9789 0.9789 0.9789 0.3737 0.9789 0.3737 0.9789 0.9789 0.9789 0.9789 0.3737 0.9789 0.9789 0.9789 0.9789 0.9789
194 286 153 204 0.3737 0.3737 0.3737 0.9789 0.3737 0.9789 0.3737 0.9789 0.9789 0.9789 0.3737 0.9789 0.3737 0.9789 0.9789 0.9789
286 153 204 269 0.9789 0.9789 0.3737 0.3737 0.9789 0.3737 0.3737 0.9789 0.3737 0.3737 0.9789 0.3737 0.9789 0.3737 0.9789 0.3737
153 204 269 039 0.3737 0.3737 0.3737 0.3737 0.3737 0.3737 0.9789 0.9789 0.3737 0.9789 0.3737 0.9789 0.9789 0.3737 0.3737 0.3737
204 269 039 186 0.3737 0.9789 0.9789 0.9789 0.3737 0.9789 0.9789 0.3737 0.3737 0.9789 0.9789 0.9789 0.3737 0.3737 0.9789 0.9789
269 039 186 065 0.3737 0.9789 0.9789 0.3737 0.9789 0.9789 0.9789 0.3737 0.9789 0.3737 0.3737 0.9789 0.3737 0.9789 0.3737 0.9789
039 186 065 169 0.3737 0.9789 0.3737 0.9789 0.3737 0.3737 0.3737 0.3737 0.3737 0.3737 0.9789 0.3737 0.9789 0.9789 0.9789 0.3737
186 065 169 083 0.9789 0.9789 0.9789 0.3737 0.3737 0.9789 0.3737 0.9789 0.3737 0.3737 0.3737 0.9789 0.3737 0.9789 0.3737 0.9789
065 169 083 350 0.3737 0.3737 0.9789 0.9789 0.3737 0.3737 0.3737 0.3737 0.3737 0.9789 0.9789 0.9789 0.9789 0.3737 0.9789 0.9789
169 083 350 173 0.9789 0.9789 0.3737 0.9789 0.9789 0.3737 0.9789 0.3737 0.9789 0.9789 0.9789 0.3737 0.3737 0.9789 0.9789 0.3737
083 350 173 136 0.9789 0.9789 0.3737 0.9789 0.3737 0.9789 0.3737 0.9789 0.9789 0.9789 0.3737 0.3737 0.3737 0.3737 0.3737 0.3737
350 173 136 066 0.9789 0.9789 0.3737 0.9789 0.3737 0.3737 0.9789 0.9789 0.9789 0.9789 0.3737 0.9789 0.9789 0.9789 0.3737 0.9789
173 136 066 205 0.3737 0.9789 0.3737 0.9789 0.3737 0.3737 0.3737 0.9789 0.9789 0.3737 0.9789 0.3737 0.3737 0.3737 0.3737 0.3737
136 066 205 003 0.3737 0.9789 0.9789 0.3737 0.3737 0.9789 0.3737 0.3737 0.3737 0.3737 0.3737 0.9789 0.9789 0.3737 0.9789 0.9789
066 205 003 347 0.9789 0.9789 0.3737 0.3737 0.9789 0.9789 0.9789 0.9789 0.9789 0.9789 0.3737 0.9789 0.9789 0.3737 0.9789 0.3737
205 003 347 084 0.9789 0.9789 0.3737 0.9789 0.9789 0.3737 0.3737 0.3737 0.9789 0.9789 0.3737 0.3737 0.3737 0.3737 0.9789 0.3737
003 347 084 165 0.3737 0.3737 0.9789 0.9789 0.9789 0.3737 0.3737 0.3737 0.9789 0.3737 0.3737 0.9789 0.3737 0.9789 0.9789 0.3737
347 084 165 278 0.3737 0.3737 0.3737 0.3737 0.3737 0.3737 0.9789 0.9789 0.3737 0.3737 0.3737 0.3737 0.9789 0.9789 0.9789 0.3737
084 165 278 057 0.9789 0.3737 0.9789 0.9789 0.3737 0.9789 0.3737 0.3737 0.9789 0.9789 0.9789 0.9789 0.3737 0.9789 0.9789 0.9789
165 278 057 160 0.9789 0.3737 0.9789 0.3737 0.3737 0.9789 0.9789 0.3737 0.3737 0.3737 0.3737 0.3737 0.9789 0.9789 0.9789 0.3737
278 057 160 303 0.3737 0.3737 0.9789 0.3737 0.3737 0.3737 0.3737 0.9789 0.9789 0.9789 0.9789 0.9789 0.3737 0.9789 0.3737 0.3737
057 160 303 089 0.9789 0.3737 0.9789 0.3737 0.9789 0.3737 0.9789 0.9789 0.3737 0.3737 0.9789 0.9789 0.9789 0.9789 0.9789 0.9789
160 303 089 164 0.3737 0.9789 0.3737 0.3737 0.9789 0.3737 0.9789 0.9789 0.3737 0.3737 0.3737 0.3737 0.3737 0.9789 0.9789 0.3737
303 089 164 080 0.3737 0.3737 0.9789 0.3737 0.9789 0.9789 0.3737 0.3737 0.9789 0.3737 0.3737 0.3737 0.9789 0.3737 0.9789 0.3737
089 164 080 001 0.3737 0.9789 0.9789 0.3737 0.3737 0.9789 0.9789 0.3737 0.9789 0.9789 0.9789 0.9789 0.9789 0.9789 0.3737 0.9789
164 080 001 156 0.3737 0.3737 0.9789 0.9789 0.3737 0.9789 0.9789 0.9789 0.9789 0.9789 0.3737 0.9789 0.9789 0.9789 0.9789 0.3737
080 001 156 311 0.3737 0.3737 0.3737 0.3737 0.9789 0.9789 0.9789 0.9789 0.3737 0.9789 0.3737 0.9789 0.3737 0.9789 0.9789 0.9789
001 156 311 267 0.3737 0.3737 0.3737 0.9789 0.3737 0.3737 0.9789 0.3737 0.9789 0.9789 0.3737 0.3737 0.3737 0.9789 0.3737 0.9789
156 311 267 343 0.3737 0.9789 0.3737 0.9789 0.9789 0.9789 0.3737 0.3737 0.9789 0.3737 0.3737 0.3737 0.3737 0.9789 0.9789 0.9789
311 267 343 277 0.9789 0.3737 0.3737 0.9789 0.3737 0.3737 0.9789 0.9789 0.3737 0.3737 0.3737 0.9789 0.9789 0.9789 0.9789 0.9789
267 343 277 231 0.3737 0.3737 0.3737 0.9789 0.3737 0.3737 0.9789 0.9789 0.3737 0.3737 0.9789 0.9789 0.3737 0.3737 0.3737 0.3737
343 277 231 313 0.9789 0.3737 0.3737 0.3737 0.9789 0.3737 0.3737 0.3737 0.3737 0.3737 0.9789 0.3737 0.3737 0.9789 0.3737 0.9789
277 231 313 216 0.3737 0.9789 0.9789 0.3737 0.3737 0.3737 0.3737 0.3737 0.3737 0.9789 0.3737 0.3737 0.3737 0.3737 0.3737 0.9789
231 313 216 262 0.9789 0.3737 0.9789 0.9789 0.9789 0.3737 0.3737 0.9789 0.3737 0.9789 0.3737 0.3737 0.9789 0.3737 0.9789 0.9789
313 216 262 190 0.9789 0.3737 0.9789 0.3737 0.9789 0.3737 0.3737 0.3737 0.3737 0.3737 0.9789 0.3737 0.3737 0.3737 0.3737 0.3737
216 262 190 233 0.3737 0.3737 0.9789 0.9789 0.3737 0.3737 0.9789 0.3737 0.9789 0.3737 0.3737 0.3737 0.9789 0.3737 0.3737 0.9789
262 190 233 304 0.9789 0.3737 0.3737 0.9789 0.9789 0.3737 0.9789 0.3737 0.3737 0.3737 0.3737 0.9789 0.9789 0.3737 0.9789 0.9789
190 233 304 090 0.3737 0.9789 0.3737 0.3737 0.3737 0.9789 0.9789 0.3737 0.3737 0.3737 0.9789 0.3737 0.9789 0.9789 0.9789 0.3737
233 304 090 115 0.9789 0.3737 0.3737 0.9789 0.9789 0.9789 0.9789 0.3737 0.9789 0.9789 0.9789 0.3737 0.3737 0.3737 0.9789 0.3737
304 090 115 099 0.9789 0.9789 0.3737 0.9789 0.9789 0.9789 0.9789 0.3737 0.9789 0.3737 0.3737 0.3737 0.9789 0.3737 0.3737 0.9789
090 115 099 318 0.3737 0.9789 0.3737 0.3737 0.9789 0.9789 0.3737 0.9789 0.3737 0.9789 0.3737 0.3737 0.3737 0.9789 0.3737 0.9789
115 099 318 239 0.9789 0.9789 0.9789 0.3737 0.9789 0.9789 0.9789 0.3737 0.9789 0.9789 0.3737 0.9789 0.9789 0.3737 0.3737 0.3737
099 318 239 098 0.3737 0.9789 0.9789 0.3737 0.9789 0.9789 0.3737 0.9789 0.3737 0.9789 0.3737 0.9789 0.3737 0.9789 0.3737 0.9789
318 239 098 055 0.9789 0.3737 0.9789 0.3737 0.9789 0.9789 0.9789 0.3737 0.3737 0.9789 0.3737 0.9789 0.9789 0.9789 0.3737 0.9789
239 098 055 125 0.9789 0.3737 0.9789 0.3737 0.9789 0.9789 0.3737 0.3737 0.3737 0.9789 0.9789 0.3737 0.9789 0.3737 0.9789 0.3737
098 055 125 348 0.9789 0.9789 0.3737 0.3737 0.9789 0.3737 0.9789 0.9789 0.9789 0.3737 0.3737 0.9789 0.3737 0.9789 0.9789 0.3737
055 125 348 225 0.3737 0.9789 0.9789 0.9789 0.9789 0.3737 0.9789 0.3737 0.9789 0.3737 0.9789 0.9789 0.9789 0.3737 0.3737 0.3737
125 348 225 342 0.3737 0.9789 0.9789 0.3737 0.3737 0.9789 0.3737 0.3737 0.3737 0.3737 0.3737 0.3737 0.9789 0.3737 0.3737 0.9789
348 225 342 215 0.9789 0.3737 0.3737 0.3737 0.3737 0.9789 0.3737 0.3737 0.9789 0.3737 0.9789 0.3737 0.3737 0.3737 0.3737 0.3737
225 342 215 118 0.3737 0.3737 0.3737 0.3737 0.9789 0.3737 0.3737 0.9789 0.3737 0.3737 0.3737 0.9789 0.3737 0.9789 0.3737 0.3737
342 215 118 141 0.3737 0.9789 0.9789 0.3737 0.3737 0.9789 0.3737 0.3737 0.3737 0.3737 0.9789 0.3737 0.3737 0.3737 0.9789 0.9789
215 118 141 060 0.3737 0.9789 0.3737 0.3737 0.9789 0.9789 0.9789 0.3737 0.9789 0.9789 0.3737 0.9789 0.3737 0.3737 0.3737 0.3737
118 141 060 053 0.9789 0.3737 0.3737 0.9789 0.9789 0.3737 0.9789 0.3737 0.3737 0.9789 0.3737 0.9789 0.3737 0.3737 0.9789 0.9789
141 060 053 094 0.3737 0.3737 0.9789 0.9789 0.9789 0.9789 0.3737 0.3737 0.9789 0.3737 0.9789 0.3737 0.3737 0.3737 0.3737 0.3737
060 053 094 028 0.3737 0.3737 0.9789 0.3737 0.3737 0.9789 0.9789 0.9789 0.9789 0.3737 0.3737 0.3737 0.3737 0.9789 0.9789 0.3737
053 094 028 079 0.3737 0.3737 0.9789 0.3737 0.3737 0.9789 0.9789 0.3737 0.9789 0.9789 0.9789 0.3737 0.3737 0.9789 0.3737 0.9789
094 028 079 296 0.9789 0.3737 0.9789 0.9789 0.9789 0.9789 0.9789 0.9789 0.9789 0.3737 0.9789 0.9789 0.9789 0.9789 0.3737 0.3737
028 079 296 332 0.3737 0.3737 0.9789 0.3737 0.9789 0.9789 0.9789 0.3737 0.3737 0.3737 0.3737 0.9789 0.9789 0.9789 0.9789 0.3737
079 296 332 137 0.9789 0.9789 0.3737 0.3737 0.3737 0.3737 0.3737 0.3737 0.9789 0.9789 0.3737 0.3737 0.9789 0.3737 0.3737 0.9789
296 332 137 195 0.9789 0.9789 0.3737 0.9789 0.3737 0.9789 0.3737 0.9789 0.9789 0.9789 0.3737 0.3737 0.3737 0.3737 0.9789 0.3737
332 137 195 291 0.3737 0.3737 0.9789 0.3737 0.9789 0.9789 0.3737 0.3737 0.3737 0.3737 0.9789 0.3737 0.3737 0.9789 0.9789 0.9789
137 195 291 170 0.3737 0.3737 0.3737 0.3737 0.9789 0.3737 0.9789 0.9789 0.9789 0.3737 0.3737 0.9789 0.3737 0.9789 0.3737 0.3737
195 291 170 235 0.9789 0.3737 0.3737 0.9789 0.3737 0.3737 0.3737 0.3737 0.9789 0.3737 0.9789 0.3737 0.3737 0.3737 0.9789 0.3737
291 170 235 176 0.3737 0.3737 0.3737 0.3737 0.3737 0.9789 0.9789 0.9789 0.3737 0.3737 0.9789 0.9789 0.9789 0.9789 0.9789 0.9789
170 235 176 264 0.3737 0.3737 0.3737 0.9789 0.9789 0.3737 0.3737 0.3737 0.3737 0.9789 0.9789 0.9789 0.3737 0.3737 0.3737 0.3737
235 176 264 349 0.9789 0.3737 0.3737 0.9789 0.3737 0.9789 0.9789 0.9789 0.3737 0.9789 0.3737 0.3737 0.3737 0.9789 0.3737 0.9789
176 264 349 163 0.9789 0.3737 0.3737 0.9789 0.3737 0.9789 0.9789 0.3737 0.3737 0.3737 0.3737 0.3737 0.9789 0.3737 0.9789 0.9789
264 349 163 265 0.3737 0.3737 0.9789 0.3737 0.3737 0.9789 0.9789 0.3737 0.9789 0.9789 0.3737 0.3737 0.9789 0.3737 0.3737 0.3737
349 163 265 050 0.9789 0.9789 0.9789 0.9789 0.3737 0.9789 0.9789 0.3737 0.9789 0.9789 0.9789 0.9789 0.3737 0.3737 0.3737 0.3737
163 265 050 072 0.3737 0.3737 0.3737 0.9789 0.9789 0.9789 0.9789 0.9789 0.9789 0.3737 0.9789 0.9789 0.9789 0.3737 0.3737 0.3737
265 050 072 134 0.3737 0.3737 0.3737 0.9789 0.3737 0.3737 0.9789 0.3737 0.9789 0.3737 0.3737 0.9789 0.3737 0.3737 0.9789 0.9789
050 072 134 061 0.3737 0.3737 0.3737 0.3737 0.9789 0.9789 0.3737 0.9789 0.3737 0.3737 0.3737 0.9789 0.9789 0.9789 0.9789 0.3737
072 134 061 056 0.9789 0.3737 0.3737 0.3737 0.3737 0.9789 0.3737 0.3737 0.3737 0.3737 0.9789 0.3737 0.9789 0.9789 0.3737 0.9789
134 061 056 182 0.3737 0.3737 0.9789 0.3737 0.9789 0.9789 0.9789 0.9789 0.3737 0.3737 0.9789 0.9789 0.3737 0.9789 0.9789 0.3737
061 056 182 299 0.9789 0.9789 0.9789 0.9789 0.9789 0.9789 0.3737 0.3737 0.9789 0.3737 0.9789 0.3737 0.3737 0.3737 0.3737 0.9789
056 182 299 144 0.9789 0.3737 0.9789 0.3737 0.9789 0.3737 0.9789 0.3737 0.3737 0.9789 0.9789 0.3737 0.9789 0.3737 0.9789 0.3737
182 299 144 314 0.9789 0.9789 0.3737 0.3737 0.9789 0.3737 0.9789 0.3737 0.3737 0.3737 0.3737 0.3737 0.9789 0.3737 0.9789 0.3737
299 144 314 128 0.9789 0.3737 0.9789 0.9789 0.9789 0.3737 0.3737 0.3737 0.9789 0.9789 0.9789 0.3737 0.3737 0.3737 0.3737 0.9789
144 314 128 015 0.3737 0.9789 0.3737 0.9789 0.3737 0.3737 0.9789 0.9789 0.3737 0.9789 0.3737 0.3737 0.3737 0.9789 0.9789 0.9789
314 128 015 011 0.9789 0.3737 0.3737 0.9789 0.9789 0.9789 0.9789 0.3737 0.3737 0.3737 0.3737 0.3737 0.3737 0.9789 0.3737 0.3737
128 015 011 200 0.9789 0.3737 0.3737 0.9789 0.3737 0.3737 0.3737 0.3737 0.9789 0.3737 0.9789 0.9789 0.3737 0.3737 0.9789 0.9789
015 011 200 227 0.3737 0.9789 0.3737 0.3737 0.9789 0.3737 0.9789 0.3737 0.9789 0.9789 0.9789 0.9789 0.9789 0.3737 0.3737 0.9789
011 200 227 140 0.9789 0.3737 0.9789 0.9789 0.3737 0.3737 0.9789 0.9789 0.3737 0.3737 0.9789 0.9789 0.3737 0.3737 0.9789 0.3737
200 227 140 122 0.9789 0.9789 0.9789 0.9789 0.3737 0.9789 0.9789 0.9789 0.9789 0.9789 0.9789 0.3737 0.9789 0.9789 0.9789 0.9789
227 140 122 027 0.3737 0.9789 0.9789 0.9789 0.9789 0.9789 0.3737 0.9789 0.9789 0.9789 0.3737 0.9789 0.3737 0.3737 0.9789 0.9789
140 122 027 201 0.3737 0.9789 0.9789 0.3737 0.9789 0.3737 0.3737 0.3737 0.9789 0.9789 0.3737 0.9789 0.3737 0.3737 0.9789 0.9789
122 027 201 228 0.9789 0.9789 0.3737 0.9789 0.9789 0.3737 0.9789 0.3737 0.9789 0.9789 0.3737 0.3737 0.3737 0.3737 0.3737 0.9789
027 201 228 336 0.9789 0.9789 0.9789 0.3737 0.3737 0.3737 0.9789 0.3737 0.9789 0.9789 0.9789 0.3737 0.9789 0.3737 0.3737 0.3737
201 228 336 241 0.9789 0.3737 0.9789 0.3737 0.3737 0.3737 0.3737 0.3737 0.9789 0.9789 0.9789 0.3737 0.3737 0.3737 0.3737 0.9789
228 336 241 108 0.3737 0.3737 0.9789 0.3737 0.3737 0.9789 0.3737 0.3737 0.9789 0.3737 0.9789 0.3737 0.9789 0.3737 0.9789 0.9789
336 241 108 309 0.3737 0.9789 0.3737 0.3737 0.3737 0.9789 0.3737 0.9789 0.3737 0.9789 0.3737 0.9789 0.9789 0.3737 0.9789 0.9789
241 108 309 145 0.3737 0.9789 0.3737 0.3737 0.9789 0.3737 0.9789 0.9789 0.9789 0.3737 0.9789 0.3737 0.9789 0.3737 0.3737 0.9789
108 309 145 126 0.9789 0.9789 0.3737 0.9789 0.9789 0.3737 0.9789 0.3737 0.9789 0.3737 0.9789 0.9789 0.3737 0.9789 0.9789 0.9789
309 145 126 117 0.9789 0.9789 0.9789 0.3737 0.9789 0.9789 0.3737 0.9789 0.3737 0.9789 0.3737 0.3737 0.3737 0.3737 0.3737 0.9789
145 126 117 218 0.3737 0.9789 0.9789 0.3737 0.3737 0.3737 0.9789 0.9789 0.3737 0.3737 0.3737 0.3737 0.9789 0.9789 0.3737 0.9789
126 117 218 100 0.9789 0.9789 0.3737 0.9789 0.9789 0.9789 0.3737 0.9789 0.3737 0.9789 0.9789 0.9789 0.3737 0.3737 0.9789 0.9789
117 218 100 004 0.9789 0.3737 0.3737 0.3737 0.9789 0.9789 0.9789 0.3737 0.3737 0.3737 0.3737 0.3737 0.9789 0.9789 0.3737 0.9789
218 100 004 320 0.9789 0.9789 0.9789 0.9789 0.9789 0.9789 0.3737 0.3737 0.9789 0.3737 0.9789 0.3737 0.9789 0.9789 0.3737 0.3737
100 004 320 034 0.3737 0.3737 0.3737 0.9789 0.9789 0.9789 0.9789 0.9789 0.9789 0.9789 0.9789 0.3737 0.9789 0.3737 0.3737 0.3737
004 320 034 023 0.3737 0.9789 0.3737 0.3737 0.3737 0.9789 0.3737 0.3737 0.9789 0.3737 0.3737 0.3737 0.3737 0.3737 0.3737 0.9789
320 034 023 142 0.3737 0.3737 0.9789 0.9789 0.9789 0.9789 0.9789 0.3737 0.3737 0.9789 0.3737 0.3737 0.9789 0.9789 0.3737 0.9789
034 023 142 248 0.3737 0.3737 0.3737 0.9789 0.9789 0.9789 0.9789 0.3737 0.3737 0.3737 0.3737 0.9789 0.3737 0.3737 0.3737 0.9789
023 142 248 044 0.3737 0.3737 0.3737 0.9789 0.3737 0.9789 0.3737 0.9789 0.3737 0.3737 0.3737 0.3737 0.3737 0.9789 0.3737 0.3737
142 248 044 338 0.3737 0.9789 0.9789 0.9789 0.9789 0.3737 0.9789 0.3737 0.3737 0.3737 0.9789 0.3737 0.9789 0.3737 0.9789 0.9789
248 044 338 263 0.9789 0.3737 0.9789 0.3737 0.9789 0.3737 0.3737 0.9789 0.3737 0.3737 0.9789 0.9789 0.3737 0.3737 0.9789 0.9789
044 338 263 230 0.9789 0.9789 0.9789 0.9789 0.3737 0.9789 0.3737 0.9789 0.3737 0.9789 0.9789 0.3737 0.9789 0.9789 0.3737 0.3737
338 263 230 067 0.3737 0.9789 0.9789 0.3737 0.9789 0.3737 0.3737 0.3737 0.3737 0.9789 0.3737 0.9789 0.9789 0.9789 0.3737 0.9789
263 230 067 188 0.3737 0.3737 0.9789 0.3737 0.9789 0.3737 0.9789 0.3737 0.3737 0.3737 0.3737 0.9789 0.9789 0.9789 0.9789 0.3737
230 067 188 310 0.9789 0.9789 0.3737 0.9789 0.3737 0.3737 0.3737 0.9789 0.3737 0.3737 0.9789 0.9789 0.9789 0.3737 0.9789 0.9789
067 188 310 250 0.9789 0.9789 0.9789 0.9789 0.9789 0.9789 0.9789 0.9789 0.3737 0.9789 0.3737 0.3737 0.9789 0.3737 0.3737 0.3737
188 310 250 301 0.9789 0.3737 0.9789 0.3737 0.3737 0.9789 0.9789 0.9789 0.3737 0.9789 0.9789 0.9789 0.3737 0.9789 0.9789 0.9789
310 250 301 005 0.3737 0.9789 0.3737 0.9789 0.9789 0.9789 0.3737 0.9789 0.9789 0.9789 0.9789 0.3737 0.9789 0.3737 0.9789 0.9789
250 301 005 042 0.9789 0.3737 0.3737 0.3737 0.3737 0.3737 0.9789 0.3737 0.3737 0.9789 0.3737 0.3737 0.3737 0.9789 0.9789 0.3737
301 005 042 133 0.3737 0.3737 0.9789 0.9789 0.9789 0.9789 0.9789 0.3737 0.9789 0.3737 0.3737 0.3737 0.9789 0.3737 0.3737 0.9789
005 042 133 162 0.3737 0.9789 0.9789 0.3737 0.9789 0.3737 0.3737 0.3737 0.3737 0.3737 0.9789 0.9789 0.3737 0.3737 0.9789 0.9789
042 133 162 213 0.9789 0.9789 0.9789 0.3737 0.9789 0.9789 0.3737 0.9789 0.3737 0.3737 0.9789 0.3737 0.3737 0.9789 0.9789 0.3737
133 162 213 121 0.9789 0.3737 0.3737 0.9789 0.3737 0.9789 0.3737 0.3737 0.9789 0.9789 0.9789 0.9789 0.9789 0.9789 0.3737 0.9789
162 213 121 329 0.9789 0.3737 0.9789 0.9789 0.9789 0.3737 0.9789 0.9789 0.9789 0.3737 0.9789 0.3737 0.9789 0.9789 0.9789 0.9789
213 121 329 317 0.9789 0.9789 0.3737 0.9789 0.3737 0.9789 0.9789 0.3737 0.3737 0.3737 0.3737 0.3737 0.9789 0.9789 0.9789 0.9789
121 329 317 322 0.3737 0.3737 0.3737 0.9789 0.3737 0.9789 0.9789 0.3737 0.3737 0.9789 0.3737 0.9789 0.9789 0.9789 0.9789 0.9789
329 317 322 282 0.3737 0.3737 0.3737 0.3737 0.9789 0.3737 0.3737 0.3737 0.3737 0.3737 0.3737 0.3737 0.3737 0.3737 0.9789 0.3737
317 322 282 272 0.3737 0.9789 0.3737 0.9789 0.9789 0.3737 0.3737 0.9789 0.9789 0.3737 0.9789 0.9789 0.3737 0.9789 0.3737 0.3737
322 282 272 008 0.9789 0.3737 0.9789 0.3737 0.9789 0.3737 0.3737 0.3737 0.3737 0.3737 0.3737 0.9789 0.9789 0.3737 0.9789 0.3737
282 272 008 082 0.3737 0.9789 0.9789 0.9789 0.3737 0.3737 0.9789 0.9789 0.3737 0.3737 0.3737 0.9789 0.9789 0.9789 0.9789 0.9789
272 008 082 157 0.3737 0.9789 0.3737 0.3737 0.3737 0.3737 0.3737 0.3737 0.3737 0.3737 0.3737 0.9789 0.3737 0.9789 0.3737 0.9789
008 082 157 135 0.9789 0.9789 0.9789 0.3737 0.3737 0.3737 0.9789 0.3737 0.9789 0.9789 0.9789 0.9789 0.3737 0.9789 0.9789 0.3737
082 157 135 150 0.3737 0.9789 0.9789 0.9789 0.3737 0.3737 0.9789 0.9789 0.3737 0.9789 0.9789 0.9789 0.3737 0.9789 0.9789 0.9789
157 135 150 129 0.3737 0.9789 0.3737 0.3737 0.9789 0.3737 0.9789 0.3737 0.3737 0.9789 0.3737 0.3737 0.3737 0.3737 0.9789 0.9789
135 150 129 114 0.9789 0.3737 0.3737 0.9789 0.3737 0.3737 0.9789 0.3737 0.3737 0.9789 0.3737 0.9789 0.3737 0.9789 0.9789 0.3737
150 129 114 009 0.3737 0.9789 0.3737 0.9789 0.9789 0.3737 0.9789 0.3737 0.9789 0.3737 0.3737 0.9789 0.9789 0.3737 0.3737 0.9789
129 114 009 354 0.9789 0.3737 0.3737 0.9789 0.3737 0.3737 0.3737 0.3737 0.9789 0.3737 0.3737 0.3737 0.9789 0.3737 0.3737 0.9789
114 009 354 257 0.9789 0.3737 0.3737 0.3737 0.9789 0.3737 0.9789 0.3737 0.3737 0.9789 0.3737 0.9789 0.3737 0.3737 0.3737 0.9789
009 354 257 189 0.3737 0.3737 0.3737 0.9789 0.3737 0.9789 0.9789 0.9789 0.3737 0.3737 0.3737 0.3737 0.3737 0.3737 0.9789 0.3737
354 257 189 206 0.3737 0.3737 0.9789 0.3737 0.9789 0.3737 0.9789 0.3737 0.3737 0.9789 0.9789 0.3737 0.3737 0.9789 0.3737 0.9789
257 189 206 021 0.9789 0.9789 0.3737 0.3737 0.9789 0.3737 0.3737 0.9789 0.9789 0.9789 0.9789 0.9789 0.9789 0.9789 0.9789 0.9789
189 206 021 085 0.3737 0.3737 0.9789 0.9789 0.9789 0.9789 0.9789 0.3737 0.9789 0.3737 0.9789 0.3737 0.3737 0.3737 0.9789 0.3737
206 021 085 252 0.3737 0.3737 0.9789 0.3737 0.3737 0.3737 0.9789 0.9789 0.3737 0.9789 0.9789 0.3737 0.9789 0.3737 0.3737 0.3737
021 085 252 279 0.9789 0.9789 0.3737 0.3737 0.3737 0.9789 0.3737 0.3737 0.3737 0.9789 0.3737 0.9789 0.3737 0.9789 0.3737 0.9789
085 252 279 324 0.3737 0.3737 0.3737 0.3737 0.9789 0.9789 0.9789 0.9789 0.3737 0.9789 0.9789 0.9789 0.9789 0.9789 0.3737 0.9789
252 279 324 352 0.3737 0.9789 0.3737 0.3737 0.3737 0.3737 0.9789 0.3737 0.3737 0.9789 0.9789 0.9789 0.9789 0.3737 0.9789 0.9789
279 324 352 046 0.3737 0.3737 0.3737 0.9789 0.3737 0.3737 0.3737 0.9789 0.3737 0.9789 0.3737 0.9789 0.3737 0.3737 0.3737 0.3737
324 352 046 040 0.3737 0.9789 0.3737 0.9789 0.9789 0.9789 0.9789 0.3737 0.3737 0.9789 0.3737 0.9789 0.3737 0.9789 0.9789 0.3737
352 046 040 154 0.3737 0.9789 0.3737 0.9789 0.9789 0.9789 0.9789 0.3737 0.9789 0.3737 0.9789 0.3737 0.3737 0.9789 0.9789 0.9789
046 040 154 192 0.3737 0.3737 0.9789 0.3737 0.3737 0.9789 0.9789 0.3737 0.3737 0.9789 0.9789 0.9789 0.3737 0.3737 0.3737 0.3737
040 154 192 328 0.3737 0.3737 0.9789 0.3737 0.9789 0.9789 0.3737 0.9789 0.9789 0.9789 0.9789 0.9789 0.3737 0.3737 0.9789 0.9789
154 192 328 010 0.9789 0.3737 0.3737 0.3737 0.3737 0.9789 0.3737 0.3737 0.9789 0.9789 0.3737 0.3737 0.9789 0.9789 0.3737 0.3737
192 328 010 312 0.9789 0.9789 0.9789 0.9789 0.3737 0.9789 0.3737 0.3737 0.3737 0.3737 0.3737 0.3737 0.3737 0.3737 0.9789 0.9789
328 010 312 022 0.9789 0.9789 0.9789 0.9789 0.9789 0.3737 0.9789 0.9789 0.9789 0.3737 0.9789 0.3737 0.9789 0.3737 0.9789 0.3737
010 312 022 019 0.9789 0.3737 0.9789 0.9789 0.3737 0.9789 0.3737 0.9789 0.3737 0.9789 0.9789 0.9789 0.9789 0.9789 0.3737 0.9789
312 022 019 290 0.9789 0.3737 0.9789 0.3737 0.9789 0.3737 0.3737 0.9789 0.9789 0.9789 0.3737 0.3737 0.9789 0.3737 0.3737 0.3737
022 019 290 051 0.3737 0.9789 0.9789 0.9789 0.3737 0.9789 0.3737 0.9789 0.9789 0.3737 0.3737 0.9789 0.9789 0.3737 0.3737 0.3737
019 290 051 238 0.3737 0.9789 0.9789 0.9789 0.3737 0.9789 0.3737 0.3737 0.3737 0.3737 0.3737 0.3737 0.9789 0.9789 0.3737 0.3737
290 051 238 306 0.3737 0.9789 0.9789 0.3737 0.9789 0.9789 0.3737 0.9789 0.3737 0.3737 0.3737 0.3737 0.3737 0.3737 0.3737 0.9789
051 238 306 337 0.9789 0.3737 0.9789 0.9789 0.3737 0.3737 0.9789 0.9789 0.3737 0.3737 0.9789 0.3737 0.9789 0.9789 0.9789 0.9789
238 306 337 064 0.3737 0.3737 0.3737 0.3737 0.9789 0.9789 0.3737 0.9789 0.9789 0.3737 0.9789 0.3737 0.9789 0.3737 0.3737 0.3737
306 337 064 091 0.3737 0.3737 0.9789 0.9789 0.3737 0.9789 0.9789 0.9789 0.3737 0.9789 0.3737 0.3737 0.3737 0.9789 0.3737 0.3737
337 064 091 101 0.9789 0.9789 0.3737 0.3737 0.3737 0.9789 0.3737 0.3737 0.9789 0.3737 0.9789 0.3737 0.9789 0.3737 0.9789 0.3737
064 091 101 244 0.9789 0.3737 0.3737 0.9789 0.3737 0.3737 0.3737 0.9789 0.3737 0.3737 0.9789 0.3737 0.9789 0.3737 0.9789 0.9789
091 101 244 043 0.3737 0.9789 0.3737 0.3737 0.9789 0.9789 0.3737 0.9789 0.9789 0.9789 0.3737 0.3737 0.3737 0.3737 0.9789 0.9789
101 244 043 242 0.3737 0.9789 0.9789 0.3737 0.9789 0.9789 0.9789 0.9789 0.9789 0.3737 0.3737 0.9789 0.9789 0.9789 0.9789 0.9789
244 043 242 185 0.9789 0.3737 0.3737 0.3737 0.3737 0.3737 0.3737 0.3737 0.3737 0.3737 0.9789 0.9789 0.9789 0.9789 0.9789 0.3737
043 242 185 166 0.3737 0.9789 0.3737 0.3737 0.3737 0.3737 0.9789 0.9789 0.3737 0.9789 0.3737 0.3737 0.3737 0.9789 0.3737 0.3737
242 185 166 106 0.9789 0.9789 0.9789 0.9789 0.3737 0.9789 0.9789 0.9789 0.3737 0.3737 0.3737 0.9789 0.9789 0.9789 0.3737 0.9789
185 166 106 199 0.3737 0.3737 0.3737 0.9789 0.3737 0.9789 0.9789 0.3737 0.3737 0.3737 0.9789 0.9789 0.3737 0.9789 0.9789 0.9789
166 106 199 119 0.9789 0.3737 0.3737 0.3737 0.3737 0.9789 0.9789 0.3737 0.9789 0.3737 0.3737 0.9789 0.3737 0.3737 0.9789 0.3737
106 199 119 210 0.3737 0.9789 0.3737 0.9789 0.3737 0.3737 0.9789 0.3737 0.9789 0.3737 0.3737 0.9789 0.3737 0.9789 0.9789 0.9789
199 119 210 334 0.9789 0.3737 0.9789 0.3737 0.3737 0.9789 0.9789 0.9789 0.9789 0.9789 0.3737 0.3737 0.3737 0.9789 0.9789 0.9789
119 210 334 035 0.3737 0.3737 0.3737 0.3737 0.9789 0.3737 0.3737 0.9789 0.3737 0.9789 0.9789 0.3737 0.3737 0.9789 0.3737 0.3737
210 334 035 104 0.9789 0.3737 0.3737 0.3737 0.3737 0.3737 0.3737 0.3737 0.9789 0.9789 0.9789 0.3737 0.9789 0.3737 0.3737 0.3737
334 035 104 070 0.9789 0.9789 0.3737 0.9789 0.9789 0.9789 0.3737 0.9789 0.9789 0.9789 0.3737 0.9789 0.9789 0.9789 0.9789 0.3737
035 104 070 127 0.9789 0.9789 0.9789 0.3737 0.3737 0.9789 0.3737 0.9789 0.9789 0.9789 0.3737 0.3737 0.9789 0.9789 0.9789 0.3737
104 070 127 285 0.9789 0.9789 0.3737 0.9789 0.9789 0.9789 0.9789 0.9789 0.9789 0.9789 0.3737 0.3737 0.3737 0.3737 0.9789 0.9789
070 127 285 143 0.9789 0.9789 0.9789 0.3737 0.9789 0.9789 0.9789 0.9789 0.9789 0.3737 0.3737 0.3737 0.3737 0.3737 0.9789 0.3737
127 285 143 327 0.3737 0.3737 0.3737 0.3737 0.3737 0.3737 0.3737 0.9789 0.9789 0.9789 0.9789 0.3737 0.9789 0.3737 0.3737 0.9789
285 143 327 335 0.9789 0.3737 0.9789 0.9789 0.3737 0.3737 0.3737 0.3737 0.9789 0.3737 0.9789 0.3737 0.9789 0.9789 0.9789 0.3737
143 327 335 045 0.9789 0.3737 0.9789 0.9789 0.9789 0.9789 0.3737 0.3737 0.3737 0.9789 0.3737 0.9789 0.3737 0.3737 0.3737 0.9789
327 335 045 054 0.3737 0.9789 0.3737 0.3737 0.3737 0.9789 0.9789 0.9789 0.3737 0.9789 0.9789 0.3737 0.3737 0.9789 0.9789 0.3737
335 045 054 096 0.9789 0.3737 0.3737 0.3737 0.3737 0.9789 0.9789 0.9789 0.9789 0.9789 0.9789 0.3737 0.3737 0.3737 0.9789 0.9789
045 054 096 130 0.9789 0.3737 0.9789 0.9789 0.9789 0.9789 0.3737 0.9789 0.3737 0.9789 0.3737 0.9789 0.9789 0.3737 0.3737 0.9789
054 096 130 323 0.3737 0.9789 0.3737 0.9789 0.9789 0.9789 0.3737 0.9789 0.9789 0.9789 0.3737 0.3737 0.9789 0.9789 0.9789 0.3737
096 130 323 049 0.3737 0.3737 0.3737 0.3737 0.9789 0.9789 0.9789 0.9789 0.3737 0.9789 0.3737 0.9789 0.9789 0.3737 0.9789 0.9789
130 323 049 340 0.3737 0.9789 0.9789 0.3737 0.3737 0.9789 0.3737 0.9789 0.9789 0.9789 0.9789 0.3737 0.9789 0.9789 0.9789 0.9789
323 049 340 255 0.9789 0.9789 0.3737 0.3737 0.3737 0.3737 0.9789 0.3737 0.9789 0.9789 0.9789 0.3737 0.9789 0.9789 0.9789 0.3737
049 340 255 026 0.3737 0.3737 0.9789 0.3737 0.3737 0.9789 0.3737 0.3737 0.9789 0.3737 0.9789 0.3737 0.3737 0.9789 0.3737 0.9789
340 255 026 298 0.9789 0.9789 0.3737 0.3737 0.9789 0.3737 0.3737 0.9789 0.9789 0.9789 0.3737 0.3737 0.3737 0.3737 0.9789 0.9789
255 026 298 063 0.3737 0.9789 0.9789 0.3737 0.9789 0.9789 0.9789 0.9789 0.3737 0.3737 0.9789 0.9789 0.3737 0.9789 0.3737 0.9789
026 298 063 178 0.3737 0.9789 0.3737 0.3737 0.3737 0.9789 0.9789 0.9789 0.9789 0.9789 0.3737 0.9789 0.9789 0.3737 0.3737 0.3737
298 063 178 131 0.3737 0.3737 0.3737 0.9789 0.9789 0.3737 0.9789 0.9789 0.3737 0.3737 0.3737 0.3737 0.9789 0.3737 0.3737 0.3737
063 178 131 029 0.3737 0.9789 0.3737 0.3737 0.9789 0.3737 0.3737 0.9789 0.9789 0.3737 0.3737 0.9789 0.9789 0.9789 0.9789 0.3737
178 131 029 222 0.9789 0.3737 0.9789 0.9789 0.9789 0.3737 0.9789 0.9789 0.9789 0.3737 0.3737 0.3737 0.3737 0.3737 0.3737 0.9789
131 029 222 124 0.9789 0.3737 0.3737 0.9789 0.3737 0.3737 0.9789 0.3737 0.9789 0.3737 0.9789 0.9789 0.3737 0.3737 0.3737 0.3737
029 222 124 168 0.3737 0.3737 0.3737 0.9789 0.9789 0.9789 0.9789 0.3737 0.9789 0.9789 0.9789 0.9789 0.9789 0.9789 0.3737 0.9789
222 124 168 110 0.9789 0.9789 0.9789 0.9789 0.3737 0.9789 0.3737 0.3737 0.3737 0.9789 0.9789 0.9789 0.9789 0.3737 0.3737 0.3737
124 168 110 274 0.3737 0.3737 0.9789 0.9789 0.3737 0.9789 0.3737 0.9789 0.9789 0.9789 0.3737 0.9789 0.9789 0.3737 0.9789 0.3737
168 110 274 038 0.9789 0.3737 0.9789 0.3737 0.3737 0.9789 0.9789 0.9789 0.9789 0.9789 0.9789 0.9789 0.3737 0.9789 0.3737 0.9789
110 274 038 147 0.9789 0.3737 0.3737 0.9789 0.3737 0.9789 0.9789 0.3737 0.9789 0.3737 0.3737 0.9789 0.9789 0.3737 0.9789 0.3737
274 038 147 171 0.9789 0.9789 0.9789 0.3737 0.9789 0.9789 0.3737 0.3737 0.3737 0.9789 0.9789 0.3737 0.3737 0.9789 0.9789 0.9789
038 147 171 211 0.9789 0.9789 0.3737 0.3737 0.3737 0.9789 0.3737 0.3737 0.9789 0.9789 0.9789 0.9789 0.3737 0.9789 0.3737 0.3737
147 171 211 068 0.9789 0.3737 0.3737 0.9789 0.9789 0.9789 0.9789 0.9789 0.3737 0.3737 0.3737 0.9789 0.9789 0.9789 0.9789 0.3737
171 211 068 300 0.3737 0.3737 0.9789 0.9789 0.9789 0.9789 0.3737 0.3737 0.3737 0.3737 0.9789 0.3737 0.9789 0.9789 0.3737 0.3737
211 068 300 058 0.9789 0.3737 0.3737 0.3737 0.9789 0.3737 0.3737 0.3737 0.9789 0.3737 0.9789 0.9789 0.3737 0.9789 0.3737 0.3737
068 300 058 284 0.3737 0.3737 0.9789 0.9789 0.3737 0.9789 0.3737 0.9789 0.3737 0.3737 0.9789 0.9789 0.9789 0.9789 0.9789 0.9789
300 058 284 062 0.9789 0.9789 0.9789 0.3737 0.9789 0.3737 0.9789 0.3737 0.9789 0.9789 0.9789 0.9789 0.9789 0.3737 0.3737 0.9789
058 284 062 207 0.9789 0.3737 0.9789 0.3737 0.9789 0.3737 0.3737 0.3737 0.9789 0.3737 0.3737 0.9789 0.3737 0.3737 0.9789 0.9789
284 062 207 172 0.9789 0.9789 0.3737 0.3737 0.3737 0.9789 0.3737 0.3737 0.9789 0.9789 0.3737 0.3737 0.9789 0.3737 0.3737 0.9789
062 207 172 031 0.3737 0.3737 0.9789 0.3737 0.3737 0.3737 0.3737 0.9789 0.9789 0.9789 0.3737 0.3737 0.9789 0.9789 0.3737 0.3737
207 172 031 209 0.3737 0.9789 0.9789 0.3737 0.9789 0.9789 0.9789 0.9789 0.3737 0.9789 0.9789 0.3737 0.3737 0.3737 0.3737 0.3737
172 031 209 092 0.9789 0.3737 0.3737 0.3737 0.9789 0.9789 0.3737 0.9789 0.3737 0.3737 0.3737 0.9789 0.3737 0.9789 0.9789 0.9789
031 209 092 193 0.3737 0.3737 0.9789 0.3737 0.3737 0.3737 0.3737 0.3737 0.3737 0.3737 0.9789 0.9789 0.9789 0.9789 0.3737 0.3737
209 092 193 261 0.3737 0.9789 0.9789 0.3737 0.3737 0.3737 0.3737 0.9789 0.3737 0.3737 0.3737 0.3737 0.3737 0.3737 0.3737 0.3737
092 193 261 016 0.9789 0.3737 0.3737 0.3737 0.9789 0.9789 0.9789 0.9789 0.9789 0.3737 0.3737 0.3737 0.9789 0.9789 0.3737 0.9789
193 261 016 179 0.3737 0.3737 0.9789 0.9789 0.9789 0.3737 0.9789 0.9789 0.9789 0.3737 0.3737 0.9789 0.9789 0.9789 0.3737 0.9789
261 016 179 086 0.3737 0.3737 0.9789 0.3737 0.9789 0.9789 0.3737 0.3737 0.3737 0.9789 0.3737 0.3737 0.3737 0.3737 0.9789 0.9789
016 179 086 232 0.3737 0.3737 0.9789 0.9789 0.3737 0.3737 0.9789 0.9789 0.3737 0.3737 0.3737 0.9789 0.9789 0.3737 0.3737 0.9789
179 086 232 071 0.9789 0.9789 0.9789 0.3737 0.3737 0.9789 0.9789 0.9789 0.3737 0.3737 0.3737 0.9789 0.3737 0.3737 0.9789 0.9789
086 232 071 148 0.9789 0.3737 0.3737 0.9789 0.3737 0.9789 0.3737 0.3737 0.3737 0.3737 0.3737 0.9789 0.3737 0.9789 0.3737 0.3737
232 071 148 077 0.9789 0.3737 0.3737 0.3737 0.3737 0.3737 0.9789 0.3737 0.9789 0.9789 0.9789 0.3737 0.3737 0.3737 0.3737 0.9789
071 148 077 073 0.3737 0.9789 0.3737 0.9789 0.9789 0.3737 0.9789 0.3737 0.3737 0.3737 0.9789 0.3737 0.9789 0.9789 0.3737 0.9789
148 077 073 158 0.9789 0.3737 0.9789 0.3737 0.9789 0.3737 0.9789 0.9789 0.3737 0.3737 0.9789 0.3737 0.3737 0.3737 0.9789 0.3737
077 073 158 025 0.9789 0.3737 0.3737 0.3737 0.3737 0.9789 0.9789 0.9789 0.3737 0.9789 0.9789 0.3737 0.3737 0.3737 0.9789 0.3737
073 158 025 047 0.9789 0.3737 0.3737 0.9789 0.3737 0.9789 0.9789 0.9789 0.9789 0.3737 0.9789 0.9789 0.3737 0.3737 0.9789 0.9789
158 025 047 107 0.3737 0.3737 0.3737 0.3737 0.3737 0.9789 0.9789 0.9789 0.3737 0.3737 0.3737 0.9789 0.3737 0.3737 0.9789 0.3737
025 047 107 224 0.9789 0.3737 0.3737 0.3737 0.9789 0.9789 0.9789 0.9789 0.3737 0.9789 0.3737 0.9789 0.9789 0.9789 0.3737 0.9789
047 107 224 033 0.3737 0.3737 0.3737 0.3737 0.9789 0.3737 0.3737 0.3737 0.9789 0.3737 0.3737 0.3737 0.9789 0.3737 0.3737 0.3737
107 224 033 105 0.9789 0.9789 0.3737 0.3737 0.9789 0.9789 0.3737 0.9789 0.3737 0.3737 0.9789 0.9789 0.3737 0.9789 0.9789 0.9789
224 033 105 180 0.3737 0.9789 0.9789 0.9789 0.9789 0.9789 0.9789 0.3737 0.9789 0.9789 0.9789 0.9789 0.9789 0.9789 0.9789 0.9789
033 105 180 331 0.3737 0.9789 0.3737 0.9789 0.9789 0.9789 0.9789 0.3737 0.3737 0.9789 0.3737 0.9789 0.9789 0.3737 0.3737 0.3737
105 180 331 270 0.9789 0.9789 0.3737 0.9789 0.9789 0.9789 0.3737 0.3737 0.3737 0.9789 0.3737 0.3737 0.9789 0.9789 0.3737 0.3737
180 331 270 223 0.3737 0.9789 0.3737 0.9789 0.9789 0.3737 0.3737 0.3737 0.3737 0.9789 0.9789 0.9789 0.9789 0.9789 0.3737 0.9789
331 270 223 088 0.9789 0.3737 0.3737 0.3737 0.3737 0.9789 0.9789 0.3737 0.3737 0.9789 0.9789 0.3737 0.9789 0.9789 0.3737 0.3737
270 223 088 123 0.9789 0.3737 0.9789 0.9789 0.9789 0.9789 0.3737 0.3737 0.3737 0.3737 0.9789 0.3737 0.3737 0.3737 0.9789 0.9789
223 088 123 271 0.3737 0.3737 0.9789 0.9789 0.3737 0.9789 0.3737 0.9789 0.3737 0.3737 0.9789 0.3737 0.3737 0.9789 0.3737 0.9789
088 123 271 093 0.9789 0.9789 0.9789 0.9789 0.3737 0.9789 0.3737 0.9789 0.3737 0.3737 0.9789 0.9789 0.3737 0.9789 0.9789 0.3737
123 271 093 007 0.3737 0.3737 0.3737 0.3737 0.9789 0.3737 0.9789 0.9789 0.3737 0.3737 0.9789 0.3737 0.3737 0.3737 0.3737 0.3737
