356 031684 3
347 036 104 116 0.3307 0.3307 0.3307 0.6951 0.3307 0.6951 0.6951 0.3307 0.3307 0.6951 0.6951 0.3307 0.6951 0.3307 0.3307 0.3307
036 104 116 138 0.3307 0.6951 0.3307 0.3307 0.6951 0.3307 0.3307 0.6951 0.6951 0.6951 0.6951 0.6951 0.6951 0.6951 0.6951 0.6951
104 116 138 144 0.6951 0.6951 0.3307 0.6951 0.6951 0.3307 0.3307 0.3307 0.3307 0.3307 0.6951 0.3307 0.3307 0.6951 0.3307 0.3307
116 138 144 264 0.3307 0.6951 0.3307 0.6951 0.3307 0.6951 0.3307 0.3307 0.3307 0.3307 0.3307 0.6951 0.6951 0.6951 0.6951 0.3307
138 144 264 080 0.6951 0.6951 0.6951 0.3307 0.6951 0.6951 0.6951 0.3307 0.6951 0.3307 0.3307 0.3307 0.6951 0.3307 0.3307 0.3307
144 264 080 220 0.3307 0.3307 0.3307 0.3307 0.6951 0.3307 0.3307 0.6951 0.6951 0.6951 0.3307 0.3307 0.3307 0.6951 0.3307 0.6951
264 080 220 353 0.6951 0.6951 0.3307 0.6951 0.3307 0.6951 0.3307 0.6951 0.6951 0.3307 0.3307 0.6951 0.3307 0.3307 0.6951 0.3307
080 220 353 056 0.6951 0.6951 0.6951 0.3307 0.6951 0.3307 0.3307 0.6951 0.6951 0.6951 0.3307 0.3307 0.6951 0.6951 0.3307 0.6951
220 353 056 070 0.6951 0.3307 0.6951 0.3307 0.6951 0.6951 0.6951 0.3307 0.3307 0.6951 0.6951 0.6951 0.6951 0.6951 0.3307 0.3307
353 056 070 325 0.6951 0.3307 0.3307 0.3307 0.3307 0.3307 0.6951 0.3307 0.6951 0.3307 0.6951 0.6951 0.3307 0.3307 0.3307 0.3307
056 070 325 087 0.3307 0.3307 0.3307 0.3307 0.6951 0.3307 0.6951 0.6951 0.3307 0.3307 0.3307 0.3307 0.6951 0.3307 0.6951 0.6951
070 325 087 244 0.6951 0.3307 0.6951 0.6951 0.3307 0.6951 0.6951 0.6951 0.3307 0.3307 0.6951 0.3307 0.3307 0.6951 0.3307 0.3307
325 087 244 095 0.3307 0.3307 0.6951 0.6951 0.6951 0.3307 0.6951 0.3307 0.3307 0.6951 0.3307 0.3307 0.3307 0.3307 0.3307 0.3307
087 244 095 134 0.6951 0.6951 0.6951 0.6951 0.3307 0.6951 0.6951 0.6951 0.3307 0.3307 0.6951 0.3307 0.6951 0.3307 0.3307 0.3307
244 095 134 143 0.6951 0.3307 0.3307 0.3307 0.6951 0.3307 0.6951 0.3307 0.6951 0.3307 0.3307 0.6951 0.3307 0.3307 0.6951 0.3307
095 134 143 127 0.3307 0.3307 0.3307 0.6951 0.3307 0.6951 0.6951 0.6951 0.3307 0.3307 0.6951 0.3307 0.3307 0.3307 0.3307 0.6951
134 143 127 049 0.6951 0.6951 0.3307 0.3307 0.3307 0.3307 0.3307 0.6951 0.3307 0.6951 0.3307 0.3307 0.3307 0.3307 0.3307 0.3307
143 127 049 148 0.3307 0.3307 0.6951 0.6951 0.6951 0.3307 0.6951 0.3307 0.6951 0.6951 0.6951 0.3307 0.3307 0.6951 0.3307 0.3307
127 049 148 213 0.3307 0.6951 0.6951 0.6951 0.6951 0.6951 0.6951 0.3307 0.6951 0.3307 0.3307 0.3307 0.6951 0.3307 0.3307 0.6951
049 148 213 053 0.3307 0.3307 0.6951 0.6951 0.3307 0.3307 0.3307 0.3307 0.6951 0.3307 0.6951 0.6951 0.3307 0.3307 0.3307 0.6951
148 213 053 190 0.3307 0.3307 0.6951 0.6951 0.6951 0.6951 0.6951 0.6951 0.3307 0.6951 0.3307 0.6951 0.3307 0.6951 0.6951 0.6951
213 053 190 340 0.3307 0.6951 0.6951 0.6951 0.3307 0.3307 0.6951 0.6951 0.3307 0.6951 0.6951 0.6951 0.6951 0.6951 0.3307 0.6951
053 190 340 268 0.6951 0.3307 0.3307 0.3307 0.3307 0.3307 0.3307 0.3307 0.6951 0.3307 0.3307 0.3307 0.3307 0.6951 0.3307 0.6951
190 340 268 330 0.3307 0.6951 0.6951 0.3307 0.6951 0.3307 0.6951 0.3307 0.6951 0.6951 0.3307 0.3307 0.6951 0.6951 0.3307 0.3307
340 268 330 343 0.6951 0.3307 0.3307 0.3307 0.3307 0.6951 0.6951 0.6951 0.3307 0.6951 0.6951 0.3307 0.6951 0.6951 0.3307 0.6951
268 330 343 122 0.3307 0.6951 0.6951 0.3307 0.3307 0.3307 0.6951 0.3307 0.6951 0.3307 0.3307 0.3307 0.3307 0.6951 0.6951 0.6951
330 343 122 039 0.3307 0.3307 0.3307 0.3307 0.6951 0.6951 0.3307 0.3307 0.6951 0.6951 0.3307 0.6951 0.6951 0.6951 0.3307 0.6951
343 122 039 243 0.3307 0.3307 0.6951 0.6951 0.6951 0.3307 0.3307 0.6951 0.3307 0.3307 0.3307 0.3307 0.6951 0.3307 0.3307 0.3307
122 039 243 055 0.3307 0.3307 0.6951 0.6951 0.6951 0.3307 0.3307 0.3307 0.3307 0.6951 0.3307 0.3307 0.3307 0.6951 0.3307 0.6951
039 243 055 247 0.3307 0.6951 0.3307 0.6951 0.3307 0.3307 0.3307 0.6951 0.6951 0.6951 0.6951 0.3307 0.6951 0.6951 0.3307 0.3307
243 055 247 206 0.6951 0.6951 0.3307 0.3307 0.3307 0.6951 0.3307 0.3307 0.3307 0.3307 0.3307 0.6951 0.6951 0.6951 0.6951 0.6951
055 247 206 020 0.3307 0.3307 0.6951 0.6951 0.6951 0.3307 0.6951 0.3307 0.3307 0.3307 0.3307 0.6951 0.6951 0.6951 0.6951 0.6951
247 206 020 228 0.6951 0.3307 0.6951 0.6951 0.6951 0.3307 0.6951 0.6951 0.6951 0.3307 0.3307 0.6951 0.6951 0.3307 0.3307 0.3307
206 020 228 184 0.6951 0.6951 0.3307 0.6951 0.3307 0.6951 0.3307 0.3307 0.3307 0.3307 0.3307 0.6951 0.3307 0.3307 0.3307 0.3307
020 228 184 203 0.6951 0.3307 0.6951 0.3307 0.6951 0.6951 0.6951 0.3307 0.6951 0.3307 0.3307 0.6951 0.3307 0.3307 0.3307 0.6951
228 184 203 333 0.6951 0.6951 0.6951 0.6951 0.6951 0.6951 0.6951 0.3307 0.3307 0.3307 0.3307 0.6951 0.3307 0.3307 0.3307 0.3307
184 203 333 186 0.6951 0.6951 0.6951 0.3307 0.3307 0.3307 0.6951 0.3307 0.6951 0.6951 0.6951 0.3307 0.6951 0.6951 0.3307 0.3307
203 333 186 167 0.3307 0.3307 0.6951 0.6951 0.6951 0.6951 0.3307 0.6951 0.6951 0.3307 0.6951 0.3307 0.3307 0.6951 0.3307 0.3307
333 186 167 334 0.3307 0.3307 0.3307 0.3307 0.6951 0.6951 0.6951 0.6951 0.3307 0.3307 0.3307 0.3307 0.3307 0.3307 0.6951 0.6951
186 167 334 259 0.3307 0.3307 0.3307 0.6951 0.6951 0.3307 0.6951 0.6951 0.6951 0.3307 0.3307 0.6951 0.6951 0.6951 0.3307 0.6951
167 334 259 305 0.6951 0.6951 0.3307 0.6951 0.3307 0.3307 0.6951 0.3307 0.6951 0.6951 0.3307 0.6951 0.6951 0.6951 0.3307 0.3307
334 259 305 063 0.6951 0.6951 0.3307 0.3307 0.3307 0.6951 0.6951 0.3307 0.3307 0.3307 0.3307 0.3307 0.6951 0.3307 0.3307 0.6951
259 305 063 271 0.3307 0.3307 0.3307 0.6951 0.3307 0.6951 0.6951 0.6951 0.3307 0.3307 0.6951 0.6951 0.6951 0.6951 0.6951 0.3307
305 063 271 033 0.6951 0.3307 0.3307 0.3307 0.6951 0.3307 0.6951 0.3307 0.3307 0.6951 0.3307 0.6951 0.6951 0.3307 0.3307 0.6951
063 271 033 160 0.3307 0.6951 0.3307 0.3307 0.3307 0.6951 0.3307 0.3307 0.3307 0.6951 0.6951 0.3307 0.3307 0.6951 0.3307 0.6951
271 033 160 057 0.3307 0.6951 0.3307 0.3307 0.6951 0.6951 0.6951 0.3307 0.3307 0.3307 0.3307 0.6951 0.6951 0.3307 0.6951 0.6951
033 160 057 059 0.6951 0.6951 0.3307 0.6951 0.3307 0.6951 0.6951 0.3307 0.6951 0.6951 0.6951 0.6951 0.3307 0.3307 0.6951 0.6951
160 057 059 012 0.3307 0.3307 0.6951 0.3307 0.6951 0.3307 0.3307 0.3307 0.6951 0.6951 0.3307 0.6951 0.6951 0.3307 0.6951 0.3307
057 059 012 024 0.3307 0.6951 0.3307 0.6951 0.3307 0.6951 0.6951 0.3307 0.6951 0.3307 0.6951 0.6951 0.3307 0.6951 0.6951 0.3307
059 012 024 193 0.6951 0.6951 0.6951 0.6951 0.6951 0.3307 0.6951 0.6951 0.6951 0.3307 0.6951 0.3307 0.3307 0.6951 0.6951 0.6951
012 024 193 274 0.6951 0.6951 0.3307 0.6951 0.6951 0.6951 0.6951 0.6951 0.6951 0.3307 0.6951 0.3307 0.3307 0.6951 0.3307 0.6951
024 193 274 266 0.3307 0.3307 0.3307 0.3307 0.6951 0.6951 0.6951 0.6951 0.3307 0.6951 0.6951 0.3307 0.3307 0.3307 0.3307 0.6951
193 274 266 142 0.3307 0.3307 0.3307 0.6951 0.3307 0.6951 0.3307 0.6951 0.6951 0.6951 0.6951 0.6951 0.3307 0.6951 0.6951 0.3307
274 266 142 170 0.6951 0.6951 0.3307 0.6951 0.6951 0.3307 0.6951 0.3307 0.6951 0.6951 0.6951 0.3307 0.6951 0.3307 0.3307 0.6951
266 142 170 282 0.3307 0.3307 0.6951 0.6951 0.3307 0.6951 0.3307 0.6951 0.3307 0.6951 0.3307 0.6951 0.6951 0.3307 0.3307 0.6951
142 170 282 047 0.6951 0.6951 0.6951 0.6951 0.3307 0.3307 0.6951 0.3307 0.3307 0.3307 0.6951 0.3307 0.3307 0.6951 0.3307 0.3307
170 282 047 265 0.6951 0.6951 0.3307 0.6951 0.3307 0.3307 0.3307 0.6951 0.6951 0.6951 0.6951 0.3307 0.6951 0.3307 0.3307 0.3307
282 047 265 270 0.6951 0.3307 0.6951 0.6951 0.6951 0.6951 0.6951 0.6951 0.3307 0.6951 0.3307 0.3307 0.3307 0.6951 0.3307 0.6951
047 265 270 303 0.6951 0.6951 0.3307 0.3307 0.6951 0.3307 0.3307 0.6951 0.3307 0.6951 0.6951 0.3307 0.6951 0.6951 0.6951 0.3307
265 270 303 126 0.6951 0.6951 0.6951 0.6951 0.3307 0.6951 0.6951 0.3307 0.6951 0.6951 0.6951 0.6951 0.3307 0.6951 0.6951 0.6951
270 303 126 202 0.3307 0.6951 0.3307 0.3307 0.3307 0.6951 0.3307 0.3307 0.6951 0.6951 0.6951 0.6951 0.6951 0.3307 0.3307 0.6951
303 126 202 181 0.6951 0.6951 0.6951 0.6951 0.6951 0.6951 0.3307 0.3307 0.6951 0.6951 0.3307 0.6951 0.3307 0.3307 0.6951 0.6951
126 202 181 000 0.3307 0.3307 0.3307 0.3307 0.3307 0.6951 0.6951 0.3307 0.6951 0.3307 0.3307 0.6951 0.6951 0.6951 0.3307 0.6951
202 181 000 119 0.3307 0.3307 0.3307 0.3307 0.6951 0.3307 0.3307 0.6951 0.3307 0.6951 0.3307 0.3307 0.6951 0.6951 0.3307 0.6951
181 000 119 159 0.3307 0.3307 0.3307 0.6951 0.6951 0.3307 0.6951 0.6951 0.3307 0.3307 0.6951 0.6951 0.6951 0.6951 0.3307 0.6951
000 119 159 227 0.3307 0.6951 0.6951 0.6951 0.3307 0.6951 0.3307 0.6951 0.6951 0.6951 0.3307 0.3307 0.3307 0.6951 0.3307 0.6951
119 159 227 050 0.6951 0.3307 0.6951 0.3307 0.3307 0.3307 0.3307 0.6951 0.6951 0.3307 0.6951 0.6951 0.3307 0.3307 0.3307 0.6951
159 227 050 161 0.6951 0.3307 0.6951 0.3307 0.6951 0.6951 0.6951 0.6951 0.3307 0.3307 0.6951 0.6951 0.3307 0.6951 0.6951 0.3307
227 050 161 222 0.6951 0.3307 0.3307 0.6951 0.6951 0.3307 0.3307 0.6951 0.3307 0.3307 0.6951 0.3307 0.3307 0.3307 0.3307 0.3307
050 161 222 187 0.6951 0.6951 0.6951 0.6951 0.6951 0.3307 0.3307 0.3307 0.6951 0.6951 0.6951 0.6951 0.6951 0.3307 0.3307 0.3307
161 222 187 339 0.6951 0.3307 0.3307 0.6951 0.3307 0.3307 0.6951 0.6951 0.3307 0.3307 0.6951 0.3307 0.6951 0.6951 0.3307 0.6951
222 187 339 040 0.3307 0.3307 0.3307 0.6951 0.6951 0.6951 0.6951 0.3307 0.6951 0.3307 0.6951 0.3307 0.3307 0.6951 0.3307 0.3307
187 339 040 336 0.3307 0.3307 0.3307 0.6951 0.6951 0.3307 0.6951 0.3307 0.6951 0.3307 0.6951 0.3307 0.6951 0.3307 0.6951 0.6951
339 040 336 318 0.6951 0.6951 0.3307 0.3307 0.3307 0.6951 0.3307 0.6951 0.3307 0.6951 0.6951 0.3307 0.3307 0.3307 0.3307 0.3307
040 336 318 304 0.3307 0.3307 0.3307 0.3307 0.6951 0.6951 0.6951 0.3307 0.3307 0.3307 0.3307 0.6951 0.6951 0.6951 0.6951 0.6951
336 318 304 233 0.3307 0.3307 0.3307 0.6951 0.3307 0.6951 0.6951 0.6951 0.3307 0.3307 0.6951 0.6951 0.3307 0.3307 0.3307 0.6951
318 304 233 067 0.3307 0.3307 0.3307 0.6951 0.3307 0.3307 0.3307 0.3307 0.6951 0.3307 0.3307 0.6951 0.6951 0.3307 0.6951 0.3307
304 233 067 241 0.3307 0.6951 0.6951 0.3307 0.6951 0.6951 0.3307 0.6951 0.6951 0.6951 0.3307 0.6951 0.3307 0.6951 0.3307 0.3307
233 067 241 135 0.6951 0.3307 0.3307 0.3307 0.6951 0.3307 0.6951 0.3307 0.3307 0.6951 0.6951 0.3307 0.6951 0.3307 0.6951 0.6951
067 241 135 279 0.3307 0.3307 0.6951 0.3307 0.3307 0.3307 0.6951 0.6951 0.3307 0.6951 0.3307 0.3307 0.6951 0.3307 0.6951 0.3307
241 135 279 015 0.6951 0.3307 0.3307 0.3307 0.3307 0.6951 0.6951 0.3307 0.6951 0.6951 0.6951 0.3307 0.6951 0.3307 0.6951 0.3307
135 279 015 117 0.6951 0.6951 0.6951 0.3307 0.3307 0.3307 0.6951 0.6951 0.3307 0.3307 0.3307 0.3307 0.6951 0.6951 0.3307 0.3307
279 015 117 323 0.6951 0.3307 0.3307 0.6951 0.3307 0.3307 0.3307 0.3307 0.3307 0.6951 0.6951 0.3307 0.6951 0.6951 0.3307 0.6951
015 117 323 338 0.3307 0.6951 0.6951 0.3307 0.3307 0.6951 0.3307 0.6951 0.3307 0.6951 0.3307 0.3307 0.6951 0.6951 0.3307 0.6951
117 323 338 295 0.3307 0.3307 0.6951 0.3307 0.3307 0.6951 0.3307 0.3307 0.3307 0.6951 0.3307 0.3307 0.6951 0.3307 0.6951 0.6951
323 338 295 001 0.3307 0.3307 0.3307 0.6951 0.6951 0.3307 0.3307 0.3307 0.3307 0.6951 0.6951 0.3307 0.6951 0.6951 0.3307 0.3307
338 295 001 118 0.6951 0.6951 0.3307 0.6951 0.3307 0.3307 0.3307 0.6951 0.3307 0.3307 0.3307 0.3307 0.3307 0.6951 0.3307 0.6951
295 001 118 052 0.3307 0.3307 0.6951 0.3307 0.6951 0.3307 0.6951 0.3307 0.6951 0.3307 0.6951 0.3307 0.6951 0.3307 0.6951 0.3307
001 118 052 262 0.6951 0.3307 0.6951 0.6951 0.6951 0.3307 0.3307 0.6951 0.3307 0.6951 0.3307 0.6951 0.6951 0.3307 0.6951 0.3307
118 052 262 106 0.6951 0.3307 0.3307 0.3307 0.3307 0.3307 0.6951 0.3307 0.3307 0.6951 0.6951 0.6951 0.3307 0.6951 0.6951 0.3307
052 262 106 223 0.3307 0.6951 0.6951 0.3307 0.3307 0.3307 0.3307 0.3307 0.3307 0.6951 0.3307 0.3307 0.6951 0.3307 0.6951 0.3307
262 106 223 348 0.3307 0.3307 0.6951 0.6951 0.6951 0.6951 0.3307 0.6951 0.6951 0.6951 0.6951 0.3307 0.6951 0.6951 0.3307 0.3307
106 223 348 272 0.6951 0.6951 0.6951 0.3307 0.3307 0.3307 0.6951 0.6951 0.3307 0.6951 0.3307 0.6951 0.6951 0.3307 0.6951 0.6951
223 348 272 324 0.6951 0.6951 0.3307 0.6951 0.3307 0.6951 0.3307 0.6951 0.6951 0.3307 0.6951 0.6951 0.3307 0.6951 0.6951 0.3307
348 272 324 191 0.6951 0.3307 0.3307 0.3307 0.3307 0.6951 0.3307 0.3307 0.6951 0.6951 0.3307 0.6951 0.6951 0.6951 0.3307 0.3307
272 324 191 261 0.3307 0.3307 0.3307 0.3307 0.6951 0.6951 0.3307 0.3307 0.6951 0.6951 0.3307 0.3307 0.6951 0.3307 0.6951 0.6951
324 191 261 105 0.6951 0.6951 0.3307 0.6951 0.3307 0.3307 0.6951 0.3307 0.6951 0.6951 0.3307 0.3307 0.3307 0.6951 0.3307 0.3307
191 261 105 124 0.6951 0.6951 0.6951 0.6951 0.6951 0.6951 0.6951 0.3307 0.3307 0.3307 0.3307 0.6951 0.3307 0.6951 0.3307 0.6951
261 105 124 230 0.3307 0.6951 0.3307 0.3307 0.3307 0.3307 0.6951 0.3307 0.3307 0.3307 0.6951 0.3307 0.3307 0.6951 0.6951 0.6951
105 124 230 298 0.6951 0.3307 0.6951 0.6951 0.6951 0.6951 0.6951 0.3307 0.6951 0.3307 0.6951 0.6951 0.6951 0.3307 0.3307 0.3307
124 230 298 246 0.3307 0.6951 0.3307 0.6951 0.6951 0.3307 0.6951 0.3307 0.3307 0.6951 0.3307 0.3307 0.6951 0.3307 0.3307 0.6951
230 298 246 115 0.6951 0.3307 0.3307 0.6951 0.6951 0.3307 0.6951 0.6951 0.6951 0.3307 0.3307 0.3307 0.6951 0.6951 0.6951 0.3307
298 246 115 224 0.3307 0.6951 0.6951 0.3307 0.6951 0.6951 0.6951 0.3307 0.3307 0.3307 0.6951 0.3307 0.6951 0.3307 0.6951 0.3307
246 115 224 066 0.6951 0.3307 0.3307 0.6951 0.3307 0.6951 0.6951 0.6951 0.3307 0.6951 0.6951 0.3307 0.3307 0.6951 0.3307 0.6951
115 224 066 288 0.3307 0.6951 0.3307 0.3307 0.3307 0.3307 0.6951 0.6951 0.6951 0.3307 0.3307 0.6951 0.3307 0.6951 0.3307 0.6951
224 066 288 082 0.6951 0.3307 0.3307 0.6951 0.6951 0.6951 0.6951 0.3307 0.3307 0.6951 0.6951 0.6951 0.6951 0.6951 0.3307 0.3307
066 288 082 258 0.3307 0.6951 0.6951 0.6951 0.6951 0.6951 0.6951 0.6951 0.6951 0.3307 0.3307 0.3307 0.3307 0.6951 0.6951 0.3307
288 082 258 315 0.3307 0.3307 0.6951 0.6951 0.6951 0.6951 0.3307 0.3307 0.3307 0.6951 0.3307 0.3307 0.6951 0.3307 0.3307 0.3307
082 258 315 048 0.3307 0.3307 0.6951 0.3307 0.3307 0.6951 0.3307 0.3307 0.3307 0.3307 0.6951 0.3307 0.3307 0.3307 0.3307 0.3307
258 315 048 076 0.3307 0.3307 0.3307 0.6951 0.3307 0.3307 0.3307 0.3307 0.3307 0.3307 0.3307 0.6951 0.3307 0.3307 0.3307 0.3307
315 048 076 254 0.3307 0.3307 0.6951 0.3307 0.6951 0.3307 0.3307 0.3307 0.6951 0.3307 0.6951 0.6951 0.6951 0.3307 0.6951 0.3307
048 076 254 093 0.6951 0.3307 0.6951 0.6951 0.6951 0.6951 0.6951 0.3307 0.6951 0.6951 0.3307 0.6951 0.6951 0.6951 0.6951 0.3307
076 254 093 352 0.6951 0.6951 0.6951 0.3307 0.3307 0.3307 0.3307 0.3307 0.3307 0.3307 0.3307 0.6951 0.3307 0.6951 0.6951 0.6951
254 093 352 314 0.6951 0.3307 0.6951 0.6951 0.3307 0.3307 0.3307 0.3307 0.6951 0.3307 0.3307 0.3307 0.3307 0.6951 0.3307 0.6951
093 352 314 026 0.3307 0.6951 0.3307 0.3307 0.6951 0.6951 0.6951 0.6951 0.6951 0.3307 0.6951 0.3307 0.6951 0.6951 0.6951 0.6951
352 314 026 311 0.6951 0.3307 0.6951 0.3307 0.6951 0.3307 0.6951 0.3307 0.6951 0.6951 0.3307 0.6951 0.6951 0.3307 0.6951 0.6951
314 026 311 248 0.6951 0.3307 0.3307 0.3307 0.6951 0.3307 0.6951 0.6951 0.3307 0.3307 0.3307 0.6951 0.3307 0.6951 0.6951 0.3307
026 311 248 042 0.3307 0.6951 0.3307 0.6951 0.3307 0.6951 0.3307 0.6951 0.6951 0.3307 0.3307 0.3307 0.6951 0.6951 0.3307 0.3307
311 248 042 092 0.3307 0.3307 0.3307 0.6951 0.6951 0.3307 0.3307 0.3307 0.3307 0.6951 0.3307 0.6951 0.6951 0.3307 0.6951 0.6951
248 042 092 289 0.6951 0.6951 0.6951 0.6951 0.6951 0.6951 0.6951 0.6951 0.6951 0.3307 0.6951 0.3307 0.6951 0.6951 0.6951 0.6951
042 092 289 322 0.3307 0.3307 0.6951 0.6951 0.6951 0.6951 0.3307 0.6951 0.3307 0.3307 0.3307 0.6951 0.3307 0.6951 0.6951 0.3307
092 289 322 174 0.6951 0.6951 0.3307 0.6951 0.3307 0.6951 0.3307 0.6951 0.3307 0.6951 0.3307 0.3307 0.3307 0.6951 0.6951 0.3307
289 322 174 062 0.3307 0.3307 0.6951 0.6951 0.3307 0.6951 0.6951 0.3307 0.3307 0.3307 0.3307 0.6951 0.6951 0.3307 0.6951 0.3307
322 174 062 273 0.3307 0.3307 0.6951 0.3307 0.6951 0.6951 0.3307 0.3307 0.6951 0.3307 0.3307 0.3307 0.6951 0.3307 0.6951 0.6951
174 062 273 006 0.3307 0.3307 0.3307 0.6951 0.3307 0.3307 0.6951 0.3307 0.3307 0.3307 0.6951 0.6951 0.6951 0.6951 0.3307 0.3307
062 273 006 110 0.6951 0.6951 0.6951 0.3307 0.3307 0.3307 0.6951 0.6951 0.3307 0.6951 0.6951 0.3307 0.6951 0.3307 0.6951 0.6951
273 006 110 277 0.6951 0.6951 0.6951 0.3307 0.6951 0.3307 0.6951 0.6951 0.3307 0.6951 0.3307 0.6951 0.6951 0.6951 0.3307 0.3307
006 110 277 226 0.3307 0.3307 0.6951 0.6951 0.3307 0.6951 0.6951 0.6951 0.3307 0.3307 0.6951 0.3307 0.6951 0.6951 0.3307 0.6951
110 277 226 214 0.6951 0.3307 0.6951 0.3307 0.6951 0.3307 0.3307 0.6951 0.3307 0.3307 0.6951 0.3307 0.6951 0.3307 0.3307 0.6951
277 226 214 199 0.3307 0.3307 0.6951 0.6951 0.6951 0.6951 0.3307 0.6951 0.6951 0.6951 0.6951 0.6951 0.3307 0.6951 0.3307 0.6951
226 214 199 165 0.6951 0.6951 0.3307 0.6951 0.6951 0.3307 0.3307 0.3307 0.6951 0.6951 0.3307 0.6951 0.6951 0.3307 0.6951 0.3307
214 199 165 284 0.6951 0.3307 0.3307 0.6951 0.3307 0.3307 0.3307 0.3307 0.3307 0.3307 0.3307 0.6951 0.3307 0.3307 0.6951 0.3307
199 165 284 145 0.6951 0.6951 0.6951 0.6951 0.6951 0.6951 0.3307 0.3307 0.3307 0.6951 0.3307 0.3307 0.3307 0.3307 0.6951 0.6951
165 284 145 197 0.3307 0.6951 0.3307 0.3307 0.6951 0.6951 0.3307 0.6951 0.6951 0.6951 0.3307 0.6951 0.6951 0.3307 0.3307 0.6951
284 145 197 313 0.3307 0.3307 0.6951 0.3307 0.3307 0.3307 0.3307 0.3307 0.6951 0.3307 0.3307 0.3307 0.6951 0.6951 0.6951 0.6951
145 197 313 294 0.6951 0.6951 0.3307 0.6951 0.6951 0.3307 0.6951 0.6951 0.6951 0.3307 0.6951 0.3307 0.6951 0.3307 0.3307 0.3307
197 313 294 316 0.3307 0.6951 0.3307 0.3307 0.6951 0.6951 0.6951 0.6951 0.3307 0.6951 0.3307 0.3307 0.6951 0.6951 0.6951 0.6951
313 294 316 337 0.3307 0.6951 0.3307 0.3307 0.6951 0.6951 0.3307 0.6951 0.3307 0.3307 0.6951 0.3307 0.6951 0.6951 0.6951 0.3307
294 316 337 155 0.3307 0.6951 0.6951 0.6951 0.3307 0.3307 0.3307 0.3307 0.6951 0.3307 0.3307 0.3307 0.3307 0.6951 0.6951 0.3307
316 337 155 147 0.3307 0.3307 0.3307 0.6951 0.6951 0.6951 0.6951 0.3307 0.6951 0.3307 0.3307 0.6951 0.3307 0.6951 0.6951 0.3307
337 155 147 229 0.3307 0.6951 0.3307 0.3307 0.3307 0.6951 0.3307 0.3307 0.3307 0.6951 0.3307 0.6951 0.6951 0.6951 0.6951 0.6951
155 147 229 090 0.6951 0.6951 0.6951 0.6951 0.3307 0.3307 0.6951 0.6951 0.6951 0.3307 0.6951 0.3307 0.3307 0.3307 0.3307 0.3307
147 229 090 178 0.6951 0.3307 0.3307 0.3307 0.3307 0.3307 0.6951 0.3307 0.3307 0.6951 0.3307 0.3307 0.6951 0.3307 0.3307 0.6951
229 090 178 185 0.3307 0.6951 0.6951 0.3307 0.3307 0.6951 0.3307 0.6951 0.6951 0.6951 0.3307 0.6951 0.3307 0.3307 0.6951 0.3307
090 178 185 219 0.3307 0.6951 0.6951 0.6951 0.3307 0.6951 0.6951 0.6951 0.3307 0.6951 0.6951 0.3307 0.6951 0.6951 0.3307 0.3307
178 185 219 162 0.6951 0.6951 0.6951 0.3307 0.6951 0.3307 0.6951 0.3307 0.3307 0.6951 0.6951 0.3307 0.3307 0.3307 0.6951 0.6951
185 219 162 096 0.3307 0.6951 0.3307 0.6951 0.6951 0.6951 0.6951 0.3307 0.6951 0.6951 0.3307 0.6951 0.3307 0.3307 0.6951 0.3307
219 162 096 009 0.3307 0.6951 0.6951 0.3307 0.3307 0.3307 0.6951 0.6951 0.6951 0.3307 0.6951 0.6951 0.6951 0.6951 0.6951 0.3307
162 096 009 156 0.3307 0.3307 0.6951 0.3307 0.6951 0.6951 0.3307 0.3307 0.3307 0.6951 0.6951 0.6951 0.6951 0.3307 0.3307 0.3307
096 009 156 158 0.3307 0.3307 0.3307 0.6951 0.6951 0.3307 0.6951 0.3307 0.6951 0.3307 0.6951 0.3307 0.3307 0.6951 0.3307 0.6951
009 156 158 351 0.6951 0.6951 0.3307 0.6951 0.6951 0.3307 0.3307 0.3307 0.6951 0.6951 0.6951 0.6951 0.3307 0.3307 0.6951 0.6951
156 158 351 269 0.6951 0.6951 0.3307 0.3307 0.3307 0.3307 0.3307 0.3307 0.6951 0.3307 0.3307 0.3307 0.3307 0.3307 0.6951 0.6951
158 351 269 140 0.6951 0.3307 0.6951 0.6951 0.3307 0.6951 0.6951 0.6951 0.3307 0.3307 0.6951 0.3307 0.6951 0.3307 0.6951 0.3307
351 269 140 285 0.6951 0.3307 0.6951 0.6951 0.6951 0.6951 0.3307 0.3307 0.6951 0.3307 0.3307 0.6951 0.3307 0.6951 0.3307 0.6951
269 140 285 209 0.3307 0.6951 0.6951 0.6951 0.3307 0.6951 0.6951 0.6951 0.6951 0.3307 0.6951 0.6951 0.3307 0.3307 0.3307 0.3307
140 285 209 327 0.6951 0.6951 0.6951 0.6951 0.3307 0.6951 0.6951 0.3307 0.6951 0.6951 0.3307 0.6951 0.6951 0.3307 0.3307 0.3307
285 209 327 128 0.3307 0.3307 0.3307 0.6951 0.6951 0.6951 0.3307 0.3307 0.3307 0.3307 0.3307 0.6951 0.3307 0.3307 0.3307 0.3307
209 327 128 041 0.6951 0.6951 0.6951 0.3307 0.6951 0.6951 0.3307 0.3307 0.3307 0.6951 0.6951 0.6951 0.6951 0.3307 0.6951 0.6951
327 128 041 342 0.6951 0.3307 0.3307 0.3307 0.3307 0.3307 0.6951 0.3307 0.6951 0.3307 0.3307 0.3307 0.6951 0.3307 0.3307 0.3307
128 041 342 306 0.6951 0.6951 0.6951 0.6951 0.3307 0.6951 0.3307 0.6951 0.6951 0.6951 0.3307 0.3307 0.3307 0.3307 0.6951 0.6951
041 342 306 060 0.6951 0.6951 0.6951 0.3307 0.3307 0.6951 0.6951 0.3307 0.3307 0.3307 0.3307 0.6951 0.6951 0.3307 0.3307 0.3307
342 306 060 344 0.3307 0.3307 0.3307 0.6951 0.6951 0.3307 0.3307 0.3307 0.6951 0.6951 0.3307 0.3307 0.6951 0.6951 0.3307 0.6951
306 060 344 236 0.3307 0.6951 0.6951 0.3307 0.6951 0.3307 0.3307 0.6951 0.3307 0.6951 0.6951 0.6951 0.6951 0.6951 0.6951 0.6951
060 344 236 157 0.6951 0.3307 0.3307 0.3307 0.6951 0.3307 0.6951 0.3307 0.3307 0.6951 0.6951 0.6951 0.3307 0.6951 0.3307 0.3307
344 236 157 231 0.3307 0.3307 0.3307 0.6951 0.6951 0.6951 0.3307 0.6951 0.3307 0.3307 0.3307 0.3307 0.6951 0.3307 0.3307 0.6951
236 157 231 103 0.6951 0.3307 0.6951 0.3307 0.3307 0.6951 0.6951 0.6951 0.3307 0.3307 0.6951 0.3307 0.6951 0.6951 0.6951 0.3307
157 231 103 107 0.6951 0.3307 0.3307 0.3307 0.3307 0.3307 0.3307 0.3307 0.3307 0.6951 0.6951 0.6951 0.6951 0.3307 0.3307 0.6951
231 103 107 168 0.6951 0.3307 0.3307 0.6951 0.6951 0.3307 0.6951 0.3307 0.3307 0.3307 0.6951 0.3307 0.6951 0.3307 0.3307 0.6951
103 107 168 100 0.3307 0.3307 0.3307 0.3307 0.6951 0.6951 0.3307 0.6951 0.3307 0.6951 0.3307 0.3307 0.3307 0.3307 0.6951 0.6951
107 168 100 043 0.3307 0.6951 0.3307 0.3307 0.3307 0.3307 0.3307 0.6951 0.3307 0.6951 0.6951 0.6951 0.3307 0.3307 0.3307 0.3307
168 100 043 098 0.3307 0.3307 0.3307 0.6951 0.6951 0.6951 0.3307 0.6951 0.3307 0.6951 0.6951 0.3307 0.3307 0.3307 0.3307 0.6951
100 043 098 263 0.3307 0.3307 0.6951 0.3307 0.6951 0.6951 0.6951 0.6951 0.3307 0.6951 0.6951 0.3307 0.6951 0.6951 0.6951 0.6951
043 098 263 125 0.3307 0.6951 0.6951 0.3307 0.6951 0.3307 0.6951 0.3307 0.6951 0.6951 0.6951 0.6951 0.6951 0.3307 0.6951 0.6951
098 263 125 028 0.3307 0.3307 0.3307 0.6951 0.6951 0.3307 0.6951 0.3307 0.6951 0.3307 0.6951 0.6951 0.6951 0.6951 0.6951 0.3307
263 125 028 133 0.3307 0.3307 0.6951 0.6951 0.6951 0.3307 0.6951 0.3307 0.6951 0.6951 0.6951 0.6951 0.6951 0.6951 0.6951 0.6951
125 028 133 307 0.6951 0.3307 0.3307 0.6951 0.3307 0.3307 0.3307 0.6951 0.6951 0.6951 0.6951 0.6951 0.3307 0.6951 0.6951 0.3307
028 133 307 023 0.6951 0.6951 0.3307 0.6951 0.6951 0.3307 0.6951 0.3307 0.3307 0.6951 0.6951 0.3307 0.3307 0.3307 0.6951 0.3307
133 307 023 088 0.3307 0.6951 0.3307 0.6951 0.3307 0.6951 0.6951 0.3307 0.6951 0.3307 0.6951 0.6951 0.6951 0.6951 0.6951 0.3307
307 023 088 078 0.6951 0.6951 0.3307 0.6951 0.6951 0.6951 0.3307 0.6951 0.3307 0.3307 0.6951 0.3307 0.6951 0.3307 0.6951 0.3307
023 088 078 299 0.6951 0.3307 0.6951 0.3307 0.6951 0.3307 0.6951 0.6951 0.6951 0.6951 0.6951 0.6951 0.6951 0.6951 0.3307 0.3307
088 078 299 345 0.6951 0.6951 0.3307 0.3307 0.3307 0.6951 0.6951 0.3307 0.6951 0.3307 0.3307 0.6951 0.6951 0.3307 0.6951 0.3307
078 299 345 153 0.3307 0.6951 0.6951 0.3307 0.6951 0.3307 0.6951 0.6951 0.6951 0.3307 0.3307 0.3307 0.6951 0.3307 0.6951 0.6951
299 345 153 094 0.6951 0.3307 0.6951 0.3307 0.3307 0.3307 0.3307 0.6951 0.6951 0.6951 0.3307 0.3307 0.3307 0.3307 0.3307 0.3307
345 153 094 164 0.6951 0.6951 0.3307 0.6951 0.3307 0.6951 0.6951 0.3307 0.3307 0.3307 0.3307 0.6951 0.3307 0.3307 0.6951 0.6951
153 094 164 349 0.6951 0.3307 0.6951 0.6951 0.6951 0.6951 0.3307 0.3307 0.3307 0.3307 0.6951 0.6951 0.3307 0.3307 0.6951 0.6951
094 164 349 137 0.6951 0.6951 0.6951 0.6951 0.6951 0.6951 0.6951 0.3307 0.6951 0.6951 0.3307 0.3307 0.3307 0.6951 0.6951 0.3307
164 349 137 077 0.6951 0.3307 0.6951 0.3307 0.6951 0.6951 0.3307 0.6951 0.6951 0.3307 0.6951 0.3307 0.3307 0.3307 0.3307 0.3307
349 137 077 194 0.3307 0.6951 0.3307 0.3307 0.6951 0.6951 0.6951 0.6951 0.3307 0.6951 0.3307 0.6951 0.3307 0.6951 0.6951 0.6951
137 077 194 046 0.3307 0.6951 0.6951 0.3307 0.3307 0.3307 0.6951 0.6951 0.3307 0.3307 0.3307 0.6951 0.6951 0.6951 0.6951 0.6951
077 194 046 326 0.6951 0.6951 0.6951 0.6951 0.6951 0.6951 0.6951 0.3307 0.6951 0.6951 0.3307 0.6951 0.6951 0.3307 0.6951 0.6951
194 046 326 204 0.3307 0.6951 0.6951 0.6951 0.6951 0.3307 0.3307 0.6951 0.6951 0.6951 0.3307 0.6951 0.6951 0.6951 0.3307 0.3307
046 326 204 332 0.3307 0.3307 0.6951 0.3307 0.6951 0.6951 0.6951 0.6951 0.6951 0.6951 0.6951 0.3307 0.3307 0.3307 0.3307 0.3307
326 204 332 029 0.3307 0.3307 0.3307 0.6951 0.6951 0.6951 0.3307 0.6951 0.3307 0.3307 0.3307 0.3307 0.3307 0.3307 0.3307 0.3307
204 332 029 211 0.6951 0.3307 0.6951 0.3307 0.3307 0.6951 0.6951 0.3307 0.3307 0.3307 0.6951 0.3307 0.6951 0.3307 0.6951 0.3307
332 029 211 019 0.6951 0.6951 0.6951 0.6951 0.6951 0.6951 0.3307 0.3307 0.3307 0.6951 0.6951 0.3307 0.6951 0.3307 0.3307 0.6951
029 211 019 179 0.6951 0.3307 0.3307 0.3307 0.6951 0.6951 0.3307 0.3307 0.6951 0.6951 0.6951 0.3307 0.6951 0.6951 0.3307 0.6951
211 019 179 091 0.3307 0.3307 0.6951 0.3307 0.3307 0.6951 0.6951 0.3307 0.3307 0.3307 0.6951 0.6951 0.3307 0.3307 0.6951 0.3307
019 179 091 068 0.3307 0.6951 0.3307 0.6951 0.6951 0.6951 0.3307 0.3307 0.6951 0.6951 0.3307 0.6951 0.3307 0.6951 0.3307 0.3307
179 091 068 283 0.6951 0.3307 0.6951 0.6951 0.3307 0.6951 0.6951 0.3307 0.3307 0.3307 0.6951 0.6951 0.3307 0.3307 0.3307 0.3307
091 068 283 253 0.3307 0.3307 0.6951 0.6951 0.3307 0.3307 0.6951 0.6951 0.3307 0.3307 0.6951 0.3307 0.3307 0.6951 0.3307 0.3307
068 283 253 120 0.6951 0.6951 0.3307 0.3307 0.3307 0.6951 0.3307 0.3307 0.6951 0.6951 0.3307 0.3307 0.6951 0.6951 0.3307 0.3307
283 253 120 027 0.3307 0.3307 0.6951 0.3307 0.3307 0.3307 0.3307 0.3307 0.6951 0.6951 0.6951 0.6951 0.6951 0.6951 0.3307 0.6951
253 120 027 123 0.6951 0.6951 0.6951 0.3307 0.3307 0.6951 0.3307 0.6951 0.6951 0.3307 0.3307 0.3307 0.3307 0.6951 0.3307 0.6951
120 027 123 301 0.6951 0.3307 0.3307 0.6951 0.3307 0.3307 0.3307 0.6951 0.6951 0.6951 0.6951 0.3307 0.6951 0.3307 0.6951 0.6951
027 123 301 237 0.6951 0.6951 0.3307 0.6951 0.6951 0.6951 0.3307 0.3307 0.6951 0.6951 0.6951 0.3307 0.3307 0.6951 0.6951 0.6951
123 301 237 102 0.3307 0.6951 0.3307 0.6951 0.3307 0.3307 0.6951 0.6951 0.3307 0.3307 0.3307 0.3307 0.3307 0.3307 0.6951 0.3307
301 237 102 276 0.6951 0.6951 0.3307 0.3307 0.3307 0.3307 0.6951 0.6951 0.3307 0.6951 0.3307 0.3307 0.6951 0.6951 0.3307 0.6951
237 102 276 017 0.3307 0.6951 0.3307 0.3307 0.3307 0.6951 0.3307 0.3307 0.3307 0.3307 0.3307 0.6951 0.3307 0.3307 0.6951 0.3307
102 276 017 003 0.3307 0.6951 0.6951 0.3307 0.3307 0.3307 0.3307 0.6951 0.6951 0.6951 0.3307 0.3307 0.6951 0.6951 0.3307 0.3307
276 017 003 129 0.3307 0.3307 0.3307 0.6951 0.6951 0.3307 0.6951 0.3307 0.6951 0.3307 0.6951 0.6951 0.3307 0.3307 0.3307 0.6951
017 003 129 014 0.6951 0.6951 0.3307 0.3307 0.3307 0.3307 0.6951 0.3307 0.6951 0.6951 0.6951 0.3307 0.6951 0.6951 0.6951 0.6951
003 129 014 320 0.6951 0.3307 0.6951 0.3307 0.3307 0.3307 0.3307 0.3307 0.6951 0.6951 0.3307 0.3307 0.3307 0.6951 0.3307 0.6951
129 014 320 005 0.6951 0.3307 0.3307 0.3307 0.3307 0.6951 0.3307 0.3307 0.3307 0.3307 0.3307 0.3307 0.3307 0.6951 0.3307 0.3307
014 320 005 069 0.6951 0.6951 0.6951 0.6951 0.6951 0.3307 0.3307 0.3307 0.6951 0.6951 0.3307 0.3307 0.6951 0.3307 0.6951 0.6951
320 005 069 239 0.6951 0.6951 0.6951 0.3307 0.3307 0.3307 0.6951 0.3307 0.6951 0.3307 0.6951 0.3307 0.6951 0.6951 0.3307 0.3307
005 069 239 328 0.6951 0.3307 0.3307 0.3307 0.6951 0.3307 0.3307 0.3307 0.6951 0.3307 0.6951 0.3307 0.3307 0.6951 0.3307 0.3307
069 239 328 064 0.6951 0.3307 0.3307 0.3307 0.6951 0.6951 0.6951 0.3307 0.3307 0.3307 0.3307 0.3307 0.6951 0.6951 0.3307 0.6951
239 328 064 074 0.3307 0.6951 0.6951 0.6951 0.6951 0.6951 0.6951 0.3307 0.6951 0.6951 0.6951 0.6951 0.3307 0.6951 0.3307 0.6951
328 064 074 238 0.6951 0.3307 0.6951 0.6951 0.3307 0.3307 0.3307 0.6951 0.3307 0.6951 0.6951 0.3307 0.6951 0.6951 0.6951 0.6951
064 074 238 035 0.6951 0.3307 0.6951 0.3307 0.3307 0.6951 0.6951 0.3307 0.6951 0.3307 0.3307 0.3307 0.6951 0.6951 0.6951 0.3307
074 238 035 275 0.3307 0.3307 0.3307 0.3307 0.6951 0.6951 0.6951 0.3307 0.6951 0.6951 0.3307 0.6951 0.3307 0.3307 0.3307 0.6951
238 035 275 112 0.6951 0.6951 0.6951 0.3307 0.3307 0.6951 0.3307 0.6951 0.3307 0.6951 0.3307 0.6951 0.3307 0.3307 0.6951 0.3307
035 275 112 171 0.6951 0.3307 0.3307 0.6951 0.6951 0.6951 0.6951 0.3307 0.3307 0.6951 0.6951 0.3307 0.6951 0.6951 0.3307 0.6951
275 112 171 051 0.3307 0.3307 0.3307 0.3307 0.3307 0.3307 0.6951 0.3307 0.6951 0.3307 0.6951 0.6951 0.3307 0.3307 0.3307 0.6951
112 171 051 196 0.3307 0.3307 0.3307 0.3307 0.6951 0.3307 0.3307 0.6951 0.3307 0.6951 0.3307 0.6951 0.3307 0.3307 0.6951 0.6951
171 051 196 034 0.3307 0.3307 0.3307 0.3307 0.3307 0.3307 0.3307 0.3307 0.3307 0.3307 0.3307 0.6951 0.3307 0.6951 0.3307 0.6951
051 196 034 030 0.3307 0.6951 0.6951 0.6951 0.6951 0.3307 0.6951 0.3307 0.3307 0.6951 0.3307 0.3307 0.3307 0.3307 0.3307 0.3307
196 034 030 292 0.6951 0.3307 0.3307 0.3307 0.6951 0.3307 0.3307 0.6951 0.6951 0.6951 0.6951 0.6951 0.3307 0.6951 0.3307 0.3307
034 030 292 189 0.3307 0.6951 0.6951 0.6951 0.3307 0.3307 0.6951 0.6951 0.6951 0.3307 0.3307 0.3307 0.6951 0.3307 0.3307 0.6951
030 292 189 016 0.6951 0.3307 0.3307 0.6951 0.3307 0.3307 0.3307 0.6951 0.3307 0.6951 0.6951 0.6951 0.6951 0.3307 0.3307 0.6951
292 189 016 256 0.6951 0.3307 0.3307 0.6951 0.3307 0.3307 0.3307 0.3307 0.3307 0.3307 0.6951 0.6951 0.3307 0.3307 0.6951 0.6951
189 016 256 217 0.6951 0.6951 0.6951 0.6951 0.3307 0.3307 0.3307 0.6951 0.6951 0.6951 0.6951 0.6951 0.3307 0.3307 0.6951 0.6951
016 256 217 141 0.3307 0.6951 0.3307 0.6951 0.6951 0.3307 0.3307 0.3307 0.6951 0.6951 0.6951 0.6951 0.3307 0.6951 0.3307 0.6951
256 217 141 163 0.6951 0.6951 0.3307 0.3307 0.6951 0.6951 0.6951 0.6951 0.6951 0.6951 0.6951 0.6951 0.6951 0.6951 0.6951 0.3307
217 141 163 293 0.6951 0.3307 0.3307 0.6951 0.6951 0.6951 0.3307 0.6951 0.3307 0.6951 0.3307 0.3307 0.6951 0.6951 0.3307 0.3307
141 163 293 297 0.3307 0.6951 0.6951 0.6951 0.6951 0.3307 0.6951 0.3307 0.6951 0.3307 0.6951 0.3307 0.3307 0.3307 0.6951 0.3307
163 293 297 085 0.6951 0.3307 0.3307 0.3307 0.3307 0.3307 0.6951 0.3307 0.3307 0.3307 0.6951 0.3307 0.6951 0.6951 0.6951 0.6951
293 297 085 045 0.3307 0.6951 0.3307 0.3307 0.6951 0.6951 0.6951 0.6951 0.3307 0.3307 0.3307 0.3307 0.6951 0.3307 0.6951 0.6951
297 085 045 002 0.6951 0.6951 0.6951 0.3307 0.3307 0.6951 0.3307 0.3307 0.6951 0.6951 0.6951 0.6951 0.3307 0.3307 0.3307 0.6951
085 045 002 319 0.3307 0.3307 0.3307 0.6951 0.6951 0.6951 0.3307 0.6951 0.3307 0.6951 0.3307 0.6951 0.3307 0.6951 0.6951 0.6951
045 002 319 121 0.6951 0.6951 0.3307 0.3307 0.6951 0.3307 0.6951 0.6951 0.3307 0.6951 0.6951 0.6951 0.6951 0.6951 0.3307 0.3307
002 319 121 011 0.6951 0.3307 0.6951 0.3307 0.3307 0.3307 0.6951 0.6951 0.6951 0.3307 0.3307 0.6951 0.3307 0.6951 0.6951 0.6951
319 121 011 252 0.6951 0.3307 0.6951 0.6951 0.6951 0.6951 0.3307 0.6951 0.3307 0.6951 0.3307 0.6951 0.6951 0.6951 0.3307 0.6951
121 011 252 108 0.6951 0.3307 0.6951 0.6951 0.3307 0.3307 0.6951 0.3307 0.6951 0.6951 0.6951 0.6951 0.3307 0.3307 0.6951 0.6951
011 252 108 021 0.6951 0.3307 0.6951 0.6951 0.6951 0.6951 0.6951 0.3307 0.3307 0.6951 0.6951 0.6951 0.3307 0.3307 0.3307 0.3307
252 108 021 013 0.6951 0.6951 0.6951 0.6951 0.6951 0.3307 0.3307 0.6951 0.3307 0.6951 0.3307 0.3307 0.3307 0.3307 0.6951 0.6951
108 021 013 072 0.6951 0.3307 0.6951 0.6951 0.3307 0.3307 0.3307 0.3307 0.3307 0.6951 0.6951 0.6951 0.6951 0.6951 0.3307 0.3307
021 013 072 075 0.3307 0.6951 0.3307 0.6951 0.6951 0.3307 0.3307 0.3307 0.6951 0.6951 0.6951 0.3307 0.6951 0.3307 0.6951 0.3307
013 072 075 031 0.6951 0.3307 0.3307 0.6951 0.3307 0.3307 0.6951 0.3307 0.3307 0.3307 0.6951 0.3307 0.3307 0.6951 0.6951 0.3307
072 075 031 278 0.3307 0.6951 0.6951 0.3307 0.3307 0.6951 0.6951 0.3307 0.3307 0.6951 0.6951 0.6951 0.3307 0.3307 0.6951 0.6951
075 031 278 136 0.3307 0.6951 0.3307 0.3307 0.3307 0.3307 0.6951 0.6951 0.3307 0.3307 0.6951 0.6951 0.3307 0.6951 0.3307 0.3307
031 278 136 257 0.3307 0.6951 0.6951 0.3307 0.6951 0.3307 0.6951 0.6951 0.6951 0.6951 0.6951 0.6951 0.3307 0.6951 0.6951 0.6951
278 136 257 309 0.3307 0.3307 0.3307 0.6951 0.6951 0.6951 0.6951 0.6951 0.6951 0.3307 0.3307 0.3307 0.6951 0.3307 0.6951 0.3307
136 257 309 201 0.3307 0.3307 0.6951 0.3307 0.3307 0.6951 0.6951 0.3307 0.3307 0.6951 0.3307 0.3307 0.3307 0.3307 0.3307 0.3307
257 309 201 083 0.6951 0.3307 0.6951 0.6951 0.3307 0.6951 0.6951 0.6951 0.6951 0.6951 0.6951 0.6951 0.3307 0.3307 0.6951 0.6951
309 201 083 350 0.3307 0.6951 0.6951 0.3307 0.3307 0.3307 0.6951 0.6951 0.3307 0.6951 0.3307 0.3307 0.6951 0.3307 0.3307 0.3307
201 083 350 097 0.6951 0.3307 0.6951 0.3307 0.6951 0.6951 0.6951 0.6951 0.6951 0.3307 0.6951 0.3307 0.3307 0.6951 0.6951 0.3307
083 350 097 152 0.3307 0.3307 0.3307 0.6951 0.3307 0.3307 0.6951 0.6951 0.6951 0.6951 0.3307 0.6951 0.6951 0.3307 0.3307 0.6951
350 097 152 022 0.6951 0.6951 0.3307 0.3307 0.6951 0.6951 0.3307 0.6951 0.6951 0.6951 0.6951 0.6951 0.6951 0.6951 0.3307 0.6951
097 152 022 139 0.3307 0.3307 0.3307 0.3307 0.6951 0.6951 0.6951 0.3307 0.6951 0.3307 0.3307 0.3307 0.3307 0.3307 0.6951 0.3307
152 022 139 317 0.6951 0.3307 0.6951 0.3307 0.6951 0.3307 0.6951 0.6951 0.6951 0.6951 0.6951 0.3307 0.3307 0.6951 0.6951 0.3307
022 139 317 149 0.6951 0.6951 0.6951 0.6951 0.6951 0.6951 0.3307 0.6951 0.6951 0.3307 0.3307 0.6951 0.6951 0.6951 0.6951 0.3307
139 317 149 354 0.3307 0.6951 0.6951 0.3307 0.6951 0.3307 0.6951 0.3307 0.3307 0.3307 0.3307 0.3307 0.6951 0.6951 0.3307 0.6951
317 149 354 114 0.3307 0.6951 0.3307 0.6951 0.3307 0.6951 0.3307 0.3307 0.6951 0.6951 0.6951 0.3307 0.3307 0.6951 0.3307 0.3307
149 354 114 312 0.6951 0.6951 0.6951 0.3307 0.6951 0.6951 0.3307 0.3307 0.6951 0.3307 0.6951 0.6951 0.3307 0.6951 0.6951 0.3307
354 114 312 182 0.3307 0.6951 0.3307 0.3307 0.6951 0.6951 0.6951 0.6951 0.6951 0.3307 0.3307 0.6951 0.6951 0.3307 0.3307 0.3307
114 312 182 044 0.3307 0.6951 0.6951 0.3307 0.6951 0.6951 0.6951 0.6951 0.6951 0.3307 0.6951 0.6951 0.3307 0.6951 0.3307 0.3307
312 182 044 321 0.3307 0.6951 0.6951 0.6951 0.3307 0.3307 0.3307 0.3307 0.6951 0.6951 0.3307 0.3307 0.6951 0.6951 0.6951 0.6951
182 044 321 267 0.6951 0.3307 0.3307 0.6951 0.6951 0.3307 0.3307 0.6951 0.3307 0.3307 0.6951 0.3307 0.3307 0.6951 0.3307 0.3307
044 321 267 195 0.6951 0.3307 0.3307 0.3307 0.3307 0.3307 0.3307 0.3307 0.3307 0.6951 0.3307 0.3307 0.6951 0.6951 0.3307 0.3307
321 267 195 130 0.3307 0.3307 0.3307 0.6951 0.3307 0.3307 0.6951 0.3307 0.3307 0.3307 0.3307 0.6951 0.3307 0.3307 0.3307 0.6951
267 195 130 113 0.6951 0.3307 0.3307 0.3307 0.6951 0.6951 0.3307 0.3307 0.3307 0.6951 0.3307 0.3307 0.3307 0.6951 0.3307 0.3307
195 130 113 151 0.3307 0.3307 0.6951 0.3307 0.6951 0.6951 0.3307 0.6951 0.6951 0.3307 0.3307 0.6951 0.6951 0.6951 0.6951 0.3307
130 113 151 004 0.6951 0.6951 0.3307 0.3307 0.3307 0.6951 0.3307 0.6951 0.6951 0.3307 0.3307 0.6951 0.6951 0.6951 0.3307 0.6951
113 151 004 281 0.3307 0.6951 0.6951 0.6951 0.6951 0.6951 0.6951 0.6951 0.6951 0.6951 0.6951 0.3307 0.3307 0.3307 0.6951 0.6951
151 004 281 192 0.3307 0.6951 0.3307 0.3307 0.6951 0.3307 0.6951 0.6951 0.6951 0.3307 0.6951 0.6951 0.3307 0.6951 0.3307 0.3307
004 281 192 335 0.3307 0.6951 0.3307 0.3307 0.6951 0.3307 0.6951 0.6951 0.6951 0.3307 0.6951 0.3307 0.6951 0.3307 0.3307 0.6951
281 192 335 208 0.6951 0.6951 0.3307 0.3307 0.6951 0.6951 0.6951 0.6951 0.6951 0.3307 0.6951 0.6951 0.6951 0.3307 0.6951 0.6951
192 335 208 071 0.3307 0.3307 0.6951 0.6951 0.6951 0.6951 0.6951 0.3307 0.3307 0.6951 0.3307 0.6951 0.6951 0.3307 0.6951 0.6951
335 208 071 084 0.3307 0.3307 0.6951 0.3307 0.6951 0.6951 0.3307 0.3307 0.3307 0.6951 0.3307 0.6951 0.6951 0.3307 0.6951 0.6951
208 071 084 242 0.6951 0.6951 0.3307 0.3307 0.6951 0.6951 0.6951 0.3307 0.6951 0.6951 0.3307 0.6951 0.3307 0.6951 0.6951 0.6951
071 084 242 109 0.3307 0.6951 0.3307 0.3307 0.3307 0.6951 0.3307 0.3307 0.3307 0.3307 0.3307 0.6951 0.3307 0.3307 0.3307 0.6951
084 242 109 287 0.3307 0.3307 0.3307 0.6951 0.3307 0.3307 0.6951 0.3307 0.3307 0.3307 0.6951 0.6951 0.3307 0.6951 0.3307 0.6951
242 109 287 065 0.6951 0.6951 0.6951 0.3307 0.3307 0.3307 0.6951 0.3307 0.3307 0.3307 0.3307 0.6951 0.6951 0.6951 0.6951 0.6951
109 287 065 240 0.3307 0.3307 0.6951 0.3307 0.6951 0.6951 0.6951 0.6951 0.6951 0.3307 0.3307 0.3307 0.6951 0.3307 0.6951 0.3307
287 065 240 073 0.3307 0.6951 0.6951 0.6951 0.6951 0.6951 0.6951 0.6951 0.3307 0.3307 0.3307 0.3307 0.6951 0.6951 0.6951 0.3307
065 240 073 188 0.6951 0.6951 0.6951 0.3307 0.3307 0.6951 0.3307 0.3307 0.6951 0.6951 0.6951 0.3307 0.6951 0.3307 0.3307 0.6951
240 073 188 218 0.6951 0.3307 0.6951 0.3307 0.3307 0.6951 0.3307 0.3307 0.6951 0.3307 0.6951 0.3307 0.6951 0.3307 0.6951 0.3307
073 188 218 081 0.6951 0.3307 0.3307 0.6951 0.3307 0.3307 0.3307 0.3307 0.3307 0.6951 0.6951 0.6951 0.3307 0.6951 0.3307 0.3307
188 218 081 146 0.3307 0.6951 0.6951 0.6951 0.6951 0.6951 0.6951 0.3307 0.6951 0.6951 0.6951 0.3307 0.3307 0.3307 0.6951 0.3307
218 081 146 099 0.3307 0.3307 0.6951 0.6951 0.6951 0.3307 0.3307 0.6951 0.6951 0.6951 0.6951 0.3307 0.3307 0.3307 0.3307 0.6951
081 146 099 173 0.6951 0.3307 0.3307 0.3307 0.6951 0.6951 0.3307 0.3307 0.6951 0.3307 0.6951 0.6951 0.6951 0.3307 0.3307 0.3307
146 099 173 166 0.3307 0.6951 0.3307 0.3307 0.3307 0.3307 0.6951 0.6951 0.6951 0.6951 0.6951 0.6951 0.3307 0.3307 0.3307 0.6951
099 173 166 154 0.6951 0.3307 0.3307 0.3307 0.3307 0.3307 0.6951 0.3307 0.6951 0.3307 0.6951 0.6951 0.3307 0.6951 0.6951 0.6951
173 166 154 037 0.6951 0.3307 0.3307 0.3307 0.3307 0.6951 0.6951 0.6951 0.3307 0.6951 0.3307 0.6951 0.3307 0.6951 0.3307 0.6951
166 154 037 175 0.6951 0.6951 0.3307 0.6951 0.3307 0.6951 0.6951 0.3307 0.6951 0.3307 0.6951 0.6951 0.6951 0.6951 0.3307 0.6951
154 037 175 079 0.6951 0.6951 0.3307 0.6951 0.3307 0.3307 0.6951 0.3307 0.3307 0.6951 0.6951 0.6951 0.6951 0.6951 0.3307 0.3307
037 175 079 300 0.3307 0.3307 0.3307 0.6951 0.6951 0.6951 0.3307 0.3307 0.6951 0.6951 0.6951 0.6951 0.3307 0.3307 0.3307 0.3307
175 079 300 032 0.3307 0.6951 0.6951 0.6951 0.6951 0.3307 0.6951 0.6951 0.3307 0.6951 0.6951 0.3307 0.6951 0.3307 0.3307 0.3307
079 300 032 058 0.6951 0.6951 0.3307 0.6951 0.3307 0.3307 0.6951 0.3307 0.3307 0.3307 0.3307 0.3307 0.6951 0.3307 0.3307 0.3307
300 032 058 280 0.3307 0.3307 0.3307 0.6951 0.3307 0.3307 0.6951 0.3307 0.6951 0.6951 0.6951 0.3307 0.3307 0.3307 0.6951 0.3307
032 058 280 249 0.3307 0.6951 0.3307 0.6951 0.3307 0.3307 0.3307 0.6951 0.3307 0.6951 0.6951 0.3307 0.3307 0.6951 0.6951 0.6951
058 280 249 172 0.3307 0.3307 0.6951 0.3307 0.3307 0.6951 0.3307 0.3307 0.6951 0.6951 0.6951 0.3307 0.6951 0.6951 0.6951 0.3307
280 249 172 089 0.6951 0.3307 0.6951 0.3307 0.3307 0.3307 0.6951 0.6951 0.3307 0.3307 0.3307 0.6951 0.3307 0.3307 0.3307 0.3307
249 172 089 007 0.3307 0.6951 0.6951 0.6951 0.3307 0.3307 0.6951 0.6951 0.6951 0.3307 0.3307 0.3307 0.6951 0.3307 0.3307 0.6951
172 089 007 198 0.3307 0.6951 0.3307 0.3307 0.6951 0.6951 0.6951 0.6951 0.6951 0.6951 0.3307 0.3307 0.6951 0.6951 0.6951 0.6951
089 007 198 180 0.3307 0.6951 0.6951 0.3307 0.3307 0.6951 0.6951 0.6951 0.3307 0.6951 0.3307 0.3307 0.3307 0.3307 0.6951 0.3307
007 198 180 132 0.6951 0.6951 0.6951 0.6951 0.3307 0.6951 0.3307 0.6951 0.3307 0.6951 0.3307 0.6951 0.6951 0.3307 0.3307 0.3307
198 180 132 329 0.6951 0.6951 0.6951 0.3307 0.6951 0.6951 0.3307 0.6951 0.3307 0.3307 0.6951 0.6951 0.6951 0.3307 0.3307 0.3307
180 132 329 250 0.6951 0.6951 0.3307 0.3307 0.3307 0.3307 0.6951 0.3307 0.3307 0.3307 0.6951 0.6951 0.6951 0.3307 0.6951 0.3307
132 329 250 245 0.3307 0.3307 0.3307 0.3307 0.6951 0.3307 0.3307 0.3307 0.6951 0.3307 0.6951 0.6951 0.6951 0.6951 0.3307 0.6951
329 250 245 255 0.3307 0.6951 0.6951 0.3307 0.3307 0.6951 0.6951 0.6951 0.3307 0.3307 0.6951 0.3307 0.6951 0.6951 0.6951 0.3307
250 245 255 216 0.6951 0.6951 0.6951 0.6951 0.3307 0.6951 0.6951 0.6951 0.3307 0.6951 0.6951 0.6951 0.3307 0.3307 0.6951 0.3307
245 255 216 131 0.3307 0.3307 0.3307 0.6951 0.3307 0.3307 0.3307 0.3307 0.6951 0.3307 0.6951 0.6951 0.6951 0.3307 0.6951 0.6951
255 216 131 176 0.6951 0.3307 0.6951 0.6951 0.3307 0.6951 0.6951 0.6951 0.6951 0.3307 0.6951 0.6951 0.3307 0.3307 0.3307 0.3307
216 131 176 038 0.6951 0.6951 0.6951 0.3307 0.3307 0.6951 0.6951 0.6951 0.3307 0.6951 0.6951 0.3307 0.6951 0.3307 0.6951 0.6951
131 176 038 061 0.3307 0.3307 0.6951 0.6951 0.6951 0.6951 0.3307 0.6951 0.3307 0.6951 0.3307 0.6951 0.6951 0.3307 0.3307 0.3307
176 038 061 341 0.3307 0.6951 0.6951 0.3307 0.6951 0.3307 0.6951 0.3307 0.6951 0.6951 0.6951 0.6951 0.3307 0.3307 0.6951 0.3307
038 061 341 251 0.3307 0.6951 0.3307 0.6951 0.3307 0.6951 0.6951 0.6951 0.6951 0.6951 0.6951 0.3307 0.3307 0.3307 0.6951 0.6951
061 341 251 150 0.6951 0.3307 0.3307 0.3307 0.3307 0.3307 0.6951 0.3307 0.6951 0.6951 0.3307 0.3307 0.6951 0.3307 0.6951 0.6951
341 251 150 308 0.3307 0.6951 0.3307 0.6951 0.6951 0.3307 0.3307 0.6951 0.3307 0.3307 0.6951 0.3307 0.3307 0.6951 0.3307 0.3307
251 150 308 260 0.3307 0.6951 0.3307 0.3307 0.6951 0.6951 0.3307 0.6951 0.3307 0.3307 0.6951 0.3307 0.6951 0.3307 0.3307 0.3307
150 308 260 310 0.3307 0.3307 0.3307 0.6951 0.6951 0.3307 0.3307 0.3307 0.6951 0.6951 0.6951 0.3307 0.3307 0.3307 0.6951 0.3307
308 260 310 008 0.3307 0.6951 0.3307 0.3307 0.3307 0.6951 0.6951 0.6951 0.6951 0.3307 0.6951 0.3307 0.6951 0.3307 0.6951 0.3307
260 310 008 207 0.6951 0.3307 0.6951 0.6951 0.6951 0.6951 0.3307 0.3307 0.3307 0.6951 0.6951 0.6951 0.6951 0.6951 0.3307 0.3307
310 008 207 018 0.3307 0.6951 0.3307 0.3307 0.3307 0.6951 0.6951 0.3307 0.6951 0.6951 0.3307 0.6951 0.3307 0.3307 0.6951 0.3307
008 207 018 302 0.6951 0.6951 0.6951 0.3307 0.6951 0.6951 0.6951 0.3307 0.3307 0.6951 0.3307 0.3307 0.3307 0.3307 0.6951 0.6951
207 018 302 010 0.3307 0.6951 0.6951 0.6951 0.6951 0.3307 0.6951 0.6951 0.3307 0.3307 0.6951 0.6951 0.3307 0.6951 0.3307 0.6951
018 302 010 169 0.3307 0.3307 0.3307 0.3307 0.3307 0.3307 0.3307 0.6951 0.6951 0.3307 0.3307 0.3307 0.3307 0.6951 0.6951 0.3307
302 010 169 225 0.3307 0.6951 0.6951 0.6951 0.3307 0.6951 0.3307 0.6951 0.3307 0.3307 0.3307 0.6951 0.3307 0.6951 0.6951 0.3307
010 169 225 025 0.6951 0.6951 0.6951 0.3307 0.6951 0.6951 0.6951 0.3307 0.3307 0.3307 0.3307 0.6951 0.3307 0.3307 0.6951 0.3307
169 225 025 101 0.6951 0.3307 0.6951 0.6951 0.6951 0.3307 0.6951 0.3307 0.3307 0.3307 0.3307 0.6951 0.6951 0.6951 0.6951 0.6951
225 025 101 210 0.6951 0.3307 0.6951 0.3307 0.6951 0.3307 0.3307 0.3307 0.3307 0.6951 0.3307 0.6951 0.6951 0.3307 0.6951 0.6951
025 101 210 183 0.6951 0.3307 0.6951 0.3307 0.6951 0.3307 0.6951 0.6951 0.6951 0.3307 0.6951 0.3307 0.6951 0.3307 0.6951 0.6951
101 210 183 291 0.6951 0.3307 0.3307 0.3307 0.3307 0.3307 0.3307 0.3307 0.6951 0.3307 0.3307 0.3307 0.6951 0.3307 0.6951 0.3307
210 183 291 200 0.3307 0.6951 0.6951 0.3307 0.6951 0.6951 0.3307 0.6951 0.6951 0.6951 0.3307 0.6951 0.6951 0.3307 0.3307 0.3307
183 291 200 355 0.6951 0.6951 0.3307 0.3307 0.6951 0.6951 0.6951 0.3307 0.3307 0.3307 0.6951 0.6951 0.6951 0.3307 0.3307 0.3307
291 200 355 177 0.6951 0.6951 0.6951 0.3307 0.3307 0.6951 0.3307 0.3307 0.6951 0.6951 0.3307 0.6951 0.6951 0.6951 0.6951 0.6951
200 355 177 286 0.3307 0.3307 0.6951 0.6951 0.3307 0.3307 0.3307 0.3307 0.3307 0.6951 0.3307 0.6951 0.6951 0.3307 0.6951 0.3307
355 177 286 232 0.6951 0.6951 0.6951 0.6951 0.6951 0.3307 0.6951 0.3307 0.6951 0.6951 0.3307 0.3307 0.6951 0.6951 0.6951 0.6951
177 286 232 086 0.3307 0.6951 0.3307 0.3307 0.6951 0.6951 0.6951 0.6951 0.6951 0.6951 0.3307 0.6951 0.3307 0.3307 0.3307 0.6951
286 232 086 215 0.3307 0.6951 0.3307 0.6951 0.6951 0.6951 0.3307 0.6951 0.6951 0.3307 0.6951 0.6951 0.3307 0.6951 0.3307 0.6951
232 086 215 234 0.3307 0.3307 0.6951 0.6951 0.6951 0.6951 0.6951 0.3307 0.6951 0.3307 0.6951 0.3307 0.6951 0.6951 0.6951 0.3307
086 215 234 290 0.6951 0.6951 0.3307 0.6951 0.3307 0.6951 0.6951 0.3307 0.6951 0.3307 0.3307 0.3307 0.3307 0.6951 0.6951 0.3307
215 234 290 221 0.3307 0.3307 0.6951 0.3307 0.3307 0.3307 0.6951 0.6951 0.6951 0.6951 0.6951 0.6951 0.3307 0.3307 0.3307 0.3307
234 290 221 346 0.3307 0.3307 0.3307 0.6951 0.6951 0.3307 0.3307 0.6951 0.3307 0.6951 0.3307 0.3307 0.6951 0.6951 0.3307 0.3307
290 221 346 111 0.6951 0.6951 0.6951 0.3307 0.6951 0.3307 0.6951 0.3307 0.3307 0.6951 0.3307 0.6951 0.3307 0.6951 0.6951 0.3307
221 346 111 331 0.6951 0.3307 0.3307 0.3307 0.3307 0.6951 0.3307 0.3307 0.3307 0.3307 0.3307 0.6951 0.6951 0.6951 0.3307 0.3307
346 111 331 235 0.6951 0.6951 0.3307 0.3307 0.6951 0.6951 0.3307 0.6951 0.6951 0.6951 0.3307 0.3307 0.6951 0.3307 0.6951 0.6951
111 331 235 054 0.3307 0.3307 0.3307 0.6951 0.3307 0.3307 0.3307 0.3307 0.6951 0.3307 0.3307 0.3307 0.6951 0.3307 0.3307 0.6951
331 235 054 212 0.3307 0.3307 0.3307 0.3307 0.3307 0.3307 0.3307 0.6951 0.3307 0.3307 0.6951 0.3307 0.3307 0.3307 0.6951 0.6951
235 054 212 205 0.3307 0.6951 0.3307 0.3307 0.6951 0.6951 0.3307 0.3307 0.6951 0.6951 0.6951 0.6951 0.6951 0.6951 0.3307 0.6951
054 212 205 296 0.3307 0.6951 0.6951 0.6951 0.3307 0.6951 0.3307 0.3307 0.3307 0.6951 0.6951 0.3307 0.3307 0.3307 0.3307 0.6951
212 205 296 347 0.3307 0.3307 0.6951 0.6951 0.3307 0.3307 0.3307 0.3307 0.3307 0.3307 0.3307 0.3307 0.3307 0.3307 0.6951 0.3307
205 296 347 036 0.6951 0.6951 0.6951 0.6951 0.6951 0.6951 0.3307 0.6951 0.3307 0.3307 0.6951 0.6951 0.6951 0.3307 0.3307 0.3307
296 347 036 104 0.6951 0.3307 0.6951 0.6951 0.6951 0.3307 0.6951 0.6951 0.6951 0.3307 0.3307 0.3307 0.3307 0.6951 0.6951 0.3307
