356 031684 3
215 258 205 077 0.9409 0.9629 0.9409 0.9629 0.9409 0.9409 0.9409 0.9409 0.9409 0.9409 0.9409 0.9629 0.9629 0.9629 0.9409 0.9629
258 205 077 137 0.9629 0.9409 0.9629 0.9629 0.9629 0.9629 0.9629 0.9409 0.9409 0.9629 0.9409 0.9629 0.9409 0.9629 0.9629 0.9409
205 077 137 068 0.9629 0.9629 0.9629 0.9409 0.9629 0.9629 0.9409 0.9629 0.9629 0.9629 0.9629 0.9409 0.9629 0.9629 0.9409 0.9629
077 137 068 006 0.9409 0.9629 0.9629 0.9409 0.9629 0.9409 0.9409 0.9629 0.9409 0.9409 0.9629 0.9409 0.9409 0.9409 0.9629 0.9409
137 068 006 265 0.9629 0.9629 0.9629 0.9629 0.9629 0.9629 0.9629 0.9629 0.9629 0.9409 0.9629 0.9629 0.9629 0.9629 0.9629 0.9409
068 006 265 084 0.9409 0.9409 0.9629 0.9629 0.9629 0.9409 0.9629 0.9629 0.9409 0.9629 0.9409 0.9409 0.9629 0.9409 0.9629 0.9629
006 265 084 187 0.9629 0.9409 0.9629 0.9629 0.9629 0.9409 0.9629 0.9629 0.9409 0.9409 0.9629 0.9409 0.9629 0.9629 0.9409 0.9409
265 084 187 287 0.9409 0.9629 0.9409 0.9409 0.9409 0.9409 0.9629 0.9629 0.9409 0.9629 0.9629 0.9629 0.9629 0.9409 0.9629 0.9409
084 187 287 218 0.9409 0.9409 0.9409 0.9629 0.9409 0.9409 0.9409 0.9629 0.9629 0.9409 0.9409 0.9409 0.9629 0.9629 0.9409 0.9409
187 287 218 231 0.9409 0.9629 0.9629 0.9409 0.9629 0.9629 0.9629 0.9409 0.9629 0.9409 0.9409 0.9409 0.9409 0.9409 0.9629 0.9629
287 218 231 154 0.9409 0.9409 0.9409 0.9629 0.9629 0.9629 0.9629 0.9629 0.9409 0.9629 0.9409 0.9629 0.9629 0.9629 0.9409 0.9629
218 231 154 261 0.9409 0.9409 0.9629 0.9629 0.9409 0.9409 0.9629 0.9409 0.9629 0.9629 0.9409 0.9629 0.9629 0.9629 0.9409 0.9409
231 154 261 035 0.9629 0.9629 0.9629 0.9629 0.9629 0.9629 0.9629 0.9629 0.9409 0.9629 0.9629 0.9629 0.9629 0.9629 0.9629 0.9629
154 261 035 127 0.9409 0.9409 0.9629 0.9409 0.9409 0.9629 0.9409 0.9629 0.9409 0.9629 0.9409 0.9629 0.9409 0.9409 0.9629 0.9409
261 035 127 347 0.9629 0.9629 0.9629 0.9629 0.9409 0.9409 0.9409 0.9409 0.9629 0.9409 0.9629 0.9409 0.9629 0.9629 0.9409 0.9629
035 127 347 316 0.9629 0.9629 0.9629 0.9409 0.9409 0.9409 0.9409 0.9409 0.9409 0.9629 0.9409 0.9409 0.9409 0.9629 0.9629 0.9409
127 347 316 056 0.9409 0.9409 0.9629 0.9629 0.9629 0.9409 0.9409 0.9629 0.9629 0.9409 0.9629 0.9409 0.9409 0.9629 0.9409 0.9409
347 316 056 088 0.9409 0.9629 0.9409 0.9629 0.9409 0.9409 0.9629 0.9409 0.9409 0.9409 0.9629 0.9409 0.9409 0.9409 0.9629 0.9629
316 056 088 220 0.9629 0.9629 0.9629 0.9409 0.9409 0.9629 0.9629 0.9409 0.9629 0.9409 0.9629 0.9629 0.9629 0.9409 0.9629 0.9629
056 088 220 309 0.9409 0.9629 0.9409 0.9409 0.9629 0.9629 0.9629 0.9629 0.9629 0.9409 0.9629 0.9629 0.9629 0.9409 0.9629 0.9409
088 220 309 048 0.9629 0.9409 0.9629 0.9629 0.9629 0.9409 0.9409 0.9409 0.9409 0.9629 0.9409 0.9629 0.9629 0.9629 0.9409 0.9629
220 309 048 172 0.9409 0.9629 0.9409 0.9629 0.9409 0.9629 0.9629 0.9409 0.9629 0.9409 0.9409 0.9409 0.9629 0.9629 0.9409 0.9629
309 048 172 195 0.9629 0.9409 0.9629 0.9409 0.9629 0.9409 0.9409 0.9409 0.9629 0.9629 0.9409 0.9629 0.9409 0.9629 0.9409 0.9409
048 172 195 190 0.9629 0.9409 0.9629 0.9409 0.9409 0.9629 0.9409 0.9629 0.9629 0.9629 0.9629 0.9409 0.9409 0.9409 0.9409 0.9629
172 195 190 177 0.9409 0.9629 0.9409 0.9629 0.9409 0.9409 0.9629 0.9629 0.9409 0.9629 0.9409 0.9629 0.9629 0.9409 0.9629 0.9629
195 190 177 305 0.9409 0.9409 0.9629 0.9629 0.9629 0.9409 0.9409 0.9409 0.9409 0.9629 0.9629 0.9409 0.9409 0.9629 0.9409 0.9629
190 177 305 348 0.9629 0.9629 0.9629 0.9409 0.9409 0.9629 0.9409 0.9629 0.9409 0.9629 0.9409 0.9629 0.9629 0.9629 0.9629 0.9409
177 305 348 089 0.9629 0.9629 0.9629 0.9409 0.9629 0.9409 0.9409 0.9409 0.9409 0.9409 0.9629 0.9409 0.9409 0.9409 0.9409 0.9409
305 348 089 250 0.9629 0.9409 0.9409 0.9409 0.9629 0.9409 0.9629 0.9629 0.9629 0.9629 0.9409 0.9409 0.9409 0.9409 0.9409 0.9409
348 089 250 214 0.9409 0.9629 0.9629 0.9409 0.9629 0.9409 0.9629 0.9409 0.9409 0.9409 0.9409 0.9409 0.9409 0.9629 0.9629 0.9629
089 250 214 310 0.9629 0.9409 0.9409 0.9409 0.9629 0.9409 0.9629 0.9409 0.9409 0.9629 0.9409 0.9409 0.9629 0.9629 0.9409 0.9629
250 214 310 244 0.9629 0.9409 0.9409 0.9629 0.9409 0.9629 0.9409 0.9409 0.9629 0.9629 0.9409 0.9409 0.9409 0.9409 0.9629 0.9629
214 310 244 059 0.9409 0.9629 0.9629 0.9409 0.9409 0.9629 0.9629 0.9629 0.9629 0.9409 0.9409 0.9629 0.9629 0.9629 0.9629 0.9409
310 244 059 150 0.9629 0.9409 0.9409 0.9409 0.9409 0.9629 0.9409 0.9409 0.9629 0.9409 0.9409 0.9409 0.9409 0.9409 0.9409 0.9409
244 059 150 092 0.9629 0.9409 0.9629 0.9409 0.9629 0.9409 0.9409 0.9409 0.9409 0.9409 0.9409 0.9629 0.9409 0.9409 0.9409 0.9629
059 150 092 225 0.9629 0.9409 0.9409 0.9629 0.9409 0.9409 0.9409 0.9409 0.9629 0.9629 0.9629 0.9629 0.9409 0.9409 0.9409 0.9629
150 092 225 112 0.9409 0.9409 0.9629 0.9629 0.9409 0.9409 0.9629 0.9629 0.9409 0.9409 0.9409 0.9629 0.9629 0.9409 0.9629 0.9409
092 225 112 146 0.9409 0.9629 0.9629 0.9409 0.9409 0.9409 0.9629 0.9409 0.9409 0.9409 0.9409 0.9409 0.9629 0.9409 0.9409 0.9629
225 112 146 221 0.9629 0.9409 0.9629 0.9629 0.9409 0.9409 0.9629 0.9409 0.9409 0.9409 0.9409 0.9629 0.9629 0.9629 0.9629 0.9629
112 146 221 099 0.9629 0.9629 0.9629 0.9409 0.9629 0.9409 0.9629 0.9409 0.9409 0.9409 0.9629 0.9629 0.9409 0.9629 0.9409 0.9629
146 221 099 272 0.9629 0.9629 0.9629 0.9629 0.9409 0.9629 0.9409 0.9409 0.9409 0.9629 0.9629 0.9629 0.9409 0.9629 0.9409 0.9629
221 099 272 104 0.9629 0.9629 0.9409 0.9629 0.9409 0.9629 0.9629 0.9409 0.9409 0.9409 0.9629 0.9629 0.9629 0.9629 0.9409 0.9409
099 272 104 259 0.9409 0.9629 0.9409 0.9409 0.9409 0.9409 0.9409 0.9629 0.9409 0.9629 0.9409 0.9409 0.9629 0.9409 0.9629 0.9409
272 104 259 096 0.9629 0.9409 0.9629 0.9629 0.9629 0.9409 0.9409 0.9629 0.9409 0.9409 0.9409 0.9629 0.9409 0.9629 0.9629 0.9409
104 259 096 043 0.9409 0.9629 0.9409 0.9629 0.9409 0.9409 0.9409 0.9409 0.9629 0.9409 0.9409 0.9629 0.9409 0.9629 0.9409 0.9629
259 096 043 277 0.9629 0.9629 0.9409 0.9409 0.9629 0.9409 0.9629 0.9629 0.9629 0.9409 0.9409 0.9409 0.9629 0.9629 0.9409 0.9629
096 043 277 079 0.9629 0.9629 0.9409 0.9409 0.9629 0.9629 0.9409 0.9629 0.9629 0.9629 0.9409 0.9629 0.9409 0.9629 0.9409 0.9409
043 277 079 005 0.9409 0.9409 0.9629 0.9409 0.9409 0.9629 0.9629 0.9629 0.9409 0.9409 0.9409 0.9629 0.9629 0.9409 0.9629 0.9629
277 079 005 033 0.9629 0.9629 0.9629 0.9629 0.9629 0.9629 0.9409 0.9409 0.9629 0.9409 0.9629 0.9629 0.9409 0.9409 0.9409 0.9629
079 005 033 243 0.9409 0.9629 0.9409 0.9409 0.9409 0.9629 0.9629 0.9409 0.9409 0.9629 0.9409 0.9409 0.9409 0.9629 0.9629 0.9629
005 033 243 353 0.9629 0.9629 0.9409 0.9409 0.9409 0.9409 0.9629 0.9409 0.9409 0.9629 0.9629 0.9629 0.9409 0.9629 0.9629 0.9409
033 243 353 073 0.9629 0.9629 0.9629 0.9409 0.9409 0.9629 0.9629 0.9409 0.9409 0.9409 0.9409 0.9629 0.9409 0.9409 0.9629 0.9629
243 353 073 235 0.9409 0.9409 0.9409 0.9409 0.9629 0.9409 0.9629 0.9409 0.9409 0.9629 0.9409 0.9629 0.9409 0.9409 0.9409 0.9629
353 073 235 260 0.9409 0.9409 0.9629 0.9409 0.9409 0.9409 0.9409 0.9629 0.9629 0.9629 0.9409 0.9409 0.9409 0.9629 0.9409 0.9409
073 235 260 106 0.9409 0.9409 0.9409 0.9629 0.9409 0.9629 0.9629 0.9409 0.9409 0.9629 0.9629 0.9629 0.9409 0.9409 0.9629 0.9409
235 260 106 300 0.9409 0.9409 0.9629 0.9629 0.9629 0.9409 0.9409 0.9409 0.9629 0.9409 0.9629 0.9629 0.9629 0.9629 0.9629 0.9409
260 106 300 093 0.9629 0.9409 0.9629 0.9409 0.9629 0.9629 0.9629 0.9409 0.9629 0.9409 0.9629 0.9629 0.9409 0.9409 0.9629 0.9629
106 300 093 224 0.9409 0.9409 0.9629 0.9409 0.9409 0.9409 0.9629 0.9409 0.9629 0.9409 0.9409 0.9409 0.9629 0.9629 0.9409 0.9409
300 093 224 276 0.9629 0.9629 0.9409 0.9629 0.9629 0.9629 0.9629 0.9409 0.9629 0.9409 0.9629 0.9629 0.9629 0.9409 0.9629 0.9629
093 224 276 124 0.9629 0.9409 0.9629 0.9409 0.9409 0.9629 0.9629 0.9409 0.9409 0.9409 0.9409 0.9629 0.9409 0.9409 0.9629 0.9409
224 276 124 351 0.9629 0.9629 0.9629 0.9629 0.9409 0.9629 0.9629 0.9409 0.9629 0.9629 0.9629 0.9629 0.9629 0.9629 0.9409 0.9629
276 124 351 216 0.9629 0.9409 0.9629 0.9629 0.9629 0.9629 0.9629 0.9629 0.9409 0.9629 0.9409 0.9409 0.9629 0.9409 0.9409 0.9629
124 351 216 292 0.9629 0.9629 0.9629 0.9629 0.9629 0.9629 0.9409 0.9409 0.9629 0.9629 0.9409 0.9629 0.9409 0.9629 0.9409 0.9629
351 216 292 319 0.9409 0.9629 0.9629 0.9629 0.9409 0.9409 0.9629 0.9409 0.9409 0.9629 0.9629 0.9409 0.9409 0.9409 0.9409 0.9629
216 292 319 134 0.9409 0.9409 0.9629 0.9629 0.9629 0.9629 0.9409 0.9629 0.9629 0.9629 0.9629 0.9409 0.9629 0.9409 0.9629 0.9409
292 319 134 050 0.9629 0.9629 0.9629 0.9409 0.9629 0.9629 0.9629 0.9629 0.9629 0.9409 0.9409 0.9409 0.9409 0.9629 0.9629 0.9409
319 134 050 203 0.9409 0.9629 0.9409 0.9409 0.9629 0.9409 0.9629 0.9629 0.9409 0.9629 0.9629 0.9629 0.9409 0.9629 0.9629 0.9629
134 050 203 126 0.9629 0.9409 0.9629 0.9409 0.9629 0.9409 0.9409 0.9409 0.9409 0.9409 0.9409 0.9629 0.9409 0.9629 0.9409 0.9409
050 203 126 145 0.9409 0.9409 0.9629 0.9629 0.9629 0.9629 0.9629 0.9409 0.9409 0.9629 0.9629 0.9409 0.9409 0.9629 0.9629 0.9629
203 126 145 062 0.9409 0.9409 0.9409 0.9409 0.9409 0.9409 0.9629 0.9409 0.9409 0.9629 0.9629 0.9409 0.9629 0.9629 0.9409 0.9409
126 145 062 159 0.9629 0.9629 0.9409 0.9409 0.9409 0.9409 0.9409 0.9629 0.9629 0.9409 0.9629 0.9409 0.9409 0.9629 0.9629 0.9409
145 062 159 341 0.9409 0.9409 0.9629 0.9629 0.9409 0.9629 0.9629 0.9409 0.9629 0.9629 0.9629 0.9409 0.9409 0.9629 0.9409 0.9629
062 159 341 179 0.9409 0.9409 0.9629 0.9629 0.9629 0.9409 0.9629 0.9409 0.9629 0.9629 0.9409 0.9409 0.9629 0.9629 0.9409 0.9409
159 341 179 295 0.9629 0.9409 0.9629 0.9409 0.9629 0.9409 0.9629 0.9409 0.9629 0.9629 0.9409 0.9409 0.9409 0.9409 0.9629 0.9629
341 179 295 122 0.9629 0.9629 0.9629 0.9629 0.9409 0.9409 0.9629 0.9629 0.9629 0.9629 0.9629 0.9409 0.9409 0.9409 0.9629 0.9629
179 295 122 354 0.9629 0.9409 0.9409 0.9629 0.9629 0.9629 0.9409 0.9629 0.9629 0.9629 0.9409 0.9629 0.9629 0.9629 0.9409 0.9629
295 122 354 282 0.9409 0.9409 0.9409 0.9629 0.9409 0.9629 0.9409 0.9629 0.9409 0.9629 0.9629 0.9629 0.9409 0.9409 0.9629 0.9629
122 354 282 002 0.9629 0.9409 0.9629 0.9629 0.9629 0.9629 0.9409 0.9629 0.9629 0.9629 0.9629 0.9409 0.9409 0.9629 0.9629 0.9629
354 282 002 143 0.9409 0.9409 0.9629 0.9629 0.9409 0.9629 0.9629 0.9409 0.9629 0.9629 0.9409 0.9629 0.9629 0.9629 0.9409 0.9409
282 002 143 242 0.9409 0.9629 0.9409 0.9409 0.9409 0.9409 0.9629 0.9629 0.9409 0.9409 0.9629 0.9629 0.9629 0.9409 0.9629 0.9409
002 143 242 076 0.9409 0.9629 0.9409 0.9629 0.9409 0.9409 0.9629 0.9629 0.9409 0.9409 0.9629 0.9409 0.9409 0.9629 0.9629 0.9629
143 242 076 094 0.9409 0.9629 0.9629 0.9629 0.9409 0.9409 0.9409 0.9409 0.9409 0.9629 0.9629 0.9409 0.9409 0.9409 0.9409 0.9409
242 076 094 036 0.9629 0.9629 0.9409 0.9409 0.9629 0.9629 0.9629 0.9409 0.9629 0.9629 0.9629 0.9629 0.9629 0.9629 0.9409 0.9629
076 094 036 085 0.9409 0.9629 0.9409 0.9629 0.9629 0.9629 0.9409 0.9629 0.9409 0.9629 0.9629 0.9629 0.9409 0.9629 0.9629 0.9629
094 036 085 329 0.9409 0.9409 0.9409 0.9409 0.9629 0.9629 0.9409 0.9629 0.9629 0.9409 0.9409 0.9629 0.9409 0.9409 0.9409 0.9409
036 085 329 132 0.9409 0.9409 0.9629 0.9409 0.9409 0.9409 0.9629 0.9409 0.9409 0.9629 0.9629 0.9629 0.9629 0.9629 0.9629 0.9629
085 329 132 135 0.9629 0.9409 0.9629 0.9629 0.9409 0.9629 0.9629 0.9409 0.9409 0.9409 0.9629 0.9409 0.9409 0.9409 0.9409 0.9409
329 132 135 274 0.9629 0.9409 0.9629 0.9409 0.9629 0.9629 0.9409 0.9409 0.9409 0.9409 0.9409 0.9629 0.9629 0.9409 0.9409 0.9409
132 135 274 271 0.9629 0.9629 0.9629 0.9409 0.9629 0.9409 0.9629 0.9409 0.9629 0.9409 0.9629 0.9629 0.9629 0.9629 0.9629 0.9629
135 274 271 055 0.9629 0.9629 0.9629 0.9409 0.9409 0.9629 0.9409 0.9629 0.9629 0.9409 0.9629 0.9409 0.9629 0.9629 0.9629 0.9629
274 271 055 071 0.9409 0.9409 0.9629 0.9629 0.9629 0.9629 0.9409 0.9409 0.9629 0.9629 0.9409 0.9629 0.9409 0.9629 0.9629 0.9409
271 055 071 160 0.9629 0.9629 0.9409 0.9629 0.9629 0.9629 0.9629 0.9629 0.9629 0.9409 0.9629 0.9409 0.9629 0.9629 0.9409 0.9629
055 071 160 285 0.9629 0.9629 0.9409 0.9409 0.9629 0.9409 0.9629 0.9629 0.9409 0.9629 0.9409 0.9629 0.9409 0.9409 0.9629 0.9629
071 160 285 049 0.9629 0.9629 0.9629 0.9409 0.9409 0.9409 0.9409 0.9629 0.9409 0.9409 0.9409 0.9629 0.9409 0.9409 0.9629 0.9629
160 285 049 181 0.9409 0.9629 0.9629 0.9629 0.9629 0.9409 0.9409 0.9409 0.9409 0.9409 0.9629 0.9629 0.9629 0.9409 0.9409 0.9629
285 049 181 139 0.9629 0.9629 0.9629 0.9409 0.9409 0.9629 0.9409 0.9409 0.9629 0.9409 0.9629 0.9629 0.9409 0.9409 0.9629 0.9629
049 181 139 281 0.9629 0.9409 0.9409 0.9409 0.9409 0.9629 0.9629 0.9409 0.9629 0.9629 0.9629 0.9409 0.9629 0.9629 0.9409 0.9409
181 139 281 297 0.9409 0.9629 0.9409 0.9629 0.9409 0.9629 0.9629 0.9629 0.9629 0.9409 0.9629 0.9409 0.9409 0.9629 0.9409 0.9409
139 281 297 238 0.9629 0.9629 0.9409 0.9629 0.9629 0.9629 0.9409 0.9629 0.9409 0.9629 0.9629 0.9629 0.9409 0.9409 0.9409 0.9629
281 297 238 149 0.9409 0.9409 0.9409 0.9629 0.9629 0.9409 0.9409 0.9409 0.9409 0.9629 0.9409 0.9409 0.9409 0.9409 0.9629 0.9629
297 238 149 188 0.9629 0.9629 0.9629 0.9409 0.9409 0.9409 0.9409 0.9409 0.9629 0.9629 0.9409 0.9409 0.9409 0.9409 0.9629 0.9409
238 149 188 101 0.9629 0.9629 0.9629 0.9629 0.9409 0.9629 0.9629 0.9629 0.9409 0.9629 0.9629 0.9409 0.9409 0.9629 0.9409 0.9629
149 188 101 018 0.9409 0.9629 0.9409 0.9629 0.9629 0.9629 0.9409 0.9629 0.9629 0.9629 0.9629 0.9629 0.9409 0.9409 0.9409 0.9409
188 101 018 237 0.9629 0.9629 0.9409 0.9409 0.9629 0.9409 0.9409 0.9629 0.9409 0.9629 0.9409 0.9629 0.9409 0.9629 0.9409 0.9409
101 018 237 241 0.9629 0.9409 0.9629 0.9409 0.9409 0.9629 0.9629 0.9629 0.9629 0.9409 0.9409 0.9629 0.9409 0.9409 0.9629 0.9409
018 237 241 211 0.9409 0.9409 0.9409 0.9629 0.9409 0.9629 0.9629 0.9409 0.9409 0.9629 0.9629 0.9409 0.9629 0.9409 0.9409 0.9629
237 241 211 234 0.9629 0.9629 0.9629 0.9629 0.9629 0.9409 0.9409 0.9409 0.9409 0.9409 0.9409 0.9629 0.9629 0.9409 0.9409 0.9409
241 211 234 183 0.9409 0.9629 0.9629 0.9409 0.9629 0.9629 0.9629 0.9409 0.9629 0.9629 0.9409 0.9629 0.9629 0.9629 0.9409 0.9409
211 234 183 283 0.9629 0.9409 0.9629 0.9629 0.9629 0.9409 0.9629 0.9409 0.9409 0.9409 0.9629 0.9629 0.9409 0.9629 0.9409 0.9409
234 183 283 171 0.9629 0.9409 0.9409 0.9629 0.9409 0.9629 0.9409 0.9409 0.9629 0.9629 0.9629 0.9629 0.9409 0.9629 0.9409 0.9409
183 283 171 007 0.9409 0.9629 0.9629 0.9409 0.9409 0.9629 0.9629 0.9409 0.9629 0.9409 0.9629 0.9629 0.9409 0.9409 0.9629 0.9629
283 171 007 346 0.9409 0.9629 0.9409 0.9409 0.9629 0.9409 0.9409 0.9409 0.9409 0.9409 0.9629 0.9409 0.9629 0.9629 0.9629 0.9409
171 007 346 352 0.9409 0.9629 0.9409 0.9409 0.9629 0.9629 0.9409 0.9409 0.9629 0.9409 0.9629 0.9409 0.9629 0.9409 0.9629 0.9409
007 346 352 064 0.9409 0.9409 0.9409 0.9409 0.9409 0.9629 0.9409 0.9409 0.9629 0.9629 0.9629 0.9629 0.9409 0.9409 0.9629 0.9409
346 352 064 129 0.9409 0.9409 0.9409 0.9409 0.9629 0.9409 0.9629 0.9629 0.9629 0.9629 0.9629 0.9629 0.9409 0.9629 0.9409 0.9409
352 064 129 191 0.9409 0.9409 0.9409 0.9629 0.9409 0.9409 0.9409 0.9629 0.9409 0.9409 0.9629 0.9629 0.9629 0.9629 0.9629 0.9409
064 129 191 128 0.9409 0.9409 0.9629 0.9409 0.9629 0.9409 0.9629 0.9629 0.9409 0.9409 0.9409 0.9409 0.9629 0.9409 0.9629 0.9409
129 191 128 317 0.9629 0.9629 0.9629 0.9629 0.9409 0.9409 0.9629 0.9629 0.9629 0.9629 0.9629 0.9629 0.9629 0.9409 0.9629 0.9629
191 128 317 278 0.9629 0.9409 0.9629 0.9629 0.9409 0.9629 0.9629 0.9409 0.9629 0.9409 0.9409 0.9409 0.9409 0.9629 0.9629 0.9409
128 317 278 301 0.9409 0.9629 0.9409 0.9409 0.9629 0.9629 0.9409 0.9629 0.9409 0.9629 0.9629 0.9409 0.9629 0.9409 0.9409 0.9409
317 278 301 328 0.9409 0.9409 0.9409 0.9409 0.9629 0.9409 0.9629 0.9629 0.9629 0.9629 0.9409 0.9629 0.9629 0.9409 0.9629 0.9409
278 301 328 075 0.9409 0.9409 0.9409 0.9629 0.9409 0.9629 0.9409 0.9409 0.9629 0.9409 0.9409 0.9409 0.9629 0.9409 0.9629 0.9629
301 328 075 095 0.9409 0.9409 0.9629 0.9629 0.9629 0.9629 0.9409 0.9409 0.9629 0.9409 0.9629 0.9409 0.9409 0.9629 0.9409 0.9629
328 075 095 161 0.9409 0.9629 0.9629 0.9629 0.9409 0.9409 0.9409 0.9409 0.9629 0.9409 0.9409 0.9629 0.9629 0.9629 0.9409 0.9629
075 095 161 200 0.9629 0.9409 0.9629 0.9409 0.9629 0.9629 0.9629 0.9409 0.9629 0.9409 0.9629 0.9629 0.9409 0.9629 0.9629 0.9409
095 161 200 232 0.9629 0.9409 0.9409 0.9409 0.9629 0.9409 0.9409 0.9629 0.9409 0.9629 0.9629 0.9629 0.9409 0.9409 0.9629 0.9409
161 200 232 110 0.9629 0.9409 0.9629 0.9629 0.9409 0.9409 0.9629 0.9629 0.9629 0.9629 0.9629 0.9629 0.9409 0.9409 0.9409 0.9629
200 232 110 173 0.9409 0.9629 0.9409 0.9629 0.9409 0.9629 0.9409 0.9629 0.9409 0.9629 0.9629 0.9409 0.9409 0.9629 0.9629 0.9629
232 110 173 105 0.9629 0.9629 0.9629 0.9409 0.9409 0.9409 0.9409 0.9409 0.9409 0.9409 0.9409 0.9409 0.9409 0.9629 0.9629 0.9409
110 173 105 034 0.9409 0.9629 0.9629 0.9409 0.9409 0.9629 0.9629 0.9629 0.9629 0.9629 0.9629 0.9409 0.9409 0.9629 0.9409 0.9409
173 105 034 269 0.9629 0.9409 0.9409 0.9629 0.9629 0.9629 0.9629 0.9409 0.9629 0.9409 0.9409 0.9409 0.9629 0.9409 0.9409 0.9409
105 034 269 213 0.9409 0.9409 0.9629 0.9629 0.9409 0.9409 0.9409 0.9629 0.9409 0.9629 0.9629 0.9629 0.9629 0.9409 0.9629 0.9409
034 269 213 051 0.9409 0.9629 0.9409 0.9409 0.9409 0.9629 0.9629 0.9409 0.9409 0.9409 0.9409 0.9629 0.9629 0.9409 0.9409 0.9629
269 213 051 268 0.9629 0.9409 0.9409 0.9409 0.9629 0.9409 0.9629 0.9629 0.9629 0.9629 0.9629 0.9629 0.9629 0.9629 0.9629 0.9629
213 051 268 206 0.9629 0.9629 0.9629 0.9629 0.9409 0.9409 0.9629 0.9629 0.9629 0.9409 0.9629 0.9409 0.9629 0.9629 0.9629 0.9409
051 268 206 072 0.9409 0.9409 0.9629 0.9409 0.9409 0.9409 0.9629 0.9409 0.9629 0.9629 0.9409 0.9409 0.9409 0.9409 0.9629 0.9629
268 206 072 350 0.9409 0.9409 0.9409 0.9409 0.9409 0.9409 0.9409 0.9409 0.9409 0.9629 0.9629 0.9409 0.9629 0.9629 0.9409 0.9409
206 072 350 017 0.9629 0.9629 0.9409 0.9629 0.9409 0.9409 0.9409 0.9409 0.9629 0.9409 0.9409 0.9409 0.9629 0.9409 0.9409 0.9629
072 350 017 184 0.9629 0.9629 0.9629 0.9409 0.9629 0.9629 0.9409 0.9629 0.9409 0.9409 0.9629 0.9409 0.9409 0.9409 0.9409 0.9409
350 017 184 010 0.9409 0.9629 0.9629 0.9629 0.9409 0.9629 0.9629 0.9629 0.9409 0.9629 0.9409 0.9409 0.9409 0.9629 0.9629 0.9629
017 184 010 240 0.9629 0.9629 0.9629 0.9629 0.9629 0.9409 0.9629 0.9409 0.9409 0.9409 0.9409 0.9629 0.9629 0.9629 0.9409 0.9629
184 010 240 267 0.9409 0.9629 0.9629 0.9409 0.9409 0.9629 0.9409 0.9409 0.9629 0.9629 0.9629 0.9409 0.9409 0.9629 0.9629 0.9409
010 240 267 031 0.9409 0.9629 0.9409 0.9409 0.9409 0.9409 0.9409 0.9629 0.9629 0.9629 0.9629 0.9629 0.9629 0.9409 0.9629 0.9629
240 267 031 040 0.9409 0.9629 0.9629 0.9409 0.9629 0.9409 0.9409 0.9409 0.9629 0.9409 0.9409 0.9629 0.9409 0.9629 0.9409 0.9409
267 031 040 252 0.9629 0.9409 0.9409 0.9409 0.9409 0.9409 0.9629 0.9409 0.9629 0.9629 0.9629 0.9409 0.9629 0.9409 0.9409 0.9409
031 040 252 082 0.9629 0.9409 0.9629 0.9629 0.9409 0.9629 0.9409 0.9409 0.9409 0.9409 0.9409 0.9409 0.9629 0.9629 0.9409 0.9629
040 252 082 054 0.9409 0.9629 0.9409 0.9629 0.9629 0.9409 0.9409 0.9409 0.9629 0.9629 0.9409 0.9629 0.9629 0.9409 0.9409 0.9629
252 082 054 022 0.9409 0.9409 0.9409 0.9629 0.9409 0.9629 0.9409 0.9629 0.9629 0.9409 0.9409 0.9409 0.9409 0.9629 0.9409 0.9409
082 054 022 039 0.9629 0.9409 0.9629 0.9629 0.9629 0.9629 0.9409 0.9629 0.9409 0.9629 0.9629 0.9629 0.9409 0.9629 0.9409 0.9409
054 022 039 125 0.9409 0.9629 0.9629 0.9629 0.9629 0.9409 0.9629 0.9409 0.9409 0.9629 0.9629 0.9629 0.9629 0.9409 0.9409 0.9629
022 039 125 264 0.9409 0.9409 0.9629 0.9409 0.9629 0.9629 0.9629 0.9629 0.9629 0.9409 0.9409 0.9629 0.9409 0.9629 0.9409 0.9409
039 125 264 025 0.9629 0.9409 0.9629 0.9629 0.9409 0.9409 0.9629 0.9629 0.9629 0.9629 0.9629 0.9629 0.9629 0.9629 0.9629 0.9409
125 264 025 313 0.9629 0.9409 0.9409 0.9409 0.9629 0.9629 0.9629 0.9409 0.9629 0.9629 0.9629 0.9629 0.9409 0.9409 0.9409 0.9409
264 025 313 078 0.9409 0.9629 0.9629 0.9629 0.9629 0.9409 0.9409 0.9409 0.9409 0.9629 0.9409 0.9629 0.9629 0.9409 0.9629 0.9409
025 313 078 027 0.9629 0.9409 0.9629 0.9409 0.9629 0.9629 0.9409 0.9409 0.9409 0.9409 0.9409 0.9409 0.9409 0.9629 0.9409 0.9629
313 078 027 262 0.9409 0.9409 0.9629 0.9629 0.9409 0.9629 0.9629 0.9629 0.9629 0.9629 0.9629 0.9409 0.9629 0.9409 0.9629 0.9629
078 027 262 217 0.9409 0.9629 0.9409 0.9629 0.9409 0.9409 0.9409 0.9629 0.9409 0.9629 0.9409 0.9409 0.9409 0.9409 0.9409 0.9629
027 262 217 315 0.9629 0.9629 0.9629 0.9409 0.9629 0.9629 0.9409 0.9629 0.9409 0.9629 0.9409 0.9409 0.9629 0.9409 0.9629 0.9629
262 217 315 118 0.9629 0.9409 0.9409 0.9629 0.9629 0.9409 0.9409 0.9409 0.9629 0.9629 0.9409 0.9409 0.9409 0.9409 0.9629 0.9409
217 315 118 299 0.9629 0.9409 0.9629 0.9629 0.9409 0.9409 0.9629 0.9409 0.9629 0.9409 0.9409 0.9629 0.9629 0.9629 0.9409 0.9409
315 118 299 080 0.9629 0.9409 0.9629 0.9409 0.9629 0.9629 0.9629 0.9629 0.9629 0.9629 0.9629 0.9629 0.9629 0.9409 0.9409 0.9629
118 299 080 193 0.9629 0.9409 0.9629 0.9629 0.9629 0.9629 0.9629 0.9409 0.9629 0.9409 0.9629 0.9409 0.9409 0.9409 0.9409 0.9409
299 080 193 058 0.9409 0.9629 0.9629 0.9409 0.9409 0.9629 0.9409 0.9409 0.9629 0.9629 0.9409 0.9629 0.9409 0.9409 0.9409 0.9409
080 193 058 028 0.9409 0.9409 0.9409 0.9409 0.9409 0.9629 0.9409 0.9409 0.9409 0.9409 0.9629 0.9409 0.9409 0.9629 0.9629 0.9409
193 058 028 270 0.9629 0.9409 0.9629 0.9629 0.9409 0.9629 0.9409 0.9629 0.9629 0.9629 0.9629 0.9409 0.9409 0.9629 0.9629 0.9629
058 028 270 320 0.9629 0.9629 0.9629 0.9629 0.9629 0.9629 0.9629 0.9409 0.9409 0.9629 0.9629 0.9409 0.9629 0.9409 0.9629 0.9629
028 270 320 311 0.9629 0.9409 0.9629 0.9629 0.9409 0.9409 0.9409 0.9629 0.9409 0.9409 0.9409 0.9409 0.9629 0.9629 0.9409 0.9409
270 320 311 009 0.9629 0.9629 0.9409 0.9409 0.9629 0.9629 0.9409 0.9629 0.9409 0.9409 0.9409 0.9409 0.9409 0.9409 0.9409 0.9629
320 311 009 038 0.9629 0.9409 0.9629 0.9409 0.9629 0.9629 0.9629 0.9409 0.9409 0.9629 0.9629 0.9409 0.9629 0.9629 0.9629 0.9409
311 009 038 337 0.9629 0.9409 0.9629 0.9629 0.9409 0.9629 0.9409 0.9629 0.9629 0.9629 0.9629 0.9409 0.9409 0.9409 0.9629 0.9629
009 038 337 280 0.9629 0.9409 0.9629 0.9409 0.9629 0.9629 0.9409 0.9409 0.9629 0.9409 0.9409 0.9409 0.9409 0.9629 0.9409 0.9409
038 337 280 208 0.9629 0.9629 0.9629 0.9409 0.9629 0.9629 0.9409 0.9409 0.9409 0.9409 0.9629 0.9409 0.9409 0.9629 0.9409 0.9409
337 280 208 098 0.9629 0.9409 0.9409 0.9629 0.9409 0.9409 0.9409 0.9629 0.9409 0.9409 0.9409 0.9409 0.9629 0.9409 0.9629 0.9629
280 208 098 046 0.9409 0.9629 0.9409 0.9629 0.9409 0.9409 0.9629 0.9409 0.9629 0.9629 0.9409 0.9629 0.9629 0.9409 0.9629 0.9629
208 098 046 204 0.9629 0.9629 0.9629 0.9409 0.9409 0.9409 0.9409 0.9629 0.9629 0.9409 0.9629 0.9409 0.9409 0.9409 0.9629 0.9409
098 046 204 286 0.9409 0.9629 0.9629 0.9409 0.9629 0.9409 0.9629 0.9409 0.9629 0.9409 0.9409 0.9409 0.9409 0.9629 0.9409 0.9409
046 204 286 247 0.9629 0.9409 0.9629 0.9629 0.9629 0.9409 0.9629 0.9409 0.9629 0.9409 0.9629 0.9629 0.9629 0.9629 0.9409 0.9409
204 286 247 111 0.9629 0.9409 0.9629 0.9629 0.9409 0.9629 0.9629 0.9409 0.9409 0.9629 0.9409 0.9409 0.9409 0.9629 0.9629 0.9629
286 247 111 199 0.9409 0.9409 0.9629 0.9629 0.9409 0.9629 0.9629 0.9629 0.9409 0.9629 0.9629 0.9629 0.9629 0.9409 0.9629 0.9409
247 111 199 226 0.9629 0.9409 0.9629 0.9409 0.9629 0.9409 0.9629 0.9629 0.9409 0.9629 0.9409 0.9409 0.9409 0.9629 0.9629 0.9409
111 199 226 052 0.9629 0.9409 0.9409 0.9409 0.9409 0.9409 0.9629 0.9629 0.9629 0.9629 0.9409 0.9629 0.9409 0.9629 0.9629 0.9629
199 226 052 275 0.9409 0.9629 0.9409 0.9409 0.9629 0.9409 0.9409 0.9629 0.9629 0.9409 0.9629 0.9409 0.9409 0.9409 0.9409 0.9409
226 052 275 000 0.9629 0.9629 0.9409 0.9629 0.9629 0.9409 0.9409 0.9409 0.9409 0.9409 0.9409 0.9629 0.9409 0.9629 0.9629 0.9629
052 275 000 168 0.9409 0.9629 0.9409 0.9629 0.9409 0.9629 0.9409 0.9629 0.9629 0.9409 0.9409 0.9409 0.9629 0.9409 0.9409 0.9409
275 000 168 148 0.9409 0.9629 0.9629 0.9629 0.9629 0.9409 0.9629 0.9629 0.9409 0.9409 0.9409 0.9629 0.9409 0.9629 0.9629 0.9409
000 168 148 345 0.9409 0.9629 0.9629 0.9409 0.9629 0.9629 0.9629 0.9409 0.9409 0.9409 0.9629 0.9409 0.9629 0.9409 0.9629 0.9629
168 148 345 115 0.9409 0.9409 0.9409 0.9409 0.9409 0.9629 0.9409 0.9409 0.9629 0.9409 0.9629 0.9629 0.9409 0.9629 0.9629 0.9629
148 345 115 108 0.9409 0.9409 0.9409 0.9629 0.9409 0.9409 0.9629 0.9409 0.9409 0.9629 0.9409 0.9629 0.9409 0.9629 0.9629 0.9629
345 115 108 210 0.9629 0.9629 0.9409 0.9629 0.9629 0.9409 0.9629 0.9409 0.9629 0.9409 0.9409 0.9409 0.9629 0.9409 0.9629 0.9629
115 108 210 174 0.9409 0.9409 0.9629 0.9629 0.9409 0.9409 0.9629 0.9629 0.9409 0.9629 0.9409 0.9629 0.9629 0.9409 0.9409 0.9409
108 210 174 140 0.9409 0.9629 0.9409 0.9409 0.9409 0.9409 0.9629 0.9629 0.9409 0.9629 0.9409 0.9409 0.9409 0.9409 0.9409 0.9409
210 174 140 197 0.9409 0.9629 0.9629 0.9629 0.9409 0.9629 0.9629 0.9409 0.9629 0.9409 0.9409 0.9629 0.9409 0.9409 0.9409 0.9629
174 140 197 103 0.9409 0.9409 0.9629 0.9409 0.9629 0.9409 0.9629 0.9409 0.9409 0.9629 0.9629 0.9629 0.9409 0.9629 0.9629 0.9409
140 197 103 304 0.9409 0.9629 0.9409 0.9629 0.9409 0.9409 0.9409 0.9629 0.9409 0.9629 0.9629 0.9409 0.9629 0.9409 0.9409 0.9629
197 103 304 318 0.9629 0.9409 0.9629 0.9629 0.9629 0.9629 0.9629 0.9629 0.9409 0.9409 0.9409 0.9409 0.9629 0.9629 0.9409 0.9629
103 304 318 219 0.9629 0.9629 0.9409 0.9629 0.9629 0.9409 0.9409 0.9629 0.9409 0.9409 0.9409 0.9409 0.9629 0.9629 0.9409 0.9409
304 318 219 327 0.9629 0.9409 0.9409 0.9629 0.9629 0.9409 0.9629 0.9629 0.9409 0.9409 0.9409 0.9629 0.9629 0.9629 0.9409 0.9629
318 219 327 091 0.9629 0.9629 0.9629 0.9629 0.9409 0.9629 0.9409 0.9629 0.9629 0.9409 0.9409 0.9409 0.9409 0.9409 0.9629 0.9409
219 327 091 045 0.9409 0.9629 0.9409 0.9409 0.9409 0.9629 0.9409 0.9409 0.9629 0.9629 0.9409 0.9629 0.9629 0.9629 0.9629 0.9409
327 091 045 142 0.9629 0.9629 0.9629 0.9629 0.9629 0.9629 0.9629 0.9409 0.9409 0.9409 0.9629 0.9629 0.9629 0.9409 0.9409 0.9629
091 045 142 349 0.9629 0.9409 0.9409 0.9629 0.9409 0.9409 0.9629 0.9409 0.9629 0.9409 0.9629 0.9629 0.9629 0.9629 0.9629 0.9629
045 142 349 003 0.9629 0.9629 0.9409 0.9629 0.9629 0.9629 0.9629 0.9629 0.9409 0.9409 0.9409 0.9629 0.9629 0.9409 0.9629 0.9409
142 349 003 342 0.9629 0.9409 0.9409 0.9409 0.9409 0.9629 0.9629 0.9629 0.9629 0.9629 0.9629 0.9409 0.9629 0.9629 0.9409 0.9629
349 003 342 141 0.9409 0.9629 0.9629 0.9629 0.9629 0.9409 0.9629 0.9629 0.9629 0.9629 0.9629 0.9629 0.9629 0.9629 0.9409 0.9409
003 342 141 013 0.9629 0.9409 0.9409 0.9629 0.9409 0.9629 0.9409 0.9409 0.9629 0.9629 0.9409 0.9629 0.9629 0.9409 0.9629 0.9629
342 141 013 251 0.9629 0.9409 0.9409 0.9629 0.9409 0.9409 0.9409 0.9409 0.9629 0.9409 0.9629 0.9629 0.9409 0.9629 0.9629 0.9629
141 013 251 335 0.9409 0.9629 0.9629 0.9629 0.9629 0.9409 0.9409 0.9409 0.9629 0.9629 0.9409 0.9409 0.9409 0.9409 0.9409 0.9629
013 251 335 228 0.9409 0.9629 0.9409 0.9409 0.9629 0.9409 0.9409 0.9629 0.9629 0.9409 0.9409 0.9409 0.9409 0.9409 0.9409 0.9409
251 335 228 060 0.9409 0.9409 0.9409 0.9409 0.9629 0.9629 0.9409 0.9629 0.9409 0.9409 0.9409 0.9409 0.9409 0.9409 0.9629 0.9409
335 228 060 066 0.9629 0.9629 0.9629 0.9629 0.9629 0.9629 0.9629 0.9629 0.9409 0.9409 0.9629 0.9409 0.9629 0.9629 0.9409 0.9409
228 060 066 256 0.9629 0.9629 0.9409 0.9409 0.9409 0.9409 0.9629 0.9629 0.9629 0.9629 0.9409 0.9409 0.9629 0.9629 0.9629 0.9629
060 066 256 067 0.9409 0.9629 0.9629 0.9629 0.9409 0.9409 0.9409 0.9629 0.9409 0.9409 0.9629 0.9409 0.9629 0.9629 0.9629 0.9629
066 256 067 273 0.9409 0.9409 0.9409 0.9409 0.9629 0.9409 0.9409 0.9629 0.9629 0.9409 0.9629 0.9409 0.9629 0.9409 0.9629 0.9629
256 067 273 344 0.9409 0.9409 0.9409 0.9409 0.9409 0.9409 0.9629 0.9629 0.9409 0.9409 0.9629 0.9409 0.9629 0.9409 0.9409 0.9409
067 273 344 296 0.9409 0.9409 0.9629 0.9409 0.9409 0.9409 0.9409 0.9409 0.9629 0.9409 0.9629 0.9629 0.9409 0.9629 0.9409 0.9409
273 344 296 279 0.9409 0.9409 0.9629 0.9629 0.9409 0.9409 0.9629 0.9409 0.9409 0.9409 0.9629 0.9629 0.9409 0.9629 0.9629 0.9629
344 296 279 239 0.9409 0.9409 0.9409 0.9409 0.9629 0.9629 0.9409 0.9629 0.9409 0.9409 0.9629 0.9629 0.9409 0.9409 0.9409 0.9409
296 279 239 230 0.9409 0.9629 0.9409 0.9409 0.9409 0.9409 0.9629 0.9629 0.9409 0.9629 0.9409 0.9629 0.9409 0.9629 0.9629 0.9409
279 239 230 288 0.9629 0.9629 0.9629 0.9409 0.9409 0.9629 0.9629 0.9629 0.9629 0.9409 0.9629 0.9409 0.9629 0.9629 0.9409 0.9409
239 230 288 042 0.9409 0.9409 0.9629 0.9629 0.9409 0.9629 0.9409 0.9409 0.9409 0.9629 0.9409 0.9409 0.9409 0.9629 0.9409 0.9409
230 288 042 322 0.9629 0.9409 0.9409 0.9409 0.9629 0.9409 0.9409 0.9629 0.9409 0.9409 0.9629 0.9629 0.9409 0.9409 0.9409 0.9629
288 042 322 147 0.9629 0.9409 0.9629 0.9409 0.9629 0.9409 0.9409 0.9409 0.9409 0.9409 0.9409 0.9409 0.9409 0.9409 0.9409 0.9629
042 322 147 069 0.9629 0.9629 0.9629 0.9409 0.9409 0.9629 0.9629 0.9409 0.9629 0.9629 0.9629 0.9629 0.9629 0.9629 0.9629 0.9409
322 147 069 253 0.9629 0.9409 0.9409 0.9409 0.9629 0.9409 0.9409 0.9629 0.9409 0.9629 0.9629 0.9409 0.9629 0.9629 0.9629 0.9409
147 069 253 289 0.9409 0.9629 0.9409 0.9409 0.9409 0.9409 0.9629 0.9629 0.9629 0.9629 0.9409 0.9409 0.9629 0.9409 0.9629 0.9409
069 253 289 136 0.9409 0.9409 0.9409 0.9409 0.9409 0.9409 0.9409 0.9629 0.9409 0.9409 0.9629 0.9629 0.9629 0.9409 0.9629 0.9629
253 289 136 263 0.9409 0.9409 0.9629 0.9629 0.9629 0.9409 0.9629 0.9629 0.9409 0.9409 0.9629 0.9409 0.9629 0.9409 0.9629 0.9409
289 136 263 185 0.9409 0.9409 0.9629 0.9409 0.9629 0.9629 0.9409 0.9629 0.9629 0.9629 0.9409 0.9629 0.9629 0.9409 0.9409 0.9409
136 263 185 170 0.9409 0.9409 0.9629 0.9629 0.9409 0.9629 0.9409 0.9409 0.9409 0.9629 0.9409 0.9409 0.9409 0.9629 0.9409 0.9629
263 185 170 117 0.9629 0.9409 0.9409 0.9629 0.9629 0.9409 0.9629 0.9629 0.9629 0.9629 0.9629 0.9629 0.9629 0.9409 0.9629 0.9629
185 170 117 158 0.9409 0.9629 0.9629 0.9629 0.9629 0.9629 0.9629 0.9629 0.9629 0.9409 0.9409 0.9629 0.9409 0.9409 0.9409 0.9629
170 117 158 303 0.9409 0.9629 0.9409 0.9409 0.9409 0.9629 0.9629 0.9629 0.9629 0.9409 0.9629 0.9629 0.9409 0.9409 0.9409 0.9409
117 158 303 020 0.9409 0.9629 0.9629 0.9409 0.9629 0.9629 0.9409 0.9629 0.9409 0.9629 0.9629 0.9409 0.9409 0.9409 0.9629 0.9629
158 303 020 325 0.9629 0.9409 0.9629 0.9409 0.9629 0.9409 0.9629 0.9409 0.9409 0.9409 0.9629 0.9629 0.9409 0.9409 0.9409 0.9409
303 020 325 041 0.9629 0.9629 0.9409 0.9629 0.9409 0.9629 0.9629 0.9409 0.9629 0.9629 0.9409 0.9409 0.9409 0.9409 0.9409 0.9629
020 325 041 291 0.9629 0.9409 0.9629 0.9629 0.9629 0.9409 0.9409 0.9629 0.9629 0.9629 0.9629 0.9409 0.9409 0.9629 0.9409 0.9409
325 041 291 001 0.9629 0.9409 0.9629 0.9409 0.9409 0.9629 0.9629 0.9409 0.9629 0.9409 0.9409 0.9409 0.9629 0.9629 0.9629 0.9629
041 291 001 339 0.9629 0.9409 0.9409 0.9409 0.9629 0.9409 0.9409 0.9409 0.9409 0.9629 0.9409 0.9409 0.9629 0.9409 0.9409 0.9409
291 001 339 196 0.9409 0.9629 0.9629 0.9629 0.9409 0.9409 0.9409 0.9409 0.9629 0.9409 0.9629 0.9629 0.9629 0.9409 0.9409 0.9629
001 339 196 306 0.9629 0.9409 0.9629 0.9629 0.9409 0.9629 0.9629 0.9629 0.9629 0.9409 0.9629 0.9629 0.9629 0.9409 0.9629 0.9409
339 196 306 123 0.9409 0.9409 0.9629 0.9409 0.9409 0.9629 0.9629 0.9629 0.9409 0.9409 0.9629 0.9629 0.9629 0.9629 0.9409 0.9629
196 306 123 314 0.9629 0.9409 0.9409 0.9409 0.9629 0.9409 0.9629 0.9409 0.9629 0.9629 0.9629 0.9409 0.9629 0.9409 0.9629 0.9409
306 123 314 070 0.9409 0.9409 0.9629 0.9409 0.9629 0.9629 0.9409 0.9629 0.9409 0.9629 0.9409 0.9629 0.9629 0.9409 0.9409 0.9409
123 314 070 233 0.9409 0.9409 0.9629 0.9629 0.9629 0.9409 0.9629 0.9629 0.9629 0.9409 0.9629 0.9629 0.9629 0.9409 0.9409 0.9409
314 070 233 155 0.9629 0.9409 0.9409 0.9409 0.9409 0.9629 0.9629 0.9409 0.9629 0.9409 0.9409 0.9629 0.9409 0.9409 0.9629 0.9629
070 233 155 180 0.9629 0.9409 0.9629 0.9629 0.9629 0.9629 0.9409 0.9629 0.9409 0.9409 0.9629 0.9629 0.9409 0.9409 0.9409 0.9409
233 155 180 102 0.9629 0.9629 0.9409 0.9629 0.9629 0.9629 0.9629 0.9629 0.9409 0.9629 0.9409 0.9409 0.9629 0.9409 0.9629 0.9409
155 180 102 246 0.9629 0.9409 0.9629 0.9629 0.9409 0.9629 0.9409 0.9629 0.9409 0.9409 0.9409 0.9629 0.9629 0.9409 0.9629 0.9409
180 102 246 130 0.9629 0.9629 0.9629 0.9409 0.9629 0.9629 0.9409 0.9409 0.9629 0.9629 0.9409 0.9629 0.9629 0.9409 0.9629 0.9409
102 246 130 074 0.9629 0.9629 0.9629 0.9409 0.9409 0.9629 0.9409 0.9409 0.9629 0.9409 0.9629 0.9629 0.9409 0.9409 0.9629 0.9409
246 130 074 023 0.9409 0.9409 0.9409 0.9629 0.9629 0.9409 0.9629 0.9629 0.9409 0.9629 0.9629 0.9629 0.9409 0.9409 0.9629 0.9409
130 074 023 138 0.9409 0.9629 0.9409 0.9409 0.9409 0.9409 0.9409 0.9629 0.9629 0.9409 0.9409 0.9409 0.9629 0.9409 0.9629 0.9409
074 023 138 113 0.9409 0.9629 0.9409 0.9629 0.9629 0.9629 0.9629 0.9409 0.9629 0.9409 0.9409 0.9409 0.9409 0.9409 0.9409 0.9629
023 138 113 097 0.9629 0.9409 0.9629 0.9629 0.9629 0.9629 0.9409 0.9629 0.9409 0.9629 0.9629 0.9409 0.9629 0.9409 0.9409 0.9629
138 113 097 157 0.9629 0.9629 0.9629 0.9409 0.9409 0.9409 0.9629 0.9409 0.9629 0.9409 0.9409 0.9409 0.9629 0.9629 0.9629 0.9409
113 097 157 090 0.9629 0.9409 0.9629 0.9629 0.9409 0.9409 0.9409 0.9409 0.9629 0.9409 0.9629 0.9409 0.9409 0.9629 0.9409 0.9409
097 157 090 186 0.9629 0.9629 0.9629 0.9409 0.9409 0.9629 0.9629 0.9629 0.9629 0.9409 0.9409 0.9629 0.9409 0.9629 0.9629 0.9409
157 090 186 331 0.9409 0.9409 0.9409 0.9629 0.9629 0.9629 0.9629 0.9629 0.9629 0.9629 0.9409 0.9629 0.9409 0.9409 0.9409 0.9629
090 186 331 245 0.9409 0.9629 0.9629 0.9409 0.9409 0.9629 0.9409 0.9629 0.9409 0.9629 0.9629 0.9629 0.9409 0.9409 0.9629 0.9409
186 331 245 061 0.9409 0.9629 0.9629 0.9409 0.9409 0.9409 0.9629 0.9409 0.9629 0.9629 0.9629 0.9409 0.9629 0.9629 0.9409 0.9629
331 245 061 014 0.9629 0.9409 0.9409 0.9629 0.9409 0.9409 0.9629 0.9409 0.9629 0.9409 0.9629 0.9409 0.9409 0.9629 0.9409 0.9409
245 061 014 083 0.9629 0.9629 0.9629 0.9629 0.9629 0.9409 0.9409 0.9409 0.9629 0.9629 0.9409 0.9409 0.9629 0.9629 0.9629 0.9409
061 014 083 308 0.9409 0.9409 0.9629 0.9409 0.9409 0.9409 0.9409 0.9409 0.9629 0.9409 0.9409 0.9629 0.9629 0.9409 0.9409 0.9409
014 083 308 336 0.9629 0.9629 0.9409 0.9409 0.9409 0.9409 0.9629 0.9629 0.9409 0.9409 0.9409 0.9409 0.9409 0.9629 0.9629 0.9629
083 308 336 032 0.9409 0.9629 0.9409 0.9409 0.9409 0.9629 0.9409 0.9409 0.9629 0.9409 0.9629 0.9409 0.9409 0.9409 0.9629 0.9629
308 336 032 044 0.9409 0.9409 0.9409 0.9409 0.9629 0.9629 0.9409 0.9629 0.9629 0.9409 0.9409 0.9629 0.9629 0.9629 0.9629 0.9629
336 032 044 030 0.9629 0.9409 0.9409 0.9409 0.9629 0.9409 0.9629 0.9629 0.9629 0.9629 0.9409 0.9409 0.9629 0.9409 0.9409 0.9629
032 044 030 152 0.9409 0.9629 0.9409 0.9629 0.9629 0.9629 0.9629 0.9409 0.9629 0.9629 0.9409 0.9409 0.9409 0.9409 0.9409 0.9409
044 030 152 294 0.9629 0.9409 0.9409 0.9629 0.9629 0.9629 0.9409 0.9629 0.9409 0.9409 0.9629 0.9629 0.9629 0.9629 0.9409 0.9409
030 152 294 008 0.9409 0.9629 0.9409 0.9629 0.9629 0.9409 0.9409 0.9409 0.9629 0.9629 0.9409 0.9629 0.9629 0.9629 0.9629 0.9409
152 294 008 116 0.9629 0.9629 0.9409 0.9409 0.9629 0.9629 0.9409 0.9409 0.9409 0.9409 0.9409 0.9629 0.9409 0.9409 0.9629 0.9629
294 008 116 249 0.9409 0.9409 0.9629 0.9409 0.9629 0.9629 0.9409 0.9629 0.9629 0.9629 0.9629 0.9629 0.9409 0.9409 0.9409 0.9409
008 116 249 053 0.9409 0.9629 0.9409 0.9409 0.9629 0.9409 0.9629 0.9409 0.9629 0.9409 0.9629 0.9409 0.9629 0.9629 0.9629 0.9629
116 249 053 063 0.9409 0.9409 0.9629 0.9629 0.9629 0.9629 0.9409 0.9409 0.9629 0.9409 0.9409 0.9409 0.9629 0.9409 0.9629 0.9409
249 053 063 189 0.9409 0.9409 0.9629 0.9629 0.9629 0.9629 0.9629 0.9629 0.9629 0.9409 0.9409 0.9629 0.9629 0.9409 0.9409 0.9409
053 063 189 015 0.9409 0.9629 0.9629 0.9409 0.9409 0.9409 0.9629 0.9409 0.9409 0.9629 0.9629 0.9409 0.9629 0.9409 0.9629 0.9629
063 189 015 169 0.9629 0.9409 0.9629 0.9629 0.9629 0.9629 0.9629 0.9629 0.9409 0.9629 0.9409 0.9629 0.9629 0.9409 0.9629 0.9629
189 015 169 326 0.9409 0.9629 0.9629 0.9629 0.9629 0.9409 0.9409 0.9409 0.9409 0.9629 0.9409 0.9629 0.9629 0.9409 0.9409 0.9409
015 169 326 255 0.9409 0.9629 0.9409 0.9629 0.9629 0.9629 0.9409 0.9629 0.9629 0.9409 0.9409 0.9409 0.9409 0.9409 0.9629 0.9629
169 326 255 323 0.9629 0.9629 0.9409 0.9629 0.9409 0.9409 0.9629 0.9409 0.9629 0.9629 0.9629 0.9629 0.9629 0.9629 0.9409 0.9409
326 255 323 162 0.9629 0.9629 0.9409 0.9629 0.9629 0.9629 0.9629 0.9409 0.9409 0.9629 0.9409 0.9409 0.9629 0.9409 0.9629 0.9409
255 323 162 087 0.9409 0.9629 0.9629 0.9629 0.9409 0.9629 0.9409 0.9629 0.9409 0.9409 0.9409 0.9409 0.9629 0.9629 0.9409 0.9629
323 162 087 284 0.9629 0.9409 0.9629 0.9409 0.9409 0.9629 0.9409 0.9409 0.9409 0.9629 0.9409 0.9629 0.9629 0.9629 0.9629 0.9629
162 087 284 302 0.9409 0.9409 0.9629 0.9409 0.9409 0.9629 0.9409 0.9409 0.9409 0.9409 0.9629 0.9409 0.9409 0.9409 0.9629 0.9629
087 284 302 037 0.9409 0.9409 0.9409 0.9629 0.9409 0.9409 0.9629 0.9409 0.9409 0.9629 0.9409 0.9409 0.9409 0.9409 0.9629 0.9409
284 302 037 236 0.9409 0.9629 0.9629 0.9409 0.9629 0.9629 0.9409 0.9629 0.9629 0.9409 0.9409 0.9629 0.9409 0.9629 0.9629 0.9629
302 037 236 332 0.9629 0.9409 0.9629 0.9409 0.9409 0.9409 0.9409 0.9629 0.9409 0.9409 0.9409 0.9629 0.9409 0.9409 0.9629 0.9629
037 236 332 019 0.9629 0.9629 0.9409 0.9409 0.9629 0.9409 0.9629 0.9409 0.9409 0.9629 0.9409 0.9629 0.9629 0.9409 0.9629 0.9409
236 332 019 202 0.9409 0.9409 0.9409 0.9629 0.9629 0.9629 0.9629 0.9409 0.9409 0.9409 0.9629 0.9629 0.9629 0.9409 0.9629 0.9629
332 019 202 164 0.9629 0.9629 0.9629 0.9409 0.9629 0.9409 0.9409 0.9629 0.9629 0.9629 0.9409 0.9629 0.9629 0.9629 0.9629 0.9629
019 202 164 307 0.9629 0.9409 0.9409 0.9629 0.9629 0.9629 0.9409 0.9629 0.9629 0.9409 0.9409 0.9629 0.9629 0.9629 0.9629 0.9409
202 164 307 343 0.9629 0.9409 0.9629 0.9629 0.9629 0.9409 0.9629 0.9409 0.9629 0.9409 0.9629 0.9629 0.9629 0.9409 0.9629 0.9629
164 307 343 121 0.9629 0.9409 0.9409 0.9629 0.9629 0.9409 0.9409 0.9629 0.9409 0.9629 0.9409 0.9629 0.9409 0.9409 0.9629 0.9409
307 343 121 312 0.9629 0.9629 0.9409 0.9629 0.9409 0.9409 0.9629 0.9409 0.9629 0.9629 0.9409 0.9409 0.9409 0.9629 0.9629 0.9409
343 121 312 024 0.9629 0.9409 0.9409 0.9629 0.9629 0.9629 0.9409 0.9629 0.9409 0.9629 0.9629 0.9409 0.9409 0.9629 0.9409 0.9409
121 312 024 333 0.9409 0.9629 0.9409 0.9409 0.9409 0.9409 0.9409 0.9409 0.9409 0.9629 0.9409 0.9409 0.9409 0.9409 0.9629 0.9409
312 024 333 223 0.9409 0.9409 0.9629 0.9409 0.9409 0.9629 0.9409 0.9629 0.9409 0.9409 0.9629 0.9629 0.9629 0.9409 0.9629 0.9409
024 333 223 355 0.9629 0.9629 0.9629 0.9629 0.9409 0.9629 0.9629 0.9629 0.9409 0.9409 0.9409 0.9409 0.9409 0.9629 0.9629 0.9629
333 223 355 057 0.9409 0.9629 0.9409 0.9629 0.9629 0.9409 0.9409 0.9629 0.9629 0.9629 0.9629 0.9409 0.9409 0.9409 0.9409 0.9409
223 355 057 165 0.9629 0.9409 0.9629 0.9629 0.9629 0.9629 0.9409 0.9409 0.9409 0.9629 0.9409 0.9409 0.9409 0.9629 0.9409 0.9409
355 057 165 192 0.9629 0.9629 0.9629 0.9409 0.9629 0.9629 0.9629 0.9629 0.9409 0.9409 0.9629 0.9629 0.9629 0.9629 0.9629 0.9629
057 165 192 114 0.9409 0.9409 0.9409 0.9629 0.9629 0.9409 0.9629 0.9629 0.9409 0.9629 0.9409 0.9409 0.9629 0.9409 0.9409 0.9629
165 192 114 340 0.9409 0.9409 0.9409 0.9629 0.9409 0.9409 0.9409 0.9409 0.9629 0.9409 0.9629 0.9629 0.9629 0.9409 0.9629 0.9409
192 114 340 176 0.9409 0.9629 0.9409 0.9409 0.9629 0.9629 0.9409 0.9409 0.9409 0.9409 0.9629 0.9409 0.9629 0.9629 0.9629 0.9629
114 340 176 248 0.9629 0.9629 0.9629 0.9409 0.9409 0.9409 0.9409 0.9629 0.9409 0.9629 0.9409 0.9629 0.9629 0.9629 0.9409 0.9409
340 176 248 163 0.9409 0.9629 0.9409 0.9409 0.9629 0.9629 0.9409 0.9409 0.9629 0.9409 0.9629 0.9629 0.9409 0.9629 0.9409 0.9409
176 248 163 254 0.9629 0.9629 0.9409 0.9629 0.9629 0.9409 0.9629 0.9629 0.9409 0.9629 0.9629 0.9409 0.9629 0.9409 0.9409 0.9409
248 163 254 081 0.9629 0.9629 0.9409 0.9409 0.9409 0.9629 0.9629 0.9629 0.9629 0.9629 0.9409 0.9629 0.9409 0.9409 0.9409 0.9629
163 254 081 156 0.9409 0.9409 0.9629 0.9409 0.9409 0.9409 0.9409 0.9409 0.9629 0.9629 0.9409 0.9629 0.9629 0.9409 0.9409 0.9409
254 081 156 107 0.9629 0.9629 0.9409 0.9629 0.9409 0.9629 0.9409 0.9629 0.9409 0.9409 0.9409 0.9629 0.9409 0.9409 0.9629 0.9629
081 156 107 324 0.9629 0.9629 0.9409 0.9409 0.9409 0.9629 0.9629 0.9629 0.9409 0.9409 0.9409 0.9409 0.9629 0.9409 0.9409 0.9629
156 107 324 120 0.9629 0.9629 0.9629 0.9629 0.9629 0.9409 0.9409 0.9629 0.9629 0.9629 0.9409 0.9409 0.9409 0.9409 0.9629 0.9409
107 324 120 338 0.9629 0.9629 0.9409 0.9629 0.9409 0.9629 0.9629 0.9629 0.9629 0.9629 0.9629 0.9409 0.9409 0.9409 0.9629 0.9409
324 120 338 201 0.9409 0.9629 0.9629 0.9629 0.9409 0.9409 0.9629 0.9409 0.9409 0.9629 0.9409 0.9409 0.9409 0.9409 0.9409 0.9629
120 338 201 119 0.9409 0.9629 0.9629 0.9629 0.9629 0.9629 0.9629 0.9409 0.9409 0.9629 0.9629 0.9629 0.9629 0.9629 0.9409 0.9629
338 201 119 016 0.9629 0.9629 0.9409 0.9629 0.9409 0.9629 0.9409 0.9409 0.9629 0.9629 0.9629 0.9409 0.9409 0.9629 0.9629 0.9409
201 119 016 167 0.9409 0.9409 0.9629 0.9629 0.9409 0.9409 0.9629 0.9629 0.9409 0.9409 0.9409 0.9409 0.9409 0.9629 0.9409 0.9409
119 016 167 266 0.9409 0.9629 0.9409 0.9409 0.9409 0.9629 0.9409 0.9629 0.9409 0.9409 0.9629 0.9409 0.9629 0.9629 0.9409 0.9409
016 167 266 047 0.9629 0.9629 0.9629 0.9629 0.9409 0.9629 0.9629 0.9409 0.9409 0.9409 0.9629 0.9409 0.9409 0.9629 0.9629 0.9629
167 266 047 175 0.9629 0.9629 0.9409 0.9629 0.9629 0.9629 0.9409 0.9409 0.9629 0.9629 0.9629 0.9629 0.9409 0.9409 0.9409 0.9409
266 047 175 198 0.9409 0.9409 0.9409 0.9409 0.9409 0.9409 0.9629 0.9409 0.9409 0.9409 0.9629 0.9629 0.9629 0.9629 0.9409 0.9629
047 175 198 178 0.9409 0.9629 0.9629 0.9629 0.9629 0.9409 0.9629 0.9409 0.9629 0.9629 0.9409 0.9629 0.9409 0.9409 0.9629 0.9409
175 198 178 012 0.9629 0.9629 0.9629 0.9629 0.9409 0.9409 0.9629 0.9629 0.9409 0.9409 0.9629 0.9629 0.9629 0.9629 0.9629 0.9409
198 178 012 182 0.9629 0.9409 0.9629 0.9629 0.9409 0.9629 0.9629 0.9629 0.9629 0.9629 0.9629 0.9629 0.9629 0.9629 0.9409 0.9629
178 012 182 021 0.9409 0.9409 0.9409 0.9409 0.9409 0.9409 0.9409 0.9409 0.9629 0.9629 0.9409 0.9409 0.9629 0.9409 0.9629 0.9409
012 182 021 011 0.9629 0.9629 0.9629 0.9629 0.9629 0.9629 0.9629 0.9409 0.9629 0.9409 0.9409 0.9629 0.9629 0.9409 0.9409 0.9409
182 021 011 026 0.9409 0.9629 0.9629 0.9629 0.9409 0.9409 0.9629 0.9629 0.9629 0.9409 0.9629 0.9629 0.9629 0.9629 0.9629 0.9409
021 011 026 257 0.9629 0.9409 0.9409 0.9409 0.9629 0.9629 0.9629 0.9409 0.9629 0.9629 0.9629 0.9409 0.9409 0.9629 0.9409 0.9409
011 026 257 100 0.9629 0.9629 0.9629 0.9629 0.9629 0.9629 0.9409 0.9409 0.9629 0.9409 0.9629 0.9629 0.9629 0.9629 0.9629 0.9629
026 257 100 330 0.9409 0.9409 0.9409 0.9629 0.9409 0.9409 0.9629 0.9409 0.9629 0.9409 0.9629 0.9629 0.9409 0.9629 0.9409 0.9409
257 100 330 207 0.9409 0.9409 0.9629 0.9409 0.9409 0.9629 0.9409 0.9629 0.9629 0.9629 0.9629 0.9409 0.9409 0.9409 0.9629 0.9629
100 330 207 004 0.9409 0.9629 0.9409 0.9629 0.9629 0.9409 0.9409 0.9629 0.9629 0.9629 0.9409 0.9409 0.9409 0.9629 0.9629 0.9629
330 207 004 209 0.9409 0.9629 0.9409 0.9409 0.9629 0.9409 0.9409 0.9629 0.9409 0.9409 0.9629 0.9629 0.9629 0.9409 0.9629 0.9629
207 004 209 065 0.9409 0.9409 0.9629 0.9409 0.9409 0.9629 0.9629 0.9409 0.9409 0.9629 0.9629 0.9409 0.9409 0.9629 0.9629 0.9409
004 209 065 298 0.9629 0.9629 0.9409 0.9409 0.9629 0.9409 0.9629 0.9409 0.9409 0.9409 0.9629 0.9629 0.9409 0.9629 0.9629 0.9409
209 065 298 166 0.9409 0.9409 0.9409 0.9409 0.9629 0.9409 0.9409 0.9629 0.9409 0.9629 0.9629 0.9629 0.9629 0.9409 0.9409 0.9629
065 298 166 153 0.9629 0.9629 0.9629 0.9629 0.9629 0.9629 0.9629 0.9629 0.9629 0.9409 0.9409 0.9409 0.9409 0.9409 0.9629 0.9629
298 166 153 109 0.9629 0.9629 0.9629 0.9629 0.9409 0.9409 0.9629 0.9629 0.9409 0.9409 0.9409 0.9629 0.9629 0.9409 0.9629 0.9629
166 153 109 133 0.9409 0.9629 0.9409 0.9409 0.9409 0.9629 0.9629 0.9629 0.9629 0.9409 0.9629 0.9409 0.9409 0.9629 0.9629 0.9629
153 109 133 229 0.9409 0.9409 0.9629 0.9629 0.9629 0.9629 0.9409 0.9409 0.9629 0.9629 0.9409 0.9629 0.9409 0.9629 0.9629 0.9629
109 133 229 029 0.9409 0.9409 0.9409 0.9409 0.9629 0.9409 0.9629 0.9629 0.9629 0.9629 0.9629 0.9629 0.9629 0.9409 0.9629 0.9629
133 229 029 227 0.9409 0.9629 0.9409 0.9629 0.9629 0.9409 0.9409 0.9409 0.9409 0.9629 0.9409 0.9409 0.9409 0.9409 0.9409 0.9629
229 029 227 086 0.9629 0.9629 0.9629 0.9629 0.9409 0.9629 0.9629 0.9629 0.9629 0.9409 0.9409 0.9629 0.9629 0.9629 0.9629 0.9409
029 227 086 321 0.9409 0.9629 0.9629 0.9629 0.9629 0.9409 0.9629 0.9629 0.9409 0.9629 0.9629 0.9409 0.9409 0.9409 0.9629 0.9409
227 086 321 151 0.9409 0.9629 0.9409 0.9629 0.9629 0.9409 0.9409 0.9629 0.9409 0.9409 0.9629 0.9629 0.9629 0.9629 0.9409 0.9629
086 321 151 293 0.9409 0.9629 0.9629 0.9629 0.9629 0.9409 0.9629 0.9409 0.9629 0.9629 0.9409 0.9629 0.9629 0.9629 0.9629 0.9409
321 151 293 131 0.9629 0.9409 0.9629 0.9629 0.9629 0.9629 0.9409 0.9629 0.9629 0.9409 0.9629 0.9629 0.9409 0.9409 0.9409 0.9629
151 293 131 212 0.9629 0.9409 0.9409 0.9409 0.9409 0.9629 0.9409 0.9629 0.9409 0.9629 0.9409 0.9409 0.9629 0.9629 0.9409 0.9409
293 131 212 144 0.9409 0.9409 0.9629 0.9409 0.9409 0.9629 0.9409 0.9629 0.9629 0.9629 0.9629 0.9629 0.9409 0.9409 0.9409 0.9409
131 212 144 290 0.9409 0.9409 0.9409 0.9409 0.9629 0.9409 0.9629 0.9409 0.9629 0.9629 0.9629 0.9409 0.9629 0.9629 0.9629 0.9409
212 144 290 222 0.9409 0.9409 0.9409 0.9409 0.9629 0.9629 0.9409 0.9409 0.9629 0.9409 0.9409 0.9409 0.9409 0.9629 0.9629 0.9629
144 290 222 334 0.9409 0.9409 0.9629 0.9409 0.9629 0.9409 0.9629 0.9409 0.9409 0.9409 0.9629 0.9629 0.9409 0.9409 0.9409 0.9629
290 222 334 194 0.9409 0.9409 0.9409 0.9629 0.9629 0.9629 0.9629 0.9409 0.9409 0.9629 0.9629 0.9629 0.9409 0.9629 0.9409 0.9629
222 334 194 215 0.9409 0.9409 0.9629 0.9409 0.9629 0.9629 0.9409 0.9629 0.9409 0.9409 0.9409 0.9629 0.9629 0.9409 0.9409 0.9409
334 194 215 258 0.9409 0.9629 0.9409 0.9629 0.9629 0.9629 0.9629 0.9629 0.9629 0.9629 0.9409 0.9409 0.9629 0.9409 0.9409 0.9629
194 215 258 205 0.9409 0.9629 0.9629 0.9629 0.9629 0.9629 0.9409 0.9409 0.9409 0.9629 0.9409 0.9629 0.9629 0.9629 0.9409 0.9629
