356 031684 3
031 311 136 099 0.8040 0.3613 0.3613 0.8040 0.3613 0.8040 0.3613 0.8040 0.8040 0.3613 0.8040 0.3613 0.3613 0.8040 0.8040 0.3613
311 136 099 182 0.8040 0.8040 0.3613 0.8040 0.3613 0.3613 0.8040 0.3613 0.3613 0.3613 0.3613 0.8040 0.8040 0.8040 0.8040 0.8040
136 099 182 097 0.8040 0.3613 0.3613 0.8040 0.3613 0.8040 0.8040 0.3613 0.3613 0.8040 0.3613 0.8040 0.8040 0.3613 0.3613 0.8040
099 182 097 013 0.8040 0.8040 0.8040 0.3613 0.8040 0.8040 0.8040 0.3613 0.8040 0.8040 0.8040 0.8040 0.8040 0.8040 0.3613 0.8040
182 097 013 340 0.3613 0.3613 0.3613 0.8040 0.8040 0.3613 0.8040 0.3613 0.8040 0.8040 0.3613 0.3613 0.8040 0.8040 0.3613 0.8040
097 013 340 246 0.8040 0.8040 0.3613 0.8040 0.3613 0.3613 0.3613 0.8040 0.8040 0.8040 0.8040 0.3613 0.8040 0.8040 0.8040 0.8040
013 340 246 067 0.8040 0.3613 0.3613 0.8040 0.8040 0.8040 0.3613 0.3613 0.3613 0.3613 0.8040 0.3613 0.8040 0.3613 0.3613 0.8040
340 246 067 206 0.8040 0.3613 0.8040 0.3613 0.3613 0.8040 0.3613 0.8040 0.3613 0.8040 0.8040 0.8040 0.3613 0.3613 0.8040 0.3613
246 067 206 131 0.8040 0.3613 0.8040 0.8040 0.8040 0.3613 0.3613 0.3613 0.3613 0.3613 0.3613 0.8040 0.3613 0.8040 0.3613 0.8040
067 206 131 227 0.3613 0.3613 0.8040 0.8040 0.3613 0.8040 0.8040 0.8040 0.3613 0.8040 0.8040 0.3613 0.3613 0.3613 0.8040 0.8040
206 131 227 118 0.3613 0.3613 0.3613 0.3613 0.8040 0.3613 0.8040 0.8040 0.3613 0.3613 0.8040 0.8040 0.3613 0.8040 0.3613 0.3613
131 227 118 041 0.3613 0.3613 0.8040 0.8040 0.3613 0.8040 0.3613 0.3613 0.8040 0.8040 0.3613 0.3613 0.8040 0.8040 0.8040 0.8040
227 118 041 205 0.8040 0.8040 0.8040 0.8040 0.3613 0.8040 0.8040 0.3613 0.8040 0.8040 0.8040 0.8040 0.8040 0.8040 0.8040 0.3613
118 041 205 180 0.8040 0.3613 0.3613 0.3613 0.3613 0.3613 0.8040 0.3613 0.8040 0.3613 0.8040 0.3613 0.8040 0.8040 0.3613 0.3613
041 205 180 079 0.3613 0.8040 0.8040 0.8040 0.3613 0.8040 0.3613 0.3613 0.3613 0.8040 0.8040 0.8040 0.8040 0.8040 0.3613 0.3613
205 180 079 278 0.8040 0.3613 0.3613 0.8040 0.3613 0.3613 0.3613 0.3613 0.3613 0.8040 0.8040 0.3613 0.8040 0.3613 0.3613 0.3613
180 079 278 003 0.8040 0.8040 0.8040 0.3613 0.8040 0.3613 0.8040 0.8040 0.3613 0.8040 0.8040 0.8040 0.3613 0.8040 0.8040 0.3613
079 278 003 056 0.3613 0.8040 0.3613 0.8040 0.3613 0.8040 0.8040 0.3613 0.3613 0.3613 0.3613 0.8040 0.3613 0.8040 0.8040 0.8040
278 003 056 127 0.8040 0.8040 0.3613 0.8040 0.8040 0.3613 0.8040 0.8040 0.8040 0.3613 0.3613 0.8040 0.8040 0.3613 0.8040 0.8040
003 056 127 161 0.3613 0.3613 0.3613 0.8040 0.3613 0.8040 0.8040 0.8040 0.3613 0.3613 0.8040 0.3613 0.3613 0.3613 0.3613 0.8040
056 127 161 152 0.8040 0.8040 0.8040 0.8040 0.8040 0.8040 0.8040 0.3613 0.3613 0.3613 0.3613 0.8040 0.3613 0.3613 0.8040 0.3613
127 161 152 051 0.8040 0.3613 0.8040 0.3613 0.8040 0.3613 0.8040 0.3613 0.3613 0.8040 0.3613 0.3613 0.8040 0.8040 0.8040 0.8040
161 152 051 355 0.8040 0.3613 0.3613 0.3613 0.8040 0.3613 0.3613 0.8040 0.8040 0.3613 0.3613 0.3613 0.3613 0.3613 0.3613 0.3613
152 051 355 245 0.8040 0.8040 0.3613 0.8040 0.3613 0.3613 0.8040 0.3613 0.8040 0.3613 0.3613 0.3613 0.3613 0.3613 0.8040 0.3613
051 355 245 193 0.3613 0.8040 0.8040 0.3613 0.8040 0.3613 0.3613 0.8040 0.8040 0.8040 0.3613 0.8040 0.3613 0.8040 0.3613 0.3613
355 245 193 014 0.3613 0.8040 0.3613 0.3613 0.8040 0.8040 0.8040 0.3613 0.8040 0.3613 0.8040 0.8040 0.8040 0.3613 0.3613 0.3613
245 193 014 160 0.8040 0.3613 0.8040 0.3613 0.8040 0.3613 0.8040 0.8040 0.8040 0.8040 0.8040 0.8040 0.3613 0.3613 0.3613 0.8040
193 014 160 196 0.3613 0.3613 0.3613 0.3613 0.8040 0.8040 0.3613 0.8040 0.3613 0.3613 0.8040 0.8040 0.8040 0.3613 0.8040 0.8040
014 160 196 172 0.3613 0.8040 0.8040 0.3613 0.3613 0.8040 0.3613 0.8040 0.8040 0.3613 0.3613 0.8040 0.3613 0.3613 0.8040 0.3613
160 196 172 159 0.3613 0.3613 0.8040 0.3613 0.3613 0.8040 0.8040 0.3613 0.3613 0.8040 0.3613 0.8040 0.8040 0.3613 0.3613 0.8040
196 172 159 250 0.3613 0.8040 0.3613 0.3613 0.8040 0.3613 0.3613 0.8040 0.8040 0.8040 0.3613 0.8040 0.8040 0.3613 0.8040 0.8040
172 159 250 351 0.8040 0.8040 0.3613 0.8040 0.8040 0.8040 0.8040 0.8040 0.8040 0.8040 0.8040 0.8040 0.3613 0.3613 0.3613 0.8040
159 250 351 162 0.3613 0.3613 0.8040 0.3613 0.8040 0.3613 0.8040 0.3613 0.3613 0.3613 0.3613 0.8040 0.8040 0.8040 0.8040 0.3613
250 351 162 065 0.3613 0.3613 0.3613 0.8040 0.8040 0.3613 0.8040 0.8040 0.3613 0.3613 0.3613 0.3613 0.8040 0.3613 0.8040 0.8040
351 162 065 087 0.8040 0.3613 0.3613 0.8040 0.3613 0.3613 0.3613 0.3613 0.3613 0.8040 0.8040 0.8040 0.3613 0.8040 0.3613 0.3613
162 065 087 133 0.8040 0.3613 0.3613 0.3613 0.8040 0.3613 0.3613 0.8040 0.8040 0.8040 0.3613 0.8040 0.8040 0.3613 0.3613 0.3613
065 087 133 069 0.8040 0.3613 0.3613 0.8040 0.3613 0.8040 0.3613 0.8040 0.3613 0.8040 0.3613 0.8040 0.3613 0.3613 0.3613 0.3613
087 133 069 239 0.8040 0.8040 0.3613 0.3613 0.8040 0.8040 0.8040 0.3613 0.3613 0.3613 0.3613 0.3613 0.8040 0.3613 0.8040 0.3613
133 069 239 001 0.8040 0.3613 0.3613 0.8040 0.3613 0.8040 0.3613 0.8040 0.3613 0.8040 0.8040 0.3613 0.3613 0.3613 0.3613 0.3613
069 239 001 102 0.3613 0.3613 0.3613 0.8040 0.3613 0.3613 0.3613 0.3613 0.3613 0.8040 0.3613 0.3613 0.3613 0.3613 0.3613 0.3613
239 001 102 070 0.3613 0.3613 0.8040 0.3613 0.8040 0.3613 0.3613 0.3613 0.3613 0.8040 0.8040 0.8040 0.3613 0.8040 0.8040 0.3613
001 102 070 002 0.3613 0.3613 0.3613 0.3613 0.3613 0.8040 0.8040 0.3613 0.3613 0.8040 0.8040 0.3613 0.8040 0.8040 0.3613 0.8040
102 070 002 091 0.8040 0.8040 0.8040 0.8040 0.3613 0.3613 0.8040 0.8040 0.3613 0.3613 0.8040 0.8040 0.8040 0.3613 0.8040 0.3613
070 002 091 347 0.8040 0.3613 0.3613 0.3613 0.3613 0.8040 0.3613 0.8040 0.8040 0.3613 0.3613 0.3613 0.3613 0.8040 0.3613 0.8040
002 091 347 042 0.8040 0.8040 0.3613 0.3613 0.3613 0.3613 0.8040 0.8040 0.3613 0.8040 0.8040 0.8040 0.8040 0.8040 0.3613 0.3613
091 347 042 203 0.8040 0.8040 0.3613 0.3613 0.8040 0.3613 0.3613 0.8040 0.3613 0.3613 0.8040 0.8040 0.3613 0.3613 0.8040 0.8040
347 042 203 050 0.3613 0.3613 0.3613 0.3613 0.3613 0.3613 0.3613 0.3613 0.3613 0.3613 0.8040 0.8040 0.8040 0.8040 0.8040 0.8040
042 203 050 346 0.3613 0.8040 0.8040 0.3613 0.3613 0.3613 0.3613 0.3613 0.3613 0.8040 0.8040 0.8040 0.3613 0.8040 0.8040 0.8040
203 050 346 156 0.3613 0.8040 0.3613 0.8040 0.3613 0.8040 0.8040 0.8040 0.8040 0.8040 0.8040 0.8040 0.8040 0.3613 0.8040 0.8040
050 346 156 128 0.3613 0.8040 0.3613 0.8040 0.3613 0.8040 0.8040 0.8040 0.8040 0.8040 0.8040 0.8040 0.8040 0.8040 0.8040 0.3613
346 156 128 215 0.8040 0.8040 0.8040 0.8040 0.3613 0.8040 0.8040 0.3613 0.8040 0.8040 0.3613 0.3613 0.3613 0.3613 0.3613 0.8040
156 128 215 323 0.3613 0.8040 0.8040 0.8040 0.3613 0.8040 0.8040 0.3613 0.3613 0.3613 0.3613 0.3613 0.3613 0.8040 0.8040 0.3613
128 215 323 352 0.3613 0.8040 0.3613 0.8040 0.8040 0.3613 0.3613 0.8040 0.3613 0.8040 0.3613 0.8040 0.3613 0.3613 0.8040 0.8040
215 323 352 284 0.8040 0.8040 0.8040 0.3613 0.8040 0.8040 0.3613 0.8040 0.3613 0.8040 0.3613 0.8040 0.3613 0.3613 0.8040 0.8040
323 352 284 072 0.8040 0.3613 0.8040 0.3613 0.8040 0.8040 0.8040 0.3613 0.3613 0.3613 0.8040 0.3613 0.3613 0.8040 0.8040 0.3613
352 284 072 021 0.3613 0.3613 0.3613 0.8040 0.3613 0.3613 0.8040 0.8040 0.8040 0.8040 0.3613 0.8040 0.3613 0.8040 0.8040 0.8040
284 072 021 220 0.3613 0.3613 0.8040 0.8040 0.8040 0.8040 0.3613 0.3613 0.3613 0.8040 0.8040 0.8040 0.3613 0.8040 0.8040 0.3613
072 021 220 026 0.3613 0.8040 0.8040 0.3613 0.3613 0.3613 0.3613 0.3613 0.8040 0.3613 0.8040 0.8040 0.3613 0.3613 0.3613 0.8040
021 220 026 116 0.3613 0.8040 0.3613 0.8040 0.3613 0.8040 0.8040 0.8040 0.8040 0.3613 0.8040 0.8040 0.8040 0.3613 0.8040 0.8040
220 026 116 204 0.3613 0.8040 0.8040 0.8040 0.8040 0.8040 0.8040 0.8040 0.3613 0.8040 0.8040 0.3613 0.8040 0.8040 0.3613 0.3613
026 116 204 157 0.8040 0.8040 0.3613 0.3613 0.8040 0.3613 0.8040 0.3613 0.8040 0.8040 0.3613 0.8040 0.3613 0.3613 0.8040 0.8040
116 204 157 306 0.8040 0.8040 0.3613 0.3613 0.8040 0.3613 0.8040 0.3613 0.3613 0.3613 0.8040 0.3613 0.3613 0.3613 0.3613 0.8040
204 157 306 273 0.3613 0.3613 0.8040 0.3613 0.3613 0.3613 0.8040 0.3613 0.3613 0.8040 0.8040 0.3613 0.8040 0.8040 0.3613 0.8040
157 306 273 263 0.3613 0.8040 0.3613 0.8040 0.8040 0.8040 0.3613 0.3613 0.3613 0.3613 0.3613 0.3613 0.3613 0.8040 0.3613 0.8040
306 273 263 046 0.8040 0.3613 0.8040 0.3613 0.8040 0.3613 0.3613 0.8040 0.8040 0.8040 0.3613 0.3613 0.3613 0.3613 0.3613 0.3613
273 263 046 328 0.8040 0.8040 0.8040 0.8040 0.8040 0.3613 0.8040 0.3613 0.3613 0.3613 0.8040 0.3613 0.3613 0.3613 0.8040 0.8040
263 046 328 052 0.8040 0.3613 0.8040 0.8040 0.8040 0.3613 0.8040 0.3613 0.8040 0.8040 0.3613 0.8040 0.8040 0.3613 0.8040 0.3613
046 328 052 115 0.3613 0.8040 0.8040 0.3613 0.3613 0.8040 0.8040 0.3613 0.8040 0.3613 0.3613 0.3613 0.8040 0.3613 0.3613 0.8040
328 052 115 333 0.3613 0.8040 0.8040 0.8040 0.3613 0.8040 0.3613 0.3613 0.8040 0.3613 0.8040 0.3613 0.8040 0.8040 0.8040 0.8040
052 115 333 151 0.8040 0.3613 0.3613 0.8040 0.3613 0.3613 0.3613 0.8040 0.8040 0.3613 0.8040 0.8040 0.8040 0.3613 0.8040 0.3613
115 333 151 350 0.3613 0.8040 0.3613 0.3613 0.3613 0.3613 0.8040 0.3613 0.3613 0.3613 0.3613 0.8040 0.3613 0.3613 0.3613 0.3613
333 151 350 259 0.3613 0.8040 0.3613 0.3613 0.8040 0.8040 0.3613 0.8040 0.3613 0.3613 0.8040 0.3613 0.8040 0.3613 0.8040 0.3613
151 350 259 231 0.8040 0.8040 0.8040 0.8040 0.3613 0.3613 0.8040 0.3613 0.3613 0.8040 0.8040 0.8040 0.8040 0.3613 0.8040 0.8040
350 259 231 237 0.8040 0.8040 0.3613 0.3613 0.3613 0.8040 0.8040 0.3613 0.8040 0.3613 0.3613 0.3613 0.3613 0.8040 0.8040 0.8040
259 231 237 252 0.8040 0.3613 0.3613 0.8040 0.8040 0.8040 0.3613 0.8040 0.3613 0.8040 0.3613 0.8040 0.8040 0.8040 0.8040 0.8040
231 237 252 191 0.3613 0.8040 0.8040 0.3613 0.3613 0.3613 0.8040 0.3613 0.8040 0.3613 0.8040 0.8040 0.3613 0.8040 0.8040 0.3613
237 252 191 175 0.3613 0.3613 0.8040 0.8040 0.3613 0.3613 0.8040 0.3613 0.8040 0.3613 0.8040 0.3613 0.8040 0.3613 0.3613 0.8040
252 191 175 044 0.3613 0.8040 0.8040 0.3613 0.8040 0.3613 0.3613 0.3613 0.8040 0.3613 0.8040 0.3613 0.3613 0.8040 0.8040 0.3613
191 175 044 166 0.3613 0.8040 0.8040 0.3613 0.8040 0.8040 0.3613 0.3613 0.8040 0.3613 0.3613 0.8040 0.8040 0.8040 0.3613 0.8040
175 044 166 305 0.3613 0.3613 0.3613 0.3613 0.8040 0.3613 0.3613 0.8040 0.3613 0.3613 0.3613 0.3613 0.8040 0.8040 0.3613 0.8040
044 166 305 129 0.8040 0.8040 0.8040 0.8040 0.3613 0.3613 0.3613 0.3613 0.8040 0.3613 0.8040 0.8040 0.8040 0.8040 0.8040 0.8040
166 305 129 007 0.8040 0.8040 0.8040 0.3613 0.8040 0.3613 0.3613 0.8040 0.3613 0.3613 0.3613 0.3613 0.3613 0.8040 0.3613 0.3613
305 129 007 025 0.8040 0.3613 0.3613 0.3613 0.8040 0.3613 0.3613 0.3613 0.3613 0.8040 0.8040 0.3613 0.3613 0.8040 0.8040 0.8040
129 007 025 017 0.3613 0.3613 0.8040 0.8040 0.8040 0.3613 0.3613 0.8040 0.8040 0.3613 0.3613 0.3613 0.3613 0.8040 0.3613 0.8040
007 025 017 141 0.3613 0.3613 0.3613 0.3613 0.3613 0.3613 0.8040 0.8040 0.8040 0.3613 0.8040 0.8040 0.8040 0.8040 0.8040 0.8040
025 017 141 121 0.8040 0.3613 0.8040 0.8040 0.3613 0.3613 0.3613 0.3613 0.3613 0.8040 0.8040 0.3613 0.8040 0.3613 0.3613 0.3613
017 141 121 198 0.8040 0.3613 0.3613 0.3613 0.8040 0.3613 0.8040 0.3613 0.8040 0.3613 0.3613 0.3613 0.8040 0.8040 0.8040 0.3613
141 121 198 277 0.3613 0.8040 0.3613 0.8040 0.8040 0.8040 0.8040 0.8040 0.8040 0.8040 0.8040 0.8040 0.8040 0.8040 0.3613 0.3613
121 198 277 043 0.3613 0.3613 0.8040 0.3613 0.3613 0.3613 0.3613 0.3613 0.8040 0.8040 0.3613 0.8040 0.8040 0.3613 0.3613 0.8040
198 277 043 039 0.8040 0.3613 0.3613 0.8040 0.8040 0.3613 0.3613 0.8040 0.8040 0.8040 0.3613 0.8040 0.8040 0.8040 0.8040 0.8040
277 043 039 170 0.3613 0.3613 0.3613 0.8040 0.3613 0.8040 0.8040 0.8040 0.3613 0.3613 0.8040 0.8040 0.8040 0.3613 0.3613 0.3613
043 039 170 192 0.8040 0.8040 0.8040 0.3613 0.3613 0.8040 0.8040 0.8040 0.3613 0.8040 0.3613 0.8040 0.8040 0.3613 0.3613 0.3613
039 170 192 261 0.8040 0.3613 0.3613 0.8040 0.8040 0.8040 0.3613 0.3613 0.8040 0.3613 0.3613 0.8040 0.3613 0.8040 0.3613 0.3613
170 192 261 225 0.8040 0.3613 0.8040 0.3613 0.3613 0.3613 0.3613 0.3613 0.8040 0.8040 0.8040 0.8040 0.3613 0.8040 0.8040 0.8040
192 261 225 134 0.8040 0.8040 0.3613 0.3613 0.8040 0.3613 0.8040 0.8040 0.8040 0.8040 0.8040 0.3613 0.8040 0.3613 0.3613 0.8040
261 225 134 221 0.3613 0.8040 0.3613 0.3613 0.8040 0.3613 0.8040 0.3613 0.3613 0.8040 0.8040 0.3613 0.8040 0.8040 0.8040 0.3613
225 134 221 106 0.8040 0.8040 0.8040 0.3613 0.3613 0.3613 0.3613 0.3613 0.8040 0.3613 0.3613 0.8040 0.8040 0.8040 0.8040 0.8040
134 221 106 060 0.8040 0.3613 0.3613 0.8040 0.8040 0.8040 0.3613 0.3613 0.8040 0.8040 0.3613 0.3613 0.8040 0.3613 0.8040 0.8040
221 106 060 310 0.8040 0.3613 0.8040 0.8040 0.8040 0.8040 0.8040 0.8040 0.8040 0.8040 0.3613 0.8040 0.8040 0.8040 0.3613 0.8040
106 060 310 327 0.8040 0.8040 0.3613 0.3613 0.8040 0.8040 0.8040 0.3613 0.8040 0.3613 0.8040 0.8040 0.3613 0.3613 0.3613 0.3613
060 310 327 023 0.3613 0.3613 0.8040 0.3613 0.3613 0.8040 0.8040 0.3613 0.8040 0.8040 0.8040 0.3613 0.8040 0.8040 0.3613 0.3613
310 327 023 253 0.8040 0.3613 0.3613 0.8040 0.8040 0.3613 0.3613 0.3613 0.3613 0.3613 0.8040 0.8040 0.8040 0.3613 0.8040 0.3613
327 023 253 108 0.3613 0.3613 0.3613 0.8040 0.3613 0.8040 0.8040 0.3613 0.8040 0.8040 0.3613 0.3613 0.8040 0.3613 0.3613 0.3613
023 253 108 240 0.3613 0.3613 0.8040 0.3613 0.8040 0.3613 0.3613 0.8040 0.8040 0.3613 0.8040 0.3613 0.3613 0.3613 0.8040 0.3613
253 108 240 028 0.3613 0.3613 0.3613 0.8040 0.3613 0.8040 0.3613 0.8040 0.3613 0.8040 0.8040 0.8040 0.3613 0.3613 0.8040 0.3613
108 240 028 296 0.8040 0.8040 0.3613 0.3613 0.3613 0.3613 0.3613 0.3613 0.8040 0.3613 0.8040 0.3613 0.3613 0.8040 0.3613 0.3613
240 028 296 194 0.3613 0.3613 0.3613 0.3613 0.3613 0.3613 0.8040 0.3613 0.3613 0.3613 0.3613 0.8040 0.3613 0.8040 0.8040 0.8040
028 296 194 331 0.8040 0.3613 0.3613 0.3613 0.3613 0.3613 0.3613 0.3613 0.3613 0.3613 0.3613 0.3613 0.8040 0.8040 0.8040 0.8040
296 194 331 048 0.3613 0.3613 0.8040 0.8040 0.8040 0.3613 0.3613 0.3613 0.3613 0.3613 0.3613 0.3613 0.8040 0.3613 0.3613 0.8040
194 331 048 342 0.3613 0.8040 0.8040 0.3613 0.8040 0.3613 0.8040 0.3613 0.3613 0.3613 0.3613 0.8040 0.3613 0.8040 0.8040 0.8040
331 048 342 318 0.8040 0.8040 0.8040 0.3613 0.8040 0.3613 0.3613 0.3613 0.8040 0.8040 0.8040 0.3613 0.8040 0.3613 0.3613 0.3613
048 342 318 117 0.3613 0.3613 0.8040 0.3613 0.8040 0.8040 0.8040 0.8040 0.3613 0.3613 0.3613 0.3613 0.8040 0.8040 0.8040 0.3613
342 318 117 258 0.3613 0.3613 0.3613 0.3613 0.3613 0.8040 0.8040 0.8040 0.3613 0.8040 0.3613 0.3613 0.8040 0.3613 0.3613 0.8040
318 117 258 315 0.3613 0.3613 0.3613 0.8040 0.8040 0.3613 0.3613 0.3613 0.8040 0.3613 0.3613 0.8040 0.8040 0.3613 0.8040 0.3613
117 258 315 082 0.3613 0.3613 0.3613 0.8040 0.8040 0.3613 0.8040 0.8040 0.8040 0.8040 0.8040 0.3613 0.8040 0.3613 0.8040 0.3613
258 315 082 283 0.8040 0.3613 0.8040 0.8040 0.3613 0.8040 0.3613 0.3613 0.8040 0.8040 0.8040 0.3613 0.8040 0.8040 0.3613 0.3613
315 082 283 101 0.8040 0.3613 0.3613 0.3613 0.8040 0.8040 0.8040 0.8040 0.3613 0.8040 0.3613 0.3613 0.8040 0.8040 0.8040 0.3613
082 283 101 114 0.8040 0.3613 0.3613 0.8040 0.8040 0.3613 0.3613 0.8040 0.8040 0.3613 0.3613 0.8040 0.8040 0.8040 0.3613 0.3613
283 101 114 292 0.3613 0.3613 0.8040 0.3613 0.3613 0.8040 0.3613 0.3613 0.8040 0.3613 0.3613 0.3613 0.8040 0.8040 0.8040 0.3613
101 114 292 270 0.8040 0.3613 0.8040 0.3613 0.3613 0.3613 0.3613 0.3613 0.8040 0.3613 0.8040 0.8040 0.3613 0.8040 0.8040 0.3613
114 292 270 341 0.8040 0.8040 0.3613 0.3613 0.3613 0.8040 0.8040 0.3613 0.8040 0.3613 0.3613 0.3613 0.3613 0.8040 0.8040 0.8040
292 270 341 262 0.8040 0.3613 0.3613 0.8040 0.8040 0.3613 0.3613 0.3613 0.8040 0.3613 0.8040 0.8040 0.8040 0.8040 0.3613 0.8040
270 341 262 264 0.8040 0.3613 0.8040 0.8040 0.8040 0.8040 0.8040 0.3613 0.8040 0.3613 0.3613 0.3613 0.3613 0.3613 0.3613 0.3613
341 262 264 163 0.8040 0.8040 0.8040 0.3613 0.3613 0.3613 0.8040 0.8040 0.8040 0.8040 0.8040 0.3613 0.8040 0.3613 0.3613 0.8040
262 264 163 232 0.8040 0.8040 0.3613 0.8040 0.8040 0.3613 0.3613 0.8040 0.3613 0.3613 0.8040 0.8040 0.3613 0.8040 0.3613 0.3613
264 163 232 105 0.8040 0.3613 0.3613 0.3613 0.8040 0.3613 0.3613 0.8040 0.3613 0.3613 0.3613 0.3613 0.3613 0.8040 0.3613 0.8040
163 232 105 000 0.3613 0.8040 0.8040 0.3613 0.8040 0.8040 0.8040 0.8040 0.8040 0.3613 0.3613 0.3613 0.8040 0.8040 0.3613 0.8040
232 105 000 338 0.3613 0.3613 0.3613 0.3613 0.3613 0.8040 0.3613 0.3613 0.8040 0.8040 0.8040 0.3613 0.8040 0.8040 0.8040 0.8040
105 000 338 184 0.8040 0.3613 0.8040 0.3613 0.8040 0.3613 0.3613 0.3613 0.3613 0.3613 0.8040 0.3613 0.3613 0.3613 0.3613 0.3613
000 338 184 080 0.3613 0.3613 0.8040 0.8040 0.3613 0.8040 0.3613 0.3613 0.8040 0.3613 0.3613 0.8040 0.3613 0.8040 0.3613 0.8040
338 184 080 207 0.3613 0.8040 0.8040 0.3613 0.3613 0.3613 0.8040 0.8040 0.3613 0.3613 0.8040 0.8040 0.8040 0.3613 0.3613 0.3613
184 080 207 058 0.8040 0.3613 0.8040 0.3613 0.3613 0.3613 0.3613 0.8040 0.3613 0.8040 0.8040 0.8040 0.8040 0.8040 0.3613 0.8040
080 207 058 076 0.3613 0.8040 0.8040 0.8040 0.3613 0.8040 0.3613 0.3613 0.3613 0.8040 0.3613 0.3613 0.8040 0.3613 0.8040 0.8040
207 058 076 140 0.3613 0.8040 0.3613 0.8040 0.3613 0.8040 0.3613 0.3613 0.8040 0.3613 0.3613 0.3613 0.8040 0.3613 0.3613 0.8040
058 076 140 280 0.8040 0.3613 0.8040 0.3613 0.3613 0.8040 0.8040 0.8040 0.8040 0.3613 0.3613 0.8040 0.3613 0.3613 0.3613 0.3613
076 140 280 320 0.3613 0.8040 0.3613 0.8040 0.3613 0.8040 0.8040 0.8040 0.8040 0.3613 0.8040 0.3613 0.8040 0.3613 0.3613 0.3613
140 280 320 344 0.3613 0.3613 0.3613 0.8040 0.3613 0.8040 0.3613 0.8040 0.8040 0.8040 0.8040 0.8040 0.3613 0.3613 0.3613 0.8040
280 320 344 010 0.8040 0.8040 0.3613 0.8040 0.8040 0.3613 0.8040 0.8040 0.3613 0.8040 0.3613 0.8040 0.3613 0.3613 0.3613 0.8040
320 344 010 248 0.8040 0.3613 0.3613 0.8040 0.3613 0.3613 0.8040 0.8040 0.8040 0.8040 0.3613 0.8040 0.8040 0.3613 0.3613 0.8040
344 010 248 255 0.3613 0.8040 0.8040 0.8040 0.8040 0.3613 0.3613 0.3613 0.8040 0.8040 0.3613 0.3613 0.3613 0.8040 0.8040 0.3613
010 248 255 035 0.8040 0.3613 0.3613 0.8040 0.3613 0.3613 0.8040 0.3613 0.3613 0.3613 0.3613 0.8040 0.8040 0.8040 0.3613 0.8040
248 255 035 020 0.8040 0.8040 0.8040 0.8040 0.3613 0.3613 0.3613 0.3613 0.3613 0.3613 0.8040 0.3613 0.3613 0.3613 0.3613 0.3613
255 035 020 219 0.3613 0.3613 0.8040 0.3613 0.8040 0.8040 0.3613 0.8040 0.8040 0.8040 0.3613 0.8040 0.3613 0.8040 0.8040 0.3613
035 020 219 090 0.3613 0.3613 0.8040 0.3613 0.8040 0.8040 0.8040 0.8040 0.3613 0.8040 0.3613 0.3613 0.3613 0.8040 0.8040 0.8040
020 219 090 210 0.8040 0.3613 0.3613 0.8040 0.3613 0.3613 0.8040 0.3613 0.3613 0.8040 0.3613 0.8040 0.8040 0.3613 0.3613 0.8040
219 090 210 326 0.3613 0.3613 0.8040 0.3613 0.8040 0.8040 0.8040 0.8040 0.8040 0.3613 0.3613 0.8040 0.8040 0.8040 0.3613 0.8040
090 210 326 148 0.8040 0.3613 0.3613 0.3613 0.8040 0.8040 0.3613 0.8040 0.8040 0.8040 0.3613 0.8040 0.3613 0.8040 0.8040 0.3613
210 326 148 195 0.8040 0.8040 0.8040 0.8040 0.3613 0.8040 0.8040 0.8040 0.8040 0.3613 0.8040 0.3613 0.8040 0.8040 0.8040 0.3613
326 148 195 054 0.8040 0.3613 0.8040 0.3613 0.8040 0.3613 0.8040 0.3613 0.8040 0.8040 0.8040 0.3613 0.3613 0.8040 0.3613 0.8040
148 195 054 254 0.8040 0.8040 0.3613 0.3613 0.8040 0.8040 0.3613 0.3613 0.3613 0.3613 0.8040 0.3613 0.3613 0.3613 0.8040 0.3613
195 054 254 313 0.3613 0.8040 0.8040 0.3613 0.8040 0.8040 0.3613 0.3613 0.3613 0.3613 0.8040 0.8040 0.8040 0.3613 0.8040 0.3613
054 254 313 176 0.8040 0.8040 0.3613 0.8040 0.3613 0.8040 0.3613 0.3613 0.3613 0.3613 0.8040 0.8040 0.3613 0.8040 0.8040 0.3613
254 313 176 256 0.8040 0.3613 0.3613 0.8040 0.3613 0.8040 0.8040 0.3613 0.8040 0.3613 0.3613 0.8040 0.3613 0.8040 0.3613 0.3613
313 176 256 150 0.3613 0.3613 0.8040 0.3613 0.8040 0.8040 0.8040 0.8040 0.8040 0.8040 0.8040 0.3613 0.8040 0.8040 0.3613 0.3613
176 256 150 224 0.8040 0.8040 0.3613 0.8040 0.8040 0.3613 0.8040 0.8040 0.8040 0.3613 0.3613 0.8040 0.3613 0.8040 0.8040 0.3613
256 150 224 038 0.3613 0.8040 0.8040 0.3613 0.8040 0.8040 0.8040 0.8040 0.3613 0.8040 0.8040 0.3613 0.3613 0.3613 0.3613 0.8040
150 224 038 336 0.3613 0.3613 0.8040 0.8040 0.3613 0.3613 0.3613 0.3613 0.3613 0.3613 0.3613 0.8040 0.8040 0.3613 0.3613 0.3613
224 038 336 294 0.3613 0.3613 0.8040 0.8040 0.8040 0.8040 0.8040 0.8040 0.3613 0.3613 0.8040 0.3613 0.3613 0.3613 0.3613 0.8040
038 336 294 297 0.3613 0.3613 0.3613 0.8040 0.8040 0.3613 0.8040 0.3613 0.3613 0.8040 0.8040 0.3613 0.8040 0.3613 0.3613 0.3613
336 294 297 229 0.8040 0.3613 0.3613 0.3613 0.3613 0.8040 0.3613 0.3613 0.3613 0.3613 0.8040 0.8040 0.8040 0.8040 0.3613 0.3613
294 297 229 345 0.3613 0.8040 0.8040 0.3613 0.3613 0.3613 0.3613 0.3613 0.3613 0.3613 0.3613 0.3613 0.8040 0.8040 0.8040 0.3613
297 229 345 088 0.3613 0.8040 0.3613 0.3613 0.3613 0.3613 0.8040 0.8040 0.8040 0.8040 0.3613 0.3613 0.3613 0.8040 0.3613 0.8040
229 345 088 302 0.8040 0.3613 0.3613 0.3613 0.3613 0.3613 0.3613 0.8040 0.8040 0.3613 0.8040 0.3613 0.3613 0.3613 0.8040 0.3613
345 088 302 181 0.8040 0.8040 0.3613 0.8040 0.3613 0.3613 0.3613 0.3613 0.8040 0.3613 0.3613 0.3613 0.3613 0.8040 0.8040 0.8040
088 302 181 139 0.3613 0.8040 0.3613 0.8040 0.3613 0.3613 0.3613 0.3613 0.3613 0.3613 0.3613 0.3613 0.8040 0.3613 0.3613 0.3613
302 181 139 018 0.3613 0.8040 0.8040 0.3613 0.3613 0.8040 0.3613 0.8040 0.8040 0.3613 0.8040 0.3613 0.8040 0.3613 0.3613 0.8040
181 139 018 186 0.8040 0.8040 0.8040 0.8040 0.3613 0.8040 0.8040 0.8040 0.8040 0.8040 0.8040 0.8040 0.8040 0.3613 0.3613 0.3613
139 018 186 238 0.8040 0.8040 0.3613 0.8040 0.8040 0.8040 0.3613 0.8040 0.8040 0.3613 0.8040 0.3613 0.8040 0.3613 0.3613 0.8040
018 186 238 314 0.8040 0.8040 0.8040 0.3613 0.3613 0.8040 0.8040 0.8040 0.3613 0.8040 0.3613 0.3613 0.8040 0.8040 0.8040 0.8040
186 238 314 228 0.3613 0.8040 0.3613 0.8040 0.8040 0.3613 0.8040 0.3613 0.8040 0.8040 0.8040 0.8040 0.3613 0.3613 0.8040 0.8040
238 314 228 185 0.3613 0.3613 0.3613 0.3613 0.8040 0.8040 0.3613 0.3613 0.8040 0.8040 0.8040 0.3613 0.3613 0.3613 0.3613 0.8040
314 228 185 095 0.8040 0.3613 0.3613 0.3613 0.8040 0.3613 0.3613 0.3613 0.8040 0.3613 0.8040 0.8040 0.3613 0.8040 0.8040 0.8040
228 185 095 217 0.8040 0.8040 0.3613 0.8040 0.8040 0.3613 0.8040 0.8040 0.3613 0.3613 0.3613 0.8040 0.3613 0.8040 0.8040 0.8040
185 095 217 086 0.8040 0.3613 0.8040 0.3613 0.3613 0.8040 0.8040 0.8040 0.8040 0.3613 0.8040 0.8040 0.3613 0.8040 0.8040 0.8040
095 217 086 316 0.3613 0.3613 0.3613 0.3613 0.8040 0.8040 0.8040 0.8040 0.3613 0.3613 0.8040 0.3613 0.3613 0.8040 0.3613 0.8040
217 086 316 190 0.8040 0.8040 0.8040 0.3613 0.8040 0.8040 0.8040 0.3613 0.8040 0.8040 0.3613 0.3613 0.8040 0.3613 0.8040 0.3613
086 316 190 242 0.8040 0.3613 0.8040 0.3613 0.3613 0.8040 0.3613 0.8040 0.3613 0.8040 0.3613 0.3613 0.3613 0.3613 0.8040 0.3613
316 190 242 202 0.8040 0.3613 0.8040 0.8040 0.8040 0.8040 0.8040 0.8040 0.8040 0.8040 0.8040 0.8040 0.3613 0.8040 0.3613 0.8040
190 242 202 122 0.8040 0.3613 0.8040 0.8040 0.3613 0.8040 0.3613 0.3613 0.8040 0.3613 0.3613 0.8040 0.3613 0.8040 0.8040 0.3613
242 202 122 092 0.3613 0.3613 0.8040 0.3613 0.8040 0.8040 0.8040 0.3613 0.3613 0.3613 0.3613 0.3613 0.3613 0.8040 0.8040 0.3613
202 122 092 236 0.8040 0.3613 0.3613 0.8040 0.8040 0.8040 0.3613 0.8040 0.3613 0.8040 0.8040 0.3613 0.3613 0.3613 0.8040 0.3613
122 092 236 164 0.8040 0.8040 0.3613 0.8040 0.3613 0.3613 0.3613 0.8040 0.8040 0.8040 0.8040 0.8040 0.3613 0.8040 0.3613 0.8040
092 236 164 197 0.8040 0.3613 0.3613 0.8040 0.3613 0.8040 0.8040 0.3613 0.3613 0.3613 0.3613 0.3613 0.3613 0.3613 0.8040 0.8040
236 164 197 045 0.8040 0.8040 0.8040 0.3613 0.8040 0.3613 0.3613 0.3613 0.3613 0.8040 0.8040 0.3613 0.3613 0.8040 0.8040 0.3613
164 197 045 208 0.3613 0.3613 0.3613 0.3613 0.3613 0.8040 0.8040 0.3613 0.3613 0.8040 0.3613 0.3613 0.8040 0.3613 0.3613 0.3613
197 045 208 132 0.3613 0.8040 0.3613 0.8040 0.8040 0.8040 0.8040 0.8040 0.8040 0.3613 0.3613 0.8040 0.3613 0.8040 0.3613 0.8040
045 208 132 155 0.3613 0.3613 0.3613 0.3613 0.3613 0.8040 0.3613 0.8040 0.3613 0.8040 0.8040 0.3613 0.3613 0.8040 0.8040 0.8040
208 132 155 332 0.3613 0.3613 0.3613 0.3613 0.3613 0.8040 0.3613 0.8040 0.8040 0.8040 0.3613 0.8040 0.3613 0.3613 0.8040 0.3613
132 155 332 022 0.3613 0.3613 0.3613 0.3613 0.3613 0.3613 0.8040 0.8040 0.8040 0.3613 0.8040 0.3613 0.3613 0.3613 0.8040 0.3613
155 332 022 019 0.3613 0.3613 0.8040 0.3613 0.3613 0.3613 0.8040 0.8040 0.3613 0.3613 0.8040 0.3613 0.8040 0.3613 0.3613 0.8040
332 022 019 334 0.8040 0.3613 0.8040 0.3613 0.8040 0.3613 0.3613 0.3613 0.3613 0.8040 0.3613 0.3613 0.8040 0.3613 0.3613 0.3613
022 019 334 216 0.8040 0.3613 0.8040 0.8040 0.3613 0.8040 0.8040 0.3613 0.8040 0.3613 0.8040 0.3613 0.8040 0.8040 0.8040 0.3613
019 334 216 096 0.8040 0.3613 0.3613 0.3613 0.3613 0.3613 0.8040 0.3613 0.8040 0.8040 0.8040 0.3613 0.8040 0.8040 0.3613 0.3613
334 216 096 049 0.3613 0.3613 0.8040 0.3613 0.3613 0.3613 0.8040 0.8040 0.8040 0.3613 0.8040 0.3613 0.8040 0.8040 0.8040 0.3613
216 096 049 319 0.8040 0.3613 0.3613 0.3613 0.8040 0.8040 0.8040 0.8040 0.3613 0.8040 0.3613 0.8040 0.3613 0.3613 0.8040 0.8040
096 049 319 303 0.3613 0.3613 0.3613 0.3613 0.3613 0.8040 0.3613 0.8040 0.3613 0.3613 0.8040 0.8040 0.3613 0.3613 0.3613 0.8040
049 319 303 147 0.3613 0.8040 0.8040 0.3613 0.8040 0.3613 0.8040 0.8040 0.3613 0.8040 0.8040 0.8040 0.3613 0.3613 0.8040 0.3613
319 303 147 137 0.8040 0.8040 0.8040 0.3613 0.3613 0.8040 0.8040 0.8040 0.8040 0.3613 0.8040 0.3613 0.3613 0.3613 0.8040 0.3613
303 147 137 009 0.8040 0.3613 0.3613 0.3613 0.3613 0.8040 0.8040 0.8040 0.3613 0.8040 0.3613 0.8040 0.8040 0.8040 0.8040 0.8040
147 137 009 178 0.3613 0.8040 0.8040 0.3613 0.3613 0.8040 0.8040 0.8040 0.3613 0.8040 0.8040 0.3613 0.8040 0.3613 0.3613 0.8040
137 009 178 174 0.3613 0.8040 0.8040 0.8040 0.3613 0.3613 0.8040 0.8040 0.8040 0.8040 0.8040 0.3613 0.8040 0.8040 0.8040 0.8040
009 178 174 276 0.8040 0.3613 0.3613 0.8040 0.3613 0.8040 0.8040 0.8040 0.3613 0.3613 0.3613 0.8040 0.8040 0.8040 0.8040 0.8040
178 174 276 135 0.3613 0.3613 0.3613 0.3613 0.3613 0.8040 0.3613 0.8040 0.8040 0.8040 0.3613 0.8040 0.8040 0.3613 0.8040 0.3613
174 276 135 272 0.3613 0.8040 0.8040 0.8040 0.3613 0.3613 0.3613 0.3613 0.8040 0.8040 0.3613 0.8040 0.3613 0.3613 0.8040 0.3613
276 135 272 064 0.8040 0.3613 0.8040 0.3613 0.3613 0.3613 0.3613 0.3613 0.8040 0.8040 0.8040 0.3613 0.3613 0.3613 0.3613 0.8040
135 272 064 008 0.3613 0.3613 0.3613 0.8040 0.3613 0.3613 0.8040 0.8040 0.8040 0.8040 0.3613 0.3613 0.3613 0.3613 0.8040 0.3613
272 064 008 015 0.8040 0.3613 0.3613 0.8040 0.8040 0.3613 0.3613 0.8040 0.8040 0.3613 0.3613 0.3613 0.3613 0.3613 0.3613 0.3613
064 008 015 024 0.3613 0.8040 0.3613 0.8040 0.8040 0.8040 0.3613 0.3613 0.8040 0.3613 0.3613 0.8040 0.3613 0.3613 0.8040 0.8040
008 015 024 304 0.8040 0.3613 0.8040 0.3613 0.3613 0.8040 0.8040 0.8040 0.3613 0.8040 0.8040 0.8040 0.3613 0.8040 0.8040 0.3613
015 024 304 165 0.3613 0.3613 0.3613 0.3613 0.8040 0.8040 0.8040 0.8040 0.3613 0.8040 0.8040 0.3613 0.3613 0.3613 0.3613 0.3613
024 304 165 288 0.8040 0.8040 0.3613 0.3613 0.3613 0.3613 0.3613 0.3613 0.8040 0.8040 0.8040 0.8040 0.8040 0.8040 0.3613 0.8040
304 165 288 066 0.3613 0.3613 0.8040 0.8040 0.3613 0.8040 0.3613 0.8040 0.8040 0.3613 0.8040 0.8040 0.3613 0.8040 0.8040 0.8040
165 288 066 218 0.8040 0.8040 0.8040 0.3613 0.3613 0.3613 0.3613 0.8040 0.8040 0.8040 0.3613 0.8040 0.3613 0.3613 0.3613 0.8040
288 066 218 143 0.3613 0.8040 0.3613 0.8040 0.8040 0.3613 0.3613 0.8040 0.8040 0.3613 0.8040 0.3613 0.3613 0.8040 0.3613 0.8040
066 218 143 053 0.3613 0.8040 0.3613 0.3613 0.3613 0.8040 0.8040 0.8040 0.8040 0.3613 0.3613 0.8040 0.3613 0.3613 0.3613 0.8040
218 143 053 321 0.3613 0.3613 0.3613 0.3613 0.3613 0.8040 0.3613 0.8040 0.3613 0.3613 0.3613 0.8040 0.3613 0.3613 0.8040 0.3613
143 053 321 177 0.8040 0.8040 0.8040 0.3613 0.3613 0.3613 0.3613 0.8040 0.3613 0.8040 0.8040 0.8040 0.8040 0.8040 0.3613 0.3613
053 321 177 037 0.8040 0.8040 0.3613 0.3613 0.8040 0.3613 0.3613 0.8040 0.3613 0.3613 0.8040 0.8040 0.3613 0.3613 0.8040 0.3613
321 177 037 075 0.3613 0.3613 0.3613 0.8040 0.8040 0.3613 0.3613 0.3613 0.3613 0.8040 0.3613 0.8040 0.3613 0.3613 0.8040 0.8040
177 037 075 126 0.8040 0.3613 0.8040 0.3613 0.3613 0.8040 0.8040 0.3613 0.3613 0.8040 0.3613 0.3613 0.8040 0.3613 0.8040 0.8040
037 075 126 354 0.3613 0.3613 0.8040 0.8040 0.3613 0.8040 0.8040 0.8040 0.8040 0.8040 0.3613 0.8040 0.8040 0.8040 0.8040 0.3613
075 126 354 348 0.8040 0.3613 0.3613 0.3613 0.8040 0.8040 0.3613 0.3613 0.3613 0.3613 0.8040 0.8040 0.8040 0.8040 0.3613 0.3613
126 354 348 349 0.3613 0.3613 0.3613 0.8040 0.8040 0.3613 0.8040 0.8040 0.8040 0.3613 0.8040 0.8040 0.8040 0.3613 0.8040 0.8040
354 348 349 055 0.8040 0.3613 0.8040 0.8040 0.3613 0.3613 0.8040 0.8040 0.3613 0.3613 0.3613 0.3613 0.3613 0.3613 0.3613 0.3613
348 349 055 200 0.8040 0.3613 0.3613 0.3613 0.3613 0.3613 0.8040 0.3613 0.3613 0.3613 0.3613 0.8040 0.8040 0.3613 0.8040 0.3613
349 055 200 123 0.3613 0.3613 0.8040 0.3613 0.3613 0.8040 0.3613 0.8040 0.3613 0.3613 0.3613 0.8040 0.8040 0.8040 0.3613 0.8040
055 200 123 247 0.8040 0.8040 0.3613 0.8040 0.8040 0.8040 0.3613 0.8040 0.3613 0.8040 0.8040 0.3613 0.8040 0.3613 0.3613 0.8040
200 123 247 034 0.3613 0.8040 0.8040 0.8040 0.8040 0.8040 0.3613 0.3613 0.3613 0.3613 0.3613 0.8040 0.8040 0.3613 0.8040 0.3613
123 247 034 169 0.3613 0.8040 0.3613 0.3613 0.8040 0.8040 0.3613 0.3613 0.8040 0.8040 0.8040 0.8040 0.8040 0.8040 0.3613 0.3613
247 034 169 251 0.8040 0.8040 0.8040 0.8040 0.3613 0.3613 0.3613 0.8040 0.8040 0.8040 0.3613 0.3613 0.3613 0.8040 0.8040 0.8040
034 169 251 329 0.8040 0.8040 0.8040 0.8040 0.8040 0.8040 0.8040 0.8040 0.3613 0.3613 0.3613 0.3613 0.8040 0.8040 0.8040 0.3613
169 251 329 223 0.8040 0.3613 0.3613 0.8040 0.8040 0.8040 0.3613 0.8040 0.3613 0.3613 0.3613 0.3613 0.8040 0.8040 0.3613 0.8040
251 329 223 312 0.3613 0.3613 0.3613 0.8040 0.8040 0.8040 0.3613 0.8040 0.8040 0.8040 0.3613 0.3613 0.8040 0.8040 0.3613 0.3613
329 223 312 078 0.3613 0.3613 0.8040 0.3613 0.8040 0.8040 0.3613 0.8040 0.3613 0.8040 0.8040 0.8040 0.8040 0.8040 0.8040 0.3613
223 312 078 187 0.8040 0.8040 0.3613 0.3613 0.3613 0.8040 0.3613 0.8040 0.8040 0.3613 0.3613 0.3613 0.3613 0.8040 0.8040 0.3613
312 078 187 005 0.8040 0.8040 0.3613 0.8040 0.8040 0.8040 0.3613 0.8040 0.8040 0.8040 0.8040 0.3613 0.3613 0.8040 0.8040 0.3613
078 187 005 145 0.8040 0.3613 0.3613 0.3613 0.8040 0.3613 0.8040 0.3613 0.8040 0.8040 0.3613 0.8040 0.8040 0.3613 0.8040 0.3613
187 005 145 110 0.3613 0.8040 0.3613 0.3613 0.8040 0.8040 0.3613 0.3613 0.3613 0.3613 0.8040 0.8040 0.3613 0.3613 0.3613 0.3613
005 145 110 171 0.3613 0.8040 0.8040 0.3613 0.8040 0.8040 0.8040 0.3613 0.3613 0.8040 0.3613 0.3613 0.3613 0.3613 0.8040 0.8040
145 110 171 085 0.8040 0.3613 0.3613 0.3613 0.8040 0.8040 0.3613 0.8040 0.8040 0.8040 0.8040 0.3613 0.8040 0.8040 0.8040 0.3613
110 171 085 274 0.8040 0.3613 0.3613 0.3613 0.8040 0.3613 0.3613 0.8040 0.3613 0.8040 0.3613 0.8040 0.8040 0.3613 0.8040 0.8040
171 085 274 267 0.8040 0.8040 0.8040 0.3613 0.8040 0.3613 0.8040 0.8040 0.3613 0.3613 0.8040 0.8040 0.8040 0.3613 0.8040 0.3613
085 274 267 343 0.8040 0.3613 0.3613 0.8040 0.8040 0.3613 0.3613 0.3613 0.3613 0.3613 0.3613 0.8040 0.3613 0.8040 0.8040 0.3613
274 267 343 325 0.3613 0.3613 0.8040 0.3613 0.8040 0.3613 0.8040 0.3613 0.8040 0.3613 0.8040 0.3613 0.3613 0.3613 0.3613 0.8040
267 343 325 103 0.3613 0.3613 0.8040 0.8040 0.8040 0.8040 0.3613 0.8040 0.8040 0.8040 0.8040 0.8040 0.8040 0.8040 0.8040 0.3613
343 325 103 268 0.3613 0.3613 0.3613 0.3613 0.3613 0.8040 0.8040 0.8040 0.3613 0.8040 0.8040 0.8040 0.3613 0.8040 0.3613 0.8040
325 103 268 285 0.8040 0.8040 0.8040 0.3613 0.3613 0.3613 0.3613 0.3613 0.3613 0.3613 0.3613 0.8040 0.3613 0.8040 0.8040 0.8040
103 268 285 275 0.3613 0.3613 0.3613 0.8040 0.8040 0.3613 0.8040 0.8040 0.8040 0.8040 0.3613 0.3613 0.3613 0.8040 0.8040 0.8040
268 285 275 201 0.8040 0.3613 0.8040 0.8040 0.8040 0.3613 0.8040 0.8040 0.3613 0.3613 0.8040 0.8040 0.3613 0.8040 0.8040 0.3613
285 275 201 098 0.3613 0.3613 0.8040 0.3613 0.8040 0.3613 0.8040 0.3613 0.8040 0.8040 0.3613 0.3613 0.8040 0.3613 0.3613 0.3613
275 201 098 213 0.8040 0.8040 0.8040 0.8040 0.8040 0.3613 0.8040 0.3613 0.3613 0.8040 0.8040 0.3613 0.8040 0.8040 0.8040 0.3613
201 098 213 074 0.3613 0.8040 0.3613 0.3613 0.3613 0.8040 0.3613 0.3613 0.8040 0.8040 0.8040 0.8040 0.3613 0.3613 0.3613 0.8040
098 213 074 290 0.3613 0.3613 0.3613 0.3613 0.3613 0.8040 0.8040 0.8040 0.8040 0.3613 0.3613 0.3613 0.8040 0.8040 0.3613 0.8040
213 074 290 209 0.8040 0.3613 0.3613 0.8040 0.8040 0.3613 0.3613 0.8040 0.3613 0.3613 0.8040 0.8040 0.8040 0.8040 0.8040 0.3613
074 290 209 030 0.3613 0.3613 0.3613 0.3613 0.3613 0.8040 0.8040 0.8040 0.3613 0.8040 0.8040 0.8040 0.3613 0.8040 0.8040 0.8040
290 209 030 068 0.3613 0.3613 0.8040 0.8040 0.8040 0.3613 0.8040 0.3613 0.8040 0.3613 0.8040 0.8040 0.3613 0.3613 0.3613 0.3613
209 030 068 029 0.8040 0.8040 0.3613 0.3613 0.3613 0.3613 0.3613 0.3613 0.8040 0.3613 0.8040 0.8040 0.8040 0.8040 0.8040 0.3613
030 068 029 244 0.3613 0.8040 0.3613 0.3613 0.8040 0.3613 0.8040 0.3613 0.8040 0.8040 0.3613 0.8040 0.8040 0.3613 0.8040 0.3613
068 029 244 279 0.8040 0.8040 0.8040 0.8040 0.8040 0.8040 0.8040 0.8040 0.3613 0.3613 0.3613 0.3613 0.3613 0.3613 0.3613 0.8040
029 244 279 124 0.8040 0.8040 0.8040 0.3613 0.8040 0.8040 0.3613 0.8040 0.3613 0.3613 0.3613 0.8040 0.8040 0.3613 0.8040 0.3613
244 279 124 142 0.3613 0.8040 0.8040 0.8040 0.3613 0.8040 0.8040 0.8040 0.8040 0.8040 0.3613 0.3613 0.3613 0.3613 0.3613 0.3613
279 124 142 269 0.8040 0.3613 0.3613 0.3613 0.3613 0.3613 0.8040 0.3613 0.3613 0.3613 0.8040 0.3613 0.8040 0.3613 0.3613 0.8040
124 142 269 173 0.3613 0.3613 0.8040 0.3613 0.8040 0.3613 0.8040 0.8040 0.3613 0.3613 0.3613 0.8040 0.8040 0.8040 0.8040 0.8040
142 269 173 265 0.3613 0.3613 0.8040 0.3613 0.3613 0.8040 0.3613 0.3613 0.8040 0.3613 0.8040 0.3613 0.8040 0.3613 0.3613 0.3613
269 173 265 339 0.8040 0.8040 0.8040 0.8040 0.8040 0.3613 0.8040 0.3613 0.8040 0.8040 0.8040 0.8040 0.8040 0.3613 0.8040 0.3613
173 265 339 089 0.3613 0.3613 0.8040 0.8040 0.8040 0.8040 0.3613 0.3613 0.3613 0.3613 0.8040 0.3613 0.3613 0.3613 0.3613 0.3613
265 339 089 308 0.8040 0.3613 0.8040 0.8040 0.8040 0.8040 0.3613 0.8040 0.3613 0.3613 0.8040 0.3613 0.8040 0.8040 0.8040 0.8040
339 089 308 130 0.3613 0.8040 0.8040 0.8040 0.3613 0.8040 0.8040 0.3613 0.3613 0.3613 0.3613 0.3613 0.8040 0.3613 0.8040 0.3613
089 308 130 322 0.3613 0.3613 0.8040 0.3613 0.8040 0.3613 0.3613 0.8040 0.3613 0.3613 0.8040 0.8040 0.8040 0.8040 0.8040 0.8040
308 130 322 212 0.3613 0.8040 0.3613 0.3613 0.3613 0.3613 0.3613 0.8040 0.8040 0.8040 0.8040 0.3613 0.3613 0.8040 0.3613 0.8040
130 322 212 146 0.8040 0.8040 0.8040 0.8040 0.3613 0.3613 0.3613 0.8040 0.3613 0.8040 0.8040 0.8040 0.3613 0.3613 0.8040 0.8040
322 212 146 167 0.3613 0.8040 0.8040 0.8040 0.8040 0.8040 0.3613 0.3613 0.8040 0.3613 0.3613 0.3613 0.8040 0.3613 0.3613 0.3613
212 146 167 093 0.8040 0.3613 0.3613 0.8040 0.8040 0.8040 0.8040 0.8040 0.3613 0.8040 0.8040 0.8040 0.3613 0.8040 0.3613 0.3613
146 167 093 144 0.3613 0.8040 0.8040 0.3613 0.8040 0.3613 0.8040 0.3613 0.8040 0.3613 0.3613 0.3613 0.8040 0.8040 0.8040 0.8040
167 093 144 062 0.3613 0.3613 0.3613 0.3613 0.3613 0.3613 0.3613 0.8040 0.8040 0.8040 0.8040 0.3613 0.8040 0.8040 0.8040 0.8040
093 144 062 047 0.8040 0.8040 0.3613 0.3613 0.8040 0.8040 0.3613 0.3613 0.8040 0.8040 0.3613 0.8040 0.3613 0.3613 0.3613 0.3613
144 062 047 330 0.3613 0.3613 0.8040 0.3613 0.3613 0.3613 0.8040 0.3613 0.8040 0.8040 0.3613 0.8040 0.8040 0.8040 0.8040 0.3613
062 047 330 040 0.3613 0.8040 0.3613 0.8040 0.3613 0.3613 0.8040 0.3613 0.8040 0.3613 0.8040 0.8040 0.8040 0.8040 0.8040 0.3613
047 330 040 214 0.8040 0.8040 0.3613 0.3613 0.8040 0.8040 0.3613 0.3613 0.8040 0.3613 0.8040 0.3613 0.3613 0.3613 0.3613 0.8040
330 040 214 012 0.8040 0.3613 0.8040 0.3613 0.8040 0.8040 0.3613 0.3613 0.3613 0.3613 0.3613 0.3613 0.3613 0.3613 0.8040 0.3613
040 214 012 104 0.3613 0.3613 0.3613 0.3613 0.8040 0.3613 0.8040 0.8040 0.3613 0.8040 0.3613 0.3613 0.3613 0.3613 0.3613 0.3613
214 012 104 109 0.8040 0.8040 0.3613 0.3613 0.8040 0.8040 0.3613 0.8040 0.3613 0.3613 0.8040 0.8040 0.8040 0.8040 0.8040 0.8040
012 104 109 235 0.3613 0.3613 0.8040 0.3613 0.8040 0.3613 0.8040 0.8040 0.8040 0.8040 0.8040 0.8040 0.8040 0.3613 0.3613 0.8040
104 109 235 168 0.3613 0.8040 0.3613 0.8040 0.3613 0.3613 0.8040 0.8040 0.3613 0.3613 0.8040 0.3613 0.3613 0.8040 0.8040 0.3613
109 235 168 125 0.3613 0.8040 0.3613 0.3613 0.3613 0.8040 0.8040 0.3613 0.8040 0.3613 0.8040 0.8040 0.8040 0.8040 0.8040 0.3613
235 168 125 249 0.3613 0.8040 0.3613 0.8040 0.3613 0.8040 0.3613 0.3613 0.8040 0.8040 0.8040 0.8040 0.8040 0.8040 0.8040 0.3613
168 125 249 094 0.3613 0.8040 0.3613 0.8040 0.3613 0.8040 0.3613 0.8040 0.8040 0.8040 0.8040 0.3613 0.3613 0.3613 0.8040 0.3613
125 249 094 006 0.3613 0.3613 0.3613 0.3613 0.3613 0.8040 0.3613 0.8040 0.8040 0.8040 0.8040 0.3613 0.8040 0.8040 0.8040 0.8040
249 094 006 317 0.3613 0.8040 0.3613 0.3613 0.3613 0.8040 0.3613 0.3613 0.8040 0.3613 0.8040 0.3613 0.8040 0.3613 0.3613 0.3613
094 006 317 188 0.3613 0.8040 0.8040 0.8040 0.3613 0.8040 0.3613 0.3613 0.8040 0.3613 0.3613 0.3613 0.3613 0.8040 0.3613 0.8040
006 317 188 266 0.8040 0.3613 0.8040 0.3613 0.8040 0.3613 0.8040 0.3613 0.8040 0.8040 0.3613 0.8040 0.3613 0.3613 0.8040 0.3613
317 188 266 298 0.8040 0.3613 0.3613 0.3613 0.8040 0.3613 0.3613 0.8040 0.8040 0.3613 0.8040 0.3613 0.8040 0.8040 0.3613 0.3613
188 266 298 032 0.3613 0.3613 0.3613 0.8040 0.3613 0.8040 0.3613 0.8040 0.3613 0.3613 0.8040 0.3613 0.8040 0.3613 0.3613 0.8040
266 298 032 300 0.3613 0.3613 0.8040 0.3613 0.3613 0.3613 0.3613 0.3613 0.3613 0.3613 0.8040 0.3613 0.3613 0.3613 0.3613 0.8040
298 032 300 011 0.8040 0.3613 0.8040 0.8040 0.8040 0.3613 0.3613 0.8040 0.3613 0.8040 0.3613 0.3613 0.8040 0.3613 0.8040 0.8040
032 300 011 291 0.8040 0.3613 0.8040 0.3613 0.8040 0.3613 0.8040 0.8040 0.3613 0.3613 0.8040 0.8040 0.8040 0.8040 0.3613 0.8040
300 011 291 063 0.8040 0.8040 0.8040 0.3613 0.8040 0.3613 0.3613 0.8040 0.3613 0.3613 0.3613 0.8040 0.3613 0.8040 0.3613 0.8040
011 291 063 281 0.3613 0.3613 0.8040 0.3613 0.3613 0.3613 0.8040 0.3613 0.8040 0.8040 0.3613 0.8040 0.3613 0.8040 0.3613 0.8040
291 063 281 083 0.8040 0.3613 0.3613 0.8040 0.8040 0.3613 0.8040 0.3613 0.8040 0.3613 0.3613 0.3613 0.8040 0.8040 0.3613 0.3613
063 281 083 138 0.3613 0.8040 0.3613 0.3613 0.8040 0.8040 0.3613 0.3613 0.8040 0.3613 0.3613 0.3613 0.8040 0.8040 0.3613 0.3613
281 083 138 260 0.8040 0.8040 0.3613 0.3613 0.3613 0.8040 0.3613 0.3613 0.3613 0.3613 0.3613 0.8040 0.8040 0.3613 0.8040 0.3613
083 138 260 004 0.3613 0.3613 0.3613 0.3613 0.8040 0.3613 0.8040 0.8040 0.3613 0.8040 0.3613 0.3613 0.8040 0.3613 0.8040 0.8040
138 260 004 179 0.8040 0.3613 0.8040 0.3613 0.8040 0.3613 0.8040 0.3613 0.3613 0.3613 0.3613 0.8040 0.3613 0.3613 0.3613 0.8040
260 004 179 059 0.3613 0.3613 0.8040 0.8040 0.3613 0.3613 0.8040 0.3613 0.3613 0.3613 0.8040 0.3613 0.3613 0.8040 0.8040 0.8040
004 179 059 154 0.3613 0.8040 0.8040 0.3613 0.3613 0.3613 0.3613 0.8040 0.3613 0.8040 0.3613 0.3613 0.3613 0.3613 0.8040 0.3613
179 059 154 183 0.3613 0.3613 0.8040 0.3613 0.3613 0.8040 0.8040 0.3613 0.8040 0.8040 0.3613 0.8040 0.3613 0.8040 0.3613 0.3613
059 154 183 353 0.3613 0.8040 0.8040 0.8040 0.3613 0.3613 0.8040 0.8040 0.8040 0.3613 0.8040 0.8040 0.3613 0.3613 0.3613 0.3613
154 183 353 036 0.3613 0.3613 0.3613 0.3613 0.8040 0.8040 0.8040 0.8040 0.8040 0.3613 0.8040 0.3613 0.8040 0.3613 0.8040 0.8040
183 353 036 241 0.3613 0.8040 0.8040 0.8040 0.3613 0.8040 0.8040 0.8040 0.8040 0.3613 0.3613 0.3613 0.3613 0.3613 0.3613 0.3613
353 036 241 226 0.3613 0.3613 0.8040 0.8040 0.8040 0.3613 0.8040 0.8040 0.3613 0.3613 0.3613 0.3613 0.3613 0.8040 0.3613 0.8040
036 241 226 027 0.8040 0.3613 0.8040 0.8040 0.3613 0.8040 0.3613 0.8040 0.8040 0.8040 0.8040 0.8040 0.8040 0.8040 0.8040 0.3613
241 226 027 189 0.8040 0.8040 0.8040 0.8040 0.3613 0.8040 0.8040 0.8040 0.8040 0.8040 0.8040 0.3613 0.8040 0.3613 0.8040 0.3613
226 027 189 287 0.3613 0.8040 0.3613 0.3613 0.8040 0.8040 0.8040 0.3613 0.8040 0.3613 0.8040 0.8040 0.3613 0.3613 0.3613 0.8040
027 189 287 222 0.8040 0.8040 0.8040 0.3613 0.8040 0.3613 0.3613 0.3613 0.8040 0.3613 0.8040 0.3613 0.8040 0.3613 0.3613 0.3613
189 287 222 057 0.3613 0.8040 0.3613 0.3613 0.8040 0.3613 0.3613 0.3613 0.3613 0.8040 0.8040 0.3613 0.8040 0.3613 0.3613 0.3613
287 222 057 211 0.3613 0.3613 0.8040 0.8040 0.8040 0.8040 0.3613 0.8040 0.8040 0.3613 0.3613 0.8040 0.8040 0.8040 0.8040 0.8040
222 057 211 113 0.3613 0.8040 0.8040 0.3613 0.8040 0.3613 0.8040 0.3613 0.3613 0.3613 0.3613 0.3613 0.3613 0.8040 0.8040 0.3613
057 211 113 120 0.8040 0.3613 0.3613 0.8040 0.3613 0.3613 0.3613 0.8040 0.3613 0.3613 0.3613 0.3613 0.8040 0.3613 0.8040 0.3613
211 113 120 271 0.3613 0.8040 0.3613 0.3613 0.3613 0.8040 0.3613 0.8040 0.8040 0.3613 0.8040 0.3613 0.3613 0.8040 0.8040 0.3613
113 120 271 335 0.3613 0.8040 0.8040 0.3613 0.8040 0.3613 0.8040 0.8040 0.3613 0.8040 0.8040 0.3613 0.3613 0.3613 0.8040 0.3613
120 271 335 243 0.3613 0.8040 0.8040 0.3613 0.3613 0.8040 0.8040 0.8040 0.3613 0.8040 0.8040 0.3613 0.3613 0.3613 0.8040 0.3613
271 335 243 257 0.3613 0.3613 0.8040 0.8040 0.3613 0.8040 0.3613 0.8040 0.8040 0.8040 0.8040 0.3613 0.8040 0.3613 0.8040 0.8040
335 243 257 016 0.8040 0.3613 0.8040 0.3613 0.8040 0.3613 0.3613 0.8040 0.8040 0.3613 0.3613 0.3613 0.3613 0.8040 0.3613 0.3613
243 257 016 307 0.3613 0.8040 0.8040 0.8040 0.8040 0.3613 0.3613 0.3613 0.8040 0.3613 0.3613 0.3613 0.3613 0.3613 0.3613 0.8040
257 016 307 112 0.8040 0.8040 0.8040 0.8040 0.8040 0.8040 0.3613 0.3613 0.8040 0.3613 0.8040 0.8040 0.8040 0.3613 0.8040 0.8040
016 307 112 234 0.3613 0.8040 0.3613 0.8040 0.3613 0.3613 0.3613 0.8040 0.8040 0.3613 0.3613 0.3613 0.3613 0.8040 0.8040 0.8040
307 112 234 119 0.8040 0.3613 0.8040 0.8040 0.3613 0.3613 0.8040 0.3613 0.8040 0.3613 0.3613 0.3613 0.8040 0.8040 0.3613 0.3613
112 234 119 230 0.8040 0.8040 0.8040 0.3613 0.3613 0.8040 0.8040 0.8040 0.3613 0.8040 0.8040 0.8040 0.8040 0.8040 0.8040 0.3613
234 119 230 299 0.3613 0.8040 0.8040 0.3613 0.3613 0.8040 0.3613 0.3613 0.8040 0.3613 0.8040 0.8040 0.8040 0.8040 0.8040 0.3613
119 230 299 282 0.3613 0.3613 0.3613 0.8040 0.3613 0.3613 0.8040 0.3613 0.3613 0.3613 0.8040 0.8040 0.3613 0.8040 0.8040 0.3613
230 299 282 033 0.3613 0.3613 0.8040 0.3613 0.8040 0.3613 0.3613 0.8040 0.3613 0.8040 0.8040 0.8040 0.8040 0.8040 0.8040 0.8040
299 282 033 289 0.8040 0.3613 0.3613 0.3613 0.3613 0.8040 0.3613 0.3613 0.8040 0.8040 0.8040 0.8040 0.8040 0.8040 0.3613 0.8040
282 033 289 324 0.3613 0.3613 0.8040 0.3613 0.8040 0.3613 0.8040 0.3613 0.8040 0.3613 0.8040 0.8040 0.3613 0.8040 0.3613 0.3613
033 289 324 309 0.3613 0.3613 0.3613 0.8040 0.3613 0.8040 0.8040 0.3613 0.8040 0.8040 0.8040 0.8040 0.3613 0.8040 0.8040 0.8040
289 324 309 149 0.3613 0.3613 0.3613 0.8040 0.8040 0.8040 0.8040 0.8040 0.3613 0.3613 0.3613 0.3613 0.3613 0.8040 0.8040 0.3613
324 309 149 153 0.3613 0.8040 0.8040 0.3613 0.3613 0.3613 0.8040 0.3613 0.8040 0.3613 0.8040 0.3613 0.8040 0.3613 0.3613 0.3613
309 149 153 084 0.8040 0.3613 0.8040 0.8040 0.8040 0.8040 0.3613 0.8040 0.8040 0.8040 0.8040 0.3613 0.3613 0.3613 0.3613 0.8040
149 153 084 301 0.3613 0.8040 0.8040 0.3613 0.8040 0.8040 0.8040 0.3613 0.8040 0.3613 0.3613 0.8040 0.3613 0.8040 0.8040 0.3613
153 084 301 100 0.8040 0.3613 0.3613 0.3613 0.8040 0.3613 0.3613 0.3613 0.8040 0.3613 0.3613 0.3613 0.8040 0.3613 0.3613 0.3613
084 301 100 081 0.3613 0.3613 0.3613 0.3613 0.8040 0.8040 0.8040 0.3613 0.3613 0.3613 0.3613 0.8040 0.3613 0.8040 0.3613 0.3613
301 100 081 073 0.8040 0.3613 0.8040 0.3613 0.3613 0.3613 0.8040 0.3613 0.8040 0.8040 0.8040 0.8040 0.8040 0.3613 0.8040 0.8040
100 081 073 077 0.8040 0.3613 0.8040 0.8040 0.8040 0.3613 0.8040 0.3613 0.3613 0.8040 0.3613 0.8040 0.3613 0.8040 0.3613 0.8040
081 073 077 111 0.8040 0.8040 0.3613 0.3613 0.3613 0.8040 0.3613 0.8040 0.3613 0.3613 0.3613 0.3613 0.8040 0.3613 0.3613 0.8040
073 077 111 337 0.3613 0.3613 0.8040 0.8040 0.8040 0.8040 0.8040 0.8040 0.3613 0.3613 0.8040 0.8040 0.3613 0.3613 0.8040 0.3613
077 111 337 061 0.3613 0.3613 0.8040 0.3613 0.3613 0.8040 0.8040 0.8040 0.8040 0.8040 0.8040 0.8040 0.3613 0.8040 0.8040 0.8040
111 337 061 158 0.8040 0.8040 0.3613 0.8040 0.8040 0.3613 0.8040 0.3613 0.8040 0.3613 0.3613 0.3613 0.3613 0.8040 0.3613 0.3613
337 061 158 295 0.8040 0.3613 0.8040 0.8040 0.3613 0.3613 0.8040 0.8040 0.8040 0.3613 0.8040 0.3613 0.3613 0.8040 0.8040 0.8040
061 158 295 071 0.3613 0.8040 0.3613 0.3613 0.8040 0.3613 0.3613 0.8040 0.3613 0.8040 0.3613 0.3613 0.3613 0.8040 0.3613 0.3613
158 295 071 233 0.8040 0.3613 0.3613 0.3613 0.8040 0.3613 0.3613 0.8040 0.8040 0.8040 0.8040 0.3613 0.8040 0.8040 0.3613 0.8040
295 071 233 286 0.3613 0.8040 0.3613 0.8040 0.3613 0.3613 0.8040 0.3613 0.3613 0.8040 0.8040 0.3613 0.3613 0.8040 0.3613 0.8040
071 233 286 107 0.8040 0.3613 0.3613 0.3613 0.8040 0.3613 0.8040 0.8040 0.3613 0.8040 0.8040 0.8040 0.8040 0.8040 0.8040 0.8040
233 286 107 293 0.8040 0.8040 0.8040 0.8040 0.3613 0.8040 0.8040 0.8040 0.3613 0.8040 0.8040 0.3613 0.8040 0.3613 0.8040 0.3613
286 107 293 199 0.8040 0.3613 0.8040 0.3613 0.3613 0.8040 0.8040 0.8040 0.8040 0.8040 0.3613 0.3613 0.8040 0.8040 0.3613 0.3613
107 293 199 031 0.3613 0.3613 0.3613 0.3613 0.3613 0.3613 0.3613 0.3613 0.3613 0.8040 0.8040 0.8040 0.8040 0.3613 0.8040 0.3613
293 199 031 311 0.3613 0.3613 0.3613 0.3613 0.3613 0.3613 0.3613 0.8040 0.8040 0.3613 0.8040 0.3613 0.8040 0.8040 0.3613 0.8040
199 031 311 136 0.8040 0.8040 0.3613 0.8040 0.8040 0.8040 0.3613 0.8040 0.3613 0.3613 0.8040 0.3613 0.3613 0.8040 0.8040 0.8040
