356 031684 3
281 330 296 235 0.5764 0.7889 0.7889 0.7889 0.5764 0.7889 0.7889 0.7889 0.5764 0.5764 0.5764 0.5764 0.7889 0.7889 0.7889 0.5764
330 296 235 193 0.5764 0.7889 0.7889 0.7889 0.5764 0.7889 0.7889 0.7889 0.5764 0.7889 0.5764 0.7889 0.7889 0.7889 0.5764 0.5764
296 235 193 082 0.7889 0.5764 0.7889 0.7889 0.7889 0.5764 0.7889 0.7889 0.5764 0.5764 0.7889 0.5764 0.7889 0.7889 0.5764 0.5764
235 193 082 306 0.5764 0.7889 0.5764 0.7889 0.7889 0.5764 0.5764 0.7889 0.5764 0.7889 0.5764 0.7889 0.7889 0.7889 0.5764 0.7889
193 082 306 227 0.7889 0.7889 0.5764 0.7889 0.7889 0.7889 0.5764 0.5764 0.5764 0.5764 0.7889 0.5764 0.5764 0.5764 0.7889 0.7889
082 306 227 102 0.7889 0.5764 0.7889 0.5764 0.7889 0.5764 0.7889 0.5764 0.7889 0.5764 0.7889 0.5764 0.7889 0.5764 0.7889 0.7889
306 227 102 049 0.7889 0.7889 0.7889 0.5764 0.5764 0.7889 0.7889 0.7889 0.7889 0.7889 0.7889 0.7889 0.7889 0.7889 0.5764 0.7889
227 102 049 184 0.5764 0.5764 0.5764 0.5764 0.5764 0.7889 0.5764 0.5764 0.7889 0.7889 0.5764 0.5764 0.7889 0.5764 0.7889 0.5764
102 049 184 126 0.5764 0.7889 0.5764 0.5764 0.7889 0.7889 0.7889 0.5764 0.7889 0.5764 0.5764 0.5764 0.5764 0.7889 0.7889 0.7889
049 184 126 097 0.7889 0.5764 0.7889 0.7889 0.7889 0.7889 0.5764 0.5764 0.5764 0.5764 0.5764 0.7889 0.7889 0.7889 0.5764 0.7889
184 126 097 337 0.5764 0.7889 0.7889 0.5764 0.7889 0.7889 0.5764 0.7889 0.7889 0.5764 0.5764 0.7889 0.5764 0.5764 0.7889 0.7889
126 097 337 020 0.5764 0.7889 0.7889 0.7889 0.5764 0.7889 0.5764 0.7889 0.7889 0.5764 0.5764 0.5764 0.5764 0.7889 0.5764 0.7889
097 337 020 134 0.7889 0.5764 0.7889 0.5764 0.7889 0.7889 0.7889 0.7889 0.7889 0.5764 0.5764 0.5764 0.7889 0.7889 0.7889 0.5764
337 020 134 257 0.7889 0.5764 0.5764 0.7889 0.5764 0.5764 0.7889 0.5764 0.5764 0.7889 0.5764 0.7889 0.5764 0.5764 0.5764 0.7889
020 134 257 068 0.5764 0.7889 0.7889 0.7889 0.7889 0.7889 0.7889 0.7889 0.7889 0.5764 0.7889 0.7889 0.5764 0.5764 0.5764 0.5764
134 257 068 166 0.7889 0.7889 0.5764 0.7889 0.5764 0.7889 0.7889 0.7889 0.5764 0.7889 0.5764 0.5764 0.7889 0.7889 0.5764 0.7889
257 068 166 169 0.5764 0.5764 0.5764 0.5764 0.7889 0.7889 0.5764 0.7889 0.5764 0.7889 0.5764 0.5764 0.5764 0.7889 0.7889 0.7889
068 166 169 150 0.5764 0.5764 0.5764 0.5764 0.7889 0.5764 0.7889 0.5764 0.7889 0.7889 0.5764 0.7889 0.5764 0.7889 0.5764 0.5764
166 169 150 032 0.5764 0.7889 0.5764 0.7889 0.5764 0.7889 0.5764 0.7889 0.5764 0.7889 0.7889 0.7889 0.5764 0.7889 0.5764 0.5764
169 150 032 181 0.5764 0.5764 0.7889 0.5764 0.5764 0.7889 0.7889 0.7889 0.7889 0.5764 0.5764 0.5764 0.5764 0.7889 0.7889 0.7889
150 032 181 198 0.7889 0.7889 0.7889 0.7889 0.5764 0.7889 0.7889 0.5764 0.5764 0.5764 0.5764 0.5764 0.5764 0.5764 0.5764 0.5764
032 181 198 173 0.5764 0.5764 0.5764 0.5764 0.5764 0.7889 0.5764 0.5764 0.7889 0.7889 0.7889 0.7889 0.5764 0.7889 0.5764 0.7889
181 198 173 225 0.7889 0.7889 0.5764 0.7889 0.5764 0.5764 0.7889 0.5764 0.7889 0.5764 0.5764 0.7889 0.5764 0.7889 0.5764 0.5764
198 173 225 268 0.5764 0.7889 0.7889 0.7889 0.7889 0.5764 0.5764 0.5764 0.5764 0.7889 0.7889 0.5764 0.5764 0.7889 0.5764 0.5764
173 225 268 318 0.5764 0.7889 0.5764 0.7889 0.5764 0.7889 0.7889 0.7889 0.7889 0.7889 0.5764 0.5764 0.5764 0.7889 0.5764 0.5764
225 268 318 064 0.7889 0.7889 0.7889 0.5764 0.5764 0.5764 0.7889 0.7889 0.5764 0.5764 0.5764 0.5764 0.5764 0.7889 0.5764 0.7889
268 318 064 033 0.7889 0.7889 0.7889 0.5764 0.7889 0.5764 0.7889 0.5764 0.7889 0.7889 0.5764 0.7889 0.7889 0.5764 0.5764 0.5764
318 064 033 028 0.5764 0.7889 0.5764 0.7889 0.5764 0.7889 0.7889 0.7889 0.7889 0.7889 0.7889 0.5764 0.7889 0.5764 0.7889 0.7889
064 033 028 223 0.5764 0.7889 0.5764 0.5764 0.5764 0.5764 0.7889 0.7889 0.5764 0.7889 0.5764 0.7889 0.5764 0.7889 0.5764 0.5764
033 028 223 285 0.7889 0.7889 0.5764 0.7889 0.5764 0.5764 0.5764 0.7889 0.5764 0.5764 0.7889 0.5764 0.5764 0.7889 0.7889 0.7889
028 223 285 254 0.7889 0.7889 0.7889 0.7889 0.5764 0.5764 0.7889 0.7889 0.5764 0.5764 0.7889 0.5764 0.5764 0.7889 0.5764 0.5764
223 285 254 147 0.5764 0.5764 0.7889 0.7889 0.5764 0.7889 0.7889 0.5764 0.5764 0.7889 0.7889 0.7889 0.7889 0.5764 0.5764 0.5764
285 254 147 002 0.7889 0.7889 0.5764 0.5764 0.7889 0.5764 0.5764 0.7889 0.7889 0.5764 0.5764 0.7889 0.5764 0.5764 0.5764 0.7889
254 147 002 031 0.5764 0.7889 0.7889 0.7889 0.7889 0.7889 0.7889 0.7889 0.7889 0.5764 0.5764 0.5764 0.5764 0.7889 0.5764 0.7889
147 002 031 308 0.5764 0.5764 0.5764 0.7889 0.5764 0.5764 0.7889 0.7889 0.7889 0.5764 0.5764 0.7889 0.5764 0.5764 0.7889 0.5764
002 031 308 343 0.7889 0.7889 0.5764 0.7889 0.5764 0.7889 0.7889 0.7889 0.5764 0.7889 0.5764 0.5764 0.7889 0.7889 0.7889 0.7889
031 308 343 307 0.7889 0.5764 0.5764 0.5764 0.7889 0.5764 0.5764 0.5764 0.5764 0.5764 0.5764 0.7889 0.5764 0.5764 0.5764 0.7889
308 343 307 186 0.5764 0.5764 0.5764 0.7889 0.5764 0.5764 0.5764 0.5764 0.7889 0.7889 0.7889 0.7889 0.7889 0.7889 0.7889 0.5764
343 307 186 224 0.5764 0.7889 0.5764 0.5764 0.5764 0.5764 0.7889 0.5764 0.5764 0.7889 0.5764 0.5764 0.7889 0.7889 0.7889 0.5764
307 186 224 256 0.7889 0.5764 0.5764 0.7889 0.5764 0.7889 0.5764 0.7889 0.5764 0.5764 0.7889 0.7889 0.5764 0.7889 0.7889 0.5764
186 224 256 114 0.5764 0.7889 0.7889 0.5764 0.5764 0.7889 0.7889 0.7889 0.7889 0.7889 0.7889 0.7889 0.7889 0.5764 0.5764 0.7889
224 256 114 189 0.7889 0.7889 0.5764 0.7889 0.7889 0.7889 0.5764 0.7889 0.5764 0.7889 0.7889 0.7889 0.5764 0.7889 0.7889 0.7889
256 114 189 249 0.7889 0.5764 0.5764 0.7889 0.5764 0.7889 0.7889 0.5764 0.7889 0.5764 0.7889 0.5764 0.7889 0.7889 0.5764 0.5764
114 189 249 154 0.7889 0.7889 0.5764 0.7889 0.7889 0.7889 0.5764 0.5764 0.5764 0.7889 0.7889 0.5764 0.7889 0.5764 0.7889 0.5764
189 249 154 226 0.7889 0.7889 0.7889 0.5764 0.7889 0.7889 0.5764 0.5764 0.7889 0.5764 0.5764 0.7889 0.7889 0.5764 0.5764 0.5764
249 154 226 273 0.7889 0.5764 0.7889 0.5764 0.5764 0.5764 0.5764 0.7889 0.7889 0.5764 0.7889 0.7889 0.5764 0.5764 0.5764 0.5764
154 226 273 078 0.7889 0.7889 0.7889 0.5764 0.7889 0.5764 0.5764 0.5764 0.5764 0.7889 0.7889 0.5764 0.5764 0.7889 0.7889 0.7889
226 273 078 182 0.5764 0.5764 0.5764 0.5764 0.5764 0.5764 0.7889 0.5764 0.5764 0.5764 0.5764 0.7889 0.5764 0.7889 0.7889 0.7889
273 078 182 073 0.7889 0.7889 0.7889 0.7889 0.7889 0.5764 0.5764 0.7889 0.7889 0.5764 0.7889 0.5764 0.7889 0.5764 0.5764 0.5764
078 182 073 056 0.5764 0.5764 0.5764 0.7889 0.5764 0.5764 0.7889 0.5764 0.7889 0.7889 0.5764 0.5764 0.7889 0.5764 0.7889 0.7889
182 073 056 353 0.7889 0.5764 0.5764 0.5764 0.5764 0.7889 0.7889 0.7889 0.7889 0.5764 0.7889 0.5764 0.7889 0.7889 0.7889 0.5764
073 056 353 171 0.5764 0.5764 0.5764 0.5764 0.5764 0.5764 0.5764 0.7889 0.5764 0.7889 0.7889 0.5764 0.7889 0.5764 0.5764 0.5764
056 353 171 315 0.7889 0.5764 0.5764 0.7889 0.5764 0.5764 0.5764 0.5764 0.7889 0.7889 0.5764 0.7889 0.7889 0.7889 0.7889 0.5764
353 171 315 141 0.5764 0.5764 0.5764 0.7889 0.5764 0.7889 0.7889 0.7889 0.5764 0.5764 0.7889 0.7889 0.5764 0.5764 0.5764 0.7889
171 315 141 282 0.7889 0.7889 0.5764 0.7889 0.7889 0.5764 0.5764 0.7889 0.5764 0.5764 0.7889 0.7889 0.7889 0.7889 0.5764 0.7889
315 141 282 261 0.7889 0.7889 0.5764 0.7889 0.5764 0.5764 0.7889 0.5764 0.7889 0.5764 0.5764 0.5764 0.5764 0.7889 0.7889 0.7889
141 282 261 355 0.5764 0.7889 0.5764 0.7889 0.5764 0.5764 0.5764 0.5764 0.7889 0.7889 0.5764 0.5764 0.5764 0.7889 0.5764 0.5764
282 261 355 157 0.7889 0.7889 0.5764 0.5764 0.7889 0.7889 0.7889 0.5764 0.7889 0.7889 0.5764 0.7889 0.5764 0.7889 0.7889 0.7889
261 355 157 038 0.5764 0.5764 0.7889 0.7889 0.7889 0.7889 0.7889 0.7889 0.5764 0.7889 0.7889 0.5764 0.5764 0.5764 0.5764 0.7889
355 157 038 335 0.5764 0.5764 0.7889 0.5764 0.5764 0.7889 0.7889 0.5764 0.5764 0.5764 0.7889 0.5764 0.5764 0.5764 0.5764 0.7889
157 038 335 112 0.5764 0.7889 0.7889 0.5764 0.7889 0.7889 0.7889 0.7889 0.7889 0.5764 0.7889 0.7889 0.7889 0.7889 0.5764 0.5764
038 335 112 346 0.5764 0.7889 0.7889 0.5764 0.5764 0.5764 0.5764 0.7889 0.7889 0.5764 0.7889 0.5764 0.5764 0.5764 0.7889 0.7889
335 112 346 341 0.5764 0.7889 0.7889 0.5764 0.5764 0.7889 0.5764 0.5764 0.7889 0.7889 0.5764 0.5764 0.5764 0.7889 0.7889 0.7889
112 346 341 174 0.7889 0.5764 0.5764 0.5764 0.5764 0.5764 0.7889 0.5764 0.7889 0.7889 0.5764 0.5764 0.5764 0.7889 0.5764 0.5764
346 341 174 146 0.7889 0.7889 0.7889 0.5764 0.7889 0.7889 0.5764 0.7889 0.7889 0.5764 0.5764 0.5764 0.7889 0.5764 0.5764 0.7889
341 174 146 177 0.5764 0.5764 0.7889 0.7889 0.7889 0.5764 0.5764 0.7889 0.7889 0.7889 0.5764 0.7889 0.5764 0.7889 0.5764 0.5764
174 146 177 210 0.7889 0.7889 0.5764 0.7889 0.5764 0.7889 0.7889 0.5764 0.5764 0.7889 0.7889 0.5764 0.7889 0.7889 0.7889 0.5764
146 177 210 195 0.7889 0.5764 0.5764 0.7889 0.5764 0.7889 0.5764 0.7889 0.5764 0.5764 0.5764 0.7889 0.5764 0.5764 0.7889 0.5764
177 210 195 294 0.5764 0.5764 0.7889 0.5764 0.7889 0.7889 0.5764 0.7889 0.5764 0.5764 0.7889 0.5764 0.7889 0.5764 0.7889 0.7889
210 195 294 034 0.5764 0.7889 0.5764 0.7889 0.7889 0.7889 0.5764 0.5764 0.5764 0.5764 0.7889 0.5764 0.7889 0.7889 0.5764 0.5764
195 294 034 092 0.7889 0.7889 0.5764 0.7889 0.7889 0.7889 0.5764 0.7889 0.5764 0.5764 0.5764 0.7889 0.5764 0.5764 0.7889 0.5764
294 034 092 327 0.7889 0.5764 0.7889 0.7889 0.7889 0.5764 0.7889 0.5764 0.5764 0.5764 0.7889 0.5764 0.7889 0.5764 0.5764 0.5764
034 092 327 054 0.5764 0.5764 0.7889 0.7889 0.7889 0.7889 0.7889 0.5764 0.5764 0.7889 0.7889 0.5764 0.7889 0.7889 0.7889 0.7889
092 327 054 260 0.5764 0.7889 0.5764 0.7889 0.7889 0.7889 0.7889 0.7889 0.5764 0.7889 0.7889 0.5764 0.5764 0.5764 0.5764 0.5764
327 054 260 276 0.7889 0.7889 0.7889 0.7889 0.5764 0.5764 0.5764 0.7889 0.5764 0.5764 0.5764 0.7889 0.7889 0.7889 0.7889 0.5764
054 260 276 321 0.5764 0.7889 0.7889 0.5764 0.5764 0.7889 0.7889 0.5764 0.5764 0.7889 0.7889 0.7889 0.5764 0.5764 0.5764 0.5764
260 276 321 215 0.5764 0.5764 0.7889 0.5764 0.5764 0.5764 0.5764 0.5764 0.5764 0.5764 0.7889 0.5764 0.7889 0.7889 0.7889 0.5764
276 321 215 183 0.5764 0.7889 0.5764 0.7889 0.7889 0.7889 0.7889 0.7889 0.7889 0.7889 0.5764 0.5764 0.7889 0.7889 0.7889 0.7889
321 215 183 175 0.5764 0.7889 0.5764 0.5764 0.7889 0.7889 0.7889 0.7889 0.5764 0.7889 0.5764 0.5764 0.7889 0.7889 0.5764 0.7889
215 183 175 247 0.5764 0.7889 0.5764 0.5764 0.7889 0.7889 0.7889 0.5764 0.7889 0.7889 0.5764 0.7889 0.7889 0.7889 0.5764 0.7889
183 175 247 050 0.7889 0.5764 0.5764 0.5764 0.7889 0.5764 0.5764 0.5764 0.7889 0.7889 0.7889 0.5764 0.7889 0.7889 0.5764 0.7889
175 247 050 063 0.7889 0.7889 0.7889 0.5764 0.7889 0.7889 0.7889 0.7889 0.7889 0.5764 0.7889 0.7889 0.5764 0.5764 0.5764 0.5764
247 050 063 043 0.7889 0.5764 0.7889 0.5764 0.5764 0.7889 0.5764 0.5764 0.5764 0.5764 0.7889 0.7889 0.5764 0.7889 0.7889 0.5764
050 063 043 145 0.7889 0.7889 0.7889 0.5764 0.7889 0.5764 0.5764 0.5764 0.5764 0.5764 0.7889 0.7889 0.7889 0.7889 0.7889 0.5764
063 043 145 178 0.5764 0.5764 0.5764 0.5764 0.7889 0.7889 0.7889 0.7889 0.7889 0.7889 0.7889 0.7889 0.5764 0.7889 0.5764 0.5764
043 145 178 131 0.5764 0.7889 0.5764 0.7889 0.7889 0.7889 0.7889 0.5764 0.5764 0.5764 0.7889 0.7889 0.5764 0.5764 0.5764 0.5764
145 178 131 229 0.7889 0.7889 0.7889 0.7889 0.5764 0.5764 0.7889 0.7889 0.7889 0.7889 0.7889 0.7889 0.7889 0.5764 0.5764 0.5764
178 131 229 085 0.7889 0.5764 0.7889 0.5764 0.5764 0.7889 0.5764 0.5764 0.5764 0.7889 0.7889 0.7889 0.7889 0.5764 0.5764 0.5764
131 229 085 070 0.7889 0.7889 0.7889 0.7889 0.5764 0.7889 0.5764 0.7889 0.7889 0.7889 0.7889 0.5764 0.7889 0.7889 0.7889 0.5764
229 085 070 314 0.7889 0.7889 0.5764 0.5764 0.7889 0.5764 0.5764 0.5764 0.5764 0.7889 0.7889 0.5764 0.5764 0.5764 0.7889 0.5764
085 070 314 322 0.7889 0.7889 0.5764 0.5764 0.7889 0.5764 0.7889 0.5764 0.5764 0.5764 0.5764 0.5764 0.5764 0.7889 0.5764 0.5764
070 314 322 230 0.5764 0.5764 0.7889 0.7889 0.5764 0.5764 0.5764 0.5764 0.7889 0.5764 0.7889 0.7889 0.7889 0.7889 0.7889 0.5764
314 322 230 345 0.5764 0.7889 0.5764 0.7889 0.5764 0.5764 0.5764 0.7889 0.7889 0.7889 0.7889 0.5764 0.5764 0.5764 0.5764 0.7889
322 230 345 348 0.7889 0.7889 0.7889 0.5764 0.7889 0.5764 0.5764 0.5764 0.5764 0.7889 0.7889 0.7889 0.5764 0.7889 0.5764 0.7889
230 345 348 095 0.5764 0.7889 0.5764 0.7889 0.7889 0.7889 0.5764 0.7889 0.5764 0.5764 0.7889 0.5764 0.5764 0.5764 0.7889 0.7889
345 348 095 008 0.5764 0.7889 0.7889 0.7889 0.7889 0.7889 0.5764 0.5764 0.7889 0.7889 0.7889 0.7889 0.5764 0.5764 0.5764 0.7889
348 095 008 103 0.5764 0.7889 0.5764 0.7889 0.7889 0.7889 0.7889 0.7889 0.5764 0.7889 0.5764 0.7889 0.7889 0.7889 0.7889 0.5764
095 008 103 044 0.7889 0.7889 0.5764 0.5764 0.7889 0.5764 0.7889 0.5764 0.7889 0.5764 0.7889 0.7889 0.5764 0.5764 0.5764 0.5764
008 103 044 176 0.7889 0.5764 0.5764 0.7889 0.7889 0.5764 0.7889 0.5764 0.5764 0.7889 0.5764 0.7889 0.7889 0.7889 0.7889 0.7889
103 044 176 067 0.7889 0.5764 0.7889 0.7889 0.5764 0.7889 0.5764 0.7889 0.5764 0.5764 0.7889 0.7889 0.7889 0.5764 0.7889 0.7889
044 176 067 129 0.5764 0.5764 0.7889 0.7889 0.5764 0.5764 0.7889 0.7889 0.7889 0.5764 0.5764 0.5764 0.7889 0.5764 0.7889 0.5764
176 067 129 004 0.7889 0.5764 0.7889 0.7889 0.7889 0.7889 0.5764 0.7889 0.7889 0.7889 0.5764 0.5764 0.7889 0.5764 0.5764 0.5764
067 129 004 305 0.5764 0.5764 0.5764 0.7889 0.5764 0.5764 0.5764 0.7889 0.7889 0.7889 0.7889 0.7889 0.5764 0.5764 0.7889 0.5764
129 004 305 336 0.7889 0.7889 0.5764 0.7889 0.7889 0.7889 0.5764 0.5764 0.5764 0.5764 0.7889 0.5764 0.5764 0.5764 0.5764 0.7889
004 305 336 238 0.7889 0.5764 0.5764 0.5764 0.5764 0.7889 0.5764 0.5764 0.7889 0.5764 0.5764 0.5764 0.5764 0.7889 0.7889 0.7889
305 336 238 342 0.5764 0.5764 0.7889 0.7889 0.7889 0.7889 0.5764 0.5764 0.5764 0.5764 0.5764 0.5764 0.5764 0.7889 0.5764 0.7889
336 238 342 303 0.7889 0.7889 0.7889 0.7889 0.5764 0.5764 0.7889 0.5764 0.7889 0.5764 0.5764 0.7889 0.5764 0.7889 0.5764 0.7889
238 342 303 244 0.5764 0.7889 0.5764 0.5764 0.7889 0.7889 0.5764 0.5764 0.7889 0.5764 0.5764 0.7889 0.7889 0.7889 0.7889 0.5764
342 303 244 118 0.5764 0.7889 0.7889 0.7889 0.7889 0.7889 0.7889 0.7889 0.7889 0.7889 0.7889 0.7889 0.7889 0.7889 0.5764 0.7889
303 244 118 301 0.7889 0.7889 0.5764 0.7889 0.7889 0.5764 0.5764 0.7889 0.7889 0.5764 0.7889 0.5764 0.5764 0.5764 0.7889 0.5764
244 118 301 274 0.5764 0.5764 0.7889 0.7889 0.7889 0.7889 0.7889 0.7889 0.7889 0.7889 0.7889 0.7889 0.5764 0.5764 0.5764 0.7889
118 301 274 248 0.5764 0.7889 0.7889 0.7889 0.7889 0.7889 0.7889 0.5764 0.7889 0.5764 0.7889 0.7889 0.5764 0.7889 0.7889 0.7889
301 274 248 107 0.7889 0.7889 0.5764 0.5764 0.5764 0.5764 0.7889 0.5764 0.7889 0.5764 0.7889 0.7889 0.7889 0.7889 0.5764 0.5764
274 248 107 252 0.5764 0.7889 0.5764 0.5764 0.5764 0.5764 0.7889 0.5764 0.7889 0.7889 0.5764 0.5764 0.5764 0.7889 0.5764 0.5764
248 107 252 316 0.5764 0.7889 0.7889 0.5764 0.5764 0.7889 0.5764 0.5764 0.5764 0.7889 0.5764 0.7889 0.7889 0.7889 0.7889 0.5764
107 252 316 066 0.5764 0.7889 0.5764 0.5764 0.5764 0.7889 0.7889 0.5764 0.7889 0.5764 0.7889 0.7889 0.5764 0.5764 0.7889 0.7889
252 316 066 187 0.5764 0.7889 0.7889 0.5764 0.5764 0.7889 0.5764 0.5764 0.7889 0.7889 0.7889 0.5764 0.5764 0.5764 0.7889 0.5764
316 066 187 138 0.5764 0.5764 0.7889 0.7889 0.5764 0.5764 0.5764 0.5764 0.5764 0.5764 0.7889 0.5764 0.5764 0.7889 0.5764 0.7889
066 187 138 323 0.7889 0.5764 0.5764 0.7889 0.7889 0.5764 0.7889 0.7889 0.7889 0.7889 0.7889 0.5764 0.5764 0.5764 0.7889 0.7889
187 138 323 328 0.5764 0.5764 0.7889 0.5764 0.7889 0.5764 0.7889 0.5764 0.5764 0.7889 0.5764 0.5764 0.7889 0.5764 0.7889 0.7889
138 323 328 046 0.7889 0.5764 0.5764 0.7889 0.5764 0.7889 0.5764 0.5764 0.7889 0.5764 0.5764 0.5764 0.7889 0.5764 0.5764 0.7889
323 328 046 087 0.5764 0.7889 0.5764 0.7889 0.7889 0.7889 0.5764 0.5764 0.7889 0.5764 0.5764 0.5764 0.7889 0.7889 0.5764 0.5764
328 046 087 319 0.5764 0.7889 0.7889 0.7889 0.7889 0.5764 0.7889 0.7889 0.5764 0.7889 0.5764 0.5764 0.7889 0.7889 0.5764 0.5764
046 087 319 270 0.5764 0.7889 0.7889 0.7889 0.7889 0.7889 0.5764 0.5764 0.5764 0.7889 0.5764 0.5764 0.5764 0.5764 0.7889 0.5764
087 319 270 140 0.5764 0.7889 0.7889 0.5764 0.5764 0.7889 0.7889 0.5764 0.5764 0.7889 0.7889 0.5764 0.5764 0.7889 0.7889 0.7889
319 270 140 045 0.7889 0.7889 0.5764 0.5764 0.7889 0.5764 0.7889 0.7889 0.7889 0.5764 0.7889 0.7889 0.7889 0.5764 0.5764 0.5764
270 140 045 263 0.7889 0.7889 0.7889 0.7889 0.7889 0.5764 0.7889 0.5764 0.5764 0.7889 0.7889 0.5764 0.5764 0.5764 0.7889 0.5764
140 045 263 091 0.5764 0.5764 0.7889 0.7889 0.5764 0.5764 0.7889 0.7889 0.5764 0.5764 0.7889 0.7889 0.7889 0.5764 0.7889 0.5764
045 263 091 258 0.7889 0.5764 0.5764 0.5764 0.7889 0.5764 0.5764 0.5764 0.5764 0.5764 0.7889 0.5764 0.7889 0.5764 0.7889 0.7889
263 091 258 190 0.5764 0.5764 0.7889 0.5764 0.5764 0.5764 0.7889 0.5764 0.7889 0.7889 0.7889 0.5764 0.5764 0.7889 0.7889 0.7889
091 258 190 127 0.7889 0.5764 0.5764 0.5764 0.7889 0.7889 0.7889 0.5764 0.7889 0.5764 0.7889 0.5764 0.5764 0.7889 0.7889 0.5764
258 190 127 339 0.7889 0.7889 0.7889 0.7889 0.7889 0.5764 0.7889 0.5764 0.7889 0.7889 0.7889 0.5764 0.7889 0.7889 0.5764 0.7889
190 127 339 048 0.7889 0.5764 0.5764 0.5764 0.5764 0.5764 0.7889 0.7889 0.5764 0.5764 0.7889 0.5764 0.5764 0.5764 0.7889 0.5764
127 339 048 139 0.5764 0.7889 0.5764 0.7889 0.7889 0.7889 0.5764 0.7889 0.5764 0.7889 0.7889 0.5764 0.7889 0.7889 0.5764 0.7889
339 048 139 018 0.7889 0.5764 0.5764 0.7889 0.5764 0.7889 0.5764 0.7889 0.7889 0.5764 0.5764 0.5764 0.7889 0.7889 0.7889 0.5764
048 139 018 062 0.5764 0.7889 0.5764 0.7889 0.5764 0.7889 0.5764 0.7889 0.5764 0.5764 0.7889 0.5764 0.5764 0.5764 0.5764 0.5764
139 018 062 242 0.5764 0.7889 0.5764 0.7889 0.5764 0.7889 0.7889 0.7889 0.5764 0.7889 0.7889 0.7889 0.7889 0.7889 0.5764 0.5764
018 062 242 080 0.5764 0.7889 0.5764 0.5764 0.7889 0.7889 0.5764 0.7889 0.7889 0.5764 0.7889 0.7889 0.7889 0.7889 0.5764 0.7889
062 242 080 030 0.7889 0.7889 0.7889 0.5764 0.5764 0.7889 0.7889 0.7889 0.7889 0.5764 0.7889 0.7889 0.5764 0.5764 0.7889 0.5764
242 080 030 289 0.7889 0.7889 0.5764 0.5764 0.5764 0.7889 0.7889 0.7889 0.7889 0.7889 0.5764 0.5764 0.5764 0.5764 0.7889 0.7889
080 030 289 290 0.5764 0.7889 0.7889 0.5764 0.5764 0.7889 0.5764 0.5764 0.5764 0.5764 0.5764 0.5764 0.5764 0.5764 0.7889 0.5764
030 289 290 313 0.7889 0.5764 0.5764 0.5764 0.7889 0.5764 0.7889 0.5764 0.5764 0.7889 0.7889 0.7889 0.5764 0.5764 0.7889 0.7889
289 290 313 023 0.5764 0.7889 0.7889 0.7889 0.5764 0.5764 0.7889 0.7889 0.5764 0.7889 0.5764 0.7889 0.7889 0.7889 0.5764 0.7889
290 313 023 019 0.7889 0.7889 0.7889 0.5764 0.7889 0.5764 0.5764 0.5764 0.7889 0.5764 0.7889 0.5764 0.5764 0.7889 0.7889 0.7889
313 023 019 072 0.7889 0.7889 0.7889 0.7889 0.7889 0.7889 0.7889 0.7889 0.7889 0.7889 0.7889 0.5764 0.5764 0.7889 0.5764 0.7889
023 019 072 011 0.7889 0.5764 0.7889 0.7889 0.5764 0.7889 0.7889 0.7889 0.7889 0.7889 0.7889 0.5764 0.7889 0.5764 0.7889 0.7889
019 072 011 292 0.7889 0.5764 0.5764 0.5764 0.7889 0.7889 0.7889 0.5764 0.7889 0.7889 0.7889 0.5764 0.7889 0.7889 0.7889 0.5764
072 011 292 089 0.7889 0.5764 0.5764 0.7889 0.5764 0.5764 0.5764 0.5764 0.7889 0.5764 0.7889 0.5764 0.7889 0.7889 0.5764 0.7889
011 292 089 120 0.5764 0.7889 0.7889 0.5764 0.5764 0.5764 0.5764 0.7889 0.5764 0.7889 0.5764 0.7889 0.5764 0.7889 0.5764 0.7889
292 089 120 259 0.7889 0.5764 0.7889 0.7889 0.5764 0.7889 0.5764 0.7889 0.7889 0.5764 0.7889 0.7889 0.7889 0.7889 0.7889 0.5764
089 120 259 105 0.7889 0.5764 0.7889 0.5764 0.5764 0.7889 0.7889 0.7889 0.7889 0.5764 0.7889 0.7889 0.7889 0.7889 0.5764 0.5764
120 259 105 108 0.7889 0.5764 0.5764 0.5764 0.7889 0.7889 0.5764 0.5764 0.7889 0.7889 0.5764 0.7889 0.7889 0.5764 0.7889 0.5764
259 105 108 136 0.5764 0.7889 0.7889 0.7889 0.7889 0.7889 0.5764 0.5764 0.7889 0.5764 0.5764 0.7889 0.5764 0.7889 0.5764 0.7889
105 108 136 278 0.5764 0.5764 0.7889 0.5764 0.5764 0.7889 0.7889 0.7889 0.5764 0.7889 0.7889 0.7889 0.5764 0.7889 0.7889 0.7889
108 136 278 349 0.5764 0.7889 0.5764 0.5764 0.7889 0.5764 0.5764 0.7889 0.7889 0.5764 0.5764 0.7889 0.7889 0.5764 0.5764 0.7889
136 278 349 172 0.5764 0.7889 0.7889 0.5764 0.5764 0.5764 0.5764 0.7889 0.5764 0.7889 0.5764 0.5764 0.5764 0.7889 0.5764 0.7889
278 349 172 096 0.5764 0.7889 0.5764 0.7889 0.5764 0.7889 0.7889 0.7889 0.7889 0.7889 0.5764 0.7889 0.5764 0.7889 0.5764 0.5764
349 172 096 277 0.7889 0.5764 0.7889 0.5764 0.5764 0.5764 0.7889 0.7889 0.5764 0.7889 0.7889 0.5764 0.7889 0.7889 0.7889 0.5764
172 096 277 320 0.7889 0.5764 0.7889 0.5764 0.7889 0.5764 0.7889 0.7889 0.7889 0.7889 0.7889 0.5764 0.5764 0.7889 0.7889 0.5764
096 277 320 202 0.5764 0.7889 0.7889 0.7889 0.7889 0.7889 0.5764 0.5764 0.7889 0.5764 0.7889 0.7889 0.7889 0.7889 0.5764 0.7889
277 320 202 119 0.5764 0.7889 0.7889 0.5764 0.7889 0.7889 0.7889 0.7889 0.5764 0.7889 0.5764 0.7889 0.5764 0.5764 0.7889 0.7889
320 202 119 065 0.7889 0.5764 0.7889 0.7889 0.7889 0.7889 0.5764 0.7889 0.7889 0.7889 0.7889 0.5764 0.7889 0.7889 0.7889 0.7889
202 119 065 197 0.5764 0.5764 0.5764 0.5764 0.7889 0.7889 0.7889 0.7889 0.7889 0.5764 0.7889 0.5764 0.7889 0.7889 0.7889 0.7889
119 065 197 347 0.7889 0.5764 0.5764 0.7889 0.7889 0.5764 0.7889 0.5764 0.5764 0.5764 0.5764 0.5764 0.7889 0.7889 0.7889 0.7889
065 197 347 317 0.7889 0.7889 0.7889 0.5764 0.5764 0.7889 0.5764 0.7889 0.7889 0.5764 0.7889 0.7889 0.7889 0.5764 0.7889 0.7889
197 347 317 055 0.7889 0.5764 0.7889 0.7889 0.7889 0.7889 0.5764 0.5764 0.7889 0.7889 0.7889 0.7889 0.7889 0.7889 0.5764 0.5764
347 317 055 137 0.5764 0.7889 0.5764 0.7889 0.7889 0.5764 0.7889 0.5764 0.7889 0.5764 0.5764 0.5764 0.5764 0.7889 0.7889 0.5764
317 055 137 331 0.7889 0.5764 0.7889 0.5764 0.5764 0.5764 0.5764 0.7889 0.7889 0.5764 0.7889 0.5764 0.5764 0.5764 0.7889 0.7889
055 137 331 240 0.7889 0.7889 0.5764 0.7889 0.5764 0.7889 0.7889 0.7889 0.5764 0.5764 0.5764 0.5764 0.5764 0.7889 0.7889 0.7889
137 331 240 061 0.5764 0.5764 0.5764 0.7889 0.7889 0.5764 0.5764 0.5764 0.5764 0.5764 0.7889 0.7889 0.7889 0.7889 0.7889 0.5764
331 240 061 204 0.7889 0.7889 0.7889 0.5764 0.5764 0.5764 0.5764 0.7889 0.5764 0.5764 0.5764 0.7889 0.5764 0.7889 0.7889 0.7889
240 061 204 040 0.7889 0.7889 0.5764 0.5764 0.7889 0.5764 0.7889 0.7889 0.5764 0.5764 0.5764 0.7889 0.5764 0.7889 0.5764 0.5764
061 204 040 001 0.7889 0.5764 0.5764 0.7889 0.7889 0.7889 0.7889 0.5764 0.5764 0.5764 0.5764 0.5764 0.5764 0.7889 0.5764 0.5764
204 040 001 216 0.7889 0.7889 0.5764 0.7889 0.5764 0.7889 0.5764 0.5764 0.5764 0.5764 0.5764 0.7889 0.7889 0.7889 0.7889 0.7889
040 001 216 344 0.7889 0.5764 0.5764 0.5764 0.5764 0.7889 0.5764 0.5764 0.5764 0.7889 0.5764 0.5764 0.7889 0.5764 0.5764 0.5764
001 216 344 168 0.5764 0.7889 0.7889 0.5764 0.7889 0.5764 0.5764 0.5764 0.5764 0.5764 0.5764 0.7889 0.7889 0.7889 0.7889 0.5764
216 344 168 069 0.7889 0.5764 0.7889 0.5764 0.7889 0.7889 0.5764 0.7889 0.7889 0.7889 0.7889 0.7889 0.5764 0.5764 0.5764 0.5764
344 168 069 125 0.5764 0.5764 0.7889 0.7889 0.7889 0.7889 0.5764 0.5764 0.7889 0.5764 0.7889 0.5764 0.7889 0.7889 0.5764 0.5764
168 069 125 340 0.7889 0.5764 0.7889 0.5764 0.7889 0.7889 0.5764 0.7889 0.7889 0.7889 0.7889 0.5764 0.5764 0.5764 0.5764 0.5764
069 125 340 309 0.7889 0.5764 0.7889 0.5764 0.7889 0.5764 0.7889 0.7889 0.5764 0.7889 0.5764 0.7889 0.5764 0.7889 0.7889 0.5764
125 340 309 217 0.7889 0.5764 0.7889 0.7889 0.5764 0.7889 0.5764 0.7889 0.5764 0.7889 0.5764 0.7889 0.7889 0.5764 0.7889 0.7889
340 309 217 310 0.7889 0.5764 0.5764 0.5764 0.7889 0.7889 0.7889 0.5764 0.7889 0.5764 0.7889 0.5764 0.7889 0.7889 0.7889 0.5764
309 217 310 121 0.7889 0.7889 0.7889 0.7889 0.7889 0.5764 0.7889 0.7889 0.7889 0.7889 0.7889 0.7889 0.7889 0.7889 0.5764 0.7889
217 310 121 075 0.7889 0.7889 0.5764 0.7889 0.7889 0.7889 0.7889 0.7889 0.5764 0.7889 0.5764 0.5764 0.7889 0.7889 0.7889 0.7889
310 121 075 207 0.7889 0.5764 0.7889 0.7889 0.5764 0.7889 0.5764 0.7889 0.5764 0.7889 0.5764 0.7889 0.5764 0.5764 0.7889 0.7889
121 075 207 006 0.5764 0.7889 0.7889 0.7889 0.7889 0.7889 0.5764 0.7889 0.7889 0.7889 0.7889 0.7889 0.7889 0.7889 0.7889 0.7889
075 207 006 025 0.5764 0.5764 0.7889 0.5764 0.5764 0.5764 0.5764 0.7889 0.5764 0.5764 0.5764 0.5764 0.5764 0.5764 0.5764 0.7889
207 006 025 059 0.7889 0.7889 0.7889 0.7889 0.5764 0.7889 0.7889 0.5764 0.7889 0.5764 0.7889 0.7889 0.5764 0.7889 0.5764 0.7889
006 025 059 304 0.5764 0.5764 0.5764 0.5764 0.5764 0.5764 0.7889 0.5764 0.5764 0.7889 0.7889 0.7889 0.5764 0.5764 0.5764 0.7889
025 059 304 262 0.5764 0.7889 0.7889 0.7889 0.7889 0.7889 0.7889 0.5764 0.5764 0.5764 0.5764 0.5764 0.5764 0.7889 0.7889 0.5764
059 304 262 302 0.5764 0.5764 0.7889 0.5764 0.7889 0.5764 0.7889 0.7889 0.5764 0.7889 0.5764 0.7889 0.7889 0.7889 0.7889 0.7889
304 262 302 287 0.7889 0.5764 0.7889 0.7889 0.7889 0.7889 0.7889 0.5764 0.5764 0.7889 0.7889 0.7889 0.7889 0.7889 0.5764 0.7889
262 302 287 101 0.7889 0.5764 0.5764 0.7889 0.7889 0.7889 0.5764 0.5764 0.7889 0.7889 0.5764 0.5764 0.7889 0.7889 0.5764 0.7889
302 287 101 109 0.7889 0.7889 0.7889 0.7889 0.7889 0.5764 0.7889 0.7889 0.7889 0.7889 0.5764 0.5764 0.5764 0.5764 0.7889 0.7889
287 101 109 325 0.5764 0.5764 0.5764 0.7889 0.7889 0.5764 0.5764 0.5764 0.7889 0.5764 0.7889 0.7889 0.7889 0.5764 0.5764 0.7889
101 109 325 312 0.7889 0.5764 0.7889 0.7889 0.5764 0.7889 0.7889 0.5764 0.7889 0.5764 0.7889 0.7889 0.7889 0.7889 0.5764 0.5764
109 325 312 015 0.7889 0.5764 0.7889 0.7889 0.5764 0.7889 0.5764 0.5764 0.7889 0.7889 0.7889 0.5764 0.5764 0.5764 0.7889 0.5764
325 312 015 135 0.5764 0.5764 0.5764 0.5764 0.7889 0.7889 0.7889 0.7889 0.5764 0.5764 0.5764 0.7889 0.7889 0.5764 0.7889 0.7889
312 015 135 155 0.5764 0.5764 0.5764 0.5764 0.7889 0.7889 0.7889 0.5764 0.5764 0.7889 0.5764 0.5764 0.5764 0.7889 0.7889 0.7889
015 135 155 029 0.5764 0.5764 0.7889 0.5764 0.5764 0.5764 0.7889 0.5764 0.7889 0.7889 0.5764 0.5764 0.7889 0.7889 0.7889 0.7889
135 155 029 299 0.5764 0.7889 0.5764 0.7889 0.5764 0.5764 0.7889 0.7889 0.7889 0.5764 0.7889 0.7889 0.7889 0.7889 0.7889 0.7889
155 029 299 275 0.5764 0.5764 0.5764 0.5764 0.7889 0.5764 0.7889 0.5764 0.5764 0.5764 0.7889 0.7889 0.7889 0.5764 0.7889 0.7889
029 299 275 288 0.5764 0.7889 0.7889 0.7889 0.7889 0.5764 0.5764 0.5764 0.7889 0.7889 0.7889 0.7889 0.5764 0.5764 0.5764 0.5764
299 275 288 117 0.7889 0.5764 0.5764 0.5764 0.5764 0.5764 0.5764 0.5764 0.5764 0.5764 0.5764 0.5764 0.5764 0.5764 0.7889 0.7889
275 288 117 329 0.7889 0.7889 0.5764 0.7889 0.5764 0.5764 0.7889 0.7889 0.7889 0.5764 0.7889 0.5764 0.5764 0.5764 0.7889 0.7889
288 117 329 042 0.5764 0.7889 0.5764 0.5764 0.5764 0.7889 0.7889 0.7889 0.5764 0.7889 0.5764 0.7889 0.7889 0.7889 0.5764 0.7889
117 329 042 214 0.5764 0.7889 0.5764 0.7889 0.5764 0.5764 0.7889 0.5764 0.5764 0.7889 0.5764 0.5764 0.7889 0.7889 0.7889 0.7889
329 042 214 201 0.7889 0.7889 0.7889 0.5764 0.5764 0.5764 0.7889 0.7889 0.5764 0.5764 0.7889 0.5764 0.7889 0.5764 0.5764 0.7889
042 214 201 162 0.5764 0.7889 0.7889 0.7889 0.7889 0.7889 0.7889 0.5764 0.5764 0.5764 0.5764 0.7889 0.7889 0.5764 0.7889 0.5764
214 201 162 093 0.7889 0.7889 0.7889 0.7889 0.7889 0.5764 0.5764 0.5764 0.7889 0.5764 0.5764 0.5764 0.7889 0.7889 0.7889 0.7889
201 162 093 212 0.5764 0.5764 0.5764 0.5764 0.7889 0.7889 0.5764 0.7889 0.7889 0.7889 0.7889 0.5764 0.5764 0.5764 0.7889 0.5764
162 093 212 124 0.7889 0.5764 0.5764 0.5764 0.5764 0.5764 0.5764 0.7889 0.7889 0.7889 0.7889 0.7889 0.7889 0.5764 0.5764 0.7889
093 212 124 026 0.5764 0.5764 0.7889 0.7889 0.7889 0.5764 0.7889 0.7889 0.5764 0.7889 0.7889 0.5764 0.5764 0.7889 0.7889 0.5764
212 124 026 338 0.5764 0.7889 0.7889 0.5764 0.5764 0.7889 0.5764 0.5764 0.5764 0.7889 0.5764 0.7889 0.7889 0.5764 0.5764 0.7889
124 026 338 090 0.7889 0.7889 0.7889 0.5764 0.7889 0.5764 0.7889 0.5764 0.5764 0.7889 0.7889 0.7889 0.5764 0.5764 0.7889 0.7889
026 338 090 192 0.5764 0.5764 0.5764 0.7889 0.7889 0.5764 0.7889 0.7889 0.5764 0.5764 0.7889 0.5764 0.5764 0.7889 0.7889 0.5764
338 090 192 130 0.5764 0.7889 0.5764 0.7889 0.5764 0.7889 0.7889 0.5764 0.5764 0.5764 0.5764 0.5764 0.7889 0.7889 0.5764 0.5764
090 192 130 334 0.5764 0.5764 0.5764 0.7889 0.7889 0.7889 0.7889 0.5764 0.7889 0.7889 0.7889 0.5764 0.5764 0.7889 0.7889 0.7889
192 130 334 051 0.7889 0.5764 0.5764 0.7889 0.5764 0.5764 0.7889 0.7889 0.5764 0.7889 0.5764 0.7889 0.5764 0.7889 0.7889 0.7889
130 334 051 219 0.7889 0.7889 0.5764 0.7889 0.7889 0.5764 0.5764 0.5764 0.5764 0.5764 0.5764 0.5764 0.7889 0.5764 0.5764 0.7889
334 051 219 156 0.7889 0.5764 0.7889 0.7889 0.7889 0.5764 0.7889 0.7889 0.7889 0.7889 0.7889 0.7889 0.7889 0.5764 0.7889 0.5764
051 219 156 180 0.7889 0.5764 0.7889 0.7889 0.5764 0.5764 0.5764 0.5764 0.5764 0.5764 0.7889 0.7889 0.7889 0.5764 0.7889 0.5764
219 156 180 272 0.5764 0.7889 0.7889 0.7889 0.5764 0.5764 0.5764 0.7889 0.7889 0.7889 0.7889 0.7889 0.7889 0.7889 0.5764 0.5764
156 180 272 035 0.5764 0.7889 0.7889 0.7889 0.5764 0.7889 0.5764 0.5764 0.7889 0.5764 0.7889 0.5764 0.7889 0.5764 0.5764 0.7889
180 272 035 100 0.5764 0.7889 0.5764 0.5764 0.7889 0.7889 0.5764 0.5764 0.5764 0.7889 0.7889 0.5764 0.5764 0.7889 0.7889 0.7889
272 035 100 071 0.5764 0.5764 0.5764 0.5764 0.5764 0.7889 0.7889 0.7889 0.5764 0.5764 0.5764 0.7889 0.7889 0.5764 0.5764 0.5764
035 100 071 333 0.7889 0.5764 0.7889 0.7889 0.7889 0.5764 0.5764 0.7889 0.5764 0.5764 0.5764 0.5764 0.7889 0.7889 0.5764 0.7889
100 071 333 010 0.7889 0.5764 0.5764 0.5764 0.5764 0.5764 0.7889 0.5764 0.5764 0.7889 0.7889 0.5764 0.5764 0.7889 0.5764 0.7889
071 333 010 084 0.5764 0.5764 0.7889 0.7889 0.7889 0.5764 0.5764 0.5764 0.7889 0.7889 0.5764 0.5764 0.5764 0.7889 0.7889 0.5764
333 010 084 213 0.5764 0.5764 0.5764 0.7889 0.5764 0.7889 0.7889 0.5764 0.5764 0.7889 0.7889 0.5764 0.5764 0.5764 0.7889 0.7889
010 084 213 206 0.7889 0.5764 0.5764 0.5764 0.5764 0.7889 0.5764 0.5764 0.5764 0.7889 0.7889 0.7889 0.5764 0.7889 0.7889 0.5764
084 213 206 057 0.7889 0.7889 0.7889 0.5764 0.7889 0.5764 0.5764 0.7889 0.7889 0.5764 0.5764 0.7889 0.7889 0.5764 0.5764 0.5764
213 206 057 191 0.5764 0.7889 0.5764 0.5764 0.7889 0.7889 0.7889 0.7889 0.7889 0.5764 0.5764 0.7889 0.5764 0.7889 0.7889 0.5764
206 057 191 041 0.5764 0.5764 0.5764 0.7889 0.5764 0.5764 0.7889 0.5764 0.5764 0.7889 0.7889 0.7889 0.7889 0.7889 0.5764 0.5764
057 191 041 163 0.7889 0.5764 0.7889 0.5764 0.7889 0.5764 0.7889 0.7889 0.5764 0.7889 0.5764 0.5764 0.5764 0.5764 0.7889 0.5764
191 041 163 350 0.7889 0.5764 0.7889 0.5764 0.5764 0.5764 0.7889 0.7889 0.7889 0.5764 0.5764 0.5764 0.7889 0.5764 0.7889 0.7889
041 163 350 167 0.7889 0.5764 0.5764 0.5764 0.7889 0.7889 0.5764 0.5764 0.7889 0.5764 0.5764 0.5764 0.7889 0.7889 0.5764 0.5764
163 350 167 283 0.5764 0.5764 0.7889 0.5764 0.5764 0.7889 0.7889 0.7889 0.5764 0.5764 0.5764 0.5764 0.5764 0.7889 0.5764 0.7889
350 167 283 142 0.7889 0.5764 0.7889 0.5764 0.7889 0.7889 0.5764 0.5764 0.5764 0.7889 0.5764 0.7889 0.7889 0.5764 0.5764 0.5764
167 283 142 220 0.7889 0.5764 0.5764 0.7889 0.5764 0.5764 0.5764 0.7889 0.7889 0.7889 0.7889 0.7889 0.7889 0.5764 0.5764 0.5764
283 142 220 179 0.7889 0.5764 0.5764 0.7889 0.5764 0.7889 0.5764 0.7889 0.7889 0.5764 0.7889 0.7889 0.7889 0.5764 0.5764 0.7889
142 220 179 228 0.5764 0.7889 0.5764 0.5764 0.5764 0.7889 0.7889 0.5764 0.7889 0.5764 0.7889 0.7889 0.5764 0.7889 0.7889 0.7889
220 179 228 036 0.7889 0.5764 0.5764 0.7889 0.7889 0.5764 0.5764 0.5764 0.7889 0.7889 0.7889 0.5764 0.7889 0.5764 0.7889 0.5764
179 228 036 209 0.7889 0.5764 0.7889 0.7889 0.5764 0.7889 0.7889 0.5764 0.5764 0.7889 0.7889 0.7889 0.5764 0.5764 0.7889 0.7889
228 036 209 246 0.7889 0.7889 0.7889 0.7889 0.7889 0.5764 0.7889 0.5764 0.7889 0.7889 0.7889 0.7889 0.5764 0.5764 0.5764 0.7889
036 209 246 231 0.5764 0.7889 0.7889 0.5764 0.7889 0.7889 0.7889 0.5764 0.7889 0.5764 0.7889 0.5764 0.5764 0.5764 0.7889 0.7889
209 246 231 110 0.5764 0.5764 0.5764 0.5764 0.5764 0.7889 0.7889 0.7889 0.7889 0.7889 0.7889 0.7889 0.5764 0.7889 0.7889 0.7889
246 231 110 297 0.5764 0.5764 0.7889 0.7889 0.7889 0.7889 0.5764 0.5764 0.5764 0.5764 0.7889 0.7889 0.5764 0.5764 0.5764 0.7889
231 110 297 354 0.5764 0.5764 0.7889 0.5764 0.5764 0.7889 0.7889 0.7889 0.5764 0.7889 0.7889 0.5764 0.7889 0.7889 0.7889 0.7889
110 297 354 021 0.7889 0.5764 0.7889 0.7889 0.5764 0.7889 0.7889 0.7889 0.7889 0.7889 0.7889 0.7889 0.7889 0.7889 0.5764 0.5764
297 354 021 286 0.5764 0.5764 0.7889 0.7889 0.7889 0.7889 0.7889 0.7889 0.7889 0.7889 0.5764 0.5764 0.7889 0.7889 0.5764 0.5764
354 021 286 152 0.5764 0.7889 0.7889 0.7889 0.5764 0.5764 0.7889 0.5764 0.5764 0.5764 0.5764 0.5764 0.5764 0.5764 0.5764 0.5764
021 286 152 351 0.7889 0.5764 0.7889 0.7889 0.5764 0.7889 0.7889 0.7889 0.7889 0.7889 0.5764 0.5764 0.7889 0.7889 0.7889 0.7889
286 152 351 053 0.7889 0.5764 0.7889 0.7889 0.5764 0.7889 0.7889 0.5764 0.5764 0.7889 0.7889 0.7889 0.5764 0.7889 0.7889 0.7889
152 351 053 003 0.7889 0.7889 0.5764 0.7889 0.5764 0.5764 0.7889 0.5764 0.5764 0.7889 0.7889 0.5764 0.7889 0.5764 0.7889 0.5764
351 053 003 279 0.5764 0.5764 0.7889 0.5764 0.5764 0.7889 0.5764 0.5764 0.7889 0.5764 0.5764 0.7889 0.5764 0.5764 0.7889 0.7889
053 003 279 116 0.5764 0.5764 0.5764 0.5764 0.5764 0.7889 0.7889 0.5764 0.5764 0.7889 0.7889 0.7889 0.5764 0.5764 0.7889 0.7889
003 279 116 326 0.5764 0.7889 0.5764 0.7889 0.5764 0.5764 0.7889 0.7889 0.7889 0.5764 0.7889 0.5764 0.5764 0.7889 0.5764 0.7889
279 116 326 151 0.5764 0.5764 0.5764 0.5764 0.5764 0.5764 0.7889 0.7889 0.5764 0.5764 0.5764 0.7889 0.5764 0.5764 0.5764 0.5764
116 326 151 196 0.7889 0.5764 0.5764 0.7889 0.5764 0.7889 0.5764 0.7889 0.7889 0.5764 0.5764 0.7889 0.7889 0.5764 0.5764 0.5764
326 151 196 300 0.5764 0.5764 0.7889 0.5764 0.5764 0.5764 0.7889 0.5764 0.7889 0.5764 0.5764 0.5764 0.5764 0.5764 0.7889 0.7889
151 196 300 007 0.5764 0.7889 0.5764 0.5764 0.5764 0.5764 0.5764 0.5764 0.5764 0.5764 0.7889 0.5764 0.5764 0.7889 0.7889 0.5764
196 300 007 185 0.7889 0.5764 0.7889 0.7889 0.7889 0.7889 0.5764 0.5764 0.7889 0.7889 0.7889 0.5764 0.5764 0.5764 0.5764 0.5764
300 007 185 077 0.7889 0.7889 0.5764 0.7889 0.7889 0.7889 0.5764 0.5764 0.5764 0.7889 0.7889 0.7889 0.5764 0.7889 0.5764 0.7889
007 185 077 060 0.5764 0.5764 0.7889 0.7889 0.7889 0.5764 0.5764 0.7889 0.7889 0.7889 0.5764 0.5764 0.7889 0.5764 0.7889 0.5764
185 077 060 014 0.5764 0.7889 0.5764 0.5764 0.5764 0.7889 0.5764 0.5764 0.7889 0.5764 0.5764 0.5764 0.7889 0.5764 0.5764 0.5764
077 060 014 047 0.7889 0.7889 0.7889 0.5764 0.5764 0.7889 0.7889 0.7889 0.5764 0.5764 0.7889 0.7889 0.7889 0.7889 0.5764 0.7889
060 014 047 081 0.5764 0.7889 0.7889 0.5764 0.5764 0.5764 0.5764 0.5764 0.7889 0.5764 0.7889 0.5764 0.7889 0.5764 0.7889 0.7889
014 047 081 000 0.5764 0.5764 0.5764 0.7889 0.7889 0.7889 0.5764 0.5764 0.7889 0.5764 0.7889 0.5764 0.5764 0.5764 0.5764 0.5764
047 081 000 243 0.7889 0.5764 0.7889 0.5764 0.5764 0.5764 0.7889 0.5764 0.5764 0.7889 0.5764 0.7889 0.7889 0.7889 0.7889 0.7889
081 000 243 237 0.7889 0.7889 0.7889 0.7889 0.7889 0.5764 0.5764 0.5764 0.7889 0.5764 0.7889 0.5764 0.7889 0.5764 0.5764 0.7889
000 243 237 088 0.7889 0.5764 0.7889 0.7889 0.5764 0.7889 0.5764 0.7889 0.5764 0.7889 0.5764 0.7889 0.5764 0.7889 0.7889 0.5764
243 237 088 221 0.7889 0.7889 0.7889 0.7889 0.7889 0.7889 0.5764 0.5764 0.5764 0.7889 0.5764 0.5764 0.7889 0.5764 0.5764 0.5764
237 088 221 133 0.5764 0.7889 0.5764 0.7889 0.5764 0.5764 0.5764 0.5764 0.5764 0.7889 0.7889 0.7889 0.7889 0.5764 0.5764 0.7889
088 221 133 144 0.7889 0.7889 0.7889 0.7889 0.7889 0.7889 0.5764 0.7889 0.7889 0.5764 0.5764 0.7889 0.5764 0.5764 0.5764 0.7889
221 133 144 264 0.5764 0.5764 0.7889 0.7889 0.5764 0.7889 0.7889 0.7889 0.7889 0.5764 0.5764 0.5764 0.7889 0.5764 0.7889 0.5764
133 144 264 293 0.5764 0.5764 0.5764 0.7889 0.5764 0.5764 0.5764 0.7889 0.7889 0.7889 0.5764 0.5764 0.7889 0.7889 0.5764 0.7889
144 264 293 239 0.5764 0.7889 0.5764 0.5764 0.5764 0.5764 0.7889 0.5764 0.7889 0.7889 0.7889 0.5764 0.7889 0.7889 0.7889 0.5764
264 293 239 324 0.5764 0.7889 0.7889 0.7889 0.7889 0.7889 0.7889 0.7889 0.7889 0.7889 0.5764 0.5764 0.5764 0.5764 0.5764 0.5764
293 239 324 208 0.5764 0.5764 0.7889 0.5764 0.7889 0.5764 0.7889 0.5764 0.7889 0.5764 0.7889 0.5764 0.5764 0.7889 0.7889 0.7889
239 324 208 076 0.5764 0.5764 0.7889 0.5764 0.5764 0.7889 0.7889 0.7889 0.5764 0.7889 0.5764 0.5764 0.5764 0.7889 0.5764 0.7889
324 208 076 236 0.5764 0.5764 0.7889 0.7889 0.7889 0.5764 0.5764 0.5764 0.7889 0.7889 0.7889 0.7889 0.5764 0.5764 0.7889 0.7889
208 076 236 024 0.7889 0.7889 0.5764 0.7889 0.7889 0.5764 0.7889 0.7889 0.7889 0.5764 0.5764 0.7889 0.5764 0.7889 0.5764 0.5764
076 236 024 250 0.7889 0.5764 0.5764 0.7889 0.7889 0.7889 0.5764 0.7889 0.5764 0.5764 0.5764 0.7889 0.5764 0.5764 0.5764 0.5764
236 024 250 265 0.7889 0.7889 0.5764 0.5764 0.5764 0.5764 0.7889 0.5764 0.7889 0.5764 0.7889 0.5764 0.7889 0.7889 0.5764 0.7889
024 250 265 291 0.7889 0.7889 0.7889 0.5764 0.7889 0.7889 0.7889 0.7889 0.7889 0.5764 0.5764 0.5764 0.7889 0.7889 0.5764 0.5764
250 265 291 083 0.7889 0.5764 0.5764 0.7889 0.5764 0.5764 0.7889 0.7889 0.5764 0.5764 0.7889 0.7889 0.7889 0.5764 0.7889 0.5764
265 291 083 211 0.5764 0.5764 0.5764 0.7889 0.5764 0.5764 0.7889 0.5764 0.5764 0.7889 0.5764 0.7889 0.5764 0.7889 0.7889 0.7889
291 083 211 266 0.5764 0.7889 0.7889 0.5764 0.7889 0.7889 0.7889 0.5764 0.5764 0.7889 0.5764 0.5764 0.5764 0.7889 0.7889 0.7889
083 211 266 161 0.5764 0.5764 0.7889 0.5764 0.5764 0.7889 0.5764 0.7889 0.7889 0.5764 0.7889 0.5764 0.5764 0.7889 0.7889 0.5764
211 266 161 128 0.7889 0.7889 0.7889 0.7889 0.7889 0.5764 0.7889 0.5764 0.7889 0.7889 0.5764 0.5764 0.7889 0.5764 0.5764 0.5764
266 161 128 005 0.5764 0.5764 0.7889 0.7889 0.5764 0.5764 0.5764 0.5764 0.5764 0.7889 0.5764 0.5764 0.7889 0.5764 0.5764 0.7889
161 128 005 280 0.7889 0.5764 0.5764 0.5764 0.5764 0.7889 0.5764 0.7889 0.7889 0.5764 0.7889 0.7889 0.7889 0.7889 0.5764 0.5764
128 005 280 164 0.5764 0.7889 0.7889 0.5764 0.5764 0.5764 0.5764 0.7889 0.7889 0.5764 0.7889 0.5764 0.7889 0.7889 0.5764 0.7889
005 280 164 148 0.5764 0.7889 0.5764 0.5764 0.5764 0.5764 0.5764 0.5764 0.7889 0.5764 0.7889 0.5764 0.5764 0.5764 0.5764 0.7889
280 164 148 205 0.5764 0.5764 0.5764 0.7889 0.5764 0.7889 0.7889 0.5764 0.5764 0.5764 0.7889 0.5764 0.7889 0.5764 0.7889 0.5764
164 148 205 094 0.7889 0.7889 0.7889 0.7889 0.5764 0.5764 0.7889 0.7889 0.7889 0.5764 0.5764 0.7889 0.5764 0.7889 0.7889 0.5764
148 205 094 074 0.7889 0.7889 0.5764 0.5764 0.7889 0.5764 0.7889 0.7889 0.7889 0.7889 0.7889 0.5764 0.5764 0.7889 0.7889 0.5764
205 094 074 234 0.5764 0.7889 0.5764 0.7889 0.7889 0.7889 0.7889 0.5764 0.5764 0.5764 0.5764 0.7889 0.5764 0.5764 0.7889 0.7889
094 074 234 203 0.5764 0.5764 0.5764 0.7889 0.5764 0.7889 0.7889 0.5764 0.5764 0.5764 0.5764 0.7889 0.5764 0.7889 0.7889 0.5764
074 234 203 232 0.5764 0.5764 0.5764 0.7889 0.5764 0.7889 0.7889 0.5764 0.5764 0.7889 0.7889 0.7889 0.5764 0.5764 0.5764 0.5764
234 203 232 099 0.5764 0.7889 0.7889 0.7889 0.7889 0.5764 0.7889 0.7889 0.5764 0.5764 0.7889 0.7889 0.5764 0.5764 0.5764 0.7889
203 232 099 122 0.7889 0.7889 0.7889 0.5764 0.7889 0.7889 0.5764 0.5764 0.5764 0.5764 0.7889 0.7889 0.7889 0.7889 0.5764 0.7889
232 099 122 016 0.7889 0.7889 0.5764 0.7889 0.5764 0.7889 0.5764 0.7889 0.5764 0.7889 0.7889 0.7889 0.7889 0.5764 0.5764 0.5764
099 122 016 218 0.5764 0.5764 0.7889 0.5764 0.5764 0.5764 0.7889 0.5764 0.7889 0.5764 0.5764 0.7889 0.5764 0.7889 0.5764 0.7889
122 016 218 194 0.5764 0.7889 0.7889 0.5764 0.5764 0.7889 0.5764 0.5764 0.5764 0.7889 0.5764 0.7889 0.7889 0.7889 0.5764 0.7889
016 218 194 017 0.7889 0.5764 0.5764 0.7889 0.5764 0.5764 0.5764 0.5764 0.7889 0.5764 0.7889 0.7889 0.7889 0.5764 0.5764 0.5764
218 194 017 269 0.5764 0.5764 0.7889 0.7889 0.5764 0.7889 0.5764 0.7889 0.5764 0.7889 0.5764 0.5764 0.5764 0.7889 0.7889 0.7889
194 017 269 149 0.7889 0.5764 0.7889 0.5764 0.7889 0.5764 0.7889 0.5764 0.5764 0.7889 0.7889 0.7889 0.5764 0.5764 0.7889 0.5764
017 269 149 104 0.5764 0.5764 0.5764 0.7889 0.7889 0.7889 0.7889 0.5764 0.7889 0.5764 0.5764 0.7889 0.7889 0.5764 0.5764 0.5764
269 149 104 253 0.5764 0.5764 0.7889 0.7889 0.5764 0.5764 0.7889 0.7889 0.5764 0.7889 0.7889 0.5764 0.5764 0.5764 0.5764 0.5764
149 104 253 022 0.7889 0.7889 0.5764 0.5764 0.5764 0.5764 0.5764 0.5764 0.7889 0.7889 0.7889 0.7889 0.7889 0.5764 0.5764 0.5764
104 253 022 058 0.7889 0.7889 0.5764 0.5764 0.7889 0.5764 0.5764 0.7889 0.5764 0.5764 0.5764 0.5764 0.5764 0.7889 0.5764 0.7889
253 022 058 153 0.5764 0.5764 0.5764 0.7889 0.7889 0.7889 0.7889 0.7889 0.7889 0.7889 0.5764 0.7889 0.7889 0.5764 0.7889 0.5764
022 058 153 271 0.7889 0.7889 0.5764 0.7889 0.5764 0.7889 0.7889 0.7889 0.5764 0.5764 0.7889 0.5764 0.7889 0.7889 0.7889 0.5764
058 153 271 009 0.5764 0.7889 0.5764 0.7889 0.7889 0.5764 0.5764 0.5764 0.5764 0.5764 0.5764 0.5764 0.7889 0.7889 0.7889 0.5764
153 271 009 123 0.5764 0.5764 0.5764 0.5764 0.5764 0.5764 0.5764 0.7889 0.5764 0.7889 0.5764 0.5764 0.7889 0.7889 0.7889 0.7889
271 009 123 115 0.7889 0.5764 0.5764 0.7889 0.7889 0.5764 0.7889 0.5764 0.5764 0.7889 0.5764 0.5764 0.7889 0.7889 0.7889 0.5764
009 123 115 251 0.7889 0.7889 0.7889 0.7889 0.5764 0.5764 0.5764 0.7889 0.7889 0.7889 0.5764 0.5764 0.5764 0.7889 0.5764 0.7889
123 115 251 233 0.7889 0.7889 0.7889 0.7889 0.7889 0.5764 0.5764 0.5764 0.5764 0.7889 0.5764 0.7889 0.5764 0.7889 0.7889 0.5764
115 251 233 241 0.7889 0.7889 0.7889 0.5764 0.5764 0.7889 0.7889 0.5764 0.5764 0.7889 0.7889 0.7889 0.5764 0.7889 0.5764 0.7889
251 233 241 027 0.5764 0.7889 0.7889 0.7889 0.5764 0.7889 0.5764 0.5764 0.5764 0.7889 0.7889 0.7889 0.5764 0.5764 0.7889 0.5764
233 241 027 170 0.7889 0.5764 0.5764 0.7889 0.7889 0.5764 0.5764 0.7889 0.5764 0.7889 0.7889 0.5764 0.7889 0.5764 0.5764 0.7889
241 027 170 039 0.7889 0.5764 0.7889 0.7889 0.5764 0.7889 0.7889 0.7889 0.5764 0.5764 0.5764 0.5764 0.5764 0.7889 0.5764 0.5764
027 170 039 052 0.5764 0.5764 0.5764 0.5764 0.5764 0.5764 0.5764 0.5764 0.5764 0.7889 0.7889 0.7889 0.5764 0.7889 0.7889 0.7889
170 039 052 113 0.5764 0.7889 0.7889 0.7889 0.7889 0.5764 0.5764 0.5764 0.7889 0.7889 0.7889 0.5764 0.7889 0.5764 0.7889 0.7889
039 052 113 188 0.5764 0.5764 0.5764 0.5764 0.7889 0.7889 0.7889 0.5764 0.7889 0.5764 0.7889 0.7889 0.5764 0.7889 0.7889 0.7889
052 113 188 160 0.7889 0.5764 0.7889 0.7889 0.7889 0.7889 0.5764 0.7889 0.5764 0.5764 0.7889 0.5764 0.7889 0.5764 0.7889 0.7889
113 188 160 352 0.7889 0.5764 0.5764 0.5764 0.7889 0.5764 0.5764 0.5764 0.5764 0.5764 0.5764 0.7889 0.5764 0.5764 0.5764 0.5764
188 160 352 132 0.7889 0.7889 0.5764 0.7889 0.5764 0.5764 0.7889 0.5764 0.5764 0.7889 0.7889 0.7889 0.5764 0.5764 0.7889 0.7889
160 352 132 200 0.7889 0.7889 0.7889 0.5764 0.7889 0.7889 0.5764 0.7889 0.7889 0.5764 0.7889 0.7889 0.7889 0.7889 0.5764 0.5764
352 132 200 012 0.7889 0.7889 0.7889 0.7889 0.5764 0.5764 0.5764 0.5764 0.5764 0.5764 0.7889 0.7889 0.7889 0.5764 0.5764 0.7889
132 200 012 245 0.5764 0.7889 0.5764 0.7889 0.5764 0.7889 0.5764 0.7889 0.7889 0.7889 0.5764 0.5764 0.7889 0.7889 0.5764 0.7889
200 012 245 284 0.5764 0.5764 0.7889 0.5764 0.7889 0.7889 0.7889 0.7889 0.7889 0.5764 0.5764 0.7889 0.7889 0.5764 0.5764 0.7889
012 245 284 255 0.7889 0.7889 0.5764 0.7889 0.7889 0.5764 0.5764 0.5764 0.5764 0.5764 0.7889 0.5764 0.7889 0.5764 0.7889 0.7889
245 284 255 158 0.5764 0.5764 0.7889 0.7889 0.7889 0.5764 0.5764 0.7889 0.7889 0.7889 0.5764 0.7889 0.7889 0.7889 0.7889 0.5764
284 255 158 298 0.7889 0.5764 0.5764 0.7889 0.5764 0.7889 0.7889 0.7889 0.7889 0.7889 0.7889 0.7889 0.5764 0.5764 0.7889 0.7889
255 158 298 295 0.7889 0.7889 0.7889 0.7889 0.7889 0.7889 0.5764 0.5764 0.7889 0.5764 0.5764 0.5764 0.7889 0.5764 0.7889 0.7889
158 298 295 267 0.7889 0.5764 0.7889 0.7889 0.5764 0.5764 0.7889 0.5764 0.7889 0.7889 0.7889 0.5764 0.7889 0.5764 0.7889 0.5764
298 295 267 332 0.5764 0.7889 0.7889 0.5764 0.5764 0.5764 0.7889 0.5764 0.7889 0.7889 0.5764 0.7889 0.7889 0.5764 0.7889 0.7889
295 267 332 013 0.5764 0.5764 0.7889 0.7889 0.7889 0.7889 0.7889 0.7889 0.5764 0.5764 0.7889 0.5764 0.5764 0.5764 0.7889 0.5764
267 332 013 311 0.5764 0.7889 0.5764 0.5764 0.5764 0.7889 0.5764 0.7889 0.7889 0.7889 0.7889 0.5764 0.5764 0.7889 0.5764 0.5764
332 013 311 165 0.5764 0.7889 0.7889 0.7889 0.5764 0.7889 0.7889 0.5764 0.5764 0.5764 0.5764 0.5764 0.5764 0.7889 0.7889 0.5764
013 311 165 106 0.7889 0.7889 0.7889 0.7889 0.7889 0.7889 0.7889 0.7889 0.7889 0.7889 0.7889 0.7889 0.5764 0.7889 0.7889 0.5764
311 165 106 222 0.5764 0.5764 0.5764 0.7889 0.7889 0.7889 0.5764 0.5764 0.5764 0.5764 0.5764 0.7889 0.5764 0.5764 0.5764 0.5764
165 106 222 079 0.7889 0.7889 0.7889 0.5764 0.7889 0.7889 0.5764 0.5764 0.5764 0.7889 0.5764 0.5764 0.5764 0.5764 0.5764 0.5764
106 222 079 199 0.7889 0.7889 0.7889 0.7889 0.7889 0.5764 0.5764 0.7889 0.7889 0.7889 0.7889 0.5764 0.5764 0.5764 0.7889 0.7889
222 079 199 086 0.5764 0.5764 0.7889 0.7889 0.7889 0.5764 0.5764 0.7889 0.5764 0.5764 0.7889 0.7889 0.5764 0.5764 0.7889 0.7889
079 199 086 098 0.5764 0.7889 0.5764 0.5764 0.5764 0.5764 0.7889 0.5764 0.5764 0.5764 0.5764 0.5764 0.7889 0.5764 0.7889 0.5764
199 086 098 111 0.7889 0.7889 0.7889 0.5764 0.7889 0.7889 0.5764 0.5764 0.5764 0.5764 0.5764 0.7889 0.7889 0.5764 0.5764 0.7889
086 098 111 159 0.7889 0.5764 0.5764 0.7889 0.7889 0.5764 0.5764 0.5764 0.7889 0.5764 0.5764 0.7889 0.5764 0.5764 0.5764 0.5764
098 111 159 037 0.5764 0.5764 0.5764 0.5764 0.5764 0.5764 0.7889 0.5764 0.7889 0.7889 0.5764 0.7889 0.5764 0.7889 0.7889 0.5764
111 159 037 143 0.5764 0.7889 0.7889 0.7889 0.5764 0.7889 0.7889 0.5764 0.7889 0.5764 0.7889 0.7889 0.5764 0.7889 0.5764 0.7889
159 037 143 281 0.5764 0.7889 0.7889 0.5764 0.5764 0.5764 0.5764 0.7889 0.7889 0.7889 0.5764 0.5764 0.7889 0.5764 0.7889 0.5764
037 143 281 330 0.5764 0.7889 0.7889 0.5764 0.7889 0.7889 0.7889 0.5764 0.5764 0.5764 0.7889 0.7889 0.5764 0.7889 0.5764 0.7889
143 281 330 296 0.7889 0.5764 0.7889 0.5764 0.7889 0.7889 0.5764 0.5764 0.5764 0.7889 0.7889 0.5764 0.7889 0.5764 0.5764 0.7889
