356 031684 3
219 295 076 227 0.4818 0.9508 0.9508 0.4818 0.9508 0.4818 0.9508 0.9508 0.4818 0.9508 0.9508 0.4818 0.9508 0.4818 0.9508 0.9508
295 076 227 292 0.9508 0.9508 0.4818 0.9508 0.4818 0.9508 0.9508 0.9508 0.4818 0.9508 0.4818 0.9508 0.4818 0.9508 0.9508 0.4818
076 227 292 011 0.9508 0.4818 0.9508 0.9508 0.9508 0.4818 0.4818 0.4818 0.9508 0.4818 0.9508 0.4818 0.4818 0.4818 0.9508 0.9508
227 292 011 039 0.4818 0.4818 0.4818 0.4818 0.4818 0.9508 0.9508 0.9508 0.4818 0.9508 0.4818 0.9508 0.9508 0.9508 0.4818 0.4818
292 011 039 013 0.9508 0.4818 0.4818 0.4818 0.9508 0.9508 0.9508 0.9508 0.4818 0.4818 0.9508 0.9508 0.9508 0.4818 0.4818 0.4818
011 039 013 243 0.4818 0.9508 0.9508 0.9508 0.9508 0.4818 0.4818 0.4818 0.4818 0.4818 0.4818 0.4818 0.9508 0.4818 0.9508 0.4818
039 013 243 309 0.9508 0.9508 0.9508 0.4818 0.4818 0.9508 0.4818 0.4818 0.4818 0.4818 0.9508 0.9508 0.4818 0.9508 0.4818 0.4818
013 243 309 249 0.4818 0.4818 0.9508 0.9508 0.9508 0.9508 0.9508 0.4818 0.4818 0.9508 0.4818 0.9508 0.9508 0.4818 0.9508 0.4818
243 309 249 343 0.4818 0.4818 0.4818 0.4818 0.4818 0.9508 0.4818 0.4818 0.4818 0.4818 0.4818 0.4818 0.9508 0.9508 0.4818 0.4818
309 249 343 341 0.4818 0.4818 0.4818 0.4818 0.4818 0.4818 0.9508 0.4818 0.4818 0.9508 0.9508 0.4818 0.9508 0.9508 0.4818 0.9508
249 343 341 334 0.9508 0.4818 0.4818 0.4818 0.4818 0.4818 0.4818 0.4818 0.9508 0.9508 0.9508 0.9508 0.4818 0.9508 0.9508 0.9508
343 341 334 347 0.9508 0.9508 0.9508 0.4818 0.4818 0.9508 0.4818 0.4818 0.9508 0.9508 0.9508 0.9508 0.9508 0.9508 0.9508 0.4818
341 334 347 023 0.4818 0.4818 0.4818 0.4818 0.9508 0.9508 0.4818 0.9508 0.9508 0.4818 0.9508 0.4818 0.9508 0.9508 0.4818 0.9508
334 347 023 239 0.9508 0.4818 0.9508 0.9508 0.4818 0.9508 0.4818 0.4818 0.9508 0.9508 0.9508 0.9508 0.9508 0.9508 0.4818 0.4818
347 023 239 016 0.4818 0.9508 0.9508 0.4818 0.9508 0.4818 0.4818 0.9508 0.4818 0.9508 0.4818 0.4818 0.4818 0.9508 0.9508 0.4818
023 239 016 043 0.9508 0.4818 0.9508 0.4818 0.9508 0.4818 0.4818 0.9508 0.4818 0.9508 0.4818 0.4818 0.4818 0.4818 0.9508 0.9508
239 016 043 262 0.4818 0.9508 0.9508 0.4818 0.9508 0.9508 0.4818 0.9508 0.4818 0.9508 0.4818 0.9508 0.4818 0.4818 0.4818 0.9508
016 043 262 201 0.9508 0.4818 0.4818 0.9508 0.9508 0.4818 0.4818 0.4818 0.9508 0.9508 0.4818 0.4818 0.4818 0.9508 0.4818 0.9508
043 262 201 287 0.9508 0.9508 0.9508 0.4818 0.9508 0.4818 0.9508 0.9508 0.4818 0.4818 0.9508 0.4818 0.4818 0.4818 0.4818 0.9508
262 201 287 229 0.9508 0.4818 0.4818 0.9508 0.9508 0.9508 0.9508 0.9508 0.9508 0.4818 0.4818 0.9508 0.4818 0.4818 0.9508 0.4818
201 287 229 157 0.9508 0.9508 0.4818 0.4818 0.4818 0.9508 0.9508 0.4818 0.4818 0.9508 0.4818 0.4818 0.9508 0.9508 0.9508 0.4818
287 229 157 173 0.4818 0.9508 0.4818 0.9508 0.4818 0.4818 0.4818 0.9508 0.4818 0.4818 0.9508 0.9508 0.4818 0.4818 0.9508 0.9508
229 157 173 331 0.9508 0.9508 0.4818 0.4818 0.4818 0.9508 0.4818 0.4818 0.9508 0.9508 0.9508 0.4818 0.4818 0.4818 0.4818 0.9508
157 173 331 213 0.9508 0.9508 0.4818 0.9508 0.9508 0.9508 0.9508 0.4818 0.4818 0.9508 0.4818 0.4818 0.4818 0.9508 0.9508 0.4818
173 331 213 047 0.9508 0.4818 0.4818 0.9508 0.4818 0.9508 0.4818 0.9508 0.9508 0.9508 0.4818 0.9508 0.4818 0.4818 0.9508 0.9508
331 213 047 251 0.4818 0.4818 0.4818 0.9508 0.4818 0.9508 0.9508 0.4818 0.9508 0.9508 0.4818 0.9508 0.9508 0.9508 0.4818 0.9508
213 047 251 061 0.4818 0.9508 0.9508 0.4818 0.9508 0.4818 0.4818 0.9508 0.4818 0.4818 0.9508 0.4818 0.9508 0.4818 0.4818 0.4818
047 251 061 099 0.4818 0.9508 0.4818 0.4818 0.9508 0.4818 0.4818 0.9508 0.9508 0.9508 0.9508 0.4818 0.4818 0.9508 0.4818 0.9508
251 061 099 241 0.9508 0.4818 0.9508 0.4818 0.4818 0.4818 0.4818 0.9508 0.9508 0.9508 0.4818 0.4818 0.4818 0.9508 0.9508 0.9508
061 099 241 172 0.9508 0.4818 0.4818 0.4818 0.9508 0.4818 0.4818 0.9508 0.4818 0.9508 0.4818 0.9508 0.9508 0.4818 0.9508 0.4818
099 241 172 248 0.4818 0.4818 0.9508 0.4818 0.4818 0.4818 0.4818 0.9508 0.9508 0.4818 0.9508 0.4818 0.9508 0.9508 0.9508 0.9508
241 172 248 256 0.4818 0.4818 0.4818 0.9508 0.9508 0.4818 0.9508 0.4818 0.9508 0.4818 0.4818 0.9508 0.9508 0.9508 0.4818 0.4818
172 248 256 284 0.4818 0.9508 0.4818 0.4818 0.4818 0.9508 0.4818 0.4818 0.4818 0.4818 0.4818 0.9508 0.4818 0.9508 0.4818 0.4818
248 256 284 325 0.4818 0.9508 0.9508 0.9508 0.9508 0.9508 0.4818 0.9508 0.9508 0.9508 0.4818 0.4818 0.9508 0.9508 0.9508 0.9508
256 284 325 151 0.4818 0.4818 0.9508 0.9508 0.9508 0.4818 0.9508 0.9508 0.4818 0.9508 0.9508 0.9508 0.4818 0.4818 0.4818 0.4818
284 325 151 278 0.9508 0.9508 0.9508 0.9508 0.9508 0.9508 0.4818 0.9508 0.9508 0.9508 0.9508 0.9508 0.9508 0.4818 0.9508 0.9508
325 151 278 037 0.4818 0.4818 0.9508 0.4818 0.9508 0.9508 0.4818 0.9508 0.4818 0.4818 0.4818 0.4818 0.4818 0.9508 0.9508 0.4818
151 278 037 058 0.9508 0.4818 0.4818 0.9508 0.9508 0.9508 0.9508 0.4818 0.4818 0.4818 0.4818 0.9508 0.4818 0.4818 0.4818 0.4818
278 037 058 271 0.4818 0.9508 0.4818 0.4818 0.9508 0.9508 0.9508 0.9508 0.9508 0.9508 0.9508 0.4818 0.4818 0.9508 0.9508 0.4818
037 058 271 001 0.9508 0.9508 0.9508 0.4818 0.4818 0.4818 0.9508 0.4818 0.4818 0.9508 0.9508 0.9508 0.4818 0.9508 0.9508 0.9508
058 271 001 354 0.4818 0.9508 0.4818 0.4818 0.9508 0.9508 0.4818 0.9508 0.9508 0.9508 0.4818 0.4818 0.9508 0.9508 0.9508 0.4818
271 001 354 021 0.4818 0.4818 0.4818 0.4818 0.4818 0.9508 0.4818 0.4818 0.4818 0.9508 0.4818 0.4818 0.4818 0.9508 0.4818 0.4818
001 354 021 017 0.9508 0.4818 0.9508 0.9508 0.4818 0.4818 0.9508 0.4818 0.4818 0.9508 0.4818 0.4818 0.9508 0.9508 0.4818 0.4818
354 021 017 068 0.9508 0.9508 0.9508 0.4818 0.9508 0.9508 0.4818 0.9508 0.9508 0.9508 0.4818 0.4818 0.9508 0.4818 0.4818 0.9508
021 017 068 351 0.4818 0.9508 0.9508 0.4818 0.9508 0.4818 0.4818 0.4818 0.4818 0.9508 0.4818 0.9508 0.9508 0.4818 0.4818 0.9508
017 068 351 125 0.4818 0.9508 0.9508 0.4818 0.9508 0.9508 0.9508 0.4818 0.9508 0.9508 0.4818 0.4818 0.4818 0.9508 0.4818 0.4818
068 351 125 042 0.4818 0.9508 0.9508 0.4818 0.9508 0.9508 0.4818 0.9508 0.9508 0.4818 0.4818 0.9508 0.9508 0.4818 0.4818 0.4818
351 125 042 192 0.9508 0.9508 0.9508 0.4818 0.4818 0.4818 0.9508 0.4818 0.9508 0.9508 0.9508 0.4818 0.4818 0.9508 0.4818 0.4818
125 042 192 228 0.4818 0.9508 0.9508 0.4818 0.4818 0.9508 0.4818 0.4818 0.9508 0.9508 0.9508 0.9508 0.9508 0.4818 0.4818 0.4818
042 192 228 038 0.4818 0.9508 0.4818 0.4818 0.9508 0.4818 0.9508 0.9508 0.4818 0.4818 0.4818 0.9508 0.9508 0.9508 0.9508 0.9508
192 228 038 330 0.9508 0.9508 0.9508 0.4818 0.4818 0.4818 0.4818 0.4818 0.9508 0.9508 0.4818 0.9508 0.9508 0.9508 0.9508 0.9508
228 038 330 342 0.4818 0.9508 0.4818 0.4818 0.4818 0.9508 0.9508 0.4818 0.4818 0.4818 0.9508 0.9508 0.4818 0.4818 0.9508 0.4818
038 330 342 288 0.9508 0.4818 0.9508 0.9508 0.9508 0.9508 0.4818 0.4818 0.4818 0.9508 0.9508 0.9508 0.4818 0.4818 0.9508 0.9508
330 342 288 158 0.4818 0.4818 0.9508 0.9508 0.9508 0.9508 0.4818 0.9508 0.9508 0.9508 0.4818 0.9508 0.9508 0.9508 0.4818 0.9508
342 288 158 214 0.9508 0.9508 0.9508 0.9508 0.9508 0.4818 0.9508 0.4818 0.4818 0.9508 0.9508 0.4818 0.4818 0.4818 0.4818 0.4818
288 158 214 246 0.4818 0.4818 0.9508 0.4818 0.9508 0.4818 0.9508 0.4818 0.9508 0.9508 0.9508 0.4818 0.9508 0.9508 0.4818 0.4818
158 214 246 084 0.9508 0.9508 0.9508 0.4818 0.4818 0.9508 0.4818 0.9508 0.4818 0.4818 0.4818 0.9508 0.4818 0.4818 0.9508 0.4818
214 246 084 102 0.4818 0.9508 0.9508 0.9508 0.4818 0.4818 0.4818 0.9508 0.4818 0.9508 0.4818 0.4818 0.4818 0.9508 0.9508 0.4818
246 084 102 320 0.4818 0.9508 0.9508 0.4818 0.9508 0.4818 0.9508 0.9508 0.4818 0.4818 0.9508 0.4818 0.9508 0.9508 0.9508 0.9508
084 102 320 062 0.9508 0.9508 0.9508 0.9508 0.4818 0.4818 0.4818 0.9508 0.9508 0.4818 0.9508 0.4818 0.4818 0.9508 0.4818 0.9508
102 320 062 030 0.4818 0.9508 0.9508 0.4818 0.9508 0.9508 0.4818 0.9508 0.9508 0.4818 0.4818 0.9508 0.4818 0.4818 0.4818 0.9508
320 062 030 176 0.9508 0.4818 0.9508 0.9508 0.4818 0.9508 0.9508 0.9508 0.9508 0.9508 0.9508 0.9508 0.4818 0.4818 0.9508 0.9508
062 030 176 106 0.9508 0.4818 0.4818 0.9508 0.9508 0.9508 0.4818 0.9508 0.9508 0.4818 0.9508 0.4818 0.4818 0.9508 0.4818 0.9508
030 176 106 332 0.9508 0.4818 0.9508 0.4818 0.4818 0.4818 0.4818 0.4818 0.9508 0.9508 0.4818 0.9508 0.4818 0.4818 0.4818 0.4818
176 106 332 203 0.4818 0.4818 0.4818 0.9508 0.9508 0.4818 0.9508 0.9508 0.4818 0.4818 0.4818 0.4818 0.9508 0.4818 0.4818 0.4818
106 332 203 086 0.9508 0.4818 0.9508 0.4818 0.9508 0.9508 0.4818 0.9508 0.9508 0.4818 0.9508 0.4818 0.9508 0.4818 0.9508 0.4818
332 203 086 272 0.9508 0.4818 0.4818 0.9508 0.4818 0.9508 0.4818 0.4818 0.9508 0.9508 0.4818 0.9508 0.9508 0.4818 0.9508 0.4818
203 086 272 189 0.4818 0.4818 0.9508 0.9508 0.9508 0.4818 0.9508 0.9508 0.9508 0.9508 0.9508 0.9508 0.4818 0.4818 0.9508 0.4818
086 272 189 250 0.9508 0.4818 0.9508 0.9508 0.4818 0.4818 0.4818 0.9508 0.9508 0.9508 0.4818 0.9508 0.4818 0.4818 0.9508 0.9508
272 189 250 077 0.4818 0.4818 0.9508 0.4818 0.4818 0.9508 0.4818 0.4818 0.4818 0.4818 0.4818 0.4818 0.4818 0.9508 0.4818 0.9508
189 250 077 277 0.4818 0.4818 0.4818 0.4818 0.4818 0.4818 0.4818 0.9508 0.9508 0.4818 0.4818 0.4818 0.9508 0.9508 0.4818 0.9508
250 077 277 281 0.9508 0.4818 0.4818 0.9508 0.4818 0.9508 0.9508 0.4818 0.9508 0.9508 0.4818 0.4818 0.9508 0.4818 0.9508 0.4818
077 277 281 339 0.9508 0.4818 0.4818 0.9508 0.9508 0.9508 0.9508 0.9508 0.4818 0.9508 0.9508 0.4818 0.9508 0.4818 0.4818 0.9508
277 281 339 232 0.4818 0.9508 0.4818 0.4818 0.9508 0.4818 0.4818 0.4818 0.4818 0.4818 0.9508 0.9508 0.9508 0.4818 0.4818 0.9508
281 339 232 032 0.9508 0.9508 0.9508 0.9508 0.4818 0.4818 0.9508 0.9508 0.9508 0.4818 0.4818 0.4818 0.4818 0.9508 0.9508 0.4818
339 232 032 101 0.4818 0.9508 0.9508 0.9508 0.4818 0.9508 0.9508 0.9508 0.9508 0.4818 0.9508 0.9508 0.9508 0.9508 0.9508 0.9508
232 032 101 164 0.9508 0.4818 0.9508 0.4818 0.9508 0.4818 0.9508 0.4818 0.4818 0.4818 0.4818 0.4818 0.9508 0.9508 0.9508 0.4818
032 101 164 004 0.9508 0.4818 0.9508 0.9508 0.4818 0.9508 0.9508 0.4818 0.4818 0.9508 0.9508 0.4818 0.4818 0.9508 0.4818 0.9508
101 164 004 146 0.4818 0.9508 0.9508 0.9508 0.9508 0.4818 0.9508 0.4818 0.4818 0.9508 0.4818 0.9508 0.9508 0.9508 0.4818 0.4818
164 004 146 290 0.9508 0.4818 0.9508 0.9508 0.9508 0.4818 0.4818 0.9508 0.9508 0.9508 0.4818 0.4818 0.9508 0.9508 0.9508 0.4818
004 146 290 188 0.4818 0.4818 0.9508 0.9508 0.4818 0.9508 0.9508 0.4818 0.9508 0.4818 0.9508 0.9508 0.4818 0.9508 0.4818 0.9508
146 290 188 236 0.9508 0.4818 0.4818 0.9508 0.4818 0.9508 0.9508 0.9508 0.9508 0.9508 0.4818 0.9508 0.9508 0.4818 0.9508 0.4818
290 188 236 112 0.4818 0.4818 0.9508 0.9508 0.9508 0.4818 0.4818 0.9508 0.4818 0.9508 0.4818 0.9508 0.9508 0.4818 0.9508 0.9508
188 236 112 003 0.4818 0.4818 0.9508 0.4818 0.9508 0.4818 0.4818 0.4818 0.9508 0.4818 0.4818 0.9508 0.4818 0.4818 0.9508 0.4818
236 112 003 160 0.4818 0.4818 0.4818 0.9508 0.9508 0.9508 0.4818 0.9508 0.4818 0.4818 0.9508 0.4818 0.9508 0.9508 0.4818 0.9508
112 003 160 230 0.4818 0.9508 0.4818 0.4818 0.9508 0.9508 0.9508 0.4818 0.4818 0.4818 0.9508 0.9508 0.9508 0.9508 0.4818 0.4818
003 160 230 155 0.9508 0.4818 0.4818 0.4818 0.9508 0.4818 0.4818 0.9508 0.9508 0.9508 0.9508 0.9508 0.9508 0.9508 0.4818 0.9508
160 230 155 301 0.9508 0.4818 0.9508 0.9508 0.9508 0.4818 0.9508 0.9508 0.4818 0.4818 0.4818 0.4818 0.4818 0.9508 0.9508 0.4818
230 155 301 080 0.4818 0.4818 0.9508 0.4818 0.9508 0.4818 0.4818 0.9508 0.9508 0.4818 0.4818 0.9508 0.9508 0.4818 0.9508 0.4818
155 301 080 166 0.9508 0.4818 0.4818 0.4818 0.4818 0.4818 0.4818 0.4818 0.9508 0.4818 0.9508 0.4818 0.4818 0.4818 0.9508 0.9508
301 080 166 212 0.9508 0.9508 0.4818 0.4818 0.4818 0.9508 0.4818 0.9508 0.9508 0.4818 0.9508 0.4818 0.4818 0.9508 0.4818 0.9508
080 166 212 193 0.9508 0.9508 0.9508 0.9508 0.9508 0.4818 0.4818 0.4818 0.4818 0.4818 0.4818 0.9508 0.9508 0.4818 0.9508 0.9508
166 212 193 138 0.4818 0.9508 0.9508 0.4818 0.4818 0.4818 0.4818 0.4818 0.9508 0.4818 0.4818 0.4818 0.4818 0.4818 0.9508 0.4818
212 193 138 002 0.4818 0.9508 0.9508 0.4818 0.4818 0.4818 0.4818 0.4818 0.4818 0.4818 0.4818 0.9508 0.9508 0.4818 0.4818 0.4818
193 138 002 350 0.4818 0.9508 0.9508 0.4818 0.9508 0.9508 0.4818 0.4818 0.9508 0.4818 0.4818 0.9508 0.9508 0.4818 0.4818 0.4818
138 002 350 131 0.9508 0.9508 0.9508 0.9508 0.9508 0.4818 0.4818 0.9508 0.9508 0.9508 0.9508 0.9508 0.9508 0.4818 0.9508 0.4818
002 350 131 092 0.9508 0.4818 0.4818 0.9508 0.9508 0.9508 0.4818 0.9508 0.9508 0.9508 0.9508 0.9508 0.4818 0.4818 0.9508 0.4818
350 131 092 333 0.9508 0.9508 0.4818 0.4818 0.9508 0.9508 0.4818 0.4818 0.4818 0.9508 0.9508 0.4818 0.4818 0.4818 0.9508 0.9508
131 092 333 137 0.9508 0.4818 0.9508 0.4818 0.4818 0.4818 0.9508 0.4818 0.9508 0.9508 0.9508 0.4818 0.4818 0.4818 0.4818 0.9508
092 333 137 079 0.9508 0.9508 0.4818 0.4818 0.9508 0.4818 0.9508 0.9508 0.9508 0.4818 0.4818 0.9508 0.4818 0.9508 0.9508 0.4818
333 137 079 220 0.4818 0.9508 0.4818 0.4818 0.4818 0.4818 0.4818 0.9508 0.4818 0.4818 0.9508 0.9508 0.4818 0.9508 0.4818 0.9508
137 079 220 345 0.4818 0.9508 0.4818 0.4818 0.9508 0.4818 0.9508 0.4818 0.9508 0.9508 0.4818 0.4818 0.4818 0.4818 0.9508 0.4818
079 220 345 159 0.4818 0.9508 0.4818 0.9508 0.9508 0.9508 0.4818 0.4818 0.9508 0.9508 0.4818 0.9508 0.4818 0.4818 0.9508 0.9508
220 345 159 174 0.9508 0.9508 0.9508 0.9508 0.9508 0.4818 0.4818 0.9508 0.4818 0.9508 0.4818 0.9508 0.4818 0.9508 0.9508 0.9508
345 159 174 167 0.9508 0.9508 0.4818 0.9508 0.4818 0.4818 0.4818 0.4818 0.9508 0.4818 0.4818 0.4818 0.4818 0.9508 0.4818 0.4818
159 174 167 165 0.9508 0.4818 0.4818 0.4818 0.9508 0.9508 0.9508 0.4818 0.9508 0.4818 0.4818 0.9508 0.4818 0.4818 0.9508 0.9508
174 167 165 209 0.4818 0.9508 0.9508 0.4818 0.9508 0.4818 0.4818 0.4818 0.4818 0.9508 0.9508 0.4818 0.9508 0.4818 0.4818 0.4818
167 165 209 145 0.9508 0.9508 0.9508 0.4818 0.9508 0.9508 0.4818 0.9508 0.9508 0.9508 0.9508 0.4818 0.9508 0.4818 0.9508 0.4818
165 209 145 317 0.4818 0.4818 0.9508 0.4818 0.4818 0.9508 0.4818 0.4818 0.9508 0.9508 0.9508 0.4818 0.9508 0.9508 0.9508 0.9508
209 145 317 156 0.9508 0.9508 0.4818 0.9508 0.4818 0.4818 0.9508 0.9508 0.4818 0.9508 0.9508 0.4818 0.9508 0.9508 0.9508 0.9508
145 317 156 141 0.4818 0.4818 0.4818 0.9508 0.4818 0.4818 0.9508 0.4818 0.4818 0.4818 0.9508 0.4818 0.9508 0.4818 0.9508 0.9508
317 156 141 028 0.4818 0.4818 0.4818 0.9508 0.9508 0.4818 0.9508 0.4818 0.9508 0.4818 0.4818 0.4818 0.4818 0.9508 0.4818 0.4818
156 141 028 318 0.9508 0.9508 0.4818 0.4818 0.9508 0.9508 0.9508 0.4818 0.9508 0.4818 0.9508 0.4818 0.4818 0.4818 0.9508 0.9508
141 028 318 316 0.9508 0.4818 0.9508 0.9508 0.9508 0.9508 0.4818 0.4818 0.4818 0.9508 0.9508 0.9508 0.4818 0.9508 0.9508 0.9508
028 318 316 252 0.4818 0.4818 0.9508 0.4818 0.9508 0.9508 0.9508 0.4818 0.4818 0.9508 0.4818 0.4818 0.4818 0.9508 0.4818 0.4818
318 316 252 263 0.4818 0.9508 0.9508 0.9508 0.9508 0.4818 0.9508 0.4818 0.9508 0.4818 0.4818 0.9508 0.4818 0.4818 0.9508 0.4818
316 252 263 148 0.4818 0.9508 0.4818 0.4818 0.4818 0.4818 0.9508 0.4818 0.9508 0.9508 0.9508 0.9508 0.4818 0.9508 0.4818 0.4818
252 263 148 197 0.9508 0.4818 0.9508 0.9508 0.4818 0.9508 0.9508 0.4818 0.4818 0.9508 0.4818 0.9508 0.4818 0.4818 0.9508 0.4818
263 148 197 097 0.9508 0.9508 0.9508 0.9508 0.9508 0.9508 0.9508 0.4818 0.4818 0.4818 0.9508 0.9508 0.9508 0.9508 0.9508 0.4818
148 197 097 071 0.9508 0.9508 0.4818 0.4818 0.4818 0.9508 0.9508 0.9508 0.9508 0.9508 0.4818 0.4818 0.4818 0.9508 0.4818 0.4818
197 097 071 269 0.4818 0.4818 0.4818 0.9508 0.4818 0.9508 0.9508 0.9508 0.4818 0.4818 0.9508 0.9508 0.4818 0.9508 0.9508 0.9508
097 071 269 033 0.4818 0.9508 0.9508 0.4818 0.4818 0.4818 0.4818 0.4818 0.4818 0.4818 0.9508 0.4818 0.9508 0.9508 0.4818 0.4818
071 269 033 235 0.4818 0.4818 0.4818 0.4818 0.4818 0.9508 0.9508 0.4818 0.4818 0.9508 0.9508 0.4818 0.9508 0.4818 0.9508 0.4818
269 033 235 019 0.9508 0.4818 0.9508 0.9508 0.4818 0.9508 0.4818 0.9508 0.4818 0.9508 0.9508 0.9508 0.4818 0.9508 0.4818 0.9508
033 235 019 178 0.9508 0.9508 0.4818 0.9508 0.9508 0.4818 0.9508 0.4818 0.4818 0.9508 0.9508 0.9508 0.4818 0.4818 0.4818 0.4818
235 019 178 184 0.4818 0.9508 0.9508 0.9508 0.9508 0.4818 0.4818 0.9508 0.4818 0.9508 0.4818 0.4818 0.4818 0.9508 0.4818 0.9508
019 178 184 066 0.4818 0.4818 0.4818 0.9508 0.9508 0.9508 0.4818 0.4818 0.4818 0.4818 0.9508 0.9508 0.9508 0.4818 0.4818 0.4818
178 184 066 265 0.4818 0.9508 0.4818 0.4818 0.4818 0.9508 0.4818 0.4818 0.4818 0.4818 0.4818 0.4818 0.4818 0.9508 0.4818 0.9508
184 066 265 007 0.9508 0.9508 0.9508 0.9508 0.4818 0.9508 0.4818 0.9508 0.4818 0.4818 0.9508 0.4818 0.9508 0.4818 0.9508 0.4818
066 265 007 091 0.4818 0.4818 0.9508 0.9508 0.9508 0.9508 0.9508 0.4818 0.4818 0.9508 0.4818 0.9508 0.4818 0.9508 0.9508 0.9508
265 007 091 095 0.9508 0.9508 0.9508 0.4818 0.4818 0.9508 0.4818 0.9508 0.4818 0.9508 0.9508 0.4818 0.9508 0.4818 0.9508 0.4818
007 091 095 255 0.9508 0.9508 0.4818 0.4818 0.4818 0.4818 0.4818 0.4818 0.9508 0.9508 0.4818 0.4818 0.4818 0.4818 0.4818 0.4818
091 095 255 217 0.4818 0.4818 0.9508 0.9508 0.4818 0.9508 0.9508 0.4818 0.9508 0.9508 0.4818 0.9508 0.9508 0.9508 0.4818 0.9508
095 255 217 267 0.9508 0.9508 0.9508 0.4818 0.9508 0.4818 0.9508 0.9508 0.9508 0.9508 0.4818 0.9508 0.4818 0.4818 0.4818 0.9508
255 217 267 154 0.4818 0.4818 0.9508 0.9508 0.4818 0.4818 0.9508 0.9508 0.9508 0.4818 0.4818 0.4818 0.9508 0.9508 0.9508 0.9508
217 267 154 149 0.4818 0.4818 0.4818 0.4818 0.4818 0.9508 0.4818 0.9508 0.9508 0.4818 0.9508 0.4818 0.4818 0.4818 0.4818 0.9508
267 154 149 052 0.9508 0.9508 0.4818 0.4818 0.9508 0.9508 0.4818 0.9508 0.9508 0.4818 0.9508 0.4818 0.4818 0.9508 0.4818 0.9508
154 149 052 275 0.4818 0.4818 0.9508 0.4818 0.4818 0.9508 0.9508 0.9508 0.9508 0.9508 0.4818 0.9508 0.9508 0.9508 0.9508 0.9508
149 052 275 225 0.9508 0.4818 0.9508 0.4818 0.4818 0.9508 0.9508 0.9508 0.4818 0.4818 0.4818 0.9508 0.4818 0.4818 0.9508 0.4818
052 275 225 036 0.4818 0.4818 0.4818 0.4818 0.9508 0.4818 0.4818 0.4818 0.9508 0.4818 0.4818 0.9508 0.9508 0.9508 0.4818 0.4818
275 225 036 237 0.4818 0.9508 0.9508 0.9508 0.9508 0.9508 0.4818 0.9508 0.9508 0.4818 0.9508 0.9508 0.4818 0.9508 0.4818 0.4818
225 036 237 044 0.9508 0.4818 0.4818 0.9508 0.4818 0.9508 0.9508 0.4818 0.4818 0.9508 0.4818 0.4818 0.4818 0.4818 0.9508 0.4818
036 237 044 321 0.4818 0.9508 0.4818 0.4818 0.4818 0.9508 0.9508 0.4818 0.4818 0.9508 0.9508 0.4818 0.4818 0.9508 0.4818 0.9508
237 044 321 142 0.9508 0.4818 0.4818 0.4818 0.4818 0.9508 0.9508 0.9508 0.9508 0.9508 0.4818 0.4818 0.9508 0.9508 0.4818 0.4818
044 321 142 182 0.9508 0.4818 0.4818 0.4818 0.9508 0.9508 0.4818 0.4818 0.4818 0.4818 0.4818 0.9508 0.4818 0.9508 0.4818 0.9508
321 142 182 327 0.4818 0.4818 0.9508 0.4818 0.4818 0.9508 0.9508 0.4818 0.4818 0.4818 0.9508 0.9508 0.4818 0.9508 0.4818 0.9508
142 182 327 170 0.4818 0.4818 0.9508 0.4818 0.9508 0.9508 0.4818 0.9508 0.4818 0.9508 0.4818 0.9508 0.9508 0.4818 0.4818 0.4818
182 327 170 319 0.4818 0.4818 0.9508 0.9508 0.4818 0.4818 0.4818 0.4818 0.9508 0.4818 0.9508 0.4818 0.4818 0.9508 0.4818 0.9508
327 170 319 264 0.9508 0.4818 0.9508 0.9508 0.4818 0.9508 0.9508 0.4818 0.9508 0.4818 0.4818 0.9508 0.9508 0.9508 0.9508 0.9508
170 319 264 205 0.9508 0.9508 0.9508 0.4818 0.4818 0.9508 0.9508 0.9508 0.9508 0.9508 0.4818 0.9508 0.4818 0.9508 0.4818 0.4818
319 264 205 349 0.9508 0.4818 0.4818 0.9508 0.4818 0.9508 0.4818 0.4818 0.4818 0.9508 0.9508 0.4818 0.4818 0.4818 0.4818 0.4818
264 205 349 153 0.9508 0.9508 0.9508 0.9508 0.4818 0.9508 0.4818 0.9508 0.9508 0.9508 0.9508 0.4818 0.9508 0.9508 0.9508 0.4818
205 349 153 336 0.9508 0.4818 0.9508 0.9508 0.4818 0.9508 0.4818 0.9508 0.4818 0.4818 0.9508 0.9508 0.4818 0.9508 0.4818 0.4818
349 153 336 133 0.9508 0.4818 0.4818 0.9508 0.9508 0.4818 0.9508 0.4818 0.4818 0.4818 0.4818 0.9508 0.4818 0.9508 0.4818 0.9508
153 336 133 059 0.9508 0.4818 0.9508 0.4818 0.9508 0.9508 0.9508 0.4818 0.4818 0.4818 0.9508 0.9508 0.9508 0.4818 0.9508 0.9508
336 133 059 024 0.9508 0.9508 0.9508 0.4818 0.9508 0.9508 0.9508 0.4818 0.9508 0.4818 0.4818 0.9508 0.9508 0.4818 0.9508 0.9508
133 059 024 128 0.4818 0.4818 0.9508 0.9508 0.4818 0.4818 0.9508 0.9508 0.4818 0.4818 0.9508 0.9508 0.9508 0.9508 0.4818 0.4818
059 024 128 140 0.4818 0.9508 0.9508 0.4818 0.9508 0.9508 0.4818 0.9508 0.9508 0.9508 0.4818 0.9508 0.4818 0.9508 0.4818 0.4818
024 128 140 048 0.9508 0.4818 0.9508 0.4818 0.4818 0.4818 0.9508 0.4818 0.4818 0.4818 0.9508 0.9508 0.4818 0.9508 0.4818 0.4818
128 140 048 247 0.9508 0.9508 0.4818 0.4818 0.4818 0.4818 0.4818 0.4818 0.9508 0.4818 0.4818 0.4818 0.4818 0.4818 0.9508 0.4818
140 048 247 029 0.9508 0.9508 0.9508 0.9508 0.9508 0.4818 0.4818 0.9508 0.4818 0.4818 0.4818 0.4818 0.4818 0.9508 0.4818 0.9508
048 247 029 279 0.9508 0.9508 0.4818 0.9508 0.9508 0.9508 0.9508 0.4818 0.9508 0.4818 0.4818 0.4818 0.9508 0.4818 0.4818 0.4818
247 029 279 211 0.4818 0.4818 0.9508 0.9508 0.9508 0.4818 0.9508 0.4818 0.4818 0.4818 0.9508 0.4818 0.9508 0.4818 0.4818 0.9508
029 279 211 070 0.9508 0.4818 0.4818 0.4818 0.9508 0.4818 0.4818 0.9508 0.9508 0.9508 0.9508 0.4818 0.4818 0.9508 0.4818 0.4818
279 211 070 185 0.4818 0.9508 0.9508 0.4818 0.4818 0.4818 0.4818 0.9508 0.4818 0.9508 0.9508 0.9508 0.9508 0.9508 0.4818 0.9508
211 070 185 274 0.9508 0.4818 0.4818 0.9508 0.9508 0.4818 0.9508 0.9508 0.9508 0.9508 0.9508 0.9508 0.9508 0.4818 0.9508 0.9508
070 185 274 289 0.4818 0.4818 0.4818 0.4818 0.4818 0.4818 0.4818 0.4818 0.9508 0.4818 0.9508 0.4818 0.9508 0.4818 0.9508 0.4818
185 274 289 055 0.9508 0.9508 0.4818 0.4818 0.9508 0.4818 0.4818 0.9508 0.9508 0.9508 0.9508 0.4818 0.4818 0.4818 0.4818 0.4818
274 289 055 107 0.4818 0.9508 0.4818 0.9508 0.9508 0.4818 0.4818 0.9508 0.9508 0.4818 0.4818 0.9508 0.9508 0.4818 0.9508 0.9508
289 055 107 210 0.4818 0.4818 0.9508 0.9508 0.4818 0.9508 0.9508 0.4818 0.4818 0.4818 0.4818 0.4818 0.4818 0.4818 0.4818 0.9508
055 107 210 313 0.9508 0.4818 0.9508 0.9508 0.9508 0.4818 0.9508 0.9508 0.4818 0.4818 0.9508 0.9508 0.9508 0.9508 0.9508 0.4818
107 210 313 191 0.9508 0.4818 0.9508 0.4818 0.4818 0.9508 0.4818 0.4818 0.9508 0.4818 0.9508 0.4818 0.4818 0.9508 0.4818 0.4818
210 313 191 087 0.9508 0.4818 0.9508 0.4818 0.9508 0.4818 0.4818 0.4818 0.4818 0.4818 0.9508 0.4818 0.9508 0.4818 0.9508 0.4818
313 191 087 123 0.9508 0.9508 0.4818 0.9508 0.9508 0.4818 0.4818 0.9508 0.9508 0.9508 0.9508 0.4818 0.9508 0.4818 0.4818 0.4818
191 087 123 010 0.4818 0.4818 0.9508 0.4818 0.4818 0.9508 0.9508 0.4818 0.9508 0.9508 0.9508 0.4818 0.9508 0.9508 0.9508 0.9508
087 123 010 322 0.4818 0.9508 0.9508 0.9508 0.4818 0.9508 0.9508 0.4818 0.4818 0.9508 0.9508 0.9508 0.9508 0.9508 0.9508 0.9508
123 010 322 231 0.4818 0.9508 0.4818 0.9508 0.9508 0.4818 0.9508 0.9508 0.9508 0.9508 0.4818 0.4818 0.9508 0.4818 0.9508 0.9508
010 322 231 085 0.9508 0.9508 0.9508 0.9508 0.9508 0.4818 0.9508 0.9508 0.4818 0.9508 0.4818 0.4818 0.4818 0.4818 0.4818 0.4818
322 231 085 181 0.9508 0.4818 0.9508 0.9508 0.9508 0.4818 0.4818 0.4818 0.4818 0.9508 0.4818 0.4818 0.9508 0.4818 0.9508 0.9508
231 085 181 328 0.4818 0.9508 0.9508 0.9508 0.9508 0.9508 0.4818 0.4818 0.9508 0.4818 0.4818 0.9508 0.9508 0.4818 0.9508 0.4818
085 181 328 116 0.4818 0.4818 0.4818 0.9508 0.9508 0.4818 0.4818 0.9508 0.4818 0.9508 0.4818 0.4818 0.9508 0.4818 0.9508 0.4818
181 328 116 162 0.9508 0.4818 0.4818 0.4818 0.9508 0.4818 0.4818 0.9508 0.4818 0.9508 0.4818 0.4818 0.4818 0.9508 0.4818 0.9508
328 116 162 242 0.9508 0.4818 0.9508 0.4818 0.4818 0.4818 0.9508 0.4818 0.9508 0.4818 0.9508 0.4818 0.4818 0.9508 0.9508 0.4818
116 162 242 304 0.4818 0.9508 0.9508 0.4818 0.4818 0.4818 0.9508 0.4818 0.4818 0.4818 0.9508 0.4818 0.4818 0.9508 0.4818 0.4818
162 242 304 069 0.4818 0.9508 0.4818 0.4818 0.9508 0.4818 0.4818 0.4818 0.9508 0.9508 0.9508 0.9508 0.4818 0.4818 0.9508 0.4818
242 304 069 260 0.9508 0.4818 0.9508 0.4818 0.4818 0.9508 0.9508 0.9508 0.9508 0.9508 0.9508 0.9508 0.9508 0.4818 0.4818 0.9508
304 069 260 109 0.4818 0.4818 0.9508 0.4818 0.9508 0.9508 0.4818 0.9508 0.4818 0.9508 0.9508 0.9508 0.9508 0.4818 0.9508 0.4818
069 260 109 280 0.9508 0.9508 0.4818 0.4818 0.4818 0.4818 0.9508 0.9508 0.9508 0.4818 0.4818 0.9508 0.9508 0.9508 0.4818 0.4818
260 109 280 352 0.4818 0.4818 0.4818 0.9508 0.9508 0.4818 0.9508 0.4818 0.4818 0.9508 0.4818 0.4818 0.9508 0.9508 0.9508 0.4818
109 280 352 105 0.9508 0.9508 0.4818 0.9508 0.4818 0.9508 0.9508 0.4818 0.9508 0.9508 0.9508 0.4818 0.9508 0.4818 0.9508 0.4818
280 352 105 180 0.9508 0.9508 0.9508 0.4818 0.9508 0.4818 0.4818 0.9508 0.4818 0.4818 0.9508 0.9508 0.9508 0.9508 0.9508 0.4818
352 105 180 314 0.9508 0.9508 0.4818 0.9508 0.9508 0.4818 0.4818 0.9508 0.4818 0.4818 0.4818 0.9508 0.4818 0.9508 0.9508 0.4818
105 180 314 233 0.4818 0.4818 0.4818 0.4818 0.4818 0.9508 0.4818 0.9508 0.9508 0.4818 0.9508 0.4818 0.9508 0.4818 0.9508 0.9508
180 314 233 065 0.9508 0.9508 0.9508 0.9508 0.4818 0.4818 0.4818 0.9508 0.4818 0.4818 0.9508 0.4818 0.9508 0.9508 0.9508 0.9508
314 233 065 031 0.9508 0.9508 0.9508 0.9508 0.4818 0.9508 0.9508 0.4818 0.9508 0.9508 0.4818 0.4818 0.9508 0.4818 0.4818 0.9508
233 065 031 324 0.4818 0.9508 0.4818 0.9508 0.4818 0.9508 0.9508 0.4818 0.9508 0.9508 0.9508 0.9508 0.9508 0.9508 0.4818 0.4818
065 031 324 035 0.9508 0.4818 0.9508 0.4818 0.9508 0.4818 0.4818 0.4818 0.4818 0.9508 0.9508 0.9508 0.4818 0.9508 0.4818 0.9508
031 324 035 020 0.9508 0.9508 0.9508 0.9508 0.9508 0.9508 0.9508 0.4818 0.4818 0.4818 0.4818 0.4818 0.9508 0.4818 0.9508 0.4818
324 035 020 127 0.4818 0.9508 0.4818 0.9508 0.9508 0.9508 0.4818 0.4818 0.9508 0.4818 0.4818 0.4818 0.9508 0.4818 0.4818 0.9508
035 020 127 215 0.4818 0.4818 0.9508 0.9508 0.4818 0.4818 0.4818 0.9508 0.4818 0.9508 0.4818 0.9508 0.4818 0.4818 0.9508 0.9508
020 127 215 224 0.4818 0.9508 0.4818 0.9508 0.9508 0.4818 0.4818 0.9508 0.4818 0.9508 0.9508 0.9508 0.4818 0.4818 0.4818 0.9508
127 215 224 113 0.4818 0.9508 0.4818 0.4818 0.4818 0.9508 0.4818 0.4818 0.4818 0.4818 0.9508 0.9508 0.4818 0.4818 0.9508 0.4818
215 224 113 057 0.4818 0.4818 0.9508 0.4818 0.9508 0.4818 0.4818 0.4818 0.4818 0.9508 0.4818 0.9508 0.9508 0.9508 0.9508 0.4818
224 113 057 305 0.4818 0.9508 0.4818 0.4818 0.4818 0.9508 0.4818 0.9508 0.4818 0.4818 0.4818 0.4818 0.9508 0.9508 0.9508 0.4818
113 057 305 078 0.4818 0.4818 0.4818 0.4818 0.9508 0.4818 0.4818 0.4818 0.4818 0.4818 0.4818 0.9508 0.9508 0.4818 0.9508 0.4818
057 305 078 063 0.4818 0.4818 0.4818 0.9508 0.4818 0.9508 0.4818 0.4818 0.4818 0.9508 0.9508 0.9508 0.4818 0.9508 0.9508 0.9508
305 078 063 283 0.9508 0.4818 0.9508 0.4818 0.9508 0.9508 0.4818 0.9508 0.9508 0.9508 0.9508 0.9508 0.9508 0.9508 0.9508 0.9508
078 063 283 161 0.9508 0.4818 0.9508 0.9508 0.9508 0.4818 0.9508 0.4818 0.4818 0.9508 0.9508 0.9508 0.9508 0.9508 0.4818 0.4818
063 283 161 190 0.9508 0.4818 0.4818 0.9508 0.4818 0.9508 0.9508 0.9508 0.4818 0.4818 0.4818 0.9508 0.9508 0.9508 0.9508 0.9508
283 161 190 245 0.4818 0.4818 0.4818 0.9508 0.9508 0.4818 0.4818 0.9508 0.4818 0.4818 0.9508 0.9508 0.4818 0.9508 0.4818 0.9508
161 190 245 027 0.4818 0.4818 0.9508 0.9508 0.9508 0.4818 0.4818 0.4818 0.4818 0.4818 0.4818 0.4818 0.4818 0.4818 0.4818 0.9508
190 245 027 310 0.4818 0.4818 0.4818 0.4818 0.9508 0.9508 0.4818 0.4818 0.4818 0.9508 0.4818 0.4818 0.9508 0.9508 0.4818 0.4818
245 027 310 259 0.4818 0.4818 0.4818 0.9508 0.4818 0.9508 0.4818 0.9508 0.4818 0.9508 0.9508 0.4818 0.4818 0.9508 0.9508 0.9508
027 310 259 132 0.4818 0.9508 0.4818 0.9508 0.4818 0.4818 0.9508 0.9508 0.9508 0.9508 0.4818 0.9508 0.4818 0.9508 0.9508 0.9508
310 259 132 056 0.9508 0.9508 0.4818 0.4818 0.9508 0.9508 0.4818 0.4818 0.9508 0.4818 0.4818 0.9508 0.4818 0.4818 0.9508 0.4818
259 132 056 090 0.4818 0.9508 0.9508 0.4818 0.4818 0.9508 0.4818 0.4818 0.9508 0.9508 0.9508 0.4818 0.9508 0.4818 0.4818 0.9508
132 056 090 315 0.9508 0.9508 0.4818 0.4818 0.9508 0.4818 0.9508 0.9508 0.9508 0.9508 0.4818 0.9508 0.9508 0.4818 0.4818 0.9508
056 090 315 120 0.4818 0.4818 0.9508 0.4818 0.9508 0.9508 0.9508 0.4818 0.4818 0.9508 0.9508 0.9508 0.9508 0.4818 0.9508 0.9508
090 315 120 122 0.9508 0.4818 0.4818 0.4818 0.9508 0.4818 0.9508 0.9508 0.9508 0.9508 0.9508 0.9508 0.4818 0.9508 0.9508 0.9508
315 120 122 258 0.4818 0.9508 0.4818 0.4818 0.9508 0.4818 0.9508 0.9508 0.9508 0.4818 0.9508 0.4818 0.9508 0.9508 0.9508 0.9508
120 122 258 150 0.9508 0.9508 0.9508 0.4818 0.4818 0.4818 0.4818 0.4818 0.9508 0.9508 0.4818 0.4818 0.4818 0.9508 0.4818 0.4818
122 258 150 177 0.4818 0.4818 0.9508 0.9508 0.9508 0.9508 0.9508 0.9508 0.4818 0.9508 0.9508 0.4818 0.4818 0.9508 0.9508 0.4818
258 150 177 282 0.9508 0.9508 0.9508 0.9508 0.4818 0.9508 0.4818 0.4818 0.4818 0.9508 0.9508 0.4818 0.9508 0.9508 0.4818 0.9508
150 177 282 207 0.4818 0.9508 0.4818 0.9508 0.9508 0.4818 0.9508 0.9508 0.4818 0.4818 0.9508 0.4818 0.9508 0.4818 0.4818 0.4818
177 282 207 240 0.9508 0.9508 0.9508 0.9508 0.9508 0.9508 0.9508 0.4818 0.9508 0.4818 0.4818 0.9508 0.4818 0.4818 0.9508 0.9508
282 207 240 049 0.4818 0.4818 0.4818 0.4818 0.9508 0.4818 0.4818 0.4818 0.9508 0.4818 0.4818 0.4818 0.9508 0.4818 0.4818 0.9508
207 240 049 346 0.4818 0.4818 0.4818 0.9508 0.9508 0.4818 0.9508 0.4818 0.9508 0.9508 0.4818 0.9508 0.9508 0.9508 0.9508 0.9508
240 049 346 136 0.4818 0.4818 0.9508 0.9508 0.4818 0.9508 0.4818 0.4818 0.4818 0.9508 0.4818 0.9508 0.9508 0.4818 0.4818 0.9508
049 346 136 226 0.4818 0.4818 0.4818 0.9508 0.4818 0.9508 0.4818 0.4818 0.9508 0.9508 0.9508 0.9508 0.4818 0.4818 0.4818 0.9508
346 136 226 130 0.9508 0.9508 0.9508 0.4818 0.4818 0.9508 0.9508 0.4818 0.4818 0.4818 0.4818 0.9508 0.4818 0.4818 0.4818 0.9508
136 226 130 254 0.9508 0.4818 0.9508 0.9508 0.4818 0.4818 0.9508 0.4818 0.9508 0.9508 0.4818 0.9508 0.4818 0.4818 0.4818 0.4818
226 130 254 179 0.9508 0.9508 0.9508 0.9508 0.4818 0.9508 0.4818 0.4818 0.4818 0.9508 0.9508 0.4818 0.4818 0.4818 0.9508 0.4818
130 254 179 081 0.9508 0.4818 0.4818 0.4818 0.4818 0.4818 0.9508 0.9508 0.4818 0.4818 0.4818 0.9508 0.4818 0.4818 0.9508 0.9508
254 179 081 152 0.4818 0.4818 0.4818 0.9508 0.9508 0.4818 0.4818 0.9508 0.4818 0.9508 0.9508 0.4818 0.9508 0.9508 0.4818 0.4818
179 081 152 206 0.4818 0.9508 0.4818 0.9508 0.9508 0.9508 0.4818 0.4818 0.9508 0.4818 0.9508 0.9508 0.9508 0.4818 0.9508 0.4818
081 152 206 060 0.9508 0.9508 0.9508 0.9508 0.4818 0.9508 0.9508 0.9508 0.4818 0.9508 0.4818 0.4818 0.4818 0.9508 0.4818 0.4818
152 206 060 187 0.4818 0.4818 0.9508 0.4818 0.9508 0.9508 0.9508 0.4818 0.4818 0.9508 0.4818 0.9508 0.9508 0.9508 0.9508 0.9508
206 060 187 297 0.9508 0.4818 0.9508 0.4818 0.4818 0.4818 0.4818 0.4818 0.9508 0.4818 0.9508 0.4818 0.4818 0.4818 0.9508 0.4818
060 187 297 163 0.4818 0.4818 0.9508 0.4818 0.4818 0.4818 0.9508 0.4818 0.9508 0.9508 0.9508 0.9508 0.9508 0.9508 0.9508 0.4818
187 297 163 118 0.4818 0.9508 0.9508 0.9508 0.9508 0.4818 0.9508 0.9508 0.9508 0.4818 0.9508 0.4818 0.4818 0.4818 0.4818 0.9508
297 163 118 015 0.9508 0.9508 0.4818 0.4818 0.4818 0.9508 0.9508 0.9508 0.9508 0.4818 0.4818 0.9508 0.4818 0.4818 0.4818 0.4818
163 118 015 171 0.9508 0.4818 0.9508 0.4818 0.4818 0.9508 0.9508 0.9508 0.4818 0.4818 0.9508 0.4818 0.9508 0.4818 0.4818 0.4818
118 015 171 026 0.9508 0.9508 0.4818 0.9508 0.4818 0.4818 0.4818 0.9508 0.4818 0.9508 0.9508 0.9508 0.4818 0.9508 0.9508 0.9508
015 171 026 025 0.4818 0.9508 0.4818 0.4818 0.4818 0.4818 0.4818 0.4818 0.4818 0.9508 0.4818 0.9508 0.4818 0.4818 0.4818 0.4818
171 026 025 114 0.4818 0.4818 0.9508 0.4818 0.4818 0.4818 0.4818 0.4818 0.4818 0.4818 0.4818 0.9508 0.4818 0.9508 0.9508 0.9508
026 025 114 311 0.4818 0.4818 0.4818 0.4818 0.9508 0.9508 0.4818 0.4818 0.9508 0.4818 0.9508 0.4818 0.9508 0.9508 0.4818 0.9508
025 114 311 222 0.4818 0.9508 0.4818 0.4818 0.9508 0.9508 0.4818 0.4818 0.4818 0.9508 0.4818 0.4818 0.9508 0.9508 0.9508 0.9508
114 311 222 129 0.4818 0.4818 0.4818 0.9508 0.4818 0.9508 0.4818 0.4818 0.4818 0.9508 0.4818 0.4818 0.9508 0.4818 0.9508 0.4818
311 222 129 051 0.4818 0.4818 0.4818 0.4818 0.4818 0.4818 0.9508 0.9508 0.9508 0.4818 0.9508 0.4818 0.9508 0.9508 0.4818 0.4818
222 129 051 006 0.9508 0.9508 0.4818 0.9508 0.4818 0.4818 0.4818 0.4818 0.9508 0.4818 0.9508 0.4818 0.9508 0.4818 0.9508 0.9508
129 051 006 093 0.4818 0.9508 0.4818 0.4818 0.4818 0.9508 0.4818 0.9508 0.9508 0.4818 0.4818 0.9508 0.9508 0.4818 0.9508 0.4818
051 006 093 286 0.4818 0.9508 0.4818 0.9508 0.4818 0.9508 0.4818 0.9508 0.4818 0.9508 0.9508 0.4818 0.4818 0.9508 0.4818 0.4818
006 093 286 355 0.9508 0.4818 0.9508 0.9508 0.9508 0.4818 0.4818 0.4818 0.9508 0.4818 0.4818 0.4818 0.4818 0.4818 0.9508 0.9508
093 286 355 202 0.4818 0.4818 0.4818 0.9508 0.9508 0.4818 0.9508 0.4818 0.4818 0.4818 0.4818 0.9508 0.4818 0.9508 0.4818 0.9508
286 355 202 308 0.9508 0.9508 0.4818 0.9508 0.4818 0.4818 0.9508 0.9508 0.9508 0.4818 0.4818 0.9508 0.9508 0.4818 0.4818 0.9508
355 202 308 276 0.9508 0.9508 0.4818 0.4818 0.4818 0.4818 0.4818 0.4818 0.9508 0.9508 0.4818 0.4818 0.9508 0.9508 0.4818 0.4818
202 308 276 089 0.9508 0.9508 0.9508 0.4818 0.9508 0.4818 0.9508 0.4818 0.9508 0.9508 0.9508 0.9508 0.9508 0.4818 0.9508 0.4818
308 276 089 337 0.4818 0.4818 0.4818 0.9508 0.9508 0.4818 0.9508 0.9508 0.4818 0.4818 0.9508 0.4818 0.4818 0.4818 0.9508 0.4818
276 089 337 198 0.4818 0.4818 0.9508 0.9508 0.4818 0.9508 0.9508 0.4818 0.4818 0.9508 0.4818 0.4818 0.4818 0.9508 0.4818 0.4818
089 337 198 335 0.9508 0.4818 0.4818 0.9508 0.4818 0.9508 0.9508 0.9508 0.9508 0.4818 0.4818 0.9508 0.9508 0.4818 0.4818 0.4818
337 198 335 034 0.4818 0.9508 0.9508 0.9508 0.9508 0.9508 0.9508 0.9508 0.9508 0.4818 0.4818 0.9508 0.9508 0.9508 0.9508 0.9508
198 335 034 253 0.4818 0.9508 0.4818 0.4818 0.9508 0.9508 0.9508 0.4818 0.4818 0.4818 0.4818 0.9508 0.4818 0.9508 0.9508 0.9508
335 034 253 083 0.9508 0.4818 0.4818 0.9508 0.9508 0.9508 0.4818 0.4818 0.4818 0.9508 0.4818 0.9508 0.9508 0.4818 0.9508 0.9508
034 253 083 291 0.9508 0.9508 0.4818 0.4818 0.9508 0.9508 0.4818 0.9508 0.4818 0.4818 0.9508 0.9508 0.9508 0.9508 0.9508 0.4818
253 083 291 340 0.9508 0.9508 0.4818 0.4818 0.9508 0.4818 0.9508 0.4818 0.9508 0.9508 0.9508 0.9508 0.9508 0.9508 0.4818 0.9508
083 291 340 175 0.9508 0.9508 0.4818 0.4818 0.4818 0.4818 0.9508 0.9508 0.9508 0.4818 0.9508 0.9508 0.9508 0.9508 0.4818 0.9508
291 340 175 110 0.4818 0.4818 0.9508 0.4818 0.9508 0.4818 0.4818 0.9508 0.9508 0.9508 0.9508 0.4818 0.9508 0.4818 0.4818 0.9508
340 175 110 299 0.9508 0.9508 0.9508 0.4818 0.4818 0.4818 0.9508 0.9508 0.4818 0.4818 0.9508 0.4818 0.9508 0.4818 0.9508 0.4818
175 110 299 139 0.9508 0.9508 0.4818 0.9508 0.9508 0.9508 0.9508 0.9508 0.9508 0.4818 0.4818 0.4818 0.4818 0.9508 0.9508 0.9508
110 299 139 293 0.9508 0.9508 0.4818 0.4818 0.4818 0.9508 0.9508 0.9508 0.4818 0.9508 0.9508 0.9508 0.4818 0.9508 0.9508 0.9508
299 139 293 008 0.9508 0.4818 0.9508 0.9508 0.9508 0.9508 0.9508 0.9508 0.9508 0.4818 0.4818 0.9508 0.4818 0.9508 0.9508 0.4818
139 293 008 196 0.4818 0.4818 0.9508 0.9508 0.9508 0.4818 0.4818 0.4818 0.4818 0.9508 0.4818 0.9508 0.4818 0.4818 0.4818 0.9508
293 008 196 000 0.9508 0.9508 0.9508 0.9508 0.4818 0.9508 0.9508 0.4818 0.9508 0.4818 0.4818 0.4818 0.9508 0.9508 0.9508 0.4818
008 196 000 169 0.9508 0.9508 0.9508 0.9508 0.4818 0.9508 0.4818 0.4818 0.9508 0.9508 0.9508 0.4818 0.4818 0.9508 0.9508 0.4818
196 000 169 094 0.4818 0.9508 0.4818 0.4818 0.9508 0.4818 0.4818 0.4818 0.9508 0.4818 0.4818 0.9508 0.4818 0.4818 0.4818 0.9508
000 169 094 009 0.4818 0.4818 0.4818 0.4818 0.4818 0.4818 0.4818 0.4818 0.4818 0.9508 0.9508 0.4818 0.4818 0.4818 0.4818 0.9508
169 094 009 216 0.4818 0.9508 0.4818 0.9508 0.4818 0.9508 0.9508 0.4818 0.4818 0.9508 0.9508 0.4818 0.9508 0.9508 0.4818 0.9508
094 009 216 307 0.4818 0.9508 0.9508 0.9508 0.9508 0.4818 0.4818 0.9508 0.9508 0.9508 0.9508 0.4818 0.4818 0.9508 0.4818 0.9508
009 216 307 326 0.9508 0.9508 0.9508 0.9508 0.9508 0.9508 0.4818 0.9508 0.9508 0.4818 0.9508 0.9508 0.9508 0.9508 0.4818 0.9508
216 307 326 199 0.9508 0.4818 0.9508 0.4818 0.4818 0.4818 0.4818 0.9508 0.4818 0.9508 0.4818 0.4818 0.4818 0.9508 0.4818 0.9508
307 326 199 067 0.4818 0.9508 0.4818 0.4818 0.4818 0.9508 0.4818 0.9508 0.9508 0.4818 0.9508 0.9508 0.4818 0.9508 0.4818 0.9508
326 199 067 329 0.4818 0.9508 0.4818 0.9508 0.9508 0.9508 0.9508 0.4818 0.9508 0.9508 0.4818 0.4818 0.4818 0.9508 0.9508 0.4818
199 067 329 046 0.4818 0.4818 0.4818 0.4818 0.9508 0.4818 0.9508 0.4818 0.9508 0.9508 0.4818 0.4818 0.9508 0.9508 0.9508 0.9508
067 329 046 348 0.9508 0.4818 0.4818 0.4818 0.4818 0.9508 0.4818 0.4818 0.9508 0.4818 0.4818 0.9508 0.4818 0.4818 0.9508 0.4818
329 046 348 073 0.4818 0.4818 0.9508 0.9508 0.9508 0.4818 0.4818 0.4818 0.9508 0.4818 0.9508 0.4818 0.4818 0.4818 0.4818 0.4818
046 348 073 053 0.4818 0.9508 0.9508 0.9508 0.9508 0.4818 0.4818 0.9508 0.4818 0.9508 0.4818 0.9508 0.4818 0.4818 0.4818 0.4818
348 073 053 124 0.4818 0.9508 0.4818 0.4818 0.9508 0.9508 0.9508 0.4818 0.9508 0.9508 0.9508 0.4818 0.4818 0.9508 0.9508 0.4818
073 053 124 323 0.9508 0.9508 0.4818 0.9508 0.4818 0.4818 0.4818 0.9508 0.9508 0.9508 0.9508 0.9508 0.4818 0.4818 0.4818 0.4818
053 124 323 014 0.4818 0.9508 0.9508 0.9508 0.4818 0.9508 0.4818 0.9508 0.9508 0.9508 0.4818 0.4818 0.4818 0.9508 0.4818 0.4818
124 323 014 115 0.9508 0.4818 0.4818 0.9508 0.9508 0.4818 0.4818 0.9508 0.9508 0.9508 0.4818 0.4818 0.4818 0.4818 0.9508 0.9508
323 014 115 121 0.4818 0.4818 0.4818 0.4818 0.9508 0.4818 0.4818 0.4818 0.9508 0.4818 0.4818 0.4818 0.4818 0.4818 0.4818 0.4818
014 115 121 064 0.9508 0.4818 0.4818 0.4818 0.4818 0.4818 0.9508 0.9508 0.4818 0.9508 0.9508 0.9508 0.4818 0.4818 0.9508 0.4818
115 121 064 108 0.9508 0.9508 0.9508 0.9508 0.4818 0.4818 0.4818 0.4818 0.4818 0.9508 0.9508 0.4818 0.9508 0.9508 0.9508 0.9508
121 064 108 144 0.9508 0.4818 0.9508 0.4818 0.9508 0.9508 0.4818 0.4818 0.9508 0.4818 0.4818 0.9508 0.9508 0.9508 0.4818 0.4818
064 108 144 306 0.9508 0.9508 0.4818 0.4818 0.4818 0.4818 0.9508 0.4818 0.4818 0.9508 0.4818 0.9508 0.4818 0.4818 0.9508 0.9508
108 144 306 300 0.4818 0.4818 0.9508 0.9508 0.4818 0.4818 0.4818 0.9508 0.4818 0.4818 0.4818 0.4818 0.9508 0.9508 0.4818 0.4818
144 306 300 126 0.9508 0.9508 0.4818 0.9508 0.4818 0.4818 0.4818 0.9508 0.9508 0.9508 0.9508 0.4818 0.4818 0.9508 0.9508 0.9508
306 300 126 168 0.4818 0.9508 0.9508 0.4818 0.4818 0.4818 0.9508 0.9508 0.4818 0.4818 0.4818 0.9508 0.4818 0.4818 0.4818 0.9508
300 126 168 296 0.9508 0.4818 0.4818 0.4818 0.4818 0.9508 0.4818 0.9508 0.9508 0.4818 0.9508 0.9508 0.4818 0.9508 0.4818 0.4818
126 168 296 270 0.4818 0.9508 0.9508 0.4818 0.9508 0.4818 0.4818 0.9508 0.4818 0.9508 0.9508 0.4818 0.9508 0.9508 0.4818 0.4818
168 296 270 022 0.9508 0.4818 0.9508 0.4818 0.4818 0.4818 0.9508 0.4818 0.4818 0.4818 0.4818 0.4818 0.4818 0.4818 0.4818 0.9508
296 270 022 218 0.9508 0.9508 0.9508 0.9508 0.4818 0.4818 0.4818 0.9508 0.9508 0.9508 0.9508 0.9508 0.9508 0.4818 0.9508 0.4818
270 022 218 119 0.9508 0.4818 0.9508 0.9508 0.9508 0.9508 0.4818 0.9508 0.4818 0.4818 0.4818 0.9508 0.4818 0.9508 0.4818 0.4818
022 218 119 200 0.4818 0.9508 0.9508 0.4818 0.4818 0.4818 0.4818 0.4818 0.9508 0.9508 0.4818 0.4818 0.9508 0.4818 0.4818 0.4818
218 119 200 082 0.4818 0.9508 0.9508 0.9508 0.9508 0.4818 0.9508 0.4818 0.4818 0.4818 0.9508 0.9508 0.9508 0.9508 0.4818 0.9508
119 200 082 312 0.9508 0.9508 0.9508 0.4818 0.4818 0.9508 0.9508 0.4818 0.9508 0.4818 0.9508 0.9508 0.4818 0.4818 0.4818 0.9508
200 082 312 041 0.4818 0.4818 0.9508 0.4818 0.9508 0.4818 0.4818 0.9508 0.4818 0.4818 0.9508 0.4818 0.4818 0.4818 0.9508 0.9508
082 312 041 111 0.9508 0.4818 0.9508 0.9508 0.4818 0.9508 0.4818 0.9508 0.9508 0.9508 0.9508 0.4818 0.4818 0.9508 0.4818 0.4818
312 041 111 223 0.4818 0.9508 0.4818 0.4818 0.4818 0.4818 0.4818 0.4818 0.4818 0.9508 0.9508 0.4818 0.4818 0.4818 0.4818 0.4818
041 111 223 273 0.4818 0.9508 0.4818 0.9508 0.9508 0.4818 0.4818 0.9508 0.9508 0.4818 0.9508 0.4818 0.9508 0.4818 0.9508 0.4818
111 223 273 040 0.9508 0.4818 0.9508 0.4818 0.9508 0.4818 0.4818 0.9508 0.9508 0.4818 0.9508 0.9508 0.9508 0.9508 0.9508 0.9508
223 273 040 234 0.9508 0.9508 0.4818 0.4818 0.9508 0.9508 0.9508 0.9508 0.4818 0.4818 0.4818 0.4818 0.9508 0.9508 0.9508 0.9508
273 040 234 244 0.4818 0.9508 0.4818 0.4818 0.4818 0.4818 0.4818 0.9508 0.9508 0.9508 0.9508 0.4818 0.9508 0.9508 0.9508 0.9508
040 234 244 012 0.9508 0.4818 0.4818 0.9508 0.9508 0.9508 0.4818 0.4818 0.4818 0.4818 0.9508 0.4818 0.9508 0.4818 0.4818 0.9508
234 244 012 018 0.9508 0.9508 0.9508 0.4818 0.9508 0.9508 0.9508 0.4818 0.9508 0.4818 0.4818 0.9508 0.4818 0.9508 0.9508 0.4818
244 012 018 302 0.4818 0.9508 0.4818 0.9508 0.9508 0.4818 0.4818 0.9508 0.4818 0.4818 0.9508 0.4818 0.4818 0.4818 0.4818 0.9508
012 018 302 005 0.4818 0.4818 0.9508 0.4818 0.9508 0.4818 0.4818 0.9508 0.4818 0.4818 0.4818 0.9508 0.9508 0.9508 0.9508 0.9508
018 302 005 353 0.4818 0.9508 0.4818 0.4818 0.4818 0.9508 0.4818 0.4818 0.4818 0.9508 0.4818 0.9508 0.9508 0.4818 0.4818 0.4818
302 005 353 261 0.9508 0.4818 0.4818 0.4818 0.9508 0.4818 0.9508 0.4818 0.9508 0.9508 0.4818 0.9508 0.4818 0.9508 0.9508 0.4818
005 353 261 117 0.9508 0.4818 0.4818 0.9508 0.9508 0.9508 0.4818 0.9508 0.9508 0.4818 0.4818 0.9508 0.4818 0.4818 0.9508 0.9508
353 261 117 221 0.9508 0.4818 0.9508 0.4818 0.4818 0.9508 0.4818 0.4818 0.4818 0.4818 0.9508 0.4818 0.9508 0.9508 0.4818 0.4818
261 117 221 238 0.9508 0.4818 0.9508 0.4818 0.4818 0.9508 0.4818 0.9508 0.9508 0.9508 0.4818 0.4818 0.9508 0.4818 0.4818 0.9508
117 221 238 088 0.4818 0.4818 0.9508 0.4818 0.4818 0.9508 0.4818 0.9508 0.4818 0.9508 0.4818 0.4818 0.9508 0.9508 0.4818 0.9508
221 238 088 135 0.4818 0.9508 0.4818 0.4818 0.9508 0.4818 0.9508 0.9508 0.9508 0.9508 0.9508 0.4818 0.9508 0.4818 0.4818 0.4818
238 088 135 098 0.4818 0.4818 0.9508 0.9508 0.9508 0.9508 0.9508 0.4818 0.9508 0.9508 0.9508 0.4818 0.4818 0.9508 0.4818 0.9508
088 135 098 208 0.9508 0.4818 0.4818 0.9508 0.4818 0.9508 0.9508 0.4818 0.4818 0.9508 0.9508 0.9508 0.4818 0.9508 0.9508 0.4818
135 098 208 303 0.4818 0.4818 0.4818 0.4818 0.4818 0.9508 0.9508 0.4818 0.9508 0.9508 0.4818 0.9508 0.9508 0.9508 0.4818 0.4818
098 208 303 075 0.4818 0.9508 0.4818 0.9508 0.4818 0.4818 0.9508 0.4818 0.4818 0.4818 0.4818 0.9508 0.4818 0.4818 0.4818 0.4818
208 303 075 183 0.4818 0.4818 0.4818 0.9508 0.4818 0.4818 0.4818 0.9508 0.4818 0.4818 0.9508 0.4818 0.4818 0.9508 0.4818 0.4818
303 075 183 147 0.9508 0.4818 0.4818 0.4818 0.9508 0.4818 0.9508 0.4818 0.9508 0.4818 0.9508 0.9508 0.9508 0.9508 0.4818 0.4818
075 183 147 045 0.9508 0.9508 0.4818 0.9508 0.4818 0.9508 0.9508 0.9508 0.9508 0.4818 0.9508 0.9508 0.4818 0.4818 0.9508 0.4818
183 147 045 134 0.9508 0.4818 0.4818 0.9508 0.4818 0.4818 0.4818 0.4818 0.9508 0.4818 0.9508 0.9508 0.9508 0.4818 0.4818 0.9508
147 045 134 050 0.9508 0.9508 0.4818 0.4818 0.4818 0.9508 0.9508 0.4818 0.9508 0.9508 0.4818 0.9508 0.9508 0.4818 0.9508 0.4818
045 134 050 103 0.4818 0.4818 0.9508 0.4818 0.4818 0.4818 0.9508 0.4818 0.9508 0.4818 0.9508 0.9508 0.9508 0.4818 0.9508 0.4818
134 050 103 204 0.4818 0.9508 0.4818 0.4818 0.9508 0.9508 0.9508 0.4818 0.9508 0.4818 0.9508 0.4818 0.4818 0.4818 0.4818 0.9508
050 103 204 074 0.4818 0.9508 0.4818 0.4818 0.9508 0.4818 0.9508 0.9508 0.9508 0.4818 0.4818 0.9508 0.4818 0.9508 0.4818 0.4818
103 204 074 338 0.9508 0.9508 0.9508 0.9508 0.4818 0.9508 0.9508 0.9508 0.4818 0.9508 0.9508 0.4818 0.9508 0.4818 0.9508 0.9508
204 074 338 104 0.4818 0.9508 0.4818 0.9508 0.4818 0.9508 0.9508 0.4818 0.9508 0.9508 0.4818 0.4818 0.4818 0.9508 0.4818 0.4818
074 338 104 257 0.9508 0.4818 0.4818 0.4818 0.4818 0.4818 0.9508 0.9508 0.4818 0.4818 0.9508 0.9508 0.4818 0.9508 0.9508 0.9508
338 104 257 266 0.9508 0.9508 0.9508 0.9508 0.4818 0.4818 0.4818 0.4818 0.4818 0.9508 0.9508 0.4818 0.4818 0.4818 0.9508 0.4818
104 257 266 294 0.9508 0.9508 0.9508 0.9508 0.4818 0.4818 0.4818 0.9508 0.9508 0.4818 0.4818 0.9508 0.4818 0.9508 0.4818 0.9508
257 266 294 072 0.9508 0.9508 0.9508 0.4818 0.9508 0.4818 0.9508 0.9508 0.4818 0.9508 0.9508 0.4818 0.9508 0.9508 0.9508 0.4818
266 294 072 298 0.4818 0.9508 0.9508 0.4818 0.9508 0.4818 0.9508 0.9508 0.9508 0.9508 0.9508 0.9508 0.9508 0.4818 0.9508 0.4818
294 072 298 194 0.9508 0.9508 0.4818 0.4818 0.9508 0.9508 0.4818 0.4818 0.9508 0.9508 0.4818 0.9508 0.4818 0.4818 0.9508 0.4818
072 298 194 096 0.4818 0.9508 0.9508 0.9508 0.4818 0.9508 0.4818 0.4818 0.9508 0.9508 0.9508 0.9508 0.9508 0.9508 0.9508 0.4818
298 194 096 268 0.4818 0.9508 0.4818 0.4818 0.4818 0.9508 0.4818 0.4818 0.9508 0.4818 0.9508 0.9508 0.4818 0.4818 0.9508 0.4818
194 096 268 054 0.4818 0.9508 0.9508 0.4818 0.9508 0.4818 0.9508 0.9508 0.4818 0.4818 0.9508 0.9508 0.9508 0.4818 0.9508 0.4818
096 268 054 143 0.9508 0.9508 0.9508 0.9508 0.9508 0.9508 0.4818 0.4818 0.4818 0.4818 0.9508 0.4818 0.9508 0.9508 0.4818 0.9508
268 054 143 186 0.9508 0.4818 0.9508 0.9508 0.4818 0.4818 0.4818 0.4818 0.9508 0.9508 0.9508 0.4818 0.4818 0.9508 0.4818 0.4818
054 143 186 195 0.4818 0.9508 0.4818 0.4818 0.4818 0.4818 0.4818 0.9508 0.4818 0.4818 0.4818 0.9508 0.4818 0.4818 0.4818 0.9508
143 186 195 100 0.4818 0.4818 0.4818 0.4818 0.9508 0.9508 0.4818 0.4818 0.9508 0.9508 0.9508 0.4818 0.4818 0.9508 0.4818 0.4818
186 195 100 344 0.4818 0.4818 0.9508 0.9508 0.9508 0.9508 0.9508 0.4818 0.9508 0.4818 0.4818 0.9508 0.4818 0.9508 0.9508 0.9508
195 100 344 285 0.4818 0.9508 0.9508 0.9508 0.9508 0.4818 0.9508 0.9508 0.4818 0.4818 0.4818 0.4818 0.9508 0.9508 0.9508 0.9508
100 344 285 219 0.4818 0.4818 0.4818 0.9508 0.9508 0.4818 0.9508 0.9508 0.9508 0.4818 0.9508 0.4818 0.9508 0.9508 0.9508 0.4818
344 285 219 295 0.4818 0.9508 0.4818 0.9508 0.9508 0.9508 0.9508 0.4818 0.9508 0.9508 0.9508 0.9508 0.4818 0.4818 0.9508 0.9508
285 219 295 076 0.9508 0.4818 0.4818 0.4818 0.4818 0.4818 0.9508 0.4818 0.9508 0.4818 0.4818 0.9508 0.4818 0.4818 0.4818 0.9508
