356 031684 3
033 072 299 042 0.9756 0.7420 0.7420 0.9756 0.9756 0.9756 0.9756 0.7420 0.7420 0.7420 0.9756 0.9756 0.7420 0.9756 0.9756 0.9756
072 299 042 025 0.9756 0.9756 0.7420 0.7420 0.9756 0.9756 0.9756 0.7420 0.9756 0.7420 0.9756 0.9756 0.9756 0.9756 0.9756 0.9756
299 042 025 272 0.9756 0.7420 0.9756 0.9756 0.9756 0.7420 0.7420 0.7420 0.9756 0.7420 0.9756 0.9756 0.9756 0.7420 0.9756 0.9756
042 025 272 110 0.7420 0.7420 0.7420 0.7420 0.7420 0.7420 0.9756 0.7420 0.7420 0.7420 0.9756 0.9756 0.9756 0.9756 0.7420 0.9756
025 272 110 223 0.7420 0.9756 0.9756 0.7420 0.7420 0.9756 0.7420 0.7420 0.9756 0.9756 0.9756 0.9756 0.9756 0.9756 0.7420 0.9756
272 110 223 140 0.7420 0.9756 0.7420 0.9756 0.7420 0.7420 0.9756 0.7420 0.7420 0.7420 0.7420 0.7420 0.9756 0.7420 0.9756 0.7420
110 223 140 311 0.7420 0.7420 0.9756 0.9756 0.9756 0.9756 0.7420 0.9756 0.7420 0.9756 0.7420 0.7420 0.7420 0.9756 0.7420 0.7420
223 140 311 277 0.9756 0.9756 0.7420 0.7420 0.7420 0.7420 0.7420 0.7420 0.9756 0.7420 0.7420 0.9756 0.9756 0.7420 0.9756 0.7420
140 311 277 302 0.9756 0.9756 0.7420 0.9756 0.7420 0.7420 0.9756 0.7420 0.7420 0.7420 0.7420 0.7420 0.7420 0.9756 0.9756 0.9756
311 277 302 119 0.7420 0.9756 0.9756 0.9756 0.7420 0.7420 0.9756 0.9756 0.9756 0.9756 0.9756 0.9756 0.9756 0.7420 0.7420 0.9756
277 302 119 232 0.9756 0.7420 0.7420 0.9756 0.7420 0.7420 0.9756 0.7420 0.7420 0.9756 0.7420 0.7420 0.9756 0.9756 0.7420 0.9756
302 119 232 133 0.7420 0.9756 0.7420 0.9756 0.9756 0.7420 0.7420 0.9756 0.9756 0.7420 0.9756 0.7420 0.7420 0.7420 0.7420 0.7420
119 232 133 316 0.9756 0.7420 0.7420 0.9756 0.9756 0.9756 0.9756 0.9756 0.7420 0.7420 0.9756 0.7420 0.9756 0.7420 0.7420 0.7420
232 133 316 281 0.7420 0.9756 0.9756 0.9756 0.7420 0.7420 0.7420 0.7420 0.7420 0.7420 0.7420 0.9756 0.7420 0.9756 0.9756 0.7420
133 316 281 051 0.9756 0.9756 0.7420 0.7420 0.7420 0.9756 0.9756 0.9756 0.9756 0.9756 0.7420 0.9756 0.9756 0.9756 0.9756 0.7420
316 281 051 064 0.9756 0.7420 0.7420 0.9756 0.7420 0.9756 0.7420 0.9756 0.7420 0.9756 0.7420 0.9756 0.9756 0.9756 0.9756 0.9756
281 051 064 171 0.9756 0.9756 0.9756 0.9756 0.7420 0.7420 0.9756 0.7420 0.7420 0.9756 0.7420 0.7420 0.9756 0.9756 0.9756 0.7420
051 064 171 141 0.9756 0.9756 0.7420 0.7420 0.7420 0.7420 0.9756 0.7420 0.7420 0.9756 0.7420 0.7420 0.7420 0.9756 0.7420 0.9756
064 171 141 013 0.7420 0.7420 0.7420 0.9756 0.7420 0.7420 0.7420 0.7420 0.9756 0.9756 0.9756 0.9756 0.7420 0.7420 0.7420 0.7420
171 141 013 322 0.9756 0.7420 0.7420 0.7420 0.9756 0.7420 0.7420 0.9756 0.9756 0.9756 0.7420 0.9756 0.9756 0.9756 0.9756 0.7420
141 013 322 160 0.7420 0.9756 0.9756 0.7420 0.7420 0.7420 0.9756 0.7420 0.7420 0.9756 0.7420 0.9756 0.9756 0.9756 0.7420 0.7420
013 322 160 188 0.7420 0.7420 0.9756 0.7420 0.7420 0.9756 0.9756 0.7420 0.9756 0.7420 0.9756 0.9756 0.7420 0.9756 0.7420 0.7420
322 160 188 239 0.7420 0.7420 0.7420 0.7420 0.9756 0.9756 0.7420 0.7420 0.7420 0.7420 0.7420 0.9756 0.7420 0.7420 0.9756 0.9756
160 188 239 242 0.7420 0.9756 0.7420 0.7420 0.7420 0.7420 0.7420 0.7420 0.7420 0.9756 0.9756 0.7420 0.9756 0.9756 0.9756 0.7420
188 239 242 054 0.9756 0.9756 0.7420 0.7420 0.9756 0.9756 0.9756 0.9756 0.7420 0.7420 0.9756 0.9756 0.7420 0.7420 0.9756 0.9756
239 242 054 076 0.9756 0.9756 0.7420 0.7420 0.7420 0.9756 0.7420 0.9756 0.9756 0.9756 0.9756 0.9756 0.7420 0.7420 0.9756 0.9756
242 054 076 304 0.9756 0.9756 0.9756 0.7420 0.9756 0.9756 0.9756 0.7420 0.9756 0.7420 0.7420 0.7420 0.9756 0.7420 0.7420 0.9756
054 076 304 186 0.9756 0.9756 0.9756 0.7420 0.9756 0.9756 0.9756 0.7420 0.7420 0.9756 0.9756 0.9756 0.7420 0.9756 0.9756 0.9756
076 304 186 194 0.7420 0.7420 0.9756 0.9756 0.9756 0.9756 0.7420 0.9756 0.7420 0.9756 0.9756 0.9756 0.9756 0.9756 0.7420 0.7420
304 186 194 174 0.7420 0.7420 0.9756 0.7420 0.7420 0.9756 0.7420 0.9756 0.7420 0.9756 0.7420 0.7420 0.9756 0.7420 0.7420 0.9756
186 194 174 331 0.7420 0.9756 0.7420 0.7420 0.7420 0.9756 0.7420 0.9756 0.9756 0.9756 0.7420 0.7420 0.9756 0.9756 0.7420 0.9756
194 174 331 070 0.9756 0.9756 0.9756 0.7420 0.9756 0.7420 0.7420 0.7420 0.7420 0.7420 0.7420 0.7420 0.9756 0.9756 0.9756 0.9756
174 331 070 236 0.9756 0.9756 0.9756 0.9756 0.9756 0.9756 0.7420 0.9756 0.9756 0.9756 0.7420 0.7420 0.7420 0.7420 0.9756 0.9756
331 070 236 201 0.7420 0.7420 0.9756 0.9756 0.7420 0.7420 0.9756 0.7420 0.7420 0.7420 0.9756 0.9756 0.7420 0.7420 0.9756 0.7420
070 236 201 157 0.7420 0.9756 0.9756 0.7420 0.7420 0.7420 0.9756 0.7420 0.9756 0.9756 0.7420 0.7420 0.7420 0.9756 0.7420 0.7420
236 201 157 146 0.7420 0.7420 0.7420 0.9756 0.9756 0.7420 0.7420 0.9756 0.9756 0.9756 0.7420 0.9756 0.7420 0.9756 0.7420 0.7420
201 157 146 337 0.9756 0.7420 0.9756 0.9756 0.7420 0.7420 0.9756 0.7420 0.7420 0.9756 0.7420 0.7420 0.7420 0.7420 0.7420 0.9756
157 146 337 347 0.7420 0.7420 0.9756 0.9756 0.7420 0.7420 0.7420 0.7420 0.9756 0.7420 0.7420 0.9756 0.9756 0.7420 0.9756 0.7420
146 337 347 344 0.7420 0.9756 0.7420 0.9756 0.7420 0.9756 0.7420 0.7420 0.7420 0.9756 0.7420 0.7420 0.9756 0.7420 0.9756 0.7420
337 347 344 000 0.9756 0.9756 0.7420 0.7420 0.9756 0.9756 0.9756 0.9756 0.7420 0.7420 0.9756 0.9756 0.7420 0.7420 0.9756 0.7420
347 344 000 260 0.9756 0.7420 0.7420 0.7420 0.7420 0.7420 0.7420 0.7420 0.9756 0.7420 0.9756 0.7420 0.7420 0.7420 0.7420 0.7420
344 000 260 333 0.7420 0.9756 0.9756 0.9756 0.9756 0.7420 0.7420 0.9756 0.9756 0.9756 0.7420 0.9756 0.7420 0.9756 0.9756 0.9756
000 260 333 037 0.7420 0.7420 0.9756 0.7420 0.7420 0.9756 0.9756 0.7420 0.9756 0.7420 0.9756 0.9756 0.9756 0.9756 0.9756 0.7420
260 333 037 069 0.7420 0.7420 0.9756 0.7420 0.7420 0.9756 0.7420 0.7420 0.7420 0.9756 0.7420 0.9756 0.9756 0.7420 0.9756 0.7420
333 037 069 046 0.7420 0.9756 0.7420 0.7420 0.9756 0.9756 0.9756 0.9756 0.9756 0.7420 0.9756 0.9756 0.9756 0.9756 0.9756 0.7420
037 069 046 145 0.9756 0.7420 0.9756 0.7420 0.7420 0.9756 0.9756 0.9756 0.9756 0.7420 0.7420 0.9756 0.7420 0.7420 0.9756 0.9756
069 046 145 003 0.7420 0.9756 0.9756 0.9756 0.7420 0.7420 0.7420 0.9756 0.9756 0.7420 0.7420 0.7420 0.9756 0.9756 0.9756 0.9756
046 145 003 199 0.7420 0.7420 0.7420 0.9756 0.7420 0.9756 0.7420 0.9756 0.7420 0.9756 0.9756 0.7420 0.9756 0.9756 0.9756 0.7420
145 003 199 228 0.7420 0.9756 0.7420 0.9756 0.7420 0.7420 0.9756 0.7420 0.7420 0.9756 0.7420 0.7420 0.7420 0.7420 0.7420 0.7420
003 199 228 177 0.7420 0.7420 0.9756 0.7420 0.7420 0.9756 0.9756 0.9756 0.7420 0.9756 0.9756 0.7420 0.9756 0.9756 0.7420 0.9756
199 228 177 077 0.7420 0.7420 0.9756 0.9756 0.9756 0.7420 0.7420 0.9756 0.9756 0.7420 0.9756 0.9756 0.9756 0.7420 0.7420 0.9756
228 177 077 080 0.9756 0.7420 0.7420 0.7420 0.9756 0.7420 0.9756 0.9756 0.7420 0.9756 0.7420 0.7420 0.9756 0.9756 0.7420 0.9756
177 077 080 245 0.9756 0.9756 0.9756 0.7420 0.9756 0.7420 0.9756 0.7420 0.7420 0.7420 0.7420 0.7420 0.7420 0.9756 0.9756 0.7420
077 080 245 151 0.9756 0.9756 0.7420 0.7420 0.9756 0.9756 0.9756 0.7420 0.9756 0.7420 0.9756 0.9756 0.9756 0.9756 0.7420 0.7420
080 245 151 144 0.7420 0.9756 0.7420 0.7420 0.9756 0.7420 0.9756 0.9756 0.7420 0.9756 0.7420 0.7420 0.7420 0.9756 0.9756 0.7420
245 151 144 149 0.9756 0.9756 0.7420 0.9756 0.7420 0.7420 0.7420 0.9756 0.9756 0.9756 0.9756 0.9756 0.9756 0.9756 0.9756 0.7420
151 144 149 009 0.9756 0.9756 0.7420 0.9756 0.7420 0.7420 0.9756 0.7420 0.9756 0.7420 0.9756 0.7420 0.7420 0.7420 0.9756 0.9756
144 149 009 221 0.7420 0.9756 0.7420 0.9756 0.7420 0.7420 0.7420 0.7420 0.7420 0.9756 0.9756 0.7420 0.7420 0.9756 0.7420 0.7420
149 009 221 345 0.7420 0.7420 0.7420 0.7420 0.7420 0.7420 0.9756 0.7420 0.7420 0.7420 0.9756 0.9756 0.9756 0.7420 0.7420 0.7420
009 221 345 129 0.7420 0.7420 0.9756 0.9756 0.7420 0.7420 0.9756 0.9756 0.7420 0.9756 0.9756 0.9756 0.7420 0.9756 0.7420 0.7420
221 345 129 074 0.9756 0.7420 0.9756 0.7420 0.7420 0.7420 0.7420 0.7420 0.7420 0.9756 0.9756 0.7420 0.9756 0.7420 0.7420 0.9756
345 129 074 158 0.7420 0.9756 0.9756 0.9756 0.7420 0.9756 0.7420 0.7420 0.9756 0.9756 0.7420 0.9756 0.7420 0.9756 0.9756 0.7420
129 074 158 103 0.9756 0.9756 0.7420 0.9756 0.7420 0.7420 0.9756 0.7420 0.7420 0.7420 0.9756 0.9756 0.9756 0.9756 0.7420 0.9756
074 158 103 096 0.9756 0.9756 0.7420 0.9756 0.9756 0.9756 0.9756 0.9756 0.9756 0.9756 0.7420 0.7420 0.7420 0.7420 0.7420 0.9756
158 103 096 240 0.9756 0.9756 0.9756 0.9756 0.7420 0.7420 0.9756 0.7420 0.9756 0.7420 0.7420 0.7420 0.9756 0.7420 0.9756 0.9756
103 096 240 012 0.9756 0.9756 0.9756 0.9756 0.7420 0.7420 0.7420 0.7420 0.9756 0.7420 0.9756 0.9756 0.7420 0.9756 0.9756 0.9756
096 240 012 004 0.9756 0.9756 0.7420 0.9756 0.7420 0.9756 0.9756 0.7420 0.7420 0.9756 0.7420 0.7420 0.7420 0.9756 0.7420 0.7420
240 012 004 043 0.7420 0.9756 0.9756 0.7420 0.7420 0.9756 0.7420 0.9756 0.9756 0.9756 0.7420 0.7420 0.9756 0.9756 0.9756 0.9756
012 004 043 159 0.7420 0.7420 0.9756 0.7420 0.7420 0.7420 0.7420 0.9756 0.9756 0.9756 0.9756 0.7420 0.7420 0.7420 0.7420 0.7420
004 043 159 335 0.9756 0.7420 0.9756 0.7420 0.7420 0.9756 0.9756 0.7420 0.9756 0.9756 0.9756 0.7420 0.9756 0.7420 0.7420 0.9756
043 159 335 355 0.7420 0.7420 0.9756 0.9756 0.9756 0.7420 0.7420 0.7420 0.7420 0.9756 0.7420 0.9756 0.9756 0.7420 0.7420 0.9756
159 335 355 060 0.7420 0.9756 0.7420 0.7420 0.7420 0.7420 0.9756 0.7420 0.7420 0.7420 0.9756 0.7420 0.7420 0.9756 0.7420 0.7420
335 355 060 341 0.7420 0.7420 0.7420 0.9756 0.7420 0.7420 0.9756 0.7420 0.7420 0.9756 0.9756 0.7420 0.7420 0.9756 0.7420 0.7420
355 060 341 120 0.9756 0.7420 0.9756 0.9756 0.9756 0.7420 0.9756 0.9756 0.7420 0.7420 0.9756 0.7420 0.7420 0.9756 0.9756 0.7420
060 341 120 209 0.7420 0.7420 0.9756 0.9756 0.9756 0.9756 0.7420 0.7420 0.7420 0.9756 0.9756 0.9756 0.9756 0.9756 0.9756 0.9756
341 120 209 112 0.7420 0.7420 0.9756 0.9756 0.9756 0.7420 0.9756 0.7420 0.7420 0.7420 0.9756 0.9756 0.9756 0.9756 0.7420 0.7420
120 209 112 057 0.7420 0.9756 0.9756 0.9756 0.7420 0.7420 0.9756 0.9756 0.7420 0.7420 0.9756 0.7420 0.9756 0.9756 0.7420 0.7420
209 112 057 315 0.7420 0.7420 0.9756 0.7420 0.9756 0.7420 0.7420 0.7420 0.9756 0.9756 0.9756 0.9756 0.9756 0.7420 0.9756 0.9756
112 057 315 334 0.9756 0.9756 0.9756 0.9756 0.9756 0.7420 0.7420 0.9756 0.7420 0.9756 0.9756 0.9756 0.9756 0.7420 0.7420 0.7420
057 315 334 090 0.9756 0.7420 0.9756 0.7420 0.7420 0.9756 0.7420 0.9756 0.7420 0.7420 0.9756 0.7420 0.7420 0.7420 0.7420 0.9756
315 334 090 087 0.9756 0.9756 0.9756 0.7420 0.9756 0.7420 0.7420 0.9756 0.7420 0.7420 0.7420 0.9756 0.9756 0.7420 0.9756 0.9756
334 090 087 156 0.7420 0.7420 0.9756 0.7420 0.9756 0.9756 0.7420 0.7420 0.9756 0.7420 0.7420 0.7420 0.9756 0.7420 0.7420 0.9756
090 087 156 233 0.7420 0.7420 0.7420 0.7420 0.9756 0.9756 0.7420 0.9756 0.7420 0.9756 0.9756 0.7420 0.7420 0.9756 0.7420 0.9756
087 156 233 218 0.9756 0.7420 0.7420 0.9756 0.7420 0.7420 0.9756 0.7420 0.9756 0.7420 0.9756 0.7420 0.9756 0.9756 0.9756 0.9756
156 233 218 117 0.9756 0.7420 0.9756 0.9756 0.9756 0.7420 0.7420 0.9756 0.7420 0.9756 0.7420 0.7420 0.7420 0.7420 0.9756 0.9756
233 218 117 214 0.7420 0.7420 0.7420 0.7420 0.9756 0.7420 0.7420 0.9756 0.9756 0.9756 0.9756 0.9756 0.7420 0.9756 0.7420 0.7420
218 117 214 327 0.7420 0.9756 0.7420 0.9756 0.9756 0.7420 0.7420 0.7420 0.7420 0.9756 0.7420 0.9756 0.7420 0.9756 0.9756 0.7420
117 214 327 005 0.7420 0.9756 0.7420 0.7420 0.9756 0.9756 0.9756 0.7420 0.9756 0.9756 0.7420 0.7420 0.7420 0.7420 0.7420 0.7420
214 327 005 234 0.9756 0.9756 0.9756 0.7420 0.7420 0.9756 0.7420 0.9756 0.9756 0.7420 0.9756 0.7420 0.7420 0.7420 0.9756 0.7420
327 005 234 053 0.9756 0.7420 0.7420 0.7420 0.7420 0.9756 0.7420 0.7420 0.9756 0.9756 0.7420 0.7420 0.7420 0.7420 0.7420 0.9756
005 234 053 007 0.9756 0.7420 0.7420 0.7420 0.7420 0.9756 0.7420 0.9756 0.9756 0.7420 0.7420 0.7420 0.9756 0.7420 0.9756 0.9756
234 053 007 075 0.9756 0.9756 0.7420 0.9756 0.7420 0.9756 0.9756 0.9756 0.9756 0.7420 0.7420 0.7420 0.7420 0.7420 0.9756 0.9756
053 007 075 137 0.7420 0.7420 0.9756 0.7420 0.9756 0.7420 0.7420 0.7420 0.9756 0.7420 0.7420 0.9756 0.9756 0.9756 0.7420 0.7420
007 075 137 032 0.9756 0.9756 0.9756 0.7420 0.7420 0.7420 0.7420 0.9756 0.9756 0.9756 0.9756 0.7420 0.9756 0.9756 0.9756 0.7420
075 137 032 196 0.7420 0.7420 0.7420 0.7420 0.9756 0.7420 0.7420 0.7420 0.9756 0.9756 0.9756 0.7420 0.9756 0.7420 0.9756 0.7420
137 032 196 132 0.9756 0.7420 0.9756 0.7420 0.7420 0.9756 0.9756 0.7420 0.9756 0.9756 0.7420 0.7420 0.7420 0.7420 0.9756 0.9756
032 196 132 048 0.7420 0.7420 0.9756 0.7420 0.9756 0.9756 0.7420 0.7420 0.7420 0.7420 0.9756 0.7420 0.7420 0.7420 0.9756 0.7420
196 132 048 261 0.9756 0.9756 0.9756 0.7420 0.7420 0.7420 0.7420 0.9756 0.9756 0.9756 0.7420 0.7420 0.9756 0.9756 0.9756 0.9756
132 048 261 241 0.7420 0.9756 0.9756 0.9756 0.9756 0.7420 0.9756 0.9756 0.7420 0.7420 0.9756 0.7420 0.9756 0.7420 0.7420 0.9756
048 261 241 318 0.7420 0.7420 0.9756 0.7420 0.7420 0.7420 0.7420 0.9756 0.9756 0.9756 0.7420 0.9756 0.9756 0.7420 0.7420 0.9756
261 241 318 307 0.9756 0.7420 0.7420 0.9756 0.7420 0.9756 0.9756 0.7420 0.9756 0.7420 0.9756 0.9756 0.7420 0.7420 0.7420 0.7420
241 318 307 257 0.7420 0.9756 0.7420 0.7420 0.9756 0.9756 0.7420 0.9756 0.7420 0.9756 0.9756 0.7420 0.9756 0.9756 0.9756 0.9756
318 307 257 022 0.7420 0.9756 0.9756 0.7420 0.9756 0.9756 0.7420 0.7420 0.7420 0.7420 0.7420 0.9756 0.7420 0.9756 0.7420 0.9756
307 257 022 106 0.9756 0.7420 0.9756 0.9756 0.9756 0.9756 0.9756 0.9756 0.9756 0.9756 0.7420 0.9756 0.9756 0.7420 0.7420 0.9756
257 022 106 352 0.9756 0.7420 0.7420 0.7420 0.7420 0.7420 0.9756 0.9756 0.9756 0.9756 0.7420 0.9756 0.9756 0.7420 0.9756 0.7420
022 106 352 346 0.7420 0.7420 0.7420 0.7420 0.9756 0.9756 0.7420 0.7420 0.9756 0.9756 0.9756 0.7420 0.7420 0.9756 0.7420 0.7420
106 352 346 306 0.9756 0.7420 0.7420 0.9756 0.7420 0.9756 0.7420 0.7420 0.7420 0.7420 0.7420 0.9756 0.9756 0.9756 0.9756 0.9756
352 346 306 248 0.7420 0.7420 0.9756 0.9756 0.7420 0.9756 0.9756 0.9756 0.9756 0.9756 0.7420 0.9756 0.7420 0.7420 0.7420 0.7420
346 306 248 189 0.9756 0.7420 0.9756 0.7420 0.9756 0.7420 0.7420 0.9756 0.7420 0.7420 0.9756 0.7420 0.7420 0.7420 0.7420 0.7420
306 248 189 011 0.7420 0.7420 0.9756 0.9756 0.7420 0.7420 0.9756 0.7420 0.9756 0.7420 0.9756 0.9756 0.7420 0.9756 0.9756 0.9756
248 189 011 326 0.7420 0.7420 0.7420 0.9756 0.9756 0.9756 0.9756 0.9756 0.9756 0.7420 0.7420 0.7420 0.9756 0.9756 0.9756 0.7420
189 011 326 314 0.9756 0.7420 0.9756 0.9756 0.9756 0.7420 0.7420 0.9756 0.7420 0.7420 0.7420 0.7420 0.9756 0.7420 0.7420 0.7420
011 326 314 183 0.9756 0.7420 0.7420 0.7420 0.9756 0.9756 0.7420 0.9756 0.9756 0.9756 0.9756 0.7420 0.7420 0.7420 0.9756 0.7420
326 314 183 010 0.9756 0.9756 0.9756 0.9756 0.9756 0.7420 0.7420 0.7420 0.7420 0.9756 0.7420 0.9756 0.7420 0.7420 0.7420 0.9756
314 183 010 073 0.7420 0.7420 0.7420 0.9756 0.7420 0.9756 0.7420 0.9756 0.9756 0.7420 0.9756 0.7420 0.7420 0.9756 0.9756 0.7420
183 010 073 251 0.9756 0.7420 0.7420 0.9756 0.7420 0.7420 0.9756 0.9756 0.9756 0.9756 0.9756 0.7420 0.7420 0.9756 0.9756 0.9756
010 073 251 068 0.9756 0.9756 0.7420 0.7420 0.9756 0.7420 0.7420 0.7420 0.7420 0.7420 0.7420 0.7420 0.7420 0.9756 0.9756 0.9756
073 251 068 250 0.7420 0.7420 0.7420 0.7420 0.7420 0.9756 0.7420 0.9756 0.7420 0.7420 0.9756 0.9756 0.9756 0.9756 0.9756 0.7420
251 068 250 108 0.9756 0.9756 0.9756 0.9756 0.7420 0.7420 0.7420 0.7420 0.9756 0.7420 0.7420 0.9756 0.9756 0.7420 0.9756 0.9756
068 250 108 256 0.9756 0.7420 0.7420 0.9756 0.7420 0.7420 0.9756 0.7420 0.7420 0.9756 0.7420 0.7420 0.9756 0.9756 0.7420 0.9756
250 108 256 136 0.7420 0.9756 0.7420 0.9756 0.7420 0.9756 0.7420 0.7420 0.9756 0.9756 0.7420 0.9756 0.7420 0.9756 0.7420 0.9756
108 256 136 014 0.7420 0.9756 0.7420 0.7420 0.9756 0.7420 0.7420 0.7420 0.9756 0.7420 0.9756 0.7420 0.9756 0.7420 0.7420 0.7420
256 136 014 081 0.7420 0.7420 0.9756 0.9756 0.7420 0.7420 0.7420 0.7420 0.9756 0.7420 0.7420 0.7420 0.9756 0.9756 0.9756 0.9756
136 014 081 170 0.7420 0.7420 0.7420 0.9756 0.7420 0.7420 0.7420 0.9756 0.7420 0.9756 0.9756 0.7420 0.7420 0.9756 0.7420 0.9756
014 081 170 243 0.7420 0.7420 0.7420 0.9756 0.9756 0.9756 0.7420 0.7420 0.9756 0.9756 0.7420 0.9756 0.9756 0.7420 0.9756 0.7420
081 170 243 205 0.9756 0.7420 0.7420 0.7420 0.7420 0.7420 0.7420 0.9756 0.7420 0.9756 0.7420 0.7420 0.9756 0.7420 0.9756 0.9756
170 243 205 339 0.7420 0.9756 0.7420 0.9756 0.9756 0.7420 0.7420 0.9756 0.9756 0.7420 0.7420 0.7420 0.9756 0.9756 0.9756 0.9756
243 205 339 173 0.7420 0.9756 0.9756 0.9756 0.9756 0.9756 0.7420 0.7420 0.7420 0.9756 0.7420 0.9756 0.7420 0.9756 0.9756 0.9756
205 339 173 027 0.7420 0.7420 0.9756 0.7420 0.7420 0.9756 0.9756 0.9756 0.9756 0.9756 0.9756 0.7420 0.7420 0.7420 0.9756 0.9756
339 173 027 288 0.7420 0.9756 0.7420 0.9756 0.9756 0.9756 0.7420 0.9756 0.7420 0.7420 0.9756 0.9756 0.7420 0.9756 0.7420 0.9756
173 027 288 018 0.9756 0.7420 0.7420 0.7420 0.9756 0.7420 0.7420 0.9756 0.9756 0.7420 0.7420 0.9756 0.7420 0.7420 0.7420 0.9756
027 288 018 050 0.7420 0.7420 0.7420 0.9756 0.9756 0.9756 0.9756 0.9756 0.7420 0.9756 0.7420 0.7420 0.9756 0.7420 0.7420 0.7420
288 018 050 324 0.9756 0.7420 0.7420 0.7420 0.7420 0.7420 0.7420 0.9756 0.9756 0.7420 0.9756 0.7420 0.7420 0.7420 0.7420 0.9756
018 050 324 008 0.7420 0.7420 0.7420 0.9756 0.9756 0.7420 0.7420 0.9756 0.9756 0.9756 0.7420 0.9756 0.7420 0.7420 0.9756 0.9756
050 324 008 031 0.9756 0.7420 0.7420 0.9756 0.9756 0.7420 0.9756 0.9756 0.7420 0.7420 0.7420 0.7420 0.7420 0.9756 0.9756 0.9756
324 008 031 082 0.9756 0.7420 0.7420 0.9756 0.7420 0.7420 0.9756 0.9756 0.7420 0.7420 0.7420 0.9756 0.9756 0.9756 0.7420 0.7420
008 031 082 343 0.7420 0.9756 0.7420 0.7420 0.9756 0.9756 0.7420 0.9756 0.7420 0.7420 0.9756 0.9756 0.7420 0.7420 0.7420 0.7420
031 082 343 180 0.7420 0.9756 0.9756 0.7420 0.9756 0.7420 0.9756 0.7420 0.7420 0.7420 0.7420 0.7420 0.7420 0.9756 0.9756 0.9756
082 343 180 312 0.7420 0.7420 0.7420 0.7420 0.7420 0.7420 0.7420 0.7420 0.7420 0.7420 0.9756 0.9756 0.9756 0.9756 0.9756 0.9756
343 180 312 168 0.7420 0.9756 0.7420 0.9756 0.7420 0.7420 0.7420 0.7420 0.7420 0.9756 0.9756 0.9756 0.9756 0.9756 0.9756 0.7420
180 312 168 340 0.9756 0.9756 0.7420 0.9756 0.7420 0.9756 0.9756 0.7420 0.9756 0.7420 0.9756 0.7420 0.7420 0.7420 0.9756 0.7420
312 168 340 207 0.9756 0.9756 0.7420 0.9756 0.7420 0.7420 0.7420 0.7420 0.7420 0.9756 0.9756 0.9756 0.7420 0.9756 0.7420 0.7420
168 340 207 125 0.9756 0.7420 0.9756 0.7420 0.9756 0.7420 0.7420 0.9756 0.7420 0.9756 0.7420 0.9756 0.9756 0.9756 0.7420 0.9756
340 207 125 263 0.7420 0.7420 0.9756 0.7420 0.9756 0.9756 0.9756 0.9756 0.9756 0.7420 0.7420 0.9756 0.9756 0.9756 0.7420 0.7420
207 125 263 313 0.9756 0.7420 0.7420 0.9756 0.9756 0.9756 0.7420 0.9756 0.7420 0.7420 0.7420 0.7420 0.7420 0.9756 0.7420 0.7420
125 263 313 301 0.7420 0.7420 0.7420 0.9756 0.9756 0.7420 0.9756 0.9756 0.9756 0.9756 0.9756 0.9756 0.9756 0.9756 0.9756 0.7420
263 313 301 270 0.9756 0.9756 0.7420 0.9756 0.9756 0.7420 0.9756 0.9756 0.9756 0.9756 0.9756 0.7420 0.7420 0.9756 0.9756 0.9756
313 301 270 104 0.7420 0.7420 0.9756 0.9756 0.7420 0.7420 0.9756 0.9756 0.7420 0.7420 0.7420 0.9756 0.9756 0.7420 0.7420 0.7420
301 270 104 085 0.9756 0.9756 0.7420 0.7420 0.9756 0.7420 0.9756 0.9756 0.9756 0.9756 0.7420 0.7420 0.9756 0.7420 0.9756 0.9756
270 104 085 320 0.9756 0.9756 0.9756 0.7420 0.9756 0.7420 0.7420 0.7420 0.9756 0.9756 0.7420 0.7420 0.7420 0.7420 0.7420 0.9756
104 085 320 062 0.9756 0.7420 0.9756 0.7420 0.7420 0.9756 0.7420 0.7420 0.7420 0.7420 0.9756 0.9756 0.9756 0.7420 0.7420 0.9756
085 320 062 101 0.9756 0.9756 0.7420 0.7420 0.9756 0.9756 0.9756 0.9756 0.9756 0.9756 0.7420 0.9756 0.9756 0.7420 0.9756 0.7420
320 062 101 065 0.7420 0.7420 0.7420 0.9756 0.9756 0.7420 0.9756 0.9756 0.7420 0.9756 0.7420 0.9756 0.7420 0.7420 0.7420 0.9756
062 101 065 222 0.7420 0.9756 0.9756 0.7420 0.9756 0.7420 0.9756 0.7420 0.7420 0.9756 0.7420 0.9756 0.7420 0.9756 0.7420 0.9756
101 065 222 095 0.9756 0.7420 0.7420 0.9756 0.7420 0.7420 0.7420 0.7420 0.7420 0.7420 0.7420 0.7420 0.7420 0.9756 0.9756 0.9756
065 222 095 282 0.7420 0.7420 0.7420 0.9756 0.9756 0.9756 0.9756 0.9756 0.7420 0.9756 0.9756 0.9756 0.9756 0.7420 0.9756 0.7420
222 095 282 066 0.7420 0.7420 0.7420 0.9756 0.7420 0.9756 0.7420 0.9756 0.9756 0.7420 0.7420 0.9756 0.9756 0.7420 0.9756 0.9756
095 282 066 227 0.7420 0.7420 0.7420 0.9756 0.7420 0.9756 0.9756 0.7420 0.7420 0.7420 0.7420 0.9756 0.9756 0.7420 0.7420 0.9756
282 066 227 253 0.7420 0.7420 0.7420 0.9756 0.7420 0.7420 0.7420 0.7420 0.7420 0.7420 0.9756 0.9756 0.9756 0.9756 0.9756 0.9756
066 227 253 247 0.7420 0.7420 0.7420 0.9756 0.9756 0.7420 0.7420 0.7420 0.9756 0.7420 0.9756 0.9756 0.9756 0.9756 0.7420 0.9756
227 253 247 191 0.7420 0.9756 0.9756 0.9756 0.7420 0.7420 0.7420 0.9756 0.7420 0.7420 0.9756 0.9756 0.7420 0.7420 0.7420 0.7420
253 247 191 030 0.7420 0.9756 0.9756 0.9756 0.7420 0.9756 0.9756 0.7420 0.7420 0.9756 0.7420 0.9756 0.7420 0.7420 0.9756 0.9756
247 191 030 024 0.9756 0.9756 0.9756 0.7420 0.7420 0.9756 0.9756 0.7420 0.7420 0.7420 0.9756 0.7420 0.7420 0.9756 0.7420 0.9756
191 030 024 035 0.9756 0.7420 0.9756 0.7420 0.7420 0.9756 0.9756 0.9756 0.9756 0.7420 0.7420 0.9756 0.9756 0.9756 0.7420 0.7420
030 024 035 187 0.7420 0.7420 0.7420 0.7420 0.9756 0.7420 0.9756 0.7420 0.9756 0.7420 0.7420 0.9756 0.9756 0.9756 0.9756 0.9756
024 035 187 298 0.7420 0.7420 0.9756 0.7420 0.7420 0.7420 0.7420 0.7420 0.7420 0.9756 0.7420 0.9756 0.7420 0.7420 0.9756 0.7420
035 187 298 097 0.9756 0.7420 0.9756 0.7420 0.9756 0.9756 0.7420 0.9756 0.9756 0.7420 0.7420 0.7420 0.7420 0.9756 0.7420 0.9756
187 298 097 102 0.7420 0.7420 0.7420 0.7420 0.7420 0.9756 0.7420 0.9756 0.9756 0.7420 0.7420 0.9756 0.9756 0.9756 0.9756 0.9756
298 097 102 303 0.9756 0.9756 0.7420 0.7420 0.9756 0.7420 0.9756 0.7420 0.9756 0.9756 0.7420 0.7420 0.9756 0.9756 0.7420 0.9756
097 102 303 255 0.7420 0.9756 0.9756 0.9756 0.9756 0.9756 0.7420 0.7420 0.7420 0.7420 0.9756 0.9756 0.9756 0.7420 0.9756 0.7420
102 303 255 131 0.9756 0.9756 0.7420 0.7420 0.7420 0.9756 0.7420 0.7420 0.9756 0.7420 0.7420 0.7420 0.9756 0.7420 0.9756 0.9756
303 255 131 093 0.7420 0.7420 0.9756 0.7420 0.7420 0.7420 0.9756 0.9756 0.7420 0.7420 0.7420 0.7420 0.7420 0.9756 0.7420 0.9756
255 131 093 114 0.7420 0.7420 0.7420 0.9756 0.9756 0.9756 0.9756 0.9756 0.7420 0.9756 0.7420 0.9756 0.7420 0.7420 0.7420 0.9756
131 093 114 229 0.9756 0.7420 0.9756 0.9756 0.9756 0.7420 0.9756 0.9756 0.9756 0.9756 0.9756 0.7420 0.7420 0.9756 0.9756 0.9756
093 114 229 167 0.9756 0.7420 0.9756 0.9756 0.7420 0.9756 0.9756 0.7420 0.9756 0.7420 0.7420 0.9756 0.9756 0.7420 0.7420 0.7420
114 229 167 252 0.7420 0.9756 0.7420 0.9756 0.9756 0.9756 0.9756 0.7420 0.7420 0.9756 0.9756 0.9756 0.9756 0.9756 0.9756 0.7420
229 167 252 111 0.7420 0.9756 0.7420 0.9756 0.7420 0.9756 0.7420 0.9756 0.7420 0.7420 0.7420 0.9756 0.9756 0.9756 0.7420 0.9756
167 252 111 049 0.7420 0.9756 0.7420 0.7420 0.7420 0.7420 0.7420 0.9756 0.9756 0.9756 0.7420 0.9756 0.7420 0.9756 0.9756 0.7420
252 111 049 296 0.7420 0.9756 0.9756 0.9756 0.9756 0.9756 0.7420 0.7420 0.7420 0.9756 0.9756 0.7420 0.7420 0.7420 0.7420 0.9756
111 049 296 023 0.9756 0.7420 0.9756 0.9756 0.7420 0.7420 0.9756 0.9756 0.7420 0.9756 0.9756 0.9756 0.7420 0.9756 0.7420 0.7420
049 296 023 206 0.7420 0.7420 0.9756 0.9756 0.7420 0.9756 0.7420 0.7420 0.9756 0.9756 0.7420 0.9756 0.7420 0.9756 0.9756 0.9756
296 023 206 293 0.9756 0.7420 0.9756 0.9756 0.7420 0.7420 0.7420 0.7420 0.9756 0.9756 0.7420 0.9756 0.7420 0.9756 0.7420 0.7420
023 206 293 135 0.7420 0.9756 0.9756 0.7420 0.9756 0.7420 0.7420 0.7420 0.9756 0.7420 0.7420 0.7420 0.7420 0.9756 0.7420 0.9756
206 293 135 338 0.9756 0.7420 0.7420 0.7420 0.7420 0.7420 0.9756 0.7420 0.9756 0.7420 0.7420 0.7420 0.7420 0.7420 0.9756 0.9756
293 135 338 294 0.9756 0.7420 0.9756 0.7420 0.7420 0.7420 0.7420 0.9756 0.9756 0.7420 0.9756 0.7420 0.9756 0.7420 0.9756 0.9756
135 338 294 287 0.7420 0.7420 0.9756 0.9756 0.9756 0.9756 0.9756 0.7420 0.7420 0.7420 0.7420 0.9756 0.7420 0.7420 0.7420 0.9756
338 294 287 100 0.9756 0.7420 0.9756 0.7420 0.9756 0.7420 0.9756 0.7420 0.9756 0.9756 0.9756 0.9756 0.7420 0.7420 0.9756 0.7420
294 287 100 291 0.9756 0.7420 0.9756 0.9756 0.7420 0.9756 0.7420 0.9756 0.9756 0.9756 0.7420 0.7420 0.7420 0.7420 0.7420 0.9756
287 100 291 017 0.7420 0.7420 0.7420 0.9756 0.7420 0.7420 0.7420 0.7420 0.7420 0.9756 0.9756 0.7420 0.7420 0.9756 0.9756 0.7420
100 291 017 016 0.9756 0.9756 0.7420 0.7420 0.7420 0.7420 0.9756 0.9756 0.9756 0.9756 0.7420 0.9756 0.7420 0.7420 0.7420 0.9756
291 017 016 115 0.9756 0.9756 0.9756 0.7420 0.7420 0.9756 0.7420 0.9756 0.9756 0.7420 0.7420 0.9756 0.7420 0.7420 0.7420 0.9756
017 016 115 279 0.9756 0.9756 0.7420 0.7420 0.7420 0.7420 0.9756 0.9756 0.9756 0.7420 0.9756 0.7420 0.9756 0.7420 0.9756 0.9756
016 115 279 193 0.7420 0.9756 0.9756 0.7420 0.9756 0.7420 0.7420 0.7420 0.9756 0.7420 0.7420 0.7420 0.7420 0.7420 0.7420 0.9756
115 279 193 116 0.7420 0.7420 0.9756 0.7420 0.9756 0.9756 0.9756 0.7420 0.9756 0.7420 0.7420 0.9756 0.9756 0.9756 0.7420 0.9756
279 193 116 289 0.7420 0.7420 0.9756 0.7420 0.7420 0.7420 0.7420 0.7420 0.7420 0.7420 0.7420 0.7420 0.9756 0.7420 0.7420 0.7420
193 116 289 152 0.9756 0.7420 0.7420 0.7420 0.7420 0.7420 0.9756 0.7420 0.9756 0.9756 0.9756 0.7420 0.9756 0.7420 0.9756 0.9756
116 289 152 216 0.9756 0.9756 0.7420 0.7420 0.7420 0.7420 0.7420 0.7420 0.9756 0.9756 0.7420 0.7420 0.7420 0.9756 0.9756 0.9756
289 152 216 155 0.7420 0.9756 0.9756 0.9756 0.9756 0.7420 0.7420 0.9756 0.7420 0.9756 0.9756 0.7420 0.7420 0.9756 0.7420 0.7420
152 216 155 127 0.7420 0.9756 0.9756 0.7420 0.7420 0.7420 0.7420 0.7420 0.7420 0.9756 0.9756 0.7420 0.7420 0.7420 0.7420 0.9756
216 155 127 139 0.9756 0.9756 0.9756 0.7420 0.9756 0.9756 0.7420 0.7420 0.7420 0.9756 0.7420 0.9756 0.7420 0.7420 0.7420 0.9756
155 127 139 258 0.9756 0.7420 0.9756 0.7420 0.7420 0.9756 0.7420 0.7420 0.7420 0.9756 0.7420 0.7420 0.9756 0.9756 0.7420 0.7420
127 139 258 161 0.9756 0.7420 0.7420 0.7420 0.7420 0.7420 0.7420 0.7420 0.9756 0.7420 0.9756 0.7420 0.7420 0.9756 0.9756 0.9756
139 258 161 015 0.7420 0.9756 0.9756 0.7420 0.9756 0.9756 0.9756 0.9756 0.7420 0.9756 0.7420 0.9756 0.7420 0.7420 0.9756 0.7420
258 161 015 153 0.7420 0.7420 0.7420 0.7420 0.7420 0.7420 0.7420 0.7420 0.7420 0.9756 0.7420 0.7420 0.9756 0.7420 0.7420 0.9756
161 015 153 244 0.9756 0.7420 0.9756 0.7420 0.7420 0.7420 0.7420 0.9756 0.9756 0.9756 0.7420 0.9756 0.9756 0.7420 0.7420 0.7420
015 153 244 208 0.7420 0.9756 0.7420 0.9756 0.7420 0.7420 0.7420 0.7420 0.9756 0.9756 0.9756 0.9756 0.9756 0.9756 0.7420 0.7420
153 244 208 039 0.7420 0.9756 0.9756 0.7420 0.7420 0.9756 0.7420 0.7420 0.7420 0.7420 0.7420 0.7420 0.7420 0.7420 0.7420 0.9756
244 208 039 061 0.9756 0.7420 0.7420 0.9756 0.9756 0.9756 0.9756 0.7420 0.9756 0.7420 0.9756 0.9756 0.9756 0.9756 0.9756 0.9756
208 039 061 319 0.9756 0.7420 0.9756 0.9756 0.7420 0.9756 0.9756 0.7420 0.7420 0.9756 0.7420 0.7420 0.9756 0.9756 0.7420 0.9756
039 061 319 123 0.9756 0.9756 0.9756 0.9756 0.9756 0.9756 0.9756 0.9756 0.7420 0.9756 0.7420 0.9756 0.7420 0.7420 0.9756 0.7420
061 319 123 019 0.9756 0.9756 0.9756 0.7420 0.9756 0.9756 0.9756 0.9756 0.9756 0.9756 0.9756 0.9756 0.7420 0.7420 0.7420 0.9756
319 123 019 329 0.9756 0.9756 0.9756 0.9756 0.9756 0.9756 0.7420 0.9756 0.7420 0.7420 0.9756 0.9756 0.7420 0.9756 0.7420 0.7420
123 019 329 197 0.7420 0.9756 0.9756 0.7420 0.9756 0.7420 0.9756 0.7420 0.7420 0.9756 0.7420 0.7420 0.9756 0.7420 0.7420 0.7420
019 329 197 181 0.9756 0.7420 0.7420 0.7420 0.9756 0.7420 0.7420 0.9756 0.9756 0.7420 0.9756 0.9756 0.9756 0.9756 0.7420 0.7420
329 197 181 040 0.9756 0.7420 0.9756 0.9756 0.9756 0.7420 0.9756 0.7420 0.9756 0.9756 0.9756 0.7420 0.7420 0.9756 0.7420 0.9756
197 181 040 278 0.9756 0.7420 0.9756 0.9756 0.7420 0.7420 0.9756 0.9756 0.9756 0.7420 0.9756 0.9756 0.7420 0.7420 0.7420 0.7420
181 040 278 262 0.9756 0.9756 0.9756 0.9756 0.7420 0.9756 0.7420 0.9756 0.7420 0.7420 0.9756 0.7420 0.7420 0.9756 0.7420 0.9756
040 278 262 264 0.7420 0.7420 0.9756 0.7420 0.9756 0.7420 0.9756 0.7420 0.7420 0.9756 0.7420 0.7420 0.9756 0.9756 0.9756 0.9756
278 262 264 310 0.7420 0.7420 0.9756 0.7420 0.7420 0.9756 0.9756 0.7420 0.9756 0.9756 0.7420 0.9756 0.7420 0.7420 0.7420 0.7420
262 264 310 195 0.9756 0.7420 0.9756 0.7420 0.9756 0.9756 0.7420 0.7420 0.7420 0.7420 0.7420 0.7420 0.9756 0.9756 0.9756 0.7420
264 310 195 058 0.7420 0.7420 0.9756 0.9756 0.7420 0.7420 0.9756 0.7420 0.9756 0.9756 0.9756 0.7420 0.7420 0.7420 0.9756 0.9756
310 195 058 078 0.7420 0.9756 0.9756 0.7420 0.9756 0.9756 0.7420 0.9756 0.7420 0.9756 0.9756 0.9756 0.7420 0.9756 0.7420 0.9756
195 058 078 021 0.9756 0.7420 0.9756 0.9756 0.9756 0.7420 0.7420 0.9756 0.9756 0.7420 0.9756 0.7420 0.9756 0.7420 0.7420 0.9756
058 078 021 269 0.7420 0.9756 0.9756 0.7420 0.7420 0.7420 0.9756 0.7420 0.7420 0.7420 0.9756 0.9756 0.9756 0.9756 0.7420 0.9756
078 021 269 063 0.7420 0.9756 0.9756 0.7420 0.7420 0.7420 0.7420 0.7420 0.7420 0.7420 0.9756 0.9756 0.7420 0.9756 0.7420 0.9756
021 269 063 001 0.7420 0.9756 0.9756 0.9756 0.9756 0.7420 0.9756 0.9756 0.7420 0.7420 0.7420 0.9756 0.7420 0.7420 0.9756 0.7420
269 063 001 323 0.9756 0.7420 0.7420 0.9756 0.7420 0.7420 0.9756 0.7420 0.9756 0.9756 0.7420 0.7420 0.7420 0.9756 0.9756 0.9756
063 001 323 286 0.9756 0.9756 0.7420 0.7420 0.7420 0.9756 0.9756 0.7420 0.7420 0.7420 0.7420 0.9756 0.9756 0.7420 0.7420 0.9756
001 323 286 138 0.9756 0.7420 0.7420 0.9756 0.7420 0.7420 0.7420 0.9756 0.7420 0.7420 0.7420 0.9756 0.9756 0.9756 0.7420 0.9756
323 286 138 128 0.9756 0.7420 0.9756 0.9756 0.9756 0.9756 0.7420 0.9756 0.9756 0.7420 0.7420 0.9756 0.9756 0.9756 0.7420 0.9756
286 138 128 185 0.9756 0.9756 0.7420 0.7420 0.7420 0.9756 0.9756 0.7420 0.7420 0.9756 0.7420 0.7420 0.7420 0.9756 0.9756 0.9756
138 128 185 020 0.9756 0.7420 0.9756 0.7420 0.9756 0.7420 0.7420 0.9756 0.7420 0.9756 0.7420 0.9756 0.9756 0.7420 0.7420 0.7420
128 185 020 165 0.7420 0.7420 0.9756 0.7420 0.9756 0.7420 0.7420 0.7420 0.7420 0.9756 0.7420 0.9756 0.9756 0.9756 0.9756 0.9756
185 020 165 276 0.9756 0.9756 0.7420 0.9756 0.7420 0.7420 0.7420 0.9756 0.9756 0.7420 0.7420 0.7420 0.7420 0.9756 0.7420 0.7420
020 165 276 071 0.9756 0.7420 0.9756 0.7420 0.9756 0.9756 0.7420 0.7420 0.7420 0.7420 0.9756 0.7420 0.9756 0.9756 0.7420 0.9756
165 276 071 283 0.7420 0.7420 0.7420 0.7420 0.9756 0.9756 0.9756 0.7420 0.7420 0.9756 0.7420 0.9756 0.9756 0.7420 0.7420 0.7420
276 071 283 224 0.7420 0.9756 0.9756 0.9756 0.7420 0.7420 0.9756 0.9756 0.7420 0.7420 0.7420 0.7420 0.9756 0.7420 0.9756 0.9756
071 283 224 182 0.7420 0.9756 0.7420 0.9756 0.7420 0.7420 0.9756 0.9756 0.9756 0.7420 0.9756 0.9756 0.9756 0.9756 0.7420 0.7420
283 224 182 107 0.7420 0.9756 0.9756 0.7420 0.9756 0.7420 0.7420 0.7420 0.7420 0.9756 0.7420 0.7420 0.9756 0.9756 0.9756 0.7420
224 182 107 163 0.9756 0.9756 0.7420 0.7420 0.9756 0.9756 0.9756 0.7420 0.7420 0.9756 0.7420 0.9756 0.7420 0.9756 0.7420 0.9756
182 107 163 122 0.9756 0.9756 0.7420 0.9756 0.7420 0.7420 0.9756 0.9756 0.7420 0.7420 0.9756 0.9756 0.7420 0.9756 0.7420 0.7420
107 163 122 029 0.7420 0.9756 0.7420 0.7420 0.7420 0.9756 0.7420 0.7420 0.9756 0.9756 0.7420 0.9756 0.7420 0.9756 0.7420 0.9756
163 122 029 330 0.9756 0.7420 0.7420 0.9756 0.7420 0.9756 0.7420 0.7420 0.7420 0.9756 0.9756 0.7420 0.9756 0.9756 0.7420 0.7420
122 029 330 354 0.9756 0.9756 0.7420 0.7420 0.7420 0.9756 0.9756 0.7420 0.7420 0.7420 0.9756 0.7420 0.9756 0.7420 0.7420 0.7420
029 330 354 271 0.9756 0.9756 0.7420 0.7420 0.7420 0.7420 0.9756 0.7420 0.9756 0.9756 0.9756 0.9756 0.7420 0.7420 0.7420 0.9756
330 354 271 204 0.9756 0.9756 0.9756 0.7420 0.7420 0.7420 0.9756 0.9756 0.7420 0.7420 0.9756 0.9756 0.9756 0.7420 0.9756 0.9756
354 271 204 169 0.7420 0.7420 0.7420 0.9756 0.7420 0.9756 0.9756 0.9756 0.9756 0.7420 0.9756 0.7420 0.9756 0.7420 0.7420 0.9756
271 204 169 226 0.9756 0.7420 0.7420 0.7420 0.7420 0.7420 0.9756 0.9756 0.7420 0.7420 0.9756 0.9756 0.9756 0.9756 0.9756 0.7420
204 169 226 237 0.9756 0.9756 0.9756 0.9756 0.7420 0.7420 0.9756 0.7420 0.9756 0.7420 0.9756 0.7420 0.9756 0.9756 0.7420 0.9756
169 226 237 265 0.7420 0.7420 0.9756 0.9756 0.7420 0.7420 0.9756 0.7420 0.9756 0.9756 0.7420 0.9756 0.9756 0.9756 0.7420 0.9756
226 237 265 297 0.9756 0.7420 0.9756 0.9756 0.9756 0.9756 0.9756 0.9756 0.9756 0.9756 0.7420 0.9756 0.7420 0.9756 0.7420 0.7420
237 265 297 220 0.9756 0.7420 0.9756 0.7420 0.9756 0.7420 0.9756 0.9756 0.9756 0.9756 0.9756 0.9756 0.7420 0.9756 0.7420 0.9756
265 297 220 176 0.7420 0.7420 0.7420 0.9756 0.9756 0.9756 0.9756 0.9756 0.9756 0.7420 0.9756 0.9756 0.7420 0.9756 0.9756 0.9756
297 220 176 175 0.7420 0.7420 0.7420 0.7420 0.7420 0.9756 0.9756 0.7420 0.9756 0.9756 0.9756 0.9756 0.7420 0.9756 0.9756 0.7420
220 176 175 126 0.7420 0.7420 0.7420 0.7420 0.7420 0.7420 0.7420 0.9756 0.7420 0.9756 0.7420 0.7420 0.7420 0.7420 0.9756 0.7420
176 175 126 067 0.9756 0.7420 0.7420 0.9756 0.7420 0.7420 0.9756 0.9756 0.7420 0.9756 0.7420 0.9756 0.7420 0.7420 0.7420 0.9756
175 126 067 284 0.7420 0.7420 0.9756 0.9756 0.9756 0.9756 0.9756 0.9756 0.7420 0.9756 0.9756 0.7420 0.7420 0.7420 0.9756 0.7420
126 067 284 055 0.9756 0.9756 0.9756 0.9756 0.7420 0.7420 0.9756 0.7420 0.9756 0.7420 0.9756 0.7420 0.7420 0.7420 0.7420 0.9756
067 284 055 147 0.9756 0.7420 0.9756 0.9756 0.9756 0.7420 0.9756 0.9756 0.7420 0.7420 0.7420 0.9756 0.7420 0.7420 0.7420 0.7420
284 055 147 235 0.7420 0.7420 0.9756 0.7420 0.9756 0.9756 0.7420 0.7420 0.7420 0.7420 0.7420 0.9756 0.7420 0.7420 0.9756 0.9756
055 147 235 121 0.9756 0.9756 0.9756 0.9756 0.7420 0.7420 0.9756 0.7420 0.7420 0.7420 0.7420 0.9756 0.9756 0.9756 0.7420 0.7420
147 235 121 274 0.7420 0.7420 0.9756 0.7420 0.9756 0.7420 0.9756 0.9756 0.7420 0.9756 0.9756 0.7420 0.7420 0.9756 0.9756 0.9756
235 121 274 150 0.9756 0.9756 0.7420 0.7420 0.7420 0.7420 0.7420 0.9756 0.7420 0.7420 0.9756 0.9756 0.9756 0.9756 0.9756 0.9756
121 274 150 184 0.9756 0.9756 0.9756 0.9756 0.7420 0.9756 0.9756 0.7420 0.9756 0.9756 0.9756 0.9756 0.7420 0.7420 0.7420 0.9756
274 150 184 210 0.9756 0.9756 0.7420 0.7420 0.9756 0.9756 0.7420 0.9756 0.7420 0.9756 0.9756 0.9756 0.7420 0.7420 0.9756 0.9756
150 184 210 295 0.7420 0.7420 0.9756 0.9756 0.7420 0.9756 0.9756 0.7420 0.9756 0.7420 0.7420 0.9756 0.9756 0.7420 0.9756 0.7420
184 210 295 164 0.9756 0.7420 0.9756 0.7420 0.7420 0.9756 0.9756 0.7420 0.9756 0.7420 0.9756 0.9756 0.9756 0.7420 0.7420 0.7420
210 295 164 285 0.7420 0.9756 0.7420 0.7420 0.9756 0.9756 0.9756 0.7420 0.7420 0.7420 0.9756 0.7420 0.9756 0.7420 0.9756 0.7420
295 164 285 254 0.9756 0.9756 0.9756 0.7420 0.9756 0.9756 0.7420 0.7420 0.7420 0.7420 0.7420 0.7420 0.9756 0.7420 0.9756 0.9756
164 285 254 215 0.9756 0.7420 0.9756 0.9756 0.9756 0.7420 0.9756 0.7420 0.9756 0.7420 0.7420 0.9756 0.9756 0.9756 0.9756 0.9756
285 254 215 238 0.9756 0.7420 0.7420 0.7420 0.9756 0.9756 0.9756 0.9756 0.9756 0.9756 0.9756 0.7420 0.9756 0.7420 0.7420 0.7420
254 215 238 203 0.7420 0.9756 0.7420 0.7420 0.9756 0.7420 0.9756 0.9756 0.7420 0.9756 0.7420 0.9756 0.7420 0.7420 0.9756 0.7420
215 238 203 006 0.9756 0.9756 0.9756 0.9756 0.9756 0.9756 0.9756 0.9756 0.9756 0.7420 0.7420 0.7420 0.7420 0.9756 0.7420 0.9756
238 203 006 351 0.9756 0.9756 0.7420 0.7420 0.9756 0.9756 0.7420 0.7420 0.7420 0.9756 0.9756 0.9756 0.7420 0.7420 0.7420 0.9756
203 006 351 273 0.7420 0.9756 0.9756 0.7420 0.9756 0.9756 0.7420 0.7420 0.9756 0.9756 0.7420 0.9756 0.7420 0.7420 0.7420 0.9756
006 351 273 266 0.7420 0.9756 0.7420 0.7420 0.7420 0.9756 0.7420 0.9756 0.9756 0.9756 0.9756 0.7420 0.9756 0.9756 0.9756 0.9756
351 273 266 099 0.9756 0.9756 0.9756 0.9756 0.7420 0.7420 0.9756 0.7420 0.9756 0.9756 0.7420 0.7420 0.9756 0.7420 0.9756 0.7420
273 266 099 249 0.9756 0.9756 0.7420 0.9756 0.7420 0.9756 0.9756 0.7420 0.7420 0.9756 0.9756 0.7420 0.9756 0.7420 0.7420 0.7420
266 099 249 317 0.9756 0.7420 0.9756 0.9756 0.9756 0.9756 0.7420 0.9756 0.7420 0.7420 0.7420 0.7420 0.7420 0.9756 0.7420 0.7420
099 249 317 118 0.7420 0.9756 0.7420 0.9756 0.9756 0.7420 0.9756 0.7420 0.9756 0.9756 0.9756 0.9756 0.7420 0.9756 0.9756 0.7420
249 317 118 321 0.7420 0.7420 0.9756 0.9756 0.9756 0.7420 0.9756 0.9756 0.7420 0.7420 0.9756 0.9756 0.9756 0.7420 0.7420 0.9756
317 118 321 036 0.7420 0.7420 0.9756 0.7420 0.7420 0.7420 0.7420 0.7420 0.9756 0.9756 0.7420 0.9756 0.9756 0.9756 0.9756 0.9756
118 321 036 098 0.9756 0.7420 0.7420 0.9756 0.9756 0.7420 0.7420 0.9756 0.9756 0.9756 0.9756 0.9756 0.9756 0.7420 0.7420 0.9756
321 036 098 213 0.9756 0.9756 0.7420 0.9756 0.9756 0.7420 0.7420 0.9756 0.9756 0.7420 0.7420 0.7420 0.9756 0.9756 0.9756 0.7420
036 098 213 308 0.9756 0.7420 0.9756 0.7420 0.7420 0.7420 0.7420 0.7420 0.7420 0.7420 0.9756 0.7420 0.7420 0.9756 0.7420 0.9756
098 213 308 178 0.7420 0.7420 0.7420 0.7420 0.9756 0.9756 0.9756 0.9756 0.9756 0.9756 0.7420 0.7420 0.7420 0.9756 0.7420 0.9756
213 308 178 198 0.7420 0.7420 0.9756 0.9756 0.9756 0.9756 0.7420 0.9756 0.9756 0.7420 0.7420 0.9756 0.9756 0.7420 0.7420 0.9756
308 178 198 034 0.7420 0.7420 0.9756 0.9756 0.7420 0.7420 0.7420 0.9756 0.9756 0.9756 0.9756 0.7420 0.9756 0.7420 0.9756 0.9756
178 198 034 231 0.7420 0.7420 0.9756 0.7420 0.7420 0.9756 0.9756 0.9756 0.9756 0.7420 0.7420 0.7420 0.7420 0.7420 0.7420 0.7420
198 034 231 211 0.7420 0.9756 0.9756 0.7420 0.9756 0.9756 0.9756 0.7420 0.9756 0.7420 0.9756 0.7420 0.9756 0.7420 0.9756 0.9756
034 231 211 079 0.9756 0.7420 0.7420 0.7420 0.7420 0.9756 0.9756 0.9756 0.9756 0.7420 0.7420 0.7420 0.7420 0.9756 0.7420 0.7420
231 211 079 217 0.9756 0.7420 0.9756 0.9756 0.9756 0.9756 0.7420 0.7420 0.9756 0.7420 0.9756 0.7420 0.9756 0.7420 0.7420 0.9756
211 079 217 353 0.7420 0.9756 0.9756 0.7420 0.9756 0.7420 0.7420 0.7420 0.9756 0.9756 0.9756 0.9756 0.9756 0.7420 0.7420 0.7420
079 217 353 124 0.7420 0.7420 0.7420 0.7420 0.7420 0.7420 0.9756 0.7420 0.9756 0.7420 0.7420 0.9756 0.7420 0.7420 0.9756 0.9756
217 353 124 275 0.9756 0.7420 0.7420 0.7420 0.9756 0.7420 0.9756 0.9756 0.7420 0.7420 0.9756 0.9756 0.9756 0.7420 0.7420 0.7420
353 124 275 246 0.9756 0.9756 0.7420 0.9756 0.7420 0.7420 0.9756 0.7420 0.7420 0.9756 0.7420 0.9756 0.9756 0.9756 0.9756 0.9756
124 275 246 190 0.7420 0.7420 0.7420 0.7420 0.7420 0.9756 0.9756 0.7420 0.9756 0.9756 0.7420 0.9756 0.7420 0.7420 0.7420 0.9756
275 246 190 166 0.7420 0.9756 0.7420 0.9756 0.7420 0.9756 0.7420 0.7420 0.7420 0.9756 0.7420 0.7420 0.7420 0.9756 0.9756 0.9756
246 190 166 094 0.9756 0.9756 0.9756 0.9756 0.7420 0.7420 0.7420 0.9756 0.7420 0.7420 0.9756 0.7420 0.9756 0.7420 0.7420 0.9756
190 166 094 230 0.7420 0.9756 0.7420 0.9756 0.7420 0.9756 0.9756 0.7420 0.9756 0.7420 0.7420 0.9756 0.7420 0.9756 0.7420 0.9756
166 094 230 038 0.7420 0.9756 0.9756 0.7420 0.9756 0.9756 0.9756 0.9756 0.7420 0.7420 0.7420 0.7420 0.7420 0.7420 0.9756 0.9756
094 230 038 134 0.9756 0.9756 0.7420 0.7420 0.9756 0.7420 0.7420 0.7420 0.9756 0.9756 0.7420 0.7420 0.9756 0.9756 0.9756 0.9756
230 038 134 342 0.9756 0.9756 0.7420 0.7420 0.9756 0.7420 0.9756 0.7420 0.7420 0.9756 0.7420 0.9756 0.7420 0.7420 0.7420 0.7420
038 134 342 028 0.9756 0.9756 0.7420 0.9756 0.9756 0.7420 0.9756 0.9756 0.7420 0.7420 0.9756 0.7420 0.9756 0.7420 0.9756 0.7420
134 342 028 336 0.9756 0.7420 0.7420 0.9756 0.9756 0.9756 0.9756 0.9756 0.7420 0.9756 0.7420 0.7420 0.7420 0.7420 0.7420 0.7420
342 028 336 047 0.9756 0.9756 0.9756 0.9756 0.9756 0.9756 0.7420 0.7420 0.7420 0.9756 0.7420 0.7420 0.9756 0.7420 0.9756 0.9756
028 336 047 045 0.7420 0.7420 0.9756 0.9756 0.7420 0.7420 0.9756 0.9756 0.9756 0.7420 0.7420 0.9756 0.7420 0.7420 0.7420 0.9756
336 047 045 052 0.7420 0.7420 0.7420 0.9756 0.9756 0.9756 0.9756 0.7420 0.7420 0.9756 0.7420 0.9756 0.7420 0.9756 0.9756 0.9756
047 045 052 268 0.9756 0.7420 0.7420 0.7420 0.9756 0.9756 0.7420 0.7420 0.9756 0.9756 0.7420 0.9756 0.7420 0.9756 0.7420 0.7420
045 052 268 348 0.7420 0.9756 0.7420 0.9756 0.9756 0.7420 0.7420 0.9756 0.9756 0.7420 0.9756 0.9756 0.9756 0.9756 0.7420 0.9756
052 268 348 162 0.7420 0.9756 0.7420 0.9756 0.7420 0.9756 0.9756 0.9756 0.9756 0.9756 0.7420 0.9756 0.7420 0.9756 0.9756 0.7420
268 348 162 148 0.9756 0.7420 0.7420 0.9756 0.9756 0.7420 0.9756 0.7420 0.7420 0.9756 0.7420 0.7420 0.9756 0.7420 0.7420 0.9756
348 162 148 300 0.7420 0.7420 0.7420 0.7420 0.7420 0.9756 0.7420 0.9756 0.9756 0.7420 0.9756 0.7420 0.7420 0.9756 0.7420 0.7420
162 148 300 202 0.7420 0.9756 0.7420 0.9756 0.9756 0.9756 0.9756 0.7420 0.9756 0.7420 0.7420 0.9756 0.7420 0.9756 0.7420 0.7420
148 300 202 113 0.9756 0.7420 0.9756 0.9756 0.7420 0.7420 0.9756 0.7420 0.7420 0.9756 0.9756 0.9756 0.9756 0.7420 0.9756 0.7420
300 202 113 143 0.9756 0.7420 0.9756 0.7420 0.7420 0.9756 0.9756 0.7420 0.9756 0.9756 0.9756 0.9756 0.9756 0.7420 0.7420 0.7420
202 113 143 089 0.9756 0.7420 0.7420 0.9756 0.7420 0.9756 0.9756 0.9756 0.7420 0.9756 0.9756 0.9756 0.7420 0.9756 0.9756 0.7420
113 143 089 083 0.7420 0.9756 0.7420 0.9756 0.9756 0.7420 0.7420 0.9756 0.7420 0.9756 0.9756 0.9756 0.7420 0.9756 0.7420 0.9756
143 089 083 192 0.9756 0.9756 0.9756 0.7420 0.7420 0.7420 0.7420 0.7420 0.9756 0.9756 0.7420 0.7420 0.7420 0.7420 0.7420 0.9756
089 083 192 041 0.9756 0.9756 0.7420 0.7420 0.7420 0.7420 0.9756 0.7420 0.7420 0.7420 0.9756 0.7420 0.7420 0.7420 0.9756 0.7420
083 192 041 290 0.7420 0.9756 0.7420 0.7420 0.7420 0.9756 0.7420 0.7420 0.7420 0.7420 0.9756 0.7420 0.9756 0.9756 0.9756 0.9756
192 041 290 088 0.7420 0.7420 0.9756 0.7420 0.7420 0.9756 0.7420 0.9756 0.9756 0.9756 0.9756 0.9756 0.7420 0.9756 0.7420 0.7420
041 290 088 091 0.7420 0.7420 0.9756 0.7420 0.9756 0.9756 0.9756 0.9756 0.7420 0.9756 0.7420 0.9756 0.9756 0.9756 0.9756 0.7420
290 088 091 109 0.7420 0.7420 0.9756 0.9756 0.9756 0.7420 0.7420 0.9756 0.7420 0.7420 0.9756 0.7420 0.9756 0.9756 0.9756 0.9756
088 091 109 044 0.7420 0.7420 0.7420 0.7420 0.7420 0.7420 0.9756 0.9756 0.9756 0.9756 0.9756 0.9756 0.9756 0.7420 0.9756 0.9756
091 109 044 332 0.7420 0.9756 0.9756 0.7420 0.9756 0.7420 0.7420 0.9756 0.9756 0.9756 0.7420 0.7420 0.7420 0.7420 0.9756 0.7420
109 044 332 059 0.9756 0.9756 0.7420 0.9756 0.7420 0.7420 0.9756 0.7420 0.7420 0.9756 0.7420 0.7420 0.7420 0.7420 0.7420 0.9756
044 332 059 154 0.9756 0.9756 0.9756 0.9756 0.7420 0.7420 0.7420 0.9756 0.7420 0.9756 0.9756 0.7420 0.9756 0.7420 0.9756 0.7420
332 059 154 212 0.9756 0.9756 0.9756 0.9756 0.7420 0.9756 0.7420 0.7420 0.9756 0.7420 0.7420 0.7420 0.9756 0.9756 0.9756 0.9756
059 154 212 225 0.9756 0.9756 0.9756 0.9756 0.9756 0.7420 0.7420 0.9756 0.9756 0.7420 0.9756 0.7420 0.7420 0.7420 0.9756 0.9756
154 212 225 309 0.7420 0.7420 0.9756 0.9756 0.9756 0.7420 0.9756 0.9756 0.7420 0.7420 0.9756 0.9756 0.7420 0.7420 0.9756 0.7420
212 225 309 200 0.9756 0.7420 0.9756 0.9756 0.7420 0.7420 0.9756 0.9756 0.7420 0.9756 0.7420 0.7420 0.7420 0.7420 0.7420 0.9756
225 309 200 259 0.7420 0.9756 0.9756 0.9756 0.9756 0.9756 0.7420 0.9756 0.7420 0.9756 0.7420 0.7420 0.7420 0.9756 0.7420 0.7420
309 200 259 086 0.9756 0.7420 0.9756 0.9756 0.9756 0.9756 0.9756 0.9756 0.9756 0.9756 0.9756 0.7420 0.7420 0.7420 0.7420 0.9756
200 259 086 219 0.9756 0.9756 0.9756 0.7420 0.7420 0.9756 0.7420 0.7420 0.9756 0.7420 0.7420 0.9756 0.9756 0.9756 0.7420 0.7420
259 086 219 026 0.7420 0.9756 0.7420 0.7420 0.9756 0.7420 0.9756 0.9756 0.7420 0.7420 0.9756 0.9756 0.7420 0.7420 0.9756 0.7420
086 219 026 305 0.7420 0.9756 0.9756 0.7420 0.9756 0.7420 0.7420 0.9756 0.7420 0.7420 0.7420 0.9756 0.9756 0.7420 0.9756 0.9756
219 026 305 179 0.7420 0.7420 0.9756 0.7420 0.7420 0.7420 0.9756 0.7420 0.9756 0.9756 0.7420 0.7420 0.7420 0.7420 0.7420 0.9756
026 305 179 325 0.7420 0.9756 0.7420 0.9756 0.7420 0.9756 0.9756 0.7420 0.7420 0.7420 0.7420 0.7420 0.7420 0.9756 0.9756 0.7420
305 179 325 056 0.9756 0.7420 0.7420 0.9756 0.7420 0.7420 0.7420 0.9756 0.9756 0.9756 0.7420 0.7420 0.9756 0.7420 0.9756 0.7420
179 325 056 172 0.7420 0.9756 0.9756 0.7420 0.7420 0.7420 0.7420 0.7420 0.7420 0.7420 0.9756 0.7420 0.7420 0.9756 0.7420 0.7420
325 056 172 002 0.7420 0.7420 0.9756 0.7420 0.7420 0.9756 0.9756 0.9756 0.9756 0.9756 0.9756 0.7420 0.9756 0.9756 0.7420 0.7420
056 172 002 130 0.7420 0.7420 0.9756 0.9756 0.7420 0.7420 0.9756 0.7420 0.7420 0.9756 0.7420 0.9756 0.9756 0.7420 0.9756 0.9756
172 002 130 328 0.9756 0.9756 0.7420 0.9756 0.9756 0.7420 0.7420 0.9756 0.7420 0.9756 0.9756 0.9756 0.9756 0.7420 0.7420 0.9756
002 130 328 267 0.9756 0.9756 0.7420 0.7420 0.7420 0.9756 0.9756 0.7420 0.9756 0.7420 0.9756 0.7420 0.7420 0.7420 0.7420 0.7420
130 328 267 105 0.7420 0.7420 0.9756 0.9756 0.7420 0.7420 0.9756 0.9756 0.7420 0.9756 0.9756 0.7420 0.9756 0.7420 0.7420 0.9756
328 267 105 142 0.9756 0.9756 0.9756 0.7420 0.7420 0.7420 0.7420 0.9756 0.9756 0.7420 0.7420 0.7420 0.7420 0.7420 0.9756 0.9756
267 105 142 084 0.7420 0.7420 0.9756 0.7420 0.9756 0.9756 0.9756 0.9756 0.9756 0.7420 0.7420 0.9756 0.9756 0.9756 0.7420 0.9756
105 142 084 280 0.9756 0.7420 0.9756 0.9756 0.9756 0.9756 0.9756 0.7420 0.9756 0.7420 0.7420 0.7420 0.9756 0.7420 0.7420 0.7420
142 084 280 292 0.7420 0.9756 0.9756 0.7420 0.9756 0.9756 0.7420 0.7420 0.7420 0.7420 0.9756 0.9756 0.7420 0.7420 0.7420 0.9756
084 280 292 350 0.7420 0.9756 0.7420 0.7420 0.7420 0.7420 0.7420 0.9756 0.7420 0.7420 0.9756 0.9756 0.9756 0.7420 0.9756 0.7420
280 292 350 349 0.7420 0.9756 0.9756 0.7420 0.9756 0.9756 0.7420 0.9756 0.9756 0.9756 0.9756 0.7420 0.7420 0.9756 0.9756 0.7420
292 350 349 092 0.9756 0.9756 0.9756 0.9756 0.9756 0.7420 0.7420 0.9756 0.7420 0.7420 0.7420 0.7420 0.9756 0.7420 0.7420 0.9756
350 349 092 033 0.9756 0.7420 0.9756 0.7420 0.7420 0.7420 0.7420 0.7420 0.7420 0.7420 0.9756 0.9756 0.9756 0.7420 0.7420 0.7420
349 092 033 072 0.7420 0.7420 0.7420 0.7420 0.9756 0.9756 0.9756 0.7420 0.7420 0.7420 0.7420 0.7420 0.7420 0.9756 0.7420 0.7420
092 033 072 299 0.7420 0.9756 0.7420 0.9756 0.9756 0.7420 0.7420 0.9756 0.7420 0.7420 0.9756 0.9756 0.7420 0.7420 0.9756 0.7420
