356 031684 3
109 084 034 095 0.8479 0.8479 0.4297 0.4297 0.4297 0.8479 0.8479 0.4297 0.4297 0.4297 0.4297 0.4297 0.8479 0.4297 0.4297 0.8479
084 034 095 196 0.4297 0.8479 0.4297 0.8479 0.4297 0.8479 0.8479 0.8479 0.8479 0.4297 0.4297 0.4297 0.8479 0.4297 0.4297 0.8479
034 095 196 329 0.8479 0.8479 0.4297 0.8479 0.8479 0.8479 0.8479 0.4297 0.4297 0.8479 0.4297 0.8479 0.8479 0.4297 0.8479 0.8479
095 196 329 349 0.8479 0.4297 0.8479 0.4297 0.4297 0.4297 0.8479 0.8479 0.4297 0.8479 0.4297 0.8479 0.4297 0.8479 0.4297 0.4297
196 329 349 146 0.8479 0.8479 0.4297 0.4297 0.4297 0.8479 0.8479 0.4297 0.8479 0.8479 0.4297 0.8479 0.8479 0.8479 0.8479 0.8479
329 349 146 278 0.8479 0.8479 0.4297 0.4297 0.8479 0.4297 0.8479 0.4297 0.8479 0.8479 0.4297 0.8479 0.4297 0.8479 0.8479 0.4297
349 146 278 061 0.8479 0.4297 0.4297 0.4297 0.8479 0.4297 0.8479 0.8479 0.4297 0.4297 0.4297 0.8479 0.4297 0.8479 0.8479 0.8479
146 278 061 255 0.8479 0.4297 0.4297 0.4297 0.8479 0.4297 0.8479 0.4297 0.8479 0.8479 0.4297 0.8479 0.4297 0.4297 0.4297 0.4297
278 061 255 055 0.8479 0.4297 0.4297 0.8479 0.8479 0.8479 0.4297 0.8479 0.8479 0.4297 0.4297 0.4297 0.4297 0.8479 0.8479 0.4297
061 255 055 195 0.8479 0.8479 0.8479 0.8479 0.4297 0.4297 0.4297 0.4297 0.8479 0.8479 0.8479 0.8479 0.4297 0.4297 0.8479 0.8479
255 055 195 338 0.8479 0.8479 0.8479 0.4297 0.8479 0.8479 0.4297 0.8479 0.8479 0.8479 0.8479 0.8479 0.4297 0.4297 0.4297 0.4297
055 195 338 080 0.4297 0.8479 0.8479 0.8479 0.4297 0.8479 0.4297 0.8479 0.8479 0.4297 0.4297 0.8479 0.8479 0.8479 0.8479 0.8479
195 338 080 020 0.4297 0.4297 0.8479 0.8479 0.4297 0.8479 0.4297 0.8479 0.4297 0.4297 0.4297 0.4297 0.4297 0.4297 0.4297 0.4297
338 080 020 026 0.4297 0.8479 0.4297 0.8479 0.8479 0.8479 0.4297 0.8479 0.4297 0.4297 0.4297 0.4297 0.8479 0.8479 0.4297 0.8479
080 020 026 226 0.4297 0.4297 0.4297 0.8479 0.4297 0.4297 0.4297 0.8479 0.4297 0.4297 0.8479 0.4297 0.4297 0.4297 0.4297 0.4297
020 026 226 335 0.4297 0.8479 0.8479 0.8479 0.8479 0.4297 0.8479 0.4297 0.8479 0.4297 0.4297 0.8479 0.8479 0.8479 0.4297 0.4297
026 226 335 031 0.8479 0.4297 0.4297 0.8479 0.4297 0.8479 0.8479 0.4297 0.8479 0.8479 0.4297 0.8479 0.4297 0.4297 0.4297 0.4297
226 335 031 093 0.8479 0.8479 0.4297 0.8479 0.4297 0.4297 0.4297 0.4297 0.8479 0.4297 0.8479 0.4297 0.4297 0.4297 0.8479 0.8479
335 031 093 019 0.8479 0.4297 0.8479 0.8479 0.8479 0.4297 0.8479 0.4297 0.4297 0.8479 0.4297 0.4297 0.8479 0.4297 0.4297 0.4297
031 093 019 170 0.8479 0.8479 0.8479 0.8479 0.4297 0.4297 0.4297 0.8479 0.4297 0.4297 0.8479 0.8479 0.4297 0.8479 0.4297 0.4297
093 019 170 236 0.4297 0.8479 0.4297 0.4297 0.8479 0.8479 0.8479 0.8479 0.8479 0.4297 0.4297 0.8479 0.4297 0.8479 0.4297 0.8479
019 170 236 204 0.8479 0.8479 0.4297 0.4297 0.4297 0.8479 0.4297 0.8479 0.8479 0.4297 0.8479 0.8479 0.8479 0.4297 0.8479 0.8479
170 236 204 153 0.8479 0.4297 0.4297 0.4297 0.8479 0.4297 0.8479 0.8479 0.4297 0.4297 0.4297 0.8479 0.8479 0.4297 0.4297 0.8479
236 204 153 138 0.4297 0.4297 0.8479 0.8479 0.4297 0.8479 0.8479 0.4297 0.8479 0.4297 0.8479 0.8479 0.4297 0.8479 0.8479 0.4297
204 153 138 002 0.8479 0.4297 0.4297 0.4297 0.4297 0.4297 0.8479 0.8479 0.4297 0.4297 0.8479 0.8479 0.8479 0.8479 0.4297 0.4297
153 138 002 345 0.4297 0.8479 0.8479 0.8479 0.4297 0.8479 0.8479 0.8479 0.4297 0.4297 0.4297 0.4297 0.4297 0.4297 0.8479 0.4297
138 002 345 211 0.4297 0.4297 0.8479 0.8479 0.8479 0.8479 0.8479 0.8479 0.8479 0.8479 0.4297 0.4297 0.8479 0.8479 0.4297 0.8479
002 345 211 265 0.4297 0.8479 0.8479 0.8479 0.4297 0.4297 0.4297 0.8479 0.4297 0.8479 0.4297 0.8479 0.8479 0.8479 0.8479 0.4297
345 211 265 206 0.8479 0.4297 0.4297 0.8479 0.4297 0.8479 0.4297 0.4297 0.4297 0.8479 0.4297 0.4297 0.8479 0.8479 0.8479 0.8479
211 265 206 290 0.4297 0.8479 0.4297 0.8479 0.8479 0.8479 0.8479 0.4297 0.4297 0.8479 0.8479 0.8479 0.8479 0.4297 0.4297 0.4297
265 206 290 059 0.4297 0.4297 0.4297 0.8479 0.4297 0.4297 0.8479 0.8479 0.8479 0.4297 0.8479 0.4297 0.8479 0.4297 0.8479 0.4297
206 290 059 218 0.8479 0.4297 0.8479 0.8479 0.4297 0.8479 0.8479 0.4297 0.4297 0.8479 0.4297 0.4297 0.4297 0.8479 0.4297 0.4297
290 059 218 214 0.8479 0.8479 0.4297 0.4297 0.4297 0.4297 0.4297 0.8479 0.4297 0.4297 0.8479 0.4297 0.4297 0.4297 0.4297 0.4297
059 218 214 203 0.4297 0.8479 0.4297 0.4297 0.8479 0.8479 0.8479 0.8479 0.4297 0.8479 0.4297 0.4297 0.8479 0.8479 0.8479 0.8479
218 214 203 292 0.8479 0.4297 0.4297 0.8479 0.4297 0.8479 0.8479 0.4297 0.4297 0.4297 0.8479 0.4297 0.4297 0.4297 0.4297 0.4297
214 203 292 275 0.8479 0.8479 0.8479 0.8479 0.4297 0.8479 0.4297 0.8479 0.4297 0.8479 0.8479 0.8479 0.8479 0.4297 0.8479 0.4297
203 292 275 243 0.4297 0.4297 0.4297 0.8479 0.8479 0.4297 0.8479 0.4297 0.4297 0.8479 0.4297 0.4297 0.8479 0.4297 0.4297 0.4297
292 275 243 343 0.4297 0.8479 0.4297 0.4297 0.8479 0.8479 0.8479 0.4297 0.4297 0.4297 0.8479 0.8479 0.4297 0.4297 0.8479 0.4297
275 243 343 332 0.8479 0.4297 0.8479 0.4297 0.8479 0.4297 0.4297 0.4297 0.4297 0.4297 0.8479 0.4297 0.4297 0.4297 0.8479 0.4297
243 343 332 247 0.8479 0.8479 0.4297 0.4297 0.8479 0.8479 0.4297 0.8479 0.8479 0.4297 0.8479 0.8479 0.8479 0.4297 0.4297 0.4297
343 332 247 271 0.4297 0.8479 0.8479 0.8479 0.4297 0.8479 0.4297 0.4297 0.8479 0.4297 0.4297 0.8479 0.4297 0.4297 0.8479 0.4297
332 247 271 225 0.8479 0.4297 0.8479 0.8479 0.8479 0.4297 0.8479 0.8479 0.8479 0.4297 0.4297 0.4297 0.4297 0.4297 0.4297 0.8479
247 271 225 190 0.8479 0.4297 0.4297 0.8479 0.8479 0.8479 0.8479 0.8479 0.8479 0.8479 0.4297 0.4297 0.4297 0.4297 0.4297 0.4297
271 225 190 099 0.8479 0.8479 0.4297 0.4297 0.4297 0.4297 0.4297 0.4297 0.4297 0.4297 0.4297 0.8479 0.8479 0.8479 0.4297 0.4297
225 190 099 097 0.8479 0.4297 0.4297 0.8479 0.8479 0.8479 0.8479 0.4297 0.4297 0.4297 0.8479 0.8479 0.8479 0.8479 0.4297 0.8479
190 099 097 054 0.4297 0.8479 0.8479 0.4297 0.8479 0.8479 0.4297 0.4297 0.4297 0.4297 0.8479 0.8479 0.8479 0.4297 0.8479 0.8479
099 097 054 039 0.8479 0.8479 0.8479 0.4297 0.8479 0.8479 0.4297 0.4297 0.8479 0.4297 0.8479 0.4297 0.8479 0.8479 0.4297 0.4297
097 054 039 321 0.4297 0.4297 0.4297 0.8479 0.8479 0.8479 0.8479 0.8479 0.8479 0.4297 0.4297 0.4297 0.4297 0.4297 0.4297 0.8479
054 039 321 024 0.4297 0.4297 0.4297 0.4297 0.8479 0.4297 0.8479 0.4297 0.8479 0.8479 0.4297 0.4297 0.4297 0.8479 0.4297 0.8479
039 321 024 000 0.8479 0.4297 0.8479 0.4297 0.8479 0.8479 0.4297 0.8479 0.4297 0.4297 0.8479 0.4297 0.8479 0.8479 0.4297 0.8479
321 024 000 134 0.4297 0.4297 0.4297 0.4297 0.4297 0.8479 0.4297 0.8479 0.8479 0.8479 0.4297 0.8479 0.8479 0.8479 0.8479 0.8479
024 000 134 010 0.8479 0.4297 0.4297 0.8479 0.4297 0.8479 0.8479 0.8479 0.4297 0.8479 0.4297 0.4297 0.4297 0.4297 0.8479 0.4297
000 134 010 136 0.4297 0.8479 0.4297 0.8479 0.4297 0.8479 0.8479 0.8479 0.8479 0.4297 0.8479 0.4297 0.8479 0.8479 0.8479 0.8479
134 010 136 021 0.8479 0.8479 0.4297 0.4297 0.8479 0.8479 0.8479 0.4297 0.4297 0.4297 0.4297 0.8479 0.8479 0.4297 0.4297 0.8479
010 136 021 126 0.4297 0.4297 0.4297 0.4297 0.4297 0.8479 0.8479 0.4297 0.8479 0.4297 0.8479 0.4297 0.4297 0.4297 0.4297 0.4297
136 021 126 053 0.8479 0.4297 0.4297 0.8479 0.4297 0.8479 0.8479 0.4297 0.4297 0.8479 0.8479 0.8479 0.8479 0.4297 0.8479 0.4297
021 126 053 082 0.8479 0.4297 0.8479 0.4297 0.8479 0.4297 0.8479 0.8479 0.4297 0.4297 0.8479 0.4297 0.4297 0.8479 0.8479 0.4297
126 053 082 193 0.8479 0.8479 0.4297 0.4297 0.4297 0.4297 0.8479 0.4297 0.8479 0.8479 0.4297 0.4297 0.4297 0.8479 0.4297 0.4297
053 082 193 317 0.8479 0.8479 0.8479 0.4297 0.8479 0.8479 0.8479 0.8479 0.4297 0.8479 0.8479 0.8479 0.8479 0.8479 0.4297 0.4297
082 193 317 006 0.8479 0.4297 0.4297 0.8479 0.8479 0.4297 0.4297 0.8479 0.4297 0.8479 0.4297 0.8479 0.4297 0.4297 0.4297 0.8479
193 317 006 163 0.4297 0.4297 0.4297 0.4297 0.4297 0.8479 0.8479 0.8479 0.4297 0.4297 0.4297 0.4297 0.8479 0.4297 0.8479 0.8479
317 006 163 127 0.4297 0.8479 0.4297 0.4297 0.8479 0.8479 0.8479 0.8479 0.8479 0.4297 0.8479 0.4297 0.4297 0.8479 0.8479 0.8479
006 163 127 172 0.8479 0.4297 0.8479 0.8479 0.8479 0.8479 0.8479 0.8479 0.8479 0.8479 0.4297 0.4297 0.8479 0.4297 0.8479 0.4297
163 127 172 284 0.4297 0.8479 0.8479 0.4297 0.8479 0.4297 0.4297 0.8479 0.8479 0.8479 0.8479 0.8479 0.8479 0.4297 0.4297 0.4297
127 172 284 003 0.4297 0.4297 0.8479 0.8479 0.4297 0.8479 0.4297 0.8479 0.4297 0.4297 0.4297 0.4297 0.4297 0.4297 0.4297 0.4297
172 284 003 073 0.8479 0.4297 0.8479 0.4297 0.4297 0.4297 0.4297 0.4297 0.8479 0.4297 0.8479 0.4297 0.4297 0.8479 0.8479 0.4297
284 003 073 302 0.4297 0.8479 0.8479 0.4297 0.4297 0.8479 0.4297 0.8479 0.8479 0.4297 0.8479 0.8479 0.4297 0.8479 0.4297 0.8479
003 073 302 168 0.8479 0.8479 0.4297 0.8479 0.4297 0.4297 0.4297 0.8479 0.8479 0.4297 0.8479 0.8479 0.4297 0.8479 0.8479 0.8479
073 302 168 205 0.8479 0.8479 0.4297 0.8479 0.8479 0.4297 0.8479 0.4297 0.8479 0.4297 0.8479 0.4297 0.8479 0.8479 0.8479 0.8479
302 168 205 353 0.4297 0.4297 0.4297 0.8479 0.4297 0.4297 0.8479 0.4297 0.8479 0.8479 0.8479 0.4297 0.8479 0.4297 0.8479 0.8479
168 205 353 339 0.8479 0.8479 0.8479 0.8479 0.8479 0.4297 0.8479 0.8479 0.4297 0.4297 0.8479 0.8479 0.8479 0.8479 0.8479 0.8479
205 353 339 159 0.4297 0.4297 0.8479 0.8479 0.8479 0.8479 0.8479 0.8479 0.8479 0.8479 0.4297 0.8479 0.8479 0.8479 0.4297 0.4297
353 339 159 100 0.8479 0.8479 0.8479 0.4297 0.4297 0.4297 0.8479 0.4297 0.8479 0.8479 0.8479 0.4297 0.4297 0.8479 0.4297 0.8479
339 159 100 280 0.8479 0.4297 0.4297 0.8479 0.4297 0.8479 0.8479 0.8479 0.4297 0.4297 0.4297 0.4297 0.4297 0.4297 0.4297 0.4297
159 100 280 171 0.4297 0.4297 0.8479 0.8479 0.8479 0.8479 0.4297 0.4297 0.8479 0.4297 0.4297 0.8479 0.4297 0.4297 0.4297 0.8479
100 280 171 228 0.4297 0.4297 0.8479 0.8479 0.8479 0.8479 0.8479 0.4297 0.8479 0.8479 0.4297 0.4297 0.8479 0.8479 0.8479 0.4297
280 171 228 328 0.4297 0.4297 0.8479 0.4297 0.8479 0.8479 0.4297 0.4297 0.8479 0.8479 0.8479 0.4297 0.8479 0.4297 0.8479 0.8479
171 228 328 068 0.4297 0.4297 0.4297 0.8479 0.4297 0.8479 0.8479 0.4297 0.8479 0.4297 0.4297 0.4297 0.4297 0.4297 0.8479 0.4297
228 328 068 312 0.4297 0.8479 0.4297 0.8479 0.8479 0.8479 0.8479 0.8479 0.8479 0.4297 0.8479 0.4297 0.8479 0.8479 0.4297 0.4297
328 068 312 178 0.4297 0.4297 0.8479 0.4297 0.8479 0.4297 0.4297 0.8479 0.4297 0.4297 0.8479 0.8479 0.8479 0.8479 0.4297 0.4297
068 312 178 201 0.4297 0.8479 0.8479 0.4297 0.4297 0.8479 0.8479 0.8479 0.4297 0.8479 0.8479 0.4297 0.4297 0.4297 0.4297 0.4297
312 178 201 241 0.8479 0.4297 0.8479 0.4297 0.8479 0.4297 0.8479 0.4297 0.8479 0.8479 0.4297 0.8479 0.8479 0.4297 0.8479 0.4297
178 201 241 160 0.8479 0.4297 0.4297 0.4297 0.8479 0.4297 0.4297 0.4297 0.8479 0.8479 0.4297 0.8479 0.8479 0.4297 0.4297 0.8479
201 241 160 197 0.4297 0.8479 0.4297 0.8479 0.4297 0.8479 0.8479 0.8479 0.8479 0.8479 0.8479 0.4297 0.4297 0.8479 0.8479 0.8479
241 160 197 098 0.8479 0.4297 0.4297 0.8479 0.8479 0.4297 0.8479 0.8479 0.4297 0.8479 0.4297 0.8479 0.4297 0.8479 0.4297 0.8479
160 197 098 352 0.8479 0.8479 0.4297 0.8479 0.4297 0.4297 0.4297 0.8479 0.8479 0.8479 0.8479 0.4297 0.8479 0.4297 0.8479 0.4297
197 098 352 187 0.8479 0.8479 0.4297 0.8479 0.4297 0.4297 0.8479 0.4297 0.8479 0.4297 0.8479 0.8479 0.8479 0.4297 0.4297 0.8479
098 352 187 130 0.4297 0.8479 0.4297 0.4297 0.8479 0.4297 0.8479 0.4297 0.4297 0.4297 0.8479 0.8479 0.8479 0.8479 0.8479 0.4297
352 187 130 041 0.4297 0.8479 0.4297 0.8479 0.4297 0.4297 0.8479 0.8479 0.4297 0.4297 0.4297 0.4297 0.4297 0.4297 0.4297 0.8479
187 130 041 135 0.4297 0.4297 0.8479 0.4297 0.8479 0.8479 0.4297 0.8479 0.8479 0.8479 0.8479 0.8479 0.4297 0.4297 0.8479 0.8479
130 041 135 103 0.8479 0.8479 0.8479 0.4297 0.8479 0.8479 0.4297 0.4297 0.4297 0.4297 0.4297 0.4297 0.4297 0.8479 0.4297 0.4297
041 135 103 262 0.4297 0.8479 0.4297 0.4297 0.8479 0.4297 0.8479 0.8479 0.8479 0.4297 0.8479 0.8479 0.8479 0.4297 0.8479 0.8479
135 103 262 044 0.8479 0.4297 0.4297 0.4297 0.8479 0.8479 0.4297 0.8479 0.4297 0.4297 0.8479 0.8479 0.8479 0.8479 0.8479 0.4297
103 262 044 036 0.4297 0.8479 0.8479 0.4297 0.4297 0.8479 0.8479 0.4297 0.8479 0.8479 0.8479 0.8479 0.8479 0.4297 0.8479 0.8479
262 044 036 213 0.4297 0.8479 0.4297 0.4297 0.4297 0.8479 0.8479 0.8479 0.4297 0.4297 0.4297 0.4297 0.8479 0.8479 0.4297 0.4297
044 036 213 151 0.8479 0.8479 0.4297 0.4297 0.8479 0.4297 0.4297 0.8479 0.8479 0.4297 0.8479 0.8479 0.8479 0.4297 0.8479 0.8479
036 213 151 056 0.8479 0.4297 0.4297 0.4297 0.4297 0.4297 0.4297 0.4297 0.8479 0.4297 0.8479 0.8479 0.4297 0.4297 0.4297 0.8479
213 151 056 051 0.8479 0.8479 0.4297 0.4297 0.8479 0.4297 0.8479 0.8479 0.8479 0.8479 0.8479 0.8479 0.4297 0.8479 0.4297 0.4297
151 056 051 266 0.8479 0.8479 0.8479 0.4297 0.8479 0.4297 0.4297 0.8479 0.8479 0.4297 0.8479 0.8479 0.8479 0.8479 0.8479 0.4297
056 051 266 295 0.8479 0.8479 0.8479 0.8479 0.8479 0.8479 0.8479 0.4297 0.4297 0.8479 0.8479 0.8479 0.4297 0.4297 0.8479 0.4297
051 266 295 042 0.8479 0.8479 0.8479 0.8479 0.4297 0.8479 0.4297 0.8479 0.8479 0.4297 0.4297 0.8479 0.8479 0.8479 0.4297 0.4297
266 295 042 264 0.4297 0.4297 0.4297 0.4297 0.4297 0.8479 0.8479 0.4297 0.8479 0.4297 0.8479 0.4297 0.8479 0.4297 0.8479 0.8479
295 042 264 027 0.4297 0.4297 0.8479 0.4297 0.8479 0.8479 0.8479 0.8479 0.4297 0.4297 0.8479 0.8479 0.4297 0.4297 0.8479 0.4297
042 264 027 219 0.4297 0.4297 0.8479 0.8479 0.4297 0.8479 0.4297 0.8479 0.4297 0.4297 0.8479 0.8479 0.4297 0.8479 0.4297 0.4297
264 027 219 341 0.4297 0.8479 0.8479 0.8479 0.8479 0.4297 0.4297 0.8479 0.4297 0.8479 0.4297 0.4297 0.8479 0.4297 0.8479 0.4297
027 219 341 023 0.8479 0.4297 0.4297 0.8479 0.8479 0.8479 0.4297 0.8479 0.8479 0.8479 0.4297 0.4297 0.8479 0.8479 0.4297 0.4297
219 341 023 189 0.8479 0.8479 0.8479 0.8479 0.8479 0.4297 0.8479 0.4297 0.8479 0.8479 0.8479 0.8479 0.8479 0.4297 0.4297 0.4297
341 023 189 222 0.4297 0.8479 0.8479 0.4297 0.8479 0.8479 0.8479 0.4297 0.8479 0.4297 0.4297 0.8479 0.4297 0.8479 0.8479 0.8479
023 189 222 060 0.4297 0.8479 0.8479 0.8479 0.4297 0.8479 0.8479 0.4297 0.4297 0.8479 0.4297 0.4297 0.4297 0.8479 0.4297 0.4297
189 222 060 007 0.4297 0.8479 0.8479 0.8479 0.4297 0.8479 0.4297 0.4297 0.8479 0.4297 0.4297 0.4297 0.8479 0.8479 0.8479 0.8479
222 060 007 263 0.8479 0.8479 0.8479 0.4297 0.4297 0.4297 0.4297 0.8479 0.4297 0.8479 0.4297 0.8479 0.4297 0.8479 0.8479 0.8479
060 007 263 231 0.8479 0.4297 0.4297 0.4297 0.8479 0.4297 0.8479 0.8479 0.8479 0.8479 0.4297 0.8479 0.8479 0.4297 0.4297 0.4297
007 263 231 322 0.4297 0.8479 0.4297 0.4297 0.8479 0.8479 0.8479 0.4297 0.8479 0.4297 0.4297 0.8479 0.4297 0.8479 0.8479 0.8479
263 231 322 314 0.8479 0.8479 0.8479 0.8479 0.4297 0.4297 0.4297 0.8479 0.8479 0.4297 0.4297 0.8479 0.8479 0.8479 0.4297 0.8479
231 322 314 069 0.8479 0.4297 0.4297 0.4297 0.4297 0.8479 0.8479 0.4297 0.4297 0.8479 0.4297 0.4297 0.8479 0.4297 0.4297 0.4297
322 314 069 198 0.4297 0.8479 0.4297 0.4297 0.8479 0.4297 0.8479 0.4297 0.8479 0.8479 0.8479 0.4297 0.4297 0.8479 0.8479 0.8479
314 069 198 294 0.4297 0.8479 0.4297 0.4297 0.8479 0.4297 0.4297 0.8479 0.8479 0.8479 0.4297 0.4297 0.4297 0.4297 0.8479 0.4297
069 198 294 125 0.4297 0.4297 0.8479 0.8479 0.8479 0.4297 0.8479 0.4297 0.4297 0.4297 0.8479 0.4297 0.4297 0.4297 0.4297 0.4297
198 294 125 299 0.4297 0.4297 0.4297 0.4297 0.4297 0.8479 0.4297 0.8479 0.8479 0.4297 0.8479 0.4297 0.8479 0.8479 0.4297 0.8479
294 125 299 216 0.8479 0.8479 0.4297 0.4297 0.4297 0.4297 0.4297 0.8479 0.4297 0.8479 0.8479 0.8479 0.8479 0.4297 0.8479 0.8479
125 299 216 209 0.4297 0.8479 0.4297 0.8479 0.8479 0.8479 0.4297 0.8479 0.4297 0.8479 0.8479 0.8479 0.8479 0.4297 0.4297 0.8479
299 216 209 169 0.4297 0.8479 0.4297 0.4297 0.8479 0.8479 0.4297 0.4297 0.8479 0.4297 0.4297 0.8479 0.8479 0.8479 0.4297 0.8479
216 209 169 212 0.4297 0.8479 0.4297 0.8479 0.4297 0.8479 0.4297 0.4297 0.4297 0.4297 0.4297 0.4297 0.8479 0.4297 0.4297 0.4297
209 169 212 040 0.4297 0.4297 0.8479 0.8479 0.4297 0.4297 0.8479 0.4297 0.8479 0.4297 0.8479 0.4297 0.4297 0.4297 0.8479 0.4297
169 212 040 308 0.8479 0.8479 0.8479 0.4297 0.8479 0.4297 0.8479 0.4297 0.8479 0.8479 0.4297 0.4297 0.4297 0.8479 0.8479 0.4297
212 040 308 337 0.8479 0.4297 0.8479 0.4297 0.8479 0.4297 0.4297 0.8479 0.8479 0.8479 0.8479 0.8479 0.4297 0.8479 0.4297 0.8479
040 308 337 047 0.4297 0.4297 0.4297 0.8479 0.4297 0.4297 0.8479 0.8479 0.8479 0.4297 0.4297 0.4297 0.8479 0.4297 0.4297 0.4297
308 337 047 072 0.4297 0.8479 0.4297 0.8479 0.8479 0.4297 0.8479 0.4297 0.4297 0.8479 0.8479 0.8479 0.4297 0.4297 0.8479 0.4297
337 047 072 167 0.4297 0.4297 0.4297 0.8479 0.8479 0.4297 0.4297 0.8479 0.4297 0.4297 0.8479 0.8479 0.8479 0.4297 0.8479 0.4297
047 072 167 194 0.8479 0.4297 0.4297 0.4297 0.8479 0.8479 0.4297 0.8479 0.8479 0.4297 0.4297 0.4297 0.4297 0.4297 0.4297 0.8479
072 167 194 158 0.4297 0.8479 0.8479 0.4297 0.8479 0.4297 0.8479 0.8479 0.8479 0.4297 0.8479 0.8479 0.8479 0.8479 0.4297 0.4297
167 194 158 324 0.8479 0.8479 0.8479 0.8479 0.4297 0.8479 0.8479 0.4297 0.8479 0.4297 0.4297 0.4297 0.8479 0.4297 0.8479 0.4297
194 158 324 166 0.4297 0.8479 0.8479 0.4297 0.8479 0.8479 0.4297 0.8479 0.4297 0.8479 0.4297 0.4297 0.8479 0.4297 0.8479 0.4297
158 324 166 340 0.4297 0.8479 0.4297 0.8479 0.4297 0.4297 0.4297 0.4297 0.8479 0.8479 0.4297 0.4297 0.4297 0.4297 0.4297 0.8479
324 166 340 066 0.4297 0.8479 0.8479 0.8479 0.4297 0.8479 0.8479 0.4297 0.4297 0.4297 0.4297 0.8479 0.4297 0.8479 0.4297 0.4297
166 340 066 319 0.4297 0.8479 0.8479 0.8479 0.4297 0.8479 0.8479 0.8479 0.8479 0.4297 0.8479 0.4297 0.4297 0.8479 0.8479 0.4297
340 066 319 333 0.4297 0.8479 0.8479 0.4297 0.4297 0.4297 0.8479 0.4297 0.4297 0.4297 0.8479 0.8479 0.4297 0.4297 0.8479 0.4297
066 319 333 276 0.4297 0.8479 0.4297 0.8479 0.8479 0.8479 0.4297 0.8479 0.4297 0.8479 0.4297 0.8479 0.4297 0.8479 0.8479 0.8479
319 333 276 253 0.8479 0.4297 0.4297 0.8479 0.4297 0.4297 0.8479 0.4297 0.4297 0.4297 0.4297 0.4297 0.8479 0.4297 0.4297 0.4297
333 276 253 179 0.8479 0.4297 0.4297 0.8479 0.8479 0.8479 0.4297 0.4297 0.4297 0.4297 0.4297 0.8479 0.8479 0.4297 0.4297 0.8479
276 253 179 246 0.4297 0.8479 0.8479 0.8479 0.8479 0.8479 0.8479 0.4297 0.4297 0.4297 0.8479 0.8479 0.8479 0.4297 0.8479 0.4297
253 179 246 185 0.4297 0.8479 0.4297 0.8479 0.4297 0.8479 0.4297 0.8479 0.8479 0.4297 0.4297 0.8479 0.8479 0.4297 0.8479 0.8479
179 246 185 306 0.8479 0.8479 0.8479 0.4297 0.8479 0.4297 0.4297 0.8479 0.4297 0.4297 0.4297 0.8479 0.4297 0.8479 0.8479 0.8479
246 185 306 323 0.8479 0.8479 0.8479 0.4297 0.4297 0.4297 0.8479 0.4297 0.8479 0.8479 0.4297 0.4297 0.8479 0.8479 0.8479 0.4297
185 306 323 123 0.8479 0.8479 0.8479 0.4297 0.4297 0.8479 0.4297 0.8479 0.4297 0.4297 0.4297 0.4297 0.8479 0.4297 0.4297 0.8479
306 323 123 089 0.8479 0.4297 0.8479 0.8479 0.8479 0.4297 0.8479 0.4297 0.4297 0.8479 0.4297 0.8479 0.8479 0.8479 0.8479 0.8479
323 123 089 330 0.4297 0.4297 0.4297 0.8479 0.4297 0.4297 0.8479 0.4297 0.8479 0.8479 0.8479 0.8479 0.4297 0.8479 0.8479 0.8479
123 089 330 301 0.8479 0.8479 0.4297 0.8479 0.8479 0.4297 0.4297 0.4297 0.4297 0.4297 0.8479 0.8479 0.8479 0.4297 0.4297 0.8479
089 330 301 074 0.8479 0.4297 0.4297 0.4297 0.8479 0.8479 0.8479 0.4297 0.8479 0.8479 0.4297 0.8479 0.4297 0.4297 0.8479 0.8479
330 301 074 297 0.8479 0.4297 0.4297 0.8479 0.4297 0.4297 0.8479 0.4297 0.8479 0.4297 0.4297 0.4297 0.8479 0.4297 0.8479 0.8479
301 074 297 112 0.8479 0.4297 0.8479 0.8479 0.4297 0.8479 0.8479 0.4297 0.4297 0.4297 0.8479 0.8479 0.4297 0.4297 0.4297 0.8479
074 297 112 249 0.8479 0.4297 0.8479 0.4297 0.8479 0.4297 0.8479 0.8479 0.4297 0.4297 0.4297 0.4297 0.8479 0.4297 0.4297 0.4297
297 112 249 235 0.4297 0.8479 0.8479 0.8479 0.8479 0.8479 0.4297 0.4297 0.8479 0.8479 0.4297 0.4297 0.4297 0.8479 0.8479 0.8479
112 249 235 250 0.4297 0.8479 0.8479 0.4297 0.8479 0.4297 0.8479 0.4297 0.4297 0.8479 0.8479 0.4297 0.8479 0.4297 0.8479 0.4297
249 235 250 286 0.8479 0.4297 0.8479 0.8479 0.4297 0.4297 0.8479 0.8479 0.4297 0.8479 0.4297 0.4297 0.4297 0.4297 0.4297 0.4297
235 250 286 256 0.4297 0.8479 0.8479 0.4297 0.8479 0.8479 0.4297 0.8479 0.8479 0.8479 0.4297 0.8479 0.8479 0.8479 0.4297 0.8479
250 286 256 270 0.8479 0.8479 0.8479 0.8479 0.8479 0.4297 0.8479 0.4297 0.8479 0.8479 0.4297 0.4297 0.8479 0.8479 0.4297 0.8479
286 256 270 342 0.8479 0.4297 0.4297 0.4297 0.8479 0.8479 0.4297 0.4297 0.8479 0.8479 0.4297 0.4297 0.4297 0.8479 0.8479 0.4297
256 270 342 142 0.4297 0.4297 0.8479 0.8479 0.8479 0.8479 0.4297 0.4297 0.8479 0.4297 0.4297 0.4297 0.4297 0.8479 0.8479 0.8479
270 342 142 012 0.4297 0.8479 0.8479 0.8479 0.4297 0.4297 0.8479 0.4297 0.8479 0.8479 0.8479 0.8479 0.8479 0.4297 0.4297 0.4297
342 142 012 116 0.8479 0.4297 0.8479 0.8479 0.8479 0.8479 0.8479 0.8479 0.4297 0.8479 0.8479 0.4297 0.4297 0.4297 0.4297 0.8479
142 012 116 251 0.4297 0.8479 0.4297 0.8479 0.8479 0.4297 0.8479 0.4297 0.4297 0.4297 0.4297 0.8479 0.8479 0.8479 0.8479 0.8479
012 116 251 050 0.4297 0.4297 0.8479 0.4297 0.4297 0.8479 0.8479 0.4297 0.4297 0.4297 0.4297 0.4297 0.4297 0.4297 0.8479 0.4297
116 251 050 037 0.4297 0.4297 0.8479 0.8479 0.8479 0.4297 0.4297 0.8479 0.8479 0.8479 0.8479 0.8479 0.4297 0.4297 0.4297 0.4297
251 050 037 014 0.4297 0.4297 0.4297 0.4297 0.4297 0.4297 0.8479 0.4297 0.8479 0.4297 0.8479 0.4297 0.8479 0.8479 0.4297 0.4297
050 037 014 273 0.8479 0.4297 0.4297 0.8479 0.8479 0.4297 0.8479 0.8479 0.8479 0.4297 0.8479 0.8479 0.4297 0.8479 0.4297 0.4297
037 014 273 202 0.4297 0.8479 0.4297 0.8479 0.8479 0.8479 0.4297 0.4297 0.8479 0.8479 0.8479 0.4297 0.4297 0.8479 0.8479 0.8479
014 273 202 046 0.8479 0.4297 0.4297 0.4297 0.8479 0.4297 0.8479 0.8479 0.4297 0.4297 0.8479 0.4297 0.8479 0.4297 0.4297 0.8479
273 202 046 162 0.8479 0.8479 0.8479 0.8479 0.4297 0.8479 0.8479 0.4297 0.8479 0.8479 0.4297 0.4297 0.8479 0.4297 0.8479 0.8479
202 046 162 096 0.8479 0.4297 0.8479 0.8479 0.8479 0.4297 0.8479 0.8479 0.4297 0.8479 0.8479 0.8479 0.4297 0.4297 0.4297 0.8479
046 162 096 304 0.8479 0.4297 0.4297 0.4297 0.8479 0.4297 0.4297 0.8479 0.8479 0.8479 0.4297 0.4297 0.4297 0.4297 0.8479 0.8479
162 096 304 106 0.8479 0.4297 0.8479 0.4297 0.8479 0.4297 0.8479 0.8479 0.8479 0.4297 0.4297 0.8479 0.8479 0.8479 0.4297 0.4297
096 304 106 245 0.8479 0.8479 0.4297 0.4297 0.8479 0.4297 0.8479 0.4297 0.4297 0.4297 0.4297 0.4297 0.8479 0.8479 0.4297 0.4297
304 106 245 237 0.4297 0.4297 0.4297 0.8479 0.4297 0.4297 0.8479 0.4297 0.8479 0.8479 0.4297 0.8479 0.8479 0.8479 0.8479 0.4297
106 245 237 075 0.4297 0.8479 0.4297 0.4297 0.8479 0.4297 0.4297 0.4297 0.4297 0.4297 0.4297 0.4297 0.8479 0.8479 0.8479 0.8479
245 237 075 220 0.8479 0.4297 0.8479 0.8479 0.8479 0.8479 0.8479 0.8479 0.4297 0.8479 0.8479 0.4297 0.8479 0.4297 0.4297 0.4297
237 075 220 141 0.8479 0.4297 0.8479 0.8479 0.4297 0.4297 0.8479 0.4297 0.8479 0.4297 0.8479 0.4297 0.4297 0.4297 0.8479 0.4297
075 220 141 094 0.4297 0.8479 0.8479 0.4297 0.8479 0.8479 0.8479 0.8479 0.8479 0.4297 0.4297 0.8479 0.8479 0.4297 0.8479 0.4297
220 141 094 150 0.8479 0.8479 0.8479 0.4297 0.4297 0.8479 0.8479 0.8479 0.8479 0.4297 0.4297 0.8479 0.8479 0.8479 0.4297 0.4297
141 094 150 252 0.8479 0.4297 0.4297 0.4297 0.4297 0.4297 0.8479 0.4297 0.4297 0.8479 0.4297 0.8479 0.4297 0.4297 0.4297 0.4297
094 150 252 260 0.8479 0.8479 0.4297 0.4297 0.8479 0.8479 0.4297 0.4297 0.4297 0.8479 0.4297 0.8479 0.8479 0.4297 0.8479 0.8479
150 252 260 139 0.4297 0.4297 0.8479 0.4297 0.4297 0.8479 0.8479 0.8479 0.8479 0.4297 0.8479 0.4297 0.8479 0.8479 0.8479 0.4297
252 260 139 115 0.4297 0.8479 0.8479 0.4297 0.8479 0.4297 0.4297 0.4297 0.4297 0.4297 0.4297 0.8479 0.8479 0.8479 0.8479 0.4297
260 139 115 114 0.8479 0.8479 0.8479 0.4297 0.8479 0.8479 0.8479 0.4297 0.8479 0.8479 0.8479 0.8479 0.8479 0.8479 0.8479 0.8479
139 115 114 347 0.4297 0.8479 0.8479 0.4297 0.8479 0.4297 0.4297 0.8479 0.8479 0.4297 0.4297 0.4297 0.4297 0.8479 0.4297 0.8479
115 114 347 261 0.8479 0.8479 0.8479 0.8479 0.4297 0.8479 0.4297 0.4297 0.4297 0.8479 0.4297 0.4297 0.4297 0.4297 0.4297 0.4297
114 347 261 081 0.4297 0.8479 0.8479 0.8479 0.4297 0.8479 0.4297 0.4297 0.4297 0.4297 0.8479 0.4297 0.8479 0.4297 0.8479 0.4297
347 261 081 165 0.8479 0.4297 0.4297 0.4297 0.4297 0.8479 0.4297 0.4297 0.8479 0.8479 0.4297 0.4297 0.4297 0.8479 0.4297 0.4297
261 081 165 177 0.4297 0.8479 0.4297 0.8479 0.8479 0.4297 0.8479 0.4297 0.4297 0.4297 0.4297 0.4297 0.4297 0.4297 0.4297 0.8479
081 165 177 227 0.8479 0.4297 0.4297 0.4297 0.8479 0.8479 0.8479 0.4297 0.8479 0.8479 0.4297 0.8479 0.4297 0.4297 0.8479 0.4297
165 177 227 242 0.4297 0.4297 0.8479 0.8479 0.4297 0.8479 0.8479 0.4297 0.4297 0.8479 0.8479 0.4297 0.8479 0.8479 0.4297 0.8479
177 227 242 143 0.4297 0.8479 0.4297 0.8479 0.4297 0.8479 0.8479 0.8479 0.4297 0.8479 0.8479 0.8479 0.4297 0.8479 0.8479 0.8479
227 242 143 079 0.4297 0.4297 0.4297 0.4297 0.4297 0.4297 0.8479 0.8479 0.4297 0.8479 0.4297 0.4297 0.8479 0.8479 0.4297 0.8479
242 143 079 028 0.4297 0.4297 0.8479 0.8479 0.4297 0.4297 0.8479 0.4297 0.8479 0.4297 0.4297 0.4297 0.4297 0.4297 0.4297 0.8479
143 079 028 210 0.4297 0.8479 0.8479 0.4297 0.4297 0.8479 0.4297 0.8479 0.4297 0.4297 0.8479 0.8479 0.4297 0.8479 0.4297 0.4297
079 028 210 224 0.8479 0.8479 0.8479 0.8479 0.8479 0.8479 0.8479 0.4297 0.8479 0.4297 0.8479 0.8479 0.4297 0.8479 0.4297 0.4297
028 210 224 244 0.4297 0.8479 0.8479 0.4297 0.4297 0.4297 0.8479 0.8479 0.8479 0.4297 0.4297 0.4297 0.8479 0.4297 0.8479 0.4297
210 224 244 161 0.4297 0.4297 0.8479 0.4297 0.8479 0.4297 0.8479 0.8479 0.8479 0.4297 0.4297 0.4297 0.8479 0.4297 0.4297 0.8479
224 244 161 149 0.8479 0.4297 0.8479 0.4297 0.4297 0.8479 0.4297 0.4297 0.4297 0.8479 0.4297 0.4297 0.8479 0.8479 0.8479 0.4297
244 161 149 038 0.4297 0.4297 0.8479 0.4297 0.8479 0.4297 0.8479 0.4297 0.4297 0.8479 0.4297 0.4297 0.8479 0.4297 0.4297 0.4297
161 149 038 052 0.8479 0.8479 0.4297 0.8479 0.8479 0.4297 0.4297 0.4297 0.8479 0.8479 0.4297 0.8479 0.8479 0.4297 0.4297 0.8479
149 038 052 013 0.8479 0.8479 0.4297 0.4297 0.8479 0.4297 0.8479 0.8479 0.8479 0.8479 0.8479 0.8479 0.4297 0.4297 0.8479 0.8479
038 052 013 067 0.8479 0.4297 0.8479 0.8479 0.4297 0.8479 0.4297 0.4297 0.4297 0.4297 0.4297 0.8479 0.8479 0.4297 0.4297 0.8479
052 013 067 289 0.4297 0.4297 0.8479 0.8479 0.4297 0.4297 0.8479 0.4297 0.8479 0.4297 0.4297 0.4297 0.8479 0.8479 0.8479 0.8479
013 067 289 140 0.8479 0.4297 0.4297 0.8479 0.4297 0.8479 0.8479 0.8479 0.8479 0.4297 0.8479 0.8479 0.4297 0.4297 0.8479 0.8479
067 289 140 001 0.8479 0.4297 0.8479 0.8479 0.8479 0.4297 0.8479 0.8479 0.4297 0.4297 0.8479 0.4297 0.4297 0.8479 0.8479 0.4297
289 140 001 305 0.4297 0.8479 0.8479 0.4297 0.8479 0.4297 0.8479 0.8479 0.8479 0.4297 0.8479 0.4297 0.8479 0.8479 0.4297 0.8479
140 001 305 105 0.4297 0.4297 0.4297 0.4297 0.8479 0.8479 0.8479 0.4297 0.4297 0.4297 0.8479 0.4297 0.4297 0.4297 0.8479 0.4297
001 305 105 092 0.4297 0.8479 0.8479 0.8479 0.8479 0.8479 0.8479 0.4297 0.4297 0.8479 0.4297 0.8479 0.8479 0.8479 0.4297 0.8479
305 105 092 182 0.8479 0.4297 0.8479 0.4297 0.8479 0.8479 0.4297 0.4297 0.4297 0.4297 0.8479 0.4297 0.4297 0.8479 0.8479 0.8479
105 092 182 325 0.8479 0.4297 0.8479 0.4297 0.4297 0.8479 0.4297 0.8479 0.8479 0.4297 0.8479 0.8479 0.8479 0.8479 0.8479 0.4297
092 182 325 132 0.4297 0.8479 0.4297 0.8479 0.8479 0.8479 0.8479 0.4297 0.8479 0.8479 0.8479 0.8479 0.8479 0.8479 0.4297 0.8479
182 325 132 104 0.8479 0.4297 0.8479 0.4297 0.8479 0.4297 0.8479 0.8479 0.4297 0.8479 0.4297 0.8479 0.4297 0.4297 0.4297 0.4297
325 132 104 348 0.4297 0.8479 0.8479 0.4297 0.8479 0.4297 0.8479 0.4297 0.4297 0.8479 0.4297 0.8479 0.4297 0.8479 0.8479 0.4297
132 104 348 011 0.8479 0.8479 0.4297 0.4297 0.8479 0.4297 0.8479 0.4297 0.8479 0.4297 0.4297 0.8479 0.8479 0.8479 0.8479 0.4297
104 348 011 233 0.8479 0.8479 0.4297 0.4297 0.4297 0.4297 0.8479 0.8479 0.4297 0.8479 0.4297 0.4297 0.8479 0.8479 0.4297 0.4297
348 011 233 207 0.8479 0.8479 0.4297 0.8479 0.8479 0.8479 0.8479 0.4297 0.4297 0.4297 0.4297 0.8479 0.4297 0.4297 0.8479 0.8479
011 233 207 113 0.8479 0.8479 0.4297 0.8479 0.8479 0.4297 0.8479 0.8479 0.4297 0.4297 0.8479 0.4297 0.4297 0.4297 0.4297 0.8479
233 207 113 086 0.4297 0.4297 0.4297 0.4297 0.4297 0.8479 0.8479 0.8479 0.4297 0.4297 0.4297 0.8479 0.8479 0.4297 0.4297 0.4297
207 113 086 009 0.8479 0.8479 0.8479 0.8479 0.8479 0.4297 0.4297 0.8479 0.4297 0.4297 0.4297 0.4297 0.8479 0.4297 0.8479 0.4297
113 086 009 346 0.4297 0.4297 0.8479 0.8479 0.8479 0.4297 0.8479 0.4297 0.8479 0.8479 0.8479 0.4297 0.8479 0.4297 0.8479 0.4297
086 009 346 063 0.8479 0.4297 0.8479 0.8479 0.8479 0.8479 0.8479 0.4297 0.4297 0.8479 0.4297 0.8479 0.8479 0.4297 0.8479 0.8479
009 346 063 254 0.4297 0.8479 0.8479 0.4297 0.8479 0.4297 0.4297 0.8479 0.4297 0.8479 0.4297 0.4297 0.8479 0.4297 0.8479 0.4297
346 063 254 283 0.8479 0.4297 0.8479 0.4297 0.8479 0.8479 0.4297 0.8479 0.4297 0.8479 0.4297 0.4297 0.8479 0.8479 0.4297 0.4297
063 254 283 174 0.4297 0.4297 0.8479 0.4297 0.4297 0.8479 0.8479 0.4297 0.8479 0.4297 0.8479 0.4297 0.4297 0.8479 0.8479 0.4297
254 283 174 307 0.8479 0.8479 0.4297 0.4297 0.4297 0.4297 0.4297 0.8479 0.4297 0.8479 0.4297 0.4297 0.8479 0.4297 0.8479 0.4297
283 174 307 008 0.8479 0.4297 0.4297 0.8479 0.4297 0.8479 0.8479 0.4297 0.8479 0.8479 0.8479 0.8479 0.8479 0.8479 0.4297 0.4297
174 307 008 070 0.8479 0.8479 0.4297 0.4297 0.8479 0.4297 0.8479 0.8479 0.8479 0.4297 0.8479 0.8479 0.4297 0.8479 0.4297 0.8479
307 008 070 128 0.4297 0.4297 0.4297 0.8479 0.4297 0.4297 0.8479 0.4297 0.4297 0.4297 0.8479 0.4297 0.4297 0.4297 0.8479 0.4297
008 070 128 117 0.4297 0.4297 0.8479 0.8479 0.4297 0.8479 0.4297 0.4297 0.8479 0.8479 0.4297 0.4297 0.4297 0.4297 0.8479 0.8479
070 128 117 300 0.4297 0.8479 0.8479 0.8479 0.4297 0.8479 0.8479 0.4297 0.8479 0.8479 0.8479 0.8479 0.8479 0.4297 0.8479 0.4297
128 117 300 199 0.4297 0.8479 0.8479 0.4297 0.4297 0.4297 0.8479 0.8479 0.4297 0.8479 0.4297 0.4297 0.8479 0.4297 0.4297 0.4297
117 300 199 248 0.4297 0.8479 0.4297 0.8479 0.8479 0.8479 0.4297 0.4297 0.8479 0.4297 0.4297 0.4297 0.4297 0.8479 0.4297 0.4297
300 199 248 221 0.8479 0.8479 0.4297 0.8479 0.4297 0.8479 0.8479 0.4297 0.8479 0.4297 0.4297 0.4297 0.4297 0.8479 0.4297 0.4297
199 248 221 267 0.4297 0.4297 0.4297 0.4297 0.4297 0.8479 0.8479 0.8479 0.8479 0.4297 0.8479 0.8479 0.8479 0.8479 0.4297 0.8479
248 221 267 137 0.8479 0.4297 0.8479 0.4297 0.8479 0.4297 0.4297 0.4297 0.8479 0.8479 0.8479 0.4297 0.4297 0.8479 0.4297 0.4297
221 267 137 303 0.8479 0.8479 0.4297 0.4297 0.4297 0.8479 0.4297 0.4297 0.8479 0.8479 0.8479 0.4297 0.8479 0.4297 0.4297 0.4297
267 137 303 188 0.4297 0.8479 0.4297 0.8479 0.4297 0.4297 0.8479 0.8479 0.4297 0.8479 0.8479 0.4297 0.4297 0.8479 0.8479 0.8479
137 303 188 035 0.8479 0.4297 0.8479 0.4297 0.4297 0.4297 0.4297 0.8479 0.4297 0.8479 0.8479 0.4297 0.4297 0.4297 0.4297 0.4297
303 188 035 215 0.4297 0.8479 0.4297 0.4297 0.4297 0.4297 0.4297 0.8479 0.8479 0.4297 0.8479 0.8479 0.8479 0.4297 0.4297 0.8479
188 035 215 102 0.4297 0.8479 0.8479 0.4297 0.8479 0.8479 0.8479 0.8479 0.4297 0.8479 0.4297 0.4297 0.4297 0.4297 0.4297 0.4297
035 215 102 180 0.8479 0.8479 0.8479 0.8479 0.8479 0.8479 0.8479 0.4297 0.8479 0.4297 0.4297 0.4297 0.4297 0.8479 0.4297 0.4297
215 102 180 293 0.4297 0.4297 0.8479 0.4297 0.8479 0.8479 0.4297 0.4297 0.8479 0.4297 0.4297 0.4297 0.8479 0.4297 0.8479 0.4297
102 180 293 017 0.8479 0.4297 0.4297 0.8479 0.8479 0.4297 0.4297 0.4297 0.4297 0.4297 0.4297 0.4297 0.8479 0.4297 0.4297 0.4297
180 293 017 184 0.8479 0.8479 0.4297 0.8479 0.4297 0.8479 0.8479 0.8479 0.8479 0.8479 0.8479 0.8479 0.4297 0.4297 0.8479 0.4297
293 017 184 277 0.8479 0.4297 0.4297 0.8479 0.4297 0.4297 0.4297 0.8479 0.4297 0.4297 0.8479 0.4297 0.8479 0.4297 0.8479 0.4297
017 184 277 131 0.4297 0.4297 0.4297 0.4297 0.8479 0.4297 0.4297 0.8479 0.8479 0.8479 0.4297 0.8479 0.4297 0.8479 0.4297 0.8479
184 277 131 240 0.8479 0.4297 0.4297 0.4297 0.4297 0.4297 0.8479 0.8479 0.8479 0.4297 0.4297 0.8479 0.4297 0.4297 0.8479 0.8479
277 131 240 318 0.4297 0.8479 0.8479 0.8479 0.4297 0.8479 0.8479 0.4297 0.8479 0.4297 0.8479 0.4297 0.8479 0.8479 0.4297 0.4297
131 240 318 016 0.8479 0.4297 0.4297 0.4297 0.4297 0.8479 0.8479 0.4297 0.8479 0.8479 0.4297 0.4297 0.8479 0.8479 0.4297 0.8479
240 318 016 085 0.4297 0.8479 0.8479 0.8479 0.8479 0.8479 0.4297 0.8479 0.4297 0.8479 0.4297 0.4297 0.4297 0.8479 0.8479 0.4297
318 016 085 281 0.8479 0.4297 0.4297 0.4297 0.8479 0.8479 0.4297 0.4297 0.4297 0.8479 0.4297 0.4297 0.8479 0.8479 0.8479 0.8479
016 085 281 078 0.4297 0.4297 0.4297 0.8479 0.8479 0.4297 0.8479 0.8479 0.4297 0.8479 0.8479 0.4297 0.8479 0.4297 0.4297 0.8479
085 281 078 320 0.8479 0.8479 0.8479 0.8479 0.4297 0.8479 0.4297 0.4297 0.4297 0.4297 0.8479 0.8479 0.4297 0.4297 0.4297 0.8479
281 078 320 005 0.4297 0.8479 0.8479 0.4297 0.8479 0.4297 0.4297 0.4297 0.4297 0.4297 0.8479 0.8479 0.8479 0.4297 0.8479 0.4297
078 320 005 049 0.4297 0.4297 0.8479 0.4297 0.4297 0.4297 0.4297 0.8479 0.4297 0.8479 0.4297 0.8479 0.4297 0.8479 0.4297 0.4297
320 005 049 029 0.8479 0.4297 0.4297 0.8479 0.8479 0.4297 0.4297 0.4297 0.8479 0.8479 0.4297 0.4297 0.4297 0.8479 0.4297 0.4297
005 049 029 077 0.4297 0.8479 0.8479 0.4297 0.8479 0.8479 0.8479 0.8479 0.8479 0.4297 0.4297 0.4297 0.8479 0.8479 0.8479 0.8479
049 029 077 186 0.4297 0.8479 0.8479 0.4297 0.8479 0.8479 0.8479 0.4297 0.8479 0.8479 0.8479 0.8479 0.4297 0.4297 0.8479 0.8479
029 077 186 033 0.8479 0.8479 0.4297 0.4297 0.8479 0.4297 0.4297 0.4297 0.4297 0.4297 0.8479 0.4297 0.4297 0.4297 0.8479 0.4297
077 186 033 118 0.4297 0.8479 0.8479 0.4297 0.4297 0.8479 0.8479 0.8479 0.8479 0.4297 0.8479 0.8479 0.4297 0.8479 0.4297 0.8479
186 033 118 232 0.4297 0.8479 0.8479 0.4297 0.8479 0.4297 0.4297 0.8479 0.4297 0.8479 0.4297 0.4297 0.8479 0.8479 0.4297 0.4297
033 118 232 217 0.8479 0.8479 0.8479 0.8479 0.4297 0.4297 0.4297 0.8479 0.8479 0.8479 0.4297 0.4297 0.8479 0.8479 0.4297 0.8479
118 232 217 287 0.4297 0.8479 0.4297 0.8479 0.8479 0.8479 0.8479 0.8479 0.4297 0.4297 0.4297 0.8479 0.4297 0.8479 0.8479 0.4297
232 217 287 257 0.4297 0.8479 0.8479 0.4297 0.8479 0.8479 0.8479 0.8479 0.4297 0.4297 0.8479 0.8479 0.8479 0.4297 0.8479 0.4297
217 287 257 148 0.8479 0.4297 0.8479 0.4297 0.4297 0.4297 0.4297 0.4297 0.8479 0.4297 0.8479 0.4297 0.4297 0.8479 0.8479 0.4297
287 257 148 015 0.8479 0.4297 0.4297 0.8479 0.8479 0.8479 0.8479 0.4297 0.4297 0.4297 0.8479 0.4297 0.8479 0.8479 0.8479 0.8479
257 148 015 076 0.8479 0.4297 0.8479 0.8479 0.8479 0.8479 0.8479 0.4297 0.8479 0.8479 0.8479 0.8479 0.8479 0.8479 0.4297 0.8479
148 015 076 223 0.8479 0.4297 0.4297 0.8479 0.4297 0.4297 0.8479 0.4297 0.4297 0.8479 0.4297 0.4297 0.4297 0.4297 0.8479 0.4297
015 076 223 107 0.4297 0.4297 0.8479 0.4297 0.8479 0.4297 0.4297 0.4297 0.4297 0.8479 0.8479 0.8479 0.8479 0.4297 0.8479 0.8479
076 223 107 101 0.4297 0.4297 0.8479 0.8479 0.4297 0.4297 0.4297 0.8479 0.8479 0.4297 0.8479 0.8479 0.8479 0.8479 0.4297 0.8479
223 107 101 272 0.8479 0.8479 0.8479 0.8479 0.8479 0.8479 0.4297 0.4297 0.8479 0.4297 0.8479 0.8479 0.4297 0.4297 0.4297 0.8479
107 101 272 058 0.4297 0.4297 0.8479 0.4297 0.8479 0.4297 0.8479 0.4297 0.8479 0.4297 0.8479 0.8479 0.8479 0.8479 0.4297 0.8479
101 272 058 111 0.4297 0.4297 0.4297 0.4297 0.8479 0.8479 0.8479 0.4297 0.8479 0.8479 0.4297 0.4297 0.4297 0.8479 0.8479 0.8479
272 058 111 313 0.4297 0.8479 0.8479 0.8479 0.8479 0.4297 0.8479 0.4297 0.4297 0.8479 0.8479 0.4297 0.8479 0.8479 0.8479 0.8479
058 111 313 298 0.8479 0.4297 0.8479 0.4297 0.8479 0.8479 0.4297 0.8479 0.4297 0.4297 0.4297 0.8479 0.8479 0.4297 0.4297 0.4297
111 313 298 120 0.4297 0.4297 0.8479 0.8479 0.8479 0.4297 0.4297 0.8479 0.8479 0.8479 0.8479 0.8479 0.8479 0.4297 0.8479 0.8479
313 298 120 192 0.4297 0.4297 0.4297 0.4297 0.4297 0.8479 0.4297 0.8479 0.8479 0.8479 0.8479 0.8479 0.8479 0.4297 0.4297 0.4297
298 120 192 108 0.4297 0.4297 0.8479 0.4297 0.8479 0.8479 0.8479 0.4297 0.4297 0.4297 0.4297 0.8479 0.8479 0.4297 0.4297 0.8479
120 192 108 279 0.4297 0.4297 0.8479 0.8479 0.8479 0.8479 0.8479 0.8479 0.8479 0.8479 0.8479 0.4297 0.4297 0.8479 0.4297 0.8479
192 108 279 259 0.8479 0.4297 0.8479 0.8479 0.8479 0.4297 0.8479 0.8479 0.8479 0.4297 0.8479 0.4297 0.8479 0.4297 0.8479 0.4297
108 279 259 354 0.8479 0.4297 0.8479 0.4297 0.4297 0.8479 0.8479 0.4297 0.8479 0.4297 0.8479 0.8479 0.4297 0.8479 0.4297 0.8479
279 259 354 022 0.4297 0.8479 0.8479 0.8479 0.8479 0.4297 0.4297 0.8479 0.8479 0.8479 0.4297 0.8479 0.8479 0.8479 0.8479 0.8479
259 354 022 025 0.4297 0.8479 0.4297 0.8479 0.8479 0.4297 0.8479 0.8479 0.4297 0.8479 0.8479 0.8479 0.8479 0.8479 0.8479 0.4297
354 022 025 238 0.4297 0.8479 0.4297 0.4297 0.8479 0.8479 0.4297 0.4297 0.8479 0.8479 0.8479 0.8479 0.4297 0.4297 0.8479 0.8479
022 025 238 122 0.8479 0.4297 0.4297 0.4297 0.8479 0.4297 0.8479 0.8479 0.4297 0.4297 0.4297 0.8479 0.8479 0.8479 0.8479 0.4297
025 238 122 175 0.4297 0.8479 0.4297 0.8479 0.4297 0.8479 0.8479 0.8479 0.4297 0.4297 0.8479 0.8479 0.4297 0.8479 0.8479 0.8479
238 122 175 234 0.8479 0.8479 0.4297 0.8479 0.4297 0.4297 0.4297 0.4297 0.8479 0.4297 0.4297 0.4297 0.4297 0.4297 0.4297 0.4297
122 175 234 200 0.8479 0.4297 0.8479 0.4297 0.8479 0.8479 0.4297 0.4297 0.4297 0.8479 0.8479 0.8479 0.8479 0.8479 0.8479 0.8479
175 234 200 043 0.4297 0.4297 0.8479 0.4297 0.4297 0.8479 0.4297 0.8479 0.8479 0.8479 0.4297 0.8479 0.4297 0.4297 0.4297 0.4297
234 200 043 282 0.8479 0.4297 0.8479 0.8479 0.8479 0.4297 0.8479 0.4297 0.4297 0.8479 0.8479 0.8479 0.8479 0.4297 0.4297 0.4297
200 043 282 350 0.8479 0.8479 0.4297 0.8479 0.8479 0.4297 0.4297 0.8479 0.4297 0.8479 0.4297 0.8479 0.8479 0.8479 0.8479 0.4297
043 282 350 274 0.8479 0.4297 0.4297 0.4297 0.8479 0.8479 0.8479 0.8479 0.8479 0.4297 0.4297 0.4297 0.8479 0.8479 0.4297 0.4297
282 350 274 309 0.4297 0.4297 0.4297 0.4297 0.8479 0.4297 0.4297 0.8479 0.8479 0.8479 0.8479 0.8479 0.8479 0.8479 0.8479 0.8479
350 274 309 124 0.4297 0.4297 0.4297 0.4297 0.4297 0.4297 0.8479 0.8479 0.8479 0.4297 0.4297 0.8479 0.8479 0.8479 0.8479 0.4297
274 309 124 048 0.8479 0.8479 0.4297 0.4297 0.8479 0.4297 0.4297 0.4297 0.4297 0.4297 0.4297 0.4297 0.4297 0.4297 0.8479 0.8479
309 124 048 144 0.4297 0.4297 0.4297 0.4297 0.4297 0.4297 0.8479 0.4297 0.4297 0.8479 0.8479 0.8479 0.8479 0.4297 0.8479 0.8479
124 048 144 030 0.8479 0.8479 0.4297 0.8479 0.8479 0.8479 0.4297 0.4297 0.8479 0.4297 0.4297 0.4297 0.4297 0.4297 0.8479 0.8479
048 144 030 230 0.8479 0.4297 0.8479 0.8479 0.4297 0.8479 0.8479 0.4297 0.4297 0.4297 0.4297 0.8479 0.8479 0.4297 0.8479 0.8479
144 030 230 064 0.4297 0.4297 0.4297 0.8479 0.8479 0.8479 0.4297 0.4297 0.4297 0.4297 0.8479 0.4297 0.4297 0.4297 0.8479 0.4297
030 230 064 090 0.8479 0.4297 0.4297 0.8479 0.8479 0.4297 0.8479 0.8479 0.4297 0.8479 0.4297 0.8479 0.8479 0.4297 0.8479 0.8479
230 064 090 091 0.4297 0.8479 0.4297 0.8479 0.8479 0.4297 0.4297 0.8479 0.8479 0.4297 0.8479 0.4297 0.8479 0.4297 0.4297 0.4297
064 090 091 065 0.4297 0.8479 0.4297 0.4297 0.8479 0.4297 0.4297 0.4297 0.4297 0.8479 0.8479 0.8479 0.4297 0.4297 0.4297 0.4297
090 091 065 083 0.8479 0.4297 0.4297 0.8479 0.4297 0.4297 0.4297 0.4297 0.4297 0.4297 0.8479 0.8479 0.4297 0.8479 0.4297 0.4297
091 065 083 176 0.4297 0.4297 0.8479 0.8479 0.4297 0.8479 0.4297 0.8479 0.4297 0.4297 0.8479 0.8479 0.8479 0.8479 0.4297 0.8479
065 083 176 156 0.4297 0.8479 0.4297 0.4297 0.4297 0.8479 0.8479 0.8479 0.4297 0.8479 0.8479 0.4297 0.8479 0.8479 0.4297 0.4297
083 176 156 285 0.8479 0.4297 0.4297 0.8479 0.4297 0.8479 0.4297 0.8479 0.4297 0.8479 0.4297 0.8479 0.4297 0.4297 0.4297 0.4297
176 156 285 315 0.8479 0.8479 0.4297 0.4297 0.4297 0.4297 0.4297 0.8479 0.8479 0.8479 0.8479 0.8479 0.8479 0.4297 0.8479 0.4297
156 285 315 327 0.4297 0.4297 0.8479 0.4297 0.8479 0.4297 0.8479 0.8479 0.4297 0.4297 0.4297 0.4297 0.8479 0.8479 0.4297 0.8479
285 315 327 355 0.4297 0.8479 0.4297 0.8479 0.8479 0.8479 0.4297 0.8479 0.4297 0.8479 0.4297 0.4297 0.8479 0.8479 0.4297 0.4297
315 327 355 344 0.4297 0.4297 0.8479 0.4297 0.4297 0.4297 0.8479 0.8479 0.4297 0.8479 0.4297 0.4297 0.4297 0.4297 0.8479 0.4297
327 355 344 110 0.4297 0.8479 0.8479 0.4297 0.4297 0.4297 0.4297 0.4297 0.4297 0.8479 0.4297 0.8479 0.4297 0.4297 0.4297 0.4297
355 344 110 018 0.4297 0.4297 0.4297 0.8479 0.4297 0.8479 0.4297 0.8479 0.8479 0.8479 0.8479 0.4297 0.8479 0.4297 0.8479 0.8479
344 110 018 154 0.4297 0.8479 0.4297 0.8479 0.8479 0.4297 0.8479 0.8479 0.8479 0.4297 0.8479 0.4297 0.8479 0.8479 0.4297 0.8479
110 018 154 229 0.4297 0.4297 0.8479 0.8479 0.4297 0.8479 0.8479 0.8479 0.4297 0.4297 0.8479 0.8479 0.8479 0.4297 0.4297 0.8479
018 154 229 152 0.8479 0.8479 0.4297 0.8479 0.8479 0.4297 0.4297 0.8479 0.4297 0.8479 0.8479 0.8479 0.4297 0.4297 0.8479 0.8479
154 229 152 071 0.4297 0.4297 0.8479 0.8479 0.4297 0.8479 0.8479 0.8479 0.4297 0.4297 0.4297 0.8479 0.8479 0.4297 0.8479 0.8479
229 152 071 269 0.8479 0.4297 0.8479 0.8479 0.4297 0.4297 0.8479 0.4297 0.8479 0.8479 0.4297 0.8479 0.4297 0.4297 0.8479 0.8479
152 071 269 062 0.4297 0.4297 0.8479 0.8479 0.8479 0.4297 0.4297 0.8479 0.4297 0.4297 0.4297 0.4297 0.4297 0.4297 0.8479 0.4297
071 269 062 331 0.8479 0.4297 0.4297 0.4297 0.4297 0.4297 0.4297 0.4297 0.8479 0.8479 0.8479 0.4297 0.8479 0.8479 0.8479 0.4297
269 062 331 088 0.4297 0.4297 0.4297 0.8479 0.8479 0.8479 0.8479 0.8479 0.4297 0.4297 0.4297 0.4297 0.8479 0.4297 0.8479 0.4297
062 331 088 157 0.4297 0.4297 0.4297 0.4297 0.4297 0.4297 0.8479 0.4297 0.4297 0.4297 0.4297 0.4297 0.4297 0.4297 0.8479 0.8479
331 088 157 351 0.8479 0.4297 0.8479 0.4297 0.8479 0.8479 0.8479 0.4297 0.4297 0.8479 0.4297 0.8479 0.8479 0.8479 0.8479 0.4297
088 157 351 145 0.4297 0.8479 0.4297 0.8479 0.8479 0.4297 0.4297 0.4297 0.8479 0.4297 0.4297 0.4297 0.4297 0.8479 0.8479 0.4297
157 351 145 147 0.4297 0.8479 0.8479 0.4297 0.4297 0.8479 0.4297 0.8479 0.4297 0.4297 0.8479 0.4297 0.8479 0.8479 0.8479 0.8479
351 145 147 119 0.8479 0.4297 0.4297 0.4297 0.8479 0.8479 0.8479 0.4297 0.8479 0.8479 0.4297 0.8479 0.4297 0.8479 0.8479 0.4297
145 147 119 191 0.8479 0.4297 0.8479 0.8479 0.4297 0.8479 0.8479 0.4297 0.8479 0.8479 0.4297 0.4297 0.8479 0.8479 0.8479 0.4297
147 119 191 310 0.4297 0.4297 0.8479 0.4297 0.4297 0.8479 0.4297 0.4297 0.8479 0.4297 0.8479 0.4297 0.8479 0.8479 0.8479 0.8479
119 191 310 004 0.4297 0.4297 0.8479 0.4297 0.4297 0.8479 0.4297 0.8479 0.4297 0.4297 0.8479 0.4297 0.8479 0.8479 0.4297 0.4297
191 310 004 173 0.8479 0.4297 0.8479 0.8479 0.8479 0.8479 0.8479 0.4297 0.8479 0.4297 0.8479 0.8479 0.8479 0.8479 0.8479 0.4297
310 004 173 208 0.8479 0.8479 0.4297 0.4297 0.8479 0.8479 0.8479 0.4297 0.8479 0.8479 0.8479 0.4297 0.4297 0.8479 0.4297 0.8479
004 173 208 296 0.8479 0.8479 0.8479 0.4297 0.8479 0.4297 0.8479 0.8479 0.8479 0.8479 0.8479 0.4297 0.4297 0.8479 0.8479 0.4297
173 208 296 258 0.4297 0.8479 0.8479 0.8479 0.8479 0.8479 0.4297 0.8479 0.4297 0.8479 0.8479 0.8479 0.4297 0.8479 0.4297 0.8479
208 296 258 334 0.8479 0.8479 0.4297 0.4297 0.4297 0.8479 0.4297 0.8479 0.8479 0.8479 0.8479 0.4297 0.4297 0.4297 0.8479 0.8479
296 258 334 087 0.4297 0.4297 0.4297 0.4297 0.4297 0.8479 0.8479 0.4297 0.4297 0.4297 0.8479 0.8479 0.4297 0.4297 0.4297 0.8479
258 334 087 311 0.4297 0.8479 0.8479 0.4297 0.4297 0.4297 0.4297 0.8479 0.4297 0.8479 0.8479 0.4297 0.8479 0.4297 0.8479 0.4297
334 087 311 032 0.4297 0.8479 0.8479 0.4297 0.8479 0.4297 0.4297 0.4297 0.8479 0.8479 0.4297 0.8479 0.8479 0.4297 0.4297 0.4297
087 311 032 316 0.8479 0.4297 0.8479 0.8479 0.8479 0.4297 0.8479 0.8479 0.4297 0.4297 0.4297 0.8479 0.4297 0.8479 0.4297 0.8479
311 032 316 133 0.8479 0.4297 0.4297 0.4297 0.4297 0.4297 0.4297 0.4297 0.4297 0.8479 0.4297 0.4297 0.8479 0.8479 0.8479 0.4297
032 316 133 291 0.8479 0.8479 0.4297 0.4297 0.8479 0.4297 0.4297 0.8479 0.4297 0.4297 0.8479 0.4297 0.8479 0.4297 0.8479 0.4297
316 133 291 057 0.8479 0.8479 0.8479 0.4297 0.8479 0.4297 0.8479 0.4297 0.4297 0.4297 0.4297 0.8479 0.4297 0.8479 0.8479 0.8479
133 291 057 045 0.8479 0.8479 0.8479 0.8479 0.8479 0.8479 0.8479 0.4297 0.8479 0.8479 0.8479 0.8479 0.8479 0.8479 0.4297 0.4297
291 057 045 164 0.4297 0.8479 0.8479 0.4297 0.8479 0.8479 0.8479 0.8479 0.4297 0.8479 0.8479 0.8479 0.4297 0.8479 0.4297 0.4297
057 045 164 155 0.8479 0.4297 0.8479 0.4297 0.4297 0.4297 0.8479 0.8479 0.4297 0.4297 0.8479 0.4297 0.8479 0.8479 0.8479 0.4297
045 164 155 288 0.4297 0.4297 0.8479 0.4297 0.4297 0.8479 0.8479 0.8479 0.4297 0.4297 0.4297 0.8479 0.8479 0.8479 0.4297 0.8479
164 155 288 239 0.4297 0.4297 0.4297 0.4297 0.4297 0.4297 0.8479 0.4297 0.8479 0.8479 0.8479 0.8479 0.4297 0.4297 0.8479 0.4297
155 288 239 121 0.4297 0.4297 0.8479 0.4297 0.8479 0.8479 0.8479 0.8479 0.8479 0.4297 0.4297 0.8479 0.4297 0.4297 0.4297 0.8479
288 239 121 326 0.8479 0.4297 0.8479 0.8479 0.8479 0.8479 0.4297 0.4297 0.4297 0.4297 0.4297 0.8479 0.8479 0.4297 0.4297 0.4297
239 121 326 183 0.8479 0.8479 0.8479 0.4297 0.8479 0.8479 0.8479 0.4297 0.4297 0.4297 0.8479 0.4297 0.4297 0.8479 0.8479 0.8479
121 326 183 336 0.8479 0.8479 0.4297 0.8479 0.8479 0.4297 0.4297 0.4297 0.8479 0.8479 0.4297 0.8479 0.8479 0.8479 0.4297 0.4297
326 183 336 268 0.4297 0.4297 0.4297 0.8479 0.8479 0.8479 0.8479 0.4297 0.4297 0.8479 0.8479 0.8479 0.4297 0.8479 0.4297 0.8479
183 336 268 129 0.4297 0.8479 0.8479 0.8479 0.8479 0.4297 0.8479 0.4297 0.8479 0.8479 0.4297 0.4297 0.8479 0.8479 0.8479 0.8479
336 268 129 181 0.8479 0.4297 0.8479 0.8479 0.4297 0.8479 0.8479 0.8479 0.4297 0.4297 0.4297 0.8479 0.4297 0.8479 0.4297 0.8479
268 129 181 109 0.4297 0.4297 0.4297 0.4297 0.4297 0.4297 0.8479 0.4297 0.8479 0.4297 0.8479 0.4297 0.4297 0.8479 0.8479 0.4297
129 181 109 084 0.4297 0.8479 0.4297 0.8479 0.4297 0.4297 0.4297 0.8479 0.8479 0.4297 0.4297 0.4297 0.4297 0.8479 0.8479 0.8479
181 109 084 034 0.4297 0.4297 0.8479 0.8479 0.4297 0.4297 0.4297 0.4297 0.8479 0.8479 0.4297 0.8479 0.4297 0.4297 0.8479 0.8479
