356 031684 3
197 352 231 002 0.1265 0.4058 0.1265 0.4058 0.4058 0.4058 0.4058 0.4058 0.1265 0.4058 0.4058 0.1265 0.1265 0.4058 0.4058 0.1265
352 231 002 141 0.1265 0.4058 0.4058 0.1265 0.1265 0.1265 0.1265 0.4058 0.4058 0.1265 0.4058 0.4058 0.4058 0.1265 0.4058 0.4058
231 002 141 170 0.1265 0.1265 0.4058 0.4058 0.1265 0.4058 0.1265 0.1265 0.4058 0.4058 0.4058 0.4058 0.1265 0.4058 0.4058 0.1265
002 141 170 173 0.4058 0.4058 0.4058 0.4058 0.1265 0.4058 0.1265 0.1265 0.1265 0.4058 0.1265 0.4058 0.4058 0.1265 0.1265 0.4058
141 170 173 134 0.4058 0.4058 0.4058 0.4058 0.4058 0.4058 0.4058 0.4058 0.4058 0.1265 0.4058 0.4058 0.4058 0.4058 0.4058 0.1265
170 173 134 036 0.4058 0.4058 0.1265 0.1265 0.1265 0.4058 0.1265 0.1265 0.1265 0.4058 0.1265 0.1265 0.4058 0.4058 0.4058 0.1265
173 134 036 268 0.4058 0.1265 0.4058 0.1265 0.1265 0.1265 0.4058 0.4058 0.4058 0.1265 0.4058 0.4058 0.1265 0.1265 0.4058 0.1265
134 036 268 031 0.1265 0.1265 0.4058 0.1265 0.4058 0.4058 0.4058 0.4058 0.4058 0.1265 0.1265 0.1265 0.1265 0.1265 0.4058 0.4058
036 268 031 260 0.1265 0.4058 0.4058 0.1265 0.1265 0.1265 0.1265 0.1265 0.4058 0.4058 0.4058 0.1265 0.4058 0.1265 0.4058 0.1265
268 031 260 279 0.4058 0.4058 0.1265 0.4058 0.1265 0.4058 0.1265 0.1265 0.1265 0.1265 0.1265 0.1265 0.4058 0.1265 0.1265 0.4058
031 260 279 250 0.4058 0.4058 0.1265 0.1265 0.4058 0.1265 0.1265 0.1265 0.4058 0.1265 0.4058 0.4058 0.1265 0.4058 0.4058 0.4058
260 279 250 339 0.1265 0.4058 0.1265 0.1265 0.4058 0.1265 0.1265 0.4058 0.4058 0.4058 0.4058 0.4058 0.4058 0.1265 0.4058 0.1265
279 250 339 336 0.4058 0.4058 0.4058 0.4058 0.4058 0.4058 0.1265 0.4058 0.1265 0.1265 0.4058 0.1265 0.4058 0.1265 0.4058 0.1265
250 339 336 006 0.1265 0.1265 0.4058 0.4058 0.4058 0.1265 0.1265 0.4058 0.1265 0.4058 0.1265 0.4058 0.1265 0.4058 0.4058 0.1265
339 336 006 152 0.1265 0.1265 0.4058 0.4058 0.1265 0.4058 0.4058 0.4058 0.1265 0.4058 0.4058 0.4058 0.1265 0.1265 0.1265 0.4058
336 006 152 010 0.1265 0.4058 0.1265 0.4058 0.1265 0.1265 0.1265 0.1265 0.4058 0.1265 0.4058 0.1265 0.4058 0.1265 0.4058 0.4058
006 152 010 288 0.1265 0.1265 0.1265 0.1265 0.4058 0.4058 0.4058 0.1265 0.1265 0.1265 0.1265 0.1265 0.1265 0.4058 0.4058 0.1265
152 010 288 176 0.4058 0.1265 0.4058 0.4058 0.4058 0.4058 0.4058 0.1265 0.4058 0.1265 0.4058 0.4058 0.4058 0.4058 0.4058 0.4058
010 288 176 331 0.1265 0.1265 0.4058 0.1265 0.1265 0.4058 0.1265 0.4058 0.1265 0.1265 0.4058 0.4058 0.1265 0.1265 0.4058 0.1265
288 176 331 244 0.4058 0.1265 0.4058 0.1265 0.4058 0.4058 0.4058 0.1265 0.4058 0.4058 0.1265 0.4058 0.1265 0.4058 0.1265 0.1265
176 331 244 092 0.1265 0.1265 0.4058 0.1265 0.4058 0.4058 0.1265 0.1265 0.1265 0.1265 0.1265 0.4058 0.1265 0.1265 0.1265 0.4058
331 244 092 157 0.4058 0.1265 0.4058 0.1265 0.4058 0.1265 0.1265 0.4058 0.1265 0.4058 0.1265 0.4058 0.4058 0.4058 0.4058 0.4058
244 092 157 015 0.1265 0.4058 0.1265 0.4058 0.1265 0.4058 0.4058 0.1265 0.4058 0.1265 0.4058 0.4058 0.1265 0.1265 0.4058 0.1265
092 157 015 156 0.4058 0.1265 0.4058 0.4058 0.1265 0.1265 0.4058 0.4058 0.4058 0.4058 0.1265 0.1265 0.1265 0.1265 0.4058 0.1265
157 015 156 024 0.1265 0.1265 0.4058 0.4058 0.4058 0.1265 0.1265 0.1265 0.1265 0.4058 0.4058 0.1265 0.1265 0.1265 0.1265 0.4058
015 156 024 287 0.4058 0.1265 0.4058 0.4058 0.1265 0.4058 0.1265 0.4058 0.1265 0.4058 0.4058 0.1265 0.4058 0.4058 0.4058 0.4058
156 024 287 346 0.4058 0.4058 0.1265 0.1265 0.1265 0.4058 0.1265 0.1265 0.1265 0.1265 0.1265 0.1265 0.4058 0.4058 0.1265 0.4058
024 287 346 273 0.1265 0.1265 0.1265 0.4058 0.1265 0.4058 0.4058 0.1265 0.1265 0.4058 0.4058 0.1265 0.1265 0.1265 0.4058 0.4058
287 346 273 335 0.1265 0.4058 0.1265 0.4058 0.4058 0.4058 0.1265 0.1265 0.4058 0.4058 0.4058 0.1265 0.4058 0.1265 0.4058 0.1265
346 273 335 234 0.4058 0.4058 0.1265 0.1265 0.4058 0.1265 0.4058 0.1265 0.4058 0.1265 0.4058 0.1265 0.1265 0.1265 0.1265 0.1265
273 335 234 247 0.4058 0.4058 0.4058 0.1265 0.1265 0.1265 0.1265 0.4058 0.4058 0.1265 0.1265 0.4058 0.1265 0.4058 0.4058 0.4058
335 234 247 105 0.4058 0.1265 0.1265 0.1265 0.4058 0.1265 0.1265 0.4058 0.1265 0.1265 0.4058 0.4058 0.4058 0.4058 0.1265 0.1265
234 247 105 188 0.1265 0.4058 0.4058 0.4058 0.4058 0.4058 0.1265 0.4058 0.1265 0.1265 0.1265 0.4058 0.4058 0.1265 0.1265 0.1265
247 105 188 192 0.1265 0.1265 0.1265 0.4058 0.4058 0.4058 0.4058 0.1265 0.1265 0.4058 0.4058 0.1265 0.4058 0.4058 0.1265 0.1265
105 188 192 295 0.4058 0.4058 0.4058 0.4058 0.4058 0.1265 0.1265 0.1265 0.1265 0.4058 0.4058 0.1265 0.1265 0.4058 0.4058 0.1265
188 192 295 099 0.1265 0.4058 0.4058 0.1265 0.4058 0.1265 0.1265 0.1265 0.4058 0.1265 0.1265 0.1265 0.1265 0.1265 0.1265 0.1265
192 295 099 322 0.1265 0.1265 0.1265 0.1265 0.1265 0.1265 0.1265 0.1265 0.1265 0.4058 0.1265 0.1265 0.4058 0.4058 0.1265 0.4058
295 099 322 055 0.4058 0.1265 0.4058 0.4058 0.1265 0.1265 0.4058 0.4058 0.1265 0.1265 0.4058 0.1265 0.4058 0.4058 0.4058 0.1265
099 322 055 151 0.1265 0.4058 0.4058 0.4058 0.1265 0.1265 0.4058 0.1265 0.4058 0.1265 0.4058 0.1265 0.4058 0.4058 0.4058 0.1265
322 055 151 208 0.1265 0.4058 0.1265 0.1265 0.1265 0.4058 0.1265 0.4058 0.4058 0.4058 0.1265 0.1265 0.1265 0.1265 0.1265 0.4058
055 151 208 205 0.4058 0.1265 0.1265 0.4058 0.1265 0.1265 0.1265 0.4058 0.1265 0.1265 0.4058 0.1265 0.1265 0.4058 0.4058 0.1265
151 208 205 118 0.1265 0.1265 0.4058 0.1265 0.4058 0.1265 0.4058 0.4058 0.4058 0.1265 0.4058 0.1265 0.4058 0.1265 0.4058 0.1265
208 205 118 201 0.1265 0.1265 0.1265 0.1265 0.1265 0.4058 0.1265 0.4058 0.4058 0.4058 0.4058 0.4058 0.1265 0.1265 0.4058 0.4058
205 118 201 033 0.4058 0.4058 0.4058 0.4058 0.1265 0.1265 0.1265 0.1265 0.4058 0.1265 0.1265 0.1265 0.1265 0.4058 0.1265 0.1265
118 201 033 082 0.1265 0.4058 0.1265 0.4058 0.4058 0.1265 0.4058 0.4058 0.4058 0.4058 0.1265 0.1265 0.1265 0.1265 0.1265 0.1265
201 033 082 081 0.4058 0.4058 0.4058 0.4058 0.4058 0.4058 0.1265 0.4058 0.4058 0.4058 0.1265 0.4058 0.4058 0.4058 0.4058 0.1265
033 082 081 264 0.4058 0.4058 0.4058 0.1265 0.4058 0.4058 0.4058 0.4058 0.4058 0.4058 0.1265 0.1265 0.1265 0.4058 0.1265 0.1265
082 081 264 275 0.4058 0.4058 0.4058 0.1265 0.1265 0.4058 0.1265 0.4058 0.4058 0.1265 0.1265 0.1265 0.4058 0.4058 0.1265 0.4058
081 264 275 344 0.4058 0.1265 0.1265 0.4058 0.1265 0.1265 0.4058 0.4058 0.1265 0.1265 0.4058 0.4058 0.4058 0.4058 0.1265 0.4058
264 275 344 193 0.4058 0.1265 0.1265 0.1265 0.4058 0.1265 0.4058 0.4058 0.1265 0.4058 0.1265 0.1265 0.1265 0.4058 0.4058 0.1265
275 344 193 320 0.1265 0.1265 0.4058 0.4058 0.4058 0.1265 0.4058 0.1265 0.1265 0.1265 0.1265 0.1265 0.1265 0.4058 0.1265 0.4058
344 193 320 113 0.1265 0.1265 0.4058 0.4058 0.4058 0.1265 0.4058 0.1265 0.1265 0.4058 0.4058 0.1265 0.4058 0.1265 0.1265 0.4058
193 320 113 262 0.4058 0.1265 0.4058 0.1265 0.4058 0.4058 0.1265 0.1265 0.4058 0.1265 0.1265 0.4058 0.1265 0.4058 0.1265 0.1265
320 113 262 318 0.4058 0.4058 0.4058 0.1265 0.4058 0.1265 0.1265 0.4058 0.4058 0.1265 0.4058 0.4058 0.4058 0.4058 0.1265 0.1265
113 262 318 097 0.1265 0.1265 0.1265 0.4058 0.1265 0.1265 0.1265 0.4058 0.1265 0.1265 0.1265 0.1265 0.4058 0.4058 0.1265 0.4058
262 318 097 323 0.1265 0.1265 0.1265 0.4058 0.4058 0.1265 0.4058 0.1265 0.1265 0.1265 0.1265 0.1265 0.1265 0.1265 0.1265 0.1265
318 097 323 241 0.1265 0.1265 0.1265 0.4058 0.1265 0.1265 0.1265 0.4058 0.1265 0.1265 0.4058 0.4058 0.4058 0.1265 0.1265 0.4058
097 323 241 161 0.4058 0.4058 0.1265 0.1265 0.1265 0.1265 0.4058 0.4058 0.4058 0.4058 0.1265 0.4058 0.1265 0.1265 0.4058 0.4058
323 241 161 202 0.4058 0.1265 0.4058 0.4058 0.1265 0.1265 0.1265 0.4058 0.4058 0.1265 0.1265 0.4058 0.4058 0.1265 0.1265 0.4058
241 161 202 042 0.4058 0.1265 0.4058 0.4058 0.1265 0.4058 0.1265 0.4058 0.1265 0.4058 0.1265 0.4058 0.4058 0.1265 0.4058 0.1265
161 202 042 324 0.1265 0.4058 0.1265 0.4058 0.1265 0.4058 0.4058 0.1265 0.4058 0.1265 0.1265 0.1265 0.1265 0.1265 0.4058 0.4058
202 042 324 159 0.1265 0.4058 0.4058 0.1265 0.4058 0.4058 0.1265 0.1265 0.1265 0.1265 0.4058 0.1265 0.4058 0.1265 0.1265 0.1265
042 324 159 100 0.4058 0.4058 0.1265 0.1265 0.4058 0.1265 0.1265 0.4058 0.1265 0.1265 0.4058 0.4058 0.1265 0.4058 0.1265 0.1265
324 159 100 232 0.1265 0.1265 0.4058 0.4058 0.1265 0.4058 0.1265 0.1265 0.4058 0.1265 0.1265 0.4058 0.4058 0.4058 0.1265 0.4058
159 100 232 043 0.1265 0.4058 0.4058 0.1265 0.4058 0.1265 0.4058 0.1265 0.4058 0.4058 0.4058 0.4058 0.4058 0.4058 0.4058 0.4058
100 232 043 270 0.1265 0.1265 0.1265 0.4058 0.4058 0.4058 0.1265 0.1265 0.1265 0.1265 0.1265 0.4058 0.4058 0.4058 0.1265 0.1265
232 043 270 088 0.1265 0.1265 0.4058 0.4058 0.4058 0.1265 0.4058 0.1265 0.4058 0.4058 0.4058 0.4058 0.1265 0.1265 0.1265 0.4058
043 270 088 117 0.1265 0.4058 0.4058 0.4058 0.4058 0.1265 0.1265 0.4058 0.1265 0.1265 0.1265 0.1265 0.1265 0.1265 0.1265 0.4058
270 088 117 269 0.4058 0.4058 0.4058 0.1265 0.4058 0.1265 0.1265 0.1265 0.1265 0.4058 0.1265 0.4058 0.1265 0.4058 0.4058 0.1265
088 117 269 249 0.1265 0.4058 0.4058 0.4058 0.1265 0.4058 0.4058 0.4058 0.1265 0.1265 0.1265 0.1265 0.1265 0.1265 0.1265 0.1265
117 269 249 223 0.4058 0.1265 0.1265 0.1265 0.4058 0.4058 0.1265 0.4058 0.4058 0.1265 0.4058 0.1265 0.4058 0.4058 0.1265 0.1265
269 249 223 195 0.4058 0.4058 0.1265 0.4058 0.4058 0.4058 0.1265 0.4058 0.4058 0.1265 0.4058 0.4058 0.4058 0.4058 0.1265 0.4058
249 223 195 290 0.1265 0.1265 0.4058 0.4058 0.1265 0.4058 0.4058 0.4058 0.4058 0.1265 0.1265 0.1265 0.1265 0.4058 0.4058 0.1265
223 195 290 178 0.1265 0.4058 0.4058 0.4058 0.1265 0.4058 0.1265 0.4058 0.1265 0.1265 0.1265 0.4058 0.4058 0.1265 0.1265 0.4058
195 290 178 265 0.1265 0.1265 0.1265 0.1265 0.4058 0.4058 0.4058 0.4058 0.4058 0.4058 0.1265 0.4058 0.1265 0.1265 0.4058 0.4058
290 178 265 079 0.1265 0.4058 0.4058 0.4058 0.4058 0.1265 0.4058 0.4058 0.4058 0.1265 0.4058 0.4058 0.1265 0.1265 0.1265 0.1265
178 265 079 257 0.4058 0.4058 0.4058 0.4058 0.4058 0.1265 0.4058 0.1265 0.1265 0.4058 0.4058 0.4058 0.1265 0.4058 0.4058 0.4058
265 079 257 020 0.1265 0.1265 0.4058 0.1265 0.4058 0.4058 0.4058 0.1265 0.1265 0.4058 0.4058 0.1265 0.4058 0.4058 0.4058 0.4058
079 257 020 333 0.4058 0.4058 0.4058 0.4058 0.1265 0.1265 0.1265 0.4058 0.4058 0.4058 0.1265 0.1265 0.4058 0.4058 0.1265 0.4058
257 020 333 334 0.4058 0.4058 0.4058 0.1265 0.1265 0.1265 0.1265 0.1265 0.1265 0.1265 0.1265 0.4058 0.4058 0.4058 0.4058 0.4058
020 333 334 123 0.4058 0.1265 0.1265 0.4058 0.4058 0.4058 0.4058 0.1265 0.1265 0.1265 0.4058 0.4058 0.4058 0.1265 0.1265 0.1265
333 334 123 060 0.1265 0.4058 0.1265 0.1265 0.1265 0.4058 0.4058 0.1265 0.1265 0.4058 0.1265 0.4058 0.1265 0.4058 0.1265 0.4058
334 123 060 172 0.1265 0.4058 0.1265 0.4058 0.1265 0.1265 0.4058 0.4058 0.1265 0.1265 0.1265 0.4058 0.4058 0.4058 0.1265 0.1265
123 060 172 321 0.1265 0.1265 0.1265 0.4058 0.4058 0.1265 0.4058 0.4058 0.1265 0.1265 0.1265 0.4058 0.1265 0.4058 0.1265 0.1265
060 172 321 327 0.4058 0.4058 0.4058 0.1265 0.1265 0.1265 0.4058 0.1265 0.4058 0.4058 0.4058 0.4058 0.4058 0.1265 0.1265 0.4058
172 321 327 177 0.4058 0.4058 0.1265 0.4058 0.4058 0.1265 0.4058 0.1265 0.1265 0.4058 0.4058 0.1265 0.1265 0.4058 0.1265 0.1265
321 327 177 085 0.4058 0.4058 0.1265 0.4058 0.1265 0.4058 0.4058 0.4058 0.4058 0.4058 0.4058 0.1265 0.1265 0.4058 0.4058 0.1265
327 177 085 342 0.1265 0.4058 0.1265 0.4058 0.1265 0.1265 0.4058 0.4058 0.1265 0.1265 0.1265 0.1265 0.4058 0.1265 0.1265 0.1265
177 085 342 000 0.4058 0.4058 0.1265 0.4058 0.1265 0.1265 0.1265 0.4058 0.1265 0.1265 0.4058 0.1265 0.1265 0.1265 0.4058 0.1265
085 342 000 263 0.4058 0.4058 0.4058 0.4058 0.1265 0.4058 0.4058 0.1265 0.4058 0.1265 0.4058 0.4058 0.4058 0.4058 0.1265 0.4058
342 000 263 120 0.4058 0.4058 0.1265 0.4058 0.4058 0.1265 0.4058 0.4058 0.1265 0.1265 0.4058 0.4058 0.1265 0.1265 0.1265 0.1265
000 263 120 109 0.4058 0.1265 0.1265 0.1265 0.1265 0.4058 0.1265 0.4058 0.4058 0.4058 0.1265 0.4058 0.4058 0.1265 0.4058 0.4058
263 120 109 014 0.1265 0.1265 0.4058 0.1265 0.1265 0.1265 0.4058 0.4058 0.4058 0.1265 0.1265 0.1265 0.1265 0.1265 0.1265 0.1265
120 109 014 337 0.4058 0.1265 0.1265 0.4058 0.1265 0.1265 0.4058 0.4058 0.4058 0.4058 0.1265 0.1265 0.1265 0.1265 0.4058 0.1265
109 014 337 292 0.1265 0.1265 0.4058 0.4058 0.4058 0.1265 0.1265 0.4058 0.4058 0.4058 0.4058 0.4058 0.4058 0.4058 0.1265 0.4058
014 337 292 179 0.1265 0.1265 0.4058 0.1265 0.4058 0.1265 0.1265 0.1265 0.1265 0.4058 0.4058 0.4058 0.1265 0.4058 0.1265 0.4058
337 292 179 111 0.1265 0.4058 0.4058 0.1265 0.1265 0.1265 0.4058 0.4058 0.1265 0.1265 0.4058 0.1265 0.1265 0.1265 0.4058 0.4058
292 179 111 217 0.1265 0.4058 0.1265 0.1265 0.4058 0.1265 0.1265 0.4058 0.4058 0.4058 0.1265 0.4058 0.4058 0.1265 0.1265 0.1265
179 111 217 229 0.1265 0.1265 0.1265 0.4058 0.1265 0.4058 0.1265 0.4058 0.4058 0.1265 0.4058 0.1265 0.4058 0.4058 0.4058 0.4058
111 217 229 348 0.4058 0.4058 0.1265 0.4058 0.1265 0.4058 0.4058 0.1265 0.1265 0.4058 0.1265 0.4058 0.1265 0.4058 0.1265 0.1265
217 229 348 068 0.4058 0.4058 0.4058 0.4058 0.1265 0.1265 0.4058 0.1265 0.1265 0.1265 0.4058 0.4058 0.1265 0.4058 0.4058 0.1265
229 348 068 314 0.1265 0.4058 0.4058 0.4058 0.1265 0.4058 0.1265 0.4058 0.1265 0.4058 0.1265 0.4058 0.1265 0.1265 0.1265 0.4058
348 068 314 196 0.1265 0.1265 0.4058 0.1265 0.4058 0.1265 0.1265 0.4058 0.1265 0.1265 0.1265 0.4058 0.1265 0.4058 0.4058 0.4058
068 314 196 035 0.1265 0.1265 0.4058 0.4058 0.4058 0.4058 0.4058 0.4058 0.4058 0.1265 0.1265 0.4058 0.1265 0.4058 0.1265 0.1265
314 196 035 131 0.1265 0.1265 0.1265 0.1265 0.1265 0.1265 0.1265 0.1265 0.1265 0.4058 0.4058 0.1265 0.1265 0.1265 0.4058 0.1265
196 035 131 130 0.1265 0.1265 0.1265 0.1265 0.1265 0.4058 0.4058 0.4058 0.4058 0.4058 0.1265 0.4058 0.1265 0.4058 0.1265 0.4058
035 131 130 127 0.1265 0.4058 0.4058 0.4058 0.4058 0.1265 0.1265 0.1265 0.4058 0.1265 0.1265 0.1265 0.4058 0.4058 0.4058 0.1265
131 130 127 110 0.4058 0.1265 0.4058 0.1265 0.4058 0.1265 0.1265 0.4058 0.4058 0.1265 0.1265 0.1265 0.4058 0.1265 0.1265 0.1265
130 127 110 328 0.1265 0.4058 0.4058 0.4058 0.4058 0.4058 0.4058 0.1265 0.4058 0.1265 0.4058 0.4058 0.4058 0.4058 0.4058 0.4058
127 110 328 106 0.1265 0.1265 0.1265 0.4058 0.4058 0.1265 0.1265 0.1265 0.4058 0.4058 0.1265 0.1265 0.1265 0.1265 0.1265 0.4058
110 328 106 034 0.1265 0.1265 0.4058 0.4058 0.1265 0.4058 0.4058 0.4058 0.4058 0.1265 0.4058 0.4058 0.4058 0.1265 0.4058 0.1265
328 106 034 132 0.4058 0.1265 0.1265 0.1265 0.4058 0.4058 0.4058 0.4058 0.4058 0.4058 0.4058 0.4058 0.1265 0.4058 0.1265 0.1265
106 034 132 312 0.1265 0.1265 0.1265 0.1265 0.4058 0.1265 0.4058 0.1265 0.1265 0.4058 0.4058 0.1265 0.1265 0.4058 0.1265 0.1265
034 132 312 267 0.1265 0.4058 0.1265 0.1265 0.4058 0.1265 0.4058 0.1265 0.1265 0.4058 0.4058 0.4058 0.1265 0.1265 0.4058 0.1265
132 312 267 146 0.4058 0.1265 0.4058 0.1265 0.1265 0.1265 0.4058 0.4058 0.1265 0.4058 0.4058 0.1265 0.1265 0.1265 0.4058 0.1265
312 267 146 194 0.4058 0.4058 0.4058 0.1265 0.1265 0.1265 0.1265 0.1265 0.4058 0.1265 0.1265 0.4058 0.4058 0.1265 0.4058 0.4058
267 146 194 021 0.4058 0.1265 0.1265 0.4058 0.4058 0.1265 0.4058 0.1265 0.1265 0.1265 0.1265 0.4058 0.1265 0.4058 0.4058 0.4058
146 194 021 008 0.1265 0.1265 0.1265 0.1265 0.1265 0.4058 0.4058 0.4058 0.4058 0.1265 0.4058 0.4058 0.4058 0.4058 0.4058 0.1265
194 021 008 119 0.1265 0.1265 0.1265 0.4058 0.1265 0.1265 0.4058 0.4058 0.4058 0.4058 0.4058 0.4058 0.4058 0.1265 0.1265 0.4058
021 008 119 350 0.1265 0.4058 0.1265 0.4058 0.1265 0.4058 0.1265 0.4058 0.4058 0.4058 0.1265 0.4058 0.4058 0.4058 0.1265 0.1265
008 119 350 299 0.1265 0.1265 0.4058 0.1265 0.4058 0.1265 0.4058 0.1265 0.1265 0.1265 0.4058 0.1265 0.4058 0.4058 0.1265 0.4058
119 350 299 285 0.1265 0.4058 0.1265 0.4058 0.4058 0.1265 0.1265 0.4058 0.1265 0.4058 0.1265 0.1265 0.1265 0.4058 0.4058 0.1265
350 299 285 240 0.4058 0.4058 0.4058 0.4058 0.1265 0.1265 0.1265 0.1265 0.4058 0.1265 0.1265 0.1265 0.4058 0.1265 0.4058 0.1265
299 285 240 095 0.4058 0.1265 0.1265 0.1265 0.4058 0.4058 0.1265 0.1265 0.1265 0.1265 0.1265 0.4058 0.1265 0.1265 0.1265 0.1265
285 240 095 286 0.4058 0.1265 0.4058 0.1265 0.1265 0.1265 0.1265 0.4058 0.1265 0.4058 0.4058 0.4058 0.4058 0.1265 0.4058 0.4058
240 095 286 065 0.1265 0.1265 0.1265 0.1265 0.1265 0.4058 0.4058 0.1265 0.1265 0.1265 0.4058 0.4058 0.1265 0.4058 0.4058 0.1265
095 286 065 098 0.1265 0.4058 0.4058 0.4058 0.1265 0.1265 0.4058 0.1265 0.1265 0.1265 0.4058 0.4058 0.4058 0.1265 0.4058 0.1265
286 065 098 227 0.1265 0.4058 0.4058 0.1265 0.1265 0.1265 0.4058 0.1265 0.4058 0.4058 0.1265 0.4058 0.4058 0.1265 0.4058 0.1265
065 098 227 258 0.1265 0.1265 0.4058 0.4058 0.4058 0.1265 0.1265 0.1265 0.1265 0.1265 0.1265 0.1265 0.1265 0.1265 0.4058 0.4058
098 227 258 226 0.1265 0.4058 0.1265 0.4058 0.1265 0.1265 0.1265 0.1265 0.4058 0.1265 0.4058 0.4058 0.4058 0.4058 0.1265 0.1265
227 258 226 001 0.4058 0.1265 0.4058 0.4058 0.1265 0.4058 0.4058 0.4058 0.4058 0.1265 0.1265 0.1265 0.4058 0.4058 0.1265 0.1265
258 226 001 224 0.1265 0.1265 0.1265 0.4058 0.1265 0.4058 0.4058 0.1265 0.1265 0.1265 0.4058 0.1265 0.1265 0.1265 0.1265 0.4058
226 001 224 283 0.1265 0.4058 0.4058 0.4058 0.4058 0.4058 0.4058 0.1265 0.1265 0.1265 0.4058 0.4058 0.1265 0.1265 0.1265 0.1265
001 224 283 230 0.4058 0.4058 0.4058 0.1265 0.4058 0.1265 0.4058 0.1265 0.1265 0.1265 0.4058 0.4058 0.4058 0.1265 0.4058 0.1265
224 283 230 089 0.4058 0.1265 0.4058 0.4058 0.1265 0.4058 0.1265 0.1265 0.1265 0.1265 0.1265 0.1265 0.4058 0.4058 0.4058 0.4058
283 230 089 209 0.4058 0.1265 0.4058 0.4058 0.4058 0.4058 0.4058 0.1265 0.1265 0.1265 0.4058 0.1265 0.1265 0.1265 0.1265 0.1265
230 089 209 139 0.1265 0.4058 0.1265 0.4058 0.1265 0.4058 0.1265 0.4058 0.1265 0.1265 0.4058 0.4058 0.4058 0.4058 0.4058 0.4058
089 209 139 044 0.1265 0.4058 0.1265 0.4058 0.1265 0.1265 0.1265 0.1265 0.4058 0.4058 0.4058 0.4058 0.4058 0.4058 0.1265 0.4058
209 139 044 078 0.4058 0.1265 0.1265 0.4058 0.4058 0.1265 0.1265 0.4058 0.1265 0.4058 0.4058 0.4058 0.1265 0.4058 0.4058 0.1265
139 044 078 216 0.4058 0.4058 0.1265 0.1265 0.1265 0.1265 0.4058 0.1265 0.1265 0.1265 0.1265 0.4058 0.4058 0.4058 0.1265 0.1265
044 078 216 047 0.1265 0.1265 0.1265 0.1265 0.4058 0.1265 0.4058 0.4058 0.4058 0.1265 0.4058 0.1265 0.4058 0.1265 0.1265 0.1265
078 216 047 343 0.1265 0.1265 0.4058 0.4058 0.4058 0.4058 0.1265 0.4058 0.4058 0.4058 0.4058 0.4058 0.1265 0.4058 0.1265 0.1265
216 047 343 248 0.1265 0.4058 0.4058 0.1265 0.4058 0.4058 0.4058 0.1265 0.1265 0.4058 0.1265 0.4058 0.4058 0.1265 0.1265 0.1265
047 343 248 351 0.4058 0.1265 0.1265 0.4058 0.1265 0.1265 0.1265 0.4058 0.1265 0.1265 0.4058 0.4058 0.4058 0.4058 0.1265 0.1265
343 248 351 108 0.4058 0.1265 0.1265 0.1265 0.4058 0.1265 0.4058 0.1265 0.1265 0.4058 0.4058 0.1265 0.4058 0.4058 0.1265 0.4058
248 351 108 315 0.1265 0.4058 0.4058 0.4058 0.1265 0.1265 0.1265 0.1265 0.4058 0.1265 0.4058 0.1265 0.1265 0.1265 0.1265 0.4058
351 108 315 063 0.4058 0.4058 0.4058 0.4058 0.4058 0.4058 0.1265 0.1265 0.4058 0.1265 0.4058 0.1265 0.1265 0.1265 0.4058 0.4058
108 315 063 305 0.4058 0.4058 0.4058 0.1265 0.1265 0.4058 0.4058 0.4058 0.1265 0.1265 0.1265 0.1265 0.4058 0.1265 0.1265 0.1265
315 063 305 137 0.1265 0.4058 0.4058 0.1265 0.1265 0.1265 0.4058 0.1265 0.1265 0.4058 0.4058 0.1265 0.4058 0.1265 0.1265 0.4058
063 305 137 300 0.1265 0.1265 0.4058 0.1265 0.1265 0.1265 0.1265 0.4058 0.1265 0.1265 0.1265 0.4058 0.4058 0.1265 0.4058 0.4058
305 137 300 218 0.4058 0.4058 0.1265 0.1265 0.4058 0.1265 0.1265 0.4058 0.1265 0.1265 0.1265 0.1265 0.4058 0.1265 0.4058 0.4058
137 300 218 064 0.4058 0.1265 0.4058 0.1265 0.1265 0.1265 0.1265 0.1265 0.1265 0.1265 0.1265 0.4058 0.1265 0.4058 0.1265 0.1265
300 218 064 077 0.1265 0.4058 0.1265 0.1265 0.1265 0.4058 0.4058 0.1265 0.4058 0.1265 0.1265 0.1265 0.4058 0.4058 0.1265 0.1265
218 064 077 272 0.4058 0.1265 0.1265 0.1265 0.4058 0.4058 0.1265 0.1265 0.1265 0.1265 0.4058 0.1265 0.4058 0.1265 0.1265 0.1265
064 077 272 012 0.1265 0.4058 0.4058 0.1265 0.1265 0.1265 0.4058 0.4058 0.4058 0.1265 0.4058 0.1265 0.4058 0.4058 0.1265 0.1265
077 272 012 293 0.4058 0.1265 0.1265 0.4058 0.4058 0.1265 0.1265 0.4058 0.4058 0.1265 0.4058 0.1265 0.1265 0.4058 0.1265 0.4058
272 012 293 306 0.1265 0.1265 0.1265 0.4058 0.1265 0.4058 0.4058 0.4058 0.1265 0.4058 0.1265 0.4058 0.1265 0.1265 0.4058 0.1265
012 293 306 301 0.1265 0.4058 0.4058 0.4058 0.4058 0.1265 0.4058 0.1265 0.4058 0.4058 0.1265 0.4058 0.1265 0.4058 0.4058 0.1265
293 306 301 103 0.4058 0.4058 0.1265 0.1265 0.4058 0.1265 0.4058 0.4058 0.1265 0.4058 0.1265 0.1265 0.1265 0.1265 0.1265 0.4058
306 301 103 071 0.1265 0.1265 0.4058 0.1265 0.1265 0.1265 0.1265 0.4058 0.4058 0.1265 0.4058 0.4058 0.4058 0.1265 0.1265 0.1265
301 103 071 147 0.4058 0.1265 0.4058 0.4058 0.1265 0.1265 0.1265 0.4058 0.4058 0.4058 0.1265 0.4058 0.1265 0.4058 0.4058 0.4058
103 071 147 030 0.4058 0.1265 0.1265 0.4058 0.1265 0.4058 0.4058 0.4058 0.4058 0.1265 0.1265 0.4058 0.4058 0.4058 0.1265 0.4058
071 147 030 340 0.1265 0.4058 0.1265 0.4058 0.4058 0.4058 0.4058 0.1265 0.1265 0.4058 0.4058 0.1265 0.1265 0.4058 0.4058 0.1265
147 030 340 219 0.4058 0.1265 0.4058 0.1265 0.1265 0.4058 0.1265 0.4058 0.1265 0.4058 0.4058 0.1265 0.1265 0.1265 0.4058 0.4058
030 340 219 066 0.4058 0.4058 0.1265 0.4058 0.4058 0.4058 0.4058 0.1265 0.4058 0.4058 0.1265 0.4058 0.1265 0.4058 0.1265 0.1265
340 219 066 116 0.4058 0.1265 0.4058 0.4058 0.4058 0.1265 0.4058 0.4058 0.1265 0.1265 0.1265 0.1265 0.4058 0.1265 0.1265 0.1265
219 066 116 214 0.4058 0.4058 0.1265 0.1265 0.1265 0.1265 0.1265 0.4058 0.1265 0.4058 0.1265 0.1265 0.4058 0.4058 0.1265 0.1265
066 116 214 054 0.4058 0.1265 0.4058 0.4058 0.4058 0.1265 0.1265 0.4058 0.4058 0.4058 0.4058 0.4058 0.1265 0.1265 0.1265 0.1265
116 214 054 228 0.4058 0.1265 0.4058 0.4058 0.1265 0.1265 0.1265 0.4058 0.4058 0.1265 0.1265 0.4058 0.4058 0.4058 0.1265 0.1265
214 054 228 169 0.4058 0.4058 0.1265 0.1265 0.1265 0.1265 0.4058 0.1265 0.4058 0.1265 0.1265 0.1265 0.4058 0.1265 0.1265 0.4058
054 228 169 316 0.1265 0.4058 0.4058 0.1265 0.1265 0.1265 0.4058 0.4058 0.4058 0.1265 0.1265 0.1265 0.1265 0.4058 0.1265 0.4058
228 169 316 046 0.4058 0.1265 0.1265 0.1265 0.4058 0.1265 0.4058 0.4058 0.1265 0.4058 0.1265 0.4058 0.1265 0.1265 0.1265 0.1265
169 316 046 037 0.4058 0.1265 0.1265 0.1265 0.4058 0.1265 0.1265 0.4058 0.1265 0.4058 0.1265 0.1265 0.1265 0.1265 0.4058 0.4058
316 046 037 056 0.1265 0.4058 0.4058 0.1265 0.1265 0.4058 0.4058 0.4058 0.4058 0.1265 0.4058 0.1265 0.4058 0.4058 0.4058 0.1265
046 037 056 009 0.1265 0.4058 0.4058 0.1265 0.4058 0.4058 0.4058 0.4058 0.4058 0.4058 0.1265 0.4058 0.4058 0.1265 0.1265 0.1265
037 056 009 005 0.4058 0.4058 0.4058 0.4058 0.1265 0.4058 0.1265 0.1265 0.4058 0.1265 0.4058 0.4058 0.4058 0.4058 0.1265 0.1265
056 009 005 032 0.4058 0.4058 0.4058 0.1265 0.1265 0.4058 0.4058 0.1265 0.4058 0.4058 0.1265 0.4058 0.4058 0.1265 0.1265 0.1265
009 005 032 354 0.4058 0.4058 0.1265 0.1265 0.1265 0.4058 0.4058 0.4058 0.1265 0.1265 0.1265 0.1265 0.1265 0.4058 0.1265 0.4058
005 032 354 309 0.4058 0.4058 0.4058 0.4058 0.1265 0.4058 0.1265 0.1265 0.1265 0.1265 0.4058 0.4058 0.1265 0.1265 0.4058 0.4058
032 354 309 136 0.4058 0.1265 0.4058 0.1265 0.1265 0.4058 0.4058 0.1265 0.4058 0.4058 0.1265 0.1265 0.1265 0.4058 0.4058 0.4058
354 309 136 090 0.4058 0.4058 0.1265 0.1265 0.4058 0.4058 0.1265 0.4058 0.4058 0.4058 0.4058 0.1265 0.4058 0.1265 0.4058 0.1265
309 136 090 027 0.4058 0.4058 0.1265 0.1265 0.4058 0.1265 0.1265 0.4058 0.1265 0.4058 0.1265 0.1265 0.1265 0.1265 0.4058 0.4058
136 090 027 298 0.4058 0.4058 0.4058 0.1265 0.4058 0.1265 0.1265 0.4058 0.4058 0.4058 0.4058 0.1265 0.1265 0.1265 0.4058 0.4058
090 027 298 084 0.4058 0.1265 0.1265 0.1265 0.4058 0.1265 0.1265 0.4058 0.1265 0.4058 0.4058 0.4058 0.1265 0.4058 0.1265 0.4058
027 298 084 126 0.4058 0.1265 0.4058 0.1265 0.1265 0.1265 0.1265 0.1265 0.1265 0.4058 0.1265 0.4058 0.1265 0.1265 0.1265 0.1265
298 084 126 128 0.4058 0.1265 0.4058 0.4058 0.4058 0.1265 0.1265 0.1265 0.1265 0.4058 0.1265 0.1265 0.4058 0.1265 0.4058 0.4058
084 126 128 125 0.1265 0.4058 0.1265 0.1265 0.1265 0.1265 0.4058 0.4058 0.1265 0.4058 0.4058 0.4058 0.1265 0.1265 0.1265 0.1265
126 128 125 207 0.4058 0.4058 0.4058 0.1265 0.1265 0.1265 0.1265 0.4058 0.4058 0.4058 0.1265 0.1265 0.4058 0.1265 0.1265 0.1265
128 125 207 243 0.1265 0.1265 0.4058 0.1265 0.1265 0.1265 0.4058 0.1265 0.4058 0.4058 0.1265 0.4058 0.4058 0.1265 0.1265 0.1265
125 207 243 124 0.4058 0.1265 0.4058 0.1265 0.4058 0.1265 0.4058 0.1265 0.1265 0.1265 0.1265 0.1265 0.4058 0.4058 0.4058 0.4058
207 243 124 160 0.4058 0.4058 0.4058 0.1265 0.4058 0.1265 0.1265 0.1265 0.1265 0.4058 0.1265 0.4058 0.4058 0.1265 0.1265 0.4058
243 124 160 003 0.4058 0.1265 0.1265 0.1265 0.1265 0.1265 0.4058 0.4058 0.1265 0.1265 0.1265 0.4058 0.4058 0.4058 0.1265 0.4058
124 160 003 025 0.4058 0.4058 0.4058 0.4058 0.1265 0.1265 0.1265 0.4058 0.4058 0.1265 0.4058 0.1265 0.4058 0.4058 0.1265 0.1265
160 003 025 239 0.4058 0.4058 0.4058 0.1265 0.1265 0.4058 0.1265 0.4058 0.4058 0.4058 0.1265 0.4058 0.1265 0.1265 0.4058 0.1265
003 025 239 114 0.1265 0.4058 0.1265 0.4058 0.1265 0.1265 0.1265 0.1265 0.1265 0.1265 0.4058 0.1265 0.1265 0.4058 0.4058 0.1265
025 239 114 057 0.4058 0.4058 0.1265 0.1265 0.1265 0.4058 0.4058 0.1265 0.1265 0.1265 0.4058 0.1265 0.4058 0.4058 0.1265 0.4058
239 114 057 246 0.1265 0.4058 0.4058 0.4058 0.4058 0.1265 0.1265 0.4058 0.4058 0.4058 0.1265 0.1265 0.4058 0.1265 0.1265 0.4058
114 057 246 304 0.4058 0.1265 0.1265 0.4058 0.4058 0.1265 0.4058 0.1265 0.4058 0.1265 0.4058 0.1265 0.4058 0.1265 0.1265 0.4058
057 246 304 070 0.4058 0.1265 0.1265 0.4058 0.1265 0.4058 0.4058 0.4058 0.4058 0.4058 0.4058 0.1265 0.4058 0.4058 0.4058 0.4058
246 304 070 053 0.1265 0.1265 0.1265 0.4058 0.4058 0.1265 0.1265 0.1265 0.1265 0.1265 0.1265 0.4058 0.4058 0.4058 0.4058 0.4058
304 070 053 282 0.1265 0.1265 0.1265 0.4058 0.1265 0.1265 0.4058 0.1265 0.4058 0.4058 0.1265 0.4058 0.1265 0.4058 0.4058 0.1265
070 053 282 236 0.4058 0.1265 0.1265 0.4058 0.4058 0.1265 0.1265 0.1265 0.1265 0.4058 0.1265 0.4058 0.1265 0.1265 0.1265 0.1265
053 282 236 059 0.1265 0.1265 0.1265 0.1265 0.1265 0.4058 0.1265 0.1265 0.1265 0.1265 0.1265 0.1265 0.4058 0.4058 0.1265 0.1265
282 236 059 101 0.4058 0.1265 0.4058 0.1265 0.1265 0.4058 0.1265 0.1265 0.4058 0.1265 0.4058 0.1265 0.4058 0.4058 0.1265 0.1265
236 059 101 345 0.1265 0.1265 0.1265 0.1265 0.4058 0.1265 0.4058 0.1265 0.4058 0.1265 0.4058 0.1265 0.1265 0.4058 0.4058 0.4058
059 101 345 142 0.4058 0.1265 0.1265 0.1265 0.4058 0.4058 0.4058 0.4058 0.4058 0.4058 0.4058 0.1265 0.1265 0.1265 0.4058 0.4058
101 345 142 190 0.4058 0.1265 0.1265 0.1265 0.4058 0.4058 0.4058 0.4058 0.1265 0.4058 0.4058 0.1265 0.1265 0.1265 0.1265 0.4058
345 142 190 029 0.4058 0.1265 0.1265 0.4058 0.1265 0.1265 0.4058 0.4058 0.4058 0.4058 0.1265 0.1265 0.4058 0.4058 0.1265 0.4058
142 190 029 317 0.4058 0.4058 0.1265 0.1265 0.1265 0.1265 0.1265 0.1265 0.4058 0.4058 0.1265 0.1265 0.1265 0.4058 0.4058 0.1265
190 029 317 310 0.1265 0.4058 0.4058 0.4058 0.1265 0.1265 0.4058 0.4058 0.4058 0.4058 0.4058 0.1265 0.4058 0.1265 0.1265 0.4058
029 317 310 242 0.4058 0.4058 0.1265 0.4058 0.1265 0.4058 0.1265 0.1265 0.4058 0.4058 0.1265 0.1265 0.4058 0.4058 0.4058 0.4058
317 310 242 174 0.4058 0.4058 0.1265 0.1265 0.1265 0.4058 0.1265 0.1265 0.1265 0.1265 0.1265 0.1265 0.4058 0.1265 0.4058 0.1265
310 242 174 235 0.4058 0.4058 0.4058 0.1265 0.1265 0.1265 0.1265 0.4058 0.1265 0.1265 0.4058 0.1265 0.4058 0.4058 0.4058 0.1265
242 174 235 297 0.4058 0.1265 0.4058 0.1265 0.4058 0.4058 0.4058 0.1265 0.4058 0.1265 0.1265 0.1265 0.4058 0.1265 0.1265 0.4058
174 235 297 307 0.1265 0.4058 0.1265 0.1265 0.1265 0.1265 0.1265 0.1265 0.1265 0.1265 0.1265 0.1265 0.4058 0.4058 0.4058 0.4058
235 297 307 153 0.1265 0.1265 0.4058 0.4058 0.1265 0.4058 0.4058 0.4058 0.1265 0.1265 0.1265 0.4058 0.1265 0.1265 0.1265 0.4058
297 307 153 149 0.1265 0.1265 0.4058 0.1265 0.4058 0.1265 0.1265 0.4058 0.4058 0.4058 0.1265 0.4058 0.4058 0.4058 0.4058 0.4058
307 153 149 121 0.4058 0.4058 0.4058 0.1265 0.4058 0.1265 0.1265 0.4058 0.1265 0.1265 0.4058 0.4058 0.1265 0.1265 0.1265 0.1265
153 149 121 213 0.1265 0.4058 0.4058 0.4058 0.1265 0.4058 0.1265 0.4058 0.1265 0.4058 0.1265 0.1265 0.1265 0.1265 0.4058 0.1265
149 121 213 080 0.4058 0.4058 0.4058 0.4058 0.4058 0.1265 0.1265 0.4058 0.4058 0.1265 0.1265 0.4058 0.4058 0.4058 0.4058 0.1265
121 213 080 330 0.4058 0.4058 0.1265 0.4058 0.4058 0.4058 0.1265 0.1265 0.1265 0.4058 0.1265 0.4058 0.4058 0.4058 0.1265 0.1265
213 080 330 166 0.1265 0.1265 0.4058 0.1265 0.1265 0.4058 0.4058 0.1265 0.1265 0.4058 0.1265 0.1265 0.1265 0.1265 0.4058 0.4058
080 330 166 049 0.1265 0.4058 0.4058 0.1265 0.1265 0.1265 0.4058 0.4058 0.1265 0.4058 0.4058 0.1265 0.1265 0.1265 0.1265 0.1265
330 166 049 011 0.4058 0.4058 0.1265 0.4058 0.1265 0.4058 0.1265 0.1265 0.4058 0.1265 0.4058 0.1265 0.1265 0.1265 0.4058 0.4058
166 049 011 087 0.4058 0.4058 0.4058 0.4058 0.4058 0.4058 0.4058 0.4058 0.1265 0.4058 0.4058 0.4058 0.4058 0.1265 0.1265 0.4058
049 011 087 200 0.4058 0.4058 0.4058 0.1265 0.4058 0.1265 0.1265 0.4058 0.1265 0.1265 0.4058 0.4058 0.1265 0.1265 0.1265 0.1265
011 087 200 238 0.1265 0.1265 0.4058 0.1265 0.4058 0.4058 0.1265 0.1265 0.4058 0.4058 0.1265 0.1265 0.4058 0.1265 0.1265 0.4058
087 200 238 256 0.4058 0.4058 0.1265 0.1265 0.1265 0.4058 0.4058 0.4058 0.4058 0.4058 0.1265 0.4058 0.1265 0.1265 0.1265 0.1265
200 238 256 052 0.4058 0.1265 0.1265 0.4058 0.1265 0.1265 0.4058 0.4058 0.4058 0.1265 0.4058 0.1265 0.1265 0.4058 0.4058 0.4058
238 256 052 276 0.1265 0.1265 0.4058 0.4058 0.4058 0.1265 0.1265 0.1265 0.4058 0.4058 0.4058 0.4058 0.4058 0.4058 0.4058 0.4058
256 052 276 154 0.4058 0.1265 0.4058 0.4058 0.1265 0.1265 0.1265 0.1265 0.1265 0.4058 0.1265 0.4058 0.4058 0.4058 0.4058 0.1265
052 276 154 129 0.4058 0.1265 0.1265 0.4058 0.4058 0.1265 0.1265 0.4058 0.1265 0.1265 0.1265 0.1265 0.1265 0.4058 0.4058 0.4058
276 154 129 203 0.4058 0.1265 0.1265 0.1265 0.1265 0.4058 0.1265 0.4058 0.1265 0.4058 0.1265 0.1265 0.1265 0.1265 0.4058 0.4058
154 129 203 271 0.1265 0.4058 0.4058 0.4058 0.1265 0.4058 0.1265 0.4058 0.4058 0.1265 0.4058 0.1265 0.1265 0.1265 0.1265 0.4058
129 203 271 296 0.4058 0.4058 0.1265 0.4058 0.4058 0.1265 0.4058 0.4058 0.4058 0.1265 0.1265 0.1265 0.1265 0.1265 0.4058 0.1265
203 271 296 048 0.1265 0.4058 0.1265 0.4058 0.1265 0.1265 0.4058 0.4058 0.4058 0.1265 0.4058 0.4058 0.4058 0.1265 0.1265 0.4058
271 296 048 329 0.4058 0.4058 0.1265 0.4058 0.1265 0.1265 0.4058 0.1265 0.1265 0.4058 0.4058 0.1265 0.1265 0.4058 0.4058 0.1265
296 048 329 107 0.1265 0.4058 0.1265 0.4058 0.1265 0.1265 0.4058 0.4058 0.1265 0.4058 0.1265 0.1265 0.4058 0.4058 0.4058 0.4058
048 329 107 211 0.1265 0.4058 0.1265 0.4058 0.1265 0.1265 0.4058 0.4058 0.4058 0.4058 0.1265 0.4058 0.1265 0.1265 0.1265 0.4058
329 107 211 215 0.1265 0.4058 0.4058 0.1265 0.1265 0.4058 0.1265 0.1265 0.1265 0.1265 0.4058 0.1265 0.1265 0.1265 0.1265 0.1265
107 211 215 313 0.4058 0.4058 0.1265 0.1265 0.4058 0.1265 0.4058 0.4058 0.4058 0.4058 0.1265 0.1265 0.1265 0.4058 0.4058 0.1265
211 215 313 347 0.1265 0.1265 0.1265 0.1265 0.4058 0.1265 0.4058 0.1265 0.4058 0.1265 0.4058 0.1265 0.4058 0.1265 0.4058 0.4058
215 313 347 355 0.4058 0.4058 0.4058 0.1265 0.4058 0.4058 0.1265 0.1265 0.4058 0.4058 0.4058 0.4058 0.4058 0.1265 0.1265 0.1265
313 347 355 016 0.1265 0.1265 0.1265 0.4058 0.4058 0.1265 0.4058 0.1265 0.4058 0.1265 0.4058 0.4058 0.1265 0.4058 0.1265 0.4058
347 355 016 145 0.4058 0.1265 0.4058 0.4058 0.4058 0.4058 0.1265 0.4058 0.4058 0.1265 0.1265 0.4058 0.1265 0.4058 0.4058 0.4058
355 016 145 023 0.1265 0.1265 0.4058 0.4058 0.4058 0.4058 0.1265 0.1265 0.4058 0.4058 0.4058 0.4058 0.4058 0.1265 0.4058 0.4058
016 145 023 168 0.4058 0.1265 0.4058 0.4058 0.1265 0.1265 0.1265 0.1265 0.1265 0.4058 0.4058 0.1265 0.4058 0.1265 0.1265 0.4058
145 023 168 259 0.4058 0.4058 0.4058 0.4058 0.1265 0.1265 0.4058 0.1265 0.1265 0.4058 0.1265 0.1265 0.1265 0.1265 0.4058 0.4058
023 168 259 138 0.4058 0.4058 0.1265 0.1265 0.4058 0.4058 0.1265 0.4058 0.4058 0.1265 0.1265 0.4058 0.4058 0.1265 0.4058 0.4058
168 259 138 182 0.1265 0.1265 0.4058 0.4058 0.1265 0.1265 0.1265 0.1265 0.1265 0.1265 0.1265 0.1265 0.4058 0.4058 0.1265 0.4058
259 138 182 061 0.4058 0.1265 0.1265 0.1265 0.1265 0.1265 0.4058 0.4058 0.1265 0.4058 0.1265 0.1265 0.4058 0.4058 0.4058 0.4058
138 182 061 135 0.4058 0.1265 0.4058 0.4058 0.4058 0.4058 0.1265 0.4058 0.4058 0.1265 0.4058 0.4058 0.4058 0.4058 0.1265 0.1265
182 061 135 341 0.4058 0.4058 0.4058 0.1265 0.1265 0.4058 0.4058 0.4058 0.4058 0.4058 0.1265 0.1265 0.4058 0.1265 0.4058 0.1265
061 135 341 062 0.1265 0.1265 0.4058 0.4058 0.4058 0.4058 0.1265 0.4058 0.1265 0.1265 0.1265 0.1265 0.4058 0.4058 0.4058 0.1265
135 341 062 266 0.4058 0.1265 0.1265 0.4058 0.1265 0.4058 0.1265 0.4058 0.1265 0.1265 0.4058 0.1265 0.4058 0.4058 0.1265 0.1265
341 062 266 039 0.4058 0.1265 0.4058 0.4058 0.4058 0.1265 0.4058 0.4058 0.4058 0.1265 0.1265 0.1265 0.4058 0.4058 0.4058 0.4058
062 266 039 091 0.1265 0.4058 0.1265 0.1265 0.1265 0.1265 0.4058 0.4058 0.1265 0.1265 0.1265 0.4058 0.4058 0.1265 0.4058 0.1265
266 039 091 284 0.1265 0.1265 0.1265 0.4058 0.4058 0.1265 0.1265 0.1265 0.1265 0.1265 0.4058 0.1265 0.1265 0.4058 0.1265 0.4058
039 091 284 133 0.4058 0.1265 0.1265 0.4058 0.1265 0.4058 0.1265 0.4058 0.4058 0.4058 0.1265 0.4058 0.1265 0.1265 0.1265 0.4058
091 284 133 019 0.1265 0.1265 0.1265 0.4058 0.4058 0.1265 0.1265 0.4058 0.1265 0.4058 0.1265 0.4058 0.1265 0.4058 0.1265 0.1265
284 133 019 150 0.4058 0.4058 0.1265 0.4058 0.1265 0.4058 0.1265 0.1265 0.1265 0.1265 0.1265 0.1265 0.4058 0.1265 0.1265 0.1265
133 019 150 349 0.1265 0.4058 0.4058 0.4058 0.1265 0.4058 0.1265 0.1265 0.4058 0.4058 0.4058 0.4058 0.4058 0.1265 0.1265 0.1265
019 150 349 171 0.4058 0.4058 0.4058 0.1265 0.1265 0.1265 0.1265 0.1265 0.4058 0.4058 0.1265 0.4058 0.1265 0.1265 0.4058 0.1265
150 349 171 278 0.1265 0.1265 0.1265 0.1265 0.4058 0.1265 0.4058 0.1265 0.1265 0.4058 0.4058 0.4058 0.4058 0.1265 0.4058 0.4058
349 171 278 302 0.1265 0.1265 0.4058 0.1265 0.1265 0.4058 0.1265 0.4058 0.4058 0.1265 0.1265 0.1265 0.1265 0.1265 0.4058 0.1265
171 278 302 353 0.1265 0.4058 0.1265 0.4058 0.4058 0.4058 0.1265 0.4058 0.4058 0.1265 0.1265 0.4058 0.4058 0.1265 0.1265 0.1265
278 302 353 199 0.4058 0.1265 0.4058 0.1265 0.1265 0.4058 0.1265 0.1265 0.4058 0.4058 0.1265 0.4058 0.1265 0.4058 0.4058 0.4058
302 353 199 083 0.1265 0.1265 0.1265 0.1265 0.1265 0.1265 0.1265 0.4058 0.1265 0.4058 0.1265 0.1265 0.1265 0.1265 0.1265 0.1265
353 199 083 189 0.1265 0.4058 0.1265 0.1265 0.1265 0.4058 0.1265 0.4058 0.4058 0.1265 0.1265 0.1265 0.4058 0.4058 0.1265 0.4058
199 083 189 076 0.1265 0.4058 0.4058 0.1265 0.4058 0.1265 0.4058 0.1265 0.4058 0.1265 0.4058 0.4058 0.1265 0.4058 0.4058 0.1265
083 189 076 074 0.1265 0.4058 0.1265 0.4058 0.4058 0.1265 0.4058 0.4058 0.1265 0.1265 0.4058 0.4058 0.1265 0.1265 0.1265 0.4058
189 076 074 325 0.1265 0.1265 0.1265 0.4058 0.1265 0.1265 0.1265 0.4058 0.4058 0.1265 0.1265 0.4058 0.1265 0.4058 0.1265 0.4058
076 074 325 338 0.1265 0.4058 0.1265 0.4058 0.4058 0.1265 0.4058 0.1265 0.1265 0.1265 0.4058 0.1265 0.1265 0.4058 0.1265 0.1265
074 325 338 051 0.1265 0.4058 0.4058 0.1265 0.1265 0.1265 0.1265 0.1265 0.1265 0.1265 0.4058 0.4058 0.4058 0.1265 0.1265 0.4058
325 338 051 187 0.4058 0.4058 0.1265 0.1265 0.4058 0.4058 0.4058 0.4058 0.1265 0.4058 0.4058 0.1265 0.1265 0.4058 0.4058 0.1265
338 051 187 165 0.4058 0.1265 0.1265 0.1265 0.1265 0.4058 0.4058 0.4058 0.1265 0.4058 0.1265 0.4058 0.4058 0.1265 0.4058 0.1265
051 187 165 104 0.1265 0.1265 0.4058 0.1265 0.4058 0.1265 0.1265 0.4058 0.4058 0.1265 0.1265 0.1265 0.1265 0.4058 0.1265 0.4058
187 165 104 073 0.1265 0.4058 0.1265 0.1265 0.1265 0.4058 0.1265 0.1265 0.4058 0.1265 0.1265 0.4058 0.4058 0.1265 0.4058 0.4058
165 104 073 162 0.4058 0.1265 0.4058 0.4058 0.1265 0.4058 0.4058 0.4058 0.1265 0.4058 0.4058 0.4058 0.4058 0.4058 0.4058 0.1265
104 073 162 140 0.1265 0.4058 0.4058 0.4058 0.4058 0.1265 0.1265 0.1265 0.4058 0.4058 0.4058 0.1265 0.4058 0.1265 0.1265 0.4058
073 162 140 332 0.4058 0.1265 0.1265 0.4058 0.4058 0.4058 0.1265 0.1265 0.1265 0.1265 0.4058 0.1265 0.1265 0.4058 0.4058 0.4058
162 140 332 158 0.4058 0.1265 0.4058 0.4058 0.1265 0.1265 0.1265 0.4058 0.4058 0.4058 0.4058 0.1265 0.4058 0.1265 0.1265 0.1265
140 332 158 222 0.4058 0.4058 0.1265 0.1265 0.1265 0.1265 0.4058 0.4058 0.4058 0.1265 0.4058 0.1265 0.1265 0.1265 0.1265 0.1265
332 158 222 212 0.4058 0.1265 0.1265 0.4058 0.1265 0.1265 0.1265 0.1265 0.4058 0.4058 0.1265 0.1265 0.1265 0.1265 0.4058 0.1265
158 222 212 058 0.4058 0.4058 0.1265 0.4058 0.1265 0.4058 0.1265 0.4058 0.4058 0.1265 0.4058 0.4058 0.4058 0.4058 0.1265 0.1265
222 212 058 013 0.4058 0.1265 0.4058 0.4058 0.1265 0.4058 0.4058 0.4058 0.1265 0.1265 0.1265 0.4058 0.1265 0.1265 0.1265 0.1265
212 058 013 204 0.1265 0.1265 0.4058 0.1265 0.1265 0.1265 0.1265 0.4058 0.4058 0.4058 0.4058 0.4058 0.1265 0.4058 0.1265 0.4058
058 013 204 237 0.4058 0.4058 0.4058 0.4058 0.4058 0.1265 0.1265 0.4058 0.4058 0.1265 0.1265 0.4058 0.4058 0.1265 0.4058 0.1265
013 204 237 294 0.4058 0.4058 0.1265 0.4058 0.1265 0.4058 0.1265 0.1265 0.4058 0.1265 0.1265 0.1265 0.4058 0.1265 0.1265 0.1265
204 237 294 184 0.4058 0.4058 0.4058 0.4058 0.4058 0.1265 0.4058 0.4058 0.1265 0.4058 0.4058 0.4058 0.4058 0.1265 0.1265 0.4058
237 294 184 220 0.4058 0.4058 0.4058 0.4058 0.1265 0.4058 0.1265 0.4058 0.4058 0.1265 0.1265 0.4058 0.4058 0.1265 0.4058 0.1265
294 184 220 143 0.4058 0.1265 0.1265 0.4058 0.4058 0.1265 0.1265 0.4058 0.4058 0.1265 0.4058 0.4058 0.4058 0.1265 0.1265 0.1265
184 220 143 198 0.1265 0.4058 0.1265 0.4058 0.4058 0.1265 0.4058 0.4058 0.4058 0.1265 0.1265 0.4058 0.1265 0.4058 0.1265 0.1265
220 143 198 164 0.1265 0.4058 0.1265 0.1265 0.1265 0.1265 0.4058 0.1265 0.4058 0.1265 0.1265 0.1265 0.1265 0.1265 0.1265 0.1265
143 198 164 253 0.4058 0.1265 0.4058 0.4058 0.1265 0.1265 0.4058 0.1265 0.1265 0.1265 0.4058 0.4058 0.4058 0.4058 0.1265 0.1265
198 164 253 004 0.4058 0.1265 0.4058 0.1265 0.1265 0.4058 0.4058 0.1265 0.1265 0.1265 0.4058 0.4058 0.4058 0.4058 0.1265 0.1265
164 253 004 144 0.1265 0.1265 0.4058 0.4058 0.1265 0.4058 0.4058 0.4058 0.1265 0.1265 0.1265 0.4058 0.4058 0.4058 0.4058 0.1265
253 004 144 280 0.4058 0.4058 0.1265 0.4058 0.1265 0.4058 0.1265 0.1265 0.1265 0.4058 0.4058 0.1265 0.1265 0.4058 0.1265 0.4058
004 144 280 277 0.4058 0.1265 0.1265 0.4058 0.1265 0.4058 0.4058 0.4058 0.1265 0.1265 0.1265 0.4058 0.1265 0.4058 0.4058 0.4058
144 280 277 041 0.4058 0.4058 0.4058 0.4058 0.1265 0.1265 0.1265 0.1265 0.1265 0.4058 0.4058 0.4058 0.4058 0.1265 0.1265 0.1265
280 277 041 255 0.4058 0.1265 0.1265 0.1265 0.4058 0.1265 0.4058 0.1265 0.1265 0.4058 0.1265 0.4058 0.1265 0.4058 0.4058 0.1265
277 041 255 281 0.1265 0.1265 0.4058 0.1265 0.1265 0.4058 0.1265 0.4058 0.1265 0.4058 0.4058 0.1265 0.1265 0.1265 0.4058 0.4058
041 255 281 038 0.1265 0.4058 0.1265 0.1265 0.1265 0.4058 0.4058 0.4058 0.1265 0.1265 0.4058 0.4058 0.4058 0.4058 0.1265 0.1265
255 281 038 206 0.4058 0.4058 0.1265 0.4058 0.4058 0.4058 0.1265 0.1265 0.4058 0.4058 0.4058 0.1265 0.4058 0.4058 0.1265 0.4058
281 038 206 167 0.1265 0.1265 0.4058 0.4058 0.1265 0.4058 0.1265 0.4058 0.1265 0.4058 0.4058 0.4058 0.4058 0.1265 0.1265 0.4058
038 206 167 254 0.4058 0.1265 0.1265 0.1265 0.1265 0.1265 0.4058 0.4058 0.4058 0.1265 0.4058 0.1265 0.4058 0.1265 0.4058 0.1265
206 167 254 017 0.1265 0.1265 0.4058 0.4058 0.1265 0.4058 0.4058 0.1265 0.4058 0.1265 0.1265 0.1265 0.1265 0.1265 0.4058 0.4058
167 254 017 028 0.4058 0.4058 0.4058 0.4058 0.1265 0.1265 0.1265 0.1265 0.4058 0.4058 0.4058 0.1265 0.1265 0.4058 0.4058 0.4058
254 017 028 251 0.1265 0.4058 0.4058 0.4058 0.4058 0.1265 0.4058 0.1265 0.1265 0.4058 0.4058 0.1265 0.1265 0.4058 0.4058 0.1265
017 028 251 185 0.1265 0.1265 0.4058 0.4058 0.4058 0.1265 0.1265 0.1265 0.1265 0.4058 0.1265 0.4058 0.1265 0.1265 0.4058 0.1265
028 251 185 210 0.1265 0.4058 0.1265 0.1265 0.1265 0.1265 0.4058 0.4058 0.4058 0.1265 0.4058 0.1265 0.1265 0.1265 0.4058 0.1265
251 185 210 155 0.1265 0.1265 0.1265 0.1265 0.1265 0.4058 0.4058 0.4058 0.1265 0.4058 0.1265 0.4058 0.4058 0.1265 0.1265 0.1265
185 210 155 026 0.4058 0.1265 0.1265 0.1265 0.4058 0.4058 0.4058 0.1265 0.4058 0.4058 0.1265 0.1265 0.4058 0.1265 0.4058 0.4058
210 155 026 075 0.4058 0.4058 0.4058 0.1265 0.4058 0.4058 0.1265 0.4058 0.4058 0.1265 0.1265 0.4058 0.1265 0.1265 0.4058 0.1265
155 026 075 175 0.1265 0.4058 0.1265 0.4058 0.1265 0.1265 0.1265 0.1265 0.1265 0.4058 0.1265 0.4058 0.1265 0.1265 0.1265 0.1265
026 075 175 311 0.4058 0.4058 0.1265 0.4058 0.4058 0.4058 0.1265 0.4058 0.1265 0.4058 0.1265 0.4058 0.1265 0.1265 0.4058 0.4058
075 175 311 308 0.4058 0.1265 0.4058 0.4058 0.1265 0.4058 0.1265 0.1265 0.1265 0.1265 0.4058 0.1265 0.4058 0.4058 0.4058 0.4058
175 311 308 115 0.4058 0.1265 0.4058 0.1265 0.1265 0.4058 0.4058 0.1265 0.1265 0.4058 0.1265 0.4058 0.1265 0.1265 0.4058 0.1265
311 308 115 163 0.4058 0.4058 0.4058 0.1265 0.1265 0.4058 0.1265 0.1265 0.4058 0.4058 0.1265 0.4058 0.1265 0.4058 0.1265 0.4058
308 115 163 069 0.1265 0.4058 0.1265 0.4058 0.4058 0.4058 0.4058 0.4058 0.4058 0.4058 0.1265 0.1265 0.4058 0.4058 0.1265 0.1265
115 163 069 112 0.1265 0.4058 0.1265 0.4058 0.1265 0.1265 0.4058 0.1265 0.4058 0.1265 0.1265 0.4058 0.1265 0.4058 0.1265 0.4058
163 069 112 181 0.4058 0.1265 0.1265 0.1265 0.1265 0.4058 0.4058 0.4058 0.4058 0.4058 0.4058 0.4058 0.4058 0.1265 0.1265 0.4058
069 112 181 274 0.1265 0.4058 0.1265 0.1265 0.1265 0.4058 0.1265 0.1265 0.4058 0.4058 0.4058 0.4058 0.1265 0.4058 0.1265 0.1265
112 181 274 093 0.1265 0.4058 0.1265 0.1265 0.4058 0.1265 0.4058 0.4058 0.1265 0.1265 0.1265 0.4058 0.4058 0.1265 0.4058 0.1265
181 274 093 050 0.4058 0.1265 0.1265 0.4058 0.4058 0.4058 0.1265 0.1265 0.4058 0.4058 0.1265 0.1265 0.1265 0.4058 0.4058 0.1265
274 093 050 289 0.4058 0.4058 0.4058 0.4058 0.4058 0.4058 0.4058 0.1265 0.4058 0.4058 0.1265 0.1265 0.1265 0.1265 0.1265 0.4058
093 050 289 086 0.1265 0.1265 0.4058 0.4058 0.1265 0.4058 0.1265 0.1265 0.4058 0.1265 0.1265 0.1265 0.1265 0.4058 0.1265 0.1265
050 289 086 291 0.4058 0.1265 0.4058 0.1265 0.1265 0.4058 0.1265 0.1265 0.1265 0.4058 0.1265 0.4058 0.1265 0.4058 0.1265 0.4058
289 086 291 072 0.4058 0.4058 0.4058 0.1265 0.1265 0.1265 0.1265 0.4058 0.4058 0.1265 0.1265 0.1265 0.1265 0.1265 0.1265 0.1265
086 291 072 326 0.4058 0.4058 0.1265 0.4058 0.4058 0.1265 0.1265 0.4058 0.1265 0.4058 0.4058 0.1265 0.1265 0.1265 0.4058 0.1265
291 072 326 186 0.1265 0.1265 0.4058 0.1265 0.4058 0.4058 0.4058 0.4058 0.4058 0.4058 0.1265 0.4058 0.4058 0.4058 0.1265 0.1265
072 326 186 102 0.4058 0.4058 0.4058 0.1265 0.4058 0.1265 0.4058 0.1265 0.1265 0.1265 0.1265 0.1265 0.1265 0.4058 0.4058 0.4058
326 186 102 148 0.4058 0.1265 0.4058 0.4058 0.4058 0.1265 0.1265 0.4058 0.1265 0.1265 0.4058 0.1265 0.4058 0.1265 0.1265 0.1265
186 102 148 319 0.1265 0.4058 0.4058 0.1265 0.4058 0.4058 0.1265 0.4058 0.4058 0.1265 0.1265 0.4058 0.4058 0.4058 0.4058 0.1265
102 148 319 261 0.4058 0.1265 0.4058 0.4058 0.1265 0.4058 0.4058 0.4058 0.4058 0.4058 0.1265 0.1265 0.1265 0.1265 0.1265 0.4058
148 319 261 183 0.4058 0.4058 0.1265 0.1265 0.4058 0.1265 0.1265 0.1265 0.4058 0.1265 0.4058 0.4058 0.4058 0.1265 0.4058 0.4058
319 261 183 225 0.1265 0.4058 0.4058 0.4058 0.4058 0.4058 0.1265 0.4058 0.1265 0.1265 0.1265 0.1265 0.4058 0.1265 0.4058 0.4058
261 183 225 040 0.1265 0.1265 0.4058 0.4058 0.1265 0.4058 0.4058 0.4058 0.4058 0.1265 0.4058 0.1265 0.4058 0.4058 0.4058 0.1265
183 225 040 018 0.4058 0.4058 0.1265 0.1265 0.1265 0.1265 0.1265 0.4058 0.4058 0.4058 0.1265 0.1265 0.1265 0.1265 0.4058 0.1265
225 040 018 303 0.1265 0.4058 0.1265 0.4058 0.4058 0.4058 0.1265 0.4058 0.4058 0.1265 0.4058 0.4058 0.1265 0.4058 0.1265 0.4058
040 018 303 180 0.1265 0.1265 0.1265 0.4058 0.4058 0.1265 0.1265 0.4058 0.4058 0.4058 0.1265 0.4058 0.1265 0.1265 0.4058 0.1265
018 303 180 045 0.4058 0.1265 0.4058 0.4058 0.1265 0.4058 0.4058 0.4058 0.1265 0.1265 0.1265 0.4058 0.4058 0.4058 0.1265 0.1265
303 180 045 233 0.1265 0.1265 0.1265 0.1265 0.1265 0.4058 0.1265 0.1265 0.1265 0.4058 0.1265 0.4058 0.1265 0.1265 0.1265 0.1265
180 045 233 007 0.1265 0.1265 0.4058 0.4058 0.1265 0.4058 0.1265 0.4058 0.1265 0.1265 0.4058 0.1265 0.1265 0.4058 0.1265 0.1265
045 233 007 067 0.1265 0.1265 0.1265 0.1265 0.4058 0.4058 0.1265 0.4058 0.4058 0.1265 0.4058 0.4058 0.1265 0.1265 0.1265 0.1265
233 007 067 096 0.1265 0.4058 0.1265 0.4058 0.4058 0.4058 0.4058 0.1265 0.1265 0.1265 0.4058 0.4058 0.4058 0.1265 0.1265 0.4058
007 067 096 022 0.1265 0.1265 0.1265 0.4058 0.4058 0.4058 0.1265 0.4058 0.1265 0.4058 0.4058 0.4058 0.4058 0.1265 0.1265 0.4058
067 096 022 191 0.4058 0.1265 0.1265 0.4058 0.4058 0.1265 0.1265 0.1265 0.4058 0.4058 0.1265 0.1265 0.1265 0.1265 0.4058 0.4058
096 022 191 094 0.4058 0.4058 0.1265 0.4058 0.4058 0.4058 0.1265 0.4058 0.4058 0.1265 0.4058 0.1265 0.4058 0.4058 0.1265 0.1265
022 191 094 245 0.4058 0.1265 0.4058 0.1265 0.4058 0.1265 0.1265 0.4058 0.1265 0.4058 0.4058 0.1265 0.1265 0.1265 0.4058 0.1265
191 094 245 221 0.4058 0.4058 0.4058 0.1265 0.4058 0.1265 0.4058 0.1265 0.1265 0.1265 0.1265 0.1265 0.4058 0.1265 0.4058 0.4058
094 245 221 252 0.1265 0.1265 0.4058 0.4058 0.4058 0.4058 0.1265 0.4058 0.1265 0.4058 0.1265 0.4058 0.4058 0.1265 0.4058 0.4058
245 221 252 122 0.1265 0.1265 0.4058 0.4058 0.1265 0.1265 0.1265 0.1265 0.1265 0.4058 0.1265 0.4058 0.1265 0.1265 0.4058 0.1265
221 252 122 197 0.1265 0.4058 0.4058 0.4058 0.1265 0.1265 0.4058 0.1265 0.1265 0.1265 0.1265 0.1265 0.4058 0.1265 0.4058 0.4058
252 122 197 352 0.4058 0.1265 0.4058 0.1265 0.1265 0.4058 0.1265 0.4058 0.1265 0.4058 0.4058 0.4058 0.4058 0.4058 0.1265 0.1265
122 197 352 231 0.4058 0.1265 0.1265 0.1265 0.4058 0.4058 0.1265 0.1265 0.1265 0.1265 0.1265 0.1265 0.1265 0.4058 0.1265 0.1265
