356 031684 3
238 090 262 196 0.5973 0.5027 0.5973 0.5027 0.5027 0.5027 0.5027 0.5973 0.5027 0.5027 0.5973 0.5973 0.5027 0.5027 0.5973 0.5973
090 262 196 104 0.5027 0.5973 0.5973 0.5973 0.5973 0.5973 0.5027 0.5027 0.5027 0.5027 0.5973 0.5027 0.5973 0.5027 0.5973 0.5027
262 196 104 178 0.5027 0.5973 0.5027 0.5027 0.5027 0.5027 0.5027 0.5027 0.5973 0.5973 0.5973 0.5027 0.5973 0.5973 0.5973 0.5973
196 104 178 299 0.5973 0.5973 0.5027 0.5027 0.5027 0.5973 0.5027 0.5973 0.5973 0.5973 0.5973 0.5973 0.5027 0.5973 0.5027 0.5973
104 178 299 312 0.5973 0.5973 0.5973 0.5027 0.5973 0.5027 0.5027 0.5973 0.5027 0.5027 0.5973 0.5027 0.5027 0.5027 0.5973 0.5973
178 299 312 096 0.5027 0.5973 0.5027 0.5973 0.5027 0.5027 0.5027 0.5027 0.5973 0.5027 0.5027 0.5973 0.5027 0.5973 0.5027 0.5973
299 312 096 173 0.5027 0.5027 0.5973 0.5027 0.5973 0.5973 0.5973 0.5973 0.5973 0.5027 0.5027 0.5027 0.5027 0.5973 0.5973 0.5027
312 096 173 060 0.5973 0.5973 0.5973 0.5973 0.5027 0.5027 0.5027 0.5973 0.5973 0.5973 0.5027 0.5973 0.5027 0.5027 0.5973 0.5027
096 173 060 274 0.5027 0.5027 0.5027 0.5027 0.5027 0.5027 0.5973 0.5027 0.5027 0.5027 0.5027 0.5973 0.5973 0.5973 0.5027 0.5973
173 060 274 230 0.5973 0.5973 0.5973 0.5027 0.5027 0.5973 0.5973 0.5973 0.5973 0.5973 0.5027 0.5027 0.5027 0.5973 0.5973 0.5027
060 274 230 323 0.5973 0.5973 0.5027 0.5973 0.5973 0.5973 0.5973 0.5973 0.5973 0.5027 0.5973 0.5027 0.5027 0.5973 0.5027 0.5027
274 230 323 244 0.5973 0.5973 0.5027 0.5973 0.5027 0.5027 0.5973 0.5027 0.5973 0.5027 0.5027 0.5027 0.5973 0.5027 0.5027 0.5973
230 323 244 146 0.5973 0.5027 0.5973 0.5027 0.5973 0.5973 0.5027 0.5973 0.5973 0.5027 0.5027 0.5027 0.5027 0.5973 0.5027 0.5027
323 244 146 139 0.5973 0.5973 0.5973 0.5973 0.5027 0.5027 0.5973 0.5973 0.5027 0.5027 0.5973 0.5027 0.5027 0.5027 0.5027 0.5973
244 146 139 306 0.5027 0.5027 0.5027 0.5973 0.5973 0.5973 0.5027 0.5027 0.5027 0.5027 0.5027 0.5973 0.5973 0.5027 0.5973 0.5027
146 139 306 040 0.5973 0.5973 0.5027 0.5027 0.5027 0.5973 0.5027 0.5973 0.5973 0.5027 0.5027 0.5973 0.5027 0.5973 0.5973 0.5973
139 306 040 197 0.5973 0.5027 0.5027 0.5027 0.5973 0.5027 0.5027 0.5027 0.5027 0.5027 0.5027 0.5027 0.5027 0.5027 0.5973 0.5027
306 040 197 107 0.5027 0.5973 0.5973 0.5973 0.5973 0.5027 0.5027 0.5973 0.5973 0.5027 0.5973 0.5973 0.5027 0.5973 0.5973 0.5973
040 197 107 175 0.5973 0.5027 0.5973 0.5027 0.5973 0.5027 0.5027 0.5973 0.5027 0.5973 0.5027 0.5973 0.5027 0.5027 0.5027 0.5973
197 107 175 145 0.5973 0.5027 0.5027 0.5027 0.5027 0.5027 0.5973 0.5973 0.5027 0.5027 0.5973 0.5027 0.5973 0.5973 0.5027 0.5973
107 175 145 159 0.5027 0.5027 0.5973 0.5973 0.5027 0.5973 0.5027 0.5027 0.5027 0.5027 0.5973 0.5027 0.5973 0.5027 0.5027 0.5027
175 145 159 076 0.5973 0.5973 0.5027 0.5027 0.5027 0.5973 0.5027 0.5027 0.5973 0.5027 0.5973 0.5973 0.5973 0.5973 0.5027 0.5027
145 159 076 001 0.5973 0.5027 0.5027 0.5973 0.5973 0.5027 0.5973 0.5027 0.5973 0.5973 0.5973 0.5973 0.5973 0.5973 0.5973 0.5027
159 076 001 103 0.5973 0.5027 0.5027 0.5027 0.5027 0.5027 0.5973 0.5973 0.5027 0.5027 0.5027 0.5973 0.5973 0.5027 0.5973 0.5027
076 001 103 165 0.5027 0.5027 0.5973 0.5027 0.5027 0.5027 0.5973 0.5973 0.5027 0.5973 0.5027 0.5973 0.5973 0.5027 0.5973 0.5027
001 103 165 028 0.5973 0.5973 0.5973 0.5027 0.5027 0.5973 0.5973 0.5027 0.5973 0.5027 0.5027 0.5027 0.5973 0.5027 0.5027 0.5973
103 165 028 172 0.5973 0.5973 0.5973 0.5973 0.5973 0.5027 0.5027 0.5973 0.5027 0.5027 0.5973 0.5027 0.5027 0.5973 0.5027 0.5973
165 028 172 128 0.5027 0.5973 0.5027 0.5973 0.5027 0.5973 0.5027 0.5973 0.5027 0.5973 0.5027 0.5027 0.5973 0.5973 0.5973 0.5973
028 172 128 049 0.5973 0.5973 0.5973 0.5973 0.5027 0.5973 0.5973 0.5973 0.5027 0.5027 0.5973 0.5027 0.5973 0.5027 0.5027 0.5027
172 128 049 285 0.5027 0.5027 0.5027 0.5027 0.5973 0.5027 0.5027 0.5027 0.5027 0.5027 0.5027 0.5027 0.5973 0.5027 0.5027 0.5027
128 049 285 261 0.5973 0.5973 0.5973 0.5973 0.5027 0.5973 0.5973 0.5027 0.5973 0.5973 0.5973 0.5027 0.5027 0.5027 0.5973 0.5027
049 285 261 011 0.5973 0.5973 0.5973 0.5027 0.5027 0.5027 0.5973 0.5027 0.5973 0.5973 0.5973 0.5973 0.5027 0.5973 0.5973 0.5973
285 261 011 193 0.5973 0.5027 0.5973 0.5027 0.5973 0.5027 0.5027 0.5973 0.5027 0.5973 0.5027 0.5027 0.5027 0.5973 0.5027 0.5973
261 011 193 020 0.5027 0.5973 0.5027 0.5027 0.5973 0.5973 0.5027 0.5027 0.5027 0.5027 0.5973 0.5973 0.5973 0.5973 0.5973 0.5027
011 193 020 041 0.5973 0.5973 0.5027 0.5973 0.5973 0.5973 0.5973 0.5973 0.5973 0.5027 0.5027 0.5027 0.5973 0.5027 0.5973 0.5973
193 020 041 025 0.5973 0.5973 0.5027 0.5973 0.5973 0.5027 0.5973 0.5027 0.5027 0.5973 0.5973 0.5973 0.5027 0.5027 0.5027 0.5973
020 041 025 284 0.5973 0.5973 0.5027 0.5027 0.5027 0.5973 0.5027 0.5027 0.5027 0.5027 0.5973 0.5027 0.5027 0.5973 0.5973 0.5973
041 025 284 034 0.5973 0.5973 0.5027 0.5973 0.5973 0.5973 0.5027 0.5027 0.5027 0.5027 0.5027 0.5027 0.5973 0.5973 0.5027 0.5973
025 284 034 322 0.5973 0.5027 0.5973 0.5027 0.5027 0.5027 0.5027 0.5027 0.5027 0.5973 0.5027 0.5973 0.5027 0.5973 0.5973 0.5973
284 034 322 010 0.5027 0.5973 0.5973 0.5973 0.5973 0.5027 0.5027 0.5027 0.5027 0.5027 0.5027 0.5027 0.5973 0.5973 0.5027 0.5027
034 322 010 257 0.5973 0.5973 0.5027 0.5973 0.5973 0.5027 0.5973 0.5973 0.5027 0.5973 0.5973 0.5027 0.5973 0.5973 0.5027 0.5973
322 010 257 241 0.5973 0.5027 0.5973 0.5973 0.5973 0.5973 0.5027 0.5027 0.5027 0.5027 0.5027 0.5973 0.5027 0.5973 0.5973 0.5973
010 257 241 058 0.5027 0.5027 0.5973 0.5973 0.5973 0.5027 0.5027 0.5027 0.5027 0.5027 0.5027 0.5973 0.5027 0.5973 0.5027 0.5027
257 241 058 154 0.5027 0.5973 0.5973 0.5973 0.5027 0.5027 0.5973 0.5027 0.5027 0.5027 0.5973 0.5027 0.5973 0.5973 0.5027 0.5973
241 058 154 147 0.5973 0.5973 0.5027 0.5027 0.5027 0.5027 0.5027 0.5027 0.5973 0.5973 0.5973 0.5973 0.5027 0.5973 0.5973 0.5027
058 154 147 265 0.5027 0.5973 0.5973 0.5027 0.5973 0.5973 0.5027 0.5973 0.5973 0.5027 0.5027 0.5973 0.5027 0.5973 0.5027 0.5027
154 147 265 195 0.5973 0.5027 0.5973 0.5027 0.5973 0.5027 0.5027 0.5973 0.5027 0.5027 0.5027 0.5027 0.5027 0.5027 0.5973 0.5027
147 265 195 216 0.5027 0.5973 0.5973 0.5027 0.5027 0.5973 0.5973 0.5027 0.5027 0.5973 0.5973 0.5973 0.5027 0.5973 0.5973 0.5973
265 195 216 337 0.5973 0.5027 0.5973 0.5973 0.5027 0.5973 0.5027 0.5973 0.5973 0.5973 0.5973 0.5027 0.5027 0.5027 0.5973 0.5027
195 216 337 291 0.5973 0.5027 0.5973 0.5973 0.5973 0.5027 0.5027 0.5027 0.5027 0.5973 0.5973 0.5973 0.5973 0.5027 0.5973 0.5027
216 337 291 226 0.5973 0.5027 0.5027 0.5027 0.5973 0.5973 0.5027 0.5027 0.5973 0.5973 0.5027 0.5973 0.5973 0.5027 0.5973 0.5027
337 291 226 061 0.5027 0.5973 0.5973 0.5027 0.5973 0.5973 0.5973 0.5973 0.5973 0.5027 0.5027 0.5973 0.5973 0.5027 0.5973 0.5027
291 226 061 282 0.5027 0.5027 0.5973 0.5027 0.5027 0.5027 0.5027 0.5973 0.5027 0.5027 0.5973 0.5027 0.5027 0.5027 0.5027 0.5027
226 061 282 352 0.5973 0.5973 0.5973 0.5027 0.5027 0.5027 0.5973 0.5973 0.5027 0.5027 0.5973 0.5027 0.5973 0.5973 0.5973 0.5973
061 282 352 200 0.5027 0.5973 0.5027 0.5973 0.5973 0.5027 0.5973 0.5027 0.5973 0.5027 0.5027 0.5027 0.5027 0.5973 0.5027 0.5973
282 352 200 217 0.5027 0.5973 0.5973 0.5973 0.5027 0.5027 0.5027 0.5973 0.5027 0.5027 0.5027 0.5027 0.5973 0.5973 0.5027 0.5027
352 200 217 253 0.5027 0.5027 0.5027 0.5027 0.5027 0.5973 0.5973 0.5027 0.5973 0.5973 0.5973 0.5973 0.5973 0.5027 0.5027 0.5973
200 217 253 153 0.5973 0.5973 0.5027 0.5027 0.5027 0.5973 0.5027 0.5973 0.5973 0.5027 0.5027 0.5027 0.5027 0.5027 0.5973 0.5027
217 253 153 012 0.5027 0.5027 0.5027 0.5973 0.5973 0.5973 0.5973 0.5027 0.5027 0.5027 0.5027 0.5027 0.5973 0.5973 0.5973 0.5973
253 153 012 270 0.5973 0.5973 0.5973 0.5027 0.5973 0.5973 0.5027 0.5973 0.5027 0.5973 0.5973 0.5973 0.5973 0.5027 0.5027 0.5973
153 012 270 343 0.5973 0.5027 0.5027 0.5027 0.5027 0.5973 0.5973 0.5973 0.5027 0.5027 0.5973 0.5973 0.5973 0.5027 0.5027 0.5027
012 270 343 135 0.5973 0.5027 0.5973 0.5027 0.5027 0.5027 0.5973 0.5973 0.5027 0.5027 0.5973 0.5027 0.5027 0.5027 0.5973 0.5973
270 343 135 223 0.5973 0.5027 0.5027 0.5027 0.5973 0.5973 0.5027 0.5973 0.5027 0.5973 0.5027 0.5973 0.5973 0.5027 0.5973 0.5973
343 135 223 081 0.5027 0.5973 0.5973 0.5027 0.5973 0.5027 0.5973 0.5973 0.5027 0.5027 0.5027 0.5973 0.5973 0.5973 0.5027 0.5027
135 223 081 351 0.5973 0.5973 0.5027 0.5973 0.5973 0.5973 0.5027 0.5027 0.5027 0.5027 0.5027 0.5027 0.5027 0.5973 0.5973 0.5027
223 081 351 180 0.5027 0.5973 0.5027 0.5973 0.5973 0.5027 0.5973 0.5973 0.5973 0.5973 0.5973 0.5027 0.5027 0.5973 0.5973 0.5973
081 351 180 276 0.5027 0.5027 0.5027 0.5973 0.5973 0.5027 0.5973 0.5973 0.5027 0.5973 0.5027 0.5973 0.5973 0.5973 0.5973 0.5973
351 180 276 332 0.5973 0.5973 0.5973 0.5027 0.5027 0.5973 0.5027 0.5027 0.5973 0.5973 0.5973 0.5973 0.5973 0.5027 0.5027 0.5973
180 276 332 307 0.5973 0.5973 0.5973 0.5027 0.5027 0.5027 0.5973 0.5973 0.5973 0.5027 0.5973 0.5973 0.5027 0.5973 0.5973 0.5973
276 332 307 078 0.5973 0.5027 0.5027 0.5027 0.5027 0.5973 0.5027 0.5027 0.5973 0.5027 0.5027 0.5027 0.5973 0.5973 0.5027 0.5027
332 307 078 123 0.5027 0.5027 0.5973 0.5973 0.5027 0.5027 0.5973 0.5027 0.5973 0.5973 0.5027 0.5027 0.5027 0.5027 0.5973 0.5027
307 078 123 336 0.5973 0.5973 0.5027 0.5973 0.5027 0.5027 0.5973 0.5973 0.5973 0.5973 0.5027 0.5973 0.5027 0.5027 0.5973 0.5027
078 123 336 115 0.5027 0.5973 0.5027 0.5027 0.5973 0.5973 0.5027 0.5027 0.5027 0.5973 0.5027 0.5973 0.5973 0.5973 0.5973 0.5027
123 336 115 340 0.5027 0.5027 0.5027 0.5973 0.5973 0.5973 0.5973 0.5973 0.5027 0.5973 0.5973 0.5973 0.5973 0.5027 0.5027 0.5973
336 115 340 039 0.5973 0.5027 0.5973 0.5973 0.5973 0.5027 0.5027 0.5973 0.5973 0.5027 0.5027 0.5973 0.5973 0.5027 0.5027 0.5973
115 340 039 296 0.5973 0.5973 0.5027 0.5973 0.5973 0.5027 0.5973 0.5973 0.5973 0.5973 0.5027 0.5027 0.5027 0.5973 0.5027 0.5027
340 039 296 124 0.5027 0.5973 0.5973 0.5027 0.5027 0.5027 0.5973 0.5973 0.5973 0.5973 0.5973 0.5027 0.5027 0.5027 0.5027 0.5027
039 296 124 086 0.5973 0.5027 0.5973 0.5973 0.5027 0.5973 0.5973 0.5027 0.5973 0.5973 0.5973 0.5973 0.5027 0.5027 0.5027 0.5973
296 124 086 005 0.5973 0.5027 0.5027 0.5973 0.5027 0.5027 0.5973 0.5027 0.5027 0.5973 0.5027 0.5027 0.5027 0.5973 0.5027 0.5027
124 086 005 183 0.5027 0.5973 0.5973 0.5973 0.5027 0.5027 0.5027 0.5973 0.5027 0.5973 0.5027 0.5973 0.5027 0.5027 0.5973 0.5973
086 005 183 335 0.5973 0.5027 0.5973 0.5973 0.5027 0.5027 0.5027 0.5027 0.5027 0.5027 0.5973 0.5027 0.5027 0.5027 0.5027 0.5973
005 183 335 286 0.5027 0.5027 0.5973 0.5027 0.5027 0.5973 0.5027 0.5027 0.5973 0.5973 0.5027 0.5027 0.5973 0.5027 0.5973 0.5973
183 335 286 342 0.5027 0.5973 0.5027 0.5027 0.5027 0.5973 0.5973 0.5027 0.5027 0.5973 0.5027 0.5973 0.5973 0.5027 0.5973 0.5973
335 286 342 042 0.5973 0.5973 0.5027 0.5973 0.5973 0.5973 0.5973 0.5973 0.5973 0.5027 0.5973 0.5027 0.5027 0.5973 0.5973 0.5027
286 342 042 346 0.5027 0.5027 0.5973 0.5973 0.5973 0.5027 0.5027 0.5973 0.5973 0.5973 0.5027 0.5973 0.5973 0.5027 0.5027 0.5973
342 042 346 051 0.5027 0.5027 0.5973 0.5973 0.5027 0.5027 0.5027 0.5027 0.5027 0.5973 0.5027 0.5973 0.5027 0.5027 0.5027 0.5973
042 346 051 105 0.5973 0.5973 0.5027 0.5973 0.5027 0.5973 0.5027 0.5027 0.5973 0.5973 0.5973 0.5973 0.5973 0.5973 0.5027 0.5973
346 051 105 185 0.5973 0.5027 0.5027 0.5973 0.5027 0.5973 0.5027 0.5973 0.5027 0.5027 0.5973 0.5027 0.5973 0.5973 0.5973 0.5973
051 105 185 188 0.5027 0.5973 0.5027 0.5973 0.5027 0.5027 0.5027 0.5027 0.5973 0.5027 0.5027 0.5027 0.5973 0.5027 0.5973 0.5973
105 185 188 208 0.5027 0.5973 0.5027 0.5027 0.5973 0.5973 0.5027 0.5973 0.5973 0.5027 0.5027 0.5027 0.5973 0.5027 0.5027 0.5027
185 188 208 050 0.5027 0.5973 0.5027 0.5973 0.5027 0.5027 0.5973 0.5973 0.5973 0.5027 0.5973 0.5027 0.5027 0.5973 0.5973 0.5027
188 208 050 246 0.5973 0.5973 0.5973 0.5027 0.5027 0.5973 0.5973 0.5027 0.5027 0.5027 0.5027 0.5973 0.5027 0.5027 0.5973 0.5027
208 050 246 313 0.5027 0.5973 0.5973 0.5027 0.5973 0.5027 0.5027 0.5973 0.5973 0.5027 0.5973 0.5027 0.5973 0.5973 0.5027 0.5027
050 246 313 017 0.5973 0.5973 0.5973 0.5027 0.5973 0.5027 0.5973 0.5027 0.5027 0.5973 0.5027 0.5973 0.5027 0.5973 0.5027 0.5027
246 313 017 341 0.5973 0.5027 0.5027 0.5973 0.5027 0.5027 0.5027 0.5973 0.5973 0.5027 0.5973 0.5973 0.5027 0.5027 0.5027 0.5027
313 017 341 133 0.5973 0.5973 0.5973 0.5973 0.5027 0.5027 0.5027 0.5027 0.5027 0.5973 0.5973 0.5027 0.5973 0.5027 0.5027 0.5973
017 341 133 083 0.5973 0.5973 0.5973 0.5973 0.5973 0.5027 0.5027 0.5973 0.5027 0.5027 0.5027 0.5027 0.5027 0.5027 0.5027 0.5027
341 133 083 245 0.5027 0.5027 0.5973 0.5027 0.5973 0.5973 0.5973 0.5027 0.5027 0.5027 0.5027 0.5027 0.5027 0.5027 0.5973 0.5973
133 083 245 222 0.5027 0.5973 0.5973 0.5027 0.5973 0.5027 0.5027 0.5027 0.5973 0.5973 0.5973 0.5027 0.5973 0.5973 0.5027 0.5973
083 245 222 283 0.5027 0.5973 0.5973 0.5027 0.5027 0.5027 0.5027 0.5027 0.5027 0.5973 0.5027 0.5027 0.5973 0.5027 0.5027 0.5027
245 222 283 071 0.5027 0.5973 0.5027 0.5027 0.5973 0.5027 0.5973 0.5027 0.5027 0.5027 0.5973 0.5973 0.5973 0.5027 0.5027 0.5973
222 283 071 328 0.5027 0.5973 0.5973 0.5973 0.5027 0.5027 0.5027 0.5973 0.5973 0.5027 0.5027 0.5027 0.5973 0.5973 0.5973 0.5027
283 071 328 194 0.5027 0.5027 0.5973 0.5027 0.5973 0.5973 0.5973 0.5027 0.5973 0.5973 0.5973 0.5973 0.5027 0.5027 0.5027 0.5027
071 328 194 161 0.5027 0.5973 0.5973 0.5027 0.5973 0.5973 0.5973 0.5027 0.5027 0.5973 0.5973 0.5973 0.5027 0.5027 0.5027 0.5973
328 194 161 309 0.5027 0.5027 0.5973 0.5973 0.5973 0.5027 0.5027 0.5973 0.5973 0.5973 0.5027 0.5027 0.5973 0.5973 0.5973 0.5973
194 161 309 141 0.5973 0.5027 0.5973 0.5973 0.5027 0.5027 0.5973 0.5027 0.5027 0.5027 0.5973 0.5973 0.5973 0.5973 0.5027 0.5027
161 309 141 278 0.5027 0.5973 0.5973 0.5027 0.5973 0.5973 0.5027 0.5027 0.5027 0.5027 0.5973 0.5973 0.5973 0.5973 0.5973 0.5973
309 141 278 038 0.5027 0.5027 0.5973 0.5027 0.5973 0.5027 0.5027 0.5973 0.5973 0.5027 0.5973 0.5973 0.5973 0.5027 0.5973 0.5973
141 278 038 287 0.5973 0.5027 0.5973 0.5973 0.5027 0.5027 0.5027 0.5027 0.5027 0.5973 0.5973 0.5973 0.5973 0.5027 0.5027 0.5027
278 038 287 325 0.5027 0.5027 0.5027 0.5973 0.5027 0.5973 0.5027 0.5027 0.5027 0.5027 0.5973 0.5973 0.5973 0.5027 0.5973 0.5973
038 287 325 239 0.5027 0.5027 0.5027 0.5027 0.5027 0.5027 0.5973 0.5973 0.5027 0.5973 0.5973 0.5973 0.5973 0.5027 0.5027 0.5973
287 325 239 164 0.5973 0.5027 0.5027 0.5973 0.5973 0.5027 0.5027 0.5027 0.5027 0.5973 0.5973 0.5027 0.5973 0.5027 0.5027 0.5027
325 239 164 121 0.5973 0.5027 0.5027 0.5027 0.5973 0.5027 0.5027 0.5027 0.5027 0.5973 0.5973 0.5973 0.5027 0.5973 0.5027 0.5973
239 164 121 035 0.5973 0.5027 0.5027 0.5027 0.5973 0.5027 0.5027 0.5973 0.5973 0.5027 0.5973 0.5973 0.5973 0.5973 0.5973 0.5973
164 121 035 046 0.5973 0.5973 0.5973 0.5027 0.5027 0.5027 0.5973 0.5027 0.5027 0.5027 0.5973 0.5027 0.5973 0.5027 0.5973 0.5027
121 035 046 204 0.5027 0.5973 0.5027 0.5027 0.5973 0.5027 0.5027 0.5973 0.5973 0.5973 0.5973 0.5027 0.5027 0.5027 0.5027 0.5027
035 046 204 205 0.5973 0.5973 0.5027 0.5027 0.5973 0.5973 0.5973 0.5973 0.5027 0.5027 0.5027 0.5973 0.5027 0.5027 0.5973 0.5973
046 204 205 102 0.5973 0.5027 0.5973 0.5027 0.5973 0.5973 0.5027 0.5027 0.5973 0.5973 0.5973 0.5027 0.5027 0.5973 0.5027 0.5973
204 205 102 167 0.5973 0.5027 0.5027 0.5973 0.5973 0.5027 0.5973 0.5973 0.5027 0.5027 0.5973 0.5973 0.5973 0.5027 0.5027 0.5027
205 102 167 344 0.5973 0.5973 0.5027 0.5973 0.5027 0.5027 0.5027 0.5027 0.5027 0.5027 0.5973 0.5973 0.5973 0.5027 0.5027 0.5027
102 167 344 174 0.5973 0.5027 0.5027 0.5973 0.5973 0.5027 0.5027 0.5973 0.5973 0.5973 0.5027 0.5027 0.5027 0.5973 0.5027 0.5027
167 344 174 085 0.5973 0.5973 0.5973 0.5027 0.5973 0.5973 0.5027 0.5027 0.5027 0.5027 0.5027 0.5973 0.5973 0.5027 0.5973 0.5027
344 174 085 176 0.5973 0.5027 0.5027 0.5973 0.5973 0.5027 0.5027 0.5973 0.5027 0.5027 0.5973 0.5973 0.5027 0.5973 0.5973 0.5973
174 085 176 008 0.5027 0.5973 0.5973 0.5027 0.5973 0.5027 0.5973 0.5027 0.5973 0.5027 0.5973 0.5973 0.5027 0.5027 0.5027 0.5027
085 176 008 179 0.5973 0.5027 0.5027 0.5027 0.5973 0.5027 0.5973 0.5027 0.5027 0.5027 0.5973 0.5027 0.5973 0.5027 0.5027 0.5973
176 008 179 191 0.5027 0.5973 0.5027 0.5027 0.5973 0.5027 0.5973 0.5027 0.5973 0.5973 0.5973 0.5973 0.5973 0.5973 0.5973 0.5027
008 179 191 354 0.5027 0.5027 0.5027 0.5973 0.5973 0.5973 0.5973 0.5973 0.5973 0.5973 0.5973 0.5027 0.5027 0.5027 0.5027 0.5973
179 191 354 162 0.5027 0.5027 0.5973 0.5973 0.5973 0.5973 0.5973 0.5973 0.5027 0.5027 0.5027 0.5973 0.5973 0.5973 0.5027 0.5027
191 354 162 088 0.5973 0.5027 0.5027 0.5973 0.5973 0.5027 0.5027 0.5973 0.5027 0.5027 0.5973 0.5973 0.5027 0.5027 0.5027 0.5973
354 162 088 228 0.5027 0.5027 0.5973 0.5973 0.5973 0.5027 0.5973 0.5973 0.5027 0.5027 0.5973 0.5973 0.5973 0.5973 0.5027 0.5027
162 088 228 303 0.5973 0.5027 0.5027 0.5027 0.5973 0.5973 0.5027 0.5027 0.5973 0.5027 0.5973 0.5027 0.5973 0.5973 0.5027 0.5973
088 228 303 129 0.5027 0.5027 0.5973 0.5973 0.5973 0.5027 0.5973 0.5973 0.5973 0.5973 0.5973 0.5027 0.5027 0.5027 0.5973 0.5973
228 303 129 149 0.5973 0.5027 0.5973 0.5973 0.5027 0.5027 0.5027 0.5973 0.5027 0.5027 0.5027 0.5973 0.5973 0.5027 0.5973 0.5027
303 129 149 142 0.5027 0.5973 0.5973 0.5973 0.5027 0.5973 0.5973 0.5027 0.5027 0.5027 0.5027 0.5973 0.5973 0.5973 0.5027 0.5973
129 149 142 131 0.5027 0.5027 0.5973 0.5973 0.5027 0.5027 0.5973 0.5973 0.5027 0.5027 0.5973 0.5027 0.5027 0.5027 0.5973 0.5027
149 142 131 326 0.5027 0.5027 0.5973 0.5027 0.5973 0.5027 0.5973 0.5027 0.5027 0.5027 0.5973 0.5973 0.5973 0.5027 0.5027 0.5973
142 131 326 166 0.5973 0.5973 0.5973 0.5973 0.5027 0.5973 0.5973 0.5027 0.5027 0.5027 0.5973 0.5027 0.5027 0.5973 0.5973 0.5027
131 326 166 255 0.5027 0.5973 0.5027 0.5973 0.5027 0.5027 0.5027 0.5027 0.5973 0.5027 0.5027 0.5973 0.5027 0.5027 0.5973 0.5973
326 166 255 279 0.5027 0.5027 0.5973 0.5973 0.5027 0.5973 0.5027 0.5973 0.5973 0.5027 0.5973 0.5973 0.5973 0.5027 0.5973 0.5027
166 255 279 093 0.5027 0.5973 0.5973 0.5027 0.5973 0.5027 0.5973 0.5027 0.5027 0.5973 0.5027 0.5027 0.5973 0.5973 0.5027 0.5027
255 279 093 152 0.5027 0.5027 0.5027 0.5027 0.5027 0.5027 0.5027 0.5973 0.5027 0.5027 0.5973 0.5973 0.5973 0.5027 0.5973 0.5027
279 093 152 224 0.5027 0.5027 0.5973 0.5973 0.5973 0.5973 0.5973 0.5973 0.5973 0.5027 0.5973 0.5027 0.5027 0.5973 0.5973 0.5027
093 152 224 110 0.5027 0.5027 0.5027 0.5973 0.5027 0.5973 0.5973 0.5027 0.5973 0.5027 0.5973 0.5027 0.5027 0.5973 0.5027 0.5027
152 224 110 084 0.5027 0.5973 0.5027 0.5973 0.5027 0.5973 0.5027 0.5027 0.5973 0.5027 0.5973 0.5973 0.5973 0.5027 0.5973 0.5027
224 110 084 074 0.5027 0.5973 0.5027 0.5973 0.5027 0.5973 0.5973 0.5027 0.5973 0.5973 0.5027 0.5027 0.5973 0.5027 0.5027 0.5973
110 084 074 136 0.5027 0.5027 0.5027 0.5973 0.5027 0.5027 0.5973 0.5027 0.5027 0.5973 0.5973 0.5027 0.5973 0.5973 0.5027 0.5027
084 074 136 138 0.5027 0.5973 0.5973 0.5027 0.5027 0.5027 0.5973 0.5973 0.5027 0.5973 0.5027 0.5027 0.5973 0.5973 0.5027 0.5027
074 136 138 013 0.5027 0.5027 0.5973 0.5973 0.5973 0.5973 0.5973 0.5973 0.5973 0.5973 0.5973 0.5973 0.5027 0.5027 0.5027 0.5973
136 138 013 192 0.5973 0.5027 0.5027 0.5027 0.5027 0.5027 0.5027 0.5027 0.5027 0.5973 0.5973 0.5973 0.5973 0.5027 0.5973 0.5027
138 013 192 333 0.5973 0.5027 0.5027 0.5973 0.5973 0.5973 0.5027 0.5027 0.5973 0.5973 0.5027 0.5027 0.5973 0.5027 0.5973 0.5973
013 192 333 181 0.5027 0.5973 0.5973 0.5973 0.5027 0.5973 0.5973 0.5027 0.5973 0.5973 0.5973 0.5027 0.5973 0.5027 0.5973 0.5973
192 333 181 353 0.5973 0.5973 0.5027 0.5027 0.5973 0.5973 0.5027 0.5973 0.5973 0.5973 0.5973 0.5973 0.5973 0.5027 0.5027 0.5973
333 181 353 302 0.5027 0.5027 0.5027 0.5973 0.5973 0.5973 0.5027 0.5027 0.5027 0.5973 0.5027 0.5973 0.5027 0.5027 0.5027 0.5027
181 353 302 324 0.5973 0.5027 0.5027 0.5973 0.5027 0.5027 0.5027 0.5973 0.5027 0.5027 0.5973 0.5973 0.5027 0.5027 0.5973 0.5027
353 302 324 067 0.5027 0.5973 0.5027 0.5027 0.5973 0.5973 0.5027 0.5973 0.5973 0.5973 0.5027 0.5973 0.5973 0.5027 0.5973 0.5973
302 324 067 036 0.5027 0.5027 0.5973 0.5973 0.5027 0.5027 0.5027 0.5973 0.5973 0.5027 0.5027 0.5027 0.5973 0.5027 0.5027 0.5973
324 067 036 280 0.5027 0.5973 0.5973 0.5027 0.5027 0.5027 0.5973 0.5973 0.5973 0.5027 0.5973 0.5027 0.5973 0.5027 0.5027 0.5973
067 036 280 327 0.5027 0.5027 0.5027 0.5027 0.5973 0.5027 0.5027 0.5973 0.5973 0.5973 0.5027 0.5027 0.5027 0.5973 0.5027 0.5027
036 280 327 109 0.5027 0.5973 0.5973 0.5973 0.5973 0.5027 0.5973 0.5027 0.5973 0.5027 0.5027 0.5027 0.5973 0.5027 0.5973 0.5973
280 327 109 158 0.5973 0.5973 0.5027 0.5027 0.5973 0.5973 0.5973 0.5973 0.5027 0.5027 0.5973 0.5973 0.5973 0.5973 0.5027 0.5973
327 109 158 305 0.5027 0.5027 0.5027 0.5973 0.5027 0.5973 0.5027 0.5027 0.5973 0.5027 0.5027 0.5027 0.5973 0.5027 0.5027 0.5027
109 158 305 256 0.5027 0.5973 0.5027 0.5027 0.5973 0.5973 0.5027 0.5973 0.5027 0.5973 0.5973 0.5973 0.5973 0.5027 0.5973 0.5973
158 305 256 317 0.5973 0.5027 0.5027 0.5973 0.5027 0.5973 0.5027 0.5027 0.5027 0.5027 0.5973 0.5027 0.5973 0.5973 0.5973 0.5027
305 256 317 248 0.5973 0.5027 0.5027 0.5973 0.5973 0.5973 0.5027 0.5027 0.5973 0.5973 0.5027 0.5973 0.5973 0.5973 0.5027 0.5027
256 317 248 301 0.5973 0.5973 0.5027 0.5973 0.5027 0.5027 0.5973 0.5027 0.5027 0.5973 0.5027 0.5027 0.5973 0.5027 0.5027 0.5027
317 248 301 293 0.5973 0.5027 0.5973 0.5027 0.5973 0.5973 0.5027 0.5027 0.5973 0.5027 0.5973 0.5027 0.5027 0.5973 0.5973 0.5973
248 301 293 170 0.5027 0.5973 0.5973 0.5027 0.5027 0.5027 0.5973 0.5973 0.5973 0.5973 0.5973 0.5027 0.5027 0.5973 0.5973 0.5973
301 293 170 030 0.5027 0.5973 0.5027 0.5973 0.5027 0.5973 0.5027 0.5973 0.5027 0.5027 0.5973 0.5027 0.5027 0.5027 0.5973 0.5027
293 170 030 048 0.5027 0.5973 0.5027 0.5027 0.5027 0.5027 0.5027 0.5973 0.5973 0.5027 0.5973 0.5027 0.5973 0.5973 0.5973 0.5027
170 030 048 068 0.5973 0.5027 0.5027 0.5973 0.5027 0.5027 0.5027 0.5973 0.5973 0.5027 0.5027 0.5027 0.5027 0.5027 0.5027 0.5027
030 048 068 002 0.5027 0.5973 0.5027 0.5027 0.5027 0.5027 0.5973 0.5027 0.5027 0.5973 0.5027 0.5973 0.5973 0.5973 0.5027 0.5973
048 068 002 264 0.5973 0.5973 0.5973 0.5027 0.5027 0.5027 0.5973 0.5973 0.5027 0.5027 0.5027 0.5973 0.5027 0.5973 0.5027 0.5027
068 002 264 004 0.5973 0.5027 0.5973 0.5027 0.5973 0.5973 0.5027 0.5027 0.5973 0.5973 0.5027 0.5027 0.5973 0.5973 0.5027 0.5973
002 264 004 098 0.5027 0.5973 0.5973 0.5027 0.5027 0.5973 0.5973 0.5973 0.5973 0.5027 0.5973 0.5973 0.5973 0.5027 0.5027 0.5027
264 004 098 150 0.5027 0.5973 0.5027 0.5027 0.5973 0.5973 0.5973 0.5027 0.5027 0.5027 0.5973 0.5027 0.5027 0.5027 0.5027 0.5973
004 098 150 160 0.5973 0.5027 0.5027 0.5027 0.5027 0.5027 0.5027 0.5027 0.5973 0.5027 0.5973 0.5027 0.5973 0.5973 0.5027 0.5973
098 150 160 069 0.5973 0.5973 0.5027 0.5027 0.5973 0.5027 0.5027 0.5973 0.5027 0.5973 0.5973 0.5027 0.5027 0.5973 0.5027 0.5027
150 160 069 070 0.5973 0.5027 0.5027 0.5973 0.5973 0.5973 0.5027 0.5027 0.5973 0.5027 0.5973 0.5027 0.5973 0.5973 0.5973 0.5027
160 069 070 118 0.5027 0.5027 0.5973 0.5973 0.5027 0.5973 0.5973 0.5027 0.5027 0.5973 0.5973 0.5973 0.5973 0.5973 0.5973 0.5973
069 070 118 037 0.5027 0.5973 0.5973 0.5027 0.5027 0.5027 0.5027 0.5027 0.5973 0.5027 0.5973 0.5027 0.5027 0.5027 0.5027 0.5973
070 118 037 177 0.5027 0.5973 0.5027 0.5973 0.5027 0.5027 0.5027 0.5973 0.5973 0.5027 0.5973 0.5027 0.5027 0.5027 0.5027 0.5973
118 037 177 019 0.5973 0.5973 0.5027 0.5973 0.5027 0.5027 0.5973 0.5027 0.5027 0.5027 0.5973 0.5027 0.5027 0.5027 0.5027 0.5973
037 177 019 219 0.5027 0.5973 0.5973 0.5027 0.5027 0.5027 0.5973 0.5973 0.5027 0.5027 0.5027 0.5027 0.5973 0.5027 0.5973 0.5973
177 019 219 024 0.5027 0.5973 0.5973 0.5973 0.5027 0.5027 0.5027 0.5973 0.5973 0.5973 0.5973 0.5027 0.5027 0.5973 0.5973 0.5027
019 219 024 182 0.5973 0.5973 0.5973 0.5973 0.5973 0.5027 0.5027 0.5027 0.5027 0.5027 0.5027 0.5973 0.5973 0.5973 0.5027 0.5973
219 024 182 082 0.5973 0.5027 0.5973 0.5027 0.5973 0.5973 0.5973 0.5027 0.5027 0.5973 0.5027 0.5973 0.5027 0.5027 0.5027 0.5973
024 182 082 232 0.5973 0.5027 0.5027 0.5973 0.5027 0.5973 0.5973 0.5973 0.5973 0.5973 0.5973 0.5973 0.5027 0.5973 0.5973 0.5027
182 082 232 243 0.5973 0.5973 0.5027 0.5027 0.5027 0.5027 0.5973 0.5027 0.5973 0.5027 0.5027 0.5027 0.5973 0.5973 0.5027 0.5027
082 232 243 345 0.5973 0.5973 0.5973 0.5027 0.5027 0.5973 0.5973 0.5973 0.5027 0.5973 0.5027 0.5973 0.5973 0.5027 0.5973 0.5027
232 243 345 314 0.5027 0.5027 0.5027 0.5027 0.5027 0.5973 0.5973 0.5027 0.5027 0.5973 0.5027 0.5973 0.5027 0.5027 0.5973 0.5027
243 345 314 157 0.5027 0.5973 0.5027 0.5027 0.5973 0.5027 0.5973 0.5973 0.5973 0.5973 0.5973 0.5027 0.5027 0.5973 0.5027 0.5027
345 314 157 189 0.5973 0.5027 0.5027 0.5973 0.5027 0.5027 0.5027 0.5973 0.5973 0.5973 0.5973 0.5027 0.5973 0.5973 0.5973 0.5027
314 157 189 144 0.5027 0.5973 0.5027 0.5973 0.5027 0.5973 0.5973 0.5973 0.5027 0.5973 0.5027 0.5973 0.5973 0.5027 0.5973 0.5027
157 189 144 000 0.5027 0.5027 0.5973 0.5973 0.5027 0.5027 0.5027 0.5973 0.5973 0.5027 0.5027 0.5973 0.5027 0.5973 0.5973 0.5027
189 144 000 087 0.5027 0.5973 0.5973 0.5973 0.5027 0.5973 0.5027 0.5973 0.5973 0.5027 0.5973 0.5973 0.5973 0.5973 0.5973 0.5027
144 000 087 099 0.5973 0.5027 0.5973 0.5027 0.5973 0.5973 0.5973 0.5027 0.5973 0.5027 0.5973 0.5973 0.5973 0.5027 0.5027 0.5027
000 087 099 116 0.5027 0.5027 0.5973 0.5027 0.5973 0.5973 0.5027 0.5027 0.5027 0.5973 0.5027 0.5027 0.5973 0.5973 0.5973 0.5027
087 099 116 209 0.5973 0.5027 0.5027 0.5027 0.5027 0.5027 0.5027 0.5973 0.5973 0.5027 0.5027 0.5027 0.5027 0.5027 0.5027 0.5027
099 116 209 073 0.5973 0.5973 0.5027 0.5973 0.5973 0.5027 0.5027 0.5973 0.5027 0.5973 0.5973 0.5973 0.5973 0.5973 0.5027 0.5973
116 209 073 259 0.5027 0.5027 0.5027 0.5027 0.5027 0.5973 0.5973 0.5027 0.5973 0.5973 0.5973 0.5973 0.5973 0.5027 0.5027 0.5027
209 073 259 119 0.5973 0.5973 0.5027 0.5973 0.5027 0.5027 0.5027 0.5027 0.5973 0.5027 0.5973 0.5973 0.5027 0.5027 0.5027 0.5973
073 259 119 137 0.5027 0.5027 0.5027 0.5973 0.5973 0.5973 0.5973 0.5027 0.5973 0.5973 0.5027 0.5027 0.5973 0.5027 0.5027 0.5027
259 119 137 092 0.5027 0.5027 0.5027 0.5973 0.5973 0.5027 0.5027 0.5973 0.5027 0.5973 0.5027 0.5973 0.5973 0.5973 0.5973 0.5973
119 137 092 031 0.5027 0.5027 0.5973 0.5027 0.5973 0.5027 0.5973 0.5973 0.5973 0.5973 0.5973 0.5027 0.5973 0.5027 0.5027 0.5973
137 092 031 130 0.5973 0.5973 0.5027 0.5027 0.5973 0.5027 0.5027 0.5027 0.5973 0.5973 0.5973 0.5027 0.5027 0.5027 0.5027 0.5973
092 031 130 122 0.5973 0.5027 0.5027 0.5973 0.5973 0.5027 0.5973 0.5027 0.5027 0.5973 0.5973 0.5027 0.5973 0.5027 0.5973 0.5027
031 130 122 065 0.5973 0.5973 0.5027 0.5973 0.5027 0.5973 0.5973 0.5973 0.5027 0.5027 0.5973 0.5027 0.5027 0.5973 0.5027 0.5973
130 122 065 240 0.5027 0.5027 0.5973 0.5027 0.5027 0.5973 0.5027 0.5973 0.5973 0.5973 0.5027 0.5973 0.5973 0.5973 0.5973 0.5973
122 065 240 273 0.5973 0.5973 0.5973 0.5027 0.5973 0.5973 0.5973 0.5027 0.5973 0.5027 0.5027 0.5973 0.5027 0.5027 0.5027 0.5027
065 240 273 056 0.5027 0.5973 0.5973 0.5027 0.5973 0.5973 0.5027 0.5973 0.5973 0.5027 0.5973 0.5027 0.5973 0.5973 0.5027 0.5027
240 273 056 263 0.5027 0.5027 0.5973 0.5973 0.5973 0.5973 0.5973 0.5027 0.5027 0.5973 0.5973 0.5973 0.5973 0.5973 0.5973 0.5027
273 056 263 045 0.5973 0.5027 0.5027 0.5027 0.5027 0.5973 0.5027 0.5027 0.5973 0.5027 0.5973 0.5973 0.5027 0.5973 0.5973 0.5027
056 263 045 348 0.5027 0.5973 0.5027 0.5973 0.5027 0.5973 0.5973 0.5027 0.5027 0.5973 0.5027 0.5027 0.5027 0.5027 0.5027 0.5973
263 045 348 132 0.5027 0.5027 0.5973 0.5027 0.5027 0.5973 0.5973 0.5973 0.5973 0.5027 0.5973 0.5973 0.5027 0.5027 0.5973 0.5973
045 348 132 018 0.5973 0.5973 0.5973 0.5973 0.5027 0.5027 0.5973 0.5027 0.5027 0.5027 0.5973 0.5027 0.5973 0.5973 0.5973 0.5027
348 132 018 044 0.5027 0.5973 0.5027 0.5027 0.5027 0.5027 0.5973 0.5027 0.5973 0.5973 0.5973 0.5027 0.5027 0.5027 0.5027 0.5027
132 018 044 260 0.5973 0.5027 0.5027 0.5027 0.5027 0.5027 0.5973 0.5027 0.5027 0.5027 0.5973 0.5027 0.5027 0.5027 0.5027 0.5027
018 044 260 143 0.5027 0.5027 0.5973 0.5027 0.5027 0.5027 0.5027 0.5973 0.5027 0.5973 0.5973 0.5973 0.5973 0.5027 0.5027 0.5973
044 260 143 023 0.5973 0.5027 0.5973 0.5027 0.5973 0.5973 0.5973 0.5973 0.5973 0.5973 0.5027 0.5027 0.5973 0.5973 0.5973 0.5973
260 143 023 054 0.5973 0.5027 0.5973 0.5027 0.5027 0.5973 0.5973 0.5027 0.5027 0.5973 0.5973 0.5027 0.5027 0.5027 0.5027 0.5027
143 023 054 338 0.5973 0.5973 0.5027 0.5027 0.5973 0.5027 0.5973 0.5027 0.5027 0.5027 0.5973 0.5027 0.5027 0.5973 0.5973 0.5027
023 054 338 349 0.5973 0.5027 0.5973 0.5973 0.5027 0.5973 0.5027 0.5973 0.5027 0.5973 0.5973 0.5973 0.5027 0.5027 0.5027 0.5973
054 338 349 151 0.5027 0.5973 0.5973 0.5973 0.5973 0.5027 0.5973 0.5027 0.5973 0.5027 0.5973 0.5973 0.5027 0.5027 0.5973 0.5973
338 349 151 140 0.5973 0.5027 0.5973 0.5973 0.5027 0.5027 0.5027 0.5027 0.5027 0.5027 0.5973 0.5973 0.5027 0.5973 0.5973 0.5027
349 151 140 029 0.5973 0.5027 0.5027 0.5027 0.5973 0.5027 0.5027 0.5973 0.5027 0.5973 0.5027 0.5027 0.5027 0.5027 0.5973 0.5973
151 140 029 127 0.5027 0.5973 0.5027 0.5027 0.5027 0.5027 0.5027 0.5027 0.5027 0.5027 0.5027 0.5027 0.5973 0.5973 0.5973 0.5027
140 029 127 242 0.5027 0.5027 0.5973 0.5973 0.5027 0.5027 0.5027 0.5973 0.5973 0.5027 0.5973 0.5027 0.5027 0.5027 0.5027 0.5027
029 127 242 006 0.5027 0.5027 0.5027 0.5973 0.5027 0.5973 0.5027 0.5973 0.5027 0.5973 0.5027 0.5027 0.5973 0.5027 0.5973 0.5027
127 242 006 148 0.5027 0.5027 0.5027 0.5027 0.5027 0.5027 0.5027 0.5027 0.5973 0.5027 0.5027 0.5027 0.5027 0.5973 0.5973 0.5973
242 006 148 203 0.5027 0.5027 0.5973 0.5027 0.5027 0.5973 0.5027 0.5027 0.5027 0.5973 0.5027 0.5027 0.5027 0.5973 0.5027 0.5973
006 148 203 298 0.5027 0.5027 0.5027 0.5027 0.5973 0.5027 0.5973 0.5973 0.5027 0.5027 0.5027 0.5027 0.5027 0.5973 0.5973 0.5973
148 203 298 272 0.5027 0.5973 0.5973 0.5973 0.5973 0.5973 0.5027 0.5973 0.5027 0.5973 0.5973 0.5973 0.5027 0.5027 0.5973 0.5027
203 298 272 021 0.5027 0.5973 0.5973 0.5973 0.5973 0.5027 0.5027 0.5973 0.5027 0.5973 0.5027 0.5027 0.5973 0.5973 0.5027 0.5027
298 272 021 289 0.5027 0.5027 0.5973 0.5027 0.5973 0.5027 0.5973 0.5027 0.5973 0.5973 0.5027 0.5027 0.5027 0.5973 0.5027 0.5973
272 021 289 304 0.5973 0.5973 0.5027 0.5027 0.5027 0.5027 0.5027 0.5027 0.5973 0.5027 0.5973 0.5973 0.5027 0.5973 0.5027 0.5973
021 289 304 269 0.5973 0.5027 0.5027 0.5027 0.5027 0.5027 0.5027 0.5027 0.5027 0.5973 0.5973 0.5027 0.5973 0.5027 0.5973 0.5973
289 304 269 094 0.5973 0.5027 0.5027 0.5027 0.5973 0.5027 0.5027 0.5027 0.5027 0.5973 0.5027 0.5027 0.5973 0.5973 0.5973 0.5027
304 269 094 059 0.5027 0.5027 0.5027 0.5027 0.5027 0.5973 0.5973 0.5973 0.5027 0.5973 0.5973 0.5027 0.5027 0.5973 0.5973 0.5973
269 094 059 100 0.5027 0.5973 0.5973 0.5027 0.5027 0.5027 0.5973 0.5973 0.5973 0.5027 0.5973 0.5973 0.5973 0.5027 0.5027 0.5027
094 059 100 009 0.5027 0.5027 0.5027 0.5973 0.5973 0.5027 0.5973 0.5973 0.5027 0.5973 0.5973 0.5973 0.5027 0.5973 0.5973 0.5027
059 100 009 355 0.5973 0.5973 0.5027 0.5973 0.5973 0.5973 0.5973 0.5973 0.5973 0.5027 0.5973 0.5027 0.5027 0.5027 0.5973 0.5973
100 009 355 201 0.5027 0.5027 0.5973 0.5027 0.5973 0.5027 0.5973 0.5027 0.5973 0.5973 0.5027 0.5973 0.5973 0.5973 0.5973 0.5973
009 355 201 043 0.5973 0.5027 0.5973 0.5027 0.5973 0.5973 0.5973 0.5973 0.5027 0.5027 0.5027 0.5027 0.5027 0.5973 0.5973 0.5973
355 201 043 235 0.5027 0.5027 0.5027 0.5973 0.5973 0.5027 0.5027 0.5973 0.5027 0.5027 0.5973 0.5027 0.5973 0.5027 0.5027 0.5973
201 043 235 252 0.5027 0.5973 0.5027 0.5027 0.5973 0.5973 0.5027 0.5973 0.5973 0.5027 0.5973 0.5027 0.5027 0.5027 0.5027 0.5973
043 235 252 207 0.5027 0.5027 0.5973 0.5973 0.5973 0.5973 0.5973 0.5027 0.5027 0.5973 0.5027 0.5027 0.5027 0.5027 0.5973 0.5027
235 252 207 027 0.5027 0.5027 0.5027 0.5027 0.5973 0.5973 0.5973 0.5027 0.5027 0.5973 0.5973 0.5027 0.5973 0.5973 0.5027 0.5973
252 207 027 066 0.5027 0.5973 0.5027 0.5027 0.5973 0.5027 0.5027 0.5027 0.5027 0.5973 0.5973 0.5027 0.5027 0.5973 0.5973 0.5973
207 027 066 220 0.5027 0.5973 0.5973 0.5027 0.5973 0.5027 0.5027 0.5973 0.5027 0.5027 0.5973 0.5027 0.5027 0.5973 0.5973 0.5027
027 066 220 268 0.5973 0.5027 0.5973 0.5027 0.5973 0.5027 0.5973 0.5027 0.5973 0.5027 0.5973 0.5027 0.5973 0.5027 0.5973 0.5973
066 220 268 350 0.5027 0.5973 0.5027 0.5973 0.5027 0.5027 0.5027 0.5973 0.5973 0.5973 0.5027 0.5027 0.5027 0.5973 0.5973 0.5027
220 268 350 221 0.5973 0.5027 0.5027 0.5973 0.5973 0.5973 0.5973 0.5027 0.5973 0.5973 0.5973 0.5027 0.5027 0.5027 0.5027 0.5973
268 350 221 247 0.5973 0.5973 0.5973 0.5027 0.5027 0.5973 0.5027 0.5027 0.5027 0.5027 0.5973 0.5027 0.5027 0.5973 0.5027 0.5973
350 221 247 016 0.5973 0.5027 0.5027 0.5027 0.5027 0.5027 0.5027 0.5027 0.5973 0.5973 0.5027 0.5973 0.5027 0.5973 0.5027 0.5027
221 247 016 316 0.5027 0.5973 0.5973 0.5027 0.5973 0.5027 0.5027 0.5973 0.5973 0.5973 0.5973 0.5027 0.5973 0.5973 0.5973 0.5027
247 016 316 106 0.5973 0.5027 0.5027 0.5973 0.5027 0.5973 0.5027 0.5973 0.5973 0.5027 0.5027 0.5973 0.5027 0.5027 0.5027 0.5973
016 316 106 126 0.5973 0.5027 0.5027 0.5973 0.5027 0.5027 0.5973 0.5973 0.5027 0.5973 0.5973 0.5973 0.5973 0.5973 0.5973 0.5973
316 106 126 007 0.5027 0.5027 0.5027 0.5027 0.5973 0.5973 0.5973 0.5973 0.5973 0.5973 0.5973 0.5027 0.5027 0.5973 0.5973 0.5973
106 126 007 108 0.5027 0.5973 0.5973 0.5973 0.5973 0.5027 0.5027 0.5973 0.5973 0.5027 0.5027 0.5973 0.5973 0.5973 0.5027 0.5973
126 007 108 251 0.5027 0.5027 0.5027 0.5973 0.5027 0.5027 0.5027 0.5973 0.5027 0.5027 0.5973 0.5027 0.5027 0.5973 0.5973 0.5027
007 108 251 062 0.5973 0.5973 0.5973 0.5973 0.5027 0.5973 0.5973 0.5973 0.5027 0.5027 0.5973 0.5027 0.5973 0.5027 0.5027 0.5973
108 251 062 281 0.5027 0.5973 0.5027 0.5027 0.5027 0.5973 0.5973 0.5027 0.5973 0.5973 0.5027 0.5027 0.5027 0.5027 0.5973 0.5973
251 062 281 075 0.5027 0.5973 0.5027 0.5973 0.5027 0.5973 0.5973 0.5973 0.5027 0.5027 0.5973 0.5027 0.5027 0.5027 0.5973 0.5027
062 281 075 134 0.5973 0.5027 0.5973 0.5973 0.5027 0.5973 0.5027 0.5973 0.5973 0.5027 0.5027 0.5973 0.5027 0.5973 0.5973 0.5027
281 075 134 156 0.5027 0.5973 0.5973 0.5027 0.5973 0.5973 0.5973 0.5973 0.5973 0.5973 0.5973 0.5027 0.5027 0.5973 0.5027 0.5973
075 134 156 063 0.5027 0.5973 0.5973 0.5973 0.5027 0.5027 0.5973 0.5973 0.5973 0.5973 0.5027 0.5973 0.5027 0.5027 0.5973 0.5973
134 156 063 022 0.5027 0.5973 0.5973 0.5973 0.5973 0.5027 0.5973 0.5973 0.5973 0.5027 0.5973 0.5973 0.5027 0.5027 0.5973 0.5973
156 063 022 254 0.5027 0.5027 0.5973 0.5027 0.5027 0.5973 0.5973 0.5027 0.5027 0.5027 0.5027 0.5973 0.5027 0.5027 0.5027 0.5027
063 022 254 202 0.5027 0.5973 0.5027 0.5973 0.5973 0.5973 0.5973 0.5027 0.5027 0.5973 0.5973 0.5027 0.5973 0.5027 0.5027 0.5973
022 254 202 184 0.5973 0.5973 0.5027 0.5027 0.5973 0.5973 0.5973 0.5027 0.5027 0.5027 0.5027 0.5973 0.5027 0.5027 0.5973 0.5027
254 202 184 053 0.5027 0.5027 0.5973 0.5027 0.5027 0.5973 0.5973 0.5027 0.5973 0.5027 0.5973 0.5027 0.5027 0.5973 0.5027 0.5973
202 184 053 015 0.5973 0.5027 0.5027 0.5973 0.5027 0.5027 0.5027 0.5973 0.5973 0.5973 0.5027 0.5027 0.5027 0.5027 0.5973 0.5027
184 053 015 233 0.5973 0.5027 0.5027 0.5027 0.5027 0.5973 0.5973 0.5973 0.5027 0.5973 0.5027 0.5973 0.5027 0.5973 0.5027 0.5027
053 015 233 277 0.5027 0.5027 0.5973 0.5973 0.5027 0.5973 0.5027 0.5973 0.5027 0.5973 0.5027 0.5027 0.5973 0.5027 0.5027 0.5973
015 233 277 095 0.5027 0.5027 0.5973 0.5027 0.5973 0.5973 0.5027 0.5973 0.5027 0.5027 0.5973 0.5027 0.5973 0.5027 0.5027 0.5027
233 277 095 113 0.5973 0.5973 0.5973 0.5027 0.5973 0.5027 0.5027 0.5027 0.5973 0.5973 0.5973 0.5973 0.5027 0.5973 0.5027 0.5973
277 095 113 032 0.5973 0.5973 0.5027 0.5973 0.5027 0.5973 0.5973 0.5027 0.5973 0.5027 0.5973 0.5027 0.5027 0.5027 0.5973 0.5027
095 113 032 055 0.5027 0.5973 0.5973 0.5973 0.5973 0.5973 0.5973 0.5027 0.5973 0.5027 0.5027 0.5973 0.5027 0.5027 0.5973 0.5027
113 032 055 079 0.5973 0.5027 0.5973 0.5027 0.5027 0.5973 0.5973 0.5973 0.5973 0.5973 0.5973 0.5027 0.5027 0.5973 0.5027 0.5027
032 055 079 292 0.5027 0.5973 0.5973 0.5027 0.5973 0.5973 0.5027 0.5027 0.5973 0.5973 0.5973 0.5027 0.5973 0.5027 0.5027 0.5973
055 079 292 125 0.5027 0.5973 0.5973 0.5027 0.5027 0.5027 0.5973 0.5027 0.5027 0.5973 0.5027 0.5973 0.5973 0.5027 0.5973 0.5027
079 292 125 300 0.5973 0.5027 0.5027 0.5027 0.5973 0.5027 0.5973 0.5027 0.5973 0.5027 0.5027 0.5973 0.5027 0.5027 0.5973 0.5027
292 125 300 329 0.5027 0.5973 0.5027 0.5027 0.5973 0.5027 0.5973 0.5027 0.5973 0.5027 0.5027 0.5027 0.5027 0.5027 0.5027 0.5973
125 300 329 319 0.5973 0.5973 0.5973 0.5973 0.5027 0.5027 0.5027 0.5973 0.5027 0.5027 0.5973 0.5027 0.5027 0.5027 0.5027 0.5027
300 329 319 080 0.5973 0.5027 0.5027 0.5027 0.5973 0.5973 0.5973 0.5027 0.5027 0.5973 0.5973 0.5973 0.5973 0.5027 0.5973 0.5027
329 319 080 026 0.5973 0.5973 0.5027 0.5027 0.5973 0.5027 0.5973 0.5027 0.5973 0.5973 0.5027 0.5973 0.5973 0.5973 0.5973 0.5973
319 080 026 014 0.5027 0.5973 0.5973 0.5027 0.5027 0.5973 0.5973 0.5973 0.5973 0.5973 0.5973 0.5027 0.5027 0.5027 0.5973 0.5973
080 026 014 234 0.5973 0.5027 0.5027 0.5027 0.5027 0.5973 0.5973 0.5027 0.5973 0.5027 0.5027 0.5027 0.5027 0.5973 0.5973 0.5973
026 014 234 120 0.5973 0.5973 0.5027 0.5027 0.5973 0.5973 0.5027 0.5027 0.5973 0.5973 0.5027 0.5027 0.5973 0.5027 0.5973 0.5973
014 234 120 003 0.5973 0.5973 0.5973 0.5973 0.5027 0.5973 0.5027 0.5973 0.5027 0.5973 0.5027 0.5973 0.5027 0.5973 0.5027 0.5973
234 120 003 112 0.5973 0.5027 0.5973 0.5973 0.5027 0.5027 0.5973 0.5973 0.5027 0.5027 0.5973 0.5027 0.5027 0.5973 0.5027 0.5027
120 003 112 275 0.5973 0.5027 0.5973 0.5027 0.5973 0.5027 0.5027 0.5973 0.5973 0.5027 0.5027 0.5973 0.5973 0.5973 0.5027 0.5027
003 112 275 190 0.5027 0.5027 0.5027 0.5973 0.5027 0.5973 0.5027 0.5027 0.5973 0.5973 0.5973 0.5027 0.5973 0.5973 0.5973 0.5027
112 275 190 101 0.5973 0.5973 0.5973 0.5973 0.5973 0.5973 0.5027 0.5027 0.5027 0.5027 0.5027 0.5027 0.5973 0.5973 0.5027 0.5973
275 190 101 033 0.5973 0.5027 0.5027 0.5973 0.5027 0.5027 0.5973 0.5027 0.5027 0.5027 0.5973 0.5027 0.5027 0.5973 0.5973 0.5973
190 101 033 206 0.5973 0.5027 0.5027 0.5027 0.5973 0.5973 0.5027 0.5027 0.5973 0.5973 0.5027 0.5973 0.5973 0.5027 0.5027 0.5027
101 033 206 064 0.5973 0.5973 0.5973 0.5027 0.5027 0.5973 0.5973 0.5973 0.5027 0.5027 0.5027 0.5973 0.5027 0.5027 0.5027 0.5027
033 206 064 311 0.5973 0.5973 0.5027 0.5973 0.5973 0.5027 0.5027 0.5973 0.5973 0.5027 0.5973 0.5027 0.5027 0.5973 0.5027 0.5027
206 064 311 308 0.5027 0.5027 0.5027 0.5027 0.5027 0.5027 0.5027 0.5027 0.5027 0.5027 0.5973 0.5027 0.5027 0.5027 0.5027 0.5973
064 311 308 199 0.5027 0.5027 0.5973 0.5973 0.5973 0.5027 0.5027 0.5027 0.5027 0.5027 0.5027 0.5027 0.5027 0.5973 0.5027 0.5973
311 308 199 320 0.5973 0.5027 0.5027 0.5027 0.5027 0.5973 0.5973 0.5973 0.5973 0.5027 0.5973 0.5973 0.5973 0.5973 0.5027 0.5027
308 199 320 310 0.5973 0.5027 0.5973 0.5027 0.5027 0.5973 0.5027 0.5973 0.5973 0.5027 0.5027 0.5973 0.5027 0.5973 0.5973 0.5973
199 320 310 288 0.5973 0.5973 0.5027 0.5027 0.5027 0.5973 0.5973 0.5027 0.5027 0.5973 0.5027 0.5027 0.5973 0.5973 0.5027 0.5973
320 310 288 290 0.5027 0.5973 0.5973 0.5027 0.5027 0.5027 0.5027 0.5027 0.5973 0.5973 0.5973 0.5027 0.5027 0.5027 0.5973 0.5027
310 288 290 229 0.5973 0.5973 0.5027 0.5973 0.5027 0.5027 0.5973 0.5027 0.5973 0.5027 0.5027 0.5973 0.5973 0.5027 0.5973 0.5027
288 290 229 212 0.5027 0.5973 0.5973 0.5027 0.5973 0.5973 0.5973 0.5973 0.5973 0.5973 0.5973 0.5027 0.5027 0.5973 0.5973 0.5027
290 229 212 331 0.5027 0.5027 0.5973 0.5027 0.5027 0.5027 0.5973 0.5027 0.5973 0.5973 0.5027 0.5027 0.5973 0.5027 0.5027 0.5973
229 212 331 210 0.5027 0.5027 0.5027 0.5027 0.5973 0.5973 0.5973 0.5973 0.5973 0.5027 0.5027 0.5973 0.5973 0.5973 0.5973 0.5973
212 331 210 077 0.5973 0.5973 0.5027 0.5027 0.5027 0.5027 0.5027 0.5973 0.5973 0.5027 0.5973 0.5973 0.5027 0.5973 0.5973 0.5027
331 210 077 294 0.5973 0.5027 0.5027 0.5027 0.5027 0.5973 0.5027 0.5973 0.5973 0.5027 0.5027 0.5027 0.5027 0.5973 0.5027 0.5973
210 077 294 271 0.5027 0.5973 0.5973 0.5027 0.5027 0.5973 0.5027 0.5027 0.5027 0.5027 0.5027 0.5027 0.5027 0.5027 0.5027 0.5973
077 294 271 211 0.5973 0.5027 0.5027 0.5973 0.5027 0.5027 0.5027 0.5027 0.5973 0.5973 0.5973 0.5973 0.5973 0.5027 0.5027 0.5973
294 271 211 237 0.5027 0.5973 0.5027 0.5973 0.5027 0.5027 0.5027 0.5027 0.5973 0.5973 0.5973 0.5973 0.5973 0.5027 0.5027 0.5973
271 211 237 198 0.5027 0.5973 0.5027 0.5973 0.5027 0.5027 0.5027 0.5027 0.5973 0.5027 0.5973 0.5973 0.5027 0.5027 0.5027 0.5973
211 237 198 091 0.5973 0.5027 0.5973 0.5027 0.5973 0.5027 0.5973 0.5973 0.5027 0.5027 0.5973 0.5027 0.5027 0.5027 0.5027 0.5027
237 198 091 072 0.5027 0.5973 0.5027 0.5973 0.5027 0.5027 0.5027 0.5027 0.5973 0.5027 0.5973 0.5027 0.5027 0.5027 0.5973 0.5973
198 091 072 267 0.5027 0.5027 0.5973 0.5973 0.5027 0.5027 0.5973 0.5027 0.5973 0.5027 0.5027 0.5027 0.5973 0.5973 0.5027 0.5973
091 072 267 171 0.5973 0.5973 0.5973 0.5027 0.5027 0.5973 0.5973 0.5973 0.5027 0.5027 0.5027 0.5027 0.5027 0.5027 0.5973 0.5973
072 267 171 089 0.5973 0.5973 0.5973 0.5973 0.5973 0.5027 0.5027 0.5973 0.5973 0.5027 0.5027 0.5027 0.5973 0.5973 0.5973 0.5027
267 171 089 236 0.5027 0.5027 0.5973 0.5973 0.5973 0.5027 0.5027 0.5027 0.5973 0.5027 0.5973 0.5973 0.5027 0.5027 0.5027 0.5027
171 089 236 117 0.5027 0.5973 0.5973 0.5973 0.5027 0.5027 0.5973 0.5973 0.5973 0.5973 0.5973 0.5027 0.5027 0.5027 0.5027 0.5027
089 236 117 297 0.5027 0.5027 0.5027 0.5973 0.5973 0.5973 0.5027 0.5027 0.5973 0.5973 0.5973 0.5973 0.5973 0.5973 0.5027 0.5973
236 117 297 225 0.5973 0.5027 0.5973 0.5027 0.5973 0.5027 0.5973 0.5027 0.5027 0.5027 0.5027 0.5973 0.5973 0.5973 0.5027 0.5973
117 297 225 258 0.5027 0.5973 0.5973 0.5027 0.5973 0.5973 0.5973 0.5027 0.5027 0.5973 0.5973 0.5973 0.5027 0.5973 0.5973 0.5973
297 225 258 187 0.5027 0.5027 0.5973 0.5027 0.5973 0.5973 0.5027 0.5027 0.5027 0.5973 0.5027 0.5973 0.5973 0.5027 0.5027 0.5027
225 258 187 215 0.5973 0.5973 0.5027 0.5027 0.5973 0.5027 0.5973 0.5027 0.5973 0.5027 0.5027 0.5973 0.5027 0.5973 0.5973 0.5027
258 187 215 111 0.5973 0.5027 0.5027 0.5027 0.5973 0.5027 0.5973 0.5027 0.5973 0.5027 0.5027 0.5027 0.5027 0.5027 0.5027 0.5027
187 215 111 097 0.5027 0.5027 0.5973 0.5027 0.5973 0.5973 0.5027 0.5973 0.5027 0.5027 0.5027 0.5027 0.5027 0.5973 0.5973 0.5973
215 111 097 330 0.5027 0.5973 0.5973 0.5973 0.5973 0.5027 0.5027 0.5027 0.5027 0.5973 0.5973 0.5973 0.5973 0.5027 0.5973 0.5027
111 097 330 047 0.5027 0.5973 0.5973 0.5027 0.5027 0.5973 0.5973 0.5973 0.5973 0.5027 0.5027 0.5027 0.5973 0.5027 0.5027 0.5027
097 330 047 339 0.5027 0.5973 0.5973 0.5027 0.5973 0.5973 0.5973 0.5973 0.5973 0.5027 0.5027 0.5027 0.5973 0.5027 0.5027 0.5973
330 047 339 213 0.5027 0.5973 0.5027 0.5973 0.5973 0.5973 0.5973 0.5027 0.5027 0.5973 0.5027 0.5027 0.5027 0.5973 0.5027 0.5973
047 339 213 163 0.5027 0.5027 0.5973 0.5973 0.5973 0.5973 0.5027 0.5027 0.5027 0.5027 0.5027 0.5027 0.5973 0.5973 0.5027 0.5027
339 213 163 214 0.5973 0.5027 0.5973 0.5973 0.5027 0.5027 0.5973 0.5973 0.5027 0.5027 0.5973 0.5027 0.5973 0.5027 0.5973 0.5027
213 163 214 315 0.5027 0.5027 0.5973 0.5973 0.5027 0.5973 0.5027 0.5027 0.5027 0.5973 0.5973 0.5973 0.5973 0.5973 0.5973 0.5027
163 214 315 295 0.5027 0.5027 0.5027 0.5973 0.5027 0.5027 0.5973 0.5973 0.5973 0.5027 0.5027 0.5973 0.5973 0.5973 0.5027 0.5973
214 315 295 231 0.5973 0.5973 0.5027 0.5027 0.5027 0.5973 0.5027 0.5973 0.5027 0.5973 0.5027 0.5027 0.5973 0.5027 0.5027 0.5027
315 295 231 227 0.5973 0.5973 0.5027 0.5973 0.5973 0.5973 0.5973 0.5027 0.5973 0.5973 0.5027 0.5973 0.5973 0.5027 0.5027 0.5973
295 231 227 186 0.5027 0.5027 0.5973 0.5973 0.5973 0.5973 0.5027 0.5027 0.5027 0.5027 0.5027 0.5973 0.5973 0.5027 0.5027 0.5027
231 227 186 334 0.5973 0.5027 0.5027 0.5027 0.5027 0.5027 0.5027 0.5027 0.5027 0.5027 0.5027 0.5973 0.5027 0.5973 0.5973 0.5027
227 186 334 155 0.5027 0.5973 0.5027 0.5027 0.5027 0.5973 0.5027 0.5027 0.5973 0.5973 0.5027 0.5973 0.5973 0.5973 0.5973 0.5973
186 334 155 318 0.5027 0.5027 0.5027 0.5027 0.5973 0.5973 0.5027 0.5027 0.5027 0.5973 0.5027 0.5027 0.5973 0.5027 0.5027 0.5027
334 155 318 249 0.5027 0.5973 0.5973 0.5027 0.5973 0.5027 0.5973 0.5027 0.5027 0.5027 0.5027 0.5027 0.5973 0.5027 0.5027 0.5973
155 318 249 114 0.5027 0.5973 0.5973 0.5027 0.5973 0.5027 0.5027 0.5027 0.5973 0.5973 0.5973 0.5973 0.5027 0.5027 0.5027 0.5973
318 249 114 218 0.5973 0.5973 0.5973 0.5973 0.5027 0.5973 0.5027 0.5973 0.5027 0.5027 0.5027 0.5973 0.5973 0.5027 0.5027 0.5027
249 114 218 347 0.5027 0.5973 0.5973 0.5027 0.5027 0.5973 0.5973 0.5973 0.5027 0.5027 0.5027 0.5027 0.5973 0.5973 0.5027 0.5973
114 218 347 321 0.5027 0.5027 0.5973 0.5027 0.5973 0.5027 0.5027 0.5027 0.5973 0.5027 0.5027 0.5973 0.5973 0.5973 0.5027 0.5027
218 347 321 168 0.5973 0.5973 0.5027 0.5027 0.5027 0.5973 0.5973 0.5973 0.5027 0.5973 0.5973 0.5973 0.5973 0.5973 0.5973 0.5027
347 321 168 266 0.5027 0.5973 0.5027 0.5027 0.5973 0.5973 0.5027 0.5027 0.5973 0.5027 0.5973 0.5973 0.5973 0.5973 0.5973 0.5027
321 168 266 169 0.5027 0.5027 0.5027 0.5027 0.5973 0.5027 0.5027 0.5027 0.5027 0.5027 0.5027 0.5973 0.5027 0.5973 0.5027 0.5973
168 266 169 057 0.5027 0.5973 0.5027 0.5973 0.5973 0.5027 0.5027 0.5027 0.5973 0.5027 0.5027 0.5973 0.5973 0.5973 0.5027 0.5973
266 169 057 250 0.5973 0.5027 0.5973 0.5973 0.5027 0.5973 0.5973 0.5973 0.5973 0.5027 0.5973 0.5027 0.5027 0.5973 0.5027 0.5973
169 057 250 052 0.5027 0.5973 0.5973 0.5973 0.5973 0.5027 0.5027 0.5973 0.5973 0.5973 0.5027 0.5027 0.5027 0.5027 0.5973 0.5973
057 250 052 238 0.5027 0.5973 0.5027 0.5027 0.5027 0.5027 0.5973 0.5973 0.5027 0.5027 0.5973 0.5973 0.5973 0.5027 0.5027 0.5973
250 052 238 090 0.5027 0.5973 0.5027 0.5027 0.5027 0.5973 0.5973 0.5973 0.5027 0.5973 0.5027 0.5973 0.5973 0.5027 0.5027 0.5027
052 238 090 262 0.5027 0.5973 0.5973 0.5027 0.5973 0.5027 0.5027 0.5973 0.5973 0.5027 0.5027 0.5973 0.5027 0.5973 0.5027 0.5027
