356 031684 3
136 077 287 284 0.4752 0.4752 0.8902 0.4752 0.4752 0.4752 0.4752 0.4752 0.4752 0.8902 0.8902 0.4752 0.4752 0.4752 0.8902 0.4752
077 287 284 049 0.8902 0.8902 0.4752 0.8902 0.4752 0.8902 0.8902 0.8902 0.8902 0.4752 0.8902 0.8902 0.4752 0.8902 0.8902 0.8902
287 284 049 278 0.8902 0.4752 0.8902 0.4752 0.4752 0.4752 0.8902 0.4752 0.4752 0.4752 0.8902 0.4752 0.8902 0.4752 0.4752 0.8902
284 049 278 180 0.4752 0.8902 0.4752 0.8902 0.4752 0.4752 0.8902 0.4752 0.8902 0.4752 0.8902 0.4752 0.4752 0.8902 0.4752 0.8902
049 278 180 071 0.4752 0.4752 0.4752 0.4752 0.8902 0.8902 0.8902 0.4752 0.4752 0.8902 0.4752 0.4752 0.4752 0.4752 0.4752 0.4752
278 180 071 199 0.4752 0.8902 0.4752 0.8902 0.4752 0.4752 0.8902 0.4752 0.4752 0.8902 0.8902 0.8902 0.8902 0.8902 0.4752 0.8902
180 071 199 231 0.8902 0.4752 0.8902 0.8902 0.8902 0.8902 0.4752 0.4752 0.4752 0.8902 0.8902 0.4752 0.4752 0.4752 0.8902 0.8902
071 199 231 040 0.4752 0.8902 0.8902 0.8902 0.4752 0.4752 0.4752 0.4752 0.4752 0.8902 0.4752 0.4752 0.4752 0.4752 0.8902 0.4752
199 231 040 302 0.4752 0.8902 0.8902 0.4752 0.4752 0.8902 0.4752 0.8902 0.8902 0.4752 0.8902 0.8902 0.8902 0.4752 0.4752 0.8902
231 040 302 341 0.4752 0.4752 0.8902 0.4752 0.4752 0.4752 0.4752 0.4752 0.4752 0.4752 0.8902 0.4752 0.8902 0.8902 0.4752 0.4752
040 302 341 066 0.8902 0.4752 0.8902 0.4752 0.8902 0.8902 0.4752 0.4752 0.4752 0.8902 0.8902 0.8902 0.4752 0.8902 0.4752 0.4752
302 341 066 205 0.4752 0.4752 0.8902 0.4752 0.8902 0.4752 0.8902 0.4752 0.8902 0.8902 0.4752 0.4752 0.4752 0.4752 0.8902 0.4752
341 066 205 070 0.8902 0.4752 0.4752 0.4752 0.8902 0.8902 0.8902 0.8902 0.4752 0.4752 0.4752 0.8902 0.8902 0.8902 0.4752 0.4752
066 205 070 084 0.4752 0.8902 0.8902 0.8902 0.4752 0.4752 0.8902 0.8902 0.4752 0.8902 0.4752 0.8902 0.4752 0.4752 0.8902 0.4752
205 070 084 246 0.8902 0.4752 0.8902 0.4752 0.4752 0.8902 0.4752 0.8902 0.8902 0.8902 0.4752 0.4752 0.8902 0.4752 0.4752 0.4752
070 084 246 153 0.8902 0.4752 0.4752 0.8902 0.4752 0.8902 0.8902 0.4752 0.8902 0.4752 0.8902 0.4752 0.8902 0.8902 0.4752 0.8902
084 246 153 096 0.4752 0.4752 0.8902 0.4752 0.8902 0.4752 0.4752 0.8902 0.8902 0.8902 0.8902 0.8902 0.4752 0.4752 0.8902 0.4752
246 153 096 025 0.8902 0.8902 0.4752 0.4752 0.4752 0.8902 0.8902 0.4752 0.4752 0.4752 0.8902 0.8902 0.4752 0.4752 0.8902 0.8902
153 096 025 239 0.4752 0.4752 0.8902 0.8902 0.4752 0.4752 0.4752 0.4752 0.8902 0.4752 0.4752 0.8902 0.4752 0.8902 0.4752 0.8902
096 025 239 263 0.4752 0.4752 0.8902 0.4752 0.4752 0.8902 0.4752 0.4752 0.8902 0.8902 0.8902 0.8902 0.8902 0.8902 0.8902 0.4752
025 239 263 097 0.8902 0.4752 0.4752 0.8902 0.8902 0.4752 0.8902 0.4752 0.8902 0.8902 0.8902 0.8902 0.8902 0.4752 0.4752 0.4752
239 263 097 331 0.8902 0.8902 0.4752 0.8902 0.8902 0.8902 0.8902 0.8902 0.8902 0.8902 0.4752 0.4752 0.8902 0.8902 0.4752 0.8902
263 097 331 041 0.4752 0.8902 0.8902 0.4752 0.4752 0.8902 0.8902 0.4752 0.4752 0.8902 0.8902 0.8902 0.8902 0.4752 0.4752 0.8902
097 331 041 059 0.8902 0.4752 0.4752 0.4752 0.8902 0.8902 0.8902 0.4752 0.8902 0.8902 0.4752 0.8902 0.4752 0.4752 0.4752 0.4752
331 041 059 332 0.8902 0.8902 0.8902 0.4752 0.4752 0.8902 0.4752 0.4752 0.4752 0.4752 0.4752 0.4752 0.8902 0.8902 0.8902 0.4752
041 059 332 187 0.8902 0.4752 0.8902 0.8902 0.8902 0.8902 0.8902 0.4752 0.8902 0.8902 0.8902 0.4752 0.4752 0.8902 0.8902 0.8902
059 332 187 254 0.8902 0.8902 0.8902 0.4752 0.8902 0.4752 0.8902 0.8902 0.4752 0.4752 0.8902 0.8902 0.4752 0.8902 0.4752 0.8902
332 187 254 126 0.8902 0.8902 0.4752 0.8902 0.4752 0.8902 0.8902 0.4752 0.4752 0.8902 0.8902 0.4752 0.8902 0.8902 0.4752 0.8902
187 254 126 010 0.8902 0.8902 0.8902 0.4752 0.4752 0.4752 0.4752 0.4752 0.4752 0.8902 0.8902 0.4752 0.8902 0.4752 0.8902 0.8902
254 126 010 117 0.4752 0.4752 0.8902 0.8902 0.4752 0.4752 0.8902 0.8902 0.4752 0.4752 0.8902 0.8902 0.4752 0.4752 0.8902 0.8902
126 010 117 288 0.4752 0.8902 0.4752 0.8902 0.8902 0.8902 0.8902 0.8902 0.4752 0.4752 0.4752 0.8902 0.4752 0.4752 0.8902 0.4752
010 117 288 105 0.8902 0.4752 0.4752 0.8902 0.8902 0.8902 0.8902 0.8902 0.8902 0.4752 0.8902 0.8902 0.8902 0.8902 0.8902 0.8902
117 288 105 014 0.4752 0.8902 0.4752 0.8902 0.8902 0.4752 0.4752 0.4752 0.4752 0.4752 0.4752 0.8902 0.8902 0.4752 0.4752 0.4752
288 105 014 036 0.8902 0.4752 0.8902 0.8902 0.8902 0.8902 0.4752 0.4752 0.4752 0.8902 0.8902 0.8902 0.4752 0.8902 0.8902 0.8902
105 014 036 300 0.8902 0.4752 0.8902 0.8902 0.4752 0.8902 0.8902 0.8902 0.8902 0.4752 0.4752 0.8902 0.4752 0.8902 0.4752 0.8902
014 036 300 214 0.4752 0.8902 0.4752 0.4752 0.8902 0.4752 0.8902 0.8902 0.8902 0.8902 0.8902 0.8902 0.4752 0.4752 0.4752 0.8902
036 300 214 156 0.8902 0.4752 0.8902 0.4752 0.8902 0.4752 0.4752 0.4752 0.8902 0.4752 0.4752 0.8902 0.8902 0.8902 0.4752 0.4752
300 214 156 081 0.8902 0.8902 0.8902 0.8902 0.4752 0.4752 0.8902 0.4752 0.8902 0.4752 0.8902 0.8902 0.8902 0.4752 0.8902 0.4752
214 156 081 140 0.8902 0.8902 0.4752 0.4752 0.8902 0.8902 0.8902 0.4752 0.4752 0.8902 0.4752 0.8902 0.4752 0.4752 0.4752 0.8902
156 081 140 192 0.8902 0.8902 0.4752 0.4752 0.4752 0.4752 0.8902 0.8902 0.8902 0.4752 0.8902 0.4752 0.4752 0.4752 0.8902 0.4752
081 140 192 329 0.4752 0.8902 0.8902 0.4752 0.8902 0.4752 0.4752 0.4752 0.8902 0.4752 0.4752 0.8902 0.4752 0.4752 0.4752 0.8902
140 192 329 178 0.4752 0.4752 0.4752 0.4752 0.8902 0.4752 0.4752 0.8902 0.4752 0.4752 0.8902 0.8902 0.8902 0.4752 0.8902 0.4752
192 329 178 264 0.4752 0.4752 0.8902 0.8902 0.4752 0.4752 0.8902 0.8902 0.8902 0.8902 0.4752 0.8902 0.8902 0.8902 0.4752 0.8902
329 178 264 308 0.4752 0.4752 0.8902 0.4752 0.4752 0.8902 0.8902 0.8902 0.4752 0.4752 0.8902 0.8902 0.8902 0.8902 0.4752 0.8902
178 264 308 262 0.4752 0.8902 0.4752 0.8902 0.4752 0.4752 0.4752 0.8902 0.4752 0.4752 0.4752 0.4752 0.4752 0.8902 0.4752 0.8902
264 308 262 121 0.4752 0.8902 0.8902 0.8902 0.4752 0.4752 0.4752 0.4752 0.8902 0.4752 0.4752 0.8902 0.4752 0.4752 0.4752 0.4752
308 262 121 128 0.8902 0.8902 0.4752 0.8902 0.8902 0.4752 0.4752 0.4752 0.4752 0.4752 0.8902 0.8902 0.8902 0.4752 0.4752 0.4752
262 121 128 222 0.4752 0.8902 0.8902 0.4752 0.8902 0.4752 0.8902 0.4752 0.8902 0.4752 0.4752 0.4752 0.8902 0.4752 0.4752 0.8902
121 128 222 003 0.8902 0.4752 0.4752 0.4752 0.8902 0.4752 0.4752 0.8902 0.8902 0.8902 0.4752 0.8902 0.4752 0.4752 0.8902 0.4752
128 222 003 237 0.8902 0.4752 0.8902 0.8902 0.4752 0.8902 0.4752 0.4752 0.4752 0.8902 0.4752 0.4752 0.8902 0.8902 0.8902 0.8902
222 003 237 265 0.4752 0.8902 0.4752 0.4752 0.8902 0.4752 0.8902 0.8902 0.4752 0.8902 0.8902 0.8902 0.8902 0.4752 0.4752 0.8902
003 237 265 322 0.8902 0.4752 0.8902 0.8902 0.4752 0.8902 0.8902 0.4752 0.4752 0.8902 0.8902 0.8902 0.4752 0.8902 0.4752 0.8902
237 265 322 137 0.8902 0.8902 0.8902 0.8902 0.4752 0.8902 0.4752 0.8902 0.4752 0.4752 0.4752 0.4752 0.4752 0.4752 0.4752 0.4752
265 322 137 218 0.4752 0.4752 0.8902 0.8902 0.8902 0.4752 0.8902 0.4752 0.8902 0.4752 0.8902 0.8902 0.4752 0.4752 0.4752 0.8902
322 137 218 154 0.8902 0.8902 0.8902 0.4752 0.4752 0.4752 0.4752 0.4752 0.8902 0.4752 0.8902 0.4752 0.4752 0.4752 0.8902 0.8902
137 218 154 067 0.8902 0.8902 0.4752 0.4752 0.4752 0.8902 0.8902 0.4752 0.8902 0.4752 0.8902 0.4752 0.4752 0.8902 0.8902 0.4752
218 154 067 061 0.4752 0.4752 0.8902 0.4752 0.4752 0.4752 0.8902 0.4752 0.8902 0.4752 0.8902 0.8902 0.4752 0.4752 0.4752 0.4752
154 067 061 347 0.8902 0.8902 0.8902 0.4752 0.8902 0.4752 0.8902 0.8902 0.8902 0.8902 0.8902 0.8902 0.8902 0.8902 0.4752 0.8902
067 061 347 133 0.4752 0.4752 0.8902 0.8902 0.4752 0.4752 0.8902 0.8902 0.8902 0.4752 0.8902 0.4752 0.4752 0.8902 0.4752 0.8902
061 347 133 229 0.8902 0.8902 0.4752 0.8902 0.4752 0.4752 0.4752 0.8902 0.4752 0.4752 0.8902 0.4752 0.4752 0.8902 0.8902 0.4752
347 133 229 235 0.8902 0.8902 0.8902 0.8902 0.8902 0.8902 0.4752 0.4752 0.4752 0.4752 0.4752 0.4752 0.8902 0.4752 0.4752 0.4752
133 229 235 280 0.4752 0.8902 0.4752 0.4752 0.8902 0.4752 0.4752 0.8902 0.8902 0.4752 0.8902 0.4752 0.4752 0.8902 0.8902 0.8902
229 235 280 176 0.4752 0.8902 0.4752 0.8902 0.4752 0.4752 0.4752 0.4752 0.4752 0.8902 0.8902 0.4752 0.8902 0.4752 0.4752 0.8902
235 280 176 273 0.8902 0.8902 0.4752 0.8902 0.4752 0.8902 0.4752 0.4752 0.8902 0.8902 0.8902 0.4752 0.4752 0.8902 0.4752 0.8902
280 176 273 343 0.4752 0.4752 0.4752 0.4752 0.4752 0.4752 0.4752 0.8902 0.4752 0.8902 0.8902 0.8902 0.8902 0.4752 0.8902 0.4752
176 273 343 309 0.4752 0.4752 0.8902 0.4752 0.4752 0.8902 0.8902 0.8902 0.4752 0.8902 0.4752 0.8902 0.4752 0.8902 0.8902 0.4752
273 343 309 033 0.4752 0.4752 0.8902 0.8902 0.8902 0.4752 0.8902 0.8902 0.8902 0.4752 0.8902 0.8902 0.8902 0.4752 0.4752 0.4752
343 309 033 085 0.4752 0.4752 0.4752 0.4752 0.4752 0.8902 0.8902 0.8902 0.8902 0.4752 0.8902 0.4752 0.8902 0.4752 0.8902 0.8902
309 033 085 227 0.8902 0.4752 0.4752 0.8902 0.4752 0.4752 0.8902 0.4752 0.4752 0.8902 0.8902 0.4752 0.8902 0.4752 0.8902 0.4752
033 085 227 244 0.8902 0.8902 0.4752 0.8902 0.8902 0.4752 0.4752 0.4752 0.8902 0.8902 0.4752 0.4752 0.8902 0.4752 0.4752 0.4752
085 227 244 297 0.4752 0.8902 0.4752 0.4752 0.8902 0.8902 0.4752 0.8902 0.4752 0.8902 0.4752 0.8902 0.4752 0.8902 0.8902 0.4752
227 244 297 052 0.4752 0.8902 0.4752 0.4752 0.4752 0.4752 0.4752 0.8902 0.8902 0.4752 0.4752 0.8902 0.8902 0.8902 0.8902 0.8902
244 297 052 312 0.4752 0.4752 0.8902 0.4752 0.8902 0.8902 0.8902 0.4752 0.8902 0.4752 0.4752 0.8902 0.8902 0.4752 0.4752 0.4752
297 052 312 021 0.8902 0.4752 0.4752 0.8902 0.8902 0.8902 0.4752 0.4752 0.8902 0.8902 0.4752 0.4752 0.4752 0.8902 0.8902 0.8902
052 312 021 338 0.8902 0.8902 0.4752 0.4752 0.8902 0.4752 0.8902 0.8902 0.8902 0.8902 0.8902 0.4752 0.8902 0.4752 0.4752 0.4752
312 021 338 012 0.4752 0.8902 0.8902 0.8902 0.8902 0.4752 0.4752 0.4752 0.8902 0.8902 0.4752 0.4752 0.8902 0.4752 0.8902 0.4752
021 338 012 073 0.4752 0.8902 0.4752 0.8902 0.4752 0.8902 0.4752 0.8902 0.4752 0.4752 0.4752 0.8902 0.8902 0.8902 0.8902 0.4752
338 012 073 325 0.8902 0.8902 0.4752 0.4752 0.4752 0.4752 0.8902 0.8902 0.4752 0.8902 0.8902 0.4752 0.4752 0.8902 0.4752 0.4752
012 073 325 281 0.8902 0.8902 0.4752 0.4752 0.4752 0.4752 0.4752 0.4752 0.8902 0.8902 0.4752 0.8902 0.8902 0.8902 0.8902 0.4752
073 325 281 152 0.8902 0.8902 0.4752 0.4752 0.8902 0.4752 0.8902 0.8902 0.4752 0.8902 0.8902 0.8902 0.4752 0.8902 0.8902 0.4752
325 281 152 146 0.4752 0.4752 0.8902 0.8902 0.4752 0.8902 0.4752 0.8902 0.8902 0.8902 0.4752 0.8902 0.4752 0.4752 0.8902 0.8902
281 152 146 311 0.8902 0.4752 0.8902 0.4752 0.8902 0.4752 0.8902 0.8902 0.4752 0.4752 0.4752 0.4752 0.4752 0.4752 0.8902 0.4752
152 146 311 268 0.4752 0.4752 0.4752 0.8902 0.8902 0.8902 0.4752 0.4752 0.8902 0.8902 0.8902 0.4752 0.4752 0.4752 0.8902 0.8902
146 311 268 125 0.4752 0.4752 0.4752 0.8902 0.8902 0.4752 0.4752 0.4752 0.4752 0.8902 0.8902 0.8902 0.4752 0.4752 0.4752 0.8902
311 268 125 103 0.8902 0.8902 0.8902 0.8902 0.8902 0.4752 0.8902 0.4752 0.8902 0.4752 0.4752 0.8902 0.8902 0.8902 0.4752 0.4752
268 125 103 307 0.8902 0.8902 0.4752 0.8902 0.4752 0.4752 0.8902 0.4752 0.8902 0.4752 0.8902 0.8902 0.4752 0.4752 0.8902 0.4752
125 103 307 058 0.4752 0.8902 0.4752 0.4752 0.4752 0.8902 0.8902 0.8902 0.8902 0.8902 0.4752 0.8902 0.4752 0.4752 0.8902 0.8902
103 307 058 131 0.8902 0.4752 0.4752 0.4752 0.4752 0.8902 0.4752 0.4752 0.8902 0.8902 0.4752 0.8902 0.4752 0.4752 0.8902 0.8902
307 058 131 252 0.8902 0.8902 0.8902 0.8902 0.8902 0.8902 0.8902 0.8902 0.4752 0.8902 0.8902 0.8902 0.8902 0.8902 0.8902 0.8902
058 131 252 256 0.8902 0.8902 0.8902 0.8902 0.8902 0.4752 0.4752 0.8902 0.8902 0.8902 0.8902 0.4752 0.8902 0.8902 0.4752 0.4752
131 252 256 068 0.4752 0.8902 0.8902 0.4752 0.8902 0.8902 0.8902 0.8902 0.4752 0.4752 0.4752 0.8902 0.4752 0.8902 0.8902 0.8902
252 256 068 148 0.4752 0.4752 0.8902 0.4752 0.8902 0.4752 0.8902 0.4752 0.8902 0.8902 0.8902 0.4752 0.8902 0.8902 0.4752 0.8902
256 068 148 257 0.8902 0.8902 0.4752 0.4752 0.8902 0.8902 0.8902 0.4752 0.4752 0.4752 0.4752 0.4752 0.4752 0.8902 0.4752 0.4752
068 148 257 018 0.4752 0.4752 0.4752 0.4752 0.4752 0.4752 0.8902 0.8902 0.8902 0.8902 0.4752 0.8902 0.8902 0.4752 0.8902 0.4752
148 257 018 230 0.4752 0.8902 0.4752 0.8902 0.8902 0.4752 0.8902 0.4752 0.4752 0.4752 0.8902 0.8902 0.8902 0.4752 0.4752 0.4752
257 018 230 223 0.4752 0.8902 0.4752 0.8902 0.4752 0.4752 0.8902 0.8902 0.8902 0.4752 0.8902 0.4752 0.4752 0.8902 0.4752 0.8902
018 230 223 352 0.4752 0.8902 0.8902 0.8902 0.8902 0.4752 0.8902 0.8902 0.8902 0.4752 0.4752 0.8902 0.8902 0.4752 0.4752 0.4752
230 223 352 079 0.4752 0.8902 0.4752 0.8902 0.8902 0.8902 0.4752 0.8902 0.4752 0.4752 0.4752 0.4752 0.4752 0.8902 0.4752 0.4752
223 352 079 166 0.4752 0.4752 0.8902 0.4752 0.4752 0.8902 0.8902 0.4752 0.4752 0.4752 0.4752 0.8902 0.8902 0.4752 0.8902 0.4752
352 079 166 161 0.4752 0.4752 0.8902 0.8902 0.8902 0.8902 0.8902 0.8902 0.4752 0.8902 0.4752 0.8902 0.4752 0.4752 0.4752 0.4752
079 166 161 127 0.4752 0.4752 0.8902 0.4752 0.8902 0.4752 0.4752 0.4752 0.8902 0.8902 0.4752 0.8902 0.8902 0.4752 0.8902 0.8902
166 161 127 198 0.8902 0.4752 0.8902 0.4752 0.8902 0.4752 0.8902 0.4752 0.4752 0.8902 0.4752 0.4752 0.8902 0.8902 0.8902 0.4752
161 127 198 165 0.4752 0.4752 0.4752 0.8902 0.4752 0.4752 0.4752 0.4752 0.8902 0.8902 0.4752 0.8902 0.4752 0.8902 0.8902 0.4752
127 198 165 191 0.8902 0.8902 0.8902 0.8902 0.8902 0.4752 0.4752 0.4752 0.8902 0.8902 0.4752 0.4752 0.4752 0.4752 0.4752 0.8902
198 165 191 138 0.8902 0.4752 0.8902 0.8902 0.4752 0.4752 0.8902 0.8902 0.8902 0.4752 0.4752 0.4752 0.8902 0.4752 0.4752 0.8902
165 191 138 217 0.8902 0.8902 0.8902 0.8902 0.4752 0.8902 0.4752 0.4752 0.8902 0.4752 0.4752 0.8902 0.4752 0.8902 0.4752 0.8902
191 138 217 007 0.4752 0.8902 0.8902 0.8902 0.8902 0.8902 0.4752 0.4752 0.8902 0.8902 0.4752 0.4752 0.8902 0.4752 0.4752 0.4752
138 217 007 289 0.4752 0.8902 0.4752 0.4752 0.8902 0.8902 0.4752 0.4752 0.8902 0.4752 0.8902 0.4752 0.4752 0.8902 0.4752 0.8902
217 007 289 292 0.8902 0.4752 0.4752 0.4752 0.8902 0.8902 0.4752 0.8902 0.4752 0.4752 0.4752 0.8902 0.4752 0.8902 0.8902 0.4752
007 289 292 141 0.8902 0.4752 0.4752 0.8902 0.8902 0.8902 0.8902 0.4752 0.4752 0.4752 0.4752 0.8902 0.8902 0.8902 0.4752 0.8902
289 292 141 221 0.8902 0.4752 0.8902 0.4752 0.4752 0.8902 0.8902 0.4752 0.4752 0.8902 0.4752 0.4752 0.4752 0.4752 0.8902 0.8902
292 141 221 238 0.8902 0.4752 0.4752 0.8902 0.4752 0.4752 0.4752 0.8902 0.4752 0.8902 0.8902 0.4752 0.8902 0.4752 0.8902 0.4752
141 221 238 000 0.8902 0.4752 0.8902 0.4752 0.4752 0.4752 0.4752 0.8902 0.4752 0.4752 0.8902 0.8902 0.8902 0.8902 0.4752 0.4752
221 238 000 240 0.8902 0.4752 0.4752 0.8902 0.8902 0.8902 0.4752 0.8902 0.8902 0.8902 0.8902 0.4752 0.4752 0.4752 0.4752 0.4752
238 000 240 353 0.8902 0.8902 0.8902 0.8902 0.8902 0.8902 0.4752 0.8902 0.8902 0.8902 0.8902 0.8902 0.8902 0.8902 0.4752 0.4752
000 240 353 261 0.8902 0.4752 0.8902 0.8902 0.8902 0.8902 0.8902 0.4752 0.4752 0.8902 0.8902 0.8902 0.4752 0.4752 0.4752 0.4752
240 353 261 142 0.4752 0.4752 0.8902 0.8902 0.8902 0.4752 0.8902 0.8902 0.8902 0.4752 0.8902 0.4752 0.4752 0.4752 0.4752 0.8902
353 261 142 107 0.4752 0.4752 0.4752 0.4752 0.8902 0.4752 0.4752 0.8902 0.4752 0.4752 0.4752 0.8902 0.4752 0.4752 0.8902 0.8902
261 142 107 330 0.4752 0.4752 0.4752 0.8902 0.8902 0.8902 0.4752 0.4752 0.8902 0.8902 0.8902 0.4752 0.4752 0.4752 0.8902 0.4752
142 107 330 315 0.4752 0.8902 0.8902 0.8902 0.4752 0.8902 0.8902 0.4752 0.4752 0.4752 0.8902 0.8902 0.8902 0.8902 0.4752 0.4752
107 330 315 022 0.4752 0.4752 0.4752 0.4752 0.8902 0.4752 0.4752 0.8902 0.4752 0.8902 0.8902 0.4752 0.4752 0.4752 0.4752 0.4752
330 315 022 185 0.4752 0.4752 0.4752 0.8902 0.4752 0.4752 0.4752 0.8902 0.8902 0.4752 0.4752 0.8902 0.4752 0.4752 0.8902 0.4752
315 022 185 109 0.8902 0.8902 0.4752 0.4752 0.8902 0.8902 0.4752 0.4752 0.4752 0.8902 0.4752 0.8902 0.4752 0.8902 0.8902 0.8902
022 185 109 155 0.4752 0.4752 0.4752 0.8902 0.8902 0.8902 0.4752 0.4752 0.4752 0.4752 0.4752 0.4752 0.8902 0.4752 0.8902 0.4752
185 109 155 326 0.8902 0.8902 0.4752 0.4752 0.8902 0.4752 0.4752 0.8902 0.8902 0.8902 0.4752 0.8902 0.4752 0.4752 0.8902 0.4752
109 155 326 163 0.4752 0.4752 0.8902 0.4752 0.4752 0.8902 0.8902 0.4752 0.4752 0.4752 0.8902 0.8902 0.8902 0.4752 0.8902 0.8902
155 326 163 225 0.4752 0.8902 0.8902 0.8902 0.4752 0.8902 0.8902 0.4752 0.8902 0.4752 0.8902 0.8902 0.8902 0.4752 0.4752 0.8902
326 163 225 346 0.4752 0.4752 0.8902 0.4752 0.8902 0.4752 0.8902 0.4752 0.4752 0.8902 0.8902 0.4752 0.8902 0.4752 0.4752 0.8902
163 225 346 160 0.8902 0.4752 0.8902 0.8902 0.8902 0.8902 0.8902 0.4752 0.8902 0.4752 0.4752 0.4752 0.4752 0.4752 0.8902 0.4752
225 346 160 271 0.8902 0.4752 0.8902 0.8902 0.8902 0.4752 0.8902 0.4752 0.4752 0.4752 0.4752 0.8902 0.8902 0.4752 0.4752 0.8902
346 160 271 186 0.8902 0.8902 0.8902 0.8902 0.4752 0.4752 0.4752 0.4752 0.8902 0.4752 0.8902 0.8902 0.4752 0.8902 0.8902 0.4752
160 271 186 037 0.8902 0.4752 0.8902 0.8902 0.8902 0.4752 0.8902 0.8902 0.4752 0.4752 0.8902 0.8902 0.8902 0.8902 0.8902 0.8902
271 186 037 150 0.8902 0.8902 0.4752 0.4752 0.8902 0.8902 0.4752 0.8902 0.8902 0.8902 0.8902 0.4752 0.8902 0.4752 0.4752 0.8902
186 037 150 242 0.4752 0.8902 0.8902 0.4752 0.8902 0.4752 0.4752 0.8902 0.8902 0.8902 0.4752 0.8902 0.4752 0.4752 0.4752 0.4752
037 150 242 296 0.4752 0.4752 0.4752 0.4752 0.8902 0.4752 0.4752 0.8902 0.8902 0.8902 0.8902 0.8902 0.8902 0.4752 0.8902 0.4752
150 242 296 098 0.8902 0.4752 0.8902 0.8902 0.4752 0.4752 0.8902 0.8902 0.4752 0.8902 0.8902 0.8902 0.8902 0.8902 0.8902 0.4752
242 296 098 344 0.8902 0.8902 0.8902 0.8902 0.4752 0.8902 0.4752 0.4752 0.4752 0.4752 0.8902 0.8902 0.4752 0.4752 0.8902 0.8902
296 098 344 195 0.8902 0.4752 0.4752 0.8902 0.4752 0.8902 0.4752 0.8902 0.8902 0.8902 0.4752 0.8902 0.4752 0.8902 0.4752 0.8902
098 344 195 047 0.4752 0.8902 0.8902 0.8902 0.8902 0.8902 0.8902 0.4752 0.8902 0.8902 0.4752 0.8902 0.4752 0.4752 0.4752 0.4752
344 195 047 245 0.4752 0.4752 0.8902 0.4752 0.8902 0.4752 0.8902 0.8902 0.8902 0.8902 0.4752 0.4752 0.4752 0.4752 0.4752 0.4752
195 047 245 197 0.8902 0.4752 0.8902 0.4752 0.4752 0.4752 0.8902 0.8902 0.8902 0.4752 0.8902 0.4752 0.8902 0.4752 0.4752 0.8902
047 245 197 112 0.8902 0.8902 0.4752 0.8902 0.4752 0.4752 0.4752 0.8902 0.8902 0.8902 0.4752 0.8902 0.8902 0.8902 0.8902 0.8902
245 197 112 241 0.4752 0.8902 0.4752 0.4752 0.4752 0.4752 0.8902 0.4752 0.4752 0.4752 0.8902 0.8902 0.4752 0.4752 0.8902 0.8902
197 112 241 177 0.8902 0.8902 0.4752 0.4752 0.8902 0.8902 0.8902 0.8902 0.8902 0.8902 0.8902 0.4752 0.4752 0.4752 0.8902 0.4752
112 241 177 323 0.4752 0.8902 0.8902 0.4752 0.8902 0.8902 0.8902 0.8902 0.8902 0.4752 0.8902 0.8902 0.8902 0.4752 0.4752 0.4752
241 177 323 210 0.4752 0.8902 0.8902 0.4752 0.8902 0.8902 0.8902 0.8902 0.4752 0.8902 0.4752 0.4752 0.8902 0.8902 0.4752 0.8902
177 323 210 196 0.8902 0.4752 0.8902 0.8902 0.4752 0.8902 0.4752 0.4752 0.8902 0.8902 0.8902 0.8902 0.8902 0.8902 0.8902 0.8902
323 210 196 258 0.4752 0.8902 0.8902 0.4752 0.4752 0.8902 0.4752 0.8902 0.8902 0.8902 0.4752 0.8902 0.8902 0.8902 0.4752 0.8902
210 196 258 023 0.4752 0.4752 0.4752 0.4752 0.8902 0.8902 0.4752 0.8902 0.4752 0.4752 0.4752 0.4752 0.8902 0.4752 0.4752 0.8902
196 258 023 060 0.8902 0.4752 0.4752 0.8902 0.4752 0.4752 0.4752 0.8902 0.4752 0.8902 0.8902 0.4752 0.8902 0.8902 0.4752 0.8902
258 023 060 189 0.8902 0.8902 0.4752 0.8902 0.8902 0.8902 0.8902 0.8902 0.8902 0.8902 0.8902 0.4752 0.4752 0.8902 0.4752 0.8902
023 060 189 001 0.8902 0.4752 0.8902 0.8902 0.8902 0.8902 0.8902 0.4752 0.4752 0.4752 0.8902 0.4752 0.4752 0.8902 0.8902 0.8902
060 189 001 234 0.8902 0.4752 0.8902 0.8902 0.4752 0.4752 0.8902 0.4752 0.4752 0.8902 0.8902 0.8902 0.8902 0.4752 0.4752 0.8902
189 001 234 043 0.4752 0.8902 0.4752 0.8902 0.4752 0.4752 0.8902 0.8902 0.4752 0.8902 0.8902 0.4752 0.8902 0.8902 0.4752 0.4752
001 234 043 009 0.8902 0.8902 0.8902 0.8902 0.4752 0.4752 0.8902 0.4752 0.8902 0.4752 0.4752 0.8902 0.4752 0.4752 0.8902 0.4752
234 043 009 211 0.8902 0.8902 0.4752 0.4752 0.8902 0.8902 0.4752 0.4752 0.8902 0.8902 0.8902 0.4752 0.4752 0.8902 0.8902 0.4752
043 009 211 321 0.8902 0.4752 0.8902 0.4752 0.4752 0.8902 0.8902 0.4752 0.4752 0.8902 0.4752 0.4752 0.8902 0.4752 0.8902 0.4752
009 211 321 247 0.8902 0.4752 0.8902 0.4752 0.4752 0.4752 0.4752 0.4752 0.8902 0.4752 0.4752 0.4752 0.4752 0.8902 0.4752 0.4752
211 321 247 063 0.8902 0.4752 0.8902 0.4752 0.4752 0.4752 0.4752 0.4752 0.4752 0.4752 0.4752 0.8902 0.4752 0.4752 0.4752 0.8902
321 247 063 095 0.4752 0.8902 0.4752 0.8902 0.8902 0.8902 0.8902 0.8902 0.8902 0.8902 0.8902 0.8902 0.8902 0.4752 0.4752 0.4752
247 063 095 324 0.8902 0.4752 0.4752 0.8902 0.4752 0.8902 0.8902 0.8902 0.4752 0.4752 0.8902 0.8902 0.4752 0.8902 0.4752 0.4752
063 095 324 293 0.8902 0.4752 0.4752 0.4752 0.4752 0.4752 0.8902 0.8902 0.4752 0.4752 0.8902 0.8902 0.8902 0.4752 0.8902 0.8902
095 324 293 054 0.4752 0.8902 0.4752 0.8902 0.4752 0.4752 0.8902 0.8902 0.4752 0.8902 0.4752 0.4752 0.4752 0.8902 0.8902 0.8902
324 293 054 006 0.8902 0.8902 0.4752 0.4752 0.4752 0.4752 0.8902 0.4752 0.8902 0.8902 0.4752 0.4752 0.4752 0.4752 0.4752 0.8902
293 054 006 046 0.4752 0.4752 0.8902 0.8902 0.4752 0.8902 0.4752 0.4752 0.4752 0.8902 0.4752 0.4752 0.8902 0.4752 0.8902 0.4752
054 006 046 151 0.4752 0.8902 0.4752 0.4752 0.8902 0.4752 0.8902 0.8902 0.8902 0.8902 0.4752 0.4752 0.8902 0.8902 0.4752 0.8902
006 046 151 294 0.8902 0.8902 0.4752 0.4752 0.4752 0.8902 0.8902 0.4752 0.4752 0.8902 0.4752 0.4752 0.8902 0.8902 0.8902 0.8902
046 151 294 354 0.4752 0.4752 0.4752 0.4752 0.4752 0.4752 0.8902 0.8902 0.4752 0.8902 0.8902 0.4752 0.8902 0.8902 0.8902 0.4752
151 294 354 291 0.8902 0.8902 0.4752 0.4752 0.4752 0.4752 0.4752 0.8902 0.8902 0.8902 0.4752 0.4752 0.8902 0.4752 0.8902 0.4752
294 354 291 101 0.4752 0.8902 0.8902 0.8902 0.4752 0.4752 0.4752 0.8902 0.8902 0.4752 0.8902 0.4752 0.4752 0.4752 0.8902 0.4752
354 291 101 015 0.8902 0.8902 0.4752 0.8902 0.4752 0.4752 0.8902 0.8902 0.4752 0.4752 0.8902 0.8902 0.4752 0.4752 0.8902 0.4752
291 101 015 190 0.8902 0.4752 0.4752 0.4752 0.4752 0.8902 0.4752 0.8902 0.8902 0.8902 0.8902 0.8902 0.4752 0.4752 0.8902 0.8902
101 015 190 062 0.8902 0.4752 0.8902 0.8902 0.8902 0.4752 0.4752 0.8902 0.4752 0.8902 0.4752 0.4752 0.8902 0.8902 0.8902 0.4752
015 190 062 295 0.4752 0.4752 0.4752 0.8902 0.8902 0.4752 0.8902 0.4752 0.4752 0.4752 0.8902 0.8902 0.8902 0.4752 0.4752 0.4752
190 062 295 233 0.4752 0.8902 0.8902 0.8902 0.8902 0.8902 0.4752 0.4752 0.4752 0.4752 0.4752 0.8902 0.8902 0.8902 0.8902 0.4752
062 295 233 124 0.8902 0.8902 0.4752 0.4752 0.4752 0.4752 0.4752 0.4752 0.8902 0.4752 0.8902 0.4752 0.4752 0.4752 0.4752 0.8902
295 233 124 351 0.8902 0.8902 0.8902 0.8902 0.8902 0.4752 0.8902 0.4752 0.4752 0.8902 0.8902 0.4752 0.4752 0.8902 0.4752 0.8902
233 124 351 089 0.4752 0.4752 0.4752 0.8902 0.8902 0.4752 0.8902 0.4752 0.4752 0.8902 0.8902 0.4752 0.8902 0.8902 0.8902 0.8902
124 351 089 201 0.8902 0.8902 0.8902 0.4752 0.8902 0.4752 0.4752 0.4752 0.8902 0.4752 0.8902 0.4752 0.4752 0.4752 0.4752 0.8902
351 089 201 145 0.8902 0.8902 0.8902 0.8902 0.4752 0.4752 0.4752 0.8902 0.8902 0.8902 0.4752 0.8902 0.8902 0.8902 0.8902 0.8902
089 201 145 013 0.8902 0.4752 0.4752 0.4752 0.8902 0.8902 0.8902 0.4752 0.8902 0.8902 0.4752 0.8902 0.4752 0.4752 0.8902 0.4752
201 145 013 274 0.8902 0.4752 0.8902 0.8902 0.8902 0.4752 0.8902 0.8902 0.8902 0.8902 0.8902 0.4752 0.8902 0.4752 0.4752 0.4752
145 013 274 269 0.8902 0.4752 0.4752 0.4752 0.8902 0.8902 0.4752 0.4752 0.4752 0.4752 0.8902 0.4752 0.8902 0.4752 0.4752 0.4752
013 274 269 149 0.8902 0.8902 0.8902 0.8902 0.4752 0.4752 0.4752 0.4752 0.8902 0.8902 0.8902 0.4752 0.8902 0.4752 0.4752 0.4752
274 269 149 011 0.8902 0.8902 0.8902 0.8902 0.8902 0.4752 0.4752 0.8902 0.4752 0.8902 0.4752 0.8902 0.4752 0.8902 0.4752 0.8902
269 149 011 301 0.4752 0.4752 0.8902 0.8902 0.8902 0.4752 0.8902 0.4752 0.4752 0.4752 0.4752 0.8902 0.4752 0.8902 0.8902 0.8902
149 011 301 048 0.8902 0.4752 0.4752 0.4752 0.8902 0.4752 0.4752 0.4752 0.8902 0.4752 0.8902 0.4752 0.8902 0.8902 0.8902 0.8902
011 301 048 129 0.4752 0.4752 0.4752 0.4752 0.4752 0.4752 0.8902 0.4752 0.4752 0.8902 0.8902 0.4752 0.4752 0.4752 0.4752 0.4752
301 048 129 100 0.4752 0.8902 0.8902 0.8902 0.4752 0.8902 0.4752 0.8902 0.4752 0.4752 0.4752 0.4752 0.8902 0.4752 0.4752 0.8902
048 129 100 104 0.4752 0.4752 0.4752 0.8902 0.4752 0.8902 0.4752 0.4752 0.8902 0.4752 0.4752 0.4752 0.8902 0.4752 0.8902 0.4752
129 100 104 075 0.4752 0.8902 0.4752 0.8902 0.8902 0.4752 0.4752 0.4752 0.8902 0.8902 0.8902 0.4752 0.8902 0.8902 0.4752 0.4752
100 104 075 228 0.4752 0.8902 0.4752 0.4752 0.8902 0.8902 0.4752 0.4752 0.8902 0.4752 0.4752 0.8902 0.8902 0.4752 0.8902 0.8902
104 075 228 236 0.8902 0.8902 0.8902 0.8902 0.4752 0.8902 0.8902 0.8902 0.8902 0.8902 0.4752 0.8902 0.8902 0.4752 0.4752 0.4752
075 228 236 147 0.4752 0.8902 0.8902 0.4752 0.8902 0.8902 0.4752 0.4752 0.8902 0.4752 0.4752 0.4752 0.8902 0.4752 0.8902 0.4752
228 236 147 206 0.4752 0.8902 0.8902 0.4752 0.8902 0.8902 0.8902 0.8902 0.8902 0.8902 0.4752 0.4752 0.8902 0.8902 0.4752 0.8902
236 147 206 350 0.8902 0.4752 0.4752 0.8902 0.4752 0.4752 0.4752 0.8902 0.8902 0.8902 0.4752 0.4752 0.4752 0.8902 0.4752 0.4752
147 206 350 092 0.8902 0.8902 0.8902 0.4752 0.8902 0.8902 0.4752 0.8902 0.8902 0.8902 0.4752 0.4752 0.8902 0.8902 0.8902 0.4752
206 350 092 169 0.8902 0.4752 0.4752 0.4752 0.8902 0.8902 0.8902 0.4752 0.8902 0.8902 0.8902 0.4752 0.8902 0.4752 0.8902 0.8902
350 092 169 094 0.4752 0.4752 0.8902 0.8902 0.8902 0.4752 0.8902 0.4752 0.4752 0.8902 0.8902 0.4752 0.8902 0.8902 0.8902 0.4752
092 169 094 172 0.8902 0.8902 0.4752 0.4752 0.4752 0.8902 0.8902 0.4752 0.4752 0.4752 0.4752 0.8902 0.8902 0.8902 0.4752 0.8902
169 094 172 034 0.4752 0.8902 0.4752 0.4752 0.4752 0.8902 0.8902 0.8902 0.4752 0.4752 0.4752 0.8902 0.4752 0.8902 0.8902 0.8902
094 172 034 355 0.8902 0.8902 0.8902 0.8902 0.4752 0.8902 0.4752 0.4752 0.8902 0.8902 0.4752 0.8902 0.4752 0.8902 0.4752 0.4752
172 034 355 310 0.8902 0.4752 0.8902 0.4752 0.4752 0.4752 0.4752 0.8902 0.4752 0.8902 0.4752 0.8902 0.8902 0.4752 0.4752 0.4752
034 355 310 251 0.4752 0.4752 0.8902 0.8902 0.4752 0.4752 0.4752 0.4752 0.8902 0.4752 0.8902 0.8902 0.8902 0.4752 0.8902 0.4752
355 310 251 212 0.8902 0.4752 0.4752 0.8902 0.8902 0.8902 0.4752 0.8902 0.8902 0.4752 0.8902 0.4752 0.4752 0.4752 0.4752 0.8902
310 251 212 285 0.8902 0.8902 0.4752 0.8902 0.4752 0.4752 0.4752 0.4752 0.8902 0.4752 0.8902 0.4752 0.8902 0.8902 0.4752 0.4752
251 212 285 342 0.8902 0.8902 0.8902 0.4752 0.4752 0.4752 0.8902 0.8902 0.8902 0.8902 0.8902 0.8902 0.8902 0.8902 0.4752 0.8902
212 285 342 260 0.4752 0.4752 0.8902 0.4752 0.8902 0.4752 0.8902 0.8902 0.4752 0.8902 0.8902 0.4752 0.8902 0.8902 0.8902 0.4752
285 342 260 158 0.8902 0.4752 0.8902 0.4752 0.8902 0.4752 0.4752 0.4752 0.4752 0.8902 0.8902 0.4752 0.8902 0.4752 0.4752 0.8902
342 260 158 157 0.4752 0.4752 0.4752 0.4752 0.4752 0.4752 0.8902 0.4752 0.4752 0.8902 0.8902 0.8902 0.4752 0.8902 0.8902 0.8902
260 158 157 118 0.8902 0.4752 0.4752 0.8902 0.4752 0.8902 0.8902 0.4752 0.8902 0.8902 0.8902 0.8902 0.8902 0.4752 0.4752 0.8902
158 157 118 099 0.4752 0.4752 0.4752 0.4752 0.8902 0.8902 0.4752 0.8902 0.8902 0.8902 0.8902 0.8902 0.8902 0.8902 0.4752 0.4752
157 118 099 162 0.8902 0.8902 0.4752 0.4752 0.8902 0.8902 0.4752 0.4752 0.4752 0.8902 0.4752 0.4752 0.4752 0.4752 0.8902 0.8902
118 099 162 303 0.4752 0.8902 0.8902 0.8902 0.8902 0.4752 0.4752 0.4752 0.8902 0.8902 0.8902 0.8902 0.4752 0.8902 0.4752 0.8902
099 162 303 076 0.8902 0.8902 0.8902 0.8902 0.8902 0.4752 0.4752 0.8902 0.4752 0.8902 0.8902 0.8902 0.4752 0.8902 0.4752 0.4752
162 303 076 219 0.8902 0.8902 0.4752 0.4752 0.8902 0.8902 0.4752 0.4752 0.8902 0.4752 0.4752 0.8902 0.8902 0.8902 0.8902 0.8902
303 076 219 340 0.4752 0.8902 0.4752 0.8902 0.8902 0.8902 0.4752 0.4752 0.4752 0.4752 0.8902 0.8902 0.4752 0.4752 0.4752 0.4752
076 219 340 255 0.4752 0.8902 0.4752 0.8902 0.4752 0.4752 0.4752 0.4752 0.4752 0.8902 0.8902 0.4752 0.8902 0.4752 0.4752 0.4752
219 340 255 116 0.8902 0.8902 0.4752 0.8902 0.4752 0.8902 0.4752 0.8902 0.8902 0.4752 0.8902 0.4752 0.8902 0.4752 0.4752 0.4752
340 255 116 053 0.4752 0.8902 0.8902 0.4752 0.4752 0.4752 0.8902 0.8902 0.4752 0.4752 0.8902 0.4752 0.8902 0.8902 0.4752 0.8902
255 116 053 139 0.8902 0.4752 0.8902 0.4752 0.4752 0.8902 0.8902 0.8902 0.8902 0.8902 0.4752 0.8902 0.8902 0.4752 0.4752 0.4752
116 053 139 216 0.4752 0.4752 0.4752 0.4752 0.8902 0.8902 0.8902 0.8902 0.8902 0.8902 0.8902 0.4752 0.8902 0.4752 0.4752 0.8902
053 139 216 039 0.4752 0.4752 0.4752 0.8902 0.8902 0.4752 0.4752 0.8902 0.4752 0.4752 0.8902 0.4752 0.8902 0.8902 0.8902 0.4752
139 216 039 220 0.4752 0.8902 0.8902 0.8902 0.4752 0.4752 0.4752 0.8902 0.8902 0.8902 0.8902 0.8902 0.4752 0.4752 0.8902 0.8902
216 039 220 317 0.4752 0.4752 0.8902 0.8902 0.4752 0.8902 0.8902 0.8902 0.4752 0.4752 0.4752 0.8902 0.8902 0.8902 0.8902 0.8902
039 220 317 209 0.8902 0.8902 0.4752 0.8902 0.8902 0.8902 0.8902 0.4752 0.4752 0.4752 0.8902 0.4752 0.8902 0.4752 0.4752 0.8902
220 317 209 042 0.8902 0.8902 0.4752 0.8902 0.4752 0.8902 0.4752 0.8902 0.8902 0.8902 0.8902 0.4752 0.4752 0.4752 0.4752 0.8902
317 209 042 318 0.8902 0.8902 0.8902 0.4752 0.8902 0.4752 0.4752 0.4752 0.8902 0.4752 0.4752 0.4752 0.4752 0.4752 0.4752 0.4752
209 042 318 031 0.4752 0.8902 0.4752 0.8902 0.8902 0.4752 0.4752 0.4752 0.4752 0.8902 0.8902 0.8902 0.8902 0.8902 0.8902 0.4752
042 318 031 193 0.8902 0.8902 0.8902 0.4752 0.4752 0.4752 0.4752 0.4752 0.4752 0.4752 0.8902 0.4752 0.8902 0.4752 0.8902 0.8902
318 031 193 248 0.4752 0.4752 0.8902 0.4752 0.8902 0.4752 0.8902 0.8902 0.4752 0.4752 0.4752 0.8902 0.4752 0.4752 0.4752 0.8902
031 193 248 045 0.4752 0.4752 0.8902 0.8902 0.8902 0.4752 0.8902 0.4752 0.8902 0.8902 0.4752 0.4752 0.4752 0.8902 0.8902 0.8902
193 248 045 082 0.4752 0.8902 0.8902 0.8902 0.8902 0.4752 0.8902 0.4752 0.4752 0.4752 0.8902 0.8902 0.4752 0.8902 0.8902 0.4752
248 045 082 020 0.8902 0.8902 0.4752 0.8902 0.4752 0.4752 0.4752 0.4752 0.8902 0.4752 0.8902 0.4752 0.4752 0.4752 0.8902 0.8902
045 082 020 279 0.4752 0.4752 0.8902 0.4752 0.8902 0.8902 0.4752 0.8902 0.8902 0.8902 0.4752 0.8902 0.4752 0.8902 0.8902 0.4752
082 020 279 259 0.4752 0.8902 0.4752 0.8902 0.8902 0.8902 0.4752 0.8902 0.4752 0.8902 0.4752 0.8902 0.4752 0.4752 0.8902 0.4752
020 279 259 114 0.8902 0.4752 0.4752 0.8902 0.8902 0.4752 0.4752 0.8902 0.8902 0.8902 0.4752 0.4752 0.8902 0.4752 0.8902 0.8902
279 259 114 035 0.4752 0.8902 0.4752 0.4752 0.4752 0.8902 0.4752 0.4752 0.8902 0.4752 0.4752 0.4752 0.4752 0.8902 0.4752 0.4752
259 114 035 179 0.4752 0.8902 0.8902 0.4752 0.8902 0.4752 0.8902 0.8902 0.4752 0.8902 0.8902 0.4752 0.8902 0.8902 0.4752 0.4752
114 035 179 038 0.4752 0.4752 0.4752 0.8902 0.8902 0.4752 0.8902 0.4752 0.4752 0.8902 0.8902 0.4752 0.8902 0.8902 0.8902 0.8902
035 179 038 336 0.8902 0.8902 0.4752 0.4752 0.8902 0.4752 0.4752 0.8902 0.8902 0.8902 0.4752 0.4752 0.4752 0.8902 0.4752 0.4752
179 038 336 135 0.8902 0.8902 0.8902 0.8902 0.8902 0.4752 0.4752 0.8902 0.8902 0.4752 0.8902 0.8902 0.4752 0.8902 0.8902 0.8902
038 336 135 298 0.4752 0.4752 0.4752 0.8902 0.4752 0.4752 0.8902 0.4752 0.8902 0.4752 0.8902 0.8902 0.4752 0.4752 0.8902 0.8902
336 135 298 026 0.4752 0.8902 0.8902 0.4752 0.4752 0.4752 0.4752 0.4752 0.4752 0.8902 0.8902 0.8902 0.8902 0.8902 0.4752 0.4752
135 298 026 120 0.4752 0.4752 0.4752 0.4752 0.4752 0.8902 0.8902 0.4752 0.4752 0.8902 0.8902 0.8902 0.8902 0.4752 0.8902 0.8902
298 026 120 276 0.8902 0.8902 0.8902 0.4752 0.4752 0.8902 0.8902 0.4752 0.8902 0.8902 0.8902 0.8902 0.8902 0.4752 0.4752 0.4752
026 120 276 111 0.4752 0.8902 0.8902 0.8902 0.8902 0.4752 0.8902 0.8902 0.4752 0.8902 0.4752 0.8902 0.4752 0.8902 0.4752 0.8902
120 276 111 207 0.4752 0.4752 0.4752 0.4752 0.4752 0.8902 0.4752 0.4752 0.4752 0.4752 0.8902 0.8902 0.4752 0.8902 0.4752 0.4752
276 111 207 074 0.8902 0.8902 0.8902 0.8902 0.4752 0.4752 0.4752 0.4752 0.8902 0.4752 0.8902 0.8902 0.8902 0.8902 0.8902 0.8902
111 207 074 090 0.4752 0.4752 0.8902 0.8902 0.4752 0.4752 0.8902 0.4752 0.4752 0.8902 0.4752 0.4752 0.8902 0.4752 0.8902 0.4752
207 074 090 334 0.4752 0.4752 0.8902 0.8902 0.8902 0.4752 0.4752 0.4752 0.8902 0.8902 0.4752 0.4752 0.8902 0.8902 0.8902 0.8902
074 090 334 272 0.4752 0.4752 0.4752 0.8902 0.8902 0.4752 0.8902 0.8902 0.8902 0.8902 0.4752 0.8902 0.8902 0.4752 0.4752 0.8902
090 334 272 083 0.8902 0.8902 0.8902 0.8902 0.4752 0.8902 0.8902 0.8902 0.4752 0.8902 0.8902 0.8902 0.8902 0.4752 0.4752 0.8902
334 272 083 029 0.8902 0.4752 0.4752 0.4752 0.4752 0.8902 0.4752 0.4752 0.8902 0.4752 0.8902 0.4752 0.8902 0.8902 0.8902 0.8902
272 083 029 243 0.8902 0.8902 0.4752 0.4752 0.4752 0.4752 0.4752 0.8902 0.8902 0.4752 0.8902 0.4752 0.8902 0.4752 0.4752 0.8902
083 029 243 055 0.8902 0.8902 0.4752 0.4752 0.4752 0.4752 0.4752 0.4752 0.4752 0.8902 0.4752 0.4752 0.8902 0.4752 0.4752 0.8902
029 243 055 091 0.4752 0.4752 0.8902 0.4752 0.8902 0.4752 0.4752 0.8902 0.4752 0.4752 0.8902 0.4752 0.4752 0.4752 0.8902 0.8902
243 055 091 335 0.4752 0.4752 0.4752 0.4752 0.8902 0.8902 0.8902 0.8902 0.8902 0.4752 0.4752 0.8902 0.4752 0.8902 0.8902 0.4752
055 091 335 313 0.4752 0.8902 0.8902 0.4752 0.4752 0.4752 0.4752 0.8902 0.8902 0.4752 0.4752 0.4752 0.8902 0.8902 0.8902 0.8902
091 335 313 110 0.8902 0.8902 0.4752 0.8902 0.8902 0.8902 0.8902 0.4752 0.4752 0.4752 0.4752 0.4752 0.8902 0.8902 0.8902 0.4752
335 313 110 019 0.4752 0.4752 0.4752 0.4752 0.4752 0.8902 0.4752 0.8902 0.4752 0.4752 0.8902 0.4752 0.4752 0.8902 0.4752 0.4752
313 110 019 027 0.8902 0.4752 0.4752 0.8902 0.4752 0.4752 0.8902 0.8902 0.4752 0.8902 0.8902 0.8902 0.4752 0.8902 0.4752 0.8902
110 019 027 028 0.4752 0.8902 0.4752 0.8902 0.4752 0.8902 0.4752 0.8902 0.4752 0.8902 0.4752 0.4752 0.4752 0.4752 0.8902 0.8902
019 027 028 320 0.4752 0.4752 0.8902 0.4752 0.8902 0.4752 0.4752 0.8902 0.4752 0.4752 0.8902 0.4752 0.4752 0.4752 0.8902 0.4752
027 028 320 290 0.8902 0.8902 0.8902 0.8902 0.4752 0.4752 0.4752 0.8902 0.8902 0.8902 0.4752 0.4752 0.4752 0.8902 0.4752 0.4752
028 320 290 132 0.8902 0.8902 0.4752 0.4752 0.4752 0.8902 0.4752 0.8902 0.4752 0.8902 0.8902 0.4752 0.8902 0.8902 0.4752 0.4752
320 290 132 115 0.4752 0.4752 0.8902 0.4752 0.8902 0.8902 0.4752 0.8902 0.4752 0.4752 0.8902 0.4752 0.8902 0.4752 0.4752 0.4752
290 132 115 051 0.4752 0.4752 0.8902 0.4752 0.4752 0.8902 0.8902 0.4752 0.8902 0.8902 0.8902 0.8902 0.4752 0.4752 0.8902 0.8902
132 115 051 337 0.8902 0.4752 0.8902 0.4752 0.8902 0.4752 0.8902 0.4752 0.4752 0.8902 0.4752 0.4752 0.4752 0.4752 0.8902 0.8902
115 051 337 213 0.4752 0.8902 0.4752 0.8902 0.4752 0.8902 0.8902 0.4752 0.4752 0.4752 0.4752 0.4752 0.8902 0.4752 0.8902 0.8902
051 337 213 069 0.8902 0.8902 0.4752 0.4752 0.8902 0.4752 0.4752 0.4752 0.8902 0.4752 0.8902 0.4752 0.8902 0.8902 0.4752 0.8902
337 213 069 277 0.4752 0.8902 0.8902 0.8902 0.4752 0.8902 0.4752 0.4752 0.4752 0.8902 0.4752 0.8902 0.4752 0.4752 0.4752 0.4752
213 069 277 130 0.8902 0.8902 0.4752 0.8902 0.4752 0.4752 0.8902 0.4752 0.8902 0.8902 0.8902 0.4752 0.8902 0.4752 0.8902 0.8902
069 277 130 119 0.4752 0.8902 0.8902 0.4752 0.8902 0.8902 0.8902 0.8902 0.8902 0.4752 0.8902 0.4752 0.8902 0.4752 0.4752 0.8902
277 130 119 086 0.8902 0.8902 0.8902 0.4752 0.4752 0.8902 0.8902 0.8902 0.4752 0.4752 0.4752 0.8902 0.4752 0.8902 0.4752 0.8902
130 119 086 113 0.8902 0.4752 0.8902 0.4752 0.4752 0.4752 0.4752 0.4752 0.8902 0.4752 0.8902 0.8902 0.4752 0.8902 0.4752 0.8902
119 086 113 050 0.8902 0.4752 0.8902 0.4752 0.4752 0.4752 0.4752 0.8902 0.8902 0.8902 0.4752 0.4752 0.8902 0.4752 0.8902 0.8902
086 113 050 008 0.8902 0.4752 0.4752 0.8902 0.8902 0.8902 0.4752 0.8902 0.8902 0.4752 0.8902 0.8902 0.4752 0.8902 0.8902 0.8902
113 050 008 174 0.8902 0.8902 0.8902 0.8902 0.8902 0.8902 0.8902 0.4752 0.8902 0.4752 0.4752 0.8902 0.4752 0.4752 0.8902 0.4752
050 008 174 194 0.8902 0.4752 0.8902 0.8902 0.8902 0.8902 0.8902 0.8902 0.4752 0.8902 0.4752 0.4752 0.8902 0.8902 0.4752 0.8902
008 174 194 171 0.4752 0.8902 0.8902 0.4752 0.8902 0.8902 0.4752 0.4752 0.4752 0.4752 0.4752 0.8902 0.4752 0.4752 0.8902 0.8902
174 194 171 106 0.4752 0.4752 0.4752 0.4752 0.8902 0.4752 0.8902 0.8902 0.4752 0.4752 0.8902 0.4752 0.4752 0.8902 0.4752 0.4752
194 171 106 267 0.4752 0.8902 0.8902 0.4752 0.4752 0.8902 0.8902 0.4752 0.4752 0.4752 0.8902 0.4752 0.8902 0.8902 0.8902 0.8902
171 106 267 123 0.8902 0.8902 0.8902 0.4752 0.4752 0.4752 0.8902 0.8902 0.4752 0.4752 0.8902 0.4752 0.4752 0.4752 0.4752 0.4752
106 267 123 327 0.8902 0.8902 0.8902 0.4752 0.4752 0.8902 0.4752 0.4752 0.8902 0.4752 0.4752 0.8902 0.4752 0.4752 0.8902 0.4752
267 123 327 181 0.4752 0.4752 0.4752 0.8902 0.4752 0.4752 0.8902 0.4752 0.4752 0.4752 0.4752 0.8902 0.4752 0.4752 0.4752 0.8902
123 327 181 333 0.4752 0.4752 0.4752 0.4752 0.8902 0.8902 0.8902 0.4752 0.8902 0.8902 0.4752 0.8902 0.4752 0.8902 0.8902 0.4752
327 181 333 102 0.8902 0.8902 0.8902 0.4752 0.8902 0.8902 0.8902 0.4752 0.8902 0.4752 0.8902 0.8902 0.8902 0.8902 0.4752 0.8902
181 333 102 175 0.4752 0.8902 0.8902 0.4752 0.4752 0.4752 0.4752 0.8902 0.4752 0.8902 0.4752 0.4752 0.4752 0.4752 0.4752 0.4752
333 102 175 275 0.8902 0.4752 0.8902 0.8902 0.4752 0.4752 0.8902 0.8902 0.8902 0.4752 0.8902 0.8902 0.4752 0.8902 0.8902 0.4752
102 175 275 266 0.4752 0.8902 0.8902 0.8902 0.8902 0.8902 0.4752 0.8902 0.4752 0.8902 0.8902 0.8902 0.8902 0.8902 0.4752 0.8902
175 275 266 170 0.8902 0.4752 0.8902 0.8902 0.4752 0.8902 0.8902 0.8902 0.4752 0.8902 0.4752 0.8902 0.8902 0.8902 0.4752 0.4752
275 266 170 249 0.4752 0.4752 0.8902 0.4752 0.4752 0.4752 0.8902 0.8902 0.4752 0.8902 0.4752 0.4752 0.8902 0.4752 0.8902 0.4752
266 170 249 202 0.8902 0.8902 0.4752 0.8902 0.8902 0.4752 0.8902 0.8902 0.8902 0.4752 0.8902 0.4752 0.8902 0.8902 0.8902 0.8902
170 249 202 184 0.8902 0.8902 0.4752 0.8902 0.4752 0.8902 0.4752 0.4752 0.8902 0.4752 0.8902 0.8902 0.8902 0.8902 0.8902 0.8902
249 202 184 168 0.8902 0.4752 0.4752 0.8902 0.8902 0.8902 0.8902 0.8902 0.8902 0.8902 0.8902 0.4752 0.8902 0.4752 0.8902 0.4752
202 184 168 200 0.4752 0.4752 0.8902 0.4752 0.8902 0.4752 0.4752 0.4752 0.8902 0.4752 0.4752 0.4752 0.4752 0.4752 0.4752 0.4752
184 168 200 108 0.4752 0.8902 0.4752 0.8902 0.4752 0.8902 0.8902 0.4752 0.4752 0.8902 0.4752 0.4752 0.4752 0.8902 0.4752 0.4752
168 200 108 270 0.4752 0.4752 0.4752 0.8902 0.8902 0.4752 0.4752 0.4752 0.4752 0.8902 0.4752 0.4752 0.8902 0.8902 0.4752 0.4752
200 108 270 044 0.4752 0.4752 0.8902 0.4752 0.4752 0.8902 0.4752 0.8902 0.4752 0.4752 0.4752 0.8902 0.4752 0.4752 0.8902 0.8902
108 270 044 339 0.4752 0.8902 0.8902 0.4752 0.4752 0.8902 0.4752 0.4752 0.8902 0.8902 0.8902 0.4752 0.8902 0.4752 0.8902 0.4752
270 044 339 282 0.8902 0.8902 0.8902 0.8902 0.4752 0.8902 0.8902 0.8902 0.4752 0.8902 0.4752 0.4752 0.4752 0.4752 0.8902 0.8902
044 339 282 017 0.8902 0.4752 0.8902 0.4752 0.4752 0.4752 0.4752 0.8902 0.8902 0.4752 0.8902 0.4752 0.4752 0.8902 0.4752 0.8902
339 282 017 306 0.4752 0.8902 0.4752 0.8902 0.4752 0.4752 0.8902 0.8902 0.4752 0.8902 0.8902 0.8902 0.8902 0.8902 0.8902 0.8902
282 017 306 080 0.4752 0.4752 0.8902 0.8902 0.8902 0.8902 0.4752 0.4752 0.4752 0.8902 0.4752 0.8902 0.4752 0.8902 0.4752 0.4752
017 306 080 204 0.4752 0.4752 0.4752 0.8902 0.4752 0.4752 0.4752 0.8902 0.4752 0.8902 0.8902 0.8902 0.8902 0.4752 0.4752 0.4752
306 080 204 164 0.4752 0.8902 0.8902 0.4752 0.8902 0.4752 0.8902 0.4752 0.8902 0.8902 0.8902 0.4752 0.8902 0.4752 0.8902 0.4752
080 204 164 002 0.4752 0.8902 0.8902 0.8902 0.8902 0.8902 0.4752 0.4752 0.4752 0.4752 0.8902 0.4752 0.8902 0.4752 0.8902 0.4752
204 164 002 328 0.8902 0.8902 0.4752 0.4752 0.4752 0.8902 0.8902 0.4752 0.4752 0.4752 0.8902 0.8902 0.4752 0.4752 0.4752 0.8902
164 002 328 064 0.8902 0.8902 0.4752 0.8902 0.8902 0.8902 0.4752 0.8902 0.8902 0.4752 0.8902 0.8902 0.4752 0.8902 0.4752 0.4752
002 328 064 283 0.4752 0.4752 0.8902 0.4752 0.4752 0.4752 0.8902 0.8902 0.8902 0.8902 0.4752 0.4752 0.4752 0.8902 0.8902 0.8902
328 064 283 250 0.4752 0.4752 0.4752 0.8902 0.8902 0.4752 0.8902 0.8902 0.8902 0.4752 0.8902 0.4752 0.8902 0.4752 0.4752 0.4752
064 283 250 173 0.4752 0.4752 0.4752 0.4752 0.8902 0.4752 0.4752 0.8902 0.8902 0.4752 0.8902 0.8902 0.4752 0.4752 0.8902 0.4752
283 250 173 215 0.4752 0.8902 0.8902 0.4752 0.8902 0.8902 0.8902 0.4752 0.8902 0.8902 0.4752 0.4752 0.4752 0.4752 0.4752 0.8902
250 173 215 345 0.8902 0.8902 0.4752 0.8902 0.8902 0.8902 0.4752 0.4752 0.4752 0.8902 0.4752 0.4752 0.8902 0.8902 0.4752 0.4752
173 215 345 226 0.8902 0.8902 0.4752 0.4752 0.4752 0.8902 0.8902 0.8902 0.8902 0.8902 0.8902 0.4752 0.4752 0.4752 0.4752 0.4752
215 345 226 016 0.4752 0.8902 0.8902 0.4752 0.8902 0.4752 0.8902 0.8902 0.8902 0.8902 0.4752 0.8902 0.8902 0.8902 0.8902 0.4752
345 226 016 188 0.8902 0.8902 0.8902 0.8902 0.4752 0.8902 0.8902 0.8902 0.8902 0.4752 0.8902 0.4752 0.8902 0.8902 0.8902 0.4752
226 016 188 088 0.8902 0.4752 0.8902 0.4752 0.4752 0.4752 0.8902 0.4752 0.8902 0.4752 0.8902 0.8902 0.8902 0.8902 0.8902 0.8902
016 188 088 072 0.4752 0.4752 0.4752 0.8902 0.4752 0.8902 0.8902 0.4752 0.8902 0.4752 0.8902 0.8902 0.4752 0.8902 0.4752 0.8902
188 088 072 224 0.8902 0.8902 0.8902 0.4752 0.8902 0.8902 0.4752 0.8902 0.4752 0.4752 0.4752 0.4752 0.8902 0.8902 0.4752 0.4752
088 072 224 087 0.8902 0.8902 0.8902 0.4752 0.8902 0.4752 0.4752 0.4752 0.4752 0.4752 0.4752 0.8902 0.4752 0.4752 0.4752 0.4752
072 224 087 299 0.8902 0.8902 0.4752 0.4752 0.4752 0.4752 0.8902 0.4752 0.4752 0.4752 0.8902 0.8902 0.4752 0.4752 0.4752 0.4752
224 087 299 122 0.4752 0.8902 0.4752 0.8902 0.4752 0.4752 0.4752 0.8902 0.4752 0.8902 0.8902 0.8902 0.8902 0.4752 0.8902 0.4752
087 299 122 078 0.4752 0.4752 0.4752 0.8902 0.4752 0.4752 0.8902 0.8902 0.8902 0.8902 0.4752 0.4752 0.8902 0.8902 0.4752 0.4752
299 122 078 093 0.4752 0.8902 0.4752 0.4752 0.4752 0.4752 0.8902 0.4752 0.4752 0.8902 0.4752 0.8902 0.4752 0.8902 0.8902 0.8902
122 078 093 005 0.8902 0.8902 0.8902 0.4752 0.4752 0.8902 0.8902 0.8902 0.8902 0.8902 0.4752 0.4752 0.4752 0.4752 0.8902 0.8902
078 093 005 004 0.8902 0.8902 0.4752 0.8902 0.8902 0.8902 0.8902 0.8902 0.4752 0.8902 0.4752 0.8902 0.8902 0.8902 0.8902 0.8902
093 005 004 134 0.4752 0.4752 0.4752 0.8902 0.8902 0.4752 0.8902 0.4752 0.8902 0.4752 0.4752 0.4752 0.8902 0.8902 0.8902 0.8902
005 004 134 286 0.8902 0.8902 0.4752 0.4752 0.4752 0.4752 0.4752 0.4752 0.8902 0.4752 0.8902 0.8902 0.4752 0.4752 0.4752 0.8902
004 134 286 167 0.8902 0.4752 0.8902 0.8902 0.8902 0.8902 0.8902 0.8902 0.8902 0.8902 0.4752 0.8902 0.4752 0.8902 0.4752 0.4752
134 286 167 208 0.4752 0.8902 0.4752 0.8902 0.8902 0.8902 0.8902 0.4752 0.4752 0.8902 0.8902 0.8902 0.8902 0.8902 0.4752 0.8902
286 167 208 032 0.4752 0.8902 0.8902 0.8902 0.4752 0.8902 0.4752 0.8902 0.4752 0.4752 0.4752 0.4752 0.8902 0.4752 0.8902 0.4752
167 208 032 253 0.4752 0.8902 0.4752 0.8902 0.8902 0.8902 0.4752 0.4752 0.4752 0.4752 0.8902 0.8902 0.4752 0.8902 0.8902 0.4752
208 032 253 182 0.8902 0.8902 0.8902 0.8902 0.8902 0.4752 0.8902 0.8902 0.4752 0.4752 0.8902 0.4752 0.4752 0.8902 0.8902 0.4752
032 253 182 305 0.8902 0.4752 0.8902 0.8902 0.4752 0.8902 0.8902 0.8902 0.8902 0.4752 0.8902 0.4752 0.4752 0.8902 0.8902 0.8902
253 182 305 056 0.4752 0.4752 0.4752 0.4752 0.8902 0.4752 0.8902 0.8902 0.8902 0.8902 0.8902 0.8902 0.4752 0.8902 0.8902 0.8902
182 305 056 030 0.4752 0.8902 0.8902 0.4752 0.8902 0.4752 0.8902 0.8902 0.8902 0.8902 0.8902 0.8902 0.4752 0.8902 0.8902 0.8902
305 056 030 143 0.4752 0.4752 0.8902 0.8902 0.8902 0.8902 0.4752 0.4752 0.8902 0.4752 0.8902 0.8902 0.8902 0.4752 0.8902 0.4752
056 030 143 304 0.8902 0.4752 0.8902 0.4752 0.8902 0.4752 0.4752 0.8902 0.4752 0.4752 0.8902 0.4752 0.4752 0.8902 0.4752 0.8902
030 143 304 316 0.4752 0.4752 0.4752 0.8902 0.4752 0.8902 0.8902 0.8902 0.4752 0.4752 0.4752 0.4752 0.4752 0.4752 0.4752 0.4752
143 304 316 203 0.8902 0.8902 0.8902 0.8902 0.8902 0.8902 0.8902 0.4752 0.4752 0.4752 0.4752 0.4752 0.4752 0.8902 0.4752 0.4752
304 316 203 159 0.8902 0.4752 0.8902 0.8902 0.8902 0.8902 0.4752 0.4752 0.8902 0.8902 0.4752 0.4752 0.8902 0.4752 0.4752 0.8902
316 203 159 057 0.8902 0.8902 0.8902 0.8902 0.4752 0.4752 0.4752 0.4752 0.8902 0.4752 0.4752 0.8902 0.8902 0.8902 0.4752 0.4752
203 159 057 348 0.8902 0.4752 0.4752 0.4752 0.4752 0.4752 0.4752 0.8902 0.4752 0.8902 0.4752 0.8902 0.8902 0.8902 0.8902 0.8902
159 057 348 183 0.4752 0.4752 0.8902 0.8902 0.4752 0.4752 0.8902 0.8902 0.4752 0.8902 0.8902 0.4752 0.4752 0.8902 0.4752 0.8902
057 348 183 065 0.8902 0.4752 0.4752 0.8902 0.4752 0.8902 0.4752 0.4752 0.4752 0.4752 0.4752 0.4752 0.4752 0.4752 0.8902 0.8902
348 183 065 144 0.4752 0.8902 0.4752 0.4752 0.4752 0.4752 0.8902 0.8902 0.4752 0.8902 0.8902 0.4752 0.4752 0.8902 0.8902 0.4752
183 065 144 319 0.8902 0.4752 0.8902 0.8902 0.4752 0.4752 0.4752 0.4752 0.4752 0.8902 0.4752 0.8902 0.8902 0.4752 0.4752 0.8902
065 144 319 232 0.4752 0.4752 0.4752 0.4752 0.4752 0.4752 0.4752 0.8902 0.8902 0.4752 0.4752 0.4752 0.4752 0.8902 0.8902 0.4752
144 319 232 314 0.8902 0.4752 0.8902 0.4752 0.8902 0.4752 0.4752 0.4752 0.4752 0.4752 0.8902 0.4752 0.8902 0.4752 0.4752 0.4752
319 232 314 349 0.4752 0.8902 0.4752 0.8902 0.4752 0.4752 0.4752 0.4752 0.8902 0.8902 0.8902 0.8902 0.8902 0.4752 0.8902 0.8902
232 314 349 024 0.8902 0.4752 0.8902 0.4752 0.4752 0.4752 0.8902 0.4752 0.8902 0.8902 0.8902 0.4752 0.4752 0.4752 0.4752 0.8902
314 349 024 136 0.4752 0.4752 0.8902 0.8902 0.8902 0.8902 0.8902 0.8902 0.4752 0.8902 0.8902 0.4752 0.8902 0.8902 0.8902 0.8902
349 024 136 077 0.4752 0.8902 0.8902 0.8902 0.4752 0.4752 0.8902 0.4752 0.4752 0.4752 0.4752 0.4752 0.8902 0.8902 0.4752 0.4752
024 136 077 287 0.4752 0.4752 0.4752 0.4752 0.4752 0.4752 0.8902 0.4752 0.4752 0.4752 0.4752 0.8902 0.8902 0.4752 0.8902 0.8902
