356 031684 3
053 151 195 041 0.3152 0.3152 0.5563 0.3152 0.3152 0.5563 0.3152 0.3152 0.5563 0.5563 0.3152 0.5563 0.3152 0.5563 0.5563 0.3152
151 195 041 060 0.3152 0.5563 0.5563 0.3152 0.5563 0.3152 0.3152 0.5563 0.5563 0.3152 0.3152 0.5563 0.3152 0.3152 0.5563 0.3152
195 041 060 052 0.3152 0.5563 0.3152 0.3152 0.3152 0.5563 0.3152 0.3152 0.5563 0.3152 0.5563 0.3152 0.3152 0.5563 0.5563 0.5563
041 060 052 056 0.3152 0.3152 0.3152 0.5563 0.3152 0.3152 0.3152 0.3152 0.5563 0.3152 0.3152 0.5563 0.5563 0.3152 0.3152 0.5563
060 052 056 080 0.5563 0.5563 0.5563 0.5563 0.3152 0.5563 0.3152 0.3152 0.5563 0.3152 0.5563 0.3152 0.3152 0.5563 0.3152 0.5563
052 056 080 065 0.3152 0.5563 0.3152 0.3152 0.5563 0.3152 0.5563 0.5563 0.3152 0.3152 0.3152 0.5563 0.3152 0.5563 0.3152 0.5563
056 080 065 198 0.5563 0.5563 0.3152 0.5563 0.5563 0.3152 0.3152 0.3152 0.3152 0.5563 0.5563 0.3152 0.3152 0.3152 0.3152 0.5563
080 065 198 064 0.3152 0.5563 0.3152 0.3152 0.5563 0.5563 0.5563 0.3152 0.5563 0.5563 0.5563 0.3152 0.3152 0.3152 0.3152 0.5563
065 198 064 081 0.5563 0.5563 0.3152 0.5563 0.5563 0.3152 0.5563 0.3152 0.5563 0.3152 0.5563 0.5563 0.5563 0.3152 0.5563 0.5563
198 064 081 322 0.5563 0.5563 0.3152 0.5563 0.3152 0.5563 0.3152 0.5563 0.3152 0.5563 0.5563 0.3152 0.5563 0.3152 0.5563 0.5563
064 081 322 267 0.3152 0.3152 0.3152 0.3152 0.5563 0.3152 0.5563 0.5563 0.5563 0.5563 0.3152 0.3152 0.5563 0.3152 0.3152 0.5563
081 322 267 154 0.5563 0.5563 0.5563 0.3152 0.3152 0.5563 0.5563 0.5563 0.5563 0.5563 0.3152 0.3152 0.5563 0.3152 0.5563 0.5563
322 267 154 126 0.5563 0.5563 0.3152 0.3152 0.5563 0.3152 0.3152 0.5563 0.5563 0.3152 0.5563 0.3152 0.5563 0.3152 0.5563 0.3152
267 154 126 217 0.3152 0.3152 0.3152 0.3152 0.3152 0.5563 0.3152 0.5563 0.5563 0.5563 0.5563 0.5563 0.3152 0.3152 0.3152 0.3152
154 126 217 203 0.5563 0.5563 0.3152 0.3152 0.3152 0.3152 0.5563 0.5563 0.5563 0.3152 0.5563 0.5563 0.3152 0.5563 0.3152 0.3152
126 217 203 175 0.3152 0.3152 0.5563 0.3152 0.5563 0.3152 0.5563 0.5563 0.5563 0.3152 0.3152 0.3152 0.5563 0.3152 0.5563 0.5563
217 203 175 079 0.5563 0.5563 0.3152 0.3152 0.3152 0.5563 0.3152 0.5563 0.5563 0.5563 0.5563 0.3152 0.5563 0.3152 0.3152 0.3152
203 175 079 351 0.5563 0.3152 0.5563 0.3152 0.5563 0.3152 0.3152 0.5563 0.3152 0.3152 0.5563 0.3152 0.5563 0.3152 0.5563 0.3152
175 079 351 048 0.5563 0.5563 0.5563 0.5563 0.3152 0.3152 0.3152 0.3152 0.3152 0.5563 0.3152 0.3152 0.5563 0.5563 0.5563 0.5563
079 351 048 282 0.5563 0.3152 0.5563 0.3152 0.5563 0.3152 0.3152 0.3152 0.3152 0.5563 0.5563 0.5563 0.3152 0.3152 0.5563 0.5563
351 048 282 349 0.3152 0.5563 0.3152 0.3152 0.5563 0.5563 0.5563 0.3152 0.5563 0.5563 0.5563 0.3152 0.3152 0.5563 0.5563 0.5563
048 282 349 069 0.5563 0.5563 0.3152 0.3152 0.5563 0.5563 0.3152 0.3152 0.5563 0.5563 0.3152 0.3152 0.3152 0.5563 0.5563 0.5563
282 349 069 305 0.5563 0.5563 0.5563 0.5563 0.3152 0.5563 0.5563 0.3152 0.3152 0.3152 0.5563 0.3152 0.5563 0.3152 0.3152 0.5563
349 069 305 123 0.5563 0.3152 0.5563 0.5563 0.5563 0.5563 0.3152 0.3152 0.5563 0.5563 0.5563 0.5563 0.5563 0.5563 0.5563 0.5563
069 305 123 082 0.3152 0.5563 0.3152 0.5563 0.3152 0.5563 0.3152 0.3152 0.5563 0.3152 0.3152 0.3152 0.3152 0.5563 0.3152 0.3152
305 123 082 098 0.5563 0.5563 0.3152 0.5563 0.3152 0.5563 0.3152 0.5563 0.5563 0.5563 0.3152 0.3152 0.3152 0.5563 0.5563 0.5563
123 082 098 059 0.5563 0.3152 0.3152 0.3152 0.3152 0.3152 0.5563 0.5563 0.3152 0.3152 0.3152 0.3152 0.3152 0.5563 0.3152 0.3152
082 098 059 162 0.5563 0.3152 0.5563 0.3152 0.3152 0.3152 0.5563 0.3152 0.3152 0.5563 0.5563 0.3152 0.3152 0.3152 0.3152 0.5563
098 059 162 300 0.5563 0.3152 0.5563 0.5563 0.5563 0.3152 0.5563 0.5563 0.5563 0.5563 0.5563 0.5563 0.3152 0.5563 0.3152 0.5563
059 162 300 171 0.5563 0.3152 0.5563 0.5563 0.3152 0.3152 0.5563 0.3152 0.3152 0.3152 0.3152 0.3152 0.3152 0.3152 0.3152 0.5563
162 300 171 307 0.3152 0.5563 0.3152 0.3152 0.3152 0.3152 0.5563 0.3152 0.5563 0.3152 0.5563 0.3152 0.5563 0.3152 0.5563 0.3152
300 171 307 199 0.3152 0.3152 0.5563 0.5563 0.3152 0.3152 0.5563 0.3152 0.3152 0.3152 0.3152 0.5563 0.3152 0.5563 0.3152 0.5563
171 307 199 204 0.5563 0.5563 0.3152 0.3152 0.3152 0.5563 0.5563 0.5563 0.3152 0.3152 0.5563 0.3152 0.5563 0.5563 0.3152 0.3152
307 199 204 306 0.5563 0.5563 0.3152 0.3152 0.3152 0.5563 0.5563 0.5563 0.5563 0.3152 0.5563 0.5563 0.3152 0.3152 0.5563 0.5563
199 204 306 348 0.5563 0.3152 0.5563 0.5563 0.3152 0.3152 0.3152 0.5563 0.3152 0.5563 0.5563 0.3152 0.3152 0.3152 0.5563 0.5563
204 306 348 227 0.3152 0.3152 0.5563 0.5563 0.3152 0.5563 0.3152 0.5563 0.3152 0.3152 0.5563 0.3152 0.3152 0.5563 0.5563 0.3152
306 348 227 292 0.3152 0.3152 0.5563 0.3152 0.5563 0.3152 0.5563 0.5563 0.3152 0.5563 0.3152 0.5563 0.5563 0.5563 0.3152 0.5563
348 227 292 118 0.3152 0.5563 0.3152 0.5563 0.3152 0.5563 0.3152 0.3152 0.3152 0.5563 0.5563 0.5563 0.3152 0.3152 0.5563 0.5563
227 292 118 256 0.3152 0.5563 0.3152 0.5563 0.5563 0.5563 0.3152 0.3152 0.3152 0.3152 0.5563 0.5563 0.3152 0.3152 0.3152 0.5563
292 118 256 024 0.5563 0.3152 0.3152 0.3152 0.3152 0.5563 0.3152 0.5563 0.3152 0.5563 0.3152 0.3152 0.3152 0.3152 0.3152 0.5563
118 256 024 149 0.5563 0.5563 0.5563 0.3152 0.5563 0.3152 0.3152 0.5563 0.3152 0.5563 0.3152 0.3152 0.3152 0.5563 0.5563 0.3152
256 024 149 091 0.3152 0.3152 0.3152 0.5563 0.5563 0.3152 0.5563 0.5563 0.3152 0.5563 0.5563 0.3152 0.3152 0.5563 0.5563 0.3152
024 149 091 070 0.3152 0.3152 0.5563 0.3152 0.3152 0.5563 0.5563 0.5563 0.5563 0.3152 0.3152 0.5563 0.3152 0.5563 0.3152 0.5563
149 091 070 269 0.5563 0.5563 0.3152 0.5563 0.3152 0.5563 0.3152 0.5563 0.5563 0.5563 0.3152 0.5563 0.5563 0.5563 0.5563 0.3152
091 070 269 094 0.5563 0.3152 0.3152 0.3152 0.5563 0.3152 0.3152 0.3152 0.3152 0.3152 0.5563 0.3152 0.3152 0.3152 0.5563 0.3152
070 269 094 130 0.5563 0.5563 0.5563 0.3152 0.3152 0.5563 0.3152 0.5563 0.5563 0.3152 0.3152 0.5563 0.5563 0.3152 0.5563 0.5563
269 094 130 345 0.3152 0.3152 0.5563 0.3152 0.3152 0.3152 0.5563 0.3152 0.5563 0.3152 0.3152 0.5563 0.3152 0.5563 0.3152 0.5563
094 130 345 093 0.5563 0.5563 0.3152 0.5563 0.5563 0.5563 0.3152 0.5563 0.5563 0.5563 0.3152 0.5563 0.3152 0.3152 0.5563 0.5563
130 345 093 248 0.3152 0.5563 0.3152 0.3152 0.3152 0.3152 0.3152 0.5563 0.5563 0.5563 0.5563 0.5563 0.3152 0.5563 0.5563 0.5563
345 093 248 334 0.5563 0.3152 0.5563 0.5563 0.5563 0.5563 0.3152 0.3152 0.3152 0.3152 0.5563 0.5563 0.5563 0.3152 0.3152 0.3152
093 248 334 335 0.3152 0.3152 0.3152 0.3152 0.3152 0.3152 0.3152 0.3152 0.5563 0.5563 0.3152 0.5563 0.5563 0.3152 0.3152 0.3152
248 334 335 189 0.5563 0.5563 0.3152 0.5563 0.5563 0.5563 0.3152 0.3152 0.3152 0.5563 0.3152 0.5563 0.3152 0.5563 0.3152 0.5563
334 335 189 319 0.5563 0.5563 0.3152 0.5563 0.5563 0.5563 0.3152 0.3152 0.5563 0.5563 0.3152 0.5563 0.5563 0.3152 0.3152 0.5563
335 189 319 293 0.5563 0.5563 0.5563 0.3152 0.3152 0.3152 0.5563 0.5563 0.5563 0.5563 0.5563 0.5563 0.3152 0.3152 0.3152 0.5563
189 319 293 102 0.5563 0.5563 0.5563 0.5563 0.3152 0.5563 0.5563 0.5563 0.5563 0.5563 0.3152 0.5563 0.3152 0.5563 0.3152 0.3152
319 293 102 025 0.3152 0.5563 0.3152 0.3152 0.3152 0.5563 0.3152 0.5563 0.5563 0.3152 0.3152 0.5563 0.5563 0.3152 0.5563 0.3152
293 102 025 008 0.5563 0.3152 0.3152 0.3152 0.3152 0.5563 0.3152 0.3152 0.5563 0.5563 0.5563 0.3152 0.3152 0.3152 0.3152 0.3152
102 025 008 235 0.3152 0.3152 0.3152 0.5563 0.5563 0.5563 0.5563 0.5563 0.5563 0.5563 0.3152 0.5563 0.3152 0.3152 0.5563 0.5563
025 008 235 172 0.5563 0.3152 0.5563 0.5563 0.3152 0.3152 0.3152 0.5563 0.3152 0.5563 0.5563 0.5563 0.3152 0.5563 0.5563 0.3152
008 235 172 279 0.3152 0.3152 0.5563 0.3152 0.5563 0.3152 0.3152 0.5563 0.5563 0.3152 0.5563 0.3152 0.3152 0.3152 0.3152 0.3152
235 172 279 140 0.5563 0.5563 0.3152 0.5563 0.3152 0.5563 0.5563 0.3152 0.5563 0.5563 0.5563 0.5563 0.5563 0.5563 0.3152 0.3152
172 279 140 165 0.3152 0.3152 0.3152 0.5563 0.5563 0.5563 0.5563 0.5563 0.3152 0.3152 0.3152 0.5563 0.3152 0.5563 0.5563 0.3152
279 140 165 187 0.3152 0.5563 0.5563 0.3152 0.5563 0.3152 0.3152 0.3152 0.3152 0.3152 0.5563 0.3152 0.5563 0.5563 0.5563 0.3152
140 165 187 352 0.5563 0.5563 0.3152 0.3152 0.3152 0.5563 0.3152 0.3152 0.5563 0.5563 0.5563 0.5563 0.5563 0.5563 0.3152 0.3152
165 187 352 100 0.3152 0.3152 0.3152 0.3152 0.5563 0.5563 0.3152 0.5563 0.5563 0.5563 0.3152 0.3152 0.5563 0.3152 0.5563 0.3152
187 352 100 244 0.3152 0.5563 0.5563 0.5563 0.5563 0.3152 0.3152 0.3152 0.3152 0.5563 0.5563 0.5563 0.5563 0.3152 0.5563 0.5563
352 100 244 283 0.3152 0.3152 0.3152 0.5563 0.3152 0.3152 0.3152 0.3152 0.5563 0.3152 0.5563 0.5563 0.3152 0.3152 0.3152 0.5563
100 244 283 039 0.3152 0.3152 0.3152 0.3152 0.3152 0.3152 0.5563 0.5563 0.3152 0.5563 0.3152 0.3152 0.3152 0.5563 0.5563 0.5563
244 283 039 273 0.5563 0.5563 0.3152 0.5563 0.3152 0.3152 0.5563 0.5563 0.5563 0.5563 0.3152 0.3152 0.5563 0.3152 0.3152 0.3152
283 039 273 239 0.3152 0.5563 0.3152 0.3152 0.5563 0.3152 0.5563 0.5563 0.3152 0.3152 0.5563 0.3152 0.3152 0.5563 0.3152 0.3152
039 273 239 111 0.3152 0.5563 0.5563 0.3152 0.5563 0.3152 0.3152 0.5563 0.3152 0.5563 0.3152 0.5563 0.5563 0.5563 0.3152 0.3152
273 239 111 002 0.5563 0.3152 0.3152 0.3152 0.3152 0.5563 0.3152 0.5563 0.3152 0.5563 0.3152 0.3152 0.5563 0.5563 0.5563 0.3152
239 111 002 340 0.3152 0.3152 0.5563 0.5563 0.5563 0.3152 0.3152 0.5563 0.3152 0.3152 0.5563 0.5563 0.5563 0.5563 0.5563 0.5563
111 002 340 228 0.5563 0.5563 0.5563 0.5563 0.3152 0.3152 0.5563 0.5563 0.3152 0.3152 0.5563 0.3152 0.5563 0.5563 0.3152 0.5563
002 340 228 101 0.5563 0.3152 0.5563 0.3152 0.3152 0.5563 0.5563 0.5563 0.5563 0.3152 0.5563 0.3152 0.5563 0.5563 0.5563 0.3152
340 228 101 005 0.5563 0.3152 0.3152 0.3152 0.3152 0.3152 0.5563 0.5563 0.3152 0.5563 0.5563 0.3152 0.5563 0.3152 0.3152 0.5563
228 101 005 336 0.5563 0.3152 0.5563 0.5563 0.3152 0.3152 0.3152 0.5563 0.5563 0.5563 0.5563 0.3152 0.3152 0.3152 0.5563 0.5563
101 005 336 343 0.5563 0.5563 0.3152 0.3152 0.3152 0.3152 0.5563 0.5563 0.5563 0.5563 0.5563 0.3152 0.5563 0.5563 0.3152 0.3152
005 336 343 355 0.5563 0.3152 0.5563 0.3152 0.5563 0.3152 0.5563 0.3152 0.3152 0.3152 0.3152 0.5563 0.3152 0.5563 0.5563 0.3152
336 343 355 304 0.5563 0.5563 0.3152 0.5563 0.3152 0.3152 0.3152 0.5563 0.3152 0.3152 0.5563 0.5563 0.3152 0.5563 0.3152 0.3152
343 355 304 208 0.5563 0.3152 0.5563 0.5563 0.5563 0.3152 0.5563 0.3152 0.3152 0.5563 0.5563 0.3152 0.3152 0.3152 0.3152 0.5563
355 304 208 159 0.5563 0.3152 0.3152 0.5563 0.3152 0.3152 0.5563 0.5563 0.3152 0.3152 0.5563 0.5563 0.5563 0.3152 0.3152 0.3152
304 208 159 104 0.5563 0.3152 0.3152 0.3152 0.5563 0.3152 0.3152 0.5563 0.3152 0.5563 0.5563 0.5563 0.5563 0.3152 0.3152 0.5563
208 159 104 137 0.5563 0.3152 0.5563 0.5563 0.5563 0.3152 0.3152 0.5563 0.3152 0.3152 0.5563 0.5563 0.5563 0.5563 0.5563 0.5563
159 104 137 309 0.3152 0.3152 0.5563 0.5563 0.3152 0.5563 0.5563 0.5563 0.5563 0.3152 0.5563 0.3152 0.5563 0.5563 0.5563 0.5563
104 137 309 164 0.3152 0.5563 0.3152 0.5563 0.5563 0.5563 0.3152 0.3152 0.5563 0.3152 0.3152 0.5563 0.3152 0.5563 0.3152 0.3152
137 309 164 063 0.3152 0.5563 0.3152 0.5563 0.5563 0.5563 0.5563 0.5563 0.3152 0.5563 0.3152 0.3152 0.5563 0.3152 0.3152 0.5563
309 164 063 150 0.5563 0.3152 0.3152 0.5563 0.3152 0.3152 0.5563 0.3152 0.5563 0.5563 0.3152 0.3152 0.5563 0.3152 0.3152 0.3152
164 063 150 301 0.5563 0.3152 0.3152 0.3152 0.5563 0.5563 0.5563 0.3152 0.3152 0.3152 0.5563 0.3152 0.5563 0.3152 0.3152 0.5563
063 150 301 170 0.5563 0.5563 0.3152 0.5563 0.5563 0.3152 0.5563 0.3152 0.5563 0.3152 0.5563 0.3152 0.3152 0.5563 0.3152 0.3152
150 301 170 249 0.3152 0.3152 0.3152 0.5563 0.3152 0.3152 0.3152 0.3152 0.3152 0.3152 0.5563 0.3152 0.3152 0.3152 0.3152 0.3152
301 170 249 144 0.3152 0.3152 0.3152 0.5563 0.3152 0.5563 0.3152 0.3152 0.3152 0.5563 0.3152 0.5563 0.3152 0.5563 0.3152 0.5563
170 249 144 234 0.3152 0.5563 0.5563 0.3152 0.3152 0.5563 0.3152 0.3152 0.3152 0.5563 0.5563 0.5563 0.3152 0.5563 0.3152 0.3152
249 144 234 238 0.5563 0.5563 0.3152 0.3152 0.3152 0.5563 0.3152 0.5563 0.5563 0.3152 0.3152 0.3152 0.5563 0.5563 0.3152 0.3152
144 234 238 281 0.3152 0.5563 0.5563 0.5563 0.5563 0.3152 0.3152 0.5563 0.5563 0.5563 0.3152 0.3152 0.5563 0.3152 0.5563 0.5563
234 238 281 211 0.5563 0.3152 0.5563 0.5563 0.3152 0.5563 0.3152 0.5563 0.3152 0.5563 0.3152 0.5563 0.3152 0.5563 0.3152 0.3152
238 281 211 327 0.5563 0.3152 0.5563 0.5563 0.5563 0.5563 0.3152 0.5563 0.3152 0.5563 0.3152 0.5563 0.3152 0.3152 0.5563 0.3152
281 211 327 186 0.3152 0.5563 0.5563 0.3152 0.5563 0.3152 0.5563 0.3152 0.5563 0.5563 0.5563 0.3152 0.3152 0.5563 0.3152 0.3152
211 327 186 259 0.3152 0.5563 0.3152 0.5563 0.3152 0.3152 0.5563 0.5563 0.3152 0.5563 0.3152 0.5563 0.5563 0.5563 0.3152 0.5563
327 186 259 241 0.3152 0.5563 0.5563 0.5563 0.3152 0.5563 0.3152 0.5563 0.3152 0.5563 0.3152 0.3152 0.3152 0.3152 0.5563 0.3152
186 259 241 297 0.3152 0.3152 0.5563 0.3152 0.5563 0.5563 0.5563 0.5563 0.5563 0.3152 0.5563 0.3152 0.3152 0.3152 0.3152 0.5563
259 241 297 209 0.5563 0.5563 0.3152 0.3152 0.3152 0.5563 0.3152 0.5563 0.5563 0.5563 0.5563 0.3152 0.3152 0.3152 0.3152 0.5563
241 297 209 229 0.3152 0.5563 0.3152 0.3152 0.3152 0.5563 0.5563 0.5563 0.5563 0.3152 0.3152 0.3152 0.3152 0.5563 0.3152 0.3152
297 209 229 129 0.5563 0.3152 0.3152 0.5563 0.3152 0.5563 0.5563 0.3152 0.3152 0.3152 0.5563 0.5563 0.5563 0.3152 0.5563 0.5563
209 229 129 000 0.3152 0.5563 0.5563 0.3152 0.3152 0.3152 0.3152 0.5563 0.5563 0.5563 0.5563 0.5563 0.5563 0.3152 0.3152 0.3152
229 129 000 240 0.3152 0.5563 0.5563 0.3152 0.3152 0.3152 0.5563 0.3152 0.3152 0.5563 0.5563 0.3152 0.5563 0.3152 0.5563 0.3152
129 000 240 253 0.5563 0.5563 0.3152 0.5563 0.5563 0.3152 0.5563 0.5563 0.3152 0.5563 0.5563 0.5563 0.3152 0.5563 0.3152 0.5563
000 240 253 161 0.3152 0.3152 0.5563 0.5563 0.3152 0.5563 0.5563 0.3152 0.3152 0.5563 0.5563 0.5563 0.3152 0.3152 0.5563 0.5563
240 253 161 207 0.3152 0.5563 0.5563 0.3152 0.3152 0.5563 0.3152 0.3152 0.5563 0.3152 0.3152 0.3152 0.3152 0.3152 0.3152 0.5563
253 161 207 058 0.3152 0.3152 0.5563 0.5563 0.5563 0.5563 0.5563 0.5563 0.5563 0.5563 0.3152 0.5563 0.5563 0.5563 0.5563 0.5563
161 207 058 155 0.5563 0.3152 0.5563 0.3152 0.3152 0.3152 0.3152 0.3152 0.3152 0.5563 0.3152 0.5563 0.3152 0.5563 0.5563 0.5563
207 058 155 218 0.5563 0.3152 0.3152 0.3152 0.3152 0.3152 0.3152 0.5563 0.3152 0.5563 0.3152 0.3152 0.5563 0.5563 0.3152 0.3152
058 155 218 083 0.5563 0.3152 0.3152 0.3152 0.3152 0.3152 0.5563 0.5563 0.5563 0.5563 0.5563 0.5563 0.5563 0.3152 0.3152 0.3152
155 218 083 308 0.3152 0.3152 0.3152 0.5563 0.3152 0.3152 0.3152 0.5563 0.3152 0.3152 0.5563 0.5563 0.5563 0.3152 0.3152 0.3152
218 083 308 113 0.5563 0.3152 0.3152 0.5563 0.3152 0.3152 0.3152 0.5563 0.3152 0.3152 0.3152 0.3152 0.5563 0.3152 0.5563 0.3152
083 308 113 142 0.5563 0.3152 0.3152 0.5563 0.5563 0.5563 0.5563 0.5563 0.5563 0.3152 0.3152 0.5563 0.5563 0.5563 0.3152 0.3152
308 113 142 287 0.3152 0.3152 0.3152 0.5563 0.5563 0.3152 0.3152 0.3152 0.3152 0.5563 0.3152 0.5563 0.3152 0.3152 0.3152 0.5563
113 142 287 201 0.3152 0.3152 0.5563 0.5563 0.5563 0.3152 0.5563 0.3152 0.3152 0.5563 0.3152 0.3152 0.5563 0.3152 0.5563 0.5563
142 287 201 099 0.5563 0.5563 0.3152 0.3152 0.3152 0.3152 0.5563 0.3152 0.3152 0.3152 0.5563 0.3152 0.5563 0.5563 0.5563 0.3152
287 201 099 073 0.3152 0.5563 0.3152 0.5563 0.5563 0.5563 0.5563 0.3152 0.3152 0.5563 0.3152 0.3152 0.5563 0.5563 0.3152 0.5563
201 099 073 291 0.3152 0.5563 0.5563 0.5563 0.3152 0.5563 0.3152 0.5563 0.5563 0.3152 0.5563 0.3152 0.5563 0.3152 0.5563 0.5563
099 073 291 341 0.3152 0.5563 0.5563 0.3152 0.3152 0.5563 0.3152 0.5563 0.5563 0.3152 0.5563 0.5563 0.3152 0.3152 0.3152 0.3152
073 291 341 107 0.5563 0.3152 0.5563 0.3152 0.5563 0.5563 0.3152 0.5563 0.3152 0.5563 0.5563 0.3152 0.3152 0.5563 0.3152 0.3152
291 341 107 280 0.5563 0.3152 0.3152 0.5563 0.5563 0.3152 0.3152 0.5563 0.3152 0.3152 0.5563 0.5563 0.5563 0.5563 0.5563 0.5563
341 107 280 302 0.3152 0.3152 0.5563 0.3152 0.3152 0.3152 0.3152 0.5563 0.3152 0.5563 0.3152 0.3152 0.3152 0.3152 0.5563 0.5563
107 280 302 245 0.3152 0.3152 0.3152 0.3152 0.5563 0.3152 0.3152 0.3152 0.3152 0.3152 0.5563 0.3152 0.5563 0.3152 0.3152 0.3152
280 302 245 193 0.3152 0.5563 0.5563 0.5563 0.3152 0.5563 0.5563 0.3152 0.5563 0.5563 0.3152 0.3152 0.5563 0.5563 0.5563 0.5563
302 245 193 344 0.3152 0.5563 0.5563 0.3152 0.5563 0.3152 0.3152 0.3152 0.5563 0.3152 0.3152 0.5563 0.5563 0.5563 0.3152 0.3152
245 193 344 354 0.3152 0.3152 0.3152 0.5563 0.3152 0.5563 0.5563 0.3152 0.3152 0.5563 0.3152 0.3152 0.5563 0.5563 0.3152 0.3152
193 344 354 181 0.5563 0.5563 0.3152 0.3152 0.5563 0.3152 0.5563 0.5563 0.5563 0.5563 0.5563 0.3152 0.5563 0.5563 0.5563 0.3152
344 354 181 180 0.3152 0.5563 0.3152 0.5563 0.3152 0.3152 0.5563 0.3152 0.5563 0.5563 0.5563 0.5563 0.5563 0.5563 0.3152 0.3152
354 181 180 277 0.5563 0.3152 0.5563 0.3152 0.3152 0.3152 0.3152 0.3152 0.3152 0.3152 0.3152 0.3152 0.5563 0.3152 0.3152 0.3152
181 180 277 128 0.5563 0.5563 0.3152 0.5563 0.3152 0.3152 0.5563 0.3152 0.5563 0.3152 0.3152 0.3152 0.5563 0.5563 0.3152 0.3152
180 277 128 042 0.3152 0.5563 0.5563 0.5563 0.3152 0.5563 0.5563 0.5563 0.5563 0.5563 0.5563 0.5563 0.3152 0.5563 0.3152 0.5563
277 128 042 072 0.3152 0.5563 0.3152 0.5563 0.5563 0.3152 0.3152 0.5563 0.3152 0.3152 0.3152 0.3152 0.3152 0.3152 0.3152 0.5563
128 042 072 236 0.3152 0.3152 0.3152 0.3152 0.5563 0.3152 0.3152 0.3152 0.3152 0.5563 0.3152 0.5563 0.3152 0.5563 0.3152 0.5563
042 072 236 290 0.3152 0.5563 0.3152 0.5563 0.3152 0.3152 0.5563 0.5563 0.3152 0.5563 0.3152 0.5563 0.5563 0.3152 0.3152 0.5563
072 236 290 270 0.5563 0.5563 0.5563 0.3152 0.5563 0.3152 0.3152 0.3152 0.3152 0.3152 0.3152 0.3152 0.3152 0.5563 0.5563 0.5563
236 290 270 057 0.3152 0.5563 0.5563 0.5563 0.5563 0.5563 0.3152 0.5563 0.5563 0.3152 0.3152 0.3152 0.3152 0.5563 0.5563 0.3152
290 270 057 103 0.3152 0.5563 0.5563 0.5563 0.3152 0.5563 0.5563 0.3152 0.5563 0.5563 0.3152 0.5563 0.5563 0.5563 0.5563 0.3152
270 057 103 339 0.3152 0.5563 0.5563 0.3152 0.3152 0.5563 0.3152 0.3152 0.5563 0.3152 0.3152 0.5563 0.3152 0.5563 0.3152 0.3152
057 103 339 178 0.5563 0.5563 0.3152 0.5563 0.5563 0.3152 0.5563 0.3152 0.5563 0.5563 0.5563 0.3152 0.3152 0.5563 0.5563 0.3152
103 339 178 262 0.3152 0.5563 0.5563 0.5563 0.5563 0.3152 0.3152 0.3152 0.3152 0.5563 0.5563 0.3152 0.3152 0.5563 0.5563 0.5563
339 178 262 242 0.3152 0.5563 0.3152 0.5563 0.3152 0.5563 0.5563 0.3152 0.3152 0.3152 0.5563 0.5563 0.3152 0.3152 0.3152 0.5563
178 262 242 038 0.3152 0.5563 0.3152 0.3152 0.5563 0.3152 0.3152 0.5563 0.3152 0.3152 0.5563 0.3152 0.5563 0.3152 0.3152 0.5563
262 242 038 212 0.3152 0.5563 0.3152 0.5563 0.5563 0.5563 0.5563 0.3152 0.5563 0.3152 0.3152 0.3152 0.5563 0.5563 0.5563 0.5563
242 038 212 294 0.3152 0.3152 0.3152 0.5563 0.5563 0.5563 0.5563 0.5563 0.5563 0.3152 0.3152 0.5563 0.3152 0.3152 0.5563 0.5563
038 212 294 132 0.3152 0.5563 0.3152 0.5563 0.5563 0.5563 0.3152 0.5563 0.5563 0.5563 0.3152 0.5563 0.5563 0.3152 0.3152 0.3152
212 294 132 246 0.5563 0.3152 0.3152 0.3152 0.3152 0.5563 0.3152 0.5563 0.3152 0.3152 0.3152 0.5563 0.5563 0.5563 0.3152 0.3152
294 132 246 176 0.3152 0.3152 0.5563 0.5563 0.3152 0.3152 0.5563 0.3152 0.3152 0.5563 0.3152 0.5563 0.5563 0.5563 0.3152 0.5563
132 246 176 202 0.5563 0.3152 0.3152 0.5563 0.3152 0.5563 0.3152 0.5563 0.5563 0.5563 0.3152 0.5563 0.5563 0.3152 0.3152 0.5563
246 176 202 026 0.3152 0.3152 0.5563 0.5563 0.5563 0.3152 0.3152 0.3152 0.3152 0.3152 0.3152 0.3152 0.5563 0.5563 0.3152 0.3152
176 202 026 312 0.3152 0.3152 0.3152 0.3152 0.3152 0.5563 0.5563 0.5563 0.5563 0.5563 0.5563 0.3152 0.5563 0.3152 0.5563 0.5563
202 026 312 125 0.5563 0.5563 0.3152 0.5563 0.5563 0.5563 0.3152 0.5563 0.5563 0.3152 0.5563 0.5563 0.5563 0.3152 0.3152 0.3152
026 312 125 317 0.3152 0.3152 0.5563 0.5563 0.5563 0.3152 0.5563 0.5563 0.3152 0.3152 0.3152 0.3152 0.3152 0.5563 0.5563 0.5563
312 125 317 328 0.3152 0.3152 0.5563 0.5563 0.3152 0.3152 0.5563 0.5563 0.3152 0.3152 0.3152 0.3152 0.3152 0.5563 0.3152 0.3152
125 317 328 346 0.3152 0.3152 0.5563 0.5563 0.3152 0.3152 0.5563 0.5563 0.3152 0.3152 0.3152 0.5563 0.3152 0.5563 0.5563 0.5563
317 328 346 214 0.5563 0.3152 0.5563 0.3152 0.5563 0.3152 0.5563 0.5563 0.3152 0.5563 0.3152 0.5563 0.3152 0.3152 0.5563 0.5563
328 346 214 182 0.3152 0.3152 0.3152 0.3152 0.3152 0.3152 0.3152 0.5563 0.3152 0.3152 0.5563 0.5563 0.5563 0.3152 0.5563 0.5563
346 214 182 274 0.5563 0.3152 0.3152 0.5563 0.3152 0.3152 0.3152 0.5563 0.5563 0.3152 0.5563 0.5563 0.5563 0.3152 0.5563 0.3152
214 182 274 325 0.5563 0.5563 0.5563 0.3152 0.3152 0.5563 0.5563 0.5563 0.3152 0.5563 0.5563 0.5563 0.5563 0.5563 0.5563 0.3152
182 274 325 011 0.3152 0.3152 0.3152 0.3152 0.5563 0.3152 0.5563 0.5563 0.3152 0.3152 0.5563 0.3152 0.5563 0.5563 0.3152 0.5563
274 325 011 169 0.5563 0.3152 0.5563 0.5563 0.3152 0.5563 0.5563 0.3152 0.3152 0.3152 0.3152 0.5563 0.5563 0.3152 0.3152 0.5563
325 011 169 237 0.3152 0.3152 0.3152 0.5563 0.3152 0.3152 0.3152 0.5563 0.3152 0.5563 0.3152 0.3152 0.5563 0.3152 0.3152 0.3152
011 169 237 183 0.5563 0.3152 0.3152 0.3152 0.3152 0.3152 0.5563 0.5563 0.3152 0.3152 0.5563 0.5563 0.5563 0.3152 0.3152 0.5563
169 237 183 184 0.5563 0.3152 0.5563 0.5563 0.3152 0.3152 0.3152 0.3152 0.5563 0.5563 0.5563 0.3152 0.5563 0.3152 0.3152 0.5563
237 183 184 174 0.5563 0.5563 0.5563 0.5563 0.3152 0.3152 0.3152 0.3152 0.5563 0.3152 0.3152 0.5563 0.5563 0.3152 0.3152 0.3152
183 184 174 288 0.5563 0.3152 0.3152 0.5563 0.5563 0.5563 0.5563 0.3152 0.3152 0.5563 0.5563 0.3152 0.5563 0.3152 0.5563 0.3152
184 174 288 029 0.5563 0.3152 0.5563 0.5563 0.3152 0.5563 0.5563 0.3152 0.5563 0.5563 0.3152 0.3152 0.3152 0.5563 0.5563 0.3152
174 288 029 157 0.5563 0.3152 0.5563 0.5563 0.5563 0.3152 0.5563 0.5563 0.3152 0.5563 0.3152 0.3152 0.3152 0.3152 0.3152 0.3152
288 029 157 272 0.5563 0.3152 0.5563 0.3152 0.5563 0.3152 0.3152 0.5563 0.3152 0.3152 0.5563 0.3152 0.5563 0.3152 0.5563 0.3152
029 157 272 275 0.3152 0.3152 0.3152 0.3152 0.3152 0.3152 0.3152 0.5563 0.3152 0.5563 0.3152 0.3152 0.3152 0.3152 0.3152 0.5563
157 272 275 044 0.3152 0.3152 0.3152 0.5563 0.5563 0.3152 0.3152 0.3152 0.5563 0.3152 0.3152 0.3152 0.3152 0.3152 0.5563 0.3152
272 275 044 263 0.3152 0.5563 0.5563 0.5563 0.3152 0.3152 0.3152 0.3152 0.3152 0.3152 0.5563 0.5563 0.5563 0.3152 0.5563 0.3152
275 044 263 054 0.3152 0.5563 0.5563 0.3152 0.5563 0.5563 0.5563 0.3152 0.3152 0.5563 0.5563 0.5563 0.5563 0.3152 0.5563 0.3152
044 263 054 134 0.3152 0.5563 0.5563 0.3152 0.5563 0.3152 0.3152 0.5563 0.5563 0.3152 0.3152 0.3152 0.5563 0.3152 0.5563 0.5563
263 054 134 136 0.3152 0.3152 0.5563 0.3152 0.5563 0.5563 0.3152 0.3152 0.5563 0.5563 0.5563 0.3152 0.3152 0.3152 0.3152 0.5563
054 134 136 299 0.5563 0.3152 0.3152 0.5563 0.5563 0.3152 0.5563 0.3152 0.3152 0.3152 0.5563 0.5563 0.3152 0.5563 0.5563 0.3152
134 136 299 321 0.5563 0.5563 0.3152 0.5563 0.5563 0.3152 0.3152 0.3152 0.5563 0.3152 0.3152 0.5563 0.5563 0.3152 0.5563 0.3152
136 299 321 226 0.5563 0.3152 0.5563 0.5563 0.5563 0.5563 0.3152 0.5563 0.5563 0.5563 0.3152 0.3152 0.5563 0.3152 0.5563 0.5563
299 321 226 223 0.3152 0.5563 0.3152 0.5563 0.3152 0.3152 0.5563 0.3152 0.5563 0.3152 0.5563 0.3152 0.5563 0.3152 0.3152 0.5563
321 226 223 353 0.5563 0.5563 0.3152 0.3152 0.3152 0.5563 0.5563 0.3152 0.3152 0.3152 0.3152 0.3152 0.3152 0.3152 0.5563 0.3152
226 223 353 119 0.3152 0.5563 0.3152 0.3152 0.5563 0.3152 0.5563 0.3152 0.5563 0.3152 0.3152 0.5563 0.3152 0.5563 0.3152 0.5563
223 353 119 156 0.5563 0.3152 0.5563 0.5563 0.3152 0.5563 0.5563 0.3152 0.3152 0.3152 0.5563 0.5563 0.5563 0.5563 0.5563 0.5563
353 119 156 166 0.3152 0.3152 0.5563 0.3152 0.5563 0.3152 0.3152 0.3152 0.5563 0.5563 0.3152 0.3152 0.3152 0.5563 0.3152 0.3152
119 156 166 152 0.3152 0.5563 0.3152 0.5563 0.5563 0.5563 0.5563 0.5563 0.3152 0.5563 0.5563 0.3152 0.5563 0.5563 0.3152 0.5563
156 166 152 338 0.5563 0.5563 0.3152 0.5563 0.5563 0.3152 0.5563 0.5563 0.3152 0.5563 0.3152 0.5563 0.3152 0.5563 0.3152 0.3152
166 152 338 216 0.5563 0.3152 0.3152 0.5563 0.3152 0.5563 0.3152 0.5563 0.3152 0.3152 0.5563 0.3152 0.3152 0.5563 0.3152 0.5563
152 338 216 213 0.3152 0.5563 0.5563 0.5563 0.3152 0.5563 0.5563 0.3152 0.5563 0.3152 0.3152 0.5563 0.3152 0.5563 0.5563 0.3152
338 216 213 121 0.5563 0.3152 0.5563 0.5563 0.5563 0.5563 0.5563 0.5563 0.3152 0.5563 0.5563 0.3152 0.3152 0.5563 0.3152 0.3152
216 213 121 092 0.3152 0.3152 0.3152 0.3152 0.5563 0.3152 0.3152 0.3152 0.3152 0.3152 0.5563 0.5563 0.3152 0.5563 0.3152 0.3152
213 121 092 276 0.3152 0.5563 0.3152 0.3152 0.5563 0.5563 0.3152 0.5563 0.5563 0.3152 0.3152 0.5563 0.3152 0.5563 0.3152 0.3152
121 092 276 221 0.5563 0.3152 0.5563 0.3152 0.5563 0.5563 0.5563 0.5563 0.3152 0.3152 0.3152 0.5563 0.5563 0.3152 0.3152 0.3152
092 276 221 191 0.5563 0.3152 0.5563 0.3152 0.3152 0.3152 0.3152 0.3152 0.3152 0.5563 0.3152 0.5563 0.3152 0.5563 0.5563 0.5563
276 221 191 016 0.5563 0.5563 0.3152 0.3152 0.3152 0.5563 0.5563 0.5563 0.5563 0.5563 0.3152 0.5563 0.3152 0.5563 0.5563 0.5563
221 191 016 329 0.3152 0.5563 0.5563 0.3152 0.3152 0.3152 0.5563 0.5563 0.3152 0.5563 0.5563 0.3152 0.5563 0.5563 0.5563 0.3152
191 016 329 231 0.3152 0.3152 0.5563 0.3152 0.5563 0.3152 0.3152 0.5563 0.5563 0.3152 0.5563 0.3152 0.5563 0.3152 0.3152 0.5563
016 329 231 254 0.5563 0.5563 0.5563 0.5563 0.3152 0.3152 0.5563 0.3152 0.3152 0.5563 0.5563 0.3152 0.3152 0.5563 0.3152 0.3152
329 231 254 224 0.5563 0.5563 0.5563 0.5563 0.5563 0.5563 0.3152 0.5563 0.5563 0.5563 0.3152 0.5563 0.5563 0.5563 0.5563 0.3152
231 254 224 315 0.5563 0.5563 0.5563 0.3152 0.5563 0.3152 0.5563 0.5563 0.3152 0.5563 0.3152 0.3152 0.3152 0.5563 0.3152 0.3152
254 224 315 326 0.5563 0.3152 0.3152 0.3152 0.5563 0.3152 0.5563 0.5563 0.3152 0.5563 0.5563 0.3152 0.5563 0.5563 0.5563 0.3152
224 315 326 017 0.5563 0.5563 0.3152 0.3152 0.3152 0.5563 0.5563 0.5563 0.5563 0.3152 0.3152 0.3152 0.3152 0.3152 0.5563 0.5563
315 326 017 035 0.3152 0.5563 0.5563 0.3152 0.3152 0.3152 0.3152 0.3152 0.3152 0.3152 0.3152 0.3152 0.5563 0.3152 0.3152 0.5563
326 017 035 131 0.5563 0.3152 0.5563 0.5563 0.3152 0.5563 0.3152 0.3152 0.5563 0.5563 0.5563 0.5563 0.5563 0.3152 0.3152 0.3152
017 035 131 330 0.5563 0.3152 0.3152 0.3152 0.5563 0.5563 0.5563 0.5563 0.3152 0.3152 0.3152 0.3152 0.5563 0.3152 0.3152 0.5563
035 131 330 260 0.3152 0.5563 0.3152 0.3152 0.3152 0.5563 0.3152 0.5563 0.3152 0.5563 0.3152 0.5563 0.3152 0.3152 0.3152 0.5563
131 330 260 243 0.3152 0.3152 0.5563 0.5563 0.3152 0.5563 0.5563 0.3152 0.3152 0.3152 0.3152 0.3152 0.3152 0.3152 0.3152 0.3152
330 260 243 143 0.5563 0.5563 0.3152 0.5563 0.3152 0.5563 0.5563 0.5563 0.3152 0.3152 0.3152 0.3152 0.5563 0.3152 0.5563 0.3152
260 243 143 153 0.3152 0.5563 0.3152 0.5563 0.5563 0.5563 0.5563 0.3152 0.5563 0.3152 0.5563 0.3152 0.3152 0.5563 0.3152 0.3152
243 143 153 138 0.3152 0.5563 0.3152 0.3152 0.3152 0.3152 0.5563 0.5563 0.3152 0.5563 0.3152 0.5563 0.5563 0.5563 0.3152 0.5563
143 153 138 252 0.5563 0.5563 0.3152 0.5563 0.5563 0.3152 0.3152 0.3152 0.5563 0.5563 0.5563 0.3152 0.5563 0.5563 0.5563 0.3152
153 138 252 163 0.5563 0.5563 0.5563 0.3152 0.3152 0.3152 0.3152 0.5563 0.3152 0.5563 0.5563 0.5563 0.3152 0.5563 0.5563 0.5563
138 252 163 347 0.5563 0.5563 0.3152 0.5563 0.3152 0.5563 0.3152 0.3152 0.3152 0.5563 0.5563 0.5563 0.5563 0.3152 0.5563 0.5563
252 163 347 331 0.3152 0.5563 0.5563 0.5563 0.5563 0.3152 0.5563 0.3152 0.3152 0.5563 0.5563 0.5563 0.3152 0.3152 0.5563 0.5563
163 347 331 311 0.5563 0.3152 0.3152 0.3152 0.5563 0.5563 0.3152 0.5563 0.5563 0.3152 0.5563 0.3152 0.3152 0.3152 0.5563 0.5563
347 331 311 089 0.3152 0.5563 0.3152 0.5563 0.3152 0.3152 0.3152 0.5563 0.5563 0.3152 0.5563 0.5563 0.5563 0.3152 0.3152 0.5563
331 311 089 332 0.5563 0.5563 0.3152 0.3152 0.3152 0.5563 0.3152 0.5563 0.3152 0.3152 0.3152 0.5563 0.3152 0.3152 0.5563 0.3152
311 089 332 033 0.3152 0.5563 0.5563 0.5563 0.3152 0.5563 0.5563 0.3152 0.3152 0.5563 0.5563 0.3152 0.5563 0.5563 0.5563 0.3152
089 332 033 076 0.5563 0.3152 0.5563 0.5563 0.5563 0.3152 0.3152 0.5563 0.5563 0.3152 0.3152 0.3152 0.3152 0.5563 0.3152 0.3152
332 033 076 185 0.5563 0.3152 0.3152 0.5563 0.3152 0.5563 0.3152 0.3152 0.5563 0.3152 0.3152 0.5563 0.5563 0.3152 0.3152 0.5563
033 076 185 135 0.5563 0.5563 0.5563 0.5563 0.3152 0.3152 0.5563 0.3152 0.3152 0.5563 0.5563 0.3152 0.3152 0.5563 0.3152 0.3152
076 185 135 019 0.5563 0.5563 0.5563 0.3152 0.3152 0.5563 0.5563 0.5563 0.5563 0.3152 0.5563 0.3152 0.5563 0.5563 0.3152 0.3152
185 135 019 040 0.3152 0.3152 0.5563 0.3152 0.3152 0.3152 0.3152 0.5563 0.3152 0.5563 0.5563 0.3152 0.3152 0.3152 0.3152 0.5563
135 019 040 350 0.5563 0.3152 0.5563 0.3152 0.3152 0.5563 0.3152 0.5563 0.5563 0.3152 0.3152 0.3152 0.5563 0.5563 0.5563 0.3152
019 040 350 020 0.3152 0.5563 0.5563 0.3152 0.3152 0.5563 0.3152 0.3152 0.3152 0.5563 0.3152 0.3152 0.3152 0.5563 0.3152 0.5563
040 350 020 095 0.5563 0.3152 0.5563 0.3152 0.3152 0.3152 0.5563 0.3152 0.5563 0.5563 0.3152 0.3152 0.5563 0.5563 0.5563 0.3152
350 020 095 158 0.3152 0.5563 0.5563 0.5563 0.5563 0.5563 0.3152 0.5563 0.5563 0.5563 0.5563 0.3152 0.3152 0.5563 0.5563 0.3152
020 095 158 179 0.3152 0.3152 0.5563 0.5563 0.3152 0.5563 0.5563 0.5563 0.3152 0.5563 0.5563 0.5563 0.3152 0.3152 0.5563 0.3152
095 158 179 077 0.3152 0.3152 0.3152 0.5563 0.3152 0.3152 0.5563 0.5563 0.3152 0.5563 0.5563 0.5563 0.5563 0.3152 0.3152 0.5563
158 179 077 145 0.5563 0.5563 0.5563 0.3152 0.3152 0.3152 0.3152 0.5563 0.3152 0.3152 0.3152 0.5563 0.3152 0.3152 0.5563 0.3152
179 077 145 337 0.3152 0.5563 0.3152 0.5563 0.3152 0.3152 0.3152 0.5563 0.3152 0.3152 0.3152 0.5563 0.5563 0.3152 0.3152 0.3152
077 145 337 268 0.5563 0.5563 0.3152 0.3152 0.3152 0.3152 0.5563 0.5563 0.3152 0.3152 0.3152 0.5563 0.5563 0.5563 0.3152 0.3152
145 337 268 087 0.3152 0.3152 0.3152 0.3152 0.3152 0.3152 0.5563 0.3152 0.3152 0.5563 0.5563 0.3152 0.5563 0.3152 0.5563 0.3152
337 268 087 061 0.5563 0.5563 0.3152 0.5563 0.3152 0.3152 0.3152 0.3152 0.3152 0.5563 0.3152 0.5563 0.3152 0.5563 0.5563 0.5563
268 087 061 010 0.3152 0.3152 0.3152 0.5563 0.3152 0.3152 0.3152 0.5563 0.3152 0.5563 0.5563 0.3152 0.3152 0.5563 0.5563 0.5563
087 061 010 006 0.5563 0.3152 0.5563 0.5563 0.3152 0.3152 0.5563 0.3152 0.3152 0.5563 0.3152 0.5563 0.3152 0.5563 0.5563 0.5563
061 010 006 232 0.5563 0.3152 0.5563 0.3152 0.5563 0.3152 0.3152 0.3152 0.5563 0.5563 0.5563 0.5563 0.5563 0.3152 0.3152 0.3152
010 006 232 318 0.3152 0.5563 0.5563 0.5563 0.5563 0.3152 0.3152 0.3152 0.5563 0.3152 0.3152 0.5563 0.3152 0.5563 0.3152 0.5563
006 232 318 112 0.3152 0.5563 0.3152 0.3152 0.3152 0.5563 0.5563 0.5563 0.5563 0.5563 0.5563 0.3152 0.5563 0.3152 0.5563 0.5563
232 318 112 310 0.5563 0.3152 0.5563 0.3152 0.3152 0.3152 0.3152 0.5563 0.3152 0.3152 0.3152 0.3152 0.5563 0.3152 0.5563 0.5563
318 112 310 200 0.3152 0.3152 0.5563 0.3152 0.3152 0.5563 0.3152 0.5563 0.3152 0.3152 0.3152 0.5563 0.3152 0.5563 0.5563 0.5563
112 310 200 320 0.5563 0.5563 0.5563 0.5563 0.3152 0.3152 0.3152 0.5563 0.5563 0.3152 0.5563 0.5563 0.5563 0.5563 0.3152 0.3152
310 200 320 194 0.5563 0.5563 0.3152 0.5563 0.5563 0.5563 0.3152 0.5563 0.3152 0.5563 0.5563 0.3152 0.3152 0.3152 0.3152 0.3152
200 320 194 133 0.3152 0.5563 0.3152 0.5563 0.5563 0.3152 0.5563 0.5563 0.3152 0.5563 0.5563 0.5563 0.5563 0.3152 0.5563 0.3152
320 194 133 018 0.5563 0.5563 0.3152 0.3152 0.5563 0.3152 0.3152 0.5563 0.3152 0.5563 0.3152 0.3152 0.3152 0.5563 0.3152 0.3152
194 133 018 115 0.5563 0.5563 0.3152 0.3152 0.5563 0.5563 0.3152 0.3152 0.5563 0.3152 0.5563 0.3152 0.5563 0.3152 0.3152 0.5563
133 018 115 109 0.5563 0.3152 0.5563 0.3152 0.5563 0.3152 0.3152 0.5563 0.5563 0.3152 0.5563 0.5563 0.5563 0.3152 0.5563 0.5563
018 115 109 066 0.5563 0.5563 0.5563 0.3152 0.5563 0.3152 0.3152 0.5563 0.3152 0.3152 0.5563 0.5563 0.5563 0.5563 0.5563 0.3152
115 109 066 090 0.5563 0.3152 0.3152 0.5563 0.5563 0.3152 0.3152 0.3152 0.5563 0.3152 0.5563 0.5563 0.3152 0.3152 0.3152 0.5563
109 066 090 096 0.3152 0.3152 0.5563 0.5563 0.3152 0.3152 0.5563 0.5563 0.5563 0.5563 0.5563 0.5563 0.5563 0.5563 0.5563 0.5563
066 090 096 147 0.5563 0.5563 0.5563 0.3152 0.3152 0.5563 0.3152 0.5563 0.5563 0.5563 0.5563 0.5563 0.5563 0.3152 0.5563 0.3152
090 096 147 196 0.5563 0.5563 0.3152 0.3152 0.3152 0.5563 0.3152 0.5563 0.5563 0.3152 0.3152 0.3152 0.3152 0.5563 0.3152 0.3152
096 147 196 045 0.5563 0.3152 0.5563 0.5563 0.3152 0.3152 0.5563 0.3152 0.3152 0.3152 0.5563 0.5563 0.3152 0.5563 0.5563 0.3152
147 196 045 030 0.3152 0.3152 0.3152 0.5563 0.5563 0.5563 0.3152 0.5563 0.3152 0.3152 0.3152 0.3152 0.3152 0.5563 0.5563 0.5563
196 045 030 210 0.5563 0.5563 0.5563 0.3152 0.3152 0.5563 0.5563 0.3152 0.5563 0.5563 0.5563 0.3152 0.3152 0.3152 0.3152 0.5563
045 030 210 116 0.5563 0.3152 0.3152 0.3152 0.3152 0.3152 0.5563 0.3152 0.5563 0.5563 0.3152 0.3152 0.3152 0.3152 0.3152 0.5563
030 210 116 146 0.5563 0.3152 0.3152 0.3152 0.3152 0.3152 0.5563 0.3152 0.3152 0.3152 0.3152 0.5563 0.3152 0.5563 0.5563 0.3152
210 116 146 295 0.3152 0.3152 0.3152 0.5563 0.3152 0.5563 0.3152 0.5563 0.5563 0.3152 0.5563 0.3152 0.5563 0.5563 0.3152 0.5563
116 146 295 220 0.3152 0.3152 0.3152 0.5563 0.5563 0.3152 0.5563 0.5563 0.5563 0.5563 0.5563 0.3152 0.5563 0.3152 0.3152 0.3152
146 295 220 055 0.5563 0.5563 0.5563 0.5563 0.5563 0.3152 0.3152 0.3152 0.5563 0.3152 0.5563 0.5563 0.5563 0.3152 0.5563 0.5563
295 220 055 097 0.3152 0.5563 0.3152 0.5563 0.5563 0.5563 0.5563 0.3152 0.3152 0.3152 0.5563 0.3152 0.3152 0.3152 0.3152 0.3152
220 055 097 007 0.3152 0.5563 0.5563 0.3152 0.3152 0.3152 0.5563 0.3152 0.3152 0.5563 0.3152 0.3152 0.3152 0.3152 0.5563 0.3152
055 097 007 049 0.5563 0.3152 0.3152 0.3152 0.5563 0.5563 0.3152 0.5563 0.3152 0.3152 0.3152 0.3152 0.5563 0.5563 0.5563 0.5563
097 007 049 219 0.5563 0.3152 0.3152 0.3152 0.3152 0.3152 0.5563 0.5563 0.3152 0.3152 0.5563 0.3152 0.3152 0.3152 0.3152 0.3152
007 049 219 251 0.5563 0.5563 0.3152 0.5563 0.3152 0.3152 0.5563 0.3152 0.3152 0.3152 0.3152 0.3152 0.5563 0.5563 0.3152 0.5563
049 219 251 105 0.3152 0.3152 0.3152 0.5563 0.3152 0.5563 0.3152 0.3152 0.3152 0.3152 0.5563 0.3152 0.5563 0.5563 0.5563 0.5563
219 251 105 342 0.3152 0.3152 0.3152 0.5563 0.3152 0.5563 0.5563 0.5563 0.3152 0.3152 0.5563 0.5563 0.3152 0.3152 0.5563 0.3152
251 105 342 160 0.3152 0.5563 0.5563 0.3152 0.3152 0.3152 0.3152 0.5563 0.3152 0.5563 0.3152 0.5563 0.3152 0.5563 0.5563 0.3152
105 342 160 296 0.3152 0.3152 0.3152 0.5563 0.5563 0.3152 0.3152 0.3152 0.5563 0.3152 0.5563 0.5563 0.3152 0.5563 0.3152 0.3152
342 160 296 215 0.3152 0.5563 0.3152 0.3152 0.3152 0.3152 0.5563 0.5563 0.5563 0.3152 0.5563 0.3152 0.3152 0.3152 0.3152 0.3152
160 296 215 036 0.3152 0.3152 0.5563 0.3152 0.5563 0.3152 0.5563 0.3152 0.3152 0.5563 0.5563 0.5563 0.5563 0.5563 0.3152 0.5563
296 215 036 233 0.5563 0.3152 0.5563 0.3152 0.5563 0.3152 0.5563 0.3152 0.3152 0.3152 0.5563 0.5563 0.3152 0.5563 0.5563 0.3152
215 036 233 141 0.5563 0.5563 0.3152 0.3152 0.3152 0.3152 0.3152 0.3152 0.5563 0.3152 0.5563 0.3152 0.3152 0.3152 0.3152 0.5563
036 233 141 050 0.5563 0.3152 0.5563 0.3152 0.3152 0.3152 0.3152 0.5563 0.5563 0.3152 0.5563 0.5563 0.3152 0.5563 0.5563 0.3152
233 141 050 333 0.5563 0.5563 0.3152 0.3152 0.3152 0.3152 0.5563 0.5563 0.3152 0.3152 0.3152 0.3152 0.3152 0.3152 0.3152 0.5563
141 050 333 114 0.5563 0.3152 0.3152 0.3152 0.3152 0.5563 0.5563 0.3152 0.5563 0.5563 0.3152 0.3152 0.3152 0.3152 0.5563 0.5563
050 333 114 190 0.3152 0.5563 0.5563 0.5563 0.3152 0.5563 0.5563 0.3152 0.3152 0.3152 0.5563 0.5563 0.3152 0.3152 0.3152 0.5563
333 114 190 004 0.3152 0.5563 0.5563 0.5563 0.5563 0.3152 0.5563 0.3152 0.5563 0.3152 0.3152 0.3152 0.5563 0.3152 0.3152 0.3152
114 190 004 205 0.5563 0.5563 0.5563 0.3152 0.5563 0.5563 0.3152 0.3152 0.5563 0.3152 0.3152 0.3152 0.3152 0.3152 0.5563 0.3152
190 004 205 230 0.5563 0.5563 0.3152 0.3152 0.5563 0.3152 0.5563 0.5563 0.5563 0.5563 0.5563 0.3152 0.3152 0.3152 0.3152 0.5563
004 205 230 192 0.3152 0.3152 0.3152 0.5563 0.3152 0.3152 0.3152 0.5563 0.3152 0.3152 0.5563 0.3152 0.5563 0.3152 0.3152 0.3152
205 230 192 247 0.5563 0.5563 0.3152 0.3152 0.5563 0.3152 0.5563 0.5563 0.5563 0.3152 0.3152 0.3152 0.3152 0.5563 0.5563 0.3152
230 192 247 173 0.3152 0.5563 0.5563 0.3152 0.3152 0.3152 0.3152 0.3152 0.5563 0.3152 0.5563 0.5563 0.3152 0.3152 0.3152 0.5563
192 247 173 034 0.3152 0.3152 0.3152 0.3152 0.5563 0.5563 0.5563 0.3152 0.3152 0.3152 0.5563 0.3152 0.3152 0.5563 0.5563 0.3152
247 173 034 108 0.5563 0.3152 0.3152 0.5563 0.5563 0.3152 0.5563 0.5563 0.5563 0.5563 0.3152 0.3152 0.3152 0.3152 0.5563 0.3152
173 034 108 197 0.3152 0.5563 0.5563 0.5563 0.3152 0.3152 0.5563 0.5563 0.5563 0.3152 0.5563 0.3152 0.5563 0.3152 0.3152 0.5563
034 108 197 022 0.5563 0.3152 0.3152 0.3152 0.3152 0.3152 0.3152 0.3152 0.3152 0.5563 0.3152 0.5563 0.5563 0.5563 0.3152 0.5563
108 197 022 015 0.5563 0.3152 0.5563 0.5563 0.5563 0.3152 0.3152 0.3152 0.5563 0.3152 0.5563 0.5563 0.3152 0.3152 0.5563 0.3152
197 022 015 266 0.3152 0.5563 0.5563 0.5563 0.5563 0.3152 0.5563 0.5563 0.5563 0.5563 0.3152 0.5563 0.3152 0.3152 0.3152 0.5563
022 015 266 139 0.3152 0.3152 0.3152 0.3152 0.3152 0.3152 0.3152 0.3152 0.5563 0.3152 0.3152 0.5563 0.3152 0.3152 0.5563 0.5563
015 266 139 023 0.3152 0.5563 0.3152 0.3152 0.3152 0.3152 0.5563 0.5563 0.3152 0.5563 0.5563 0.5563 0.3152 0.3152 0.5563 0.5563
266 139 023 255 0.5563 0.3152 0.5563 0.5563 0.5563 0.3152 0.3152 0.5563 0.3152 0.5563 0.3152 0.3152 0.3152 0.3152 0.5563 0.5563
139 023 255 177 0.3152 0.3152 0.5563 0.3152 0.3152 0.3152 0.5563 0.3152 0.3152 0.3152 0.5563 0.5563 0.5563 0.5563 0.3152 0.3152
023 255 177 110 0.5563 0.5563 0.3152 0.5563 0.3152 0.5563 0.3152 0.3152 0.5563 0.5563 0.3152 0.3152 0.3152 0.5563 0.5563 0.3152
255 177 110 013 0.5563 0.5563 0.5563 0.5563 0.5563 0.5563 0.3152 0.3152 0.5563 0.3152 0.5563 0.5563 0.3152 0.5563 0.5563 0.5563
177 110 013 250 0.5563 0.5563 0.5563 0.5563 0.3152 0.3152 0.3152 0.5563 0.5563 0.5563 0.5563 0.5563 0.5563 0.5563 0.5563 0.3152
110 013 250 261 0.3152 0.5563 0.5563 0.3152 0.5563 0.5563 0.3152 0.3152 0.3152 0.3152 0.3152 0.5563 0.3152 0.3152 0.3152 0.5563
013 250 261 046 0.3152 0.5563 0.3152 0.3152 0.3152 0.3152 0.3152 0.5563 0.3152 0.3152 0.5563 0.3152 0.5563 0.3152 0.5563 0.5563
250 261 046 085 0.3152 0.3152 0.5563 0.5563 0.3152 0.5563 0.3152 0.5563 0.5563 0.5563 0.3152 0.3152 0.3152 0.3152 0.3152 0.5563
261 046 085 031 0.5563 0.5563 0.3152 0.5563 0.5563 0.5563 0.3152 0.5563 0.3152 0.5563 0.3152 0.3152 0.5563 0.5563 0.5563 0.3152
046 085 031 168 0.5563 0.5563 0.5563 0.5563 0.3152 0.5563 0.3152 0.3152 0.5563 0.5563 0.5563 0.3152 0.5563 0.3152 0.5563 0.5563
085 031 168 314 0.5563 0.5563 0.3152 0.3152 0.3152 0.5563 0.5563 0.3152 0.3152 0.3152 0.5563 0.5563 0.3152 0.5563 0.3152 0.3152
031 168 314 062 0.3152 0.5563 0.5563 0.5563 0.5563 0.3152 0.5563 0.3152 0.3152 0.5563 0.5563 0.3152 0.5563 0.3152 0.3152 0.5563
168 314 062 264 0.3152 0.3152 0.5563 0.3152 0.5563 0.5563 0.5563 0.3152 0.5563 0.5563 0.3152 0.3152 0.5563 0.5563 0.5563 0.3152
314 062 264 286 0.3152 0.5563 0.3152 0.3152 0.3152 0.5563 0.5563 0.5563 0.3152 0.3152 0.3152 0.5563 0.3152 0.3152 0.3152 0.5563
062 264 286 003 0.3152 0.5563 0.3152 0.3152 0.3152 0.3152 0.5563 0.3152 0.5563 0.5563 0.3152 0.3152 0.3152 0.3152 0.3152 0.5563
264 286 003 043 0.5563 0.3152 0.5563 0.3152 0.3152 0.3152 0.3152 0.5563 0.3152 0.5563 0.3152 0.3152 0.5563 0.5563 0.3152 0.3152
286 003 043 284 0.5563 0.3152 0.3152 0.5563 0.3152 0.5563 0.3152 0.3152 0.5563 0.5563 0.3152 0.3152 0.5563 0.3152 0.3152 0.5563
003 043 284 188 0.5563 0.3152 0.3152 0.5563 0.3152 0.3152 0.5563 0.3152 0.3152 0.3152 0.5563 0.3152 0.3152 0.5563 0.5563 0.3152
043 284 188 027 0.3152 0.5563 0.3152 0.5563 0.5563 0.5563 0.5563 0.3152 0.3152 0.5563 0.5563 0.3152 0.5563 0.3152 0.5563 0.5563
284 188 027 028 0.3152 0.5563 0.3152 0.3152 0.5563 0.5563 0.5563 0.3152 0.3152 0.5563 0.5563 0.5563 0.5563 0.3152 0.5563 0.3152
188 027 028 106 0.3152 0.3152 0.3152 0.3152 0.3152 0.3152 0.5563 0.5563 0.5563 0.5563 0.5563 0.5563 0.3152 0.3152 0.5563 0.5563
027 028 106 084 0.5563 0.3152 0.5563 0.5563 0.3152 0.5563 0.3152 0.3152 0.5563 0.5563 0.5563 0.5563 0.3152 0.3152 0.3152 0.3152
028 106 084 051 0.3152 0.3152 0.5563 0.3152 0.5563 0.5563 0.5563 0.5563 0.3152 0.5563 0.3152 0.3152 0.3152 0.3152 0.5563 0.3152
106 084 051 078 0.5563 0.3152 0.3152 0.3152 0.3152 0.3152 0.5563 0.5563 0.5563 0.3152 0.5563 0.5563 0.5563 0.3152 0.3152 0.3152
084 051 078 037 0.3152 0.3152 0.3152 0.3152 0.3152 0.5563 0.5563 0.5563 0.3152 0.3152 0.5563 0.3152 0.3152 0.5563 0.3152 0.3152
051 078 037 289 0.5563 0.5563 0.5563 0.3152 0.3152 0.5563 0.5563 0.5563 0.5563 0.3152 0.5563 0.5563 0.3152 0.3152 0.5563 0.3152
078 037 289 067 0.3152 0.5563 0.5563 0.3152 0.5563 0.5563 0.3152 0.5563 0.3152 0.3152 0.3152 0.5563 0.5563 0.5563 0.3152 0.5563
037 289 067 012 0.3152 0.5563 0.5563 0.3152 0.5563 0.3152 0.5563 0.5563 0.3152 0.3152 0.3152 0.3152 0.3152 0.3152 0.3152 0.5563
289 067 012 127 0.3152 0.5563 0.5563 0.3152 0.3152 0.5563 0.5563 0.5563 0.3152 0.3152 0.3152 0.3152 0.5563 0.5563 0.5563 0.5563
067 012 127 047 0.5563 0.3152 0.3152 0.3152 0.3152 0.5563 0.3152 0.5563 0.3152 0.5563 0.3152 0.5563 0.3152 0.3152 0.5563 0.3152
012 127 047 316 0.3152 0.3152 0.5563 0.3152 0.5563 0.5563 0.5563 0.3152 0.5563 0.3152 0.5563 0.3152 0.3152 0.5563 0.3152 0.3152
127 047 316 001 0.5563 0.3152 0.5563 0.5563 0.5563 0.3152 0.3152 0.5563 0.5563 0.3152 0.5563 0.5563 0.5563 0.3152 0.3152 0.3152
047 316 001 285 0.5563 0.5563 0.3152 0.3152 0.5563 0.5563 0.3152 0.5563 0.3152 0.3152 0.5563 0.5563 0.3152 0.5563 0.3152 0.3152
316 001 285 014 0.5563 0.5563 0.5563 0.5563 0.3152 0.5563 0.3152 0.5563 0.3152 0.3152 0.3152 0.3152 0.5563 0.5563 0.3152 0.3152
001 285 014 074 0.3152 0.5563 0.5563 0.5563 0.3152 0.3152 0.5563 0.5563 0.5563 0.5563 0.5563 0.3152 0.3152 0.5563 0.3152 0.5563
285 014 074 021 0.3152 0.3152 0.5563 0.5563 0.5563 0.3152 0.3152 0.5563 0.5563 0.3152 0.5563 0.5563 0.3152 0.5563 0.5563 0.5563
014 074 021 120 0.3152 0.3152 0.3152 0.3152 0.3152 0.3152 0.3152 0.3152 0.5563 0.5563 0.5563 0.3152 0.5563 0.5563 0.5563 0.5563
074 021 120 075 0.3152 0.5563 0.5563 0.5563 0.5563 0.3152 0.3152 0.3152 0.5563 0.5563 0.5563 0.3152 0.3152 0.3152 0.5563 0.5563
021 120 075 124 0.3152 0.3152 0.3152 0.3152 0.3152 0.3152 0.5563 0.5563 0.5563 0.5563 0.5563 0.3152 0.3152 0.5563 0.3152 0.3152
120 075 124 265 0.3152 0.5563 0.5563 0.3152 0.5563 0.3152 0.3152 0.5563 0.5563 0.3152 0.5563 0.3152 0.3152 0.5563 0.5563 0.5563
075 124 265 088 0.3152 0.3152 0.3152 0.5563 0.5563 0.5563 0.3152 0.3152 0.3152 0.5563 0.3152 0.3152 0.5563 0.5563 0.3152 0.5563
124 265 088 117 0.5563 0.5563 0.3152 0.3152 0.5563 0.5563 0.5563 0.5563 0.3152 0.5563 0.5563 0.3152 0.3152 0.3152 0.3152 0.5563
265 088 117 068 0.5563 0.5563 0.5563 0.3152 0.3152 0.3152 0.5563 0.3152 0.3152 0.5563 0.3152 0.3152 0.5563 0.3152 0.3152 0.5563
088 117 068 298 0.5563 0.3152 0.5563 0.5563 0.3152 0.5563 0.3152 0.5563 0.5563 0.5563 0.5563 0.3152 0.3152 0.5563 0.3152 0.5563
117 068 298 313 0.5563 0.3152 0.3152 0.5563 0.5563 0.3152 0.5563 0.5563 0.3152 0.5563 0.5563 0.3152 0.3152 0.3152 0.5563 0.3152
068 298 313 086 0.3152 0.5563 0.3152 0.5563 0.5563 0.3152 0.5563 0.5563 0.5563 0.5563 0.3152 0.5563 0.5563 0.3152 0.3152 0.5563
298 313 086 148 0.5563 0.5563 0.3152 0.5563 0.5563 0.3152 0.5563 0.5563 0.5563 0.5563 0.3152 0.3152 0.3152 0.3152 0.3152 0.3152
313 086 148 122 0.5563 0.3152 0.3152 0.3152 0.3152 0.5563 0.5563 0.5563 0.3152 0.3152 0.3152 0.3152 0.5563 0.5563 0.5563 0.3152
086 148 122 271 0.5563 0.3152 0.5563 0.3152 0.5563 0.5563 0.5563 0.3152 0.3152 0.5563 0.3152 0.3152 0.3152 0.3152 0.3152 0.3152
148 122 271 071 0.3152 0.3152 0.3152 0.5563 0.5563 0.5563 0.3152 0.5563 0.5563 0.3152 0.5563 0.3152 0.3152 0.3152 0.3152 0.3152
122 271 071 009 0.3152 0.5563 0.5563 0.3152 0.3152 0.3152 0.5563 0.3152 0.5563 0.3152 0.5563 0.3152 0.5563 0.3152 0.3152 0.5563
271 071 009 303 0.5563 0.5563 0.5563 0.5563 0.3152 0.3152 0.5563 0.5563 0.5563 0.3152 0.3152 0.3152 0.3152 0.5563 0.3152 0.3152
071 009 303 225 0.5563 0.5563 0.3152 0.3152 0.3152 0.5563 0.5563 0.3152 0.5563 0.5563 0.5563 0.5563 0.3152 0.5563 0.3152 0.5563
009 303 225 278 0.3152 0.5563 0.3152 0.3152 0.5563 0.3152 0.5563 0.3152 0.3152 0.3152 0.5563 0.5563 0.3152 0.5563 0.3152 0.3152
303 225 278 206 0.3152 0.3152 0.3152 0.5563 0.3152 0.3152 0.3152 0.3152 0.3152 0.3152 0.3152 0.3152 0.5563 0.3152 0.3152 0.3152
225 278 206 032 0.5563 0.5563 0.5563 0.3152 0.3152 0.5563 0.3152 0.5563 0.3152 0.3152 0.3152 0.5563 0.5563 0.5563 0.5563 0.5563
278 206 032 324 0.3152 0.3152 0.5563 0.5563 0.5563 0.3152 0.3152 0.3152 0.3152 0.5563 0.5563 0.3152 0.3152 0.5563 0.5563 0.3152
206 032 324 222 0.3152 0.3152 0.5563 0.5563 0.3152 0.3152 0.3152 0.3152 0.3152 0.5563 0.3152 0.3152 0.5563 0.5563 0.5563 0.5563
032 324 222 323 0.3152 0.3152 0.5563 0.5563 0.3152 0.5563 0.5563 0.3152 0.3152 0.3152 0.3152 0.3152 0.5563 0.5563 0.3152 0.3152
324 222 323 167 0.3152 0.5563 0.5563 0.3152 0.5563 0.5563 0.3152 0.3152 0.3152 0.5563 0.5563 0.3152 0.5563 0.3152 0.5563 0.3152
222 323 167 258 0.5563 0.3152 0.5563 0.5563 0.5563 0.5563 0.5563 0.3152 0.3152 0.5563 0.5563 0.5563 0.3152 0.3152 0.3152 0.5563
323 167 258 257 0.3152 0.3152 0.5563 0.5563 0.3152 0.5563 0.5563 0.3152 0.5563 0.5563 0.3152 0.5563 0.5563 0.5563 0.3152 0.3152
167 258 257 053 0.5563 0.3152 0.5563 0.3152 0.5563 0.3152 0.3152 0.3152 0.3152 0.5563 0.3152 0.3152 0.3152 0.5563 0.5563 0.5563
258 257 053 151 0.5563 0.5563 0.5563 0.3152 0.5563 0.5563 0.3152 0.3152 0.3152 0.5563 0.5563 0.5563 0.3152 0.5563 0.3152 0.3152
257 053 151 195 0.3152 0.3152 0.5563 0.5563 0.5563 0.3152 0.5563 0.5563 0.3152 0.5563 0.3152 0.5563 0.3152 0.5563 0.3152 0.5563
