356 031684 3
221 212 344 071 0.6079 0.6079 0.3892 0.3892 0.3892 0.3892 0.6079 0.3892 0.3892 0.6079 0.6079 0.3892 0.6079 0.6079 0.3892 0.6079
212 344 071 115 0.6079 0.6079 0.3892 0.3892 0.6079 0.3892 0.3892 0.3892 0.6079 0.6079 0.3892 0.6079 0.6079 0.3892 0.6079 0.6079
344 071 115 064 0.3892 0.3892 0.3892 0.3892 0.6079 0.3892 0.3892 0.3892 0.6079 0.3892 0.3892 0.3892 0.6079 0.6079 0.6079 0.6079
071 115 064 016 0.3892 0.6079 0.6079 0.6079 0.6079 0.6079 0.6079 0.3892 0.6079 0.6079 0.3892 0.6079 0.3892 0.6079 0.3892 0.6079
115 064 016 052 0.6079 0.3892 0.3892 0.3892 0.3892 0.3892 0.3892 0.6079 0.3892 0.3892 0.6079 0.3892 0.3892 0.6079 0.6079 0.3892
064 016 052 166 0.6079 0.3892 0.3892 0.3892 0.3892 0.6079 0.3892 0.6079 0.3892 0.6079 0.6079 0.6079 0.6079 0.3892 0.3892 0.6079
016 052 166 273 0.3892 0.6079 0.3892 0.6079 0.6079 0.3892 0.3892 0.6079 0.6079 0.3892 0.6079 0.6079 0.3892 0.6079 0.3892 0.6079
052 166 273 148 0.3892 0.3892 0.3892 0.3892 0.6079 0.3892 0.3892 0.3892 0.6079 0.6079 0.6079 0.3892 0.3892 0.3892 0.3892 0.6079
166 273 148 075 0.3892 0.3892 0.3892 0.6079 0.3892 0.6079 0.6079 0.3892 0.6079 0.3892 0.6079 0.6079 0.6079 0.3892 0.6079 0.6079
273 148 075 029 0.3892 0.3892 0.3892 0.3892 0.3892 0.3892 0.6079 0.3892 0.3892 0.6079 0.6079 0.6079 0.6079 0.6079 0.3892 0.3892
148 075 029 312 0.6079 0.3892 0.3892 0.3892 0.6079 0.3892 0.3892 0.3892 0.6079 0.3892 0.6079 0.3892 0.6079 0.6079 0.6079 0.6079
075 029 312 206 0.6079 0.6079 0.6079 0.6079 0.3892 0.3892 0.3892 0.6079 0.3892 0.6079 0.6079 0.6079 0.6079 0.3892 0.6079 0.3892
029 312 206 094 0.3892 0.3892 0.6079 0.6079 0.3892 0.6079 0.3892 0.3892 0.6079 0.6079 0.6079 0.3892 0.3892 0.6079 0.6079 0.6079
312 206 094 238 0.6079 0.3892 0.3892 0.3892 0.6079 0.3892 0.3892 0.3892 0.3892 0.6079 0.6079 0.6079 0.6079 0.6079 0.3892 0.3892
206 094 238 343 0.3892 0.3892 0.3892 0.6079 0.6079 0.6079 0.6079 0.6079 0.6079 0.6079 0.3892 0.3892 0.3892 0.3892 0.3892 0.6079
094 238 343 091 0.6079 0.6079 0.3892 0.6079 0.6079 0.3892 0.6079 0.3892 0.6079 0.3892 0.3892 0.6079 0.6079 0.6079 0.6079 0.6079
238 343 091 175 0.6079 0.6079 0.3892 0.3892 0.6079 0.6079 0.3892 0.6079 0.3892 0.6079 0.3892 0.6079 0.6079 0.3892 0.6079 0.3892
343 091 175 173 0.6079 0.3892 0.3892 0.3892 0.6079 0.6079 0.6079 0.3892 0.6079 0.6079 0.3892 0.6079 0.6079 0.3892 0.3892 0.3892
091 175 173 276 0.6079 0.3892 0.3892 0.3892 0.6079 0.6079 0.6079 0.3892 0.6079 0.6079 0.3892 0.6079 0.3892 0.3892 0.6079 0.6079
175 173 276 197 0.3892 0.6079 0.6079 0.3892 0.6079 0.6079 0.6079 0.6079 0.3892 0.3892 0.6079 0.6079 0.6079 0.3892 0.6079 0.6079
173 276 197 217 0.3892 0.6079 0.6079 0.3892 0.3892 0.3892 0.3892 0.3892 0.3892 0.3892 0.3892 0.6079 0.3892 0.3892 0.3892 0.3892
276 197 217 281 0.6079 0.3892 0.3892 0.6079 0.6079 0.6079 0.3892 0.3892 0.6079 0.6079 0.3892 0.6079 0.3892 0.3892 0.3892 0.6079
197 217 281 067 0.3892 0.3892 0.6079 0.3892 0.6079 0.6079 0.3892 0.6079 0.6079 0.3892 0.6079 0.3892 0.3892 0.3892 0.3892 0.3892
217 281 067 200 0.3892 0.6079 0.3892 0.6079 0.3892 0.6079 0.3892 0.6079 0.3892 0.6079 0.6079 0.3892 0.3892 0.3892 0.3892 0.3892
281 067 200 000 0.3892 0.6079 0.3892 0.3892 0.3892 0.6079 0.6079 0.3892 0.3892 0.6079 0.3892 0.3892 0.6079 0.6079 0.3892 0.3892
067 200 000 245 0.6079 0.3892 0.3892 0.6079 0.6079 0.3892 0.3892 0.3892 0.6079 0.6079 0.6079 0.3892 0.6079 0.3892 0.6079 0.6079
200 000 245 332 0.6079 0.6079 0.3892 0.6079 0.6079 0.6079 0.6079 0.6079 0.3892 0.3892 0.3892 0.3892 0.6079 0.6079 0.3892 0.3892
000 245 332 112 0.3892 0.6079 0.6079 0.3892 0.6079 0.3892 0.3892 0.6079 0.3892 0.3892 0.6079 0.6079 0.6079 0.3892 0.6079 0.6079
245 332 112 237 0.3892 0.6079 0.6079 0.3892 0.3892 0.6079 0.3892 0.3892 0.6079 0.6079 0.6079 0.6079 0.6079 0.3892 0.3892 0.3892
332 112 237 226 0.6079 0.6079 0.3892 0.6079 0.3892 0.6079 0.3892 0.6079 0.3892 0.3892 0.3892 0.3892 0.6079 0.6079 0.3892 0.3892
112 237 226 111 0.6079 0.6079 0.6079 0.3892 0.3892 0.6079 0.3892 0.6079 0.6079 0.6079 0.6079 0.3892 0.6079 0.6079 0.3892 0.3892
237 226 111 171 0.6079 0.6079 0.3892 0.3892 0.3892 0.6079 0.6079 0.3892 0.3892 0.6079 0.3892 0.3892 0.3892 0.3892 0.3892 0.6079
226 111 171 051 0.3892 0.3892 0.3892 0.6079 0.6079 0.6079 0.3892 0.6079 0.6079 0.3892 0.3892 0.6079 0.6079 0.6079 0.6079 0.6079
111 171 051 329 0.6079 0.3892 0.6079 0.6079 0.6079 0.6079 0.6079 0.6079 0.3892 0.3892 0.6079 0.6079 0.6079 0.3892 0.6079 0.6079
171 051 329 006 0.3892 0.3892 0.6079 0.6079 0.3892 0.3892 0.6079 0.6079 0.6079 0.6079 0.6079 0.3892 0.3892 0.3892 0.6079 0.3892
051 329 006 216 0.6079 0.6079 0.6079 0.6079 0.3892 0.6079 0.6079 0.6079 0.6079 0.6079 0.3892 0.3892 0.3892 0.3892 0.3892 0.3892
329 006 216 021 0.6079 0.3892 0.6079 0.6079 0.6079 0.6079 0.6079 0.6079 0.6079 0.6079 0.3892 0.6079 0.3892 0.6079 0.6079 0.3892
006 216 021 045 0.6079 0.3892 0.3892 0.3892 0.6079 0.6079 0.6079 0.6079 0.6079 0.6079 0.6079 0.3892 0.6079 0.3892 0.6079 0.6079
216 021 045 013 0.6079 0.3892 0.3892 0.3892 0.3892 0.6079 0.6079 0.3892 0.6079 0.3892 0.3892 0.3892 0.6079 0.6079 0.3892 0.6079
021 045 013 243 0.3892 0.3892 0.3892 0.6079 0.6079 0.6079 0.6079 0.3892 0.6079 0.3892 0.3892 0.3892 0.3892 0.3892 0.3892 0.6079
045 013 243 107 0.6079 0.3892 0.6079 0.6079 0.3892 0.6079 0.6079 0.6079 0.3892 0.6079 0.3892 0.6079 0.3892 0.6079 0.3892 0.3892
013 243 107 328 0.3892 0.6079 0.6079 0.6079 0.6079 0.6079 0.3892 0.3892 0.3892 0.3892 0.6079 0.3892 0.6079 0.6079 0.6079 0.6079
243 107 328 136 0.6079 0.6079 0.3892 0.3892 0.3892 0.6079 0.3892 0.6079 0.6079 0.3892 0.6079 0.6079 0.3892 0.6079 0.3892 0.3892
107 328 136 061 0.6079 0.6079 0.6079 0.3892 0.6079 0.6079 0.6079 0.3892 0.3892 0.3892 0.3892 0.6079 0.6079 0.6079 0.6079 0.6079
328 136 061 321 0.6079 0.3892 0.6079 0.6079 0.3892 0.3892 0.3892 0.6079 0.3892 0.6079 0.3892 0.3892 0.3892 0.6079 0.3892 0.3892
136 061 321 180 0.6079 0.3892 0.6079 0.3892 0.6079 0.6079 0.3892 0.6079 0.3892 0.3892 0.3892 0.3892 0.6079 0.6079 0.6079 0.3892
061 321 180 015 0.3892 0.6079 0.6079 0.6079 0.3892 0.3892 0.6079 0.6079 0.6079 0.6079 0.3892 0.6079 0.3892 0.6079 0.6079 0.3892
321 180 015 317 0.3892 0.6079 0.6079 0.6079 0.3892 0.6079 0.3892 0.6079 0.6079 0.6079 0.3892 0.3892 0.3892 0.6079 0.3892 0.3892
180 015 317 187 0.3892 0.6079 0.6079 0.6079 0.6079 0.6079 0.3892 0.6079 0.3892 0.6079 0.6079 0.6079 0.6079 0.6079 0.6079 0.6079
015 317 187 257 0.3892 0.6079 0.3892 0.6079 0.3892 0.3892 0.6079 0.6079 0.6079 0.6079 0.6079 0.3892 0.3892 0.3892 0.3892 0.6079
317 187 257 309 0.6079 0.6079 0.6079 0.6079 0.3892 0.6079 0.3892 0.6079 0.6079 0.3892 0.6079 0.3892 0.6079 0.6079 0.6079 0.3892
187 257 309 214 0.6079 0.6079 0.3892 0.6079 0.6079 0.6079 0.3892 0.3892 0.6079 0.6079 0.6079 0.6079 0.6079 0.6079 0.6079 0.6079
257 309 214 353 0.3892 0.6079 0.6079 0.6079 0.6079 0.3892 0.6079 0.3892 0.6079 0.3892 0.3892 0.6079 0.6079 0.3892 0.3892 0.3892
309 214 353 346 0.6079 0.6079 0.3892 0.6079 0.3892 0.6079 0.3892 0.3892 0.6079 0.6079 0.6079 0.6079 0.3892 0.6079 0.6079 0.6079
214 353 346 258 0.6079 0.6079 0.6079 0.6079 0.3892 0.6079 0.3892 0.6079 0.3892 0.6079 0.3892 0.6079 0.3892 0.6079 0.6079 0.6079
353 346 258 291 0.3892 0.3892 0.6079 0.6079 0.6079 0.6079 0.6079 0.6079 0.6079 0.6079 0.6079 0.3892 0.6079 0.3892 0.6079 0.3892
346 258 291 284 0.3892 0.3892 0.6079 0.6079 0.3892 0.3892 0.3892 0.6079 0.3892 0.6079 0.3892 0.3892 0.3892 0.6079 0.6079 0.3892
258 291 284 174 0.6079 0.3892 0.6079 0.6079 0.3892 0.6079 0.6079 0.3892 0.6079 0.3892 0.6079 0.3892 0.6079 0.6079 0.6079 0.3892
291 284 174 049 0.6079 0.3892 0.6079 0.6079 0.6079 0.6079 0.6079 0.6079 0.3892 0.3892 0.6079 0.6079 0.3892 0.3892 0.6079 0.6079
284 174 049 298 0.6079 0.3892 0.3892 0.3892 0.6079 0.3892 0.6079 0.3892 0.6079 0.3892 0.3892 0.6079 0.3892 0.6079 0.6079 0.3892
174 049 298 097 0.6079 0.6079 0.6079 0.6079 0.6079 0.3892 0.3892 0.3892 0.6079 0.3892 0.3892 0.6079 0.3892 0.3892 0.3892 0.3892
049 298 097 192 0.3892 0.6079 0.3892 0.6079 0.6079 0.3892 0.3892 0.3892 0.3892 0.6079 0.3892 0.6079 0.6079 0.3892 0.6079 0.3892
298 097 192 008 0.3892 0.6079 0.3892 0.6079 0.6079 0.3892 0.6079 0.6079 0.6079 0.3892 0.3892 0.6079 0.3892 0.3892 0.3892 0.6079
097 192 008 102 0.6079 0.6079 0.3892 0.6079 0.6079 0.6079 0.3892 0.3892 0.3892 0.6079 0.3892 0.3892 0.3892 0.6079 0.3892 0.3892
192 008 102 010 0.3892 0.3892 0.3892 0.6079 0.6079 0.6079 0.6079 0.6079 0.3892 0.6079 0.6079 0.3892 0.6079 0.6079 0.6079 0.3892
008 102 010 072 0.6079 0.3892 0.3892 0.3892 0.6079 0.6079 0.6079 0.6079 0.3892 0.6079 0.3892 0.6079 0.3892 0.6079 0.6079 0.6079
102 010 072 262 0.3892 0.6079 0.6079 0.6079 0.3892 0.6079 0.3892 0.3892 0.6079 0.3892 0.6079 0.3892 0.3892 0.3892 0.6079 0.3892
010 072 262 141 0.6079 0.3892 0.6079 0.3892 0.3892 0.6079 0.6079 0.3892 0.6079 0.6079 0.3892 0.6079 0.3892 0.3892 0.6079 0.3892
072 262 141 120 0.6079 0.3892 0.3892 0.6079 0.6079 0.3892 0.6079 0.3892 0.6079 0.6079 0.6079 0.3892 0.3892 0.3892 0.6079 0.6079
262 141 120 319 0.6079 0.6079 0.3892 0.6079 0.3892 0.3892 0.6079 0.3892 0.6079 0.3892 0.3892 0.6079 0.6079 0.6079 0.3892 0.6079
141 120 319 255 0.3892 0.3892 0.3892 0.3892 0.3892 0.6079 0.6079 0.6079 0.6079 0.3892 0.3892 0.6079 0.3892 0.6079 0.3892 0.6079
120 319 255 022 0.3892 0.3892 0.6079 0.3892 0.6079 0.3892 0.6079 0.6079 0.3892 0.3892 0.6079 0.3892 0.6079 0.3892 0.3892 0.3892
319 255 022 191 0.3892 0.3892 0.3892 0.6079 0.3892 0.6079 0.6079 0.6079 0.6079 0.6079 0.3892 0.6079 0.6079 0.3892 0.3892 0.6079
255 022 191 144 0.3892 0.6079 0.6079 0.3892 0.6079 0.3892 0.3892 0.6079 0.6079 0.6079 0.6079 0.6079 0.6079 0.6079 0.6079 0.6079
022 191 144 039 0.3892 0.3892 0.3892 0.3892 0.3892 0.6079 0.3892 0.3892 0.6079 0.6079 0.6079 0.3892 0.3892 0.6079 0.6079 0.3892
191 144 039 270 0.6079 0.6079 0.6079 0.6079 0.6079 0.6079 0.6079 0.6079 0.6079 0.6079 0.6079 0.6079 0.3892 0.6079 0.6079 0.6079
144 039 270 090 0.6079 0.3892 0.3892 0.6079 0.6079 0.6079 0.6079 0.3892 0.3892 0.6079 0.6079 0.6079 0.3892 0.3892 0.6079 0.6079
039 270 090 092 0.3892 0.6079 0.6079 0.3892 0.3892 0.3892 0.3892 0.3892 0.3892 0.3892 0.6079 0.3892 0.3892 0.3892 0.6079 0.3892
270 090 092 325 0.3892 0.3892 0.3892 0.6079 0.6079 0.6079 0.3892 0.3892 0.6079 0.3892 0.3892 0.6079 0.6079 0.3892 0.6079 0.3892
090 092 325 266 0.6079 0.3892 0.3892 0.3892 0.3892 0.6079 0.6079 0.3892 0.6079 0.6079 0.6079 0.3892 0.6079 0.6079 0.6079 0.3892
092 325 266 146 0.3892 0.3892 0.3892 0.6079 0.3892 0.3892 0.6079 0.6079 0.3892 0.3892 0.3892 0.3892 0.3892 0.3892 0.6079 0.6079
325 266 146 260 0.3892 0.6079 0.6079 0.6079 0.6079 0.3892 0.6079 0.3892 0.3892 0.3892 0.3892 0.3892 0.3892 0.6079 0.6079 0.3892
266 146 260 193 0.6079 0.3892 0.6079 0.3892 0.3892 0.3892 0.3892 0.3892 0.6079 0.3892 0.6079 0.3892 0.3892 0.3892 0.6079 0.6079
146 260 193 265 0.3892 0.6079 0.6079 0.3892 0.6079 0.6079 0.6079 0.3892 0.3892 0.3892 0.3892 0.3892 0.6079 0.6079 0.6079 0.6079
260 193 265 285 0.3892 0.6079 0.6079 0.3892 0.3892 0.3892 0.3892 0.3892 0.6079 0.6079 0.6079 0.6079 0.6079 0.6079 0.6079 0.6079
193 265 285 147 0.6079 0.3892 0.6079 0.6079 0.6079 0.6079 0.6079 0.6079 0.3892 0.6079 0.6079 0.6079 0.3892 0.6079 0.6079 0.6079
265 285 147 303 0.3892 0.3892 0.3892 0.3892 0.6079 0.3892 0.3892 0.6079 0.3892 0.6079 0.6079 0.6079 0.6079 0.6079 0.6079 0.6079
285 147 303 307 0.3892 0.3892 0.6079 0.3892 0.6079 0.3892 0.6079 0.3892 0.3892 0.6079 0.3892 0.3892 0.3892 0.3892 0.6079 0.3892
147 303 307 009 0.6079 0.3892 0.6079 0.3892 0.6079 0.6079 0.3892 0.6079 0.3892 0.6079 0.6079 0.6079 0.3892 0.6079 0.3892 0.6079
303 307 009 057 0.3892 0.3892 0.6079 0.6079 0.6079 0.6079 0.6079 0.3892 0.3892 0.3892 0.3892 0.3892 0.6079 0.6079 0.6079 0.3892
307 009 057 275 0.3892 0.6079 0.6079 0.3892 0.3892 0.3892 0.3892 0.3892 0.6079 0.3892 0.6079 0.3892 0.6079 0.6079 0.6079 0.6079
009 057 275 055 0.3892 0.3892 0.3892 0.6079 0.6079 0.3892 0.6079 0.3892 0.3892 0.6079 0.6079 0.3892 0.6079 0.3892 0.3892 0.3892
057 275 055 079 0.3892 0.6079 0.6079 0.3892 0.3892 0.3892 0.3892 0.6079 0.3892 0.3892 0.6079 0.6079 0.3892 0.6079 0.6079 0.3892
275 055 079 043 0.3892 0.3892 0.3892 0.6079 0.6079 0.6079 0.3892 0.6079 0.6079 0.6079 0.3892 0.3892 0.6079 0.6079 0.3892 0.6079
055 079 043 181 0.6079 0.3892 0.3892 0.3892 0.3892 0.3892 0.6079 0.3892 0.6079 0.3892 0.6079 0.6079 0.6079 0.6079 0.3892 0.6079
079 043 181 026 0.3892 0.3892 0.6079 0.3892 0.6079 0.6079 0.3892 0.3892 0.3892 0.6079 0.3892 0.6079 0.6079 0.6079 0.6079 0.6079
043 181 026 311 0.6079 0.6079 0.6079 0.3892 0.3892 0.6079 0.3892 0.3892 0.3892 0.6079 0.3892 0.6079 0.3892 0.6079 0.3892 0.6079
181 026 311 154 0.3892 0.3892 0.3892 0.6079 0.3892 0.3892 0.3892 0.6079 0.3892 0.3892 0.6079 0.6079 0.6079 0.3892 0.6079 0.6079
026 311 154 041 0.3892 0.3892 0.3892 0.3892 0.6079 0.3892 0.3892 0.3892 0.3892 0.3892 0.3892 0.3892 0.6079 0.3892 0.3892 0.3892
311 154 041 296 0.6079 0.3892 0.6079 0.6079 0.6079 0.6079 0.3892 0.6079 0.3892 0.3892 0.3892 0.6079 0.6079 0.3892 0.6079 0.6079
154 041 296 231 0.6079 0.6079 0.3892 0.3892 0.6079 0.3892 0.3892 0.6079 0.6079 0.3892 0.6079 0.6079 0.6079 0.6079 0.3892 0.3892
041 296 231 210 0.3892 0.6079 0.6079 0.3892 0.6079 0.3892 0.6079 0.6079 0.6079 0.3892 0.3892 0.6079 0.3892 0.6079 0.3892 0.6079
296 231 210 099 0.6079 0.3892 0.6079 0.3892 0.6079 0.6079 0.3892 0.6079 0.6079 0.6079 0.6079 0.3892 0.3892 0.6079 0.6079 0.3892
231 210 099 093 0.3892 0.3892 0.6079 0.3892 0.3892 0.3892 0.3892 0.3892 0.6079 0.3892 0.6079 0.3892 0.3892 0.6079 0.6079 0.3892
210 099 093 098 0.3892 0.3892 0.3892 0.6079 0.3892 0.6079 0.3892 0.3892 0.6079 0.3892 0.6079 0.6079 0.3892 0.3892 0.3892 0.3892
099 093 098 253 0.6079 0.6079 0.3892 0.3892 0.6079 0.6079 0.3892 0.3892 0.6079 0.6079 0.3892 0.3892 0.3892 0.6079 0.6079 0.6079
093 098 253 130 0.6079 0.6079 0.3892 0.6079 0.3892 0.6079 0.3892 0.3892 0.6079 0.6079 0.3892 0.3892 0.6079 0.6079 0.3892 0.3892
098 253 130 004 0.6079 0.3892 0.6079 0.3892 0.6079 0.3892 0.6079 0.6079 0.3892 0.6079 0.6079 0.3892 0.3892 0.6079 0.3892 0.3892
253 130 004 017 0.6079 0.6079 0.3892 0.6079 0.3892 0.6079 0.3892 0.3892 0.6079 0.3892 0.3892 0.6079 0.3892 0.6079 0.3892 0.3892
130 004 017 323 0.3892 0.3892 0.6079 0.3892 0.3892 0.6079 0.6079 0.3892 0.3892 0.3892 0.6079 0.3892 0.3892 0.3892 0.3892 0.3892
004 017 323 233 0.6079 0.3892 0.6079 0.3892 0.3892 0.3892 0.3892 0.6079 0.3892 0.3892 0.6079 0.3892 0.3892 0.3892 0.3892 0.6079
017 323 233 269 0.3892 0.6079 0.3892 0.6079 0.3892 0.6079 0.3892 0.3892 0.3892 0.3892 0.3892 0.6079 0.3892 0.3892 0.3892 0.3892
323 233 269 103 0.3892 0.3892 0.6079 0.3892 0.3892 0.3892 0.3892 0.3892 0.3892 0.6079 0.3892 0.6079 0.6079 0.6079 0.6079 0.6079
233 269 103 164 0.3892 0.6079 0.3892 0.6079 0.3892 0.6079 0.3892 0.6079 0.6079 0.3892 0.6079 0.3892 0.6079 0.6079 0.3892 0.3892
269 103 164 318 0.6079 0.3892 0.3892 0.6079 0.6079 0.3892 0.6079 0.3892 0.3892 0.6079 0.3892 0.3892 0.6079 0.6079 0.6079 0.6079
103 164 318 176 0.3892 0.3892 0.3892 0.6079 0.3892 0.6079 0.3892 0.3892 0.6079 0.3892 0.3892 0.6079 0.3892 0.3892 0.3892 0.3892
164 318 176 201 0.6079 0.3892 0.3892 0.3892 0.3892 0.6079 0.3892 0.3892 0.3892 0.6079 0.6079 0.6079 0.3892 0.6079 0.3892 0.3892
318 176 201 337 0.6079 0.3892 0.6079 0.3892 0.6079 0.6079 0.6079 0.3892 0.3892 0.3892 0.3892 0.3892 0.3892 0.6079 0.6079 0.3892
176 201 337 033 0.6079 0.3892 0.6079 0.6079 0.6079 0.3892 0.6079 0.3892 0.6079 0.6079 0.6079 0.6079 0.3892 0.3892 0.6079 0.6079
201 337 033 018 0.6079 0.6079 0.3892 0.6079 0.3892 0.6079 0.3892 0.3892 0.3892 0.3892 0.6079 0.3892 0.6079 0.3892 0.3892 0.3892
337 033 018 342 0.6079 0.3892 0.3892 0.3892 0.6079 0.3892 0.6079 0.3892 0.3892 0.3892 0.6079 0.6079 0.3892 0.3892 0.3892 0.3892
033 018 342 074 0.3892 0.3892 0.6079 0.3892 0.6079 0.3892 0.3892 0.6079 0.3892 0.3892 0.3892 0.6079 0.3892 0.3892 0.3892 0.6079
018 342 074 086 0.3892 0.6079 0.6079 0.3892 0.6079 0.6079 0.6079 0.6079 0.6079 0.3892 0.6079 0.6079 0.6079 0.6079 0.3892 0.3892
342 074 086 034 0.3892 0.3892 0.3892 0.3892 0.6079 0.3892 0.6079 0.3892 0.6079 0.3892 0.3892 0.6079 0.6079 0.3892 0.6079 0.3892
074 086 034 306 0.6079 0.3892 0.6079 0.6079 0.3892 0.6079 0.6079 0.6079 0.3892 0.3892 0.3892 0.6079 0.6079 0.3892 0.6079 0.3892
086 034 306 198 0.3892 0.3892 0.3892 0.6079 0.3892 0.6079 0.6079 0.6079 0.3892 0.3892 0.3892 0.3892 0.3892 0.3892 0.6079 0.3892
034 306 198 302 0.3892 0.6079 0.3892 0.3892 0.6079 0.3892 0.3892 0.3892 0.6079 0.3892 0.6079 0.3892 0.6079 0.6079 0.3892 0.3892
306 198 302 165 0.3892 0.6079 0.6079 0.6079 0.6079 0.3892 0.6079 0.3892 0.6079 0.6079 0.3892 0.6079 0.3892 0.3892 0.6079 0.6079
198 302 165 272 0.6079 0.3892 0.3892 0.3892 0.3892 0.6079 0.3892 0.6079 0.6079 0.3892 0.6079 0.3892 0.6079 0.6079 0.3892 0.6079
302 165 272 065 0.3892 0.6079 0.3892 0.3892 0.6079 0.6079 0.3892 0.3892 0.6079 0.3892 0.6079 0.3892 0.6079 0.6079 0.6079 0.3892
165 272 065 177 0.3892 0.3892 0.3892 0.6079 0.6079 0.3892 0.6079 0.3892 0.3892 0.6079 0.6079 0.3892 0.6079 0.3892 0.6079 0.3892
272 065 177 251 0.6079 0.3892 0.3892 0.3892 0.3892 0.6079 0.6079 0.3892 0.3892 0.3892 0.6079 0.3892 0.6079 0.6079 0.6079 0.3892
065 177 251 159 0.3892 0.3892 0.3892 0.6079 0.6079 0.6079 0.3892 0.6079 0.6079 0.3892 0.3892 0.6079 0.3892 0.6079 0.3892 0.3892
177 251 159 283 0.6079 0.3892 0.3892 0.3892 0.3892 0.3892 0.3892 0.3892 0.6079 0.6079 0.6079 0.6079 0.6079 0.3892 0.6079 0.3892
251 159 283 246 0.3892 0.6079 0.3892 0.6079 0.3892 0.6079 0.3892 0.6079 0.6079 0.6079 0.6079 0.6079 0.6079 0.3892 0.6079 0.6079
159 283 246 060 0.6079 0.6079 0.3892 0.6079 0.3892 0.3892 0.6079 0.6079 0.3892 0.6079 0.3892 0.6079 0.6079 0.6079 0.3892 0.3892
283 246 060 131 0.6079 0.6079 0.6079 0.3892 0.6079 0.6079 0.3892 0.6079 0.6079 0.6079 0.3892 0.6079 0.3892 0.6079 0.6079 0.6079
246 060 131 059 0.6079 0.6079 0.3892 0.6079 0.6079 0.3892 0.3892 0.3892 0.3892 0.6079 0.6079 0.6079 0.6079 0.3892 0.6079 0.6079
060 131 059 205 0.6079 0.6079 0.3892 0.3892 0.3892 0.3892 0.6079 0.3892 0.6079 0.3892 0.3892 0.3892 0.6079 0.3892 0.3892 0.3892
131 059 205 259 0.6079 0.3892 0.6079 0.3892 0.3892 0.3892 0.3892 0.6079 0.3892 0.3892 0.6079 0.3892 0.6079 0.6079 0.3892 0.6079
059 205 259 085 0.6079 0.6079 0.3892 0.3892 0.3892 0.3892 0.3892 0.6079 0.3892 0.3892 0.6079 0.3892 0.3892 0.3892 0.6079 0.3892
205 259 085 063 0.3892 0.3892 0.6079 0.3892 0.6079 0.6079 0.3892 0.6079 0.6079 0.3892 0.3892 0.3892 0.3892 0.6079 0.3892 0.6079
259 085 063 104 0.3892 0.3892 0.6079 0.3892 0.3892 0.6079 0.6079 0.3892 0.6079 0.3892 0.3892 0.6079 0.3892 0.6079 0.3892 0.6079
085 063 104 280 0.6079 0.6079 0.3892 0.6079 0.3892 0.6079 0.6079 0.3892 0.3892 0.3892 0.6079 0.3892 0.3892 0.3892 0.6079 0.6079
063 104 280 024 0.3892 0.3892 0.6079 0.3892 0.6079 0.6079 0.6079 0.3892 0.3892 0.6079 0.3892 0.6079 0.6079 0.3892 0.6079 0.6079
104 280 024 150 0.6079 0.3892 0.3892 0.3892 0.3892 0.6079 0.6079 0.3892 0.6079 0.3892 0.3892 0.6079 0.3892 0.3892 0.6079 0.3892
280 024 150 334 0.6079 0.6079 0.3892 0.6079 0.3892 0.6079 0.6079 0.6079 0.3892 0.6079 0.6079 0.3892 0.6079 0.3892 0.3892 0.3892
024 150 334 155 0.6079 0.3892 0.6079 0.6079 0.3892 0.6079 0.6079 0.3892 0.6079 0.3892 0.3892 0.3892 0.3892 0.6079 0.6079 0.3892
150 334 155 069 0.3892 0.6079 0.3892 0.3892 0.3892 0.6079 0.3892 0.3892 0.3892 0.3892 0.6079 0.6079 0.3892 0.6079 0.3892 0.3892
334 155 069 124 0.3892 0.3892 0.3892 0.6079 0.6079 0.3892 0.3892 0.6079 0.3892 0.6079 0.3892 0.6079 0.6079 0.3892 0.3892 0.6079
155 069 124 199 0.3892 0.3892 0.6079 0.3892 0.3892 0.3892 0.3892 0.3892 0.6079 0.3892 0.6079 0.6079 0.3892 0.6079 0.3892 0.3892
069 124 199 168 0.3892 0.3892 0.3892 0.6079 0.6079 0.3892 0.3892 0.3892 0.3892 0.3892 0.3892 0.3892 0.6079 0.3892 0.3892 0.6079
124 199 168 035 0.6079 0.6079 0.6079 0.3892 0.6079 0.6079 0.6079 0.6079 0.6079 0.6079 0.3892 0.3892 0.3892 0.3892 0.3892 0.3892
199 168 035 058 0.3892 0.6079 0.3892 0.3892 0.6079 0.3892 0.6079 0.6079 0.3892 0.6079 0.3892 0.6079 0.3892 0.6079 0.3892 0.3892
168 035 058 073 0.6079 0.3892 0.6079 0.6079 0.3892 0.6079 0.3892 0.6079 0.3892 0.6079 0.6079 0.3892 0.6079 0.6079 0.6079 0.6079
035 058 073 234 0.6079 0.6079 0.6079 0.3892 0.3892 0.6079 0.6079 0.3892 0.3892 0.3892 0.3892 0.3892 0.6079 0.3892 0.6079 0.6079
058 073 234 301 0.3892 0.6079 0.3892 0.3892 0.6079 0.3892 0.6079 0.3892 0.6079 0.6079 0.3892 0.6079 0.6079 0.6079 0.6079 0.3892
073 234 301 289 0.3892 0.6079 0.3892 0.3892 0.3892 0.6079 0.6079 0.3892 0.3892 0.3892 0.3892 0.6079 0.3892 0.6079 0.6079 0.6079
234 301 289 047 0.3892 0.3892 0.3892 0.6079 0.3892 0.6079 0.6079 0.6079 0.6079 0.3892 0.6079 0.6079 0.3892 0.6079 0.3892 0.6079
301 289 047 340 0.6079 0.6079 0.3892 0.3892 0.6079 0.6079 0.6079 0.3892 0.3892 0.6079 0.3892 0.3892 0.3892 0.3892 0.6079 0.6079
289 047 340 030 0.3892 0.6079 0.3892 0.6079 0.3892 0.3892 0.6079 0.3892 0.6079 0.3892 0.3892 0.6079 0.6079 0.6079 0.3892 0.6079
047 340 030 056 0.3892 0.3892 0.3892 0.6079 0.3892 0.6079 0.6079 0.6079 0.6079 0.3892 0.3892 0.6079 0.3892 0.3892 0.6079 0.6079
340 030 056 324 0.6079 0.3892 0.3892 0.6079 0.6079 0.6079 0.3892 0.6079 0.3892 0.3892 0.6079 0.3892 0.6079 0.6079 0.6079 0.3892
030 056 324 113 0.3892 0.6079 0.3892 0.6079 0.6079 0.6079 0.3892 0.6079 0.6079 0.6079 0.3892 0.6079 0.6079 0.6079 0.3892 0.6079
056 324 113 040 0.3892 0.3892 0.6079 0.3892 0.3892 0.6079 0.3892 0.6079 0.6079 0.3892 0.3892 0.6079 0.3892 0.3892 0.3892 0.3892
324 113 040 005 0.6079 0.6079 0.3892 0.6079 0.3892 0.3892 0.6079 0.6079 0.6079 0.6079 0.3892 0.3892 0.3892 0.3892 0.6079 0.3892
113 040 005 314 0.6079 0.6079 0.3892 0.6079 0.3892 0.3892 0.6079 0.6079 0.3892 0.6079 0.3892 0.6079 0.3892 0.3892 0.3892 0.3892
040 005 314 158 0.3892 0.6079 0.3892 0.3892 0.6079 0.6079 0.6079 0.6079 0.6079 0.3892 0.3892 0.3892 0.3892 0.3892 0.6079 0.3892
005 314 158 129 0.3892 0.6079 0.6079 0.6079 0.6079 0.6079 0.6079 0.3892 0.6079 0.6079 0.6079 0.3892 0.6079 0.6079 0.3892 0.6079
314 158 129 222 0.3892 0.3892 0.3892 0.6079 0.6079 0.6079 0.3892 0.3892 0.6079 0.3892 0.3892 0.3892 0.3892 0.3892 0.3892 0.3892
158 129 222 207 0.6079 0.6079 0.3892 0.6079 0.3892 0.6079 0.3892 0.6079 0.3892 0.6079 0.6079 0.3892 0.3892 0.6079 0.6079 0.3892
129 222 207 224 0.6079 0.3892 0.3892 0.3892 0.3892 0.6079 0.6079 0.6079 0.3892 0.6079 0.3892 0.3892 0.3892 0.3892 0.6079 0.3892
222 207 224 286 0.3892 0.6079 0.6079 0.6079 0.3892 0.3892 0.3892 0.3892 0.3892 0.6079 0.6079 0.3892 0.3892 0.6079 0.3892 0.6079
207 224 286 001 0.6079 0.3892 0.3892 0.6079 0.6079 0.6079 0.3892 0.3892 0.3892 0.6079 0.6079 0.3892 0.6079 0.3892 0.3892 0.6079
224 286 001 149 0.3892 0.3892 0.6079 0.3892 0.6079 0.6079 0.3892 0.3892 0.6079 0.6079 0.6079 0.6079 0.6079 0.3892 0.3892 0.6079
286 001 149 087 0.6079 0.3892 0.6079 0.6079 0.6079 0.6079 0.3892 0.3892 0.3892 0.3892 0.6079 0.6079 0.3892 0.3892 0.3892 0.6079
001 149 087 355 0.3892 0.3892 0.3892 0.6079 0.6079 0.6079 0.6079 0.3892 0.3892 0.3892 0.6079 0.6079 0.6079 0.6079 0.6079 0.6079
149 087 355 135 0.3892 0.3892 0.3892 0.3892 0.3892 0.3892 0.3892 0.3892 0.6079 0.6079 0.6079 0.6079 0.6079 0.6079 0.3892 0.6079
087 355 135 007 0.3892 0.6079 0.3892 0.6079 0.6079 0.6079 0.3892 0.6079 0.6079 0.6079 0.3892 0.3892 0.6079 0.6079 0.6079 0.3892
355 135 007 126 0.6079 0.3892 0.3892 0.6079 0.6079 0.3892 0.6079 0.3892 0.6079 0.3892 0.6079 0.6079 0.3892 0.3892 0.6079 0.3892
135 007 126 003 0.3892 0.6079 0.6079 0.6079 0.3892 0.6079 0.6079 0.6079 0.6079 0.6079 0.6079 0.3892 0.3892 0.6079 0.6079 0.3892
007 126 003 351 0.6079 0.3892 0.3892 0.6079 0.6079 0.3892 0.6079 0.6079 0.3892 0.3892 0.3892 0.6079 0.3892 0.3892 0.3892 0.6079
126 003 351 348 0.3892 0.3892 0.6079 0.3892 0.3892 0.6079 0.6079 0.6079 0.6079 0.3892 0.3892 0.6079 0.3892 0.3892 0.3892 0.6079
003 351 348 249 0.3892 0.6079 0.6079 0.6079 0.3892 0.6079 0.3892 0.3892 0.3892 0.6079 0.3892 0.6079 0.6079 0.3892 0.6079 0.6079
351 348 249 082 0.3892 0.6079 0.6079 0.3892 0.3892 0.6079 0.6079 0.6079 0.6079 0.6079 0.6079 0.3892 0.6079 0.3892 0.3892 0.3892
348 249 082 282 0.3892 0.6079 0.3892 0.3892 0.6079 0.3892 0.6079 0.3892 0.6079 0.3892 0.6079 0.6079 0.6079 0.3892 0.6079 0.3892
249 082 282 027 0.6079 0.3892 0.6079 0.6079 0.3892 0.6079 0.3892 0.6079 0.6079 0.6079 0.6079 0.3892 0.3892 0.3892 0.6079 0.6079
082 282 027 331 0.6079 0.3892 0.3892 0.3892 0.3892 0.3892 0.3892 0.3892 0.6079 0.3892 0.6079 0.3892 0.3892 0.3892 0.3892 0.6079
282 027 331 084 0.3892 0.3892 0.6079 0.3892 0.3892 0.3892 0.6079 0.6079 0.3892 0.3892 0.6079 0.6079 0.3892 0.6079 0.3892 0.6079
027 331 084 326 0.6079 0.6079 0.6079 0.3892 0.6079 0.3892 0.6079 0.3892 0.3892 0.6079 0.3892 0.6079 0.6079 0.6079 0.6079 0.6079
331 084 326 252 0.6079 0.6079 0.6079 0.3892 0.3892 0.6079 0.3892 0.6079 0.6079 0.6079 0.6079 0.6079 0.6079 0.3892 0.6079 0.3892
084 326 252 261 0.3892 0.6079 0.3892 0.6079 0.6079 0.3892 0.3892 0.6079 0.3892 0.6079 0.6079 0.3892 0.3892 0.6079 0.6079 0.3892
326 252 261 203 0.6079 0.6079 0.6079 0.3892 0.6079 0.3892 0.3892 0.6079 0.3892 0.6079 0.6079 0.3892 0.3892 0.3892 0.6079 0.3892
252 261 203 354 0.6079 0.3892 0.6079 0.6079 0.3892 0.6079 0.3892 0.6079 0.6079 0.3892 0.3892 0.3892 0.3892 0.3892 0.3892 0.3892
261 203 354 335 0.6079 0.3892 0.6079 0.3892 0.6079 0.3892 0.3892 0.3892 0.3892 0.6079 0.3892 0.3892 0.6079 0.6079 0.6079 0.6079
203 354 335 095 0.3892 0.3892 0.3892 0.6079 0.6079 0.6079 0.6079 0.3892 0.3892 0.3892 0.6079 0.3892 0.3892 0.3892 0.3892 0.3892
354 335 095 048 0.3892 0.6079 0.6079 0.3892 0.3892 0.6079 0.6079 0.3892 0.6079 0.6079 0.3892 0.6079 0.3892 0.6079 0.6079 0.3892
335 095 048 105 0.3892 0.6079 0.3892 0.6079 0.6079 0.6079 0.3892 0.6079 0.6079 0.6079 0.6079 0.6079 0.3892 0.6079 0.3892 0.3892
095 048 105 313 0.3892 0.6079 0.6079 0.3892 0.6079 0.3892 0.3892 0.3892 0.6079 0.6079 0.6079 0.3892 0.3892 0.6079 0.3892 0.6079
048 105 313 288 0.6079 0.3892 0.6079 0.6079 0.6079 0.3892 0.6079 0.3892 0.3892 0.6079 0.6079 0.3892 0.3892 0.3892 0.3892 0.6079
105 313 288 157 0.3892 0.3892 0.3892 0.6079 0.3892 0.3892 0.3892 0.3892 0.6079 0.3892 0.3892 0.6079 0.3892 0.3892 0.3892 0.3892
313 288 157 295 0.3892 0.6079 0.3892 0.3892 0.3892 0.6079 0.3892 0.6079 0.6079 0.6079 0.6079 0.3892 0.6079 0.3892 0.6079 0.6079
288 157 295 050 0.3892 0.6079 0.3892 0.6079 0.6079 0.3892 0.6079 0.6079 0.6079 0.3892 0.6079 0.6079 0.6079 0.6079 0.6079 0.6079
157 295 050 263 0.6079 0.6079 0.3892 0.6079 0.3892 0.6079 0.3892 0.3892 0.3892 0.3892 0.3892 0.3892 0.3892 0.6079 0.6079 0.3892
295 050 263 025 0.6079 0.3892 0.3892 0.3892 0.6079 0.3892 0.6079 0.3892 0.3892 0.6079 0.6079 0.6079 0.6079 0.3892 0.6079 0.6079
050 263 025 128 0.3892 0.6079 0.3892 0.3892 0.3892 0.6079 0.6079 0.3892 0.6079 0.3892 0.6079 0.6079 0.6079 0.3892 0.6079 0.3892
263 025 128 339 0.3892 0.6079 0.3892 0.6079 0.6079 0.6079 0.6079 0.6079 0.3892 0.3892 0.6079 0.3892 0.6079 0.6079 0.3892 0.3892
025 128 339 089 0.3892 0.6079 0.6079 0.3892 0.3892 0.3892 0.6079 0.3892 0.6079 0.6079 0.3892 0.6079 0.3892 0.6079 0.3892 0.3892
128 339 089 101 0.6079 0.6079 0.6079 0.6079 0.6079 0.6079 0.6079 0.6079 0.3892 0.3892 0.3892 0.3892 0.3892 0.3892 0.6079 0.3892
339 089 101 264 0.3892 0.6079 0.3892 0.3892 0.6079 0.3892 0.6079 0.6079 0.3892 0.6079 0.6079 0.3892 0.3892 0.3892 0.6079 0.6079
089 101 264 330 0.3892 0.3892 0.3892 0.6079 0.6079 0.3892 0.6079 0.3892 0.6079 0.3892 0.3892 0.6079 0.6079 0.3892 0.6079 0.6079
101 264 330 250 0.6079 0.3892 0.3892 0.3892 0.6079 0.3892 0.6079 0.3892 0.6079 0.6079 0.3892 0.6079 0.3892 0.6079 0.6079 0.6079
264 330 250 327 0.6079 0.3892 0.6079 0.6079 0.6079 0.6079 0.3892 0.6079 0.3892 0.3892 0.6079 0.3892 0.3892 0.6079 0.3892 0.6079
330 250 327 125 0.3892 0.6079 0.6079 0.3892 0.6079 0.6079 0.3892 0.3892 0.6079 0.3892 0.3892 0.6079 0.6079 0.6079 0.6079 0.3892
250 327 125 172 0.3892 0.3892 0.3892 0.6079 0.3892 0.3892 0.6079 0.6079 0.3892 0.6079 0.3892 0.6079 0.6079 0.6079 0.3892 0.3892
327 125 172 305 0.3892 0.3892 0.6079 0.3892 0.3892 0.3892 0.6079 0.6079 0.6079 0.3892 0.6079 0.6079 0.3892 0.3892 0.3892 0.6079
125 172 305 244 0.6079 0.6079 0.6079 0.3892 0.3892 0.6079 0.3892 0.6079 0.3892 0.3892 0.3892 0.6079 0.3892 0.6079 0.6079 0.6079
172 305 244 014 0.6079 0.3892 0.3892 0.3892 0.3892 0.6079 0.6079 0.3892 0.3892 0.3892 0.3892 0.3892 0.3892 0.6079 0.6079 0.6079
305 244 014 054 0.6079 0.3892 0.6079 0.6079 0.3892 0.6079 0.6079 0.3892 0.3892 0.3892 0.3892 0.6079 0.3892 0.3892 0.6079 0.3892
244 014 054 219 0.6079 0.6079 0.6079 0.6079 0.3892 0.3892 0.3892 0.6079 0.6079 0.6079 0.3892 0.6079 0.3892 0.3892 0.3892 0.3892
014 054 219 287 0.6079 0.3892 0.3892 0.6079 0.6079 0.3892 0.6079 0.3892 0.6079 0.6079 0.6079 0.3892 0.3892 0.6079 0.6079 0.3892
054 219 287 184 0.3892 0.3892 0.3892 0.6079 0.6079 0.6079 0.3892 0.3892 0.6079 0.3892 0.3892 0.3892 0.3892 0.6079 0.6079 0.3892
219 287 184 209 0.3892 0.3892 0.6079 0.3892 0.3892 0.3892 0.3892 0.6079 0.6079 0.3892 0.6079 0.3892 0.3892 0.6079 0.3892 0.6079
287 184 209 170 0.3892 0.6079 0.6079 0.6079 0.6079 0.6079 0.6079 0.3892 0.6079 0.6079 0.6079 0.3892 0.3892 0.6079 0.6079 0.6079
184 209 170 080 0.6079 0.6079 0.6079 0.6079 0.3892 0.6079 0.6079 0.3892 0.6079 0.3892 0.3892 0.6079 0.3892 0.3892 0.6079 0.3892
209 170 080 179 0.6079 0.3892 0.6079 0.6079 0.6079 0.6079 0.3892 0.3892 0.6079 0.6079 0.6079 0.6079 0.3892 0.3892 0.6079 0.3892
170 080 179 117 0.3892 0.6079 0.3892 0.3892 0.6079 0.3892 0.3892 0.3892 0.6079 0.6079 0.6079 0.3892 0.6079 0.6079 0.3892 0.3892
080 179 117 308 0.6079 0.6079 0.6079 0.6079 0.3892 0.3892 0.3892 0.3892 0.6079 0.3892 0.3892 0.6079 0.3892 0.6079 0.3892 0.6079
179 117 308 070 0.3892 0.6079 0.6079 0.3892 0.3892 0.6079 0.3892 0.3892 0.3892 0.3892 0.3892 0.3892 0.3892 0.3892 0.3892 0.6079
117 308 070 114 0.6079 0.3892 0.6079 0.3892 0.3892 0.3892 0.6079 0.3892 0.6079 0.6079 0.3892 0.3892 0.3892 0.6079 0.3892 0.6079
308 070 114 213 0.3892 0.3892 0.3892 0.6079 0.6079 0.6079 0.6079 0.3892 0.6079 0.3892 0.6079 0.6079 0.6079 0.6079 0.3892 0.3892
070 114 213 293 0.3892 0.6079 0.3892 0.3892 0.6079 0.3892 0.6079 0.3892 0.6079 0.3892 0.6079 0.3892 0.3892 0.6079 0.3892 0.6079
114 213 293 145 0.6079 0.6079 0.3892 0.3892 0.6079 0.3892 0.6079 0.3892 0.6079 0.6079 0.6079 0.6079 0.6079 0.3892 0.6079 0.6079
213 293 145 140 0.3892 0.3892 0.3892 0.6079 0.3892 0.3892 0.3892 0.6079 0.3892 0.6079 0.3892 0.3892 0.3892 0.3892 0.3892 0.3892
293 145 140 194 0.6079 0.3892 0.3892 0.6079 0.6079 0.3892 0.6079 0.3892 0.6079 0.3892 0.3892 0.6079 0.6079 0.3892 0.3892 0.6079
145 140 194 211 0.6079 0.6079 0.3892 0.6079 0.6079 0.3892 0.6079 0.6079 0.6079 0.6079 0.3892 0.3892 0.3892 0.3892 0.3892 0.3892
140 194 211 002 0.3892 0.3892 0.6079 0.3892 0.6079 0.3892 0.6079 0.3892 0.3892 0.6079 0.3892 0.6079 0.3892 0.3892 0.6079 0.6079
194 211 002 116 0.6079 0.3892 0.3892 0.3892 0.6079 0.6079 0.3892 0.6079 0.3892 0.3892 0.6079 0.3892 0.6079 0.3892 0.6079 0.3892
211 002 116 153 0.6079 0.6079 0.6079 0.3892 0.3892 0.6079 0.6079 0.6079 0.6079 0.3892 0.3892 0.6079 0.6079 0.6079 0.6079 0.3892
002 116 153 100 0.3892 0.6079 0.3892 0.6079 0.6079 0.6079 0.3892 0.6079 0.6079 0.3892 0.6079 0.3892 0.6079 0.6079 0.6079 0.3892
116 153 100 230 0.3892 0.6079 0.3892 0.3892 0.6079 0.6079 0.6079 0.3892 0.6079 0.6079 0.3892 0.3892 0.3892 0.3892 0.6079 0.3892
153 100 230 347 0.3892 0.6079 0.6079 0.6079 0.6079 0.3892 0.6079 0.3892 0.6079 0.6079 0.3892 0.3892 0.6079 0.6079 0.6079 0.6079
100 230 347 220 0.3892 0.3892 0.3892 0.6079 0.6079 0.3892 0.3892 0.6079 0.3892 0.3892 0.6079 0.6079 0.6079 0.3892 0.6079 0.3892
230 347 220 076 0.6079 0.6079 0.3892 0.6079 0.6079 0.6079 0.3892 0.6079 0.6079 0.3892 0.3892 0.6079 0.6079 0.3892 0.6079 0.3892
347 220 076 248 0.3892 0.6079 0.3892 0.6079 0.3892 0.6079 0.6079 0.6079 0.3892 0.6079 0.6079 0.6079 0.6079 0.6079 0.3892 0.3892
220 076 248 300 0.3892 0.3892 0.3892 0.3892 0.6079 0.3892 0.3892 0.3892 0.3892 0.6079 0.6079 0.6079 0.3892 0.6079 0.6079 0.3892
076 248 300 109 0.6079 0.3892 0.6079 0.6079 0.3892 0.3892 0.3892 0.6079 0.6079 0.3892 0.3892 0.3892 0.3892 0.6079 0.3892 0.6079
248 300 109 338 0.6079 0.6079 0.6079 0.6079 0.3892 0.3892 0.3892 0.6079 0.6079 0.6079 0.6079 0.6079 0.6079 0.3892 0.3892 0.3892
300 109 338 349 0.3892 0.3892 0.3892 0.6079 0.3892 0.3892 0.6079 0.3892 0.6079 0.3892 0.6079 0.6079 0.3892 0.3892 0.6079 0.6079
109 338 349 278 0.3892 0.6079 0.6079 0.6079 0.6079 0.3892 0.6079 0.3892 0.6079 0.6079 0.3892 0.6079 0.3892 0.6079 0.3892 0.3892
338 349 278 189 0.3892 0.6079 0.6079 0.3892 0.6079 0.6079 0.6079 0.6079 0.6079 0.3892 0.3892 0.3892 0.3892 0.6079 0.3892 0.6079
349 278 189 019 0.3892 0.6079 0.3892 0.3892 0.3892 0.6079 0.6079 0.3892 0.3892 0.3892 0.3892 0.6079 0.6079 0.6079 0.3892 0.3892
278 189 019 138 0.3892 0.3892 0.6079 0.6079 0.6079 0.3892 0.3892 0.6079 0.6079 0.3892 0.3892 0.3892 0.3892 0.3892 0.3892 0.3892
189 019 138 190 0.6079 0.6079 0.6079 0.3892 0.3892 0.6079 0.3892 0.3892 0.6079 0.3892 0.6079 0.3892 0.6079 0.3892 0.6079 0.6079
019 138 190 345 0.3892 0.6079 0.3892 0.3892 0.6079 0.3892 0.6079 0.3892 0.3892 0.3892 0.3892 0.6079 0.3892 0.3892 0.6079 0.3892
138 190 345 119 0.6079 0.6079 0.6079 0.6079 0.6079 0.3892 0.3892 0.6079 0.3892 0.6079 0.3892 0.6079 0.6079 0.6079 0.3892 0.3892
190 345 119 139 0.3892 0.3892 0.6079 0.6079 0.6079 0.6079 0.3892 0.3892 0.6079 0.6079 0.6079 0.6079 0.3892 0.6079 0.3892 0.3892
345 119 139 036 0.3892 0.3892 0.3892 0.6079 0.6079 0.6079 0.3892 0.6079 0.3892 0.3892 0.6079 0.3892 0.3892 0.6079 0.3892 0.3892
119 139 036 053 0.3892 0.6079 0.6079 0.3892 0.3892 0.6079 0.3892 0.6079 0.6079 0.3892 0.3892 0.3892 0.6079 0.6079 0.6079 0.6079
139 036 053 290 0.3892 0.3892 0.3892 0.3892 0.6079 0.3892 0.6079 0.3892 0.6079 0.3892 0.3892 0.6079 0.6079 0.3892 0.3892 0.6079
036 053 290 077 0.6079 0.6079 0.6079 0.6079 0.3892 0.6079 0.6079 0.3892 0.3892 0.3892 0.3892 0.6079 0.6079 0.3892 0.3892 0.6079
053 290 077 151 0.3892 0.6079 0.6079 0.6079 0.3892 0.3892 0.6079 0.6079 0.3892 0.6079 0.3892 0.3892 0.3892 0.6079 0.3892 0.3892
290 077 151 188 0.3892 0.3892 0.3892 0.3892 0.3892 0.3892 0.6079 0.3892 0.3892 0.3892 0.6079 0.3892 0.6079 0.6079 0.6079 0.3892
077 151 188 083 0.6079 0.6079 0.6079 0.3892 0.3892 0.3892 0.3892 0.6079 0.6079 0.3892 0.6079 0.3892 0.6079 0.6079 0.3892 0.3892
151 188 083 271 0.6079 0.3892 0.6079 0.6079 0.6079 0.6079 0.3892 0.6079 0.6079 0.3892 0.6079 0.3892 0.6079 0.6079 0.6079 0.3892
188 083 271 208 0.3892 0.6079 0.3892 0.6079 0.3892 0.6079 0.6079 0.3892 0.6079 0.3892 0.6079 0.6079 0.3892 0.6079 0.3892 0.6079
083 271 208 279 0.3892 0.6079 0.6079 0.3892 0.6079 0.3892 0.3892 0.6079 0.3892 0.6079 0.3892 0.6079 0.6079 0.3892 0.6079 0.6079
271 208 279 088 0.6079 0.6079 0.3892 0.3892 0.6079 0.3892 0.3892 0.6079 0.3892 0.6079 0.6079 0.6079 0.6079 0.3892 0.6079 0.6079
208 279 088 292 0.3892 0.6079 0.3892 0.6079 0.3892 0.6079 0.3892 0.3892 0.3892 0.6079 0.6079 0.6079 0.3892 0.6079 0.6079 0.6079
279 088 292 122 0.3892 0.3892 0.3892 0.6079 0.3892 0.6079 0.6079 0.6079 0.6079 0.3892 0.6079 0.6079 0.3892 0.3892 0.6079 0.6079
088 292 122 023 0.6079 0.6079 0.3892 0.6079 0.3892 0.3892 0.6079 0.6079 0.6079 0.6079 0.6079 0.3892 0.6079 0.3892 0.3892 0.6079
292 122 023 267 0.6079 0.3892 0.6079 0.3892 0.3892 0.6079 0.3892 0.3892 0.3892 0.3892 0.6079 0.6079 0.3892 0.3892 0.3892 0.6079
122 023 267 183 0.3892 0.6079 0.6079 0.6079 0.6079 0.3892 0.3892 0.3892 0.6079 0.6079 0.3892 0.6079 0.3892 0.3892 0.6079 0.6079
023 267 183 336 0.6079 0.6079 0.3892 0.6079 0.3892 0.6079 0.6079 0.6079 0.3892 0.3892 0.6079 0.6079 0.3892 0.3892 0.6079 0.3892
267 183 336 066 0.3892 0.6079 0.6079 0.3892 0.3892 0.3892 0.6079 0.3892 0.3892 0.6079 0.3892 0.6079 0.6079 0.6079 0.3892 0.6079
183 336 066 037 0.6079 0.6079 0.3892 0.3892 0.3892 0.3892 0.6079 0.3892 0.3892 0.3892 0.3892 0.3892 0.3892 0.3892 0.3892 0.6079
336 066 037 127 0.3892 0.3892 0.3892 0.6079 0.3892 0.3892 0.3892 0.3892 0.6079 0.6079 0.6079 0.3892 0.3892 0.6079 0.6079 0.6079
066 037 127 152 0.6079 0.6079 0.6079 0.6079 0.3892 0.3892 0.6079 0.3892 0.3892 0.6079 0.6079 0.3892 0.3892 0.6079 0.3892 0.6079
037 127 152 020 0.3892 0.3892 0.3892 0.3892 0.3892 0.3892 0.3892 0.3892 0.3892 0.6079 0.3892 0.6079 0.3892 0.6079 0.3892 0.3892
127 152 020 160 0.6079 0.3892 0.3892 0.3892 0.3892 0.6079 0.3892 0.3892 0.3892 0.6079 0.3892 0.3892 0.6079 0.3892 0.6079 0.3892
152 020 160 232 0.3892 0.3892 0.6079 0.6079 0.6079 0.6079 0.3892 0.3892 0.6079 0.3892 0.6079 0.3892 0.6079 0.3892 0.3892 0.3892
020 160 232 310 0.6079 0.3892 0.6079 0.6079 0.3892 0.6079 0.3892 0.3892 0.6079 0.3892 0.6079 0.3892 0.6079 0.3892 0.6079 0.3892
160 232 310 167 0.3892 0.6079 0.3892 0.3892 0.3892 0.6079 0.3892 0.3892 0.3892 0.6079 0.3892 0.6079 0.3892 0.3892 0.6079 0.6079
232 310 167 081 0.3892 0.3892 0.6079 0.6079 0.3892 0.6079 0.3892 0.6079 0.3892 0.6079 0.3892 0.6079 0.3892 0.6079 0.3892 0.3892
310 167 081 133 0.3892 0.3892 0.6079 0.6079 0.6079 0.6079 0.3892 0.6079 0.6079 0.6079 0.6079 0.6079 0.3892 0.6079 0.6079 0.3892
167 081 133 320 0.6079 0.3892 0.3892 0.3892 0.6079 0.6079 0.6079 0.6079 0.3892 0.3892 0.6079 0.6079 0.6079 0.3892 0.3892 0.6079
081 133 320 137 0.6079 0.3892 0.3892 0.6079 0.6079 0.3892 0.6079 0.3892 0.6079 0.3892 0.3892 0.3892 0.6079 0.6079 0.3892 0.6079
133 320 137 277 0.3892 0.3892 0.3892 0.3892 0.3892 0.3892 0.3892 0.3892 0.3892 0.3892 0.3892 0.6079 0.3892 0.6079 0.3892 0.6079
320 137 277 204 0.3892 0.3892 0.6079 0.6079 0.6079 0.3892 0.6079 0.3892 0.3892 0.6079 0.3892 0.6079 0.6079 0.3892 0.3892 0.6079
137 277 204 142 0.6079 0.6079 0.3892 0.3892 0.6079 0.3892 0.6079 0.3892 0.3892 0.6079 0.6079 0.6079 0.6079 0.3892 0.3892 0.3892
277 204 142 185 0.3892 0.6079 0.6079 0.6079 0.3892 0.6079 0.6079 0.3892 0.6079 0.3892 0.3892 0.6079 0.6079 0.3892 0.3892 0.6079
204 142 185 256 0.3892 0.3892 0.6079 0.3892 0.6079 0.3892 0.6079 0.6079 0.3892 0.6079 0.6079 0.3892 0.3892 0.6079 0.6079 0.6079
142 185 256 299 0.3892 0.6079 0.6079 0.6079 0.3892 0.3892 0.6079 0.6079 0.6079 0.6079 0.6079 0.6079 0.6079 0.3892 0.6079 0.6079
185 256 299 118 0.6079 0.3892 0.3892 0.6079 0.3892 0.6079 0.3892 0.3892 0.6079 0.3892 0.3892 0.6079 0.6079 0.3892 0.6079 0.6079
256 299 118 241 0.3892 0.6079 0.3892 0.6079 0.6079 0.6079 0.6079 0.3892 0.3892 0.3892 0.6079 0.6079 0.6079 0.6079 0.6079 0.3892
299 118 241 242 0.6079 0.6079 0.6079 0.3892 0.3892 0.6079 0.6079 0.6079 0.6079 0.3892 0.3892 0.3892 0.3892 0.6079 0.6079 0.3892
118 241 242 228 0.6079 0.6079 0.6079 0.6079 0.3892 0.3892 0.6079 0.6079 0.6079 0.3892 0.3892 0.6079 0.6079 0.3892 0.6079 0.6079
241 242 228 123 0.6079 0.3892 0.3892 0.3892 0.3892 0.6079 0.6079 0.6079 0.6079 0.3892 0.6079 0.3892 0.3892 0.6079 0.3892 0.6079
242 228 123 350 0.3892 0.3892 0.6079 0.6079 0.6079 0.3892 0.3892 0.3892 0.3892 0.6079 0.3892 0.3892 0.3892 0.6079 0.6079 0.3892
228 123 350 068 0.6079 0.3892 0.6079 0.3892 0.3892 0.6079 0.6079 0.3892 0.6079 0.6079 0.6079 0.3892 0.6079 0.6079 0.3892 0.3892
123 350 068 161 0.3892 0.3892 0.6079 0.3892 0.3892 0.3892 0.6079 0.6079 0.3892 0.3892 0.3892 0.3892 0.6079 0.6079 0.3892 0.6079
350 068 161 352 0.3892 0.6079 0.3892 0.3892 0.6079 0.6079 0.3892 0.6079 0.3892 0.6079 0.3892 0.6079 0.3892 0.6079 0.3892 0.6079
068 161 352 108 0.3892 0.3892 0.3892 0.3892 0.3892 0.3892 0.3892 0.6079 0.6079 0.3892 0.6079 0.6079 0.6079 0.6079 0.6079 0.3892
161 352 108 215 0.3892 0.3892 0.3892 0.6079 0.6079 0.3892 0.3892 0.6079 0.3892 0.3892 0.6079 0.3892 0.3892 0.3892 0.6079 0.6079
352 108 215 046 0.3892 0.3892 0.3892 0.6079 0.6079 0.3892 0.3892 0.6079 0.6079 0.6079 0.6079 0.6079 0.3892 0.3892 0.6079 0.6079
108 215 046 247 0.6079 0.3892 0.3892 0.3892 0.3892 0.6079 0.3892 0.6079 0.6079 0.3892 0.3892 0.6079 0.3892 0.6079 0.3892 0.3892
215 046 247 229 0.3892 0.6079 0.3892 0.6079 0.6079 0.6079 0.6079 0.3892 0.6079 0.3892 0.6079 0.6079 0.6079 0.6079 0.6079 0.6079
046 247 229 268 0.6079 0.3892 0.3892 0.6079 0.6079 0.6079 0.3892 0.6079 0.6079 0.3892 0.3892 0.3892 0.3892 0.3892 0.6079 0.6079
247 229 268 254 0.6079 0.6079 0.3892 0.6079 0.6079 0.3892 0.6079 0.3892 0.3892 0.3892 0.3892 0.3892 0.6079 0.6079 0.6079 0.3892
229 268 254 028 0.3892 0.3892 0.3892 0.3892 0.3892 0.6079 0.3892 0.6079 0.3892 0.3892 0.3892 0.3892 0.6079 0.6079 0.6079 0.3892
268 254 028 134 0.3892 0.6079 0.3892 0.3892 0.6079 0.6079 0.3892 0.3892 0.3892 0.3892 0.3892 0.3892 0.6079 0.3892 0.3892 0.6079
254 028 134 195 0.6079 0.3892 0.6079 0.3892 0.6079 0.3892 0.3892 0.3892 0.6079 0.6079 0.3892 0.6079 0.3892 0.6079 0.3892 0.3892
028 134 195 182 0.3892 0.3892 0.3892 0.3892 0.3892 0.6079 0.6079 0.6079 0.3892 0.6079 0.3892 0.3892 0.3892 0.3892 0.6079 0.6079
134 195 182 240 0.6079 0.6079 0.3892 0.3892 0.6079 0.6079 0.3892 0.3892 0.3892 0.3892 0.6079 0.6079 0.6079 0.3892 0.6079 0.6079
195 182 240 162 0.3892 0.3892 0.3892 0.6079 0.6079 0.6079 0.3892 0.6079 0.3892 0.3892 0.6079 0.6079 0.3892 0.3892 0.6079 0.3892
182 240 162 297 0.6079 0.6079 0.3892 0.6079 0.3892 0.6079 0.3892 0.3892 0.6079 0.3892 0.6079 0.6079 0.6079 0.3892 0.6079 0.3892
240 162 297 011 0.6079 0.3892 0.3892 0.3892 0.3892 0.6079 0.3892 0.3892 0.3892 0.6079 0.6079 0.6079 0.3892 0.6079 0.3892 0.6079
162 297 011 304 0.3892 0.3892 0.3892 0.6079 0.6079 0.3892 0.3892 0.3892 0.6079 0.3892 0.6079 0.3892 0.6079 0.3892 0.6079 0.3892
297 011 304 196 0.3892 0.6079 0.3892 0.6079 0.3892 0.3892 0.3892 0.6079 0.3892 0.3892 0.3892 0.6079 0.6079 0.3892 0.3892 0.6079
011 304 196 315 0.3892 0.3892 0.6079 0.3892 0.6079 0.6079 0.3892 0.6079 0.3892 0.6079 0.6079 0.3892 0.3892 0.6079 0.3892 0.6079
304 196 315 178 0.6079 0.3892 0.3892 0.6079 0.6079 0.6079 0.6079 0.6079 0.6079 0.6079 0.6079 0.6079 0.3892 0.6079 0.3892 0.6079
196 315 178 227 0.6079 0.6079 0.6079 0.6079 0.6079 0.3892 0.6079 0.6079 0.6079 0.6079 0.6079 0.6079 0.3892 0.6079 0.6079 0.3892
315 178 227 225 0.6079 0.3892 0.3892 0.6079 0.3892 0.3892 0.6079 0.3892 0.6079 0.6079 0.6079 0.3892 0.3892 0.3892 0.6079 0.3892
178 227 225 169 0.3892 0.3892 0.6079 0.3892 0.3892 0.6079 0.6079 0.3892 0.3892 0.6079 0.3892 0.3892 0.3892 0.6079 0.6079 0.3892
227 225 169 143 0.6079 0.6079 0.6079 0.3892 0.6079 0.6079 0.3892 0.3892 0.6079 0.6079 0.3892 0.6079 0.6079 0.6079 0.3892 0.3892
225 169 143 078 0.6079 0.6079 0.3892 0.3892 0.6079 0.6079 0.3892 0.3892 0.6079 0.3892 0.3892 0.6079 0.6079 0.3892 0.6079 0.3892
169 143 078 294 0.6079 0.3892 0.3892 0.3892 0.3892 0.3892 0.3892 0.6079 0.3892 0.6079 0.6079 0.6079 0.3892 0.6079 0.6079 0.6079
143 078 294 218 0.3892 0.3892 0.3892 0.3892 0.3892 0.3892 0.6079 0.6079 0.6079 0.6079 0.6079 0.3892 0.3892 0.6079 0.6079 0.6079
078 294 218 163 0.6079 0.3892 0.3892 0.3892 0.3892 0.3892 0.6079 0.3892 0.3892 0.6079 0.6079 0.3892 0.3892 0.3892 0.3892 0.3892
294 218 163 012 0.3892 0.6079 0.6079 0.3892 0.6079 0.3892 0.3892 0.6079 0.3892 0.3892 0.6079 0.3892 0.6079 0.3892 0.3892 0.3892
218 163 012 333 0.6079 0.6079 0.3892 0.3892 0.3892 0.6079 0.6079 0.6079 0.6079 0.3892 0.3892 0.6079 0.6079 0.3892 0.3892 0.3892
163 012 333 223 0.3892 0.3892 0.3892 0.3892 0.6079 0.3892 0.3892 0.3892 0.3892 0.6079 0.3892 0.3892 0.6079 0.6079 0.6079 0.6079
012 333 223 062 0.3892 0.6079 0.3892 0.6079 0.3892 0.6079 0.6079 0.6079 0.3892 0.6079 0.6079 0.3892 0.3892 0.3892 0.3892 0.3892
333 223 062 110 0.3892 0.3892 0.6079 0.3892 0.3892 0.3892 0.6079 0.3892 0.3892 0.3892 0.3892 0.6079 0.6079 0.3892 0.6079 0.3892
223 062 110 156 0.3892 0.6079 0.3892 0.6079 0.3892 0.6079 0.6079 0.6079 0.3892 0.3892 0.3892 0.6079 0.3892 0.6079 0.6079 0.6079
062 110 156 106 0.6079 0.3892 0.3892 0.3892 0.3892 0.6079 0.6079 0.6079 0.6079 0.6079 0.3892 0.3892 0.6079 0.6079 0.3892 0.6079
110 156 106 121 0.6079 0.3892 0.3892 0.6079 0.6079 0.6079 0.6079 0.3892 0.6079 0.3892 0.6079 0.6079 0.3892 0.6079 0.6079 0.6079
156 106 121 316 0.6079 0.6079 0.6079 0.3892 0.6079 0.3892 0.3892 0.6079 0.3892 0.3892 0.6079 0.3892 0.6079 0.6079 0.3892 0.3892
106 121 316 031 0.3892 0.6079 0.6079 0.6079 0.3892 0.3892 0.3892 0.3892 0.3892 0.6079 0.3892 0.3892 0.3892 0.6079 0.3892 0.3892
121 316 031 202 0.3892 0.6079 0.6079 0.6079 0.6079 0.6079 0.6079 0.6079 0.3892 0.3892 0.3892 0.6079 0.6079 0.6079 0.6079 0.3892
316 031 202 274 0.6079 0.3892 0.3892 0.3892 0.3892 0.6079 0.6079 0.6079 0.3892 0.6079 0.3892 0.3892 0.6079 0.6079 0.3892 0.6079
031 202 274 235 0.6079 0.6079 0.3892 0.3892 0.3892 0.3892 0.3892 0.3892 0.6079 0.6079 0.6079 0.6079 0.6079 0.6079 0.6079 0.3892
202 274 235 038 0.6079 0.6079 0.3892 0.6079 0.6079 0.6079 0.3892 0.6079 0.3892 0.3892 0.3892 0.6079 0.3892 0.6079 0.6079 0.6079
274 235 038 186 0.6079 0.6079 0.3892 0.6079 0.3892 0.3892 0.6079 0.3892 0.3892 0.3892 0.3892 0.3892 0.6079 0.6079 0.3892 0.3892
235 038 186 032 0.6079 0.6079 0.3892 0.3892 0.6079 0.6079 0.3892 0.6079 0.3892 0.3892 0.6079 0.3892 0.6079 0.3892 0.3892 0.6079
038 186 032 042 0.6079 0.6079 0.3892 0.6079 0.3892 0.3892 0.3892 0.6079 0.3892 0.3892 0.3892 0.6079 0.3892 0.6079 0.6079 0.3892
186 032 042 132 0.6079 0.6079 0.6079 0.3892 0.6079 0.3892 0.6079 0.3892 0.6079 0.3892 0.6079 0.6079 0.6079 0.6079 0.6079 0.3892
032 042 132 322 0.3892 0.6079 0.3892 0.6079 0.6079 0.6079 0.6079 0.3892 0.6079 0.6079 0.6079 0.6079 0.6079 0.3892 0.6079 0.6079
042 132 322 044 0.6079 0.6079 0.3892 0.6079 0.3892 0.6079 0.6079 0.6079 0.6079 0.6079 0.3892 0.6079 0.6079 0.3892 0.6079 0.3892
132 322 044 239 0.6079 0.3892 0.3892 0.6079 0.6079 0.6079 0.6079 0.3892 0.3892 0.3892 0.3892 0.6079 0.6079 0.6079 0.6079 0.6079
322 044 239 341 0.6079 0.6079 0.6079 0.6079 0.6079 0.6079 0.3892 0.3892 0.3892 0.3892 0.3892 0.6079 0.6079 0.6079 0.3892 0.6079
044 239 341 236 0.6079 0.6079 0.3892 0.6079 0.3892 0.3892 0.3892 0.6079 0.6079 0.3892 0.3892 0.6079 0.6079 0.3892 0.6079 0.6079
239 341 236 096 0.3892 0.3892 0.3892 0.6079 0.6079 0.6079 0.6079 0.3892 0.3892 0.6079 0.6079 0.6079 0.6079 0.3892 0.3892 0.3892
341 236 096 221 0.6079 0.3892 0.6079 0.3892 0.3892 0.6079 0.6079 0.3892 0.6079 0.6079 0.6079 0.3892 0.3892 0.6079 0.6079 0.3892
236 096 221 212 0.3892 0.3892 0.3892 0.6079 0.3892 0.3892 0.6079 0.3892 0.6079 0.3892 0.3892 0.3892 0.6079 0.6079 0.6079 0.6079
096 221 212 344 0.6079 0.3892 0.3892 0.6079 0.3892 0.3892 0.6079 0.3892 0.6079 0.3892 0.3892 0.3892 0.3892 0.6079 0.3892 0.3892
