356 031684 3
150 287 308 142 0.7153 0.3205 0.7153 0.3205 0.3205 0.3205 0.3205 0.3205 0.7153 0.7153 0.7153 0.3205 0.3205 0.7153 0.3205 0.7153
287 308 142 056 0.3205 0.7153 0.7153 0.7153 0.3205 0.7153 0.7153 0.7153 0.7153 0.7153 0.3205 0.3205 0.3205 0.3205 0.3205 0.3205
308 142 056 137 0.7153 0.7153 0.3205 0.3205 0.7153 0.7153 0.3205 0.3205 0.3205 0.7153 0.3205 0.7153 0.7153 0.3205 0.7153 0.7153
142 056 137 077 0.3205 0.3205 0.3205 0.7153 0.7153 0.7153 0.7153 0.3205 0.7153 0.7153 0.3205 0.3205 0.3205 0.3205 0.3205 0.7153
056 137 077 230 0.7153 0.3205 0.3205 0.7153 0.7153 0.7153 0.3205 0.3205 0.7153 0.3205 0.7153 0.7153 0.7153 0.7153 0.3205 0.3205
137 077 230 162 0.7153 0.7153 0.7153 0.7153 0.3205 0.3205 0.3205 0.3205 0.3205 0.7153 0.7153 0.3205 0.3205 0.7153 0.3205 0.7153
077 230 162 159 0.3205 0.3205 0.3205 0.7153 0.7153 0.3205 0.3205 0.7153 0.7153 0.3205 0.3205 0.3205 0.3205 0.7153 0.3205 0.3205
230 162 159 247 0.3205 0.7153 0.7153 0.3205 0.3205 0.3205 0.3205 0.3205 0.3205 0.3205 0.7153 0.3205 0.3205 0.7153 0.7153 0.7153
162 159 247 133 0.7153 0.3205 0.3205 0.7153 0.7153 0.7153 0.3205 0.3205 0.7153 0.3205 0.7153 0.3205 0.3205 0.3205 0.7153 0.3205
159 247 133 198 0.7153 0.7153 0.7153 0.3205 0.3205 0.3205 0.7153 0.7153 0.3205 0.7153 0.3205 0.3205 0.3205 0.3205 0.3205 0.3205
247 133 198 348 0.7153 0.7153 0.7153 0.3205 0.3205 0.3205 0.3205 0.3205 0.7153 0.7153 0.7153 0.3205 0.3205 0.7153 0.3205 0.3205
133 198 348 238 0.7153 0.3205 0.3205 0.3205 0.7153 0.7153 0.7153 0.3205 0.3205 0.3205 0.7153 0.3205 0.7153 0.3205 0.3205 0.3205
198 348 238 273 0.3205 0.3205 0.3205 0.7153 0.7153 0.7153 0.3205 0.3205 0.7153 0.7153 0.3205 0.7153 0.3205 0.7153 0.7153 0.3205
348 238 273 269 0.3205 0.3205 0.7153 0.7153 0.7153 0.7153 0.7153 0.7153 0.7153 0.3205 0.7153 0.3205 0.3205 0.3205 0.3205 0.3205
238 273 269 173 0.3205 0.7153 0.3205 0.3205 0.7153 0.7153 0.7153 0.7153 0.7153 0.3205 0.7153 0.3205 0.3205 0.7153 0.3205 0.7153
273 269 173 196 0.3205 0.7153 0.3205 0.7153 0.7153 0.3205 0.3205 0.7153 0.7153 0.7153 0.3205 0.7153 0.7153 0.7153 0.3205 0.7153
269 173 196 258 0.3205 0.3205 0.3205 0.7153 0.3205 0.3205 0.3205 0.7153 0.3205 0.3205 0.3205 0.3205 0.3205 0.7153 0.3205 0.7153
173 196 258 323 0.7153 0.7153 0.3205 0.7153 0.7153 0.7153 0.3205 0.3205 0.3205 0.3205 0.3205 0.3205 0.3205 0.7153 0.3205 0.7153
196 258 323 346 0.3205 0.7153 0.7153 0.7153 0.7153 0.7153 0.7153 0.3205 0.3205 0.7153 0.7153 0.3205 0.7153 0.7153 0.3205 0.3205
258 323 346 210 0.3205 0.3205 0.3205 0.7153 0.3205 0.3205 0.7153 0.7153 0.7153 0.7153 0.7153 0.3205 0.7153 0.3205 0.3205 0.3205
323 346 210 005 0.7153 0.7153 0.3205 0.3205 0.7153 0.7153 0.3205 0.7153 0.3205 0.3205 0.7153 0.7153 0.7153 0.3205 0.7153 0.7153
346 210 005 223 0.3205 0.7153 0.3205 0.7153 0.7153 0.7153 0.7153 0.3205 0.3205 0.7153 0.3205 0.3205 0.7153 0.7153 0.3205 0.3205
210 005 223 010 0.3205 0.3205 0.3205 0.3205 0.3205 0.7153 0.7153 0.3205 0.7153 0.3205 0.7153 0.3205 0.7153 0.7153 0.3205 0.7153
005 223 010 086 0.7153 0.3205 0.3205 0.3205 0.7153 0.3205 0.3205 0.3205 0.3205 0.3205 0.7153 0.3205 0.7153 0.3205 0.7153 0.7153
223 010 086 299 0.7153 0.3205 0.7153 0.3205 0.7153 0.7153 0.3205 0.3205 0.7153 0.3205 0.3205 0.7153 0.3205 0.3205 0.3205 0.7153
010 086 299 176 0.3205 0.7153 0.7153 0.7153 0.3205 0.3205 0.7153 0.3205 0.3205 0.7153 0.7153 0.3205 0.3205 0.7153 0.7153 0.3205
086 299 176 071 0.7153 0.3205 0.7153 0.7153 0.7153 0.7153 0.3205 0.3205 0.3205 0.7153 0.3205 0.7153 0.3205 0.7153 0.3205 0.3205
299 176 071 089 0.7153 0.3205 0.7153 0.3205 0.7153 0.7153 0.3205 0.3205 0.3205 0.7153 0.7153 0.3205 0.3205 0.3205 0.7153 0.7153
176 071 089 232 0.3205 0.7153 0.7153 0.3205 0.3205 0.7153 0.7153 0.3205 0.3205 0.3205 0.7153 0.7153 0.7153 0.7153 0.3205 0.3205
071 089 232 016 0.7153 0.3205 0.3205 0.3205 0.3205 0.3205 0.7153 0.7153 0.7153 0.7153 0.3205 0.3205 0.3205 0.7153 0.7153 0.7153
089 232 016 116 0.3205 0.7153 0.3205 0.7153 0.3205 0.7153 0.7153 0.3205 0.7153 0.3205 0.3205 0.3205 0.7153 0.3205 0.3205 0.3205
232 016 116 095 0.7153 0.3205 0.3205 0.7153 0.7153 0.3205 0.3205 0.7153 0.7153 0.3205 0.3205 0.7153 0.7153 0.3205 0.7153 0.3205
016 116 095 281 0.7153 0.3205 0.7153 0.7153 0.7153 0.3205 0.3205 0.3205 0.7153 0.3205 0.7153 0.7153 0.3205 0.3205 0.3205 0.3205
116 095 281 121 0.3205 0.3205 0.7153 0.3205 0.3205 0.3205 0.7153 0.7153 0.3205 0.3205 0.7153 0.7153 0.7153 0.3205 0.7153 0.3205
095 281 121 349 0.7153 0.7153 0.3205 0.7153 0.3205 0.3205 0.7153 0.3205 0.3205 0.7153 0.7153 0.3205 0.3205 0.7153 0.7153 0.3205
281 121 349 185 0.7153 0.3205 0.7153 0.3205 0.7153 0.3205 0.7153 0.3205 0.3205 0.7153 0.7153 0.3205 0.7153 0.3205 0.3205 0.3205
121 349 185 153 0.3205 0.7153 0.7153 0.3205 0.3205 0.7153 0.3205 0.7153 0.3205 0.3205 0.3205 0.3205 0.3205 0.3205 0.3205 0.7153
349 185 153 242 0.3205 0.3205 0.7153 0.7153 0.3205 0.3205 0.7153 0.7153 0.3205 0.3205 0.3205 0.7153 0.7153 0.7153 0.3205 0.3205
185 153 242 217 0.7153 0.7153 0.7153 0.7153 0.7153 0.3205 0.7153 0.7153 0.7153 0.3205 0.3205 0.7153 0.7153 0.7153 0.3205 0.3205
153 242 217 296 0.3205 0.7153 0.7153 0.3205 0.3205 0.3205 0.7153 0.3205 0.3205 0.7153 0.7153 0.3205 0.7153 0.3205 0.3205 0.7153
242 217 296 020 0.3205 0.3205 0.7153 0.7153 0.3205 0.7153 0.3205 0.3205 0.3205 0.3205 0.3205 0.3205 0.7153 0.7153 0.7153 0.7153
217 296 020 047 0.7153 0.3205 0.7153 0.3205 0.7153 0.3205 0.7153 0.3205 0.3205 0.3205 0.7153 0.7153 0.7153 0.7153 0.3205 0.7153
296 020 047 123 0.3205 0.3205 0.7153 0.3205 0.3205 0.3205 0.7153 0.3205 0.7153 0.3205 0.3205 0.7153 0.7153 0.3205 0.7153 0.3205
020 047 123 203 0.7153 0.3205 0.7153 0.7153 0.3205 0.3205 0.3205 0.3205 0.7153 0.3205 0.3205 0.3205 0.7153 0.3205 0.7153 0.7153
047 123 203 264 0.7153 0.7153 0.7153 0.7153 0.7153 0.7153 0.3205 0.7153 0.3205 0.7153 0.3205 0.7153 0.3205 0.3205 0.7153 0.3205
123 203 264 151 0.7153 0.3205 0.3205 0.3205 0.7153 0.3205 0.3205 0.7153 0.7153 0.3205 0.7153 0.7153 0.3205 0.7153 0.3205 0.7153
203 264 151 318 0.3205 0.3205 0.3205 0.7153 0.3205 0.3205 0.7153 0.7153 0.7153 0.7153 0.7153 0.3205 0.7153 0.3205 0.7153 0.3205
264 151 318 338 0.3205 0.3205 0.3205 0.3205 0.3205 0.3205 0.7153 0.7153 0.3205 0.7153 0.3205 0.7153 0.7153 0.3205 0.3205 0.7153
151 318 338 061 0.3205 0.7153 0.3205 0.3205 0.7153 0.7153 0.3205 0.3205 0.3205 0.7153 0.3205 0.7153 0.7153 0.3205 0.7153 0.7153
318 338 061 250 0.7153 0.3205 0.7153 0.3205 0.7153 0.7153 0.7153 0.7153 0.7153 0.3205 0.3205 0.7153 0.7153 0.7153 0.3205 0.7153
338 061 250 081 0.7153 0.7153 0.7153 0.7153 0.7153 0.7153 0.3205 0.3205 0.3205 0.3205 0.7153 0.7153 0.3205 0.3205 0.3205 0.3205
061 250 081 054 0.3205 0.3205 0.7153 0.7153 0.3205 0.3205 0.7153 0.3205 0.7153 0.3205 0.7153 0.7153 0.3205 0.3205 0.3205 0.7153
250 081 054 096 0.3205 0.3205 0.3205 0.3205 0.3205 0.7153 0.7153 0.3205 0.3205 0.3205 0.7153 0.7153 0.7153 0.3205 0.7153 0.3205
081 054 096 174 0.7153 0.3205 0.3205 0.7153 0.7153 0.3205 0.3205 0.3205 0.7153 0.3205 0.3205 0.3205 0.7153 0.7153 0.3205 0.3205
054 096 174 023 0.7153 0.7153 0.7153 0.3205 0.3205 0.7153 0.3205 0.7153 0.3205 0.3205 0.3205 0.7153 0.3205 0.3205 0.3205 0.3205
096 174 023 322 0.3205 0.3205 0.7153 0.7153 0.7153 0.7153 0.3205 0.7153 0.3205 0.7153 0.7153 0.3205 0.3205 0.7153 0.3205 0.3205
174 023 322 193 0.3205 0.7153 0.3205 0.7153 0.7153 0.7153 0.7153 0.3205 0.3205 0.7153 0.3205 0.7153 0.7153 0.7153 0.7153 0.3205
023 322 193 058 0.3205 0.3205 0.3205 0.3205 0.7153 0.3205 0.7153 0.3205 0.7153 0.7153 0.7153 0.3205 0.3205 0.3205 0.3205 0.7153
322 193 058 188 0.3205 0.3205 0.7153 0.7153 0.3205 0.7153 0.3205 0.7153 0.3205 0.3205 0.3205 0.7153 0.7153 0.3205 0.7153 0.3205
193 058 188 327 0.3205 0.3205 0.7153 0.7153 0.7153 0.3205 0.7153 0.7153 0.3205 0.3205 0.3205 0.7153 0.7153 0.3205 0.3205 0.7153
058 188 327 157 0.3205 0.3205 0.3205 0.3205 0.7153 0.3205 0.7153 0.3205 0.7153 0.3205 0.3205 0.7153 0.3205 0.7153 0.7153 0.7153
188 327 157 024 0.7153 0.3205 0.3205 0.7153 0.7153 0.7153 0.7153 0.3205 0.7153 0.3205 0.7153 0.3205 0.3205 0.3205 0.7153 0.3205
327 157 024 244 0.7153 0.7153 0.3205 0.7153 0.3205 0.7153 0.7153 0.7153 0.3205 0.3205 0.7153 0.7153 0.3205 0.7153 0.7153 0.7153
157 024 244 068 0.7153 0.7153 0.3205 0.3205 0.3205 0.3205 0.3205 0.7153 0.7153 0.3205 0.3205 0.3205 0.7153 0.7153 0.7153 0.7153
024 244 068 074 0.3205 0.7153 0.7153 0.7153 0.3205 0.7153 0.7153 0.7153 0.3205 0.7153 0.3205 0.7153 0.3205 0.7153 0.7153 0.7153
244 068 074 060 0.7153 0.7153 0.3205 0.7153 0.7153 0.3205 0.7153 0.7153 0.7153 0.7153 0.7153 0.3205 0.3205 0.3205 0.3205 0.3205
068 074 060 076 0.3205 0.7153 0.3205 0.3205 0.3205 0.3205 0.7153 0.7153 0.7153 0.3205 0.3205 0.3205 0.7153 0.3205 0.3205 0.7153
074 060 076 041 0.3205 0.3205 0.3205 0.3205 0.7153 0.7153 0.3205 0.7153 0.7153 0.7153 0.7153 0.7153 0.7153 0.3205 0.3205 0.3205
060 076 041 292 0.7153 0.3205 0.7153 0.7153 0.3205 0.3205 0.3205 0.7153 0.7153 0.7153 0.3205 0.3205 0.7153 0.7153 0.7153 0.7153
076 041 292 298 0.3205 0.3205 0.3205 0.7153 0.3205 0.3205 0.3205 0.3205 0.7153 0.7153 0.7153 0.3205 0.7153 0.3205 0.7153 0.7153
041 292 298 125 0.7153 0.7153 0.3205 0.3205 0.3205 0.7153 0.7153 0.3205 0.3205 0.7153 0.7153 0.7153 0.7153 0.3205 0.7153 0.7153
292 298 125 334 0.3205 0.7153 0.7153 0.7153 0.3205 0.7153 0.7153 0.7153 0.3205 0.7153 0.3205 0.7153 0.3205 0.3205 0.3205 0.7153
298 125 334 207 0.7153 0.7153 0.7153 0.3205 0.7153 0.3205 0.7153 0.7153 0.3205 0.3205 0.3205 0.7153 0.7153 0.3205 0.3205 0.7153
125 334 207 155 0.7153 0.3205 0.3205 0.7153 0.3205 0.7153 0.3205 0.7153 0.3205 0.3205 0.7153 0.7153 0.3205 0.7153 0.7153 0.3205
334 207 155 190 0.3205 0.3205 0.3205 0.3205 0.7153 0.3205 0.3205 0.3205 0.7153 0.3205 0.7153 0.7153 0.3205 0.7153 0.3205 0.3205
207 155 190 353 0.3205 0.7153 0.7153 0.3205 0.3205 0.7153 0.7153 0.7153 0.7153 0.3205 0.3205 0.7153 0.7153 0.7153 0.7153 0.7153
155 190 353 069 0.7153 0.7153 0.3205 0.3205 0.3205 0.3205 0.7153 0.7153 0.7153 0.7153 0.7153 0.7153 0.3205 0.3205 0.7153 0.3205
190 353 069 149 0.3205 0.3205 0.7153 0.7153 0.3205 0.7153 0.7153 0.7153 0.7153 0.7153 0.7153 0.3205 0.7153 0.7153 0.3205 0.7153
353 069 149 148 0.3205 0.7153 0.7153 0.7153 0.7153 0.7153 0.7153 0.3205 0.7153 0.7153 0.3205 0.7153 0.7153 0.7153 0.7153 0.7153
069 149 148 229 0.7153 0.3205 0.7153 0.7153 0.7153 0.7153 0.7153 0.7153 0.3205 0.3205 0.7153 0.7153 0.7153 0.7153 0.3205 0.3205
149 148 229 019 0.3205 0.7153 0.3205 0.7153 0.7153 0.3205 0.7153 0.3205 0.3205 0.7153 0.7153 0.7153 0.7153 0.7153 0.3205 0.3205
148 229 019 194 0.3205 0.3205 0.3205 0.7153 0.7153 0.7153 0.3205 0.3205 0.7153 0.3205 0.7153 0.3205 0.3205 0.7153 0.3205 0.7153
229 019 194 271 0.7153 0.3205 0.7153 0.3205 0.3205 0.7153 0.7153 0.3205 0.3205 0.7153 0.7153 0.7153 0.3205 0.7153 0.7153 0.7153
019 194 271 228 0.7153 0.3205 0.3205 0.7153 0.7153 0.7153 0.7153 0.3205 0.3205 0.7153 0.7153 0.7153 0.3205 0.7153 0.3205 0.3205
194 271 228 136 0.3205 0.3205 0.3205 0.7153 0.3205 0.7153 0.3205 0.3205 0.7153 0.7153 0.3205 0.3205 0.3205 0.3205 0.3205 0.3205
271 228 136 114 0.7153 0.3205 0.7153 0.3205 0.3205 0.7153 0.3205 0.3205 0.3205 0.7153 0.3205 0.3205 0.7153 0.7153 0.3205 0.7153
228 136 114 085 0.7153 0.7153 0.3205 0.3205 0.3205 0.3205 0.3205 0.3205 0.3205 0.7153 0.3205 0.3205 0.3205 0.3205 0.7153 0.7153
136 114 085 092 0.7153 0.3205 0.3205 0.3205 0.7153 0.3205 0.7153 0.7153 0.3205 0.3205 0.3205 0.7153 0.3205 0.7153 0.3205 0.3205
114 085 092 014 0.3205 0.7153 0.7153 0.7153 0.3205 0.7153 0.7153 0.3205 0.7153 0.3205 0.7153 0.7153 0.3205 0.3205 0.3205 0.3205
085 092 014 195 0.7153 0.7153 0.7153 0.3205 0.3205 0.3205 0.3205 0.7153 0.3205 0.3205 0.7153 0.3205 0.3205 0.7153 0.7153 0.7153
092 014 195 009 0.3205 0.3205 0.7153 0.7153 0.7153 0.7153 0.3205 0.7153 0.3205 0.7153 0.7153 0.7153 0.7153 0.3205 0.3205 0.3205
014 195 009 013 0.3205 0.7153 0.3205 0.3205 0.7153 0.3205 0.3205 0.3205 0.3205 0.7153 0.3205 0.3205 0.7153 0.7153 0.7153 0.7153
195 009 013 154 0.7153 0.3205 0.3205 0.7153 0.3205 0.7153 0.3205 0.3205 0.7153 0.7153 0.3205 0.7153 0.3205 0.7153 0.3205 0.3205
009 013 154 303 0.3205 0.3205 0.7153 0.7153 0.7153 0.7153 0.3205 0.3205 0.3205 0.3205 0.3205 0.7153 0.3205 0.3205 0.3205 0.7153
013 154 303 147 0.7153 0.3205 0.7153 0.3205 0.3205 0.7153 0.3205 0.7153 0.7153 0.3205 0.3205 0.3205 0.3205 0.3205 0.7153 0.7153
154 303 147 192 0.7153 0.3205 0.7153 0.7153 0.3205 0.3205 0.7153 0.3205 0.3205 0.3205 0.7153 0.3205 0.7153 0.3205 0.3205 0.7153
303 147 192 206 0.3205 0.7153 0.7153 0.7153 0.3205 0.7153 0.7153 0.7153 0.3205 0.3205 0.3205 0.7153 0.7153 0.7153 0.3205 0.7153
147 192 206 187 0.7153 0.7153 0.3205 0.3205 0.3205 0.7153 0.3205 0.3205 0.7153 0.7153 0.3205 0.3205 0.7153 0.3205 0.3205 0.3205
192 206 187 007 0.7153 0.7153 0.3205 0.7153 0.3205 0.3205 0.3205 0.7153 0.3205 0.3205 0.7153 0.7153 0.3205 0.3205 0.7153 0.3205
206 187 007 197 0.7153 0.7153 0.7153 0.3205 0.3205 0.7153 0.3205 0.3205 0.3205 0.7153 0.3205 0.7153 0.7153 0.7153 0.7153 0.7153
187 007 197 236 0.7153 0.3205 0.7153 0.7153 0.7153 0.7153 0.3205 0.3205 0.7153 0.7153 0.3205 0.7153 0.3205 0.7153 0.7153 0.7153
007 197 236 062 0.7153 0.7153 0.3205 0.3205 0.3205 0.7153 0.7153 0.3205 0.7153 0.7153 0.3205 0.3205 0.3205 0.7153 0.3205 0.3205
197 236 062 112 0.3205 0.3205 0.7153 0.3205 0.3205 0.7153 0.3205 0.7153 0.3205 0.7153 0.7153 0.7153 0.7153 0.3205 0.7153 0.3205
236 062 112 182 0.3205 0.3205 0.7153 0.7153 0.7153 0.7153 0.7153 0.7153 0.7153 0.7153 0.7153 0.3205 0.3205 0.3205 0.3205 0.7153
062 112 182 347 0.3205 0.3205 0.7153 0.3205 0.7153 0.3205 0.7153 0.3205 0.7153 0.3205 0.7153 0.3205 0.7153 0.7153 0.3205 0.7153
112 182 347 268 0.3205 0.7153 0.3205 0.3205 0.3205 0.3205 0.3205 0.7153 0.3205 0.3205 0.3205 0.3205 0.3205 0.7153 0.7153 0.7153
182 347 268 325 0.7153 0.7153 0.3205 0.3205 0.3205 0.7153 0.3205 0.3205 0.7153 0.3205 0.7153 0.7153 0.3205 0.3205 0.7153 0.7153
347 268 325 300 0.7153 0.3205 0.7153 0.3205 0.3205 0.3205 0.7153 0.7153 0.7153 0.3205 0.3205 0.7153 0.3205 0.7153 0.7153 0.3205
268 325 300 219 0.7153 0.3205 0.7153 0.3205 0.7153 0.7153 0.7153 0.3205 0.7153 0.3205 0.7153 0.7153 0.7153 0.3205 0.3205 0.7153
325 300 219 312 0.3205 0.3205 0.7153 0.3205 0.7153 0.7153 0.3205 0.7153 0.3205 0.3205 0.3205 0.3205 0.7153 0.7153 0.3205 0.3205
300 219 312 237 0.3205 0.7153 0.7153 0.3205 0.7153 0.7153 0.3205 0.3205 0.3205 0.3205 0.3205 0.3205 0.3205 0.7153 0.7153 0.3205
219 312 237 126 0.7153 0.7153 0.7153 0.3205 0.3205 0.3205 0.7153 0.3205 0.3205 0.3205 0.7153 0.3205 0.7153 0.7153 0.7153 0.7153
312 237 126 128 0.7153 0.3205 0.7153 0.3205 0.3205 0.7153 0.3205 0.3205 0.3205 0.3205 0.3205 0.3205 0.3205 0.3205 0.7153 0.3205
237 126 128 146 0.3205 0.7153 0.3205 0.3205 0.7153 0.7153 0.7153 0.7153 0.3205 0.7153 0.3205 0.7153 0.3205 0.7153 0.7153 0.7153
126 128 146 342 0.7153 0.7153 0.7153 0.7153 0.7153 0.7153 0.7153 0.3205 0.7153 0.7153 0.3205 0.3205 0.7153 0.3205 0.3205 0.7153
128 146 342 003 0.3205 0.7153 0.3205 0.3205 0.3205 0.3205 0.7153 0.7153 0.7153 0.7153 0.3205 0.7153 0.7153 0.7153 0.3205 0.7153
146 342 003 241 0.3205 0.3205 0.3205 0.7153 0.3205 0.3205 0.7153 0.7153 0.7153 0.3205 0.7153 0.3205 0.7153 0.7153 0.3205 0.7153
342 003 241 103 0.7153 0.7153 0.7153 0.7153 0.3205 0.7153 0.3205 0.7153 0.3205 0.7153 0.7153 0.7153 0.7153 0.7153 0.3205 0.3205
003 241 103 017 0.3205 0.3205 0.7153 0.7153 0.7153 0.3205 0.7153 0.7153 0.7153 0.7153 0.3205 0.3205 0.7153 0.3205 0.7153 0.3205
241 103 017 330 0.3205 0.7153 0.3205 0.7153 0.3205 0.3205 0.3205 0.7153 0.3205 0.7153 0.7153 0.7153 0.7153 0.3205 0.3205 0.7153
103 017 330 091 0.7153 0.7153 0.7153 0.3205 0.7153 0.3205 0.3205 0.3205 0.3205 0.7153 0.3205 0.3205 0.3205 0.3205 0.7153 0.3205
017 330 091 345 0.3205 0.3205 0.3205 0.7153 0.3205 0.3205 0.3205 0.3205 0.7153 0.3205 0.3205 0.7153 0.3205 0.3205 0.3205 0.3205
330 091 345 178 0.7153 0.3205 0.7153 0.7153 0.7153 0.7153 0.3205 0.3205 0.3205 0.3205 0.3205 0.7153 0.3205 0.3205 0.3205 0.3205
091 345 178 021 0.3205 0.3205 0.7153 0.3205 0.7153 0.7153 0.7153 0.7153 0.7153 0.7153 0.7153 0.3205 0.3205 0.3205 0.3205 0.7153
345 178 021 233 0.3205 0.7153 0.3205 0.7153 0.7153 0.3205 0.3205 0.3205 0.7153 0.7153 0.3205 0.7153 0.3205 0.7153 0.3205 0.3205
178 021 233 028 0.7153 0.7153 0.7153 0.7153 0.3205 0.7153 0.3205 0.3205 0.7153 0.3205 0.7153 0.3205 0.7153 0.7153 0.7153 0.3205
021 233 028 102 0.3205 0.7153 0.7153 0.7153 0.7153 0.7153 0.7153 0.3205 0.3205 0.3205 0.7153 0.3205 0.7153 0.3205 0.7153 0.7153
233 028 102 344 0.7153 0.3205 0.7153 0.3205 0.7153 0.3205 0.3205 0.7153 0.7153 0.3205 0.7153 0.3205 0.7153 0.7153 0.3205 0.7153
028 102 344 320 0.3205 0.3205 0.7153 0.3205 0.7153 0.3205 0.3205 0.7153 0.3205 0.3205 0.7153 0.7153 0.3205 0.3205 0.3205 0.3205
102 344 320 051 0.7153 0.7153 0.3205 0.3205 0.3205 0.7153 0.3205 0.3205 0.3205 0.7153 0.3205 0.3205 0.7153 0.3205 0.3205 0.7153
344 320 051 161 0.7153 0.3205 0.3205 0.7153 0.7153 0.3205 0.7153 0.3205 0.3205 0.7153 0.3205 0.7153 0.3205 0.3205 0.3205 0.3205
320 051 161 270 0.3205 0.3205 0.3205 0.3205 0.7153 0.7153 0.7153 0.7153 0.3205 0.3205 0.7153 0.3205 0.3205 0.7153 0.3205 0.3205
051 161 270 319 0.7153 0.3205 0.3205 0.7153 0.7153 0.7153 0.3205 0.3205 0.3205 0.7153 0.3205 0.7153 0.7153 0.3205 0.7153 0.3205
161 270 319 000 0.7153 0.7153 0.3205 0.7153 0.7153 0.7153 0.7153 0.3205 0.3205 0.3205 0.3205 0.3205 0.3205 0.3205 0.3205 0.7153
270 319 000 324 0.3205 0.7153 0.7153 0.3205 0.7153 0.7153 0.7153 0.7153 0.3205 0.7153 0.3205 0.7153 0.7153 0.7153 0.7153 0.3205
319 000 324 101 0.3205 0.3205 0.7153 0.3205 0.3205 0.3205 0.7153 0.7153 0.3205 0.7153 0.3205 0.3205 0.3205 0.7153 0.7153 0.3205
000 324 101 252 0.7153 0.3205 0.3205 0.7153 0.7153 0.3205 0.3205 0.3205 0.7153 0.7153 0.7153 0.7153 0.7153 0.3205 0.7153 0.3205
324 101 252 200 0.7153 0.7153 0.7153 0.3205 0.3205 0.3205 0.7153 0.7153 0.7153 0.3205 0.3205 0.7153 0.3205 0.3205 0.7153 0.7153
101 252 200 224 0.7153 0.3205 0.3205 0.7153 0.3205 0.7153 0.7153 0.7153 0.3205 0.7153 0.7153 0.7153 0.3205 0.7153 0.3205 0.7153
252 200 224 209 0.7153 0.3205 0.7153 0.7153 0.3205 0.7153 0.7153 0.3205 0.3205 0.7153 0.3205 0.3205 0.7153 0.3205 0.7153 0.7153
200 224 209 226 0.7153 0.7153 0.3205 0.3205 0.7153 0.7153 0.7153 0.7153 0.3205 0.3205 0.3205 0.3205 0.3205 0.3205 0.3205 0.3205
224 209 226 067 0.3205 0.3205 0.7153 0.7153 0.7153 0.3205 0.3205 0.7153 0.7153 0.7153 0.3205 0.7153 0.7153 0.7153 0.7153 0.3205
209 226 067 246 0.3205 0.7153 0.7153 0.3205 0.7153 0.3205 0.7153 0.3205 0.7153 0.7153 0.7153 0.3205 0.7153 0.3205 0.7153 0.3205
226 067 246 038 0.7153 0.7153 0.3205 0.3205 0.7153 0.7153 0.7153 0.3205 0.7153 0.7153 0.7153 0.3205 0.7153 0.7153 0.7153 0.3205
067 246 038 118 0.3205 0.3205 0.7153 0.3205 0.7153 0.7153 0.7153 0.7153 0.3205 0.7153 0.7153 0.7153 0.7153 0.7153 0.7153 0.7153
246 038 118 355 0.7153 0.3205 0.3205 0.3205 0.7153 0.7153 0.3205 0.3205 0.3205 0.7153 0.7153 0.3205 0.3205 0.7153 0.7153 0.7153
038 118 355 256 0.7153 0.3205 0.3205 0.7153 0.7153 0.7153 0.7153 0.7153 0.7153 0.3205 0.3205 0.3205 0.3205 0.3205 0.7153 0.3205
118 355 256 286 0.3205 0.3205 0.7153 0.3205 0.3205 0.7153 0.3205 0.7153 0.3205 0.7153 0.7153 0.7153 0.7153 0.3205 0.3205 0.3205
355 256 286 172 0.3205 0.7153 0.3205 0.7153 0.7153 0.3205 0.7153 0.3205 0.7153 0.3205 0.7153 0.7153 0.3205 0.3205 0.3205 0.3205
256 286 172 106 0.3205 0.7153 0.7153 0.7153 0.3205 0.7153 0.7153 0.7153 0.7153 0.3205 0.7153 0.7153 0.7153 0.3205 0.3205 0.7153
286 172 106 045 0.3205 0.7153 0.3205 0.7153 0.7153 0.3205 0.7153 0.3205 0.7153 0.3205 0.3205 0.7153 0.7153 0.3205 0.7153 0.7153
172 106 045 291 0.3205 0.7153 0.7153 0.3205 0.7153 0.7153 0.3205 0.7153 0.3205 0.3205 0.7153 0.3205 0.7153 0.3205 0.7153 0.3205
106 045 291 134 0.3205 0.3205 0.3205 0.3205 0.3205 0.7153 0.3205 0.7153 0.7153 0.7153 0.7153 0.7153 0.3205 0.3205 0.7153 0.7153
045 291 134 145 0.3205 0.7153 0.7153 0.7153 0.3205 0.3205 0.3205 0.7153 0.7153 0.3205 0.7153 0.7153 0.7153 0.3205 0.7153 0.3205
291 134 145 109 0.3205 0.7153 0.7153 0.3205 0.3205 0.7153 0.7153 0.7153 0.3205 0.7153 0.3205 0.3205 0.7153 0.3205 0.3205 0.7153
134 145 109 225 0.3205 0.7153 0.3205 0.3205 0.7153 0.7153 0.3205 0.3205 0.7153 0.3205 0.3205 0.7153 0.3205 0.7153 0.3205 0.7153
145 109 225 295 0.3205 0.7153 0.3205 0.3205 0.7153 0.7153 0.3205 0.7153 0.7153 0.7153 0.7153 0.3205 0.3205 0.3205 0.3205 0.7153
109 225 295 337 0.7153 0.3205 0.7153 0.3205 0.7153 0.3205 0.3205 0.3205 0.3205 0.7153 0.7153 0.7153 0.7153 0.3205 0.3205 0.7153
225 295 337 201 0.7153 0.3205 0.3205 0.7153 0.7153 0.7153 0.3205 0.3205 0.7153 0.3205 0.7153 0.7153 0.3205 0.3205 0.7153 0.3205
295 337 201 115 0.7153 0.3205 0.3205 0.7153 0.7153 0.3205 0.3205 0.7153 0.7153 0.3205 0.3205 0.7153 0.3205 0.3205 0.3205 0.3205
337 201 115 064 0.3205 0.7153 0.3205 0.7153 0.3205 0.7153 0.3205 0.7153 0.7153 0.3205 0.7153 0.7153 0.7153 0.3205 0.7153 0.7153
201 115 064 277 0.3205 0.7153 0.7153 0.3205 0.3205 0.3205 0.3205 0.3205 0.3205 0.7153 0.3205 0.7153 0.7153 0.7153 0.7153 0.7153
115 064 277 352 0.7153 0.7153 0.3205 0.3205 0.7153 0.7153 0.3205 0.3205 0.7153 0.3205 0.3205 0.3205 0.7153 0.3205 0.3205 0.7153
064 277 352 055 0.7153 0.7153 0.3205 0.7153 0.7153 0.3205 0.7153 0.3205 0.7153 0.3205 0.7153 0.7153 0.7153 0.7153 0.3205 0.3205
277 352 055 280 0.3205 0.3205 0.7153 0.3205 0.3205 0.3205 0.7153 0.3205 0.7153 0.7153 0.3205 0.7153 0.3205 0.3205 0.3205 0.7153
352 055 280 097 0.7153 0.7153 0.3205 0.7153 0.3205 0.3205 0.7153 0.7153 0.7153 0.3205 0.7153 0.7153 0.3205 0.3205 0.7153 0.7153
055 280 097 184 0.3205 0.7153 0.7153 0.7153 0.7153 0.7153 0.7153 0.3205 0.3205 0.7153 0.7153 0.3205 0.3205 0.7153 0.3205 0.7153
280 097 184 078 0.3205 0.3205 0.7153 0.7153 0.7153 0.3205 0.7153 0.3205 0.7153 0.7153 0.3205 0.7153 0.3205 0.3205 0.7153 0.7153
097 184 078 215 0.3205 0.7153 0.3205 0.7153 0.7153 0.7153 0.7153 0.7153 0.3205 0.7153 0.3205 0.7153 0.7153 0.3205 0.3205 0.7153
184 078 215 314 0.3205 0.3205 0.7153 0.3205 0.3205 0.7153 0.7153 0.7153 0.3205 0.3205 0.7153 0.7153 0.7153 0.3205 0.3205 0.3205
078 215 314 165 0.3205 0.3205 0.3205 0.7153 0.7153 0.3205 0.3205 0.3205 0.7153 0.3205 0.7153 0.7153 0.3205 0.7153 0.7153 0.7153
215 314 165 048 0.7153 0.7153 0.7153 0.7153 0.7153 0.7153 0.7153 0.3205 0.3205 0.7153 0.3205 0.3205 0.7153 0.3205 0.7153 0.3205
314 165 048 135 0.3205 0.3205 0.3205 0.3205 0.7153 0.3205 0.3205 0.3205 0.7153 0.3205 0.7153 0.7153 0.7153 0.3205 0.7153 0.3205
165 048 135 204 0.7153 0.7153 0.7153 0.7153 0.3205 0.7153 0.7153 0.3205 0.3205 0.3205 0.7153 0.3205 0.3205 0.7153 0.3205 0.3205
048 135 204 279 0.3205 0.3205 0.7153 0.3205 0.3205 0.3205 0.7153 0.7153 0.3205 0.3205 0.3205 0.3205 0.3205 0.3205 0.3205 0.3205
135 204 279 012 0.7153 0.7153 0.3205 0.3205 0.3205 0.7153 0.3205 0.7153 0.7153 0.7153 0.3205 0.3205 0.3205 0.7153 0.3205 0.3205
204 279 012 027 0.3205 0.3205 0.3205 0.7153 0.3205 0.3205 0.7153 0.7153 0.3205 0.7153 0.3205 0.7153 0.7153 0.7153 0.3205 0.3205
279 012 027 266 0.3205 0.3205 0.3205 0.3205 0.7153 0.7153 0.3205 0.7153 0.3205 0.3205 0.3205 0.3205 0.7153 0.7153 0.3205 0.7153
012 027 266 253 0.3205 0.3205 0.3205 0.7153 0.3205 0.3205 0.3205 0.3205 0.7153 0.3205 0.7153 0.7153 0.3205 0.3205 0.3205 0.7153
027 266 253 152 0.3205 0.7153 0.7153 0.3205 0.7153 0.7153 0.3205 0.3205 0.3205 0.3205 0.7153 0.7153 0.7153 0.7153 0.3205 0.3205
266 253 152 289 0.3205 0.3205 0.3205 0.3205 0.7153 0.3205 0.7153 0.7153 0.3205 0.3205 0.7153 0.3205 0.3205 0.7153 0.7153 0.7153
253 152 289 227 0.7153 0.3205 0.7153 0.3205 0.7153 0.3205 0.7153 0.3205 0.7153 0.7153 0.3205 0.7153 0.7153 0.3205 0.3205 0.3205
152 289 227 164 0.7153 0.3205 0.7153 0.7153 0.3205 0.7153 0.7153 0.7153 0.3205 0.7153 0.7153 0.3205 0.3205 0.3205 0.3205 0.7153
289 227 164 263 0.7153 0.7153 0.7153 0.7153 0.7153 0.3205 0.3205 0.7153 0.7153 0.7153 0.7153 0.7153 0.7153 0.7153 0.7153 0.7153
227 164 263 046 0.7153 0.3205 0.7153 0.7153 0.7153 0.7153 0.3205 0.7153 0.7153 0.3205 0.3205 0.3205 0.7153 0.3205 0.7153 0.3205
164 263 046 100 0.3205 0.3205 0.7153 0.3205 0.7153 0.3205 0.3205 0.3205 0.7153 0.7153 0.3205 0.7153 0.3205 0.3205 0.7153 0.7153
263 046 100 294 0.3205 0.7153 0.7153 0.7153 0.3205 0.7153 0.3205 0.3205 0.7153 0.3205 0.7153 0.7153 0.7153 0.3205 0.3205 0.7153
046 100 294 235 0.7153 0.3205 0.7153 0.7153 0.7153 0.7153 0.7153 0.3205 0.7153 0.7153 0.3205 0.3205 0.7153 0.7153 0.3205 0.7153
100 294 235 108 0.7153 0.3205 0.7153 0.7153 0.3205 0.3205 0.3205 0.3205 0.7153 0.3205 0.3205 0.7153 0.7153 0.7153 0.3205 0.7153
294 235 108 254 0.3205 0.3205 0.7153 0.7153 0.7153 0.3205 0.3205 0.3205 0.3205 0.7153 0.7153 0.3205 0.3205 0.7153 0.3205 0.3205
235 108 254 130 0.7153 0.3205 0.3205 0.3205 0.7153 0.7153 0.7153 0.7153 0.3205 0.3205 0.3205 0.3205 0.3205 0.3205 0.7153 0.7153
108 254 130 025 0.7153 0.7153 0.7153 0.7153 0.7153 0.3205 0.3205 0.7153 0.3205 0.7153 0.7153 0.7153 0.7153 0.3205 0.7153 0.3205
254 130 025 214 0.7153 0.3205 0.7153 0.7153 0.3205 0.7153 0.3205 0.7153 0.7153 0.3205 0.3205 0.3205 0.3205 0.7153 0.3205 0.3205
130 025 214 265 0.7153 0.3205 0.3205 0.3205 0.7153 0.3205 0.7153 0.3205 0.7153 0.7153 0.3205 0.7153 0.3205 0.7153 0.7153 0.3205
025 214 265 094 0.3205 0.3205 0.7153 0.7153 0.3205 0.7153 0.7153 0.3205 0.3205 0.7153 0.3205 0.7153 0.3205 0.3205 0.7153 0.3205
214 265 094 239 0.7153 0.3205 0.3205 0.3205 0.3205 0.7153 0.7153 0.7153 0.7153 0.7153 0.7153 0.7153 0.3205 0.3205 0.3205 0.3205
265 094 239 191 0.3205 0.7153 0.7153 0.3205 0.7153 0.3205 0.7153 0.3205 0.7153 0.7153 0.3205 0.3205 0.3205 0.3205 0.3205 0.3205
094 239 191 083 0.7153 0.7153 0.7153 0.3205 0.7153 0.7153 0.7153 0.7153 0.3205 0.7153 0.7153 0.3205 0.3205 0.3205 0.7153 0.3205
239 191 083 124 0.7153 0.3205 0.3205 0.3205 0.7153 0.3205 0.7153 0.3205 0.7153 0.3205 0.3205 0.7153 0.3205 0.7153 0.3205 0.3205
191 083 124 317 0.3205 0.7153 0.7153 0.7153 0.3205 0.3205 0.7153 0.3205 0.3205 0.7153 0.3205 0.3205 0.3205 0.7153 0.7153 0.7153
083 124 317 183 0.3205 0.7153 0.3205 0.7153 0.3205 0.3205 0.7153 0.3205 0.7153 0.3205 0.7153 0.7153 0.3205 0.7153 0.7153 0.7153
124 317 183 274 0.7153 0.7153 0.3205 0.3205 0.7153 0.7153 0.3205 0.7153 0.7153 0.3205 0.7153 0.3205 0.3205 0.3205 0.7153 0.7153
317 183 274 283 0.7153 0.7153 0.3205 0.7153 0.3205 0.7153 0.7153 0.3205 0.7153 0.3205 0.7153 0.3205 0.7153 0.7153 0.7153 0.3205
183 274 283 240 0.3205 0.3205 0.7153 0.3205 0.7153 0.7153 0.7153 0.7153 0.7153 0.3205 0.7153 0.7153 0.7153 0.3205 0.3205 0.3205
274 283 240 098 0.3205 0.7153 0.3205 0.3205 0.3205 0.3205 0.7153 0.7153 0.3205 0.3205 0.3205 0.7153 0.3205 0.7153 0.7153 0.3205
283 240 098 354 0.7153 0.3205 0.3205 0.7153 0.3205 0.3205 0.7153 0.7153 0.7153 0.7153 0.3205 0.3205 0.7153 0.7153 0.7153 0.3205
240 098 354 037 0.7153 0.7153 0.3205 0.3205 0.3205 0.7153 0.3205 0.3205 0.3205 0.3205 0.7153 0.3205 0.3205 0.7153 0.7153 0.7153
098 354 037 339 0.3205 0.7153 0.7153 0.7153 0.3205 0.7153 0.3205 0.7153 0.3205 0.3205 0.7153 0.3205 0.3205 0.7153 0.7153 0.3205
354 037 339 034 0.7153 0.7153 0.7153 0.3205 0.7153 0.7153 0.3205 0.7153 0.3205 0.3205 0.3205 0.7153 0.7153 0.3205 0.3205 0.3205
037 339 034 309 0.7153 0.3205 0.3205 0.7153 0.3205 0.7153 0.3205 0.3205 0.3205 0.7153 0.3205 0.3205 0.7153 0.3205 0.3205 0.7153
339 034 309 120 0.7153 0.7153 0.3205 0.3205 0.3205 0.3205 0.7153 0.7153 0.7153 0.7153 0.7153 0.3205 0.7153 0.7153 0.3205 0.7153
034 309 120 171 0.3205 0.7153 0.7153 0.3205 0.3205 0.3205 0.7153 0.7153 0.7153 0.7153 0.7153 0.3205 0.7153 0.7153 0.3205 0.3205
309 120 171 231 0.7153 0.7153 0.3205 0.7153 0.3205 0.7153 0.3205 0.3205 0.7153 0.7153 0.3205 0.3205 0.7153 0.7153 0.3205 0.3205
120 171 231 278 0.3205 0.7153 0.7153 0.3205 0.3205 0.3205 0.3205 0.7153 0.7153 0.7153 0.7153 0.3205 0.3205 0.3205 0.3205 0.7153
171 231 278 166 0.3205 0.3205 0.7153 0.7153 0.3205 0.7153 0.3205 0.3205 0.3205 0.3205 0.7153 0.7153 0.3205 0.3205 0.3205 0.3205
231 278 166 104 0.7153 0.7153 0.7153 0.7153 0.3205 0.3205 0.3205 0.7153 0.7153 0.3205 0.7153 0.3205 0.3205 0.3205 0.7153 0.7153
278 166 104 329 0.7153 0.3205 0.7153 0.7153 0.3205 0.7153 0.3205 0.7153 0.3205 0.7153 0.3205 0.7153 0.3205 0.3205 0.3205 0.3205
166 104 329 180 0.7153 0.3205 0.3205 0.7153 0.3205 0.7153 0.7153 0.3205 0.3205 0.7153 0.3205 0.3205 0.3205 0.7153 0.7153 0.7153
104 329 180 285 0.3205 0.7153 0.3205 0.7153 0.3205 0.7153 0.7153 0.7153 0.7153 0.3205 0.7153 0.7153 0.7153 0.7153 0.7153 0.3205
329 180 285 001 0.3205 0.7153 0.7153 0.3205 0.7153 0.3205 0.3205 0.7153 0.7153 0.7153 0.3205 0.7153 0.3205 0.7153 0.7153 0.3205
180 285 001 260 0.3205 0.7153 0.7153 0.3205 0.7153 0.3205 0.3205 0.7153 0.7153 0.7153 0.7153 0.3205 0.3205 0.7153 0.7153 0.3205
285 001 260 052 0.3205 0.7153 0.3205 0.3205 0.7153 0.7153 0.3205 0.3205 0.7153 0.3205 0.7153 0.3205 0.7153 0.3205 0.7153 0.3205
001 260 052 255 0.3205 0.3205 0.3205 0.3205 0.7153 0.3205 0.7153 0.3205 0.7153 0.7153 0.3205 0.3205 0.3205 0.3205 0.3205 0.7153
260 052 255 302 0.3205 0.7153 0.7153 0.3205 0.7153 0.7153 0.3205 0.7153 0.7153 0.7153 0.7153 0.3205 0.7153 0.7153 0.7153 0.7153
052 255 302 343 0.7153 0.3205 0.3205 0.3205 0.3205 0.7153 0.3205 0.7153 0.3205 0.3205 0.3205 0.7153 0.7153 0.7153 0.3205 0.7153
255 302 343 015 0.3205 0.7153 0.3205 0.7153 0.7153 0.7153 0.7153 0.3205 0.3205 0.7153 0.7153 0.3205 0.7153 0.7153 0.7153 0.3205
302 343 015 138 0.7153 0.7153 0.3205 0.7153 0.7153 0.7153 0.3205 0.3205 0.3205 0.3205 0.7153 0.7153 0.7153 0.7153 0.7153 0.7153
343 015 138 139 0.7153 0.3205 0.3205 0.7153 0.3205 0.7153 0.3205 0.7153 0.7153 0.7153 0.3205 0.3205 0.7153 0.7153 0.7153 0.3205
015 138 139 305 0.7153 0.7153 0.3205 0.3205 0.7153 0.7153 0.7153 0.3205 0.3205 0.7153 0.3205 0.7153 0.3205 0.7153 0.7153 0.3205
138 139 305 080 0.3205 0.3205 0.7153 0.3205 0.7153 0.7153 0.7153 0.7153 0.7153 0.3205 0.3205 0.7153 0.3205 0.3205 0.3205 0.3205
139 305 080 301 0.3205 0.7153 0.3205 0.3205 0.3205 0.7153 0.3205 0.3205 0.7153 0.7153 0.3205 0.3205 0.7153 0.3205 0.7153 0.3205
305 080 301 140 0.7153 0.3205 0.3205 0.7153 0.3205 0.7153 0.7153 0.3205 0.7153 0.7153 0.3205 0.3205 0.7153 0.7153 0.3205 0.3205
080 301 140 333 0.3205 0.7153 0.7153 0.7153 0.3205 0.3205 0.7153 0.3205 0.3205 0.7153 0.7153 0.7153 0.7153 0.3205 0.7153 0.7153
301 140 333 213 0.3205 0.3205 0.7153 0.3205 0.7153 0.3205 0.7153 0.7153 0.7153 0.7153 0.3205 0.3205 0.7153 0.7153 0.3205 0.3205
140 333 213 129 0.7153 0.7153 0.7153 0.7153 0.3205 0.7153 0.3205 0.7153 0.3205 0.7153 0.7153 0.3205 0.3205 0.7153 0.3205 0.3205
333 213 129 331 0.7153 0.3205 0.7153 0.3205 0.7153 0.7153 0.7153 0.7153 0.7153 0.3205 0.7153 0.3205 0.3205 0.3205 0.3205 0.7153
213 129 331 282 0.7153 0.3205 0.3205 0.7153 0.7153 0.7153 0.3205 0.7153 0.3205 0.7153 0.3205 0.3205 0.7153 0.7153 0.3205 0.3205
129 331 282 304 0.7153 0.3205 0.3205 0.7153 0.7153 0.3205 0.3205 0.7153 0.7153 0.7153 0.3205 0.3205 0.3205 0.7153 0.7153 0.3205
331 282 304 141 0.3205 0.7153 0.7153 0.7153 0.7153 0.7153 0.7153 0.7153 0.3205 0.7153 0.7153 0.3205 0.3205 0.3205 0.3205 0.3205
282 304 141 043 0.3205 0.3205 0.3205 0.3205 0.3205 0.7153 0.7153 0.3205 0.3205 0.7153 0.3205 0.7153 0.7153 0.3205 0.3205 0.3205
304 141 043 111 0.3205 0.7153 0.7153 0.7153 0.7153 0.7153 0.3205 0.3205 0.7153 0.7153 0.3205 0.3205 0.7153 0.3205 0.7153 0.7153
141 043 111 307 0.7153 0.3205 0.3205 0.7153 0.3205 0.7153 0.7153 0.3205 0.7153 0.3205 0.7153 0.7153 0.7153 0.3205 0.3205 0.3205
043 111 307 199 0.7153 0.7153 0.3205 0.3205 0.7153 0.3205 0.7153 0.3205 0.7153 0.7153 0.3205 0.7153 0.7153 0.3205 0.3205 0.7153
111 307 199 249 0.7153 0.3205 0.7153 0.7153 0.3205 0.7153 0.7153 0.3205 0.3205 0.3205 0.7153 0.3205 0.7153 0.3205 0.3205 0.7153
307 199 249 057 0.7153 0.7153 0.3205 0.7153 0.3205 0.7153 0.7153 0.7153 0.3205 0.3205 0.7153 0.7153 0.7153 0.3205 0.7153 0.3205
199 249 057 259 0.3205 0.7153 0.3205 0.7153 0.7153 0.3205 0.7153 0.7153 0.3205 0.3205 0.3205 0.7153 0.3205 0.3205 0.3205 0.3205
249 057 259 168 0.3205 0.7153 0.3205 0.7153 0.3205 0.7153 0.7153 0.7153 0.3205 0.7153 0.7153 0.3205 0.7153 0.7153 0.3205 0.3205
057 259 168 245 0.3205 0.7153 0.7153 0.7153 0.3205 0.7153 0.7153 0.3205 0.7153 0.7153 0.3205 0.7153 0.3205 0.3205 0.7153 0.7153
259 168 245 261 0.3205 0.7153 0.3205 0.7153 0.7153 0.7153 0.7153 0.7153 0.3205 0.7153 0.3205 0.3205 0.3205 0.3205 0.3205 0.3205
168 245 261 218 0.3205 0.7153 0.7153 0.3205 0.3205 0.7153 0.7153 0.3205 0.3205 0.3205 0.3205 0.3205 0.7153 0.7153 0.7153 0.7153
245 261 218 099 0.7153 0.3205 0.3205 0.3205 0.3205 0.3205 0.3205 0.7153 0.3205 0.7153 0.7153 0.3205 0.3205 0.3205 0.3205 0.3205
261 218 099 044 0.3205 0.7153 0.3205 0.3205 0.7153 0.3205 0.7153 0.7153 0.7153 0.3205 0.7153 0.3205 0.7153 0.7153 0.3205 0.7153
218 099 044 006 0.3205 0.3205 0.3205 0.7153 0.3205 0.7153 0.3205 0.7153 0.7153 0.3205 0.3205 0.3205 0.7153 0.7153 0.7153 0.3205
099 044 006 313 0.3205 0.3205 0.7153 0.7153 0.3205 0.3205 0.7153 0.7153 0.7153 0.7153 0.3205 0.3205 0.7153 0.7153 0.7153 0.7153
044 006 313 042 0.7153 0.3205 0.7153 0.7153 0.7153 0.7153 0.7153 0.3205 0.3205 0.3205 0.3205 0.3205 0.7153 0.3205 0.7153 0.3205
006 313 042 049 0.3205 0.7153 0.3205 0.7153 0.7153 0.3205 0.7153 0.7153 0.7153 0.3205 0.3205 0.7153 0.7153 0.7153 0.3205 0.7153
313 042 049 315 0.3205 0.7153 0.7153 0.7153 0.7153 0.3205 0.7153 0.3205 0.7153 0.7153 0.7153 0.3205 0.3205 0.3205 0.3205 0.3205
042 049 315 018 0.7153 0.7153 0.7153 0.7153 0.7153 0.7153 0.7153 0.7153 0.7153 0.7153 0.7153 0.7153 0.3205 0.3205 0.7153 0.3205
049 315 018 073 0.3205 0.3205 0.3205 0.3205 0.3205 0.7153 0.3205 0.7153 0.7153 0.3205 0.3205 0.7153 0.7153 0.3205 0.7153 0.7153
315 018 073 093 0.3205 0.3205 0.3205 0.7153 0.7153 0.3205 0.3205 0.7153 0.7153 0.7153 0.7153 0.3205 0.7153 0.7153 0.3205 0.7153
018 073 093 222 0.7153 0.3205 0.3205 0.3205 0.3205 0.7153 0.7153 0.7153 0.7153 0.7153 0.3205 0.7153 0.3205 0.3205 0.3205 0.3205
073 093 222 335 0.7153 0.7153 0.7153 0.3205 0.7153 0.7153 0.7153 0.7153 0.7153 0.3205 0.7153 0.3205 0.3205 0.7153 0.7153 0.7153
093 222 335 169 0.7153 0.3205 0.7153 0.3205 0.3205 0.3205 0.7153 0.3205 0.7153 0.3205 0.3205 0.7153 0.3205 0.7153 0.3205 0.3205
222 335 169 090 0.3205 0.7153 0.7153 0.7153 0.3205 0.7153 0.7153 0.3205 0.3205 0.7153 0.3205 0.7153 0.7153 0.7153 0.3205 0.7153
335 169 090 310 0.3205 0.3205 0.3205 0.7153 0.7153 0.3205 0.3205 0.7153 0.3205 0.3205 0.3205 0.3205 0.7153 0.3205 0.7153 0.7153
169 090 310 082 0.3205 0.7153 0.3205 0.7153 0.3205 0.7153 0.3205 0.3205 0.7153 0.3205 0.7153 0.3205 0.3205 0.3205 0.7153 0.7153
090 310 082 084 0.7153 0.7153 0.7153 0.3205 0.7153 0.3205 0.3205 0.7153 0.7153 0.3205 0.3205 0.3205 0.7153 0.3205 0.7153 0.3205
310 082 084 156 0.3205 0.7153 0.3205 0.7153 0.3205 0.3205 0.7153 0.7153 0.3205 0.3205 0.7153 0.3205 0.7153 0.3205 0.7153 0.7153
082 084 156 267 0.3205 0.7153 0.7153 0.7153 0.7153 0.7153 0.7153 0.3205 0.7153 0.3205 0.3205 0.7153 0.3205 0.7153 0.7153 0.7153
084 156 267 132 0.7153 0.3205 0.3205 0.3205 0.7153 0.3205 0.3205 0.3205 0.7153 0.3205 0.3205 0.3205 0.7153 0.7153 0.7153 0.7153
156 267 132 160 0.7153 0.7153 0.7153 0.3205 0.3205 0.7153 0.3205 0.7153 0.7153 0.7153 0.3205 0.7153 0.3205 0.7153 0.7153 0.3205
267 132 160 050 0.7153 0.7153 0.3205 0.3205 0.7153 0.7153 0.3205 0.7153 0.3205 0.7153 0.7153 0.7153 0.7153 0.7153 0.3205 0.3205
132 160 050 181 0.7153 0.7153 0.7153 0.3205 0.7153 0.7153 0.7153 0.3205 0.3205 0.3205 0.7153 0.3205 0.7153 0.7153 0.3205 0.7153
160 050 181 275 0.7153 0.7153 0.3205 0.3205 0.7153 0.3205 0.3205 0.3205 0.7153 0.7153 0.7153 0.3205 0.3205 0.3205 0.7153 0.7153
050 181 275 316 0.3205 0.3205 0.7153 0.7153 0.7153 0.7153 0.7153 0.3205 0.7153 0.3205 0.7153 0.7153 0.3205 0.7153 0.3205 0.3205
181 275 316 290 0.7153 0.3205 0.3205 0.7153 0.3205 0.7153 0.3205 0.7153 0.3205 0.3205 0.7153 0.3205 0.3205 0.7153 0.3205 0.3205
275 316 290 163 0.3205 0.7153 0.3205 0.7153 0.7153 0.7153 0.3205 0.7153 0.7153 0.3205 0.7153 0.7153 0.3205 0.7153 0.7153 0.3205
316 290 163 211 0.3205 0.7153 0.7153 0.7153 0.7153 0.3205 0.3205 0.7153 0.3205 0.3205 0.3205 0.3205 0.7153 0.7153 0.3205 0.7153
290 163 211 066 0.7153 0.3205 0.7153 0.7153 0.7153 0.3205 0.3205 0.3205 0.3205 0.3205 0.7153 0.3205 0.7153 0.3205 0.7153 0.7153
163 211 066 117 0.3205 0.7153 0.3205 0.7153 0.7153 0.7153 0.7153 0.7153 0.7153 0.3205 0.3205 0.7153 0.7153 0.7153 0.3205 0.3205
211 066 117 040 0.7153 0.3205 0.3205 0.3205 0.3205 0.3205 0.3205 0.7153 0.3205 0.7153 0.3205 0.3205 0.3205 0.7153 0.3205 0.3205
066 117 040 002 0.7153 0.7153 0.7153 0.3205 0.3205 0.3205 0.3205 0.7153 0.3205 0.7153 0.3205 0.3205 0.3205 0.7153 0.3205 0.7153
117 040 002 177 0.7153 0.7153 0.3205 0.7153 0.7153 0.7153 0.3205 0.7153 0.7153 0.3205 0.3205 0.3205 0.7153 0.3205 0.7153 0.7153
040 002 177 008 0.7153 0.3205 0.7153 0.3205 0.3205 0.3205 0.7153 0.3205 0.7153 0.3205 0.3205 0.3205 0.7153 0.7153 0.3205 0.3205
002 177 008 251 0.7153 0.3205 0.7153 0.7153 0.7153 0.7153 0.3205 0.3205 0.7153 0.3205 0.3205 0.3205 0.7153 0.7153 0.7153 0.7153
177 008 251 127 0.7153 0.3205 0.7153 0.7153 0.3205 0.3205 0.7153 0.7153 0.3205 0.3205 0.7153 0.3205 0.7153 0.7153 0.7153 0.3205
008 251 127 110 0.7153 0.3205 0.7153 0.3205 0.7153 0.3205 0.3205 0.7153 0.3205 0.7153 0.3205 0.7153 0.7153 0.7153 0.7153 0.7153
251 127 110 351 0.7153 0.7153 0.3205 0.7153 0.3205 0.3205 0.7153 0.3205 0.7153 0.7153 0.7153 0.3205 0.3205 0.3205 0.3205 0.3205
127 110 351 170 0.7153 0.3205 0.3205 0.3205 0.3205 0.7153 0.3205 0.7153 0.7153 0.3205 0.7153 0.3205 0.7153 0.7153 0.3205 0.3205
110 351 170 075 0.7153 0.7153 0.3205 0.7153 0.3205 0.3205 0.7153 0.3205 0.7153 0.3205 0.7153 0.3205 0.3205 0.3205 0.3205 0.7153
351 170 075 179 0.3205 0.7153 0.7153 0.3205 0.7153 0.3205 0.3205 0.3205 0.3205 0.7153 0.7153 0.7153 0.7153 0.7153 0.7153 0.3205
170 075 179 208 0.7153 0.7153 0.7153 0.7153 0.7153 0.7153 0.3205 0.7153 0.7153 0.3205 0.7153 0.3205 0.3205 0.3205 0.3205 0.3205
075 179 208 350 0.7153 0.7153 0.7153 0.7153 0.7153 0.3205 0.3205 0.7153 0.7153 0.3205 0.3205 0.3205 0.7153 0.3205 0.7153 0.7153
179 208 350 332 0.3205 0.3205 0.3205 0.3205 0.3205 0.7153 0.3205 0.3205 0.7153 0.3205 0.3205 0.3205 0.7153 0.3205 0.7153 0.3205
208 350 332 189 0.7153 0.3205 0.3205 0.7153 0.7153 0.3205 0.3205 0.7153 0.7153 0.3205 0.3205 0.7153 0.3205 0.3205 0.7153 0.3205
350 332 189 063 0.7153 0.7153 0.3205 0.7153 0.3205 0.7153 0.7153 0.3205 0.3205 0.3205 0.7153 0.7153 0.3205 0.7153 0.3205 0.3205
332 189 063 072 0.3205 0.7153 0.7153 0.3205 0.7153 0.3205 0.3205 0.3205 0.3205 0.3205 0.3205 0.7153 0.7153 0.7153 0.3205 0.3205
189 063 072 288 0.3205 0.7153 0.7153 0.7153 0.3205 0.7153 0.3205 0.3205 0.7153 0.7153 0.3205 0.7153 0.7153 0.3205 0.3205 0.3205
063 072 288 011 0.7153 0.3205 0.7153 0.3205 0.7153 0.7153 0.7153 0.7153 0.7153 0.3205 0.3205 0.3205 0.7153 0.7153 0.3205 0.7153
072 288 011 070 0.7153 0.7153 0.7153 0.3205 0.7153 0.7153 0.3205 0.3205 0.7153 0.3205 0.3205 0.7153 0.7153 0.3205 0.3205 0.3205
288 011 070 105 0.3205 0.3205 0.3205 0.3205 0.3205 0.7153 0.7153 0.7153 0.7153 0.7153 0.7153 0.3205 0.7153 0.7153 0.7153 0.7153
011 070 105 326 0.3205 0.3205 0.3205 0.3205 0.3205 0.3205 0.3205 0.7153 0.7153 0.3205 0.7153 0.7153 0.7153 0.7153 0.7153 0.3205
070 105 326 167 0.3205 0.7153 0.3205 0.3205 0.7153 0.3205 0.3205 0.3205 0.7153 0.7153 0.7153 0.7153 0.3205 0.3205 0.3205 0.3205
105 326 167 341 0.3205 0.3205 0.7153 0.3205 0.7153 0.7153 0.3205 0.7153 0.3205 0.7153 0.3205 0.3205 0.3205 0.7153 0.7153 0.3205
326 167 341 257 0.7153 0.7153 0.3205 0.3205 0.7153 0.7153 0.3205 0.3205 0.7153 0.3205 0.3205 0.7153 0.3205 0.3205 0.7153 0.3205
167 341 257 122 0.7153 0.3205 0.3205 0.3205 0.3205 0.7153 0.3205 0.3205 0.3205 0.3205 0.7153 0.7153 0.7153 0.7153 0.7153 0.3205
341 257 122 079 0.7153 0.7153 0.3205 0.3205 0.3205 0.3205 0.3205 0.3205 0.7153 0.7153 0.7153 0.3205 0.3205 0.3205 0.7153 0.7153
257 122 079 216 0.3205 0.7153 0.7153 0.3205 0.7153 0.7153 0.7153 0.7153 0.7153 0.3205 0.7153 0.7153 0.3205 0.7153 0.7153 0.3205
122 079 216 175 0.7153 0.7153 0.3205 0.7153 0.7153 0.7153 0.3205 0.7153 0.3205 0.7153 0.3205 0.7153 0.3205 0.7153 0.7153 0.3205
079 216 175 022 0.3205 0.7153 0.3205 0.3205 0.3205 0.7153 0.7153 0.3205 0.7153 0.3205 0.7153 0.3205 0.7153 0.3205 0.7153 0.7153
216 175 022 340 0.3205 0.3205 0.7153 0.3205 0.3205 0.7153 0.7153 0.7153 0.7153 0.7153 0.3205 0.3205 0.3205 0.3205 0.7153 0.3205
175 022 340 293 0.7153 0.7153 0.7153 0.7153 0.7153 0.3205 0.7153 0.7153 0.7153 0.7153 0.3205 0.7153 0.7153 0.7153 0.3205 0.7153
022 340 293 039 0.7153 0.3205 0.7153 0.3205 0.7153 0.3205 0.7153 0.7153 0.7153 0.3205 0.7153 0.7153 0.3205 0.7153 0.3205 0.7153
340 293 039 221 0.7153 0.7153 0.7153 0.3205 0.7153 0.3205 0.3205 0.7153 0.3205 0.7153 0.3205 0.3205 0.7153 0.7153 0.3205 0.3205
293 039 221 053 0.7153 0.3205 0.7153 0.3205 0.7153 0.3205 0.7153 0.7153 0.3205 0.7153 0.3205 0.7153 0.7153 0.3205 0.7153 0.7153
039 221 053 026 0.3205 0.3205 0.3205 0.3205 0.3205 0.3205 0.3205 0.3205 0.3205 0.3205 0.7153 0.3205 0.7153 0.3205 0.3205 0.3205
221 053 026 131 0.7153 0.7153 0.3205 0.7153 0.7153 0.3205 0.3205 0.3205 0.7153 0.3205 0.3205 0.7153 0.7153 0.7153 0.3205 0.7153
053 026 131 220 0.3205 0.7153 0.3205 0.7153 0.3205 0.3205 0.3205 0.7153 0.7153 0.7153 0.3205 0.7153 0.7153 0.7153 0.3205 0.3205
026 131 220 276 0.7153 0.3205 0.3205 0.7153 0.3205 0.3205 0.3205 0.3205 0.7153 0.7153 0.7153 0.7153 0.3205 0.3205 0.7153 0.3205
131 220 276 272 0.3205 0.3205 0.3205 0.3205 0.7153 0.7153 0.3205 0.3205 0.7153 0.3205 0.3205 0.7153 0.3205 0.3205 0.7153 0.3205
220 276 272 234 0.7153 0.7153 0.7153 0.3205 0.7153 0.3205 0.3205 0.3205 0.7153 0.7153 0.3205 0.7153 0.7153 0.3205 0.3205 0.3205
276 272 234 306 0.7153 0.7153 0.7153 0.3205 0.3205 0.7153 0.3205 0.3205 0.7153 0.7153 0.3205 0.7153 0.3205 0.7153 0.3205 0.7153
272 234 306 243 0.3205 0.7153 0.3205 0.3205 0.7153 0.7153 0.7153 0.7153 0.3205 0.3205 0.3205 0.3205 0.7153 0.3205 0.7153 0.3205
234 306 243 328 0.7153 0.7153 0.7153 0.3205 0.7153 0.3205 0.3205 0.3205 0.7153 0.3205 0.7153 0.3205 0.7153 0.7153 0.7153 0.7153
306 243 328 212 0.3205 0.7153 0.7153 0.7153 0.3205 0.3205 0.3205 0.3205 0.3205 0.3205 0.7153 0.7153 0.3205 0.7153 0.3205 0.7153
243 328 212 033 0.3205 0.3205 0.7153 0.7153 0.3205 0.7153 0.7153 0.3205 0.3205 0.7153 0.3205 0.3205 0.7153 0.7153 0.7153 0.7153
328 212 033 205 0.3205 0.3205 0.7153 0.7153 0.7153 0.3205 0.7153 0.7153 0.7153 0.7153 0.7153 0.3205 0.3205 0.3205 0.7153 0.7153
212 033 205 065 0.7153 0.3205 0.3205 0.3205 0.7153 0.3205 0.3205 0.7153 0.7153 0.3205 0.3205 0.7153 0.3205 0.7153 0.7153 0.7153
033 205 065 032 0.3205 0.3205 0.3205 0.7153 0.3205 0.3205 0.3205 0.7153 0.3205 0.3205 0.7153 0.3205 0.3205 0.3205 0.3205 0.3205
205 065 032 143 0.7153 0.3205 0.3205 0.7153 0.3205 0.3205 0.3205 0.7153 0.7153 0.7153 0.3205 0.3205 0.7153 0.3205 0.3205 0.7153
065 032 143 036 0.3205 0.7153 0.3205 0.7153 0.3205 0.3205 0.7153 0.3205 0.3205 0.7153 0.7153 0.7153 0.7153 0.7153 0.7153 0.7153
032 143 036 030 0.7153 0.3205 0.7153 0.7153 0.3205 0.3205 0.7153 0.7153 0.7153 0.7153 0.7153 0.7153 0.7153 0.7153 0.3205 0.7153
143 036 030 202 0.3205 0.3205 0.3205 0.3205 0.3205 0.3205 0.7153 0.3205 0.3205 0.3205 0.7153 0.7153 0.7153 0.3205 0.3205 0.3205
036 030 202 144 0.3205 0.3205 0.7153 0.3205 0.3205 0.7153 0.7153 0.3205 0.3205 0.7153 0.3205 0.3205 0.7153 0.7153 0.7153 0.7153
030 202 144 158 0.7153 0.3205 0.7153 0.7153 0.3205 0.7153 0.3205 0.3205 0.7153 0.7153 0.3205 0.3205 0.7153 0.3205 0.3205 0.7153
202 144 158 059 0.3205 0.7153 0.7153 0.7153 0.7153 0.3205 0.3205 0.7153 0.3205 0.3205 0.7153 0.3205 0.3205 0.7153 0.3205 0.3205
144 158 059 297 0.3205 0.3205 0.7153 0.7153 0.3205 0.3205 0.3205 0.3205 0.7153 0.3205 0.7153 0.3205 0.7153 0.3205 0.7153 0.3205
158 059 297 336 0.3205 0.3205 0.3205 0.7153 0.3205 0.3205 0.3205 0.7153 0.7153 0.7153 0.7153 0.3205 0.7153 0.7153 0.3205 0.3205
059 297 336 119 0.3205 0.7153 0.7153 0.7153 0.7153 0.7153 0.7153 0.7153 0.7153 0.3205 0.7153 0.7153 0.3205 0.7153 0.3205 0.7153
297 336 119 262 0.7153 0.3205 0.7153 0.7153 0.7153 0.7153 0.7153 0.3205 0.3205 0.3205 0.7153 0.7153 0.3205 0.3205 0.7153 0.7153
336 119 262 087 0.7153 0.7153 0.7153 0.7153 0.3205 0.3205 0.3205 0.3205 0.7153 0.3205 0.7153 0.7153 0.7153 0.7153 0.7153 0.3205
119 262 087 311 0.3205 0.7153 0.7153 0.7153 0.3205 0.3205 0.3205 0.7153 0.7153 0.7153 0.3205 0.7153 0.7153 0.3205 0.3205 0.7153
262 087 311 088 0.7153 0.3205 0.3205 0.7153 0.7153 0.7153 0.3205 0.7153 0.3205 0.7153 0.7153 0.7153 0.3205 0.7153 0.3205 0.3205
087 311 088 113 0.7153 0.3205 0.3205 0.3205 0.7153 0.3205 0.3205 0.7153 0.3205 0.7153 0.3205 0.7153 0.3205 0.7153 0.3205 0.7153
311 088 113 248 0.3205 0.7153 0.7153 0.3205 0.3205 0.3205 0.3205 0.3205 0.7153 0.7153 0.3205 0.7153 0.3205 0.3205 0.3205 0.3205
088 113 248 284 0.7153 0.7153 0.7153 0.3205 0.7153 0.3205 0.3205 0.3205 0.3205 0.3205 0.3205 0.7153 0.7153 0.3205 0.3205 0.7153
113 248 284 321 0.7153 0.3205 0.7153 0.7153 0.7153 0.3205 0.7153 0.7153 0.7153 0.3205 0.3205 0.3205 0.7153 0.7153 0.7153 0.3205
248 284 321 186 0.7153 0.3205 0.3205 0.3205 0.3205 0.7153 0.7153 0.7153 0.7153 0.7153 0.3205 0.3205 0.3205 0.7153 0.7153 0.7153
284 321 186 107 0.7153 0.3205 0.3205 0.3205 0.3205 0.7153 0.7153 0.7153 0.3205 0.3205 0.3205 0.7153 0.3205 0.7153 0.3205 0.7153
321 186 107 004 0.3205 0.3205 0.7153 0.3205 0.3205 0.7153 0.3205 0.3205 0.3205 0.7153 0.7153 0.7153 0.7153 0.3205 0.7153 0.7153
186 107 004 035 0.7153 0.7153 0.3205 0.7153 0.3205 0.7153 0.3205 0.7153 0.7153 0.7153 0.7153 0.3205 0.7153 0.3205 0.7153 0.7153
107 004 035 031 0.3205 0.3205 0.3205 0.7153 0.7153 0.3205 0.3205 0.3205 0.7153 0.3205 0.7153 0.7153 0.7153 0.3205 0.7153 0.3205
004 035 031 029 0.7153 0.3205 0.3205 0.7153 0.3205 0.7153 0.7153 0.7153 0.3205 0.3205 0.7153 0.7153 0.7153 0.7153 0.3205 0.7153
035 031 029 150 0.3205 0.7153 0.7153 0.3205 0.3205 0.3205 0.7153 0.3205 0.7153 0.3205 0.7153 0.3205 0.3205 0.3205 0.3205 0.3205
031 029 150 287 0.7153 0.7153 0.7153 0.3205 0.3205 0.7153 0.7153 0.7153 0.7153 0.3205 0.3205 0.7153 0.7153 0.7153 0.3205 0.7153
029 150 287 308 0.7153 0.3205 0.3205 0.3205 0.7153 0.3205 0.3205 0.7153 0.7153 0.7153 0.3205 0.3205 0.7153 0.7153 0.7153 0.3205
