279 155682 3 279
000 001 002 0.6230 0.5241 0.2751 0.7149 0.7031 0.6061 0.2230 0.6171
001 002 003 0.2310 0.1322 0.9058 0.5508 0.8135 0.8625 0.9860 0.5911
002 003 004 0.0097 0.4426 0.4052 0.0561 0.3485 0.8972 0.1959 0.6089
003 004 005 0.6487 0.3731 0.5142 0.8140 0.0042 0.7798 0.9364 0.4693
004 005 006 0.6048 0.6469 0.0433 0.9619 0.5082 0.3926 0.6248 0.8622
005 006 007 0.0771 0.9383 0.7407 0.5810 0.2472 0.2340 0.8992 0.3854
006 007 008 0.7484 0.9594 0.3940 0.0489 0.8756 0.3202 0.5127 0.1449
007 008 009 0.3566 0.5943 0.3322 0.7765 0.8541 0.9768 0.5338 0.6976
008 009 010 0.6773 0.0406 0.6899 0.1456 0.2805 0.5522 0.3161 0.8511
009 010 011 0.0085 0.4664 0.9514 0.7317 0.9989 0.0454 0.8680 0.5898
010 011 012 0.0039 0.5034 0.2898 0.8841 0.4250 0.8494 0.5783 0.4484
011 012 013 0.2331 0.7880 0.2910 0.2167 0.7078 0.6569 0.1048 0.1101
012 013 014 0.6531 0.7579 0.8726 0.3900 0.5500 0.4608 0.3740 0.3430
013 014 015 0.0529 0.9355 0.8607 0.0943 0.9604 0.0126 0.2632 0.2152
014 015 016 0.0405 0.7313 0.0938 0.8660 0.4802 0.3357 0.5368 0.6359
015 016 017 0.2112 0.5262 0.9374 0.8175 0.7100 0.7419 0.2405 0.9027
016 017 018 0.3693 0.5665 0.7215 0.3477 0.6872 0.7740 0.4775 0.1807
017 018 019 0.0629 0.1033 0.9836 0.0164 0.3658 0.5268 0.5039 0.4277
018 019 020 0.4828 0.3328 0.5880 0.1526 0.5970 0.4819 0.9546 0.9941
019 020 021 0.2097 0.0640 0.7849 0.1728 0.7508 0.7168 0.5312 0.6971
020 021 022 0.2671 0.2535 0.7530 0.9149 0.7900 0.9601 0.5112 0.7964
021 022 023 0.1586 0.7775 0.0415 0.5915 0.8490 0.3940 0.3003 0.2170
022 023 024 0.8679 0.7024 0.5731 0.2513 0.9870 0.0559 0.0748 0.1886
023 024 025 0.5031 0.7660 0.1183 0.0901 0.7003 0.4376 0.1909 0.6088
024 025 026 0.4527 0.8592 0.2432 0.0754 0.3206 0.3657 0.4830 0.8984
025 026 027 0.9636 0.9145 0.8367 0.0633 0.7679 0.2549 0.3325 0.2271
026 027 028 0.9886 0.1193 0.9668 0.5147 0.9604 0.6836 0.8619 0.6922
027 028 029 0.7100 0.7893 0.4521 0.8801 0.5052 0.7216 0.0649 0.9877
028 029 030 0.1903 0.7718 0.9144 0.7852 0.1105 0.3198 0.5984 0.2535
029 030 031 0.0769 0.6908 0.4896 0.2763 0.8763 0.2212 0.0527 0.3198
030 031 032 0.6792 0.1836 0.5991 0.0522 0.5090 0.8205 0.2255 0.3381
031 032 033 0.3077 0.3314 0.6478 0.2125 0.1610 0.3428 0.6818 0.7018
032 033 034 0.3853 0.6071 0.9107 0.9117 0.8453 0.9230 0.7871 0.9965
033 034 035 0.2371 0.8054 0.7872 0.7359 0.1007 0.8124 0.4639 0.7392
034 035 036 0.3024 0.9612 0.4399 0.3479 0.3512 0.7180 0.8284 0.6083
035 036 037 0.9461 0.8294 0.1750 0.6616 0.5025 0.0592 0.7471 0.8709
036 037 038 0.0567 0.3922 0.9114 0.1340 0.8869 0.2498 0.1843 0.2046
037 038 039 0.8071 0.4423 0.5489 0.9478 0.5044 0.8838 0.2980 0.2237
038 039 040 0.4903 0.2178 0.3345 0.0888 0.3019 0.0798 0.7973 0.6268
039 040 041 0.5345 0.1483 0.2108 0.9020 0.8586 0.9792 0.6727 0.8445
040 041 042 0.7401 0.7325 0.6040 0.2882 0.4046 0.6875 0.1258 0.1604
041 042 043 0.4205 0.3107 0.0626 0.2806 0.2653 0.8727 0.9694 0.9407
042 043 044 0.6839 0.2800 0.4601 0.4257 0.9302 0.6929 0.5749 0.8416
043 044 045 0.5887 0.7357 0.4340 0.8250 0.7750 0.3929 0.4765 0.9040
044 045 046 0.1934 0.3330 0.5310 0.4631 0.8110 0.9144 0.7527 0.6745
045 046 047 0.4067 0.6868 0.6839 0.0353 0.2908 0.5022 0.8471 0.9205
046 047 048 0.3474 0.2131 0.5347 0.6986 0.1344 0.8567 0.0767 0.4847
047 048 049 0.4964 0.0384 0.6345 0.2683 0.4618 0.8375 0.0030 0.4548
048 049 050 0.2380 0.0149 0.5713 0.0708 0.9118 0.0130 0.6314 0.6853
049 050 051 0.1351 0.6413 0.5534 0.6634 0.1716 0.8110 0.8875 0.0581
050 051 052 0.1539 0.5869 0.4013 0.8344 0.6815 0.3179 0.0398 0.8962
051 052 053 0.3185 0.4026 0.4276 0.8679 0.0928 0.6885 0.3372 0.2988
052 053 054 0.0951 0.2666 0.3206 0.2204 0.4201 0.7313 0.5887 0.5980
053 054 055 0.1041 0.7508 0.2432 0.0840 0.5524 0.8114 0.4068 0.2309
054 055 056 0.3441 0.9700 0.6193 0.7116 0.0517 0.5986 0.2292 0.4490
055 056 057 0.0543 0.2349 0.0694 0.0087 0.6473 0.9933 0.5627 0.9892
056 057 058 0.3625 0.0145 0.2674 0.3122 0.0283 0.9521 0.6831 0.1755
057 058 059 0.5278 0.0739 0.8571 0.6520 0.7040 0.7760 0.2803 0.4384
058 059 060 0.9534 0.8453 0.6303 0.2939 0.5653 0.0743 0.0135 0.4481
059 060 061 0.9072 0.3516 0.1759 0.1088 0.6289 0.1241 0.1500 0.2133
060 061 062 0.7592 0.5952 0.0380 0.0421 0.1725 0.4221 0.6891 0.4869
061 062 063 0.4288 0.6333 0.8865 0.3962 0.4450 0.9327 0.8156 0.6799
062 063 064 0.1638 0.1570 0.5013 0.5470 0.3355 0.3486 0.0377 0.0228
063 064 065 0.9865 0.4924 0.2851 0.3270 0.2244 0.0570 0.8535 0.2364
064 065 066 0.7181 0.4716 0.0221 0.6690 0.8263 0.1209 0.4660 0.2008
065 066 067 0.3494 0.6195 0.5275 0.2162 0.1134 0.4236 0.4996 0.1333
066 067 068 0.7690 0.1988 0.2760 0.2106 0.3821 0.0111 0.5977 0.5060
067 068 069 0.1345 0.7927 0.5028 0.0656 0.2880 0.3319 0.0242 0.1340
068 069 070 0.1745 0.7019 0.0397 0.2889 0.4096 0.8736 0.8865 0.5448
069 070 071 0.0160 0.8096 0.5594 0.5891 0.8407 0.1685 0.3151 0.5283
070 071 072 0.7187 0.8037 0.2268 0.6277 0.2638 0.6800 0.8546 0.1848
071 072 073 0.1410 0.0424 0.2020 0.6450 0.8238 0.5014 0.1283 0.7499
072 073 074 0.1179 0.9625 0.3030 0.7842 0.1683 0.9570 0.0276 0.2505
073 074 075 0.2336 0.7075 0.4666 0.5212 0.5770 0.3178 0.5007 0.7411
074 075 076 0.8076 0.6863 0.4331 0.4712 0.6650 0.0006 0.5982 0.0801
075 076 077 0.0326 0.9916 0.8179 0.8753 0.4178 0.4519 0.4681 0.8022
076 077 078 0.8091 0.5540 0.6405 0.2774 0.7366 0.1867 0.6141 0.9339
077 078 079 0.0114 0.3045 0.6999 0.1457 0.8476 0.4996 0.7179 0.3745
078 079 080 0.1195 0.0849 0.5325 0.7886 0.7028 0.8119 0.9698 0.9060
079 080 081 0.3314 0.0575 0.2760 0.3336 0.4397 0.1352 0.1166 0.6389
080 081 082 0.1974 0.7653 0.8320 0.3704 0.4109 0.7500 0.1055 0.7933
081 082 083 0.5177 0.9303 0.4556 0.3116 0.3073 0.4092 0.2530 0.8261
082 083 084 0.3914 0.5684 0.6808 0.9493 0.1002 0.5549 0.5767 0.3760
083 084 085 0.5228 0.3071 0.1727 0.0654 0.9217 0.9792 0.3705 0.3627
084 085 086 0.1984 0.4722 0.9691 0.5866 0.3736 0.0180 0.2091 0.3927
085 086 087 0.1060 0.4453 0.5170 0.3871 0.4854 0.7776 0.9341 0.4182
086 087 088 0.2023 0.8862 0.5394 0.2041 0.3427 0.5139 0.7399 0.1109
087 088 089 0.7892 0.4857 0.4010 0.4663 0.8581 0.1837 0.1941 0.6404
088 089 090 0.2695 0.0346 0.6555 0.6364 0.3821 0.8238 0.8771 0.5241
089 090 091 0.6356 0.3347 0.9739 0.4935 0.3623 0.2253 0.9571 0.3003
090 091 092 0.5810 0.2329 0.3739 0.4894 0.0044 0.1847 0.5998 0.8985
091 092 093 0.4885 0.3295 0.9728 0.4852 0.6007 0.0149 0.6940 0.7293
092 093 094 0.7237 0.9970 0.3019 0.9808 0.1295 0.8780 0.7450 0.9991
093 094 095 0.5303 0.1352 0.0969 0.5529 0.5445 0.1211 0.8428 0.5673
094 095 096 0.6130 0.0818 0.3671 0.8109 0.6398 0.9122 0.4627 0.4122
095 096 097 0.5058 0.2879 0.3360 0.9113 0.1829 0.1415 0.7287 0.0306
096 097 098 0.0993 0.5519 0.6731 0.7832 0.6506 0.4663 0.4816 0.1563
097 098 099 0.0523 0.9323 0.3497 0.6957 0.7504 0.5012 0.1120 0.5857
098 099 100 0.1038 0.8026 0.3315 0.1764 0.9514 0.8817 0.3411 0.7892
099 100 101 0.0941 0.6995 0.6631 0.2942 0.1842 0.8482 0.8240 0.2736
100 101 102 0.2798 0.6115 0.9125 0.7981 0.1023 0.9216 0.7007 0.6954
101 102 103 0.1391 0.7355 0.2814 0.8509 0.0525 0.3486 0.0647 0.7225
102 103 104 0.7209 0.7069 0.2190 0.4421 0.5256 0.6846 0.1044 0.1159
103 104 105 0.5588 0.0014 0.5300 0.5158 0.6570 0.3892 0.1791 0.9997
104 105 106 0.4324 0.6907 0.1554 0.1585 0.2611 0.2641 0.2321 0.5603
105 106 107 0.0978 0.4949 0.7418 0.0846 0.5839 0.2033 0.6656 0.5319
106 107 108 0.5334 0.2054 0.8236 0.1432 0.9521 0.5661 0.3107 0.8887
107 108 109 0.4672 0.6304 0.9138 0.4886 0.4127 0.8002 0.1082 0.1249
108 109 110 0.8179 0.7042 0.1540 0.5217 0.1117 0.4666 0.3917 0.6107
109 110 111 0.9577 0.3770 0.4772 0.0722 0.1909 0.7287 0.1660 0.7397
110 111 112 0.8027 0.0987 0.4321 0.8876 0.9034 0.7050 0.2969 0.9330
111 112 113 0.1473 0.7494 0.7065 0.4332 0.9602 0.1328 0.8658 0.4435
112 113 114 0.0919 0.9063 0.2977 0.3496 0.3724 0.9126 0.1181 0.5724
113 114 115 0.3727 0.6528 0.1163 0.5195 0.6297 0.1216 0.6546 0.4033
114 115 116 0.4901 0.2851 0.8959 0.2644 0.9759 0.4521 0.0669 0.3407
115 116 117 0.1664 0.2892 0.0275 0.0189 0.7581 0.6553 0.6658 0.7348
116 117 118 0.6358 0.9765 0.6327 0.6899 0.0012 0.0930 0.4219 0.4266
117 118 119 0.2896 0.8058 0.7650 0.7684 0.1750 0.9924 0.5415 0.3591
118 119 120 0.4694 0.9232 0.7147 0.5980 0.1425 0.6902 0.2998 0.9530
119 120 121 0.9743 0.1504 0.9331 0.8325 0.6650 0.6505 0.6264 0.1751
120 121 122 0.1790 0.7286 0.4084 0.5452 0.3753 0.2729 0.8123 0.3509
121 122 123 0.0760 0.1027 0.3881 0.8071 0.3027 0.4151 0.8596 0.3696
122 123 124 0.6774 0.2396 0.3690 0.6207 0.2930 0.4872 0.6724 0.7453
123 124 125 0.0742 0.3829 0.7848 0.7035 0.3340 0.7594 0.2766 0.8084
124 125 126 0.2037 0.1827 0.3475 0.9945 0.0435 0.4078 0.4369 0.5972
125 126 127 0.9377 0.1257 0.7167 0.5537 0.4399 0.2503 0.5904 0.4207
126 127 128 0.9720 0.6951 0.2946 0.0660 0.5965 0.7700 0.5414 0.2902
127 128 129 0.2473 0.3747 0.9458 0.3600 0.9506 0.3772 0.6903 0.3529
128 129 130 0.5829 0.1156 0.4434 0.2718 0.9370 0.0284 0.0485 0.4213
129 130 131 0.9936 0.8245 0.0880 0.0553 0.6558 0.2330 0.2130 0.8966
130 131 132 0.8966 0.7067 0.8812 0.9902 0.6984 0.3612 0.1485 0.4425
131 132 133 0.2261 0.2723 0.6145 0.2558 0.7495 0.0548 0.0574 0.7697
132 133 134 0.5581 0.6500 0.0918 0.4421 0.7450 0.2045 0.7262 0.1652
133 134 135 0.9635 0.9038 0.4249 0.2570 0.4857 0.6842 0.9338 0.5150
134 135 136 0.6781 0.5324 0.4302 0.6957 0.8269 0.1057 0.0730 0.9521
135 136 137 0.5947 0.4541 0.4850 0.8002 0.9208 0.1894 0.2234 0.1170
136 137 138 0.3042 0.3764 0.2825 0.4358 0.0861 0.1926 0.4913 0.8948
137 138 139 0.0311 0.6283 0.6877 0.9694 0.5186 0.4498 0.1526 0.0706
138 139 140 0.3038 0.5899 0.9624 0.2336 0.6427 0.2054 0.1525 0.4883
139 140 141 0.8597 0.4029 0.2901 0.9524 0.5083 0.6782 0.4072 0.4624
140 141 142 0.4311 0.4332 0.2894 0.8767 0.5867 0.2454 0.1279 0.0318
141 142 143 0.6375 0.9970 0.4707 0.8947 0.6560 0.6410 0.6023 0.4739
142 143 144 0.6211 0.9618 0.2012 0.8120 0.8828 0.8021 0.7705 0.8080
143 144 145 0.1872 0.2624 0.8015 0.5718 0.6909 0.9505 0.5459 0.0151
144 145 146 0.2306 0.6311 0.5471 0.7356 0.8215 0.9051 0.2316 0.7104
145 146 147 0.1515 0.8619 0.3272 0.0682 0.8964 0.3343 0.7527 0.7275
146 147 148 0.6708 0.7821 0.5239 0.4936 0.1020 0.5870 0.3814 0.6154
147 148 149 0.0233 0.5999 0.0120 0.9032 0.4493 0.5493 0.9142 0.4380
148 149 150 0.4177 0.4034 0.3309 0.0031 0.1358 0.7151 0.8772 0.8323
149 150 151 0.5567 0.4314 0.6902 0.3837 0.2724 0.6018 0.8240 0.7750
150 151 152 0.4696 0.9045 0.8489 0.6902 0.3092 0.5211 0.2384 0.8824
151 152 153 0.2994 0.4939 0.7049 0.2730 0.0976 0.6056 0.0783 0.3050
152 153 154 0.4612 0.2092 0.0373 0.2872 0.7151 0.2722 0.2977 0.8808
153 154 155 0.7174 0.9189 0.4508 0.2026 0.5745 0.0182 0.6383 0.9214
154 155 156 0.8281 0.1823 0.5225 0.9986 0.6265 0.1823 0.4500 0.7012
155 156 157 0.7545 0.2188 0.7484 0.7192 0.1165 0.8133 0.9742 0.9027
156 157 158 0.1170 0.6269 0.3016 0.2865 0.0515 0.6701 0.6968 0.2199
157 158 159 0.5010 0.6487 0.4048 0.1784 0.9463 0.9946 0.8913 0.3528
158 159 160 0.1538 0.3867 0.4101 0.5203 0.7226 0.8699 0.9736 0.3568
159 160 161 0.7476 0.7749 0.5626 0.0777 0.7566 0.3406 0.6050 0.1610
160 161 162 0.2044 0.9679 0.8580 0.7176 0.4430 0.5046 0.7452 0.6601
161 162 163 0.3487 0.3179 0.0628 0.2698 0.7841 0.1564 0.4841 0.9141
162 163 164 0.2024 0.7851 0.5725 0.4499 0.5897 0.4266 0.0971 0.1471
163 164 165 0.9221 0.1827 0.6261 0.8358 0.2834 0.6295 0.4859 0.1837
164 165 166 0.6771 0.8153 0.1477 0.4635 0.1980 0.8108 0.3242 0.7920
165 166 167 0.3212 0.4330 0.8170 0.3777 0.0032 0.6827 0.9045 0.0365
166 167 168 0.0434 0.7853 0.6624 0.8564 0.2953 0.0833 0.2886 0.6739
167 168 169 0.1037 0.8648 0.1199 0.1382 0.0727 0.2963 0.4020 0.3393
168 169 170 0.8528 0.2357 0.5560 0.4339 0.0541 0.5026 0.2944 0.7731
169 170 171 0.4450 0.8120 0.7928 0.7901 0.8036 0.2533 0.9976 0.4838
170 171 172 0.1117 0.5899 0.0308 0.8806 0.9882 0.5647 0.6812 0.1567
171 172 173 0.5649 0.2302 0.5570 0.0770 0.2604 0.7943 0.0783 0.7091
172 173 174 0.2915 0.7810 0.8684 0.6865 0.5328 0.5298 0.0005 0.3646
173 174 175 0.0997 0.9492 0.6189 0.9487 0.6606 0.6871 0.3547 0.9676
174 175 176 0.5819 0.4693 0.1245 0.2689 0.6744 0.3050 0.5048 0.8326
175 176 177 0.2432 0.9760 0.2493 0.7354 0.0905 0.4122 0.3153 0.0942
176 177 178 0.2231 0.4177 0.6090 0.6357 0.7400 0.8057 0.0655 0.8489
177 178 179 0.4412 0.3164 0.1511 0.7584 0.3948 0.3793 0.2744 0.2777
178 179 180 0.4649 0.4692 0.8825 0.5555 0.6710 0.1026 0.5963 0.2997
179 180 181 0.1929 0.6700 0.3681 0.5639 0.6800 0.1923 0.2744 0.6434
180 181 182 0.2869 0.3005 0.0223 0.7039 0.5845 0.4220 0.4637 0.3841
181 182 183 0.8476 0.8568 0.8028 0.7738 0.1573 0.4170 0.7648 0.5482
182 183 184 0.4558 0.1021 0.5961 0.3342 0.8173 0.9858 0.7418 0.6379
183 184 185 0.8611 0.0520 0.2444 0.1919 0.0080 0.9524 0.5986 0.0625
184 185 186 0.1590 0.0272 0.2564 0.0834 0.2198 0.3336 0.9413 0.4953
185 186 187 0.3141 0.9098 0.2012 0.2606 0.0681 0.4577 0.9428 0.2077
186 187 188 0.0180 0.1754 0.0101 0.4033 0.2989 0.8320 0.5338 0.4097
187 188 189 0.7517 0.8117 0.7023 0.5404 0.7145 0.2404 0.3284 0.5207
188 189 190 0.0248 0.9060 0.0630 0.2352 0.8408 0.5349 0.4272 0.8245
189 190 191 0.4298 0.2367 0.0602 0.2707 0.4704 0.2189 0.7431 0.5674
190 191 192 0.4358 0.6892 0.6076 0.9716 0.8448 0.7247 0.0723 0.2922
191 192 193 0.0219 0.5119 0.3203 0.5049 0.4820 0.4991 0.7289 0.8873
192 193 194 0.7942 0.2790 0.9215 0.9747 0.3385 0.7743 0.0743 0.1566
193 194 195 0.1114 0.8820 0.9295 0.4099 0.0547 0.7030 0.1030 0.1384
194 195 196 0.4026 0.1724 0.3142 0.8002 0.7444 0.4437 0.4462 0.4849
195 196 197 0.5088 0.1479 0.4314 0.2299 0.5856 0.1592 0.4670 0.0075
196 197 198 0.5916 0.0658 0.3254 0.2920 0.3847 0.5762 0.3416 0.7438
197 198 199 0.5072 0.1566 0.8030 0.9741 0.2361 0.2656 0.0265 0.3630
198 199 200 0.0207 0.3985 0.8298 0.2371 0.3370 0.3879 0.7836 0.3990
199 200 201 0.8542 0.6868 0.3843 0.1007 0.8921 0.0448 0.1277 0.7797
200 201 202 0.2718 0.4907 0.6416 0.8763 0.9206 0.4300 0.6773 0.2581
201 202 203 0.9402 0.2798 0.2138 0.0382 0.4151 0.5705 0.4255 0.9038
202 203 204 0.6334 0.1661 0.1465 0.9487 0.2576 0.3437 0.7620 0.5031
203 204 205 0.7015 0.8151 0.9178 0.5240 0.9839 0.6113 0.4710 0.8117
204 205 206 0.8160 0.3910 0.5221 0.3637 0.1202 0.4756 0.5140 0.8424
205 206 207 0.1392 0.2807 0.9448 0.4692 0.4041 0.7551 0.3603 0.3759
206 207 208 0.3838 0.2090 0.8197 0.5307 0.1290 0.1285 0.7287 0.2614
207 208 209 0.1217 0.5012 0.9257 0.6267 0.6301 0.9743 0.7192 0.0653
208 209 210 0.6112 0.4101 0.1790 0.7281 0.7513 0.1930 0.0865 0.7772
209 210 211 0.7635 0.4064 0.1081 0.3437 0.8287 0.4107 0.2242 0.8314
210 211 212 0.1845 0.2800 0.0969 0.7554 0.4839 0.4942 0.9075 0.1600
211 212 213 0.6616 0.0439 0.2309 0.5154 0.9259 0.3482 0.5920 0.7187
212 213 214 0.9694 0.5830 0.3997 0.0220 0.9797 0.3676 0.8282 0.9599
213 214 215 0.9127 0.1601 0.6164 0.2896 0.8003 0.4447 0.9038 0.0278
214 215 216 0.7744 0.9436 0.2587 0.1387 0.2392 0.2501 0.7776 0.1552
215 216 217 0.8757 0.0241 0.9163 0.3897 0.1809 0.2694 0.7260 0.2324
216 217 218 0.2477 0.9415 0.5848 0.0881 0.4772 0.5000 0.3097 0.2646
217 218 219 0.2825 0.5972 0.5270 0.3087 0.9922 0.5884 0.6598 0.7700
218 219 220 0.3394 0.2140 0.9797 0.5590 0.6150 0.8598 0.0985 0.8079
219 220 221 0.4134 0.9123 0.1126 0.9960 0.5029 0.3801 0.8158 0.7123
220 221 222 0.3790 0.7495 0.2688 0.0775 0.4434 0.1177 0.9467 0.6419
221 222 223 0.9457 0.2053 0.2261 0.4464 0.8817 0.0036 0.2393 0.0084
222 223 224 0.0699 0.4504 0.9189 0.6655 0.1510 0.8500 0.1778 0.8927
223 224 225 0.9800 0.5804 0.5066 0.5831 0.0916 0.2064 0.0720 0.8402
224 225 226 0.4503 0.9813 0.6977 0.8963 0.3567 0.9974 0.1612 0.1168
225 226 227 0.5320 0.0427 0.5326 0.6826 0.5473 0.2632 0.4011 0.7139
226 227 228 0.1787 0.7775 0.4371 0.1061 0.5539 0.4332 0.3116 0.6664
227 228 229 0.3164 0.5732 0.9220 0.4845 0.6968 0.0788 0.9878 0.5777
228 229 230 0.5572 0.3968 0.0049 0.9042 0.8045 0.3232 0.1721 0.1212
229 230 231 0.0145 0.0084 0.7571 0.6709 0.4276 0.5848 0.0081 0.1554
230 231 232 0.4550 0.7129 0.6277 0.8978 0.5978 0.7854 0.8709 0.1478
231 232 233 0.1431 0.4231 0.4200 0.5097 0.1030 0.0120 0.4766 0.6890
232 233 234 0.8787 0.5139 0.8762 0.1154 0.9779 0.7829 0.6375 0.4703
233 234 235 0.6587 0.3088 0.4516 0.7981 0.0047 0.5402 0.3123 0.8542
234 235 236 0.0584 0.3006 0.4708 0.6370 0.8225 0.4266 0.9287 0.3480
235 236 237 0.7477 0.8990 0.5057 0.1020 0.2920 0.3157 0.5360 0.9495
236 237 238 0.1772 0.1277 0.2838 0.5663 0.1185 0.0706 0.9642 0.1334
237 238 239 0.4910 0.0104 0.4719 0.3416 0.8411 0.8847 0.3127 0.9653
238 239 240 0.4915 0.6317 0.4072 0.0160 0.0341 0.4877 0.7596 0.5689
239 240 241 0.9662 0.4237 0.4993 0.3943 0.4724 0.5061 0.5084 0.8002
240 241 242 0.7727 0.9238 0.1093 0.5779 0.3601 0.6478 0.4141 0.4170
241 242 243 0.7296 0.4477 0.2031 0.9681 0.4461 0.8470 0.1968 0.8667
242 243 244 0.7109 0.8447 0.6323 0.8209 0.4633 0.6631 0.5633 0.4116
243 244 245 0.8377 0.7436 0.9459 0.1048 0.4505 0.4122 0.6834 0.3184
244 245 246 0.4299 0.3998 0.5129 0.4903 0.6084 0.9732 0.6429 0.4549
245 246 247 0.5482 0.8077 0.5083 0.3942 0.5438 0.4525 0.3417 0.3850
246 247 248 0.6861 0.5440 0.4850 0.9421 0.3352 0.5301 0.9640 0.4267
247 248 249 0.7741 0.4281 0.6151 0.8327 0.0597 0.0376 0.5668 0.1003
248 249 250 0.3711 0.8174 0.9842 0.5027 0.6162 0.3143 0.2231 0.1382
249 250 251 0.8738 0.7839 0.4600 0.6561 0.9523 0.7841 0.1502 0.1628
250 251 252 0.7383 0.0437 0.6294 0.7145 0.4920 0.6358 0.3215 0.1251
251 252 253 0.1622 0.8280 0.1685 0.5696 0.2038 0.3243 0.9260 0.3367
252 253 254 0.2988 0.6923 0.3281 0.5146 0.9275 0.1104 0.9287 0.5961
253 254 255 0.3241 0.3291 0.8410 0.1482 0.0666 0.0491 0.1446 0.7990
254 255 256 0.6064 0.6873 0.9730 0.2127 0.5889 0.9491 0.5301 0.7464
255 256 257 0.1033 0.4631 0.6340 0.9390 0.8171 0.6593 0.7732 0.4151
256 257 258 0.2791 0.6325 0.2145 0.0060 0.9729 0.0728 0.5411 0.1643
257 258 259 0.1732 0.8056 0.5067 0.0961 0.8111 0.2281 0.4916 0.1796
258 259 260 0.9728 0.8305 0.2355 0.6130 0.4503 0.6167 0.5685 0.1459
259 260 261 0.5821 0.8022 0.2429 0.7325 0.4452 0.2108 0.8508 0.6631
260 261 262 0.4618 0.9142 0.3195 0.4929 0.0082 0.0198 0.7455 0.8858
261 262 263 0.6522 0.7184 0.6010 0.4038 0.3837 0.2157 0.1033 0.6088
262 263 264 0.9239 0.8729 0.4190 0.2218 0.1427 0.6916 0.7260 0.5818
263 264 265 0.2892 0.2747 0.3164 0.9776 0.6687 0.9905 0.4341 0.6465
264 265 266 0.8975 0.4091 0.2585 0.0457 0.8463 0.8497 0.4253 0.9654
265 266 267 0.4012 0.3598 0.8767 0.8924 0.0343 0.1966 0.2971 0.3276
266 267 268 0.5012 0.1844 0.7485 0.5084 0.3468 0.2020 0.8659 0.3459
267 268 269 0.1109 0.5038 0.2874 0.0350 0.1851 0.8444 0.2082 0.2202
268 269 270 0.3030 0.5021 0.0553 0.0081 0.9724 0.8951 0.5495 0.9513
269 270 271 0.4825 0.8314 0.3752 0.5635 0.8545 0.8130 0.4020 0.8964
270 271 272 0.1511 0.3914 0.3833 0.5319 0.6708 0.1224 0.3997 0.5465
271 272 273 0.9060 0.2346 0.9772 0.2881 0.2792 0.8461 0.8493 0.5676
272 273 274 0.9998 0.8037 0.6843 0.6248 0.5158 0.1696 0.3499 0.9799
273 274 275 0.6687 0.4993 0.7032 0.3918 0.6753 0.9771 0.4386 0.0822
274 275 276 0.9383 0.2219 0.1631 0.2080 0.7214 0.9982 0.0726 0.9916
275 276 277 0.1453 0.3098 0.9016 0.7243 0.4270 0.7136 0.6136 0.1819
276 277 278 0.7594 0.4874 0.1824 0.7090 0.7119 0.7475 0.2996 0.7728
277 278 000 0.7653 0.1936 0.4311 0.4529 0.1701 0.8500 0.1593 0.8651
278 000 001 0.2170 0.2930 0.5881 0.0328 0.5000 0.1256 1.0000 0.0368
