279 155682 3 279
000 001 002 0.3869 0.5273 0.7787 0.8321 0.2143 0.8837 0.0290 0.7635
001 002 003 0.3315 0.0860 0.1886 0.6157 0.6939 0.7636 0.7629 0.2732
002 003 004 0.7919 0.1728 0.8090 0.3916 0.4608 0.9739 0.3542 0.5204
003 004 005 0.4702 0.2551 0.6896 0.4180 0.2365 0.6371 0.4497 0.8502
004 005 006 0.2940 0.5677 0.7138 0.7507 0.2979 0.0617 0.9724 0.3228
005 006 007 0.0432 0.3211 0.0795 0.8392 0.1676 0.0642 0.4584 0.9243
006 007 008 0.9274 0.2329 0.8869 0.0269 0.8230 0.6415 0.2657 0.6738
007 008 009 0.9796 0.2203 0.0375 0.7633 0.0931 0.9717 0.9106 0.4018
008 009 010 0.7789 0.8504 0.7551 0.2780 0.4375 0.4150 0.0189 0.8064
009 010 011 0.2161 0.6108 0.5306 0.4359 0.4811 0.1733 0.9966 0.3865
010 011 012 0.9105 0.4182 0.8914 0.2767 0.0106 0.3447 0.0426 0.8298
011 012 013 0.3580 0.1065 0.5021 0.7944 0.0402 0.9593 0.3625 0.3358
012 013 014 0.1615 0.5829 0.0556 0.4628 0.1464 0.7129 0.5902 0.3165
013 014 015 0.1347 0.3435 0.6325 0.5295 0.6527 0.7415 0.0713 0.0962
014 015 016 0.5041 0.1905 0.2157 0.9935 0.7561 0.0585 0.5041 0.5523
015 016 017 0.4783 0.4804 0.8351 0.7886 0.6087 0.4081 0.8620 0.7167
016 017 018 0.2892 0.8884 0.8128 0.3018 0.1627 0.5598 0.0487 0.2730
017 018 019 0.2820 0.7716 0.1624 0.5432 0.5135 0.7634 0.6277 0.3643
018 019 020 0.9161 0.1559 0.2603 0.2192 0.4195 0.9065 0.8203 0.6514
019 020 021 0.5668 0.6198 0.7263 0.0958 0.3041 0.1608 0.1313 0.5437
020 021 022 0.9082 0.4206 0.8109 0.8991 0.6219 0.4452 0.1023 0.5193
021 022 023 0.6392 0.4358 0.3321 0.8519 0.2143 0.8296 0.0296 0.5219
022 023 024 0.5991 0.1461 0.2941 0.5839 0.2485 0.5293 0.9259 0.0712
023 024 025 0.4856 0.1966 0.7020 0.1905 0.2334 0.5796 0.2492 0.7795
024 025 026 0.5862 0.5777 0.9835 0.7101 0.9788 0.6147 0.1127 0.7609
025 026 027 0.8337 0.9179 0.5243 0.4344 0.2619 0.4882 0.5615 0.7683
026 027 028 0.7896 0.4542 0.4527 0.3326 0.3901 0.1711 0.1674 0.5030
027 028 029 0.1367 0.4085 0.9814 0.9505 0.2821 0.5550 0.6970 0.2695
028 029 030 0.7444 0.5557 0.4389 0.5151 0.5095 0.8894 0.0256 0.1999
029 030 031 0.1267 0.5601 0.2280 0.4772 0.3828 0.3484 0.2823 0.0391
030 031 032 0.4806 0.5305 0.7566 0.2116 0.4558 0.7966 0.3225 0.4224
031 032 033 0.0821 0.1848 0.9391 0.2803 0.0966 0.5424 0.9824 0.9054
032 033 034 0.4139 0.1675 0.9980 0.5850 0.8819 0.7189 0.1548 0.7180
033 034 035 0.2911 0.8509 0.3867 0.9208 0.5741 0.5564 0.5783 0.5327
034 035 036 0.9015 0.1270 0.0896 0.1556 0.2580 0.0795 0.3467 0.7274
035 036 037 0.4511 0.2441 0.2315 0.2747 0.9467 0.3110 0.8712 0.9824
036 037 038 0.7450 0.2244 0.2090 0.3138 0.7764 0.3757 0.2413 0.8936
037 038 039 0.1347 0.6852 0.9437 0.4425 0.0784 0.1780 0.0770 0.6990
038 039 040 0.2672 0.4808 0.2570 0.6555 0.4809 0.5328 0.3801 0.6811
039 040 041 0.7623 0.7917 0.9027 0.3249 0.6272 0.0533 0.4253 0.3231
040 041 042 0.0124 0.9287 0.5021 0.9041 0.8020 0.7315 0.3892 0.4824
041 042 043 0.3970 0.4191 0.6466 0.3361 0.3712 0.8511 0.1585 0.0723
042 043 044 0.9340 0.6043 0.2377 0.8401 0.8678 0.6440 0.8185 0.4029
043 044 045 0.9221 0.7843 0.8433 0.9199 0.9826 0.2934 0.7663 0.6699
044 045 046 0.3173 0.9646 0.4601 0.1317 0.4173 0.6103 0.7945 0.4002
045 046 047 0.4807 0.8428 0.0336 0.8280 0.9274 0.6360 0.3388 0.6673
046 047 048 0.3831 0.6882 0.4222 0.2363 0.0947 0.0788 0.2660 0.1763
047 048 049 0.9911 0.8174 0.4306 0.3150 0.9195 0.8364 0.5045 0.8009
048 049 050 0.0734 0.9647 0.2138 0.7542 0.9065 0.9683 0.9059 0.8476
049 050 051 0.2444 0.5414 0.8180 0.1537 0.5911 0.1041 0.9584 0.7866
050 051 052 0.2560 0.9385 0.4822 0.6565 0.7250 0.5044 0.7240 0.9464
051 052 053 0.6136 0.4976 0.1990 0.9222 0.5667 0.9018 0.9040 0.5710
052 053 054 0.5099 0.7525 0.9375 0.1928 0.1661 0.5492 0.6358 0.2053
053 054 055 0.7279 0.6422 0.2915 0.5447 0.5875 0.9499 0.4256 0.9869
054 055 056 0.9378 0.8869 0.9997 0.4446 0.0440 0.7709 0.7280 0.2239
055 056 057 0.5778 0.7830 0.2736 0.0022 0.4831 0.2034 0.8731 0.0301
056 057 058 0.0157 0.9691 0.0103 0.2260 0.6533 0.1898 0.7908 0.7847
057 058 059 0.3556 0.5536 0.4139 0.6297 0.0391 0.9518 0.6029 0.3226
058 059 060 0.3900 0.0629 0.6115 0.5283 0.4310 0.9308 0.7892 0.1956
059 060 061 0.1438 0.5389 0.9300 0.9084 0.7649 0.1454 0.6301 0.3250
060 061 062 0.0360 0.7331 0.6331 0.1105 0.9293 0.9194 0.0005 0.6607
061 062 063 0.3363 0.3490 0.2529 0.4636 0.9028 0.8019 0.1393 0.7511
062 063 064 0.2748 0.0978 0.1180 0.8012 0.2668 0.9763 0.6985 0.5836
063 064 065 0.9834 0.7737 0.0477 0.7794 0.0353 0.7508 0.1316 0.6211
064 065 066 0.1769 0.8080 0.1172 0.6059 0.2413 0.1068 0.1142 0.3410
065 066 067 0.0151 0.3298 0.1090 0.3651 0.9211 0.2574 0.4007 0.6860
066 067 068 0.3391 0.1602 0.8249 0.2665 0.2177 0.1309 0.0902 0.6206
067 068 069 0.9297 0.2766 0.7256 0.9341 0.1611 0.7253 0.6887 0.4645
068 069 070 0.7204 0.0665 0.5242 0.1935 0.2592 0.6227 0.2760 0.7029
069 070 071 0.5309 0.7713 0.8999 0.9401 0.0245 0.9493 0.2207 0.2594
070 071 072 0.1090 0.1598 0.4784 0.2851 0.6045 0.8743 0.8592 0.8761
071 072 073 0.9712 0.6622 0.2823 0.3334 0.7543 0.3508 0.1863 0.2217
072 073 074 0.2609 0.6012 0.2422 0.3892 0.7980 0.1186 0.8925 0.9808
073 074 075 0.5814 0.5173 0.8675 0.6332 0.2603 0.5442 0.3817 0.0275
074 075 076 0.9497 0.7974 0.2277 0.2542 0.0106 0.8948 0.3901 0.0081
075 076 077 0.5956 0.9405 0.8195 0.1515 0.2728 0.7915 0.5018 0.6583
076 077 078 0.9492 0.4681 0.5348 0.6508 0.5386 0.2939 0.0998 0.2527
077 078 079 0.8524 0.7777 0.5710 0.0651 0.9483 0.9139 0.3050 0.9391
078 079 080 0.5416 0.5731 0.5182 0.4230 0.3823 0.1757 0.4064 0.4621
079 080 081 0.9788 0.0992 0.1427 0.7187 0.1077 0.9451 0.7205 0.2606
080 081 082 0.8607 0.5162 0.0155 0.9297 0.4938 0.5624 0.4807 0.6649
081 082 083 0.0463 0.0840 0.4060 0.3101 0.4013 0.0625 0.4803 0.0334
082 083 084 0.2803 0.6207 0.1125 0.9072 0.0310 0.5536 0.0430 0.2532
083 084 085 0.4467 0.8371 0.9774 0.6872 0.7653 0.1608 0.6176 0.3461
084 085 086 0.7618 0.5589 0.8999 0.3475 0.8701 0.9974 0.2641 0.1195
085 086 087 0.6181 0.6693 0.5189 0.9953 0.4903 0.7447 0.5246 0.0106
086 087 088 0.5026 0.4130 0.8736 0.8750 0.4504 0.7054 0.2433 0.2478
087 088 089 0.6730 0.5042 0.5261 0.7804 0.5968 0.4501 0.0502 0.5726
088 089 090 0.6069 0.3902 0.4661 0.0884 0.2291 0.3526 0.8054 0.5558
089 090 091 0.3593 0.6772 0.4394 0.2534 0.6740 0.8634 0.2609 0.4570
090 091 092 0.6928 0.3371 0.4133 0.5934 0.6025 0.9277 0.2160 0.7171
091 092 093 0.4402 0.2112 0.6266 0.8504 0.5871 0.4839 0.3147 0.7113
092 093 094 0.2475 0.5278 0.5722 0.8469 0.1281 0.7571 0.3099 0.9320
093 094 095 0.9399 0.0625 0.3977 0.6414 0.8357 0.6695 0.9860 0.9621
094 095 096 0.3188 0.1623 0.8694 0.3021 0.6889 0.7111 0.6517 0.8769
095 096 097 0.9014 0.7856 0.8078 0.1605 0.7397 0.1368 0.5824 0.8988
096 097 098 0.6057 0.1333 0.1647 0.2928 0.3763 0.7078 0.1813 0.3759
097 098 099 0.8624 0.0347 0.7458 0.6001 0.0836 0.2869 0.7981 0.7786
098 099 100 0.4719 0.8897 0.0441 0.7079 0.5851 0.3868 0.7751 0.0556
099 100 101 0.0620 0.0840 0.4964 0.6961 0.8246 0.3294 0.6449 0.1848
100 101 102 0.6743 0.3911 0.0028 0.3236 0.3954 0.7776 0.9769 0.3642
101 102 103 0.3736 0.3288 0.4069 0.1673 0.8016 0.1719 0.3133 0.6974
102 103 104 0.6788 0.7939 0.4539 0.4862 0.8901 0.9763 0.6016 0.7639
103 104 105 0.6620 0.7449 0.8264 0.6939 0.4938 0.3015 0.0236 0.2597
104 105 106 0.9466 0.8405 0.9893 0.0541 0.4921 0.6220 0.5653 0.3148
105 106 107 0.9976 0.9513 0.0129 0.7096 0.5659 0.2562 0.1368 0.8605
106 107 108 0.2012 0.5818 0.9730 0.9185 0.4411 0.1738 0.6225 0.9778
107 108 109 0.5535 0.3810 0.4157 0.9462 0.0111 0.3825 0.9864 0.3100
108 109 110 0.2849 0.9139 0.5826 0.9021 0.4832 0.7651 0.4736 0.2561
109 110 111 0.3174 0.9581 0.1553 0.9241 0.8157 0.2900 0.2131 0.2013
110 111 112 0.9333 0.4928 0.5001 0.2651 0.6830 0.4473 0.8540 0.1121
111 112 113 0.3956 0.6045 0.8490 0.0063 0.7358 0.6097 0.2123 0.8648
112 113 114 0.4431 0.1692 0.3732 0.6566 0.0807 0.5411 0.4738 0.5415
113 114 115 0.0465 0.8567 0.3549 0.4705 0.1285 0.7738 0.4134 0.5025
114 115 116 0.8208 0.8206 0.5509 0.6393 0.9713 0.7583 0.0312 0.7586
115 116 117 0.3249 0.2323 0.7391 0.7857 0.1490 0.3815 0.7567 0.7414
116 117 118 0.9685 0.5974 0.4319 0.4564 0.0361 0.5089 0.3391 0.4210
117 118 119 0.8427 0.2263 0.2828 0.4907 0.2235 0.9257 0.1798 0.7602
118 119 120 0.7832 0.0458 0.2439 0.2065 0.4388 0.9105 0.8128 0.8517
119 120 121 0.6405 0.1908 0.4534 0.1298 0.2185 0.9733 0.0061 0.4802
120 121 122 0.4847 0.2273 0.9036 0.9590 0.5951 0.6337 0.1291 0.4757
121 122 123 0.5227 0.1591 0.8570 0.5011 0.0550 0.3686 0.0420 0.8644
122 123 124 0.9740 0.3509 0.4762 0.7949 0.7853 0.3690 0.6522 0.4577
123 124 125 0.7264 0.1232 0.5451 0.5573 0.6343 0.3242 0.6046 0.0415
124 125 126 0.2990 0.0984 0.0322 0.9311 0.8509 0.2533 0.8358 0.2454
125 126 127 0.0328 0.7155 0.1691 0.9735 0.3333 0.0237 0.7264 0.1989
126 127 128 0.1182 0.9037 0.4220 0.3441 0.3837 0.7865 0.6827 0.3440
127 128 129 0.0730 0.7957 0.8153 0.6953 0.1950 0.0209 0.8522 0.9057
128 129 130 0.6500 0.8981 0.6033 0.7994 0.5892 0.2361 0.7066 0.2276
129 130 131 0.1068 0.6986 0.7281 0.4492 0.9307 0.8316 0.3114 0.1296
130 131 132 0.4371 0.0293 0.5533 0.8274 0.2769 0.3042 0.3753 0.4645
131 132 133 0.1127 0.2074 0.3728 0.1057 0.0351 0.2843 0.4367 0.5965
132 133 134 0.4580 0.7020 0.8105 0.7542 0.0393 0.0556 0.4324 0.8456
133 134 135 0.3180 0.4938 0.7635 0.7249 0.6327 0.0350 0.8980 0.9973
134 135 136 0.1280 0.9029 0.9272 0.7757 0.5168 0.3220 0.7708 0.5951
135 136 137 0.2245 0.5901 0.5807 0.3874 0.1420 0.5311 0.3811 0.8681
136 137 138 0.5439 0.6536 0.7972 0.3748 0.5086 0.7536 0.1397 0.2690
137 138 139 0.2477 0.9898 0.5434 0.3284 0.4704 0.7349 0.6167 0.1871
138 139 140 0.0809 0.9138 0.7856 0.9715 0.8253 0.1127 0.5103 0.0769
139 140 141 0.8425 0.6360 0.7744 0.1002 0.3395 0.5239 0.6322 0.7731
140 141 142 0.1732 0.3774 0.6463 0.6399 0.3000 0.6540 0.6663 0.0897
141 142 143 0.6421 0.1667 0.5342 0.8963 0.8244 0.8688 0.3659 0.4613
142 143 144 0.2402 0.9266 0.9959 0.7491 0.8329 0.0252 0.5866 0.1074
143 144 145 0.1953 0.9413 0.2065 0.9569 0.6215 0.9545 0.6708 0.6781
144 145 146 0.9662 0.1687 0.4313 0.9570 0.5263 0.0695 0.7644 0.1123
145 146 147 0.9072 0.9494 0.7521 0.1844 0.0078 0.9375 0.1223 0.7345
146 147 148 0.1276 0.3653 0.8075 0.7358 0.4740 0.0103 0.3456 0.1125
147 148 149 0.6244 0.2884 0.3080 0.0572 0.9721 0.4099 0.9555 0.3990
148 149 150 0.0400 0.0440 0.0883 0.5793 0.9399 0.4996 0.5761 0.6124
149 150 151 0.1438 0.1281 0.3133 0.5978 0.3219 0.7254 0.4971 0.4809
150 151 152 0.1413 0.3954 0.4841 0.3538 0.5626 0.0235 0.2233 0.8837
151 152 153 0.5976 0.8091 0.3904 0.2470 0.1448 0.0393 0.1526 0.7604
152 153 154 0.9738 0.7526 0.4835 0.9845 0.2227 0.8611 0.3781 0.2038
153 154 155 0.8308 0.4758 0.3916 0.0314 0.9484 0.6623 0.7085 0.1286
154 155 156 0.0608 0.5380 0.6990 0.6986 0.2281 0.9634 0.9912 0.1376
155 156 157 0.2446 0.7728 0.0917 0.7114 0.4443 0.8527 0.3608 0.8012
156 157 158 0.1130 0.2554 0.0234 0.9628 0.9549 0.8280 0.3618 0.9964
157 158 159 0.1084 0.9638 0.6997 0.9721 0.5197 0.7004 0.7694 0.6938
158 159 160 0.4532 0.9541 0.6725 0.7231 0.4617 0.9492 0.7863 0.5793
159 160 161 0.6777 0.5454 0.0274 0.2078 0.4899 0.1626 0.0007 0.1535
160 161 162 0.7292 0.9032 0.3580 0.7109 0.7385 0.1059 0.5808 0.9805
161 162 163 0.2047 0.3100 0.8250 0.3225 0.5986 0.3754 0.5999 0.8649
162 163 164 0.2215 0.6144 0.4414 0.9169 0.4751 0.9833 0.4717 0.5981
163 164 165 0.9688 0.4215 0.3516 0.0014 0.1441 0.9590 0.6260 0.6797
164 165 166 0.9425 0.2976 0.0307 0.1438 0.9921 0.7272 0.5969 0.6064
165 166 167 0.7008 0.5404 0.4481 0.0402 0.7096 0.7697 0.1099 0.9713
166 167 168 0.0157 0.3417 0.7718 0.7746 0.6898 0.1896 0.2221 0.6955
167 168 169 0.9968 0.2006 0.7115 0.6440 0.1719 0.7659 0.6669 0.8201
168 169 170 0.1297 0.1324 0.8244 0.6747 0.2804 0.6906 0.3013 0.7909
169 170 171 0.5844 0.7186 0.6783 0.8870 0.6830 0.4959 0.1093 0.9845
170 171 172 0.0456 0.9089 0.0868 0.0244 0.2053 0.9448 0.5099 0.8132
171 172 173 0.5819 0.2413 0.5566 0.3662 0.4606 0.0024 0.2993 0.1097
172 173 174 0.5123 0.1630 0.4984 0.7573 0.6689 0.3297 0.7668 0.4263
173 174 175 0.4532 0.5606 0.1955 0.2703 0.0023 0.0972 0.6468 0.8717
174 175 176 0.8649 0.1202 0.3386 0.3846 0.2410 0.9918 0.2177 0.8960
175 176 177 0.2815 0.0185 0.6570 0.5960 0.1235 0.7919 0.9477 0.0558
176 177 178 0.4471 0.1730 0.3570 0.7821 0.8292 0.6322 0.1501 0.1302
177 178 179 0.7414 0.7402 0.8971 0.8455 0.7731 0.4965 0.9897 0.5125
178 179 180 0.9238 0.9653 0.3574 0.0930 0.4786 0.6604 0.0036 0.6073
179 180 181 0.0075 0.1910 0.3564 0.8865 0.6790 0.3077 0.8092 0.9340
180 181 182 0.1384 0.9606 0.2941 0.1015 0.3023 0.6041 0.9733 0.0836
181 182 183 0.5122 0.8645 0.8221 0.3433 0.3580 0.7961 0.9801 0.1569
182 183 184 0.3764 0.8599 0.8356 0.8880 0.4136 0.1933 0.9535 0.3103
183 184 185 0.3234 0.9684 0.0881 0.7235 0.8062 0.1491 0.4647 0.4058
184 185 186 0.7133 0.3130 0.9565 0.9475 0.5719 0.2397 0.5310 0.6846
185 186 187 0.5415 0.5194 0.8736 0.9227 0.2692 0.1928 0.2637 0.6058
186 187 188 0.4022 0.7339 0.9678 0.7477 0.4995 0.7725 0.4970 0.0442
187 188 189 0.0731 0.6689 0.7232 0.4735 0.3801 0.4545 0.1299 0.1998
188 189 190 0.6623 0.1885 0.4595 0.8179 0.8104 0.8113 0.6803 0.9340
189 190 191 0.6795 0.7969 0.9407 0.0190 0.7336 0.1890 0.0315 0.8383
190 191 192 0.9029 0.7541 0.1586 0.5631 0.4131 0.0474 0.4203 0.4314
191 192 193 0.3336 0.2374 0.5537 0.7765 0.6258 0.1379 0.0564 0.4159
192 193 194 0.8543 0.1199 0.2236 0.4840 0.1951 0.7483 0.0597 0.8405
193 194 195 0.0144 0.5645 0.0989 0.3498 0.6463 0.4976 0.5322 0.2187
194 195 196 0.5880 0.7230 0.6680 0.5483 0.0398 0.5195 0.8992 0.0328
195 196 197 0.5505 0.6033 0.9515 0.6540 0.3451 0.8300 0.8557 0.4134
196 197 198 0.2345 0.5862 0.7017 0.3748 0.1269 0.9995 0.0249 0.6798
197 198 199 0.1128 0.7155 0.8418 0.3838 0.6009 0.3074 0.2992 0.9708
198 199 200 0.0018 0.6376 0.7244 0.2617 0.0340 0.3893 0.6297 0.3922
199 200 201 0.6562 0.1755 0.4160 0.9249 0.3372 0.4700 0.6709 0.0982
200 201 202 0.6162 0.5769 0.3771 0.0566 0.6902 0.7001 0.7878 0.9549
201 202 203 0.7058 0.6973 0.1083 0.3015 0.4604 0.3079 0.2031 0.5504
202 203 204 0.6481 0.2113 0.7173 0.8999 0.5901 0.5204 0.9454 0.3749
203 204 205 0.7691 0.3114 0.9353 0.7455 0.8943 0.1993 0.2374 0.4329
204 205 206 0.5862 0.2598 0.7432 0.8010 0.6139 0.6880 0.8917 0.6963
205 206 207 0.4871 0.5501 0.7230 0.6020 0.1250 0.4415 0.1278 0.1598
206 207 208 0.4028 0.7391 0.7945 0.0203 0.1394 0.3107 0.7579 0.3900
207 208 209 0.0207 0.7504 0.7044 0.6128 0.0914 0.3263 0.4078 0.5489
208 209 210 0.7728 0.1842 0.4721 0.8278 0.8873 0.4989 0.2282 0.7219
209 210 211 0.0724 0.3561 0.7506 0.2270 0.5791 0.9335 0.5475 0.5374
210 211 212 0.1496 0.7316 0.1462 0.7811 0.4315 0.9812 0.5648 0.5409
211 212 213 0.0624 0.1401 0.9825 0.5761 0.3780 0.8162 0.3008 0.5330
212 213 214 0.2839 0.1810 0.3080 0.7533 0.1650 0.9987 0.7086 0.4146
213 214 215 0.1571 0.4812 0.7164 0.5431 0.1318 0.5335 0.2740 0.2992
214 215 216 0.5900 0.8262 0.5652 0.9918 0.1454 0.4038 0.9549 0.1740
215 216 217 0.3198 0.2894 0.1560 0.9258 0.1110 0.4143 0.3905 0.0172
216 217 218 0.6907 0.0390 0.6587 0.3276 0.3991 0.8415 0.4857 0.2890
217 218 219 0.8735 0.4894 0.8613 0.1127 0.0601 0.7805 0.6379 0.2812
218 219 220 0.4898 0.3650 0.7913 0.0811 0.2252 0.1531 0.5729 0.1891
219 220 221 0.8891 0.3957 0.2100 0.7244 0.9357 0.2975 0.1608 0.1240
220 221 222 0.5213 0.9887 0.8043 0.8313 0.1348 0.4020 0.2719 0.4644
221 222 223 0.3262 0.3331 0.8422 0.7096 0.1079 0.3523 0.2701 0.1905
222 223 224 0.1334 0.2442 0.9775 0.6595 0.5222 0.1155 0.2499 0.3587
223 224 225 0.8301 0.1990 0.8273 0.0898 0.5784 0.4043 0.5420 0.7321
224 225 226 0.1031 0.8881 0.2307 0.0177 0.5194 0.0104 0.6495 0.3979
225 226 227 0.8460 0.5530 0.4982 0.0177 0.8101 0.5792 0.2496 0.1107
226 227 228 0.1569 0.8991 0.7007 0.8745 0.1251 0.5604 0.7128 0.1622
227 228 229 0.0663 0.0528 0.0336 0.4487 0.3296 0.6212 0.2854 0.4498
228 229 230 0.1419 0.5683 0.9234 0.8613 0.8147 0.1420 0.4122 0.9440
229 230 231 0.1297 0.0350 0.7638 0.4378 0.4140 0.3286 0.9332 0.5501
230 231 232 0.5623 0.4019 0.7329 0.1400 0.2176 0.3202 0.5747 0.5377
231 232 233 0.8587 0.9422 0.7846 0.4657 0.2123 0.5782 0.5229 0.6661
232 233 234 0.9173 0.0914 0.5568 0.5216 0.9121 0.2135 0.2152 0.3491
233 234 235 0.0071 0.8666 0.4693 0.5767 0.8816 0.8051 0.2279 0.4804
234 235 236 0.8047 0.6479 0.4546 0.2445 0.2840 0.1981 0.7971 0.2686
235 236 237 0.0891 0.2577 0.5356 0.8943 0.9897 0.9834 0.9411 0.1656
236 237 238 0.8474 0.7929 0.1586 0.0299 0.3705 0.9503 0.4469 0.0712
237 238 239 0.8080 0.0078 0.0369 0.4113 0.7493 0.5527 0.7167 0.3733
238 239 240 0.9467 0.2122 0.3102 0.7743 0.0607 0.0057 0.7749 0.1360
239 240 241 0.7127 0.5194 0.1500 0.9444 0.2997 0.0518 0.6720 0.3899
240 241 242 0.8822 0.8229 0.1360 0.8587 0.6391 0.5092 0.1279 0.9098
241 242 243 0.1515 0.2634 0.5248 0.6828 0.1503 0.6894 0.7051 0.5919
242 243 244 0.4094 0.1733 0.7016 0.4264 0.8091 0.4005 0.9661 0.8986
243 244 245 0.5019 0.6806 0.8615 0.3446 0.5345 0.0457 0.8625 0.5058
244 245 246 0.5644 0.6385 0.6461 0.6154 0.3768 0.1286 0.4785 0.8487
245 246 247 0.0652 0.3438 0.9564 0.5978 0.9947 0.4617 0.7525 0.5294
246 247 248 0.4399 0.5140 0.8613 0.6435 0.4532 0.1905 0.7214 0.6599
247 248 249 0.9610 0.2552 0.0838 0.9296 0.2025 0.2854 0.1240 0.0427
248 249 250 0.4369 0.9509 0.6495 0.2600 0.6865 0.0902 0.1248 0.4829
249 250 251 0.9492 0.2209 0.3781 0.4985 0.3210 0.7558 0.2556 0.0819
250 251 252 0.1475 0.2732 0.3499 0.2252 0.9540 0.8096 0.2078 0.2566
251 252 253 0.8243 0.8904 0.5060 0.8160 0.3250 0.2824 0.8309 0.1726
252 253 254 0.2478 0.2035 0.1175 0.8719 0.6728 0.9954 0.8842 0.2188
253 254 255 0.5798 0.5994 0.4957 0.3776 0.8145 0.3776 0.0152 0.7701
254 255 256 0.4575 0.7533 0.9625 0.6623 0.6243 0.7634 0.9637 0.6739
255 256 257 0.8294 0.8806 0.6676 0.1071 0.0580 0.5997 0.6196 0.4930
256 257 258 0.1097 0.3351 0.3819 0.5738 0.7432 0.2752 0.9891 0.8687
257 258 259 0.0261 0.3833 0.8605 0.1373 0.2663 0.0010 0.3179 0.0687
258 259 260 0.6979 0.5454 0.5846 0.2401 0.0083 0.1951 0.8604 0.6123
259 260 261 0.7418 0.6699 0.6372 0.0089 0.2838 0.6469 0.2028 0.9789
260 261 262 0.3013 0.8512 0.1367 0.3999 0.7375 0.3059 0.8381 0.1247
261 262 263 0.2801 0.7177 0.0063 0.8859 0.6735 0.7304 0.9337 0.4738
262 263 264 0.4614 0.2400 0.1548 0.2541 0.9710 0.6330 0.8618 0.4916
263 264 265 0.9275 0.3418 0.0431 0.1301 0.7154 0.5787 0.0275 0.6336
264 265 266 0.4645 0.0218 0.2126 0.9072 0.6448 0.2767 0.0157 0.5192
265 266 267 0.7336 0.8630 0.4517 0.7355 0.3748 0.2592 0.2307 0.2567
266 267 268 0.1547 0.8613 0.0101 0.1686 0.9088 0.6137 0.2071 0.8500
267 268 269 0.5096 0.2437 0.6458 0.9994 0.9086 0.9985 0.4325 0.4791
268 269 270 0.9051 0.8360 0.3137 0.2609 0.0050 0.9808 0.5547 0.7368
269 270 271 0.1108 0.3081 0.6424 0.4782 0.3833 0.3949 0.4669 0.5199
270 271 272 0.4956 0.7733 0.2965 0.3482 0.2930 0.0038 0.2272 0.0223
271 272 273 0.0933 0.1799 0.8781 0.1648 0.1987 0.9138 0.7146 0.9369
272 273 274 0.7030 0.4832 0.2689 0.2153 0.4783 0.9371 0.0415 0.1045
273 274 275 0.6787 0.9042 0.9724 0.3038 0.6735 0.7902 0.6821 0.7361
274 275 276 0.3624 0.1937 0.8696 0.5295 0.4940 0.6004 0.2473 0.3184
275 276 277 0.3713 0.5797 0.7289 0.5103 0.6129 0.3203 0.4737 0.8862
276 277 278 0.3158 0.1141 0.6841 0.7688 0.1219 0.4236 0.7827 0.3723
277 278 000 0.6515 0.1492 0.7537 0.3139 0.8030 0.9052 0.1003 0.7780
278 000 001 0.2471 0.2547 0.3516 0.6303 0.1698 0.8199 0.7493 0.8369
