279 155682 3 279
000 001 002 0.7328 0.9245 0.6353 0.9503 0.1828 0.7304 0.2960 0.2119
001 002 003 0.8266 0.6811 0.9020 0.7236 0.3004 0.4603 0.5759 0.1385
002 003 004 0.1739 0.6467 0.3190 0.0631 0.8370 0.2674 0.6155 0.4725
003 004 005 0.6927 0.3399 0.9820 0.0350 0.6651 0.6306 0.9722 0.4388
004 005 006 0.2208 0.5325 0.6458 0.9685 0.3641 0.2804 0.1200 0.2665
005 006 007 0.7180 0.2251 0.9510 0.1747 0.0597 0.8406 0.7095 0.6973
006 007 008 0.8574 0.9420 0.9082 0.0195 0.3290 0.8108 0.1179 0.5268
007 008 009 0.2368 0.2970 0.9652 0.1569 0.0017 0.8377 0.0747 0.1728
008 009 010 0.0737 0.3046 0.0780 0.6088 0.0765 0.9183 0.2383 0.7559
009 010 011 0.3309 0.1018 0.3682 0.3557 0.2160 0.4900 0.9807 0.0914
010 011 012 0.9333 0.3427 0.3928 0.1571 0.0124 0.1150 0.5872 0.2845
011 012 013 0.9393 0.5099 0.5197 0.4229 0.1825 0.5810 0.4988 0.5587
012 013 014 0.5544 0.8273 0.0490 0.7346 0.9314 0.0077 0.8320 0.7509
013 014 015 0.4515 0.0038 0.4491 0.2911 0.2032 0.9416 0.8018 0.0050
014 015 016 0.3856 0.1884 0.9831 0.1496 0.9075 0.0388 0.9780 0.0661
015 016 017 0.6731 0.9743 0.7113 0.6522 0.1844 0.0221 0.5782 0.1883
016 017 018 0.9929 0.9502 0.9352 0.1306 0.7641 0.2888 0.1358 0.4633
017 018 019 0.6821 0.3178 0.9120 0.5798 0.2356 0.9347 0.4074 0.1979
018 019 020 0.1424 0.4304 0.7315 0.6827 0.1732 0.7381 0.2428 0.2782
019 020 021 0.7312 0.6363 0.8679 0.2117 0.7405 0.6139 0.2435 0.4195
020 021 022 0.7010 0.4635 0.0905 0.2242 0.1732 0.9863 0.3431 0.2873
021 022 023 0.2398 0.8109 0.0047 0.2966 0.0812 0.6842 0.9337 0.5315
022 023 024 0.6541 0.5394 0.2411 0.2698 0.6144 0.2498 0.5389 0.9102
023 024 025 0.8956 0.3294 0.7393 0.2214 0.5521 0.0061 0.2470 0.6744
024 025 026 0.0086 0.2384 0.8023 0.8079 0.5994 0.1926 0.8662 0.0917
025 026 027 0.2280 0.2228 0.4462 0.8119 0.5491 0.2419 0.0582 0.2885
026 027 028 0.5671 0.0165 0.3990 0.2830 0.9578 0.0644 0.6584 0.7419
027 028 029 0.1026 0.3226 0.8983 0.5333 0.7067 0.0252 0.3412 0.5030
028 029 030 0.6949 0.4980 0.2357 0.8352 0.5233 0.9305 0.2004 0.8400
029 030 031 0.4869 0.6704 0.0980 0.2458 0.3662 0.4381 0.5765 0.5045
030 031 032 0.6407 0.0085 0.7586 0.0514 0.6949 0.3044 0.2054 0.2715
031 032 033 0.3517 0.8270 0.3239 0.7673 0.7459 0.6722 0.3246 0.0821
032 033 034 0.5413 0.5108 0.7256 0.3813 0.2241 0.5293 0.4812 0.7760
033 034 035 0.4216 0.3654 0.5006 0.4213 0.9975 0.6953 0.5278 0.7938
034 035 036 0.2784 0.8564 0.9263 0.6014 0.3666 0.4965 0.3455 0.4867
035 036 037 0.2040 0.3806 0.9142 0.4971 0.6966 0.4329 0.8642 0.9830
036 037 038 0.4996 0.4965 0.3771 0.2743 0.7818 0.3929 0.1100 0.8292
037 038 039 0.3004 0.3414 0.0857 0.3218 0.7082 0.0372 0.6974 0.9402
038 039 040 0.1243 0.1027 0.8586 0.6590 0.6336 0.4124 0.5088 0.2698
039 040 041 0.4756 0.3547 0.1014 0.9421 0.5377 0.3393 0.2286 0.9017
040 041 042 0.1016 0.2286 0.7489 0.0906 0.5039 0.0496 0.3662 0.1164
041 042 043 0.4583 0.5796 0.7477 0.1431 0.1785 0.3308 0.4125 0.2474
042 043 044 0.9328 0.7800 0.2967 0.2314 0.3572 0.3780 0.7893 0.8232
043 044 045 0.5452 0.2570 0.6648 0.0550 0.1801 0.0865 0.6160 0.2500
044 045 046 0.8986 0.8781 0.8981 0.0086 0.5904 0.5169 0.8049 0.5650
045 046 047 0.9082 0.8890 0.4310 0.1504 0.0843 0.5756 0.9885 0.2342
046 047 048 0.0478 0.9914 0.7175 0.1814 0.3193 0.7296 0.3270 0.4759
047 048 049 0.7450 0.4282 0.4157 0.5027 0.4055 0.6950 0.3735 0.8526
048 049 050 0.4884 0.6603 0.8360 0.4494 0.0186 0.3432 0.4745 0.9057
049 050 051 0.1064 0.0724 0.6554 0.1595 0.6197 0.2181 0.9179 0.3905
050 051 052 0.7090 0.5186 0.1429 0.6510 0.8243 0.2965 0.8884 0.9751
051 052 053 0.8727 0.8494 0.6105 0.2025 0.3000 0.5388 0.7233 0.7676
052 053 054 0.2435 0.3461 0.9325 0.4136 0.8047 0.2784 0.7510 0.1816
053 054 055 0.5760 0.8594 0.0813 0.4315 0.1941 0.5421 0.4417 0.7574
054 055 056 0.3488 0.2789 0.2853 0.3394 0.8704 0.9814 0.4887 0.1846
055 056 057 0.4880 0.7416 0.7974 0.5985 0.5938 0.7724 0.5642 0.7307
056 057 058 0.2970 0.2927 0.2987 0.6045 0.9018 0.7853 0.0408 0.7062
057 058 059 0.8740 0.0164 0.0153 0.9111 0.6548 0.9683 0.8579 0.4702
058 059 060 0.2769 0.9334 0.2083 0.1899 0.7198 0.3299 0.4138 0.1390
059 060 061 0.8174 0.6848 0.2923 0.7015 0.7307 0.5804 0.2843 0.7166
060 061 062 0.1164 0.5922 0.6332 0.4681 0.4027 0.7818 0.2074 0.4402
061 062 063 0.4036 0.2281 0.3402 0.1017 0.2847 0.4142 0.3100 0.3389
062 063 064 0.5914 0.8805 0.5805 0.2098 0.4412 0.9949 0.8295 0.8436
063 064 065 0.6037 0.1682 0.8345 0.2223 0.4281 0.7464 0.0213 0.1457
064 065 066 0.4153 0.5169 0.8152 0.5057 0.2374 0.4814 0.5353 0.1390
065 066 067 0.8160 0.1644 0.5056 0.5151 0.5014 0.5792 0.7286 0.3292
066 067 068 0.8877 0.0074 0.6473 0.3678 0.9807 0.2840 0.2311 0.4136
067 068 069 0.9877 0.8816 0.5260 0.5241 0.7087 0.3937 0.4139 0.7502
068 069 070 0.2567 0.3863 0.3736 0.1909 0.6774 0.3218 0.0669 0.0307
069 070 071 0.8722 0.7077 0.9062 0.5080 0.5797 0.8839 0.3084 0.8177
070 071 072 0.2593 0.1657 0.4581 0.5553 0.1013 0.0919 0.7967 0.2124
071 072 073 0.6295 0.8291 0.8132 0.8051 0.6303 0.4757 0.4529 0.1626
072 073 074 0.8034 0.7970 0.0983 0.0140 0.1832 0.0200 0.2258 0.7876
073 074 075 0.6451 0.0453 0.4516 0.4783 0.1325 0.3175 0.4574 0.3208
074 075 076 0.5508 0.6863 0.1616 0.8134 0.7549 0.2696 0.3259 0.4517
075 076 077 0.1413 0.1325 0.4366 0.1193 0.1006 0.5873 0.2252 0.0173
076 077 078 0.0653 0.7718 0.8864 0.8041 0.1547 0.8644 0.3090 0.1598
077 078 079 0.9048 0.0264 0.4663 0.7355 0.9910 0.0548 0.4154 0.5856
078 079 080 0.9906 0.8438 0.9242 0.8700 0.6789 0.7268 0.1273 0.2968
079 080 081 0.3252 0.1725 0.9066 0.7684 0.2807 0.5120 0.9590 0.2241
080 081 082 0.4347 0.7956 0.5565 0.9998 0.5811 0.0651 0.5098 0.7175
081 082 083 0.5515 0.2147 0.5144 0.8180 0.1703 0.3601 0.5505 0.7762
082 083 084 0.4298 0.1718 0.4782 0.7857 0.0317 0.3860 0.1998 0.9388
083 084 085 0.0989 0.8803 0.6437 0.9848 0.5864 0.0561 0.2807 0.6241
084 085 086 0.2937 0.3565 0.7788 0.7558 0.9502 0.3791 0.6993 0.6091
085 086 087 0.7098 0.6789 0.1222 0.6983 0.9590 0.7784 0.2241 0.9980
086 087 088 0.7115 0.0900 0.1994 0.7469 0.6701 0.6348 0.1794 0.8638
087 088 089 0.0547 0.3558 0.6193 0.8900 0.3947 0.8373 0.9185 0.0093
088 089 090 0.5775 0.0309 0.5153 0.8802 0.5775 0.2626 0.6464 0.0847
089 090 091 0.3431 0.8831 0.6665 0.6167 0.4947 0.2284 0.8652 0.0508
090 091 092 0.3149 0.7580 0.5804 0.1231 0.6299 0.4618 0.7887 0.1670
091 092 093 0.8824 0.4788 0.7596 0.6383 0.6202 0.1098 0.9231 0.2103
092 093 094 0.5887 0.2371 0.2768 0.9776 0.7812 0.0854 0.5053 0.7507
093 094 095 0.2518 0.8518 0.4760 0.2330 0.8124 0.6306 0.6257 0.5181
094 095 096 0.9997 0.8475 0.0127 0.6623 0.1255 0.2056 0.3710 0.2972
095 096 097 0.6456 0.2910 0.0944 0.8570 0.9506 0.9748 0.6523 0.1953
096 097 098 0.0214 0.5311 0.9448 0.4150 0.5633 0.2869 0.8400 0.6850
097 098 099 0.6467 0.6578 0.5778 0.5818 0.9731 0.6196 0.1120 0.1041
098 099 100 0.1884 0.8641 0.0561 0.9598 0.0738 0.7933 0.7118 0.5107
099 100 101 0.7420 0.1160 0.1743 0.1717 0.5430 0.7555 0.4848 0.8724
100 101 102 0.0199 0.9415 0.2409 0.5643 0.6294 0.1976 0.1669 0.5637
101 102 103 0.1153 0.0408 0.4921 0.9951 0.4768 0.2996 0.1124 0.5763
102 103 104 0.1687 0.4490 0.5423 0.2331 0.1731 0.5984 0.6531 0.1076
103 104 105 0.5455 0.5840 0.5872 0.7304 0.6341 0.8448 0.6207 0.7969
104 105 106 0.1557 0.7029 0.6677 0.7401 0.3758 0.9209 0.1701 0.6366
105 106 107 0.9791 0.0259 0.9328 0.5147 0.3674 0.1626 0.5820 0.6240
106 107 108 0.3927 0.7050 0.7938 0.0880 0.4382 0.2360 0.9311 0.8996
107 108 109 0.6736 0.6292 0.2122 0.1062 0.0846 0.3145 0.6327 0.0757
108 109 110 0.6076 0.6736 0.3145 0.6010 0.1719 0.4609 0.9853 0.2918
109 110 111 0.4600 0.2082 0.2149 0.5649 0.7688 0.7466 0.9276 0.2559
110 111 112 0.1613 0.4120 0.3752 0.2963 0.0908 0.8799 0.3506 0.7063
111 112 113 0.7603 0.8469 0.5103 0.2756 0.5561 0.4946 0.2904 0.0227
112 113 114 0.7589 0.8268 0.9927 0.0670 0.9401 0.2253 0.2268 0.3345
113 114 115 0.8211 0.3422 0.0653 0.3882 0.5483 0.2497 0.7829 0.3498
114 115 116 0.3153 0.9439 0.9523 0.8735 0.4619 0.9498 0.6787 0.1952
115 116 117 0.7804 0.4037 0.4651 0.6152 0.8545 0.4024 0.5486 0.8660
116 117 118 0.3416 0.0175 0.7458 0.8504 0.0648 0.3724 0.7217 0.2949
117 118 119 0.0364 0.3718 0.8393 0.1569 0.0044 0.2317 0.2055 0.7861
118 119 120 0.4733 0.2803 0.8611 0.1562 0.7554 0.0505 0.2187 0.8600
119 120 121 0.5859 0.8214 0.4849 0.7098 0.5656 0.8490 0.6429 0.9450
120 121 122 0.6387 0.9457 0.5002 0.2427 0.9526 0.4127 0.0862 0.4888
121 122 123 0.7267 0.9868 0.6382 0.7229 0.2235 0.4950 0.5311 0.5088
122 123 124 0.9836 0.5224 0.6224 0.3250 0.9271 0.1749 0.1588 0.7916
123 124 125 0.4234 0.2896 0.6375 0.9192 0.1550 0.2624 0.9954 0.1938
124 125 126 0.3530 0.1191 0.7686 0.8663 0.8099 0.4549 0.4221 0.6441
125 126 127 0.1608 0.4643 0.4124 0.5141 0.2444 0.8495 0.1600 0.5348
126 127 128 0.9757 0.0572 0.2489 0.2117 0.9886 0.6927 0.8229 0.8335
127 128 129 0.9048 0.9961 0.5527 0.9460 0.5082 0.6151 0.1105 0.5868
128 129 130 0.0394 0.4658 0.3004 0.2315 0.2056 0.8863 0.2707 0.7353
129 130 131 0.0791 0.9600 0.3157 0.5622 0.4174 0.4481 0.9606 0.0271
130 131 132 0.0647 0.9983 0.9147 0.1608 0.1618 0.0016 0.4169 0.7286
131 132 133 0.9399 0.7792 0.5187 0.6399 0.2627 0.7140 0.5743 0.3949
132 133 134 0.8871 0.0902 0.7482 0.2837 0.6217 0.4869 0.2398 0.7691
133 134 135 0.3288 0.5198 0.0281 0.8718 0.3905 0.1381 0.4904 0.6422
134 135 136 0.4392 0.8191 0.5394 0.1218 0.3294 0.5069 0.0111 0.5036
135 136 137 0.0893 0.1639 0.2491 0.2872 0.6171 0.7778 0.4510 0.5255
136 137 138 0.9612 0.7101 0.9052 0.8602 0.2313 0.1375 0.2090 0.8827
137 138 139 0.6323 0.7253 0.4663 0.7781 0.3165 0.1854 0.8657 0.8883
138 139 140 0.6515 0.2659 0.1847 0.2845 0.1801 0.2437 0.9382 0.2950
139 140 141 0.9492 0.6528 0.6986 0.8028 0.2453 0.9887 0.1383 0.1319
140 141 142 0.6419 0.2115 0.4578 0.1627 0.9623 0.4622 0.6708 0.4571
141 142 143 0.5837 0.6835 0.7610 0.3877 0.2983 0.9417 0.7199 0.6846
142 143 144 0.4012 0.6933 0.0120 0.4531 0.5392 0.7566 0.8112 0.3458
143 144 145 0.9643 0.1348 0.2050 0.2347 0.6651 0.4779 0.1848 0.7811
144 145 146 0.3410 0.7732 0.2638 0.5265 0.9962 0.6554 0.5500 0.9319
145 146 147 0.9502 0.2625 0.6191 0.7561 0.6024 0.5782 0.9977 0.2843
146 147 148 0.3844 0.6399 0.5994 0.6089 0.4080 0.0772 0.7533 0.4005
147 148 149 0.3376 0.8606 0.4578 0.5301 0.4047 0.5431 0.5993 0.8835
148 149 150 0.3202 0.8771 0.2715 0.7149 0.8294 0.0532 0.8879 0.9415
149 150 151 0.2186 0.5726 0.2974 0.6874 0.9089 0.9151 0.1617 0.6558
150 151 152 0.1195 0.5752 0.3782 0.5434 0.1856 0.0963 0.4529 0.4323
151 152 153 0.0228 0.9750 0.1068 0.3771 0.8561 0.3579 0.7342 0.3883
152 153 154 0.2898 0.3533 0.3733 0.8690 0.9358 0.6708 0.2290 0.3367
153 154 155 0.1097 0.2052 0.6442 0.8758 0.0858 0.3767 0.4937 0.7356
154 155 156 0.6412 0.9073 0.6227 0.7822 0.0873 0.1490 0.0521 0.4968
155 156 157 0.8997 0.1506 0.7393 0.7048 0.4547 0.5103 0.7445 0.2299
156 157 158 0.2329 0.5975 0.9820 0.7390 0.5080 0.6304 0.9777 0.4601
157 158 159 0.0411 0.1279 0.4572 0.3948 0.0685 0.6742 0.9095 0.3826
158 159 160 0.8877 0.9405 0.6968 0.7406 0.0791 0.4918 0.0565 0.2999
159 160 161 0.2587 0.7831 0.7316 0.1901 0.9982 0.8897 0.8485 0.7521
160 161 162 0.6391 0.3688 0.3348 0.4156 0.1229 0.7175 0.3174 0.8227
161 162 163 0.3287 0.4066 0.8889 0.5429 0.9098 0.5465 0.9288 0.3968
162 163 164 0.6326 0.9452 0.0044 0.7061 0.8360 0.3158 0.4850 0.1500
163 164 165 0.6976 0.8788 0.3261 0.6491 0.0521 0.7536 0.4469 0.4619
164 165 166 0.2161 0.5940 0.8033 0.8461 0.9613 0.8665 0.5453 0.7642
165 166 167 0.6799 0.1167 0.6276 0.3915 0.4474 0.2255 0.4362 0.6005
166 167 168 0.7056 0.7116 0.9831 0.6868 0.3826 0.4566 0.6511 0.4808
167 168 169 0.7840 0.0226 0.6788 0.4975 0.2373 0.2587 0.2001 0.8615
168 169 170 0.7789 0.4848 0.7903 0.6969 0.6080 0.7133 0.5786 0.7018
169 170 171 0.0600 0.2948 0.6444 0.6762 0.0103 0.6487 0.1331 0.4065
170 171 172 0.4485 0.8674 0.9639 0.2718 0.5505 0.4834 0.9300 0.1740
171 172 173 0.4133 0.9861 0.2332 0.6065 0.5662 0.2480 0.1921 0.7115
172 173 174 0.3637 0.2285 0.5051 0.0682 0.4959 0.6155 0.2456 0.8828
173 174 175 0.3655 0.5417 0.0103 0.0035 0.0176 0.9053 0.7218 0.5340
174 175 176 0.8667 0.9276 0.4897 0.5866 0.8111 0.8679 0.5653 0.9652
175 176 177 0.8822 0.1986 0.7319 0.5629 0.7869 0.4453 0.4436 0.5827
176 177 178 0.3338 0.8329 0.8855 0.4277 0.2604 0.7399 0.9795 0.7785
177 178 179 0.2012 0.2738 0.9811 0.0105 0.1962 0.4945 0.2974 0.0475
178 179 180 0.0128 0.2249 0.7561 0.8270 0.9664 0.9683 0.0516 0.6021
179 180 181 0.2163 0.0317 0.0531 0.6772 0.2555 0.2643 0.0754 0.9606
180 181 182 0.5126 0.7790 0.0139 0.5031 0.6192 0.6911 0.8380 0.2073
181 182 183 0.7081 0.0835 0.1800 0.3783 0.3999 0.1270 0.3875 0.5016
182 183 184 0.5874 0.4223 0.1904 0.6272 0.1629 0.1874 0.0848 0.3389
183 184 185 0.1394 0.0548 0.3417 0.2590 0.4512 0.4413 0.2857 0.2959
184 185 186 0.3371 0.5774 0.4576 0.3745 0.0844 0.5356 0.0099 0.6189
185 186 187 0.4308 0.7701 0.9519 0.4171 0.7000 0.1548 0.1055 0.5153
186 187 188 0.1164 0.1423 0.8320 0.8607 0.2641 0.0028 0.1653 0.1346
187 188 189 0.2275 0.9560 0.5287 0.2487 0.3202 0.1224 0.1939 0.4150
188 189 190 0.5858 0.8841 0.3258 0.9210 0.2658 0.0293 0.8080 0.1664
189 190 191 0.5355 0.0198 0.7234 0.1891 0.9661 0.7173 0.6471 0.6164
190 191 192 0.5097 0.9877 0.0063 0.7884 0.5158 0.4531 0.7415 0.5471
191 192 193 0.9072 0.3817 0.9705 0.1167 0.8867 0.0489 0.1286 0.2299
192 193 194 0.1904 0.7443 0.7356 0.4125 0.1099 0.2185 0.1734 0.2452
193 194 195 0.3387 0.2688 0.8308 0.2055 0.2396 0.7207 0.2823 0.8414
194 195 196 0.0566 0.3445 0.2550 0.4563 0.0788 0.4120 0.9780 0.5843
195 196 197 0.4945 0.4695 0.5239 0.3219 0.2811 0.5976 0.8026 0.4865
196 197 198 0.9283 0.2384 0.7392 0.1615 0.4581 0.6588 0.4072 0.3459
197 198 199 0.8368 0.6158 0.4428 0.8175 0.1252 0.2506 0.0634 0.9480
198 199 200 0.8203 0.5174 0.9017 0.8256 0.6640 0.4350 0.8191 0.7225
199 200 201 0.4232 0.6129 0.2889 0.4462 0.4840 0.9988 0.2749 0.2192
200 201 202 0.0542 0.8612 0.0980 0.9056 0.4624 0.3643 0.8885 0.2937
201 202 203 0.0472 0.1783 0.8837 0.8657 0.8667 0.5490 0.2508 0.0734
202 203 204 0.8158 0.8909 0.0108 0.5778 0.4279 0.8826 0.4839 0.5405
203 204 205 0.8741 0.2052 0.6872 0.6025 0.8315 0.6464 0.6041 0.1245
204 205 206 0.4642 0.4679 0.2900 0.1949 0.5487 0.9688 0.5597 0.7709
205 206 207 0.4566 0.5506 0.8531 0.8820 0.6037 0.7222 0.5037 0.7043
206 207 208 0.9682 0.7929 0.0428 0.9952 0.1716 0.9450 0.5463 0.1166
207 208 209 0.7488 0.6353 0.1690 0.9325 0.3983 0.9790 0.9605 0.7589
208 209 210 0.0122 0.1512 0.8416 0.4572 0.0789 0.4469 0.6992 0.1963
209 210 211 0.1885 0.6039 0.7477 0.9940 0.9294 0.1753 0.3424 0.8679
210 211 212 0.0370 0.1886 0.6353 0.8564 0.4851 0.1868 0.1696 0.3938
211 212 213 0.7304 0.6376 0.5147 0.1852 0.1092 0.0245 0.1645 0.7552
212 213 214 0.9132 0.8811 0.5703 0.6062 0.2722 0.4600 0.2243 0.5102
213 214 215 0.4402 0.7837 0.6051 0.1202 0.5452 0.5888 0.7607 0.7310
214 215 216 0.6068 0.0089 0.4803 0.4994 0.5208 0.5132 0.5248 0.7436
215 216 217 0.6885 0.0067 0.0238 0.3548 0.8065 0.6018 0.2431 0.8208
216 217 218 0.1466 0.1739 0.0123 0.4135 0.9391 0.7806 0.4918 0.9671
217 218 219 0.9053 0.2148 0.7236 0.2729 0.4171 0.7651 0.4810 0.3086
218 219 220 0.7205 0.9767 0.2304 0.2358 0.9279 0.9537 0.1647 0.8219
219 220 221 0.2996 0.5798 0.1968 0.7704 0.6402 0.3913 0.9775 0.6724
220 221 222 0.2264 0.5148 0.4894 0.9026 0.7518 0.1612 0.2179 0.7885
221 222 223 0.5112 0.2505 0.4364 0.0002 0.2870 0.8096 0.7644 0.9340
222 223 224 0.6694 0.0711 0.1491 0.1178 0.8459 0.7459 0.0769 0.4408
223 224 225 0.9935 0.3456 0.9312 0.3569 0.9054 0.8888 0.4720 0.1121
224 225 226 0.9393 0.5772 0.9875 0.6722 0.7737 0.6374 0.5789 0.4480
225 226 227 0.1169 0.5105 0.5111 0.4364 0.7504 0.7848 0.5392 0.4183
226 227 228 0.3265 0.9317 0.9527 0.2713 0.8207 0.6495 0.6668 0.2453
227 228 229 0.8740 0.3179 0.3871 0.0161 0.3312 0.1543 0.2510 0.9028
228 229 230 0.0613 0.2307 0.2817 0.4942 0.0360 0.4944 0.1920 0.1278
229 230 231 0.0671 0.2812 0.0041 0.0540 0.4550 0.2173 0.6388 0.7866
230 231 232 0.1797 0.3255 0.9392 0.5808 0.8587 0.1245 0.7793 0.9372
231 232 233 0.0483 0.1128 0.6449 0.7380 0.2877 0.6516 0.4042 0.9961
232 233 234 0.8806 0.0977 0.3531 0.1731 0.6472 0.8463 0.2674 0.1700
233 234 235 0.1369 0.6973 0.1874 0.8812 0.6486 0.3801 0.5053 0.3491
234 235 236 0.0692 0.0340 0.7810 0.3352 0.6971 0.1060 0.1228 0.9157
235 236 237 0.8133 0.3774 0.6918 0.1961 0.7679 0.1121 0.3773 0.3258
236 237 238 0.8971 0.6172 0.7510 0.8010 0.0260 0.7926 0.6030 0.6368
237 238 239 0.8994 0.6179 0.6856 0.3979 0.7021 0.9836 0.5909 0.4639
238 239 240 0.2937 0.3771 0.3591 0.5940 0.9569 0.2498 0.6610 0.9550
239 240 241 0.0058 0.0418 0.0546 0.6322 0.2616 0.9254 0.0836 0.9834
240 241 242 0.8769 0.8041 0.7702 0.9200 0.6643 0.0782 0.9181 0.4550
241 242 243 0.0989 0.9485 0.2273 0.4006 0.7199 0.8220 0.9365 0.7203
242 243 244 0.4023 0.6232 0.7759 0.5142 0.4934 0.2159 0.4004 0.2125
243 244 245 0.3690 0.2658 0.2157 0.6120 0.0089 0.4459 0.7708 0.8562
244 245 246 0.7745 0.9009 0.9243 0.4806 0.4217 0.3988 0.8417 0.9144
245 246 247 0.8754 0.2174 0.4140 0.8767 0.1159 0.7637 0.6903 0.5233
246 247 248 0.2752 0.5263 0.0427 0.7583 0.2052 0.9009 0.1599 0.5926
247 248 249 0.9217 0.2299 0.1396 0.9000 0.0475 0.3124 0.8040 0.9683
248 249 250 0.2874 0.7659 0.5840 0.5807 0.7074 0.0226 0.7775 0.1256
249 250 251 0.9072 0.4068 0.1195 0.9918 0.5529 0.5258 0.9889 0.0369
250 251 252 0.8675 0.0208 0.7555 0.3629 0.2757 0.9825 0.4655 0.6474
251 252 253 0.9813 0.1042 0.3570 0.6261 0.6488 0.2642 0.9507 0.4459
252 253 254 0.8590 0.7171 0.0463 0.2777 0.8409 0.1041 0.5954 0.0676
253 254 255 0.9224 0.8268 0.2155 0.5215 0.4386 0.9326 0.9159 0.8319
254 255 256 0.6027 0.4020 0.3330 0.7305 0.7707 0.3018 0.8965 0.2987
255 256 257 0.4833 0.6522 0.1168 0.2237 0.5597 0.3788 0.8846 0.3470
256 257 258 0.9390 0.2343 0.6114 0.0833 0.8032 0.4935 0.4475 0.8067
257 258 259 0.7423 0.5919 0.5891 0.1548 0.1928 0.7765 0.7514 0.1682
258 259 260 0.4784 0.9260 0.8723 0.2776 0.1078 0.3237 0.6384 0.3754
259 260 261 0.9663 0.9714 0.6233 0.2198 0.8609 0.3360 0.2602 0.6568
260 261 262 0.5296 0.0909 0.6055 0.8082 0.9330 0.7167 0.8754 0.4868
261 262 263 0.2389 0.7926 0.9981 0.4307 0.6946 0.7234 0.3028 0.7805
262 263 264 0.4610 0.7889 0.0623 0.3988 0.4272 0.2957 0.1750 0.0506
263 264 265 0.6981 0.7625 0.6910 0.2221 0.0951 0.0189 0.2690 0.7994
264 265 266 0.2704 0.8348 0.7479 0.8506 0.9047 0.3816 0.2943 0.4210
265 266 267 0.7249 0.4089 0.9166 0.9566 0.2618 0.8559 0.0840 0.1792
266 267 268 0.9567 0.9193 0.1294 0.9944 0.7100 0.4049 0.9245 0.1356
267 268 269 0.6800 0.8828 0.5894 0.3765 0.9529 0.4967 0.5391 0.7482
268 269 270 0.9134 0.6436 0.3043 0.9681 0.4442 0.1370 0.6099 0.1214
269 270 271 0.9033 0.6097 0.7153 0.3096 0.3043 0.2360 0.2043 0.6309
270 271 272 0.8048 0.7093 0.6776 0.1744 0.3745 0.9260 0.0035 0.5981
271 272 273 0.3970 0.3499 0.9574 0.7482 0.0643 0.6775 0.4041 0.8616
272 273 274 0.6964 0.9769 0.9086 0.4533 0.5015 0.8056 0.9807 0.4573
273 274 275 0.1150 0.0830 0.9353 0.2124 0.6975 0.6698 0.8176 0.0718
274 275 276 0.0564 0.6892 0.9178 0.6266 0.7561 0.5965 0.7412 0.3518
275 276 277 0.6748 0.2526 0.3256 0.8896 0.3160 0.4031 0.4722 0.5009
276 277 278 0.4969 0.8073 0.7443 0.3997 0.0260 0.3064 0.3541 0.4509
277 278 000 0.5486 0.0006 0.9658 0.0622 0.8786 0.2195 0.4985 0.0509
278 000 001 0.2945 0.4358 0.1716 0.0984 0.1474 0.5553 0.6055 0.1730
