279 155682 3 279
000 001 002 0.8297 0.8548 0.4146 0.4179 0.6101 0.8510 0.2896 0.8421
001 002 003 0.5386 0.6872 0.1865 0.3971 0.7990 0.3773 0.5481 0.5514
002 003 004 0.9921 0.7142 0.1533 0.8276 0.2829 0.0309 0.4207 0.2435
003 004 005 0.0887 0.7789 0.1374 0.5985 0.8905 0.0080 0.8509 0.1175
004 005 006 0.7333 0.0163 0.6031 0.1276 0.1818 0.1744 0.2766 0.2566
005 006 007 0.8703 0.1942 0.4532 0.2708 0.4185 0.9276 0.5158 0.8334
006 007 008 0.6647 0.4608 0.8288 0.3998 0.6181 0.4318 0.2095 0.1392
007 008 009 0.0632 0.5795 0.2578 0.2333 0.1527 0.9529 0.4096 0.5177
008 009 010 0.0545 0.0247 0.7998 0.1330 0.7386 0.2202 0.1837 0.7326
009 010 011 0.8976 0.3809 0.0631 0.3717 0.2336 0.2343 0.6012 0.3809
010 011 012 0.3420 0.4394 0.9446 0.9475 0.7132 0.4313 0.0237 0.8441
011 012 013 0.5034 0.6566 0.4368 0.9607 0.1686 0.4362 0.6110 0.4678
012 013 014 0.4401 0.6816 0.5862 0.1476 0.8985 0.7433 0.1817 0.7112
013 014 015 0.2031 0.2230 0.3225 0.9504 0.3379 0.5981 0.8723 0.6514
014 015 016 0.5788 0.2886 0.6610 0.3720 0.0526 0.3205 0.5002 0.6996
015 016 017 0.7384 0.8726 0.5834 0.2041 0.1422 0.4879 0.1893 0.1616
016 017 018 0.7767 0.4806 0.9039 0.2833 0.8821 0.2397 0.1644 0.8254
017 018 019 0.7839 0.1701 0.5483 0.8194 0.7626 0.2614 0.2314 0.3155
018 019 020 0.8310 0.2808 0.0772 0.1457 0.4762 0.9268 0.8946 0.8618
019 020 021 0.6279 0.9118 0.1324 0.6974 0.6238 0.6353 0.9164 0.4553
020 021 022 0.1746 0.2092 0.6666 0.7460 0.9148 0.4363 0.3744 0.0291
021 022 023 0.7454 0.5312 0.1427 0.6549 0.1652 0.7224 0.7204 0.8250
022 023 024 0.5888 0.1341 0.5263 0.1475 0.3311 0.6485 0.6823 0.9822
023 024 025 0.9846 0.9912 0.3665 0.4676 0.2112 0.2502 0.3259 0.4560
024 025 026 0.5661 0.5557 0.8292 0.6027 0.6018 0.2680 0.5878 0.5403
025 026 027 0.2344 0.2794 0.8447 0.9655 0.0380 0.2206 0.8519 0.7425
026 027 028 0.6347 0.9726 0.0286 0.0513 0.3581 0.1805 0.0808 0.7142
027 028 029 0.8986 0.1261 0.5663 0.1566 0.5496 0.2441 0.9094 0.9439
028 029 030 0.7732 0.6288 0.8400 0.5887 0.6805 0.7582 0.2912 0.4828
029 030 031 0.9198 0.7743 0.5248 0.9884 0.1643 0.9177 0.3965 0.4877
030 031 032 0.4860 0.0824 0.6881 0.2939 0.9669 0.2696 0.5135 0.7390
031 032 033 0.0680 0.3497 0.2437 0.4084 0.2344 0.7316 0.8205 0.5171
032 033 034 0.2017 0.1375 0.4345 0.1459 0.1784 0.0980 0.4138 0.9233
033 034 035 0.9856 0.7149 0.1076 0.9859 0.4323 0.0890 0.7934 0.7183
034 035 036 0.1688 0.6292 0.7298 0.9948 0.7918 0.0854 0.6179 0.2647
035 036 037 0.9724 0.3730 0.5668 0.9797 0.0898 0.8253 0.3326 0.1742
036 037 038 0.3791 0.9448 0.0567 0.3703 0.7711 0.7004 0.3095 0.5480
037 038 039 0.2472 0.4639 0.8736 0.9799 0.8949 0.4748 0.2811 0.1730
038 039 040 0.5011 0.3862 0.3357 0.9648 0.3546 0.2520 0.0184 0.8178
039 040 041 0.3043 0.3647 0.7375 0.6356 0.2173 0.7484 0.8490 0.9812
040 041 042 0.2047 0.3754 0.3608 0.2766 0.5819 0.1079 0.5141 0.0797
041 042 043 0.5462 0.3344 0.5099 0.9898 0.4597 0.7606 0.7838 0.8777
042 043 044 0.6465 0.7216 0.7027 0.3206 0.5072 0.5185 0.7734 0.5439
043 044 045 0.9552 0.2290 0.1695 0.7758 0.6339 0.4200 0.3191 0.0949
044 045 046 0.6930 0.7948 0.8398 0.2740 0.8096 0.8959 0.9559 0.3977
045 046 047 0.1335 0.1634 0.2550 0.6128 0.3269 0.0100 0.4790 0.2685
046 047 048 0.7275 0.2724 0.4794 0.8656 0.7429 0.7780 0.6162 0.5554
047 048 049 0.3063 0.6069 0.1601 0.3232 0.2195 0.6707 0.3653 0.6561
048 049 050 0.0994 0.2662 0.1328 0.8922 0.7161 0.9951 0.6354 0.4712
049 050 051 0.1441 0.0902 0.4186 0.8627 0.7279 0.9945 0.4121 0.3420
050 051 052 0.4400 0.7610 0.6024 0.0864 0.5132 0.8381 0.5607 0.3324
051 052 053 0.9269 0.5897 0.1340 0.8100 0.8866 0.9110 0.7418 0.7988
052 053 054 0.6111 0.2065 0.0630 0.5979 0.9415 0.9756 0.5926 0.1461
053 054 055 0.9481 0.1825 0.1195 0.0160 0.9203 0.5404 0.8901 0.3979
054 055 056 0.9867 0.2738 0.1433 0.4030 0.2334 0.9245 0.4711 0.0224
055 056 057 0.2752 0.2049 0.8524 0.7702 0.0426 0.3201 0.8048 0.4783
056 057 058 0.2108 0.9159 0.8652 0.1118 0.2171 0.3394 0.9553 0.2146
057 058 059 0.4459 0.2101 0.9956 0.4567 0.1800 0.0730 0.6828 0.0629
058 059 060 0.6877 0.6489 0.6578 0.0096 0.4355 0.1168 0.3277 0.8102
059 060 061 0.3780 0.8289 0.6379 0.7143 0.4239 0.3846 0.0913 0.3296
060 061 062 0.7122 0.1592 0.0654 0.8772 0.1242 0.0845 0.5980 0.3672
061 062 063 0.6819 0.7890 0.5216 0.9541 0.2838 0.4508 0.3571 0.3486
062 063 064 0.9552 0.7782 0.6361 0.9286 0.0297 0.2334 0.8725 0.1792
063 064 065 0.8708 0.5367 0.8657 0.4327 0.7078 0.7060 0.5139 0.6918
064 065 066 0.2193 0.8122 0.5132 0.3823 0.7668 0.5845 0.4354 0.2387
065 066 067 0.7551 0.7944 0.5341 0.9127 0.1694 0.7114 0.5399 0.4852
066 067 068 0.8494 0.6467 0.2067 0.2950 0.4884 0.3546 0.0118 0.8482
067 068 069 0.0476 0.3575 0.3892 0.2214 0.2239 0.3021 0.9268 0.6566
068 069 070 0.4360 0.7193 0.4277 0.5090 0.2451 0.7898 0.9795 0.4509
069 070 071 0.0596 0.5098 0.9177 0.3090 0.8567 0.8389 0.3494 0.9709
070 071 072 0.1089 0.4881 0.5681 0.8637 0.5110 0.2459 0.7058 0.8243
071 072 073 0.8234 0.6143 0.3243 0.4512 0.2689 0.3579 0.2885 0.2009
072 073 074 0.6752 0.4548 0.6605 0.1338 0.6199 0.8665 0.1333 0.0596
073 074 075 0.2019 0.7933 0.4164 0.2837 0.2466 0.0241 0.4923 0.1058
074 075 076 0.8834 0.5987 0.1850 0.9667 0.7217 0.3870 0.9501 0.6478
075 076 077 0.8789 0.5092 0.2275 0.3763 0.8301 0.6252 0.3044 0.3455
076 077 078 0.0397 0.3575 0.5982 0.0998 0.1192 0.3210 0.7407 0.9184
077 078 079 0.8316 0.8063 0.7587 0.2322 0.2436 0.8173 0.3116 0.9441
078 079 080 0.2576 0.9954 0.7834 0.4804 0.1958 0.5609 0.1237 0.4084
079 080 081 0.9871 0.0527 0.6373 0.2781 0.0186 0.8703 0.4562 0.3637
080 081 082 0.6096 0.1906 0.1890 0.3244 0.8964 0.0022 0.7053 0.8321
081 082 083 0.3357 0.7908 0.8725 0.1756 0.8272 0.4489 0.6602 0.0386
082 083 084 0.6456 0.5429 0.0980 0.2891 0.4306 0.9037 0.0545 0.9198
083 084 085 0.1310 0.3987 0.4113 0.6914 0.6572 0.6558 0.7493 0.1757
084 085 086 0.5336 0.1956 0.5664 0.2404 0.2341 0.2218 0.4289 0.2030
085 086 087 0.6711 0.6876 0.3501 0.2481 0.7820 0.5907 0.2972 0.1555
086 087 088 0.8421 0.9525 0.6146 0.2039 0.1286 0.9695 0.2178 0.6006
087 088 089 0.8120 0.1235 0.7108 0.9165 0.4829 0.6943 0.7164 0.2085
088 089 090 0.5955 0.2804 0.1863 0.6591 0.7846 0.1917 0.9094 0.9007
089 090 091 0.4971 0.0110 0.3134 0.1776 0.4078 0.3026 0.9338 0.2431
090 091 092 0.8474 0.3522 0.9030 0.5440 0.2450 0.9025 0.4048 0.4793
091 092 093 0.5424 0.2502 0.9049 0.3890 0.3492 0.0369 0.4906 0.4339
092 093 094 0.9457 0.9623 0.3562 0.7335 0.5574 0.4174 0.3528 0.2763
093 094 095 0.5317 0.5768 0.9324 0.4128 0.0803 0.3388 0.0905 0.8840
094 095 096 0.7501 0.1726 0.3411 0.5352 0.0823 0.8212 0.3817 0.0047
095 096 097 0.7324 0.8249 0.4579 0.5251 0.5937 0.7363 0.9746 0.3553
096 097 098 0.6915 0.8669 0.5756 0.3201 0.8025 0.7375 0.9446 0.4185
097 098 099 0.7675 0.6752 0.9762 0.2208 0.7371 0.3867 0.7014 0.2243
098 099 100 0.0935 0.7299 0.8790 0.8167 0.7961 0.2673 0.9503 0.8388
099 100 101 0.9973 0.3909 0.7834 0.7734 0.7283 0.6007 0.7324 0.1976
100 101 102 0.7312 0.0191 0.9008 0.9538 0.5967 0.7276 0.3275 0.8703
101 102 103 0.8954 0.9732 0.2760 0.4269 0.4851 0.5909 0.6599 0.0103
102 103 104 0.6225 0.0296 0.5020 0.4542 0.9682 0.1413 0.5983 0.4568
103 104 105 0.5524 0.1158 0.2126 0.5254 0.7086 0.3395 0.0846 0.5441
104 105 106 0.3727 0.6570 0.0574 0.4496 0.1644 0.8722 0.5546 0.2033
105 106 107 0.8557 0.0958 0.1242 0.5316 0.6284 0.7993 0.7777 0.4331
106 107 108 0.8710 0.5087 0.5661 0.9698 0.0684 0.1051 0.8669 0.7572
107 108 109 0.2938 0.0296 0.1494 0.1391 0.5988 0.4472 0.1101 0.3207
108 109 110 0.0500 0.7728 0.4705 0.8578 0.4209 0.4498 0.1556 0.1583
109 110 111 0.9031 0.6511 0.9088 0.2859 0.1067 0.1034 0.8853 0.8625
110 111 112 0.3343 0.1708 0.7424 0.4136 0.7555 0.5742 0.4641 0.9516
111 112 113 0.9585 0.6811 0.4170 0.1400 0.4026 0.0383 0.5489 0.2664
112 113 114 0.2193 0.9722 0.5839 0.1310 0.1926 0.3329 0.2632 0.9921
113 114 115 0.3979 0.0597 0.3971 0.3411 0.9363 0.0583 0.6384 0.7851
114 115 116 0.8166 0.6806 0.3399 0.6429 0.3882 0.1576 0.0268 0.1061
115 116 117 0.3841 0.2900 0.3456 0.3043 0.1125 0.6956 0.8374 0.9411
116 117 118 0.5985 0.8312 0.7924 0.8549 0.0364 0.3544 0.0659 0.1964
117 118 119 0.0295 0.1527 0.8500 0.8789 0.2677 0.9413 0.7743 0.0011
118 119 120 0.7646 0.1636 0.2759 0.9990 0.9961 0.8870 0.9099 0.7623
119 120 121 0.1191 0.5312 0.7413 0.4447 0.1534 0.5960 0.9377 0.4897
120 121 122 0.7054 0.9554 0.0342 0.6957 0.4147 0.9356 0.6237 0.1362
121 122 123 0.8106 0.3798 0.9783 0.5354 0.7679 0.3042 0.0479 0.0929
122 123 124 0.0348 0.4336 0.2192 0.1383 0.3381 0.3459 0.7963 0.7525
123 124 125 0.2283 0.1376 0.3735 0.1868 0.8550 0.9479 0.6591 0.0366
124 125 126 0.4633 0.9832 0.3243 0.8107 0.7253 0.8614 0.2544 0.1845
125 126 127 0.2738 0.5502 0.9226 0.4868 0.2969 0.5014 0.9253 0.5919
126 127 128 0.5747 0.6210 0.6732 0.9764 0.7773 0.3512 0.0361 0.3681
127 128 129 0.5095 0.2768 0.4324 0.2543 0.4090 0.7998 0.4078 0.0056
128 129 130 0.4761 0.4004 0.7495 0.2054 0.7352 0.5692 0.7899 0.0715
129 130 131 0.9836 0.6239 0.3483 0.6320 0.7435 0.1202 0.0617 0.7546
130 131 132 0.0617 0.4160 0.8055 0.8425 0.4670 0.0600 0.5639 0.8291
131 132 133 0.1502 0.5849 0.6546 0.0807 0.6675 0.8904 0.8576 0.8977
132 133 134 0.3786 0.4676 0.8385 0.7027 0.7859 0.1828 0.4161 0.3341
133 134 135 0.4591 0.4590 0.6649 0.7256 0.2108 0.5042 0.7374 0.0489
134 135 136 0.8435 0.8727 0.5645 0.8620 0.7176 0.4240 0.5304 0.4307
135 136 137 0.4508 0.4990 0.5379 0.1843 0.3542 0.5238 0.8876 0.6286
136 137 138 0.1877 0.7878 0.3107 0.8771 0.2108 0.1845 0.8230 0.8068
137 138 139 0.2594 0.8544 0.5317 0.1500 0.6843 0.3747 0.8928 0.1722
138 139 140 0.2824 0.1645 0.1142 0.8948 0.4355 0.9485 0.5731 0.2083
139 140 141 0.4948 0.8790 0.7707 0.3530 0.2519 0.1937 0.2365 0.7002
140 141 142 0.0068 0.2688 0.3583 0.0687 0.8279 0.2217 0.7335 0.9362
141 142 143 0.1366 0.1658 0.5765 0.4902 0.4624 0.4377 0.7559 0.5401
142 143 144 0.2665 0.7976 0.4529 0.9799 0.9154 0.4046 0.4650 0.4755
143 144 145 0.7780 0.3716 0.7564 0.0340 0.0456 0.8080 0.2879 0.4146
144 145 146 0.6266 0.9841 0.0191 0.2916 0.3578 0.7756 0.3588 0.1717
145 146 147 0.4877 0.7802 0.3018 0.1771 0.0047 0.4628 0.3374 0.3063
146 147 148 0.4020 0.6353 0.7789 0.5945 0.2971 0.9047 0.6340 0.3628
147 148 149 0.7085 0.8728 0.7987 0.6102 0.2316 0.3387 0.3199 0.9272
148 149 150 0.3048 0.6757 0.9071 0.9717 0.8419 0.1783 0.6836 0.6241
149 150 151 0.1579 0.5987 0.0637 0.0795 0.9249 0.9570 0.1929 0.4503
150 151 152 0.5394 0.1310 0.3023 0.7605 0.4426 0.6838 0.3984 0.5722
151 152 153 0.8718 0.1996 0.8170 0.9928 0.0347 0.2550 0.3269 0.8584
152 153 154 0.2628 0.5291 0.6173 0.3395 0.7316 0.7439 0.0646 0.8375
153 154 155 0.5553 0.1156 0.8614 0.4699 0.3948 0.0979 0.3123 0.9889
154 155 156 0.7970 0.7589 0.0496 0.4179 0.2032 0.5888 0.7326 0.1168
155 156 157 0.6497 0.2627 0.3698 0.2650 0.9028 0.6298 0.8059 0.4934
156 157 158 0.1119 0.2615 0.5040 0.1210 0.5955 0.6390 0.2756 0.7189
157 158 159 0.6794 0.1889 0.5625 0.8702 0.2333 0.4655 0.1089 0.0288
158 159 160 0.4175 0.3760 0.1311 0.1282 0.2765 0.3246 0.9727 0.7150
159 160 161 0.5999 0.9244 0.2011 0.1449 0.7894 0.5811 0.7657 0.2140
160 161 162 0.0302 0.2138 0.4082 0.7814 0.0990 0.7627 0.8486 0.2814
161 162 163 0.2574 0.9114 0.7276 0.0577 0.6797 0.1622 0.4459 0.4102
162 163 164 0.4208 0.9919 0.6286 0.5031 0.0432 0.3222 0.9679 0.7516
163 164 165 0.8524 0.1571 0.0457 0.5802 0.6900 0.4988 0.4675 0.4929
164 165 166 0.9203 0.1095 0.6017 0.3402 0.5225 0.4800 0.1407 0.3142
165 166 167 0.3873 0.2122 0.4910 0.6926 0.3571 0.2926 0.3522 0.5097
166 167 168 0.2553 0.5639 0.2655 0.6589 0.5190 0.5673 0.4402 0.4648
167 168 169 0.2879 0.8982 0.5627 0.5517 0.4606 0.9457 0.2811 0.9820
168 169 170 0.0897 0.9368 0.8347 0.2973 0.6962 0.0092 0.9314 0.8316
169 170 171 0.3546 0.2808 0.8317 0.4943 0.6867 0.6970 0.6882 0.4092
170 171 172 0.2271 0.4610 0.2717 0.9357 0.3073 0.8934 0.3228 0.1746
171 172 173 0.2198 0.5402 0.0189 0.2125 0.1272 0.0364 0.3162 0.1037
172 173 174 0.2437 0.9453 0.1547 0.4441 0.0789 0.9467 0.5799 0.9904
173 174 175 0.9607 0.2428 0.2396 0.9812 0.7530 0.7096 0.4120 0.7081
174 175 176 0.3342 0.9971 0.9289 0.8200 0.8663 0.7685 0.3594 0.6917
175 176 177 0.2900 0.2128 0.0709 0.1857 0.4468 0.6633 0.1177 0.6997
176 177 178 0.4641 0.1992 0.9721 0.2925 0.1186 0.7006 0.7767 0.0642
177 178 179 0.2632 0.2915 0.8683 0.9978 0.8295 0.5871 0.2884 0.1806
178 179 180 0.7065 0.8794 0.3506 0.7721 0.9379 0.4962 0.1551 0.2776
179 180 181 0.8704 0.4178 0.6805 0.4979 0.9883 0.9446 0.2834 0.5014
180 181 182 0.3877 0.1451 0.3986 0.1541 0.4321 0.4438 0.1937 0.1184
181 182 183 0.5888 0.7761 0.6585 0.0749 0.4600 0.4002 0.6342 0.3536
182 183 184 0.6581 0.3135 0.4120 0.7454 0.7120 0.1397 0.4525 0.3462
183 184 185 0.5833 0.5102 0.3649 0.6742 0.1489 0.7969 0.4955 0.2119
184 185 186 0.9182 0.3185 0.3939 0.3270 0.1798 0.2120 0.3499 0.6088
185 186 187 0.8260 0.2523 0.4301 0.4670 0.5335 0.1678 0.9826 0.4349
186 187 188 0.3579 0.1878 0.8381 0.9977 0.5815 0.9447 0.7797 0.2471
187 188 189 0.8574 0.8602 0.2702 0.9435 0.6221 0.3031 0.6284 0.4251
188 189 190 0.0322 0.1646 0.3097 0.5533 0.5377 0.1555 0.3780 0.7212
189 190 191 0.0668 0.4706 0.5979 0.8218 0.6286 0.9190 0.9717 0.6535
190 191 192 0.7027 0.9527 0.4600 0.7975 0.9117 0.7334 0.6173 0.5396
191 192 193 0.8635 0.4781 0.6516 0.8502 0.1015 0.4618 0.9715 0.5309
192 193 194 0.1405 0.2489 0.0419 0.5112 0.7598 0.3279 0.7412 0.9782
193 194 195 0.1441 0.4140 0.1197 0.2196 0.0550 0.0928 0.8853 0.2862
194 195 196 0.3828 0.1730 0.4370 0.3958 0.5932 0.6041 0.1683 0.3915
195 196 197 0.6230 0.5122 0.8135 0.8413 0.8100 0.9116 0.1591 0.7357
196 197 198 0.3631 0.1240 0.0545 0.3279 0.2286 0.2792 0.1275 0.5307
197 198 199 0.0042 0.0086 0.2483 0.6645 0.8592 0.8343 0.8805 0.2295
198 199 200 0.9713 0.6342 0.3030 0.9326 0.4761 0.4411 0.0918 0.5366
199 200 201 0.2260 0.0562 0.8410 0.0334 0.1962 0.7142 0.4364 0.0160
200 201 202 0.0091 0.8524 0.4591 0.5352 0.8434 0.7217 0.9508 0.1747
201 202 203 0.7865 0.8503 0.7135 0.6639 0.7269 0.3867 0.5561 0.3096
202 203 204 0.5587 0.9324 0.2662 0.4493 0.8665 0.4201 0.2137 0.5307
203 204 205 0.8168 0.2885 0.3523 0.4344 0.2497 0.9312 0.3144 0.8426
204 205 206 0.4718 0.7205 0.9936 0.8879 0.6607 0.0758 0.3445 0.0347
205 206 207 0.3393 0.4853 0.9723 0.1012 0.9195 0.4483 0.5283 0.6251
206 207 208 0.9534 0.4573 0.0775 0.5565 0.0161 0.2610 0.4611 0.0774
207 208 209 0.8182 0.9698 0.2395 0.8153 0.3811 0.3230 0.3706 0.5833
208 209 210 0.4415 0.4776 0.2055 0.7078 0.0113 0.9086 0.4191 0.9924
209 210 211 0.1021 0.7090 0.3708 0.7642 0.2736 0.3371 0.6618 0.3812
210 211 212 0.0104 0.3129 0.6900 0.0934 0.0200 0.4909 0.8564 0.0228
211 212 213 0.9389 0.4326 0.1399 0.4600 0.3779 0.9179 0.0806 0.7465
212 213 214 0.6832 0.6791 0.9682 0.1320 0.8884 0.5503 0.1506 0.4105
213 214 215 0.9800 0.0930 0.1449 0.5237 0.0974 0.0459 0.7840 0.7854
214 215 216 0.4653 0.8713 0.2844 0.0397 0.9374 0.4010 0.2621 0.8323
215 216 217 0.2990 0.6390 0.0647 0.8049 0.5990 0.4761 0.1396 0.4913
216 217 218 0.4835 0.2408 0.7916 0.4116 0.5540 0.8373 0.1161 0.2106
217 218 219 0.9733 0.4852 0.8835 0.1362 0.8920 0.1686 0.0855 0.4285
218 219 220 0.6346 0.2369 0.3440 0.1703 0.9152 0.9507 0.6995 0.8026
219 220 221 0.5989 0.5053 0.3544 0.3336 0.8593 0.1335 0.2828 0.5395
220 221 222 0.3759 0.1110 0.1691 0.5904 0.0306 0.0339 0.7480 0.1840
221 222 223 0.9317 0.6154 0.6351 0.7535 0.8835 0.6518 0.5440 0.5615
222 223 224 0.3304 0.2780 0.4991 0.8678 0.4707 0.9438 0.5162 0.6323
223 224 225 0.8348 0.6239 0.3321 0.2987 0.7182 0.2939 0.3995 0.7627
224 225 226 0.2424 0.8091 0.5206 0.5532 0.4179 0.0799 0.6738 0.9299
225 226 227 0.6533 0.3613 0.9672 0.6757 0.9042 0.7133 0.6809 0.6383
226 227 228 0.5546 0.5454 0.4383 0.1154 0.3637 0.4462 0.4818 0.1604
227 228 229 0.7134 0.6215 0.0352 0.8865 0.8336 0.4461 0.4513 0.9443
228 229 230 0.3205 0.5710 0.1051 0.0060 0.7819 0.2742 0.0222 0.6262
229 230 231 0.3095 0.3795 0.0454 0.5337 0.3809 0.3385 0.5142 0.3752
230 231 232 0.9826 0.8311 0.5247 0.5000 0.4084 0.9931 0.5279 0.9740
231 232 233 0.7966 0.8591 0.6397 0.0017 0.4567 0.9799 0.7409 0.5751
232 233 234 0.2095 0.9037 0.9426 0.6471 0.8336 0.8014 0.0035 0.6901
233 234 235 0.9824 0.8221 0.9955 0.8391 0.2497 0.9254 0.5152 0.8107
234 235 236 0.6447 0.1648 0.8729 0.1508 0.7456 0.1371 0.4958 0.8853
235 236 237 0.3273 0.6363 0.9744 0.4600 0.4410 0.2978 0.8062 0.5122
236 237 238 0.2359 0.2237 0.9858 0.3414 0.9932 0.2511 0.0035 0.4678
237 238 239 0.0007 0.3567 0.9783 0.3679 0.0438 0.6568 0.6258 0.8665
238 239 240 0.1163 0.0986 0.8168 0.9463 0.1780 0.6320 0.6398 0.9888
239 240 241 0.9121 0.0667 0.0170 0.2106 0.1923 0.6605 0.8206 0.0541
240 241 242 0.5901 0.7423 0.1220 0.4573 0.4184 0.9803 0.3084 0.1883
241 242 243 0.3588 0.8622 0.1058 0.8327 0.6745 0.0400 0.0561 0.2211
242 243 244 0.6420 0.6950 0.3983 0.4365 0.8907 0.2559 0.3856 0.5760
243 244 245 0.6753 0.9749 0.6978 0.5441 0.2492 0.6948 0.8817 0.0920
244 245 246 0.4201 0.2951 0.6728 0.4452 0.3605 0.1500 0.2869 0.9376
245 246 247 0.7874 0.5610 0.9679 0.6181 0.8851 0.2213 0.5006 0.5189
246 247 248 0.5458 0.1595 0.1762 0.4730 0.8557 0.4607 0.3095 0.5706
247 248 249 0.0164 0.0370 0.5287 0.3050 0.3504 0.8717 0.9038 0.7118
248 249 250 0.3643 0.3688 0.2772 0.6169 0.4369 0.6440 0.8367 0.1615
249 250 251 0.1883 0.8637 0.4996 0.0647 0.3717 0.3988 0.1496 0.2739
250 251 252 0.5763 0.1785 0.1635 0.6995 0.2861 0.2301 0.3651 0.3800
251 252 253 0.1112 0.0849 0.9987 0.3439 0.6700 0.1143 0.1313 0.9258
252 253 254 0.4457 0.9948 0.9437 0.9947 0.9285 0.1645 0.9224 0.1471
253 254 255 0.9451 0.7121 0.0702 0.9306 0.1217 0.7812 0.7808 0.6280
254 255 256 0.8327 0.9567 0.3752 0.9405 0.8345 0.5889 0.3517 0.3761
255 256 257 0.7654 0.9956 0.9599 0.3001 0.6835 0.2829 0.8690 0.0184
256 257 258 0.9755 0.9512 0.4981 0.8755 0.2834 0.4129 0.7545 0.4947
257 258 259 0.5137 0.7968 0.5577 0.1463 0.5334 0.1494 0.1934 0.6829
258 259 260 0.0718 0.7542 0.4554 0.8051 0.0621 0.3603 0.5899 0.1303
259 260 261 0.2899 0.7433 0.0718 0.9721 0.2226 0.9017 0.1509 0.5247
260 261 262 0.5132 0.2750 0.5036 0.9439 0.5956 0.3664 0.1974 0.2145
261 262 263 0.9220 0.6422 0.7064 0.4263 0.7519 0.3398 0.2979 0.6707
262 263 264 0.7139 0.5523 0.9962 0.6212 0.3148 0.8936 0.1903 0.5757
263 264 265 0.1409 0.7510 0.7307 0.8622 0.6653 0.6133 0.4641 0.6782
264 265 266 0.9968 0.5775 0.0444 0.9535 0.6315 0.7372 0.1612 0.9176
265 266 267 0.1064 0.0674 0.7394 0.5393 0.9512 0.6626 0.6093 0.9503
266 267 268 0.3820 0.4230 0.2808 0.7107 0.6667 0.8410 0.2359 0.6967
267 268 269 0.9673 0.4871 0.6202 0.7345 0.5700 0.4852 0.8783 0.2545
268 269 270 0.3797 0.7588 0.7454 0.9585 0.2327 0.1644 0.2422 0.5433
269 270 271 0.5347 0.8988 0.1931 0.2484 0.3290 0.8683 0.9440 0.3733
270 271 272 0.9544 0.3494 0.2913 0.3443 0.3047 0.7111 0.8024 0.7640
271 272 273 0.9186 0.1253 0.6916 0.4627 0.3936 0.3512 0.9048 0.4744
272 273 274 0.1308 0.9605 0.5291 0.0794 0.9883 0.0596 0.9847 0.7591
273 274 275 0.5835 0.0111 0.9978 0.9620 0.7202 0.3513 0.3624 0.7811
274 275 276 0.4013 0.7535 0.7898 0.0024 0.7603 0.7655 0.6683 0.7824
275 276 277 0.4777 0.4991 0.1373 0.3072 0.4321 0.9165 0.0461 0.2852
276 277 278 0.3996 0.6317 0.0379 0.3386 0.6219 0.4713 0.7811 0.7883
277 278 000 0.1568 0.5227 0.9281 0.2725 0.0373 0.0398 0.3066 0.6370
278 000 001 0.4912 0.4388 0.8668 0.0589 0.8148 0.7395 0.5869 0.0893
