279 155682 3 279
000 001 002 0.8855 0.7748 0.4612 0.9531 0.2802 0.8311 0.0555 0.5497
001 002 003 0.5942 0.9568 0.1378 0.8576 0.7119 0.5002 0.8235 0.4721
002 003 004 0.0692 0.0935 0.1144 0.7678 0.9207 0.7776 0.2536 0.3868
003 004 005 0.7938 0.8494 0.7659 0.7474 0.3337 0.3293 0.3679 0.8930
004 005 006 0.8034 0.7279 0.8290 0.0831 0.2138 0.3133 0.7523 0.6517
005 006 007 0.3602 0.7338 0.4091 0.5856 0.2603 0.7738 0.8602 0.7731
006 007 008 0.7036 0.5092 0.8680 0.6812 0.6702 0.1492 0.0899 0.4381
007 008 009 0.6152 0.4117 0.0303 0.0112 0.9957 0.3818 0.7148 0.7522
008 009 010 0.7965 0.0732 0.8315 0.0050 0.6495 0.6521 0.3204 0.1918
009 010 011 0.8052 0.8753 0.9724 0.6005 0.2210 0.5260 0.3403 0.1691
010 011 012 0.1028 0.4920 0.0690 0.9372 0.5758 0.3731 0.8078 0.9343
011 012 013 0.7300 0.3461 0.2540 0.1713 0.5585 0.6284 0.6927 0.9594
012 013 014 0.4840 0.0938 0.6602 0.0915 0.6596 0.0667 0.3392 0.4346
013 014 015 0.5430 0.8082 0.1722 0.8649 0.9191 0.9057 0.2259 0.4129
014 015 016 0.5743 0.7732 0.5126 0.9691 0.3530 0.1179 0.2868 0.0911
015 016 017 0.3610 0.3927 0.2060 0.4213 0.3774 0.7017 0.0300 0.2438
016 017 018 0.6688 0.0489 0.4892 0.8265 0.2101 0.8020 0.2293 0.6502
017 018 019 0.7877 0.3631 0.7121 0.6108 0.6154 0.7524 0.4717 0.3756
018 019 020 0.9610 0.7041 0.5610 0.4130 0.5298 0.7281 0.8955 0.1258
019 020 021 0.9256 0.2896 0.4736 0.9180 0.6227 0.1651 0.3081 0.6511
020 021 022 0.3481 0.6773 0.9160 0.8814 0.5102 0.8465 0.5206 0.6143
021 022 023 0.3466 0.0611 0.7236 0.3841 0.7233 0.1310 0.8672 0.3282
022 023 024 0.7319 0.6530 0.4032 0.8674 0.5111 0.5478 0.2048 0.0072
023 024 025 0.0984 0.2232 0.6937 0.3542 0.5596 0.2133 0.7911 0.3102
024 025 026 0.0583 0.2476 0.0252 0.7239 0.6644 0.1904 0.5633 0.3555
025 026 027 0.5522 0.6748 0.5419 0.8862 0.0652 0.1485 0.1049 0.7511
026 027 028 0.1508 0.7642 0.4595 0.4382 0.0720 0.9741 0.4910 0.5894
027 028 029 0.1862 0.6837 0.4463 0.4964 0.9015 0.9876 0.4711 0.4370
028 029 030 0.8457 0.4231 0.5266 0.4908 0.2871 0.8298 0.5998 0.3678
029 030 031 0.2218 0.1623 0.5476 0.6692 0.6652 0.9510 0.4159 0.8820
030 031 032 0.5473 0.9252 0.6641 0.8194 0.7580 0.1339 0.7704 0.8569
031 032 033 0.0697 0.8456 0.2674 0.4207 0.8512 0.7686 0.9573 0.2439
032 033 034 0.8618 0.4169 0.5953 0.3199 0.3526 0.5276 0.7923 0.8166
033 034 035 0.8571 0.3859 0.1887 0.3709 0.5876 0.5859 0.7182 0.3546
034 035 036 0.6286 0.1752 0.6357 0.6502 0.3386 0.2695 0.4324 0.4957
035 036 037 0.9663 0.7463 0.6792 0.4062 0.6178 0.1925 0.6995 0.9201
036 037 038 0.3284 0.6667 0.6310 0.1814 0.6090 0.4871 0.7945 0.8620
037 038 039 0.4259 0.9829 0.5018 0.4655 0.7351 0.1634 0.4086 0.8552
038 039 040 0.2093 0.0396 0.5118 0.0560 0.6848 0.8790 0.0578 0.7775
039 040 041 0.7318 0.7063 0.0471 0.2550 0.8420 0.3322 0.7133 0.2030
040 041 042 0.1948 0.8991 0.3261 0.0513 0.0445 0.7765 0.8591 0.6960
041 042 043 0.2872 0.2566 0.7739 0.2067 0.5118 0.5083 0.5365 0.0679
042 043 044 0.3450 0.5727 0.6306 0.7523 0.7531 0.8773 0.2463 0.6545
043 044 045 0.0269 0.5614 0.4322 0.7181 0.5850 0.4078 0.7142 0.6055
044 045 046 0.3563 0.6640 0.7943 0.9025 0.2191 0.4479 0.3993 0.1254
045 046 047 0.6415 0.5925 0.4554 0.0991 0.9854 0.3849 0.1497 0.0979
046 047 048 0.1606 0.2023 0.9531 0.8044 0.3355 0.5504 0.3223 0.7495
047 048 049 0.3565 0.9897 0.3675 0.7535 0.7114 0.2538 0.9690 0.9231
048 049 050 0.7385 0.6049 0.4572 0.1352 0.9376 0.0302 0.8669 0.4795
049 050 051 0.7790 0.8483 0.0660 0.1803 0.7293 0.3723 0.0823 0.1299
050 051 052 0.1417 0.3044 0.1526 0.1559 0.9425 0.9052 0.9941 0.9223
051 052 053 0.8289 0.8704 0.1336 0.8574 0.6979 0.2335 0.9578 0.7626
052 053 054 0.5862 0.3263 0.3655 0.8733 0.6839 0.1669 0.3665 0.6266
053 054 055 0.8931 0.6369 0.5785 0.9318 0.5664 0.5986 0.0068 0.2129
054 055 056 0.4904 0.6867 0.3862 0.1299 0.5874 0.5111 0.9725 0.2241
055 056 057 0.3691 0.4766 0.9391 0.1442 0.8670 0.0154 0.3292 0.9547
056 057 058 0.1577 0.3092 0.3834 0.4601 0.3509 0.3077 0.5170 0.4014
057 058 059 0.3341 0.7963 0.7898 0.1869 0.7942 0.9092 0.6451 0.3823
058 059 060 0.9472 0.1988 0.9444 0.8564 0.8983 0.8168 0.6187 0.4576
059 060 061 0.6445 0.0355 0.8013 0.6183 0.6903 0.2857 0.3407 0.8855
060 061 062 0.6149 0.7419 0.5918 0.3487 0.6647 0.2908 0.5986 0.6257
061 062 063 0.9836 0.8891 0.9438 0.1507 0.0380 0.0840 0.1370 0.4236
062 063 064 0.9387 0.2288 0.1068 0.0036 0.0817 0.4683 0.1882 0.6498
063 064 065 0.8560 0.2357 0.2568 0.9266 0.7128 0.3443 0.9992 0.7277
064 065 066 0.6884 0.7477 0.8417 0.2088 0.4384 0.3248 0.0684 0.8741
065 066 067 0.7498 0.2476 0.6346 0.9793 0.7711 0.4813 0.4411 0.6868
066 067 068 0.7077 0.5782 0.7735 0.3675 0.3104 0.1800 0.4193 0.2648
067 068 069 0.2972 0.5714 0.9673 0.0478 0.5690 0.6390 0.9850 0.7487
068 069 070 0.1398 0.1714 0.3896 0.4293 0.1651 0.4815 0.8283 0.8887
069 070 071 0.3501 0.0647 0.8639 0.0141 0.1796 0.1032 0.9324 0.3039
070 071 072 0.5549 0.5561 0.6977 0.6308 0.7222 0.1947 0.5763 0.8858
071 072 073 0.0597 0.6221 0.8790 0.4928 0.8333 0.4743 0.5595 0.7474
072 073 074 0.0666 0.5672 0.6931 0.8579 0.3157 0.5286 0.4901 0.6020
073 074 075 0.5990 0.7861 0.7325 0.0080 0.4373 0.4416 0.4526 0.6481
074 075 076 0.7212 0.1875 0.1243 0.1329 0.9803 0.3211 0.5067 0.9804
075 076 077 0.7212 0.1242 0.5387 0.3592 0.9735 0.3634 0.3292 0.5998
076 077 078 0.3571 0.3553 0.4819 0.8623 0.8134 0.0500 0.8853 0.7656
077 078 079 0.2285 0.9570 0.9899 0.5734 0.4603 0.7242 0.4096 0.9914
078 079 080 0.4919 0.8292 0.0018 0.1132 0.7901 0.4737 0.1974 0.6196
079 080 081 0.5153 0.2974 0.6776 0.2521 0.0285 0.2167 0.9249 0.0017
080 081 082 0.8742 0.0187 0.0725 0.9438 0.7957 0.1366 0.9887 0.4419
081 082 083 0.9741 0.3515 0.3183 0.1796 0.7759 0.9367 0.6229 0.5177
082 083 084 0.9414 0.2194 0.8622 0.4615 0.8377 0.8852 0.6585 0.0720
083 084 085 0.0134 0.7088 0.6180 0.7865 0.2413 0.0074 0.7844 0.7379
084 085 086 0.6892 0.6524 0.2576 0.2791 0.1482 0.4208 0.8769 0.7664
085 086 087 0.4043 0.2787 0.3554 0.0906 0.1562 0.8907 0.5259 0.9693
086 087 088 0.8673 0.2396 0.4840 0.6982 0.5130 0.0564 0.7064 0.8683
087 088 089 0.4847 0.7526 0.4617 0.5502 0.0410 0.4699 0.9741 0.2576
088 089 090 0.8608 0.6972 0.3226 0.6012 0.1494 0.1275 0.4420 0.3470
089 090 091 0.7211 0.3980 0.1497 0.2583 0.9868 0.7102 0.6359 0.0062
090 091 092 0.0677 0.7296 0.0304 0.8392 0.9645 0.2241 0.3993 0.8730
091 092 093 0.4503 0.7317 0.3353 0.7717 0.1468 0.2174 0.1168 0.0033
092 093 094 0.5907 0.2148 0.0084 0.3207 0.4840 0.3408 0.0081 0.9722
093 094 095 0.5062 0.0215 0.9912 0.6168 0.3396 0.8261 0.6410 0.1017
094 095 096 0.2585 0.2591 0.3631 0.4032 0.0787 0.0219 0.4279 0.7119
095 096 097 0.6757 0.4477 0.1727 0.0831 0.0691 0.7630 0.6479 0.2365
096 097 098 0.9153 0.5662 0.4680 0.5632 0.5323 0.3355 0.6015 0.8775
097 098 099 0.1336 0.5577 0.1948 0.2705 0.5736 0.5357 0.6840 0.7761
098 099 100 0.9072 0.3197 0.0404 0.1646 0.1499 0.8698 0.0963 0.8787
099 100 101 0.1705 0.9583 0.2946 0.6186 0.9034 0.9716 0.6066 0.3337
100 101 102 0.2784 0.8417 0.6367 0.4139 0.1086 0.3188 0.7608 0.2214
101 102 103 0.5226 0.0352 0.4731 0.6680 0.9351 0.9336 0.0816 0.6737
102 103 104 0.6155 0.1827 0.2158 0.5409 0.9235 0.6166 0.3945 0.2352
103 104 105 0.6864 0.6888 0.1342 0.9729 0.3094 0.1709 0.2909 0.4264
104 105 106 0.8575 0.6221 0.7234 0.4422 0.8157 0.2246 0.0043 0.9134
105 106 107 0.0173 0.2109 0.2172 0.7035 0.6540 0.9625 0.2016 0.1376
106 107 108 0.9597 0.9349 0.5560 0.2036 0.4138 0.3372 0.0527 0.9138
107 108 109 0.2751 0.7488 0.1028 0.3426 0.2914 0.3246 0.6922 0.9030
108 109 110 0.7275 0.5924 0.2129 0.2292 0.5371 0.2488 0.2989 0.2913
109 110 111 0.8813 0.3390 0.5514 0.3981 0.5027 0.1830 0.6687 0.2493
110 111 112 0.7197 0.4316 0.8749 0.6656 0.8143 0.6738 0.2097 0.1061
111 112 113 0.4863 0.3512 0.4099 0.0104 0.2849 0.1647 0.7347 0.8879
112 113 114 0.0701 0.2881 0.4173 0.5568 0.3060 0.6224 0.4054 0.8276
113 114 115 0.8590 0.7298 0.8551 0.5542 0.9449 0.9702 0.9809 0.1125
114 115 116 0.3397 0.0819 0.8471 0.7100 0.5612 0.3093 0.7774 0.5733
115 116 117 0.2310 0.2683 0.7170 0.4185 0.1631 0.7310 0.6147 0.4888
116 117 118 0.2621 0.0763 0.9762 0.7617 0.0289 0.5558 0.8589 0.6214
117 118 119 0.9717 0.1427 0.8095 0.7417 0.9253 0.5526 0.3819 0.3236
118 119 120 0.1027 0.2155 0.6287 0.2104 0.6536 0.5507 0.6999 0.6985
119 120 121 0.7211 0.2787 0.6027 0.1181 0.6264 0.5825 0.2139 0.0535
120 121 122 0.4066 0.8627 0.3266 0.2537 0.5021 0.2699 0.9592 0.0382
121 122 123 0.1725 0.1723 0.8288 0.2951 0.5192 0.8259 0.2173 0.9627
122 123 124 0.1010 0.5543 0.0157 0.6546 0.1072 0.4972 0.8926 0.7773
123 124 125 0.4427 0.7220 0.6869 0.4318 0.0251 0.9083 0.4548 0.6889
124 125 126 0.9577 0.4678 0.1769 0.2939 0.4219 0.6934 0.8711 0.7539
125 126 127 0.5476 0.8603 0.5541 0.4429 0.5779 0.6201 0.8686 0.5269
126 127 128 0.7004 0.0028 0.3305 0.0141 0.5602 0.4838 0.0752 0.2739
127 128 129 0.6568 0.3128 0.7416 0.2590 0.4200 0.0387 0.7320 0.9428
128 129 130 0.9419 0.7144 0.9792 0.0668 0.0724 0.6561 0.4652 0.4083
129 130 131 0.3276 0.9362 0.1477 0.4443 0.6950 0.3654 0.0269 0.5057
130 131 132 0.4298 0.1816 0.0803 0.2944 0.2169 0.0622 0.9171 0.8419
131 132 133 0.7209 0.2790 0.8025 0.0147 0.1299 0.8560 0.6759 0.1946
132 133 134 0.9621 0.0989 0.6707 0.0553 0.8221 0.5430 0.5133 0.3687
133 134 135 0.2279 0.8588 0.5301 0.2019 0.2534 0.8506 0.4956 0.0314
134 135 136 0.4232 0.6213 0.9363 0.0251 0.0670 0.2313 0.1490 0.1171
135 136 137 0.2399 0.7869 0.2718 0.0556 0.9923 0.7419 0.4586 0.2699
136 137 138 0.0394 0.8184 0.8719 0.5696 0.4222 0.4034 0.0250 0.9892
137 138 139 0.5435 0.0513 0.4020 0.3617 0.6644 0.5078 0.3679 0.8627
138 139 140 0.0313 0.3260 0.7076 0.5983 0.9266 0.4345 0.2072 0.4592
139 140 141 0.2034 0.4914 0.1348 0.7085 0.5805 0.9835 0.4534 0.2430
140 141 142 0.4134 0.2919 0.3540 0.5426 0.6709 0.0760 0.0884 0.4410
141 142 143 0.5141 0.1494 0.7294 0.7216 0.4035 0.0554 0.9098 0.8305
142 143 144 0.3269 0.9454 0.0788 0.5153 0.7781 0.2850 0.4578 0.3598
143 144 145 0.5951 0.2046 0.8841 0.5833 0.5337 0.2607 0.6756 0.1098
144 145 146 0.7345 0.3267 0.4662 0.6657 0.8241 0.5191 0.3377 0.0940
145 146 147 0.5161 0.8142 0.0571 0.1217 0.8144 0.1976 0.2615 0.0927
146 147 148 0.8541 0.3482 0.8705 0.4364 0.0716 0.5611 0.6009 0.9584
147 148 149 0.4441 0.4374 0.7319 0.1893 0.1246 0.3355 0.2798 0.5086
148 149 150 0.7438 0.7897 0.2938 0.2286 0.4574 0.7452 0.4901 0.1628
149 150 151 0.3436 0.7492 0.5803 0.5386 0.3522 0.0595 0.6934 0.7761
150 151 152 0.6667 0.2584 0.3459 0.1417 0.4673 0.3916 0.8039 0.9582
151 152 153 0.2204 0.3526 0.3034 0.6121 0.9072 0.1829 0.6775 0.5499
152 153 154 0.1824 0.5535 0.8017 0.4278 0.7556 0.0605 0.1323 0.8520
153 154 155 0.3730 0.6527 0.1293 0.8878 0.1309 0.0289 0.4397 0.1367
154 155 156 0.1490 0.5606 0.3176 0.9942 0.0297 0.2047 0.5692 0.6524
155 156 157 0.0621 0.4270 0.5374 0.3811 0.4312 0.9873 0.3459 0.9655
156 157 158 0.0775 0.1380 0.7586 0.4040 0.4648 0.8277 0.9618 0.5645
157 158 159 0.7984 0.6906 0.6478 0.0611 0.2881 0.4949 0.4244 0.4626
158 159 160 0.8444 0.9217 0.7594 0.9546 0.4036 0.5771 0.2491 0.9211
159 160 161 0.9127 0.2650 0.2600 0.5888 0.6110 0.1367 0.0075 0.2559
160 161 162 0.6354 0.9200 0.1251 0.1829 0.5970 0.6254 0.9786 0.7107
161 162 163 0.8799 0.7449 0.3934 0.4618 0.6229 0.7316 0.1794 0.7820
162 163 164 0.4209 0.1049 0.7960 0.5469 0.5606 0.2078 0.9454 0.6347
163 164 165 0.6014 0.3810 0.6845 0.4775 0.1627 0.8813 0.9161 0.4908
164 165 166 0.9456 0.4013 0.8390 0.7043 0.7410 0.0398 0.1420 0.6981
165 166 167 0.5793 0.4061 0.8956 0.0470 0.7624 0.0752 0.1170 0.0225
166 167 168 0.6539 0.2858 0.3965 0.7721 0.3037 0.7903 0.4358 0.0543
167 168 169 0.9792 0.9265 0.2780 0.9936 0.2578 0.7772 0.8131 0.8679
168 169 170 0.8710 0.6561 0.7478 0.5353 0.0643 0.0882 0.3072 0.3488
169 170 171 0.7178 0.0778 0.0694 0.9779 0.2452 0.5356 0.4945 0.4494
170 171 172 0.9075 0.3291 0.5012 0.1201 0.9921 0.3147 0.9304 0.5908
171 172 173 0.8420 0.1251 0.9624 0.3549 0.8885 0.7574 0.4909 0.3675
172 173 174 0.9012 0.2821 0.4437 0.7910 0.4924 0.8002 0.9650 0.6924
173 174 175 0.7483 0.3322 0.1910 0.0852 0.7348 0.8222 0.5083 0.4077
174 175 176 0.0572 0.0488 0.5125 0.4718 0.9903 0.1403 0.7818 0.5104
175 176 177 0.2749 0.7986 0.2369 0.6959 0.6087 0.9456 0.3459 0.3247
176 177 178 0.2880 0.2082 0.0129 0.0143 0.8144 0.3316 0.3726 0.4355
177 178 179 0.5414 0.5065 0.1689 0.0758 0.1052 0.7909 0.9642 0.3823
178 179 180 0.6674 0.8348 0.2497 0.6440 0.1635 0.9728 0.1424 0.7224
179 180 181 0.4007 0.4202 0.4938 0.4381 0.0384 0.2083 0.5387 0.9599
180 181 182 0.7978 0.4467 0.2896 0.7434 0.4445 0.8585 0.6374 0.1705
181 182 183 0.4755 0.0410 0.4399 0.2595 0.9602 0.4676 0.7768 0.0020
182 183 184 0.5173 0.6662 0.4654 0.7391 0.9445 0.6875 0.6211 0.9627
183 184 185 0.0302 0.0483 0.3571 0.8025 0.4497 0.0353 0.0642 0.1541
184 185 186 0.9257 0.6749 0.2070 0.2759 0.6942 0.4728 0.8580 0.6331
185 186 187 0.4417 0.0140 0.4184 0.2796 0.6980 0.7609 0.8441 0.4441
186 187 188 0.6171 0.2827 0.1789 0.2462 0.4322 0.0085 0.8585 0.2673
187 188 189 0.6253 0.1631 0.7913 0.1948 0.0934 0.1082 0.5398 0.1038
188 189 190 0.0886 0.3283 0.0775 0.8623 0.1770 0.5848 0.8748 0.6293
189 190 191 0.2456 0.4872 0.5741 0.9735 0.9323 0.8776 0.1250 0.3307
190 191 192 0.0799 0.1309 0.4736 0.5448 0.6670 0.6959 0.7727 0.8003
191 192 193 0.5059 0.2397 0.9617 0.1836 0.5485 0.7064 0.0255 0.3418
192 193 194 0.8970 0.2487 0.6576 0.9840 0.2762 0.7368 0.3626 0.0052
193 194 195 0.7394 0.7827 0.2507 0.0988 0.5665 0.9602 0.5317 0.2205
194 195 196 0.3024 0.7408 0.1205 0.1761 0.5004 0.2459 0.4320 0.4968
195 196 197 0.8119 0.3493 0.3297 0.2579 0.2665 0.8798 0.5046 0.8313
196 197 198 0.5816 0.6375 0.4969 0.1758 0.5454 0.8181 0.0506 0.7210
197 198 199 0.8163 0.5523 0.9367 0.0552 0.0399 0.7554 0.8982 0.8921
198 199 200 0.1496 0.9316 0.5714 0.3984 0.1360 0.4087 0.9197 0.6124
199 200 201 0.4617 0.0829 0.1769 0.3273 0.0840 0.2626 0.3223 0.2505
200 201 202 0.7935 0.9240 0.7295 0.0348 0.3639 0.2774 0.3969 0.6706
201 202 203 0.1612 0.3708 0.0740 0.5578 0.9699 0.2625 0.4276 0.1395
202 203 204 0.1215 0.4326 0.1489 0.8224 0.7758 0.7791 0.2767 0.2256
203 204 205 0.9005 0.4637 0.9560 0.1879 0.8034 0.5692 0.1437 0.6468
204 205 206 0.1799 0.6691 0.4660 0.2033 0.9323 0.3127 0.5946 0.2224
205 206 207 0.0457 0.5131 0.7809 0.0569 0.5113 0.7607 0.9981 0.5368
206 207 208 0.2650 0.5699 0.9633 0.5026 0.0787 0.8451 0.3386 0.9331
207 208 209 0.8729 0.3002 0.8434 0.5866 0.7183 0.6172 0.6343 0.5116
208 209 210 0.4287 0.0052 0.5140 0.4738 0.1787 0.8748 0.1738 0.3492
209 210 211 0.6730 0.6142 0.6221 0.5145 0.8430 0.0590 0.0647 0.7646
210 211 212 0.4211 0.0618 0.4015 0.9155 0.3038 0.4401 0.1737 0.3508
211 212 213 0.9236 0.9410 0.3229 0.6247 0.2687 0.2451 0.0762 0.8245
212 213 214 0.4133 0.7846 0.0484 0.8479 0.2284 0.0424 0.3040 0.2210
213 214 215 0.2673 0.0554 0.8052 0.9645 0.5154 0.7297 0.1061 0.9691
214 215 216 0.0880 0.7356 0.8477 0.1283 0.7468 0.9127 0.1845 0.9347
215 216 217 0.7668 0.5269 0.7988 0.4009 0.3344 0.2470 0.5539 0.9795
216 217 218 0.9203 0.7925 0.7479 0.3634 0.8014 0.9533 0.5948 0.1246
217 218 219 0.4449 0.6104 0.0084 0.4403 0.0455 0.3016 0.1793 0.2909
218 219 220 0.6885 0.0070 0.7362 0.7624 0.2505 0.6648 0.8654 0.7683
219 220 221 0.8546 0.2874 0.9227 0.5441 0.6910 0.7382 0.1942 0.7204
220 221 222 0.7584 0.9993 0.2777 0.5634 0.1641 0.6478 0.9880 0.6289
221 222 223 0.5672 0.7888 0.5018 0.0102 0.3320 0.8167 0.5683 0.5396
222 223 224 0.8695 0.4553 0.2684 0.9496 0.9623 0.3381 0.7663 0.4855
223 224 225 0.6663 0.7517 0.1312 0.1558 0.5626 0.1086 0.9458 0.3250
224 225 226 0.3880 0.9659 0.2519 0.7944 0.6179 0.1752 0.0428 0.9678
225 226 227 0.2845 0.8291 0.2039 0.9427 0.9849 0.2999 0.8121 0.7310
226 227 228 0.6350 0.1959 0.8108 0.5756 0.2926 0.7202 0.2991 0.7980
227 228 229 0.8310 0.3245 0.4748 0.8516 0.2660 0.3145 0.2041 0.6996
228 229 230 0.4859 0.4937 0.5458 0.2316 0.2809 0.7301 0.3564 0.8330
229 230 231 0.8715 0.9053 0.6159 0.4179 0.6501 0.7174 0.8768 0.6698
230 231 232 0.4481 0.0104 0.6944 0.2134 0.4835 0.5228 0.8602 0.5257
231 232 233 0.6123 0.6481 0.6457 0.4661 0.8237 0.2042 0.6146 0.7327
232 233 234 0.2847 0.4198 0.6214 0.4689 0.5491 0.7500 0.4967 0.6429
233 234 235 0.5440 0.0957 0.7368 0.7679 0.7925 0.6239 0.1033 0.5379
234 235 236 0.7096 0.2073 0.7507 0.0542 0.9740 0.6452 0.0134 0.5428
235 236 237 0.5953 0.3178 0.6954 0.3858 0.5938 0.1860 0.2354 0.0645
236 237 238 0.4503 0.6520 0.3612 0.4211 0.0218 0.9464 0.3676 0.4764
237 238 239 0.2890 0.6729 0.5107 0.7075 0.6813 0.5126 0.7258 0.9279
238 239 240 0.5417 0.0559 0.3268 0.8609 0.6430 0.4677 0.8411 0.0517
239 240 241 0.4539 0.2457 0.5015 0.8989 0.0247 0.1114 0.6715 0.3527
240 241 242 0.2347 0.0885 0.4293 0.3590 0.9057 0.3400 0.5347 0.1727
241 242 243 0.0247 0.6187 0.1972 0.7500 0.8021 0.4979 0.0830 0.5927
242 243 244 0.0831 0.0958 0.7457 0.5430 0.1055 0.5335 0.0127 0.0859
243 244 245 0.9528 0.0534 0.2114 0.1175 0.1566 0.4760 0.7575 0.5443
244 245 246 0.3361 0.4576 0.7460 0.8154 0.1405 0.2070 0.1411 0.5482
245 246 247 0.7162 0.4559 0.1156 0.7184 0.3861 0.8613 0.2734 0.3412
246 247 248 0.1536 0.3281 0.2540 0.8031 0.4170 0.1614 0.1683 0.3102
247 248 249 0.0109 0.3812 0.7448 0.5065 0.3419 0.7767 0.1752 0.3895
248 249 250 0.8952 0.7818 0.8610 0.8649 0.9145 0.9175 0.2767 0.2911
249 250 251 0.4242 0.7032 0.2335 0.2899 0.4545 0.0619 0.8787 0.9510
250 251 252 0.3286 0.8415 0.3353 0.8584 0.8811 0.8749 0.4425 0.8369
251 252 253 0.1974 0.1055 0.8294 0.8207 0.7436 0.1652 0.6823 0.1506
252 253 254 0.9931 0.3789 0.5468 0.8131 0.4147 0.3518 0.7731 0.8482
253 254 255 0.7062 0.8153 0.5698 0.4387 0.6379 0.3960 0.5248 0.2234
254 255 256 0.5404 0.8473 0.5504 0.0944 0.5630 0.7625 0.7953 0.9781
255 256 257 0.6302 0.4614 0.6331 0.1642 0.4230 0.1978 0.7278 0.4251
256 257 258 0.4350 0.3487 0.2520 0.5985 0.8874 0.5061 0.8332 0.0358
257 258 259 0.7736 0.5005 0.7123 0.5782 0.0235 0.4617 0.3727 0.2583
258 259 260 0.8501 0.0297 0.8880 0.4198 0.5951 0.0998 0.6695 0.2174
259 260 261 0.4240 0.1105 0.4870 0.2487 0.8004 0.7377 0.6212 0.1478
260 261 262 0.4258 0.0490 0.1282 0.7411 0.0139 0.0113 0.9592 0.8035
261 262 263 0.1787 0.3727 0.8479 0.1834 0.4861 0.1941 0.1196 0.0756
262 263 264 0.3935 0.3697 0.7009 0.2073 0.7057 0.5641 0.9738 0.1326
263 264 265 0.8533 0.8053 0.3815 0.9964 0.1764 0.5452 0.8512 0.9481
264 265 266 0.9390 0.5570 0.8407 0.8389 0.9267 0.0153 0.7539 0.6549
265 266 267 0.1100 0.5398 0.0481 0.9663 0.1532 0.1189 0.2857 0.9264
266 267 268 0.5568 0.4978 0.3813 0.8189 0.8567 0.8098 0.5670 0.5365
267 268 269 0.2385 0.6055 0.9996 0.7948 0.8137 0.0131 0.7632 0.3847
268 269 270 0.2715 0.2658 0.3261 0.0638 0.6942 0.9849 0.1836 0.8128
269 270 271 0.7437 0.3292 0.8265 0.1978 0.9302 0.4187 0.8486 0.5621
270 271 272 0.9917 0.9015 0.7942 0.9085 0.8642 0.5028 0.9138 0.7379
271 272 273 0.1063 0.9794 0.1878 0.3499 0.6209 0.0775 0.4380 0.7178
272 273 274 0.2257 0.9828 0.0441 0.4436 0.6198 0.2901 0.1351 0.4397
273 274 275 0.4855 0.8826 0.1078 0.2301 0.3642 0.6722 0.5157 0.5554
274 275 276 0.6153 0.2605 0.8800 0.5475 0.7037 0.4971 0.2906 0.6106
275 276 277 0.6757 0.8082 0.4137 0.5404 0.0077 0.8278 0.6389 0.8975
276 277 278 0.0488 0.2446 0.6186 0.3630 0.3874 0.7255 0.5272 0.9516
277 278 000 0.4640 0.7913 0.1617 0.3780 0.9760 0.7820 0.7056 0.7999
278 000 001 0.9573 0.9794 0.1753 0.3994 0.2244 0.5264 0.6048 0.6373
