279 155682 3 279
000 001 002 0.1756 0.9385 0.7578 0.0314 0.4962 0.8714 0.3501 0.1962
001 002 003 0.4413 0.4984 0.0661 0.0192 0.5388 0.6852 0.9540 0.9558
002 003 004 0.6044 0.4860 0.9294 0.7597 0.1673 0.0744 0.3881 0.2086
003 004 005 0.3376 0.8930 0.4784 0.6315 0.9231 0.5836 0.0089 0.4061
004 005 006 0.4641 0.4705 0.2830 0.4314 0.8182 0.9366 0.9724 0.9600
005 006 007 0.5871 0.4786 0.0019 0.0262 0.5962 0.9137 0.3808 0.2548
006 007 008 0.7632 0.0134 0.8137 0.7213 0.4126 0.7115 0.3166 0.6910
007 008 009 0.0964 0.4824 0.8803 0.9757 0.0040 0.0166 0.2498 0.8110
008 009 010 0.9872 0.7561 0.0951 0.1529 0.3106 0.9410 0.1976 0.2193
009 010 011 0.1075 0.8802 0.6859 0.3034 0.7905 0.1937 0.3834 0.7809
010 011 012 0.2644 0.0345 0.6823 0.4515 0.9964 0.1963 0.8072 0.1264
011 012 013 0.1869 0.3517 0.1463 0.8669 0.5582 0.1514 0.3688 0.7998
012 013 014 0.7949 0.9603 0.0419 0.7840 0.1103 0.0345 0.9519 0.4281
013 014 015 0.3549 0.2611 0.8249 0.4757 0.8733 0.5986 0.3226 0.5199
014 015 016 0.4571 0.7265 0.7755 0.8331 0.4909 0.3625 0.2832 0.5473
015 016 017 0.7703 0.5787 0.9999 0.7405 0.2347 0.7115 0.3661 0.1262
016 017 018 0.9461 0.4444 0.1090 0.0434 0.7528 0.0950 0.4661 0.9047
017 018 019 0.1737 0.1236 0.5640 0.7487 0.5698 0.8269 0.7260 0.3392
018 019 020 0.6978 0.7202 0.2406 0.9132 0.0711 0.7351 0.6038 0.1677
019 020 021 0.4125 0.3172 0.8921 0.8716 0.0995 0.1303 0.8365 0.0494
020 021 022 0.2083 0.6202 0.8191 0.2849 0.2115 0.7292 0.3256 0.9448
021 022 023 0.1087 0.0308 0.4301 0.5110 0.6229 0.6382 0.2031 0.4725
022 023 024 0.3255 0.3875 0.7381 0.1511 0.0455 0.2986 0.1394 0.7602
023 024 025 0.9146 0.1157 0.2503 0.2528 0.5603 0.5354 0.5831 0.6797
024 025 026 0.4618 0.6969 0.7550 0.8548 0.2462 0.9685 0.1447 0.1740
025 026 027 0.5646 0.5391 0.3695 0.2819 0.6668 0.1556 0.0165 0.1442
026 027 028 0.5256 0.0377 0.1453 0.3906 0.2073 0.8304 0.7792 0.5482
027 028 029 0.3716 0.3141 0.7393 0.6854 0.7329 0.3896 0.7346 0.8575
028 029 030 0.6271 0.1690 0.8567 0.5812 0.8376 0.0313 0.4496 0.5857
029 030 031 0.2428 0.2419 0.2378 0.0290 0.9778 0.6722 0.8380 0.4247
030 031 032 0.9926 0.5506 0.4373 0.6739 0.6064 0.9314 0.4860 0.6217
031 032 033 0.4991 0.6025 0.3924 0.7287 0.0988 0.7367 0.3443 0.5028
032 033 034 0.6450 0.7874 0.5642 0.0097 0.9142 0.4823 0.6944 0.9342
033 034 035 0.1087 0.1712 0.2170 0.0977 0.3564 0.6322 0.0190 0.5243
034 035 036 0.2203 0.4452 0.2574 0.9848 0.7245 0.5340 0.2432 0.1955
035 036 037 0.1132 0.1184 0.2116 0.5926 0.1135 0.8435 0.5850 0.8953
036 037 038 0.6936 0.6116 0.1686 0.1644 0.4889 0.6856 0.1408 0.9870
037 038 039 0.9681 0.7642 0.4247 0.9569 0.9126 0.1821 0.5475 0.2236
038 039 040 0.1693 0.9149 0.2996 0.3963 0.3053 0.3382 0.3577 0.6502
039 040 041 0.6040 0.7585 0.7477 0.5555 0.7377 0.4268 0.9794 0.0678
040 041 042 0.5569 0.4634 0.7168 0.5866 0.0765 0.9222 0.9831 0.4566
041 042 043 0.2803 0.3642 0.5371 0.3950 0.0011 0.5395 0.3210 0.4551
042 043 044 0.1543 0.2071 0.3905 0.1067 0.4180 0.2558 0.2427 0.0132
043 044 045 0.6342 0.0501 0.7640 0.1893 0.2416 0.8735 0.1933 0.2239
044 045 046 0.3195 0.7343 0.8592 0.5487 0.6795 0.8141 0.3851 0.9515
045 046 047 0.4366 0.8411 0.5737 0.3308 0.1550 0.5699 0.2651 0.9762
046 047 048 0.1822 0.4566 0.1072 0.8882 0.4921 0.1310 0.4667 0.5275
047 048 049 0.7485 0.5607 0.1296 0.9065 0.7794 0.1184 0.1869 0.8656
048 049 050 0.5131 0.6685 0.7999 0.6728 0.9620 0.7535 0.5797 0.9328
049 050 051 0.4526 0.7119 0.5867 0.9257 0.7670 0.0394 0.1903 0.9157
050 051 052 0.7966 0.7144 0.4158 0.3856 0.8971 0.9065 0.5490 0.4016
051 052 053 0.8239 0.1025 0.8027 0.9549 0.5174 0.2525 0.8459 0.0588
052 053 054 0.8268 0.0379 0.7260 0.7315 0.4631 0.3788 0.9009 0.7261
053 054 055 0.9915 0.3467 0.2696 0.0517 0.3090 0.9256 0.3517 0.6482
054 055 056 0.5623 0.9916 0.8213 0.1177 0.7903 0.2050 0.7870 0.8173
055 056 057 0.9853 0.0203 0.9452 0.6980 0.0998 0.5247 0.0378 0.5247
056 057 058 0.1630 0.1726 0.7798 0.3476 0.5986 0.1036 0.6487 0.8122
057 058 059 0.5046 0.0898 0.3710 0.2353 0.2026 0.0452 0.0374 0.5190
058 059 060 0.7534 0.6841 0.7137 0.1316 0.3532 0.5260 0.5360 0.7464
059 060 061 0.0896 0.5405 0.9107 0.8957 0.2293 0.7076 0.5167 0.6936
060 061 062 0.6968 0.1107 0.1704 0.4481 0.1432 0.2507 0.6256 0.8383
061 062 063 0.0512 0.5315 0.6993 0.9901 0.2272 0.8453 0.2195 0.6668
062 063 064 0.9555 0.9855 0.9492 0.5659 0.1143 0.0257 0.7139 0.6707
063 064 065 0.9250 0.7853 0.6593 0.5714 0.6260 0.1747 0.6515 0.1743
064 065 066 0.7544 0.2864 0.2372 0.3399 0.8645 0.6518 0.9635 0.7394
065 066 067 0.6266 0.1803 0.3640 0.7094 0.3270 0.6905 0.1085 0.1023
066 067 068 0.2120 0.5825 0.1256 0.8335 0.8464 0.0896 0.6829 0.1342
067 068 069 0.7356 0.8877 0.5811 0.7309 0.2967 0.4432 0.0487 0.0994
068 069 070 0.0472 0.0703 0.8687 0.3653 0.7112 0.1523 0.3127 0.6718
069 070 071 0.8636 0.8155 0.8299 0.7914 0.6800 0.7130 0.6395 0.4094
070 071 072 0.5236 0.9152 0.9453 0.4929 0.8445 0.2076 0.2443 0.0697
071 072 073 0.1636 0.9230 0.9771 0.1908 0.3396 0.7702 0.1172 0.4171
072 073 074 0.1606 0.5228 0.0406 0.9870 0.7299 0.3701 0.4870 0.9258
073 074 075 0.8697 0.2520 0.7008 0.5834 0.9596 0.3877 0.8079 0.8269
074 075 076 0.6173 0.5271 0.0999 0.1084 0.5275 0.0342 0.4200 0.1194
075 076 077 0.5731 0.3017 0.5078 0.1754 0.5167 0.3120 0.9981 0.8705
076 077 078 0.3026 0.5012 0.1300 0.7936 0.7392 0.2985 0.5808 0.9237
077 078 079 0.1382 0.7584 0.4922 0.8236 0.6261 0.8779 0.9168 0.7107
078 079 080 0.6848 0.0396 0.4167 0.9465 0.6762 0.8358 0.2446 0.5456
079 080 081 0.3567 0.9525 0.0796 0.4566 0.4083 0.4954 0.8076 0.8731
080 081 082 0.0396 0.8210 0.6724 0.5352 0.8854 0.8556 0.9183 0.7973
081 082 083 0.6441 0.1716 0.5321 0.7910 0.2903 0.4494 0.9418 0.6567
082 083 084 0.8203 0.9609 0.1532 0.2141 0.9622 0.5677 0.2603 0.6693
083 084 085 0.6639 0.6968 0.1158 0.4716 0.9556 0.1849 0.9328 0.5730
084 085 086 0.3098 0.4388 0.5139 0.0441 0.5312 0.6157 0.2873 0.6844
085 086 087 0.2441 0.2034 0.5124 0.1350 0.2892 0.2827 0.4848 0.3971
086 087 088 0.4019 0.4724 0.1047 0.5806 0.2893 0.2342 0.0132 0.7777
087 088 089 0.8315 0.7263 0.5192 0.3071 0.4874 0.6160 0.7521 0.1049
088 089 090 0.2785 0.8108 0.9855 0.2302 0.5024 0.5881 0.4325 0.9519
089 090 091 0.0134 0.8930 0.0712 0.5278 0.6883 0.9749 0.8451 0.3969
090 091 092 0.8322 0.4101 0.6176 0.9036 0.4832 0.7983 0.2511 0.6665
091 092 093 0.0067 0.4344 0.6523 0.5708 0.2513 0.2030 0.3745 0.4648
092 093 094 0.1735 0.3022 0.4355 0.3115 0.6916 0.6869 0.0626 0.9138
093 094 095 0.2452 0.5150 0.0186 0.3192 0.2407 0.2262 0.5685 0.3863
094 095 096 0.0505 0.5948 0.0256 0.2716 0.5893 0.5297 0.3344 0.7250
095 096 097 0.2099 0.8553 0.6515 0.8529 0.5968 0.4737 0.1850 0.0760
096 097 098 0.3879 0.7330 0.3590 0.7774 0.1115 0.9477 0.8179 0.1915
097 098 099 0.7228 0.1203 0.9054 0.6266 0.3222 0.0262 0.9222 0.0701
098 099 100 0.5447 0.1686 0.8318 0.2867 0.0536 0.7684 0.9796 0.3908
099 100 101 0.5758 0.9711 0.1247 0.3088 0.3660 0.6316 0.3926 0.0277
100 101 102 0.3545 0.1716 0.6570 0.2295 0.2995 0.0536 0.6681 0.4428
101 102 103 0.2636 0.1745 0.0437 0.0520 0.7894 0.3291 0.6205 0.5426
102 103 104 0.9161 0.4988 0.8648 0.3728 0.0868 0.3378 0.7919 0.4949
103 104 105 0.5975 0.0820 0.1009 0.1470 0.4161 0.5270 0.5822 0.5961
104 105 106 0.1838 0.6379 0.2519 0.5475 0.2228 0.9527 0.5219 0.3661
105 106 107 0.1655 0.3139 0.3826 0.1963 0.1617 0.8672 0.8965 0.2862
106 107 108 0.1166 0.1905 0.4004 0.1851 0.7651 0.4400 0.9129 0.9570
107 108 109 0.1155 0.6724 0.8743 0.4649 0.5415 0.0835 0.5454 0.0201
108 109 110 0.6545 0.7876 0.7570 0.2478 0.3892 0.0035 0.5863 0.8383
109 110 111 0.7737 0.9385 0.6055 0.4940 0.8553 0.3352 0.0330 0.6339
110 111 112 0.7554 0.2602 0.7326 0.4513 0.2736 0.2620 0.3813 0.2193
111 112 113 0.2446 0.8028 0.2954 0.1005 0.3188 0.3925 0.8125 0.8933
112 113 114 0.9061 0.5371 0.3962 0.7151 0.2341 0.8275 0.6195 0.5527
113 114 115 0.3800 0.0961 0.5454 0.5666 0.4456 0.3433 0.7522 0.1659
114 115 116 0.0703 0.0873 0.0633 0.9123 0.5692 0.4616 0.5734 0.3965
115 116 117 0.6616 0.4975 0.1820 0.2346 0.2465 0.3379 0.0490 0.2490
116 117 118 0.3431 0.5025 0.9136 0.9228 0.2403 0.2767 0.3839 0.0770
117 118 119 0.1529 0.9603 0.9534 0.9113 0.2933 0.8056 0.1882 0.7090
118 119 120 0.1338 0.7640 0.6262 0.9149 0.9781 0.2404 0.3109 0.9157
119 120 121 0.9998 0.6398 0.1831 0.6409 0.5591 0.0371 0.4557 0.1191
120 121 122 0.8084 0.0072 0.2189 0.3530 0.7191 0.6587 0.5551 0.4177
121 122 123 0.9785 0.4920 0.5540 0.5625 0.3147 0.5062 0.3298 0.4517
122 123 124 0.4724 0.4488 0.2363 0.3854 0.0292 0.1040 0.8398 0.1959
123 124 125 0.1670 0.3885 0.9969 0.2029 0.4039 0.9213 0.4885 0.8247
124 125 126 0.3809 0.7216 0.9735 0.7181 0.2773 0.4179 0.1127 0.2260
125 126 127 0.1287 0.9893 0.2366 0.4570 0.9065 0.9133 0.9001 0.7979
126 127 128 0.1325 0.5001 0.1830 0.2247 0.4437 0.9293 0.5540 0.8098
127 128 129 0.0317 0.9006 0.1542 0.8257 0.3695 0.7126 0.1367 0.8355
128 129 130 0.9476 0.2467 0.4945 0.9917 0.8272 0.2294 0.6739 0.2857
129 130 131 0.7377 0.1177 0.2943 0.6778 0.2141 0.1087 0.2523 0.0320
130 131 132 0.2968 0.9303 0.8472 0.3956 0.4713 0.6316 0.7407 0.7754
131 132 133 0.1913 0.0044 0.8355 0.1161 0.3790 0.4087 0.8338 0.9356
132 133 134 0.3662 0.9646 0.0946 0.4515 0.8077 0.1562 0.3034 0.7100
133 134 135 0.4736 0.5861 0.3087 0.6114 0.2782 0.0926 0.5069 0.0468
134 135 136 0.5743 0.4608 0.1172 0.4029 0.7830 0.8393 0.5249 0.7350
135 136 137 0.7624 0.9572 0.9320 0.5829 0.0968 0.2917 0.3564 0.7400
136 137 138 0.6670 0.0177 0.1498 0.6495 0.1497 0.6049 0.0434 0.4457
137 138 139 0.1688 0.2308 0.7378 0.8671 0.9484 0.3551 0.9981 0.9357
138 139 140 0.3583 0.7217 0.8659 0.2128 0.2533 0.0203 0.7483 0.3791
139 140 141 0.8104 0.9721 0.7501 0.3506 0.6173 0.9777 0.8628 0.3210
140 141 142 0.5522 0.8256 0.3245 0.0932 0.6951 0.9923 0.2660 0.3209
141 142 143 0.5757 0.5180 0.9317 0.2059 0.2961 0.9347 0.4657 0.5892
142 143 144 0.7210 0.5905 0.7401 0.5440 0.7494 0.6049 0.8243 0.8762
143 144 145 0.0092 0.1261 0.2218 0.8690 0.8684 0.7658 0.1319 0.3930
144 145 146 0.0956 0.1486 0.2032 0.6783 0.2246 0.0351 0.4884 0.6068
145 146 147 0.9692 0.0518 0.7295 0.9105 0.3743 0.3536 0.9976 0.5433
146 147 148 0.2939 0.1575 0.5209 0.3651 0.5462 0.2562 0.1221 0.2732
147 148 149 0.9170 0.4163 0.4480 0.6711 0.5849 0.6758 0.0536 0.1994
148 149 150 0.9306 0.4677 0.3299 0.1064 0.1924 0.9799 0.8061 0.5750
149 150 151 0.6030 0.8493 0.2299 0.1209 0.3185 0.7983 0.3294 0.8839
150 151 152 0.1783 0.3175 0.0973 0.3574 0.2521 0.0883 0.8435 0.3712
151 152 153 0.5542 0.5139 0.0599 0.3805 0.9929 0.8765 0.8750 0.5817
152 153 154 0.9407 0.8457 0.6275 0.6955 0.3434 0.2383 0.0766 0.7470
153 154 155 0.0852 0.5797 0.1739 0.3391 0.6578 0.2073 0.1745 0.7776
154 155 156 0.1497 0.7167 0.8163 0.2517 0.4055 0.3617 0.9866 0.9019
155 156 157 0.8678 0.4442 0.7080 0.1401 0.3017 0.4358 0.5208 0.1671
156 157 158 0.7308 0.4278 0.8018 0.6575 0.0554 0.1584 0.5802 0.7255
157 158 159 0.1573 0.0799 0.9436 0.3054 0.1353 0.5366 0.2656 0.6284
158 159 160 0.4077 0.7992 0.3424 0.0605 0.2995 0.5716 0.4744 0.8912
159 160 161 0.4544 0.3422 0.5679 0.4403 0.2758 0.4313 0.9948 0.2337
160 161 162 0.6406 0.8110 0.0979 0.1310 0.8760 0.5422 0.7580 0.2140
161 162 163 0.9405 0.0455 0.9092 0.6424 0.1631 0.1058 0.3521 0.0481
162 163 164 0.1534 0.3247 0.1567 0.3623 0.2597 0.0374 0.8763 0.0921
163 164 165 0.3938 0.3024 0.7007 0.2880 0.8105 0.3822 0.7150 0.9390
164 165 166 0.2120 0.2386 0.8637 0.1021 0.1604 0.9791 0.3199 0.7797
165 166 167 0.7029 0.7235 0.8162 0.3523 0.9843 0.8351 0.0723 0.9415
166 167 168 0.0194 0.8660 0.7032 0.3204 0.6600 0.3743 0.7037 0.9443
167 168 169 0.6013 0.1929 0.7672 0.8561 0.0740 0.7793 0.7682 0.0949
168 169 170 0.9926 0.5022 0.1242 0.2087 0.2213 0.3856 0.5773 0.4836
169 170 171 0.2693 0.0088 0.8751 0.7039 0.3466 0.9417 0.6330 0.9199
170 171 172 0.4231 0.0245 0.2819 0.5185 0.2007 0.1901 0.4373 0.8988
171 172 173 0.1985 0.3903 0.1083 0.6349 0.0830 0.7532 0.8511 0.4069
172 173 174 0.5305 0.7769 0.0392 0.1524 0.1045 0.5094 0.7864 0.0587
173 174 175 0.1043 0.7348 0.9915 0.0501 0.9332 0.9151 0.6015 0.9841
174 175 176 0.8510 0.0577 0.9034 0.3331 0.4624 0.9682 0.8821 0.8072
175 176 177 0.2513 0.5380 0.3225 0.1454 0.5516 0.5196 0.2970 0.5794
176 177 178 0.9058 0.4285 0.9519 0.2652 0.6390 0.1790 0.2812 0.6782
177 178 179 0.5692 0.6886 0.2959 0.0321 0.7972 0.6527 0.8578 0.8104
178 179 180 0.4520 0.3027 0.8363 0.9407 0.4527 0.6121 0.3490 0.8406
179 180 181 0.0782 0.5881 0.4816 0.9812 0.9311 0.7821 0.3243 0.9414
180 181 182 0.6687 0.8528 0.8032 0.8950 0.2829 0.9679 0.3701 0.8825
181 182 183 0.5184 0.8959 0.5759 0.9681 0.1122 0.1904 0.1386 0.0222
182 183 184 0.1675 0.7133 0.9618 0.8699 0.5478 0.6047 0.5115 0.0897
183 184 185 0.0957 0.3516 0.6120 0.7468 0.1963 0.5152 0.1543 0.3601
184 185 186 0.8487 0.0095 0.2129 0.1742 0.2270 0.0980 0.3634 0.4613
185 186 187 0.1413 0.3725 0.0311 0.8216 0.9052 0.5506 0.8240 0.2625
186 187 188 0.9543 0.3860 0.5270 0.2291 0.0468 0.7647 0.7727 0.0922
187 188 189 0.6406 0.2817 0.7383 0.5117 0.7380 0.4365 0.1137 0.0529
188 189 190 0.0547 0.1748 0.9482 0.9918 0.3461 0.5607 0.8764 0.5931
189 190 191 0.7850 0.6772 0.2928 0.1470 0.4906 0.5349 0.9669 0.7682
190 191 192 0.7517 0.3307 0.3451 0.8777 0.4654 0.2008 0.7052 0.3366
191 192 193 0.8746 0.0937 0.0732 0.6508 0.7802 0.6437 0.1173 0.2769
192 193 194 0.4074 0.4517 0.9859 0.0526 0.6458 0.6815 0.1669 0.3961
193 194 195 0.8360 0.6026 0.0699 0.1679 0.1881 0.3733 0.1214 0.2929
194 195 196 0.3352 0.8802 0.4579 0.9778 0.3100 0.2122 0.9867 0.1872
195 196 197 0.7171 0.0983 0.9744 0.9747 0.9949 0.0642 0.1196 0.1240
196 197 198 0.9876 0.5466 0.0589 0.6079 0.0032 0.5393 0.3244 0.9843
197 198 199 0.4184 0.5185 0.3252 0.9975 0.9067 0.7443 0.0334 0.2126
198 199 200 0.3207 0.7094 0.5990 0.7977 0.4924 0.3963 0.8433 0.6697
199 200 201 0.5921 0.5227 0.0068 0.7825 0.6530 0.3213 0.2910 0.5168
200 201 202 0.9411 0.4439 0.1905 0.6084 0.7536 0.8832 0.4840 0.5081
201 202 203 0.8546 0.2897 0.0010 0.6828 0.8774 0.7961 0.3824 0.0631
202 203 204 0.5764 0.0848 0.6868 0.7314 0.5990 0.4081 0.1143 0.5477
203 204 205 0.9316 0.5808 0.2521 0.8441 0.5249 0.2085 0.8122 0.6227
204 205 206 0.1722 0.4040 0.2716 0.3005 0.4608 0.0689 0.9376 0.0677
205 206 207 0.1555 0.3893 0.4081 0.1284 0.2010 0.9429 0.8165 0.7693
206 207 208 0.7417 0.8708 0.7078 0.6411 0.4933 0.6266 0.4088 0.4082
207 208 209 0.7303 0.4789 0.8856 0.0907 0.6453 0.9932 0.5843 0.7944
208 209 210 0.6661 0.2870 0.2623 0.3415 0.4224 0.3458 0.7580 0.2700
209 210 211 0.4532 0.6172 0.3484 0.3889 0.9721 0.1592 0.6171 0.8535
210 211 212 0.8308 0.8086 0.2921 0.4614 0.1053 0.8910 0.5013 0.8989
211 212 213 0.3732 0.5839 0.8984 0.8213 0.3556 0.3566 0.8782 0.2189
212 213 214 0.1927 0.3955 0.9943 0.1828 0.5020 0.6665 0.2306 0.1760
213 214 215 0.2147 0.4124 0.5066 0.2722 0.7163 0.3712 0.9455 0.5075
214 215 216 0.9330 0.3155 0.8675 0.1812 0.1443 0.3927 0.5316 0.3758
215 216 217 0.9012 0.5710 0.5248 0.0927 0.6378 0.0507 0.1920 0.4637
216 217 218 0.6168 0.5026 0.6206 0.4196 0.0473 0.1067 0.2124 0.2402
217 218 219 0.2206 0.3737 0.8487 0.9011 0.9182 0.5930 0.4272 0.3136
218 219 220 0.4158 0.3011 0.0777 0.1793 0.6760 0.7240 0.1084 0.2095
219 220 221 0.8486 0.0606 0.6160 0.1609 0.7639 0.2042 0.2012 0.3301
220 221 222 0.0399 0.2909 0.5202 0.5535 0.0650 0.9269 0.2519 0.9632
221 222 223 0.8540 0.1283 0.1324 0.1751 0.5721 0.0954 0.9112 0.6177
222 223 224 0.9706 0.2202 0.1666 0.2602 0.2472 0.6215 0.1534 0.4108
223 224 225 0.5445 0.8218 0.7347 0.5091 0.0298 0.2959 0.9942 0.6339
224 225 226 0.9946 0.9666 0.4712 0.2125 0.0480 0.6648 0.3943 0.2379
225 226 227 0.1629 0.8304 0.0318 0.8980 0.2701 0.0531 0.4036 0.0476
226 227 228 0.2997 0.7233 0.4091 0.7844 0.6795 0.9448 0.9744 0.2453
227 228 229 0.5185 0.6729 0.7707 0.4777 0.9040 0.7034 0.2552 0.9747
228 229 230 0.6615 0.1750 0.3509 0.6452 0.9735 0.1097 0.6727 0.9021
229 230 231 0.4520 0.4708 0.2192 0.4405 0.5375 0.1905 0.9777 0.8839
230 231 232 0.0674 0.9890 0.1614 0.0625 0.6132 0.8365 0.1710 0.9300
231 232 233 0.7386 0.3670 0.4085 0.4260 0.2408 0.1222 0.6319 0.1519
232 233 234 0.6126 0.2276 0.5577 0.6927 0.0093 0.7069 0.9960 0.1750
233 234 235 0.3493 0.2523 0.6863 0.0397 0.9211 0.1379 0.6605 0.2555
234 235 236 0.2193 0.7769 0.6378 0.4087 0.7908 0.5663 0.5463 0.6965
235 236 237 0.1854 0.9577 0.6090 0.2622 0.0409 0.3950 0.9086 0.5840
236 237 238 0.2413 0.3958 0.1616 0.3788 0.4655 0.2743 0.8968 0.3730
237 238 239 0.0205 0.0356 0.7522 0.4138 0.8632 0.3005 0.2437 0.2252
238 239 240 0.9012 0.1201 0.0257 0.0553 0.1715 0.6507 0.1403 0.6187
239 240 241 0.7394 0.4630 0.2564 0.1776 0.2194 0.2974 0.2982 0.2978
240 241 242 0.3117 0.2198 0.4348 0.8840 0.0291 0.2697 0.8469 0.9279
241 242 243 0.4710 0.7362 0.8816 0.0018 0.8296 0.5221 0.4107 0.5209
242 243 244 0.5021 0.8132 0.3284 0.5833 0.6553 0.4600 0.9192 0.4295
243 244 245 0.6323 0.5340 0.9776 0.5147 0.6448 0.6331 0.3176 0.2136
244 245 246 0.0551 0.1492 0.7138 0.2701 0.5163 0.8226 0.6219 0.7120
245 246 247 0.3541 0.9946 0.2701 0.6438 0.0809 0.4971 0.8718 0.1233
246 247 248 0.9630 0.5398 0.6734 0.8418 0.4666 0.2444 0.0466 0.4481
247 248 249 0.8199 0.9237 0.4810 0.9740 0.3976 0.2495 0.1544 0.3464
248 249 250 0.4116 0.3057 0.3647 0.1961 0.5088 0.2176 0.4008 0.9092
249 250 251 0.9227 0.8251 0.2861 0.4677 0.7414 0.1969 0.2305 0.7069
250 251 252 0.0937 0.3439 0.9422 0.4685 0.9097 0.9568 0.9534 0.8604
251 252 253 0.7204 0.7676 0.3157 0.9999 0.0994 0.8539 0.0094 0.9744
252 253 254 0.9352 0.1663 0.9745 0.0573 0.6377 0.9051 0.0816 0.6273
253 254 255 0.5674 0.9200 0.4546 0.7779 0.8105 0.1254 0.9897 0.0301
254 255 256 0.7519 0.3858 0.3823 0.0643 0.4592 0.0207 0.5967 0.4039
255 256 257 0.4196 0.9538 0.6366 0.1981 0.5026 0.5491 0.9909 0.0307
256 257 258 0.5014 0.4047 0.6287 0.8552 0.6666 0.1921 0.3007 0.3105
257 258 259 0.6214 0.3663 0.9787 0.3941 0.9352 0.4941 0.4618 0.1037
258 259 260 0.6082 0.8772 0.3955 0.3304 0.4872 0.5333 0.7472 0.2973
259 260 261 0.0142 0.2877 0.8467 0.2536 0.0228 0.1889 0.8659 0.4075
260 261 262 0.6038 0.1764 0.7415 0.8878 0.0343 0.3774 0.5991 0.2450
261 262 263 0.7021 0.9498 0.0507 0.0566 0.1928 0.4997 0.2123 0.7886
262 263 264 0.1776 0.6546 0.9003 0.9920 0.8365 0.3612 0.7248 0.3716
263 264 265 0.8727 0.0782 0.6609 0.6792 0.8258 0.5583 0.8034 0.4511
264 265 266 0.1844 0.7996 0.9810 0.2534 0.7710 0.8535 0.7806 0.5063
265 266 267 0.0313 0.9494 0.5764 0.5575 0.6211 0.5252 0.3012 0.9804
266 267 268 0.1025 0.1087 0.8882 0.8256 0.7329 0.0108 0.9084 0.0052
267 268 269 0.7574 0.3190 0.8403 0.4039 0.1974 0.9023 0.0560 0.5494
268 269 270 0.0218 0.2925 0.1670 0.3061 0.5413 0.6000 0.0754 0.7282
269 270 271 0.8888 0.8044 0.1501 0.2981 0.2527 0.6791 0.0388 0.6665
270 271 272 0.9604 0.7140 0.8555 0.4210 0.1159 0.1350 0.1230 0.2762
271 272 273 0.9655 0.2586 0.3178 0.9636 0.5676 0.2867 0.7097 0.7471
272 273 274 0.8249 0.2965 0.7839 0.0172 0.6983 0.2431 0.5357 0.9849
273 274 275 0.0770 0.6836 0.8083 0.0506 0.6024 0.7165 0.4538 0.2603
274 275 276 0.3019 0.5531 0.4445 0.8642 0.6539 0.4850 0.4500 0.7290
275 276 277 0.4011 0.4678 0.1509 0.3895 0.8008 0.5688 0.8655 0.3100
276 277 278 0.3463 0.2234 0.1562 0.6065 0.2175 0.2520 0.1786 0.8324
277 278 000 0.6357 0.2582 0.5678 0.3550 0.8537 0.4862 0.1666 0.7400
278 000 001 0.5154 0.9271 0.7871 0.8162 0.1113 0.0336 0.8951 0.2044
