279 155682 3 279
000 001 002 0.3856 0.3971 0.6919 0.3155 0.5778 0.9050 0.9719 0.5317
001 002 003 0.7959 0.5606 0.7995 0.4456 0.7693 0.1956 0.1025 0.8617
002 003 004 0.6348 0.0992 0.6291 0.1119 0.2013 0.1995 0.1707 0.8146
003 004 005 0.1467 0.2135 0.7593 0.8863 0.6347 0.5700 0.8165 0.1734
004 005 006 0.3205 0.5415 0.4921 0.0309 0.1137 0.1361 0.7698 0.4195
005 006 007 0.7724 0.0965 0.7263 0.4423 0.5412 0.6525 0.6556 0.3490
006 007 008 0.9434 0.0773 0.8155 0.7498 0.5578 0.1421 0.1408 0.2877
007 008 009 0.4052 0.9547 0.8811 0.8818 0.2705 0.7775 0.9031 0.3940
008 009 010 0.2387 0.1331 0.9199 0.4696 0.8510 0.1879 0.7749 0.0643
009 010 011 0.9179 0.7382 0.4738 0.1088 0.5471 0.1693 0.8016 0.9727
010 011 012 0.7084 0.0724 0.7950 0.1980 0.6099 0.0515 0.3309 0.3774
011 012 013 0.5375 0.3332 0.2796 0.8974 0.2275 0.6577 0.6765 0.8029
012 013 014 0.4411 0.2297 0.2713 0.7704 0.6946 0.0881 0.8291 0.5391
013 014 015 0.0788 0.4316 0.4167 0.4930 0.5193 0.8592 0.0929 0.2116
014 015 016 0.8602 0.9584 0.2043 0.3119 0.2066 0.4244 0.7121 0.4115
015 016 017 0.2760 0.4358 0.3585 0.2990 0.4192 0.9315 0.9676 0.2240
016 017 018 0.6154 0.8351 0.4880 0.9597 0.1956 0.3288 0.2198 0.0946
017 018 019 0.1227 0.6761 0.7693 0.8132 0.7869 0.2134 0.5624 0.8198
018 019 020 0.3289 0.1095 0.5961 0.9103 0.0292 0.7790 0.7418 0.4754
019 020 021 0.2751 0.7055 0.3751 0.5111 0.6950 0.7871 0.0329 0.7458
020 021 022 0.6249 0.0287 0.2191 0.8784 0.7096 0.8959 0.6748 0.9292
021 022 023 0.4582 0.3267 0.2789 0.0951 0.2074 0.1791 0.4244 0.8812
022 023 024 0.4912 0.6776 0.0964 0.9317 0.4699 0.8338 0.4864 0.6166
023 024 025 0.3182 0.2184 0.6873 0.3105 0.3571 0.8067 0.8579 0.0168
024 025 026 0.4797 0.8148 0.3511 0.0891 0.4363 0.0752 0.0614 0.5751
025 026 027 0.4767 0.3110 0.1009 0.4770 0.3785 0.6504 0.0420 0.2066
026 027 028 0.0206 0.7177 0.8408 0.2087 0.7628 0.2756 0.1956 0.4812
027 028 029 0.5198 0.9298 0.2934 0.6050 0.3629 0.1940 0.1540 0.6682
028 029 030 0.9277 0.5266 0.5974 0.0593 0.4418 0.2317 0.3109 0.3686
029 030 031 0.5284 0.8922 0.9993 0.1276 0.5929 0.1216 0.4460 0.8422
030 031 032 0.4846 0.7277 0.7093 0.6763 0.3943 0.2403 0.1537 0.5987
031 032 033 0.1996 0.1452 0.3890 0.5847 0.8933 0.8365 0.3359 0.7070
032 033 034 0.5092 0.3240 0.1980 0.9036 0.5481 0.9997 0.6910 0.1742
033 034 035 0.0691 0.6568 0.9890 0.2776 0.3072 0.8832 0.5402 0.4903
034 035 036 0.3023 0.4596 0.2859 0.8439 0.8117 0.3376 0.7130 0.3614
035 036 037 0.5632 0.2632 0.5213 0.2442 0.4496 0.9742 0.6184 0.6731
036 037 038 0.6585 0.4265 0.2191 0.2019 0.9573 0.0876 0.3272 0.5973
037 038 039 0.0590 0.7160 0.8468 0.0984 0.7117 0.3330 0.6189 0.6380
038 039 040 0.6221 0.0896 0.6977 0.7278 0.2268 0.1001 0.2892 0.7863
039 040 041 0.1473 0.6857 0.5526 0.5799 0.1188 0.4994 0.7316 0.6718
040 041 042 0.7491 0.1200 0.3218 0.9977 0.1215 0.3838 0.9856 0.9090
041 042 043 0.7491 0.3871 0.2761 0.3863 0.0512 0.6356 0.8262 0.6698
042 043 044 0.6293 0.2783 0.8728 0.6013 0.5826 0.4316 0.2050 0.1326
043 044 045 0.8873 0.6717 0.8436 0.1719 0.7013 0.9926 0.3236 0.0974
044 045 046 0.4007 0.1052 0.2458 0.3759 0.3298 0.9480 0.9071 0.0549
045 046 047 0.2230 0.0720 0.2456 0.9198 0.1458 0.4657 0.2805 0.1749
046 047 048 0.9825 0.7557 0.5664 0.0408 0.3592 0.6470 0.3911 0.7019
047 048 049 0.7617 0.8286 0.9240 0.4456 0.1119 0.4525 0.6441 0.3352
048 049 050 0.1263 0.2375 0.6561 0.4627 0.5805 0.1317 0.9048 0.7955
049 050 051 0.4471 0.2117 0.3330 0.1945 0.5215 0.6535 0.0164 0.4515
050 051 052 0.8553 0.8424 0.8973 0.9573 0.6943 0.6447 0.1420 0.5693
051 052 053 0.0719 0.5024 0.9458 0.6335 0.0491 0.8253 0.2979 0.3056
052 053 054 0.0529 0.4976 0.5074 0.6143 0.4980 0.2304 0.3120 0.7512
053 054 055 0.6062 0.4592 0.6838 0.4094 0.7298 0.0190 0.1843 0.1864
054 055 056 0.3779 0.9256 0.2426 0.7863 0.2809 0.2071 0.1213 0.7725
055 056 057 0.3011 0.1417 0.2674 0.5918 0.3775 0.9398 0.7341 0.1166
056 057 058 0.8186 0.5716 0.7905 0.5436 0.9492 0.5404 0.2425 0.2430
057 058 059 0.0333 0.3140 0.6163 0.1550 0.9421 0.2151 0.6679 0.7838
058 059 060 0.8206 0.5317 0.4913 0.6657 0.0982 0.0101 0.2301 0.4492
059 060 061 0.1872 0.1202 0.4494 0.8770 0.7242 0.2126 0.2093 0.2388
060 061 062 0.2707 0.7108 0.3962 0.8809 0.4950 0.9355 0.6350 0.9715
061 062 063 0.7603 0.7189 0.4180 0.4129 0.9346 0.0951 0.9147 0.7443
062 063 064 0.6979 0.3872 0.8784 0.2434 0.0819 0.6282 0.5954 0.3038
063 064 065 0.6708 0.2879 0.5919 0.7584 0.0980 0.3684 0.9296 0.6159
064 065 066 0.8710 0.2592 0.7971 0.2038 0.0077 0.6721 0.7554 0.7422
065 066 067 0.0888 0.7233 0.8545 0.7757 0.3507 0.0876 0.0822 0.4222
066 067 068 0.0761 0.7563 0.4304 0.8841 0.5651 0.5446 0.4681 0.8915
067 068 069 0.0537 0.0881 0.5432 0.9208 0.4003 0.9229 0.9728 0.5739
068 069 070 0.1950 0.9146 0.7068 0.4173 0.5374 0.4021 0.2671 0.1619
069 070 071 0.7381 0.1459 0.6536 0.5031 0.1703 0.4279 0.0174 0.2497
070 071 072 0.0083 0.3335 0.4821 0.3621 0.1178 0.3169 0.3008 0.5762
071 072 073 0.8960 0.9417 0.9607 0.3485 0.2108 0.9967 0.5939 0.7375
072 073 074 0.7341 0.1912 0.6970 0.5596 0.7580 0.9360 0.9624 0.5182
073 074 075 0.9825 0.2312 0.5381 0.2803 0.9953 0.8981 0.4489 0.1289
074 075 076 0.5088 0.1781 0.5809 0.5174 0.9414 0.9187 0.5847 0.4614
075 076 077 0.8947 0.7640 0.6992 0.4274 0.5338 0.0263 0.7018 0.1512
076 077 078 0.5422 0.6402 0.3929 0.7118 0.7342 0.3556 0.8213 0.5661
077 078 079 0.9569 0.6582 0.6767 0.2135 0.7806 0.2596 0.0651 0.8974
078 079 080 0.4283 0.4925 0.8431 0.0285 0.0959 0.0971 0.2786 0.9107
079 080 081 0.3608 0.2590 0.4881 0.8898 0.6640 0.8440 0.7702 0.3285
080 081 082 0.0016 0.7430 0.9695 0.6920 0.5783 0.1173 0.9831 0.3530
081 082 083 0.1297 0.2988 0.6871 0.1584 0.1354 0.2591 0.9486 0.5124
082 083 084 0.8047 0.9750 0.4155 0.7189 0.1661 0.3451 0.2440 0.7392
083 084 085 0.7716 0.0521 0.6537 0.1301 0.9468 0.1112 0.5303 0.1541
084 085 086 0.1084 0.8501 0.4205 0.0497 0.7259 0.9317 0.7505 0.8720
085 086 087 0.6736 0.2427 0.9947 0.5906 0.3786 0.8825 0.7507 0.6455
086 087 088 0.9876 0.6438 0.8050 0.0559 0.5468 0.0096 0.2818 0.5685
087 088 089 0.2870 0.0187 0.7345 0.7586 0.3874 0.5506 0.6741 0.8380
088 089 090 0.9325 0.5406 0.4631 0.8249 0.9861 0.7713 0.1675 0.9435
089 090 091 0.0679 0.6678 0.8337 0.5125 0.3830 0.2241 0.8313 0.1594
090 091 092 0.6304 0.1536 0.7447 0.2796 0.6934 0.2767 0.9003 0.9845
091 092 093 0.7771 0.6919 0.3452 0.0525 0.0375 0.2998 0.9772 0.7077
092 093 094 0.1753 0.2976 0.0648 0.8334 0.0930 0.5092 0.6823 0.8939
093 094 095 0.2696 0.2484 0.1642 0.9670 0.7536 0.4728 0.8253 0.4067
094 095 096 0.7964 0.9516 0.3746 0.6494 0.4860 0.3549 0.8958 0.8606
095 096 097 0.7770 0.8693 0.4574 0.5146 0.1873 0.5739 0.7469 0.9457
096 097 098 0.0810 0.3373 0.0693 0.7150 0.0823 0.3456 0.1589 0.0225
097 098 099 0.6523 0.8225 0.5913 0.1464 0.7049 0.3058 0.1497 0.7307
098 099 100 0.6508 0.4302 0.5866 0.4362 0.6158 0.1902 0.9643 0.0020
099 100 101 0.1864 0.0144 0.0608 0.4513 0.1500 0.8441 0.1878 0.5885
100 101 102 0.5715 0.2602 0.8696 0.8198 0.3459 0.9495 0.9719 0.4736
101 102 103 0.5518 0.9382 0.9320 0.6236 0.9175 0.4398 0.4380 0.3002
102 103 104 0.5000 0.8666 0.1774 0.0462 0.5491 0.3944 0.4841 0.6125
103 104 105 0.0709 0.3719 0.0412 0.9082 0.4818 0.5431 0.8390 0.3049
104 105 106 0.7057 0.9690 0.0891 0.9336 0.0283 0.4773 0.1181 0.8259
105 106 107 0.3933 0.5712 0.9581 0.3944 0.1425 0.9845 0.7142 0.6157
106 107 108 0.6716 0.8756 0.9688 0.7480 0.9987 0.0319 0.4797 0.7024
107 108 109 0.1143 0.4552 0.2659 0.7431 0.9260 0.4913 0.0818 0.3851
108 109 110 0.9938 0.9180 0.4701 0.2777 0.3148 0.3202 0.4518 0.5722
109 110 111 0.4794 0.8661 0.7912 0.2928 0.6422 0.0852 0.7554 0.8617
110 111 112 0.0362 0.3113 0.5864 0.6222 0.9274 0.6947 0.9044 0.4890
111 112 113 0.0338 0.9200 0.3126 0.2469 0.9394 0.1889 0.4737 0.0461
112 113 114 0.8798 0.2967 0.6204 0.3188 0.3149 0.6611 0.1931 0.1988
113 114 115 0.5223 0.3402 0.2219 0.8199 0.3455 0.9991 0.1875 0.1424
114 115 116 0.8784 0.8837 0.6024 0.5648 0.8059 0.4306 0.3127 0.6290
115 116 117 0.2061 0.2858 0.3414 0.1045 0.7042 0.0137 0.1659 0.8124
116 117 118 0.7075 0.3040 0.7892 0.5278 0.3304 0.6411 0.8007 0.1980
117 118 119 0.6530 0.4741 0.9436 0.5904 0.1032 0.8853 0.0660 0.3028
118 119 120 0.7915 0.5472 0.3805 0.6987 0.7070 0.3504 0.2799 0.4012
119 120 121 0.1284 0.1003 0.4793 0.9227 0.6376 0.7579 0.3368 0.8644
120 121 122 0.7469 0.8764 0.8530 0.8054 0.1345 0.6665 0.2986 0.8664
121 122 123 0.5589 0.5863 0.6030 0.9385 0.6169 0.2561 0.9503 0.4709
122 123 124 0.0577 0.8364 0.4006 0.4189 0.1318 0.9857 0.0444 0.9478
123 124 125 0.2396 0.6761 0.6744 0.5195 0.8451 0.1557 0.0719 0.4761
124 125 126 0.6678 0.0342 0.7632 0.9299 0.3569 0.0156 0.9274 0.2620
125 126 127 0.8103 0.9785 0.5930 0.1096 0.0572 0.3727 0.7858 0.4125
126 127 128 0.7520 0.5251 0.4746 0.0049 0.1478 0.9221 0.9599 0.4242
127 128 129 0.4831 0.9598 0.9608 0.8006 0.1443 0.2628 0.7404 0.7066
128 129 130 0.5236 0.9140 0.1503 0.8807 0.7278 0.7021 0.2891 0.3397
129 130 131 0.1691 0.9925 0.8435 0.3049 0.5792 0.4119 0.2792 0.3749
130 131 132 0.4966 0.3337 0.2304 0.7754 0.6862 0.7176 0.7855 0.6645
131 132 133 0.0520 0.8404 0.0075 0.0373 0.0950 0.1093 0.0899 0.5189
132 133 134 0.9611 0.9961 0.5785 0.4173 0.1421 0.1190 0.8411 0.8253
133 134 135 0.6046 0.3637 0.0739 0.1792 0.9406 0.5583 0.1430 0.2286
134 135 136 0.9846 0.9943 0.1270 0.4606 0.4548 0.8331 0.2509 0.3425
135 136 137 0.4583 0.6816 0.8901 0.3370 0.0888 0.7398 0.5448 0.0092
136 137 138 0.9976 0.6731 0.4697 0.2453 0.0629 0.9485 0.4695 0.9493
137 138 139 0.7984 0.9584 0.2444 0.9419 0.5784 0.8189 0.8148 0.5341
138 139 140 0.7565 0.6247 0.1622 0.6545 0.3162 0.0299 0.6234 0.5562
139 140 141 0.7746 0.6154 0.6975 0.0439 0.6002 0.8522 0.2743 0.1586
140 141 142 0.1087 0.0924 0.8804 0.7681 0.4031 0.1438 0.7931 0.4187
141 142 143 0.8977 0.8560 0.1296 0.6011 0.4555 0.9174 0.7589 0.7141
142 143 144 0.1735 0.8374 0.7235 0.7773 0.4226 0.5857 0.2086 0.7966
143 144 145 0.6144 0.7543 0.2644 0.6249 0.2438 0.7618 0.1565 0.3360
144 145 146 0.4521 0.4399 0.0927 0.0994 0.0290 0.5545 0.4242 0.7486
145 146 147 0.1901 0.2978 0.7828 0.6958 0.0418 0.7224 0.5684 0.3897
146 147 148 0.6862 0.3997 0.9616 0.1101 0.9708 0.9119 0.3677 0.4171
147 148 149 0.1154 0.3167 0.9427 0.0189 0.6057 0.7963 0.6264 0.1222
148 149 150 0.3185 0.4492 0.1883 0.0239 0.8625 0.3199 0.4640 0.1454
149 150 151 0.7186 0.0606 0.7083 0.6689 0.9755 0.4701 0.1319 0.0956
150 151 152 0.4096 0.2876 0.0047 0.8019 0.3155 0.0480 0.7745 0.4288
151 152 153 0.4507 0.4066 0.4183 0.7990 0.8398 0.5966 0.3209 0.7139
152 153 154 0.6136 0.4531 0.2797 0.4338 0.6879 0.8319 0.0749 0.3959
153 154 155 0.3916 0.7506 0.1224 0.4979 0.5575 0.2569 0.0575 0.4997
154 155 156 0.7009 0.1179 0.1587 0.2365 0.2028 0.2170 0.8605 0.6494
155 156 157 0.7387 0.4469 0.2374 0.0314 0.9768 0.6062 0.0490 0.8625
156 157 158 0.4855 0.0323 0.0308 0.0389 0.8564 0.4467 0.1043 0.3489
157 158 159 0.9516 0.1299 0.7170 0.5497 0.7666 0.1173 0.3747 0.2506
158 159 160 0.6184 0.4019 0.0854 0.2826 0.7855 0.4136 0.7345 0.7343
159 160 161 0.5305 0.0824 0.7257 0.1648 0.4386 0.6060 0.4028 0.1869
160 161 162 0.9012 0.4458 0.7102 0.5014 0.3314 0.0933 0.6177 0.1957
161 162 163 0.8259 0.9639 0.3097 0.5581 0.0279 0.4800 0.9843 0.7400
162 163 164 0.9909 0.8760 0.5568 0.6708 0.0005 0.4189 0.3394 0.5358
163 164 165 0.2956 0.0806 0.4937 0.5885 0.3163 0.9214 0.9579 0.3706
164 165 166 0.4635 0.3166 0.7350 0.7132 0.9560 0.8001 0.9648 0.4414
165 166 167 0.2641 0.5338 0.1999 0.1039 0.6622 0.4997 0.5460 0.1707
166 167 168 0.8204 0.1605 0.0432 0.6207 0.8623 0.8166 0.5638 0.6022
167 168 169 0.0940 0.4707 0.4937 0.2517 0.1001 0.1457 0.1699 0.6797
168 169 170 0.3002 0.5105 0.4143 0.3967 0.9125 0.9761 0.9872 0.4061
169 170 171 0.8244 0.6648 0.5462 0.5447 0.9936 0.6884 0.9071 0.6766
170 171 172 0.4964 0.7589 0.7612 0.1052 0.5056 0.3182 0.5271 0.5162
171 172 173 0.3630 0.6017 0.6345 0.6700 0.6092 0.7347 0.7015 0.4986
172 173 174 0.9254 0.0274 0.5209 0.7456 0.4279 0.0346 0.4034 0.4405
173 174 175 0.1067 0.6532 0.1056 0.1267 0.1452 0.5905 0.2091 0.6476
174 175 176 0.5654 0.5026 0.9443 0.0938 0.3381 0.1021 0.7360 0.0742
175 176 177 0.1874 0.0202 0.9344 0.0694 0.9438 0.2319 0.5531 0.0382
176 177 178 0.3447 0.8183 0.4557 0.6166 0.2627 0.0506 0.4931 0.6043
177 178 179 0.5791 0.3331 0.5195 0.8273 0.7782 0.4271 0.1267 0.9735
178 179 180 0.8888 0.5720 0.3136 0.2196 0.7923 0.3164 0.3489 0.4095
179 180 181 0.1013 0.5969 0.4481 0.2366 0.2443 0.8689 0.3143 0.3922
180 181 182 0.1605 0.5882 0.9979 0.9838 0.5794 0.9994 0.3628 0.8566
181 182 183 0.3949 0.0211 0.5733 0.0140 0.4760 0.5317 0.1602 0.0867
182 183 184 0.0388 0.6239 0.3936 0.4983 0.9097 0.7970 0.3364 0.8154
183 184 185 0.6788 0.5512 0.4341 0.7098 0.9230 0.1610 0.7612 0.1741
184 185 186 0.0341 0.4925 0.8150 0.8109 0.3212 0.7597 0.6091 0.4411
185 186 187 0.0510 0.7240 0.0998 0.8951 0.5857 0.0230 0.0426 0.7379
186 187 188 0.5627 0.4155 0.8006 0.8241 0.6330 0.9999 0.8022 0.9402
187 188 189 0.9722 0.3062 0.9509 0.9015 0.7167 0.8167 0.7823 0.1599
188 189 190 0.0261 0.6154 0.8685 0.0341 0.6920 0.6908 0.7042 0.0218
189 190 191 0.5465 0.3497 0.8389 0.2631 0.9879 0.0645 0.3253 0.7694
190 191 192 0.7969 0.0720 0.9532 0.3939 0.6065 0.1451 0.7877 0.8863
191 192 193 0.7129 0.6130 0.3319 0.3034 0.8280 0.3064 0.5068 0.3456
192 193 194 0.8148 0.5552 0.3479 0.5034 0.9434 0.3746 0.3105 0.4640
193 194 195 0.9710 0.7002 0.5199 0.8957 0.4888 0.0185 0.3146 0.0221
194 195 196 0.3482 0.1872 0.0836 0.4597 0.0052 0.1906 0.3131 0.8140
195 196 197 0.8093 0.1086 0.2636 0.2374 0.1484 0.6847 0.9714 0.2947
196 197 198 0.7465 0.7436 0.9064 0.9314 0.6616 0.1814 0.9611 0.5722
197 198 199 0.3890 0.7776 0.9267 0.2394 0.5789 0.3530 0.2042 0.4309
198 199 200 0.0138 0.1471 0.0526 0.6430 0.6341 0.9553 0.1527 0.7885
199 200 201 0.8043 0.6082 0.1341 0.1758 0.3173 0.3042 0.9276 0.5841
200 201 202 0.5904 0.8540 0.0976 0.1850 0.3973 0.7107 0.9069 0.0995
201 202 203 0.6313 0.6578 0.9401 0.1224 0.1267 0.0491 0.6865 0.3177
202 203 204 0.9124 0.3814 0.0577 0.1400 0.6674 0.4684 0.9007 0.1701
203 204 205 0.5284 0.4612 0.6136 0.6262 0.5227 0.6500 0.0917 0.8196
204 205 206 0.0270 0.2019 0.1066 0.6708 0.9634 0.5169 0.2242 0.7159
205 206 207 0.0597 0.5888 0.0870 0.5324 0.0715 0.6465 0.6695 0.9971
206 207 208 0.0297 0.8301 0.5359 0.9746 0.1532 0.5640 0.2779 0.0328
207 208 209 0.8948 0.4141 0.1786 0.9373 0.1338 0.0490 0.9597 0.7017
208 209 210 0.5426 0.4837 0.9800 0.6822 0.7275 0.7569 0.3673 0.0184
209 210 211 0.9735 0.6179 0.7891 0.8850 0.9411 0.9971 0.1739 0.7744
210 211 212 0.8605 0.6170 0.7415 0.4675 0.4182 0.6250 0.4170 0.4453
211 212 213 0.8503 0.0883 0.9591 0.3306 0.5540 0.0274 0.2265 0.3108
212 213 214 0.8698 0.5245 0.8345 0.7513 0.7890 0.8325 0.6581 0.2727
213 214 215 0.0860 0.2313 0.1820 0.7459 0.6099 0.9677 0.9994 0.0979
214 215 216 0.8821 0.2211 0.9607 0.5269 0.1177 0.6036 0.3660 0.5527
215 216 217 0.3421 0.1116 0.8176 0.3266 0.6923 0.8099 0.0541 0.5220
216 217 218 0.6245 0.2516 0.3387 0.4516 0.4137 0.3613 0.4624 0.8710
217 218 219 0.3993 0.4758 0.8779 0.9201 0.0081 0.0298 0.7584 0.5824
218 219 220 0.1326 0.8885 0.3025 0.4584 0.0509 0.8775 0.9334 0.9434
219 220 221 0.7576 0.9692 0.3805 0.1133 0.6215 0.6143 0.1349 0.6249
220 221 222 0.7043 0.5588 0.6604 0.5550 0.3542 0.3693 0.1461 0.5005
221 222 223 0.0312 0.5713 0.0738 0.3107 0.5140 0.6994 0.4890 0.2314
222 223 224 0.3573 0.7765 0.8539 0.0354 0.6661 0.3093 0.4303 0.5374
223 224 225 0.2372 0.5240 0.2698 0.0620 0.7246 0.2925 0.8450 0.1496
224 225 226 0.4527 0.1156 0.2305 0.2763 0.1066 0.9971 0.2831 0.8961
225 226 227 0.6801 0.0017 0.1851 0.7213 0.0498 0.6086 0.5958 0.6938
226 227 228 0.6343 0.9089 0.3895 0.7255 0.8957 0.0455 0.4980 0.6767
227 228 229 0.4080 0.1674 0.1542 0.1990 0.9820 0.7376 0.1677 0.2702
228 229 230 0.2175 0.1359 0.1930 0.8957 0.3884 0.5650 0.0023 0.8118
229 230 231 0.8520 0.3381 0.0637 0.9693 0.3426 0.4562 0.2801 0.0783
230 231 232 0.8306 0.4315 0.3637 0.1478 0.7475 0.5047 0.2666 0.8368
231 232 233 0.3262 0.9036 0.4114 0.0260 0.4013 0.9803 0.5542 0.8269
232 233 234 0.6466 0.9724 0.3751 0.4284 0.4979 0.5823 0.0751 0.9962
233 234 235 0.4207 0.6339 0.8472 0.4994 0.2168 0.7169 0.7553 0.7262
234 235 236 0.5781 0.4519 0.9319 0.8794 0.1561 0.0066 0.6218 0.8509
235 236 237 0.0440 0.5913 0.7557 0.2447 0.7298 0.6147 0.7043 0.8164
236 237 238 0.3311 0.5894 0.8756 0.3493 0.5277 0.5213 0.6615 0.1596
237 238 239 0.9498 0.9207 0.8311 0.6487 0.8501 0.5232 0.4260 0.1242
238 239 240 0.7544 0.6490 0.3799 0.6804 0.0774 0.4926 0.8478 0.3248
239 240 241 0.4694 0.4345 0.8324 0.3130 0.9896 0.1327 0.8039 0.8261
240 241 242 0.7271 0.4630 0.4918 0.0633 0.8305 0.7278 0.8929 0.2347
241 242 243 0.5801 0.7514 0.4640 0.9905 0.0460 0.5678 0.1189 0.1619
242 243 244 0.7921 0.1647 0.3758 0.8316 0.3332 0.9342 0.7767 0.8920
243 244 245 0.2888 0.2985 0.7211 0.3268 0.3185 0.2211 0.8790 0.0510
244 245 246 0.3092 0.7809 0.9956 0.9768 0.2475 0.6086 0.3241 0.0706
245 246 247 0.9836 0.8266 0.7501 0.1095 0.2056 0.3637 0.4813 0.6666
246 247 248 0.1083 0.9260 0.1737 0.1507 0.5999 0.9179 0.4558 0.2561
247 248 249 0.6071 0.7549 0.5570 0.6652 0.0978 0.9914 0.5108 0.3600
248 249 250 0.9485 0.4070 0.1432 0.6025 0.4174 0.2236 0.0289 0.4658
249 250 251 0.3294 0.0268 0.6412 0.5932 0.7335 0.2457 0.7473 0.8704
250 251 252 0.9178 0.0594 0.4790 0.5997 0.1132 0.2310 0.1142 0.7243
251 252 253 0.9095 0.1168 0.1541 0.9346 0.5918 0.1494 0.8214 0.2296
252 253 254 0.6622 0.3300 0.4106 0.3414 0.5969 0.4068 0.1812 0.2501
253 254 255 0.4929 0.2906 0.5966 0.4225 0.2672 0.2802 0.4893 0.8571
254 255 256 0.8448 0.5561 0.1977 0.9393 0.0441 0.2275 0.5242 0.8728
255 256 257 0.5907 0.4419 0.9961 0.8544 0.3827 0.9959 0.6212 0.9287
256 257 258 0.7260 0.1332 0.3594 0.4182 0.4275 0.3765 0.1593 0.3844
257 258 259 0.6751 0.9935 0.9094 0.9166 0.0694 0.6446 0.9900 0.5246
258 259 260 0.1766 0.6757 0.5820 0.4458 0.6523 0.5909 0.7823 0.5622
259 260 261 0.1178 0.7485 0.0426 0.6254 0.8153 0.9899 0.1150 0.9265
260 261 262 0.5191 0.2169 0.6392 0.7651 0.9085 0.6155 0.1293 0.7088
261 262 263 0.6828 0.3689 0.4692 0.2148 0.5839 0.0187 0.3741 0.9594
262 263 264 0.0044 0.3407 0.5188 0.4278 0.3707 0.8802 0.6674 0.8926
263 264 265 0.7140 0.5968 0.3440 0.5253 0.2734 0.3659 0.7205 0.8355
264 265 266 0.3182 0.1882 0.5581 0.2158 0.8712 0.6486 0.5691 0.2042
265 266 267 0.9747 0.2170 0.5313 0.4653 0.2583 0.3868 0.5990 0.5411
266 267 268 0.0705 0.9474 0.7243 0.0256 0.7685 0.8766 0.7858 0.8136
267 268 269 0.5990 0.3413 0.0250 0.7730 0.5413 0.1696 0.1827 0.6708
268 269 270 0.8023 0.6467 0.7983 0.4299 0.3679 0.5867 0.8071 0.5598
269 270 271 0.0145 0.2883 0.3592 0.8253 0.4302 0.9212 0.1846 0.0382
270 271 272 0.4817 0.6029 0.6934 0.9779 0.4815 0.0829 0.0672 0.2007
271 272 273 0.9335 0.0283 0.8776 0.1697 0.7514 0.5119 0.4610 0.9140
272 273 274 0.2680 0.7576 0.8931 0.8149 0.0926 0.2193 0.9313 0.9930
273 274 275 0.4342 0.7708 0.1190 0.5783 0.9411 0.5063 0.4367 0.1907
274 275 276 0.3506 0.9893 0.6625 0.1661 0.5478 0.9639 0.3068 0.5544
275 276 277 0.4610 0.7212 0.9184 0.2036 0.5147 0.6144 0.5744 0.4060
276 277 278 0.5022 0.4668 0.6653 0.3317 0.4732 0.4986 0.6575 0.2676
277 278 000 0.0285 0.9977 0.2110 0.3613 0.3731 0.9098 0.0639 0.0667
278 000 001 0.7713 0.7047 0.5452 0.9766 0.2990 0.7755 0.8250 0.8147
