279 155682 3 279
000 001 002 0.1093 0.9333 0.3347 0.3508 0.2282 0.8458 0.2976 0.4591
001 002 003 0.6102 0.5770 0.3423 0.2572 0.4585 0.5654 0.6602 0.6218
002 003 004 0.1833 0.5110 0.4500 0.9642 0.2069 0.9275 0.1188 0.9951
003 004 005 0.0267 0.7884 0.1733 0.3329 0.5526 0.2150 0.3134 0.2436
004 005 006 0.2941 0.0851 0.6137 0.5067 0.2945 0.5455 0.0750 0.8232
005 006 007 0.3319 0.9483 0.5235 0.9205 0.7633 0.9248 0.2675 0.2832
006 007 008 0.1933 0.0800 0.5219 0.4226 0.0887 0.6035 0.4273 0.0918
007 008 009 0.5823 0.3200 0.0297 0.7570 0.8913 0.6930 0.2939 0.2484
008 009 010 0.6535 0.5897 0.6778 0.3861 0.5519 0.8923 0.1422 0.1261
009 010 011 0.8144 0.6549 0.2064 0.8745 0.9626 0.5334 0.2877 0.4525
010 011 012 0.4404 0.0457 0.4317 0.1742 0.8743 0.3321 0.1073 0.1638
011 012 013 0.7937 0.4371 0.9666 0.2217 0.2338 0.7595 0.6636 0.5242
012 013 014 0.5593 0.6626 0.1741 0.8188 0.5398 0.4553 0.1511 0.6541
013 014 015 0.6034 0.3154 0.9343 0.0015 0.1548 0.5323 0.1349 0.7502
014 015 016 0.7399 0.6706 0.4701 0.9714 0.3897 0.3055 0.9599 0.3844
015 016 017 0.8467 0.6477 0.0588 0.6942 0.6540 0.3606 0.9235 0.8301
016 017 018 0.9748 0.7674 0.5980 0.9277 0.8553 0.3249 0.9064 0.8782
017 018 019 0.0344 0.6513 0.1079 0.1193 0.1424 0.3251 0.6820 0.1189
018 019 020 0.8696 0.0529 0.4021 0.1355 0.1767 0.0208 0.0307 0.8688
019 020 021 0.0686 0.8310 0.0394 0.4883 0.3678 0.6555 0.4820 0.5987
020 021 022 0.6583 0.0073 0.6815 0.6743 0.8047 0.6456 0.4455 0.2654
021 022 023 0.7185 0.0997 0.3002 0.8133 0.2643 0.6091 0.4479 0.3192
022 023 024 0.5766 0.8331 0.2757 0.5481 0.7815 0.0497 0.5020 0.1922
023 024 025 0.4892 0.8682 0.1247 0.9354 0.9459 0.6550 0.9712 0.4706
024 025 026 0.8456 0.3623 0.6353 0.3949 0.6110 0.2700 0.6896 0.1863
025 026 027 0.4107 0.7987 0.6803 0.4628 0.6438 0.8214 0.9819 0.2297
026 027 028 0.4995 0.5492 0.5828 0.0233 0.8156 0.6425 0.8959 0.7996
027 028 029 0.4977 0.3466 0.5044 0.8832 0.8196 0.9623 0.2278 0.5389
028 029 030 0.3901 0.3579 0.0916 0.7628 0.2354 0.6113 0.2272 0.0071
029 030 031 0.1413 0.9377 0.7340 0.1738 0.0075 0.5635 0.3672 0.3944
030 031 032 0.8196 0.6218 0.9193 0.6459 0.3890 0.5332 0.1235 0.4131
031 032 033 0.6127 0.9218 0.2558 0.5770 0.7399 0.9381 0.7494 0.4100
032 033 034 0.6165 0.1643 0.8599 0.1647 0.6760 0.6998 0.8192 0.3880
033 034 035 0.9143 0.4800 0.9607 0.6913 0.5876 0.7662 0.2322 0.4718
034 035 036 0.9871 0.0382 0.3110 0.9005 0.5520 0.5742 0.4500 0.6369
035 036 037 0.9359 0.1369 0.7491 0.8046 0.2082 0.8984 0.5727 0.3283
036 037 038 0.9204 0.1272 0.1631 0.1238 0.1600 0.9414 0.2950 0.5503
037 038 039 0.5417 0.9494 0.5472 0.1807 0.3886 0.2738 0.0621 0.0401
038 039 040 0.0641 0.6062 0.7327 0.2511 0.9871 0.0945 0.5321 0.8411
039 040 041 0.4378 0.5945 0.3564 0.7928 0.5851 0.2224 0.7191 0.5304
040 041 042 0.2357 0.2999 0.5703 0.1915 0.8546 0.2666 0.6879 0.2173
041 042 043 0.2939 0.1564 0.3532 0.2530 0.8390 0.7209 0.7497 0.3565
042 043 044 0.9303 0.6217 0.7251 0.1137 0.6418 0.4962 0.8114 0.2670
043 044 045 0.8114 0.4673 0.9876 0.4986 0.1865 0.7726 0.5478 0.0500
044 045 046 0.6672 0.0502 0.8191 0.7393 0.5945 0.6444 0.7610 0.5472
045 046 047 0.7737 0.2139 0.2418 0.6756 0.0337 0.5319 0.4024 0.0784
046 047 048 0.1363 0.0692 0.9100 0.1786 0.2639 0.0797 0.7565 0.8196
047 048 049 0.1628 0.2719 0.8697 0.8765 0.1695 0.4499 0.3325 0.2777
048 049 050 0.2548 0.3962 0.9530 0.6326 0.8306 0.5505 0.2080 0.9219
049 050 051 0.5194 0.6164 0.0348 0.2672 0.8714 0.1453 0.6755 0.2973
050 051 052 0.0796 0.0581 0.7585 0.5565 0.2536 0.4366 0.5812 0.9400
051 052 053 0.4077 0.5423 0.2536 0.5944 0.9413 0.9444 0.4438 0.5679
052 053 054 0.4781 0.9683 0.1600 0.7092 0.6541 0.5424 0.3377 0.8241
053 054 055 0.2319 0.2223 0.3538 0.4784 0.1150 0.4508 0.8087 0.5679
054 055 056 0.3669 0.0056 0.3985 0.1431 0.8644 0.3300 0.3188 0.1004
055 056 057 0.6930 0.2861 0.1387 0.8668 0.1578 0.5092 0.0047 0.1206
056 057 058 0.3415 0.6032 0.0749 0.2714 0.1814 0.3610 0.5033 0.6471
057 058 059 0.6057 0.3510 0.8414 0.0897 0.2209 0.8910 0.2806 0.3024
058 059 060 0.4134 0.6652 0.8610 0.0843 0.1358 0.1258 0.1982 0.5861
059 060 061 0.7793 0.3336 0.2557 0.6286 0.7553 0.8401 0.7632 0.0279
060 061 062 0.9413 0.0976 0.7893 0.4290 0.8084 0.6665 0.0219 0.0263
061 062 063 0.9722 0.2422 0.3769 0.4357 0.7165 0.9739 0.0814 0.8365
062 063 064 0.7905 0.6141 0.5079 0.5714 0.1569 0.4461 0.9304 0.2182
063 064 065 0.5704 0.5992 0.2692 0.6768 0.8793 0.5653 0.3904 0.4988
064 065 066 0.4046 0.3026 0.1306 0.3823 0.4620 0.0185 0.1507 0.6765
065 066 067 0.7756 0.4075 0.7333 0.2998 0.1704 0.8739 0.4304 0.3945
066 067 068 0.7244 0.3388 0.1013 0.3819 0.6703 0.6262 0.9699 0.4819
067 068 069 0.9479 0.9078 0.2438 0.4036 0.5955 0.9572 0.8737 0.0189
068 069 070 0.1371 0.0144 0.7074 0.3535 0.0640 0.7458 0.6103 0.9674
069 070 071 0.8165 0.5137 0.3565 0.3103 0.9512 0.1578 0.2959 0.0200
070 071 072 0.9440 0.2754 0.3850 0.8619 0.1899 0.9635 0.5096 0.9049
071 072 073 0.4662 0.5682 0.0979 0.9194 0.5735 0.4048 0.6310 0.4894
072 073 074 0.5464 0.2923 0.9956 0.3053 0.5896 0.6076 0.3687 0.9145
073 074 075 0.1716 0.7001 0.3046 0.3290 0.8607 0.3510 0.6364 0.0162
074 075 076 0.1706 0.0445 0.6706 0.6987 0.6466 0.9352 0.7356 0.4026
075 076 077 0.0362 0.3532 0.1820 0.7279 0.1729 0.5931 0.5081 0.3374
076 077 078 0.8205 0.2166 0.0434 0.6609 0.3640 0.0749 0.7920 0.2306
077 078 079 0.6561 0.0480 0.7607 0.0272 0.2815 0.8750 0.9864 0.4091
078 079 080 0.8908 0.4525 0.3810 0.9179 0.9634 0.0857 0.4524 0.2672
079 080 081 0.8813 0.9125 0.3491 0.9743 0.8274 0.6458 0.8255 0.2027
080 081 082 0.1340 0.9708 0.5456 0.0665 0.0236 0.7149 0.2232 0.1060
081 082 083 0.8864 0.1611 0.5702 0.8893 0.6530 0.5995 0.9712 0.7318
082 083 084 0.9577 0.6972 0.5718 0.2903 0.2169 0.2264 0.9247 0.0687
083 084 085 0.8587 0.7186 0.4875 0.5473 0.6321 0.5046 0.8147 0.9386
084 085 086 0.2515 0.5938 0.3383 0.5428 0.9456 0.5523 0.1541 0.9912
085 086 087 0.6598 0.5464 0.2962 0.1933 0.1007 0.5747 0.9951 0.2663
086 087 088 0.8459 0.7319 0.4998 0.4267 0.9050 0.0763 0.9705 0.6267
087 088 089 0.4857 0.2895 0.4974 0.1492 0.9149 0.4656 0.3716 0.0847
088 089 090 0.0171 0.3210 0.6665 0.7089 0.0670 0.1347 0.0926 0.3214
089 090 091 0.5758 0.9605 0.8145 0.8716 0.4225 0.7383 0.7792 0.9039
090 091 092 0.9164 0.6751 0.7323 0.5488 0.9083 0.1948 0.2335 0.9230
091 092 093 0.5209 0.4985 0.8861 0.2442 0.6568 0.9584 0.2897 0.7184
092 093 094 0.9116 0.9302 0.7127 0.4320 0.6161 0.2709 0.2323 0.5744
093 094 095 0.9058 0.4263 0.4684 0.4559 0.3928 0.7818 0.0741 0.8516
094 095 096 0.9605 0.2684 0.9726 0.5328 0.1100 0.8495 0.3403 0.8429
095 096 097 0.7512 0.3673 0.4946 0.3019 0.0004 0.8031 0.0549 0.0074
096 097 098 0.9769 0.8375 0.3253 0.9630 0.4181 0.7970 0.1530 0.9502
097 098 099 0.1546 0.7500 0.8545 0.0090 0.5907 0.7397 0.0758 0.3605
098 099 100 0.9550 0.2753 0.8278 0.5793 0.9780 0.2466 0.4599 0.3893
099 100 101 0.0615 0.9385 0.5153 0.1927 0.4084 0.3066 0.8213 0.8176
100 101 102 0.1916 0.5646 0.0140 0.5466 0.6229 0.3751 0.8336 0.7254
101 102 103 0.5188 0.3774 0.0052 0.6609 0.1450 0.0908 0.7751 0.8051
102 103 104 0.2716 0.3528 0.1582 0.5175 0.3349 0.6939 0.8950 0.7035
103 104 105 0.6217 0.6204 0.7629 0.2963 0.1114 0.4287 0.7399 0.8523
104 105 106 0.5931 0.4845 0.4747 0.2815 0.1650 0.5936 0.3789 0.7281
105 106 107 0.1875 0.3713 0.5220 0.5760 0.9561 0.2780 0.3088 0.3581
106 107 108 0.1456 0.6701 0.7517 0.3832 0.5998 0.7838 0.0006 0.0634
107 108 109 0.2262 0.5894 0.2892 0.5800 0.3486 0.6919 0.5365 0.6625
108 109 110 0.6735 0.0308 0.0027 0.2635 0.0972 0.9826 0.7073 0.2755
109 110 111 0.1832 0.5833 0.1986 0.7940 0.7822 0.8826 0.0417 0.2053
110 111 112 0.0654 0.3139 0.7743 0.0111 0.5709 0.6679 0.2497 0.9753
111 112 113 0.1066 0.0543 0.9412 0.5379 0.3353 0.3196 0.3782 0.6895
112 113 114 0.8456 0.3703 0.2902 0.8773 0.8667 0.2489 0.2690 0.2536
113 114 115 0.8577 0.5650 0.0802 0.6821 0.6844 0.5459 0.6522 0.6829
114 115 116 0.9313 0.4137 0.2465 0.0350 0.1924 0.3075 0.7401 0.8352
115 116 117 0.3997 0.1737 0.4976 0.1356 0.7367 0.5979 0.6574 0.2769
116 117 118 0.3735 0.6781 0.7613 0.7674 0.4980 0.3774 0.9211 0.6928
117 118 119 0.6440 0.4880 0.8248 0.9076 0.1284 0.1178 0.4072 0.0364
118 119 120 0.5631 0.4342 0.3857 0.2559 0.1801 0.3069 0.7408 0.0298
119 120 121 0.6626 0.6061 0.8871 0.2576 0.9430 0.7052 0.7622 0.3283
120 121 122 0.7258 0.9282 0.4075 0.5076 0.7179 0.5883 0.6240 0.4133
121 122 123 0.1935 0.6303 0.7094 0.8827 0.7273 0.3145 0.0839 0.8296
122 123 124 0.8439 0.9418 0.5128 0.4902 0.2031 0.5521 0.3489 0.7866
123 124 125 0.6255 0.6689 0.9064 0.1221 0.0364 0.1602 0.2990 0.0763
124 125 126 0.0881 0.6620 0.8910 0.2426 0.3970 0.1639 0.6935 0.8652
125 126 127 0.7573 0.0071 0.5232 0.3501 0.7074 0.8376 0.3564 0.6996
126 127 128 0.3418 0.8034 0.8243 0.9681 0.3197 0.8182 0.2036 0.2714
127 128 129 0.6512 0.0982 0.6944 0.6098 0.5316 0.6435 0.6551 0.2011
128 129 130 0.0428 0.8956 0.0813 0.3557 0.8678 0.8663 0.3342 0.1694
129 130 131 0.7735 0.5384 0.1757 0.6179 0.3587 0.1703 0.8262 0.7432
130 131 132 0.7884 0.0461 0.4157 0.6226 0.4185 0.7471 0.2227 0.1319
131 132 133 0.1292 0.0562 0.9866 0.7471 0.9108 0.2265 0.5641 0.8561
132 133 134 0.4273 0.1078 0.8304 0.4761 0.5588 0.4895 0.6280 0.4475
133 134 135 0.2380 0.8963 0.1931 0.9102 0.8507 0.2289 0.5969 0.5733
134 135 136 0.0317 0.9201 0.2796 0.8862 0.1947 0.8933 0.2914 0.3300
135 136 137 0.8954 0.0832 0.7325 0.0613 0.1055 0.6036 0.1931 0.6821
136 137 138 0.2152 0.6256 0.9679 0.8578 0.3313 0.8466 0.9863 0.8728
137 138 139 0.8427 0.4357 0.0998 0.1242 0.3241 0.2009 0.9550 0.0965
138 139 140 0.0132 0.9914 0.2612 0.6459 0.8021 0.0731 0.5573 0.1307
139 140 141 0.5266 0.2483 0.1586 0.9710 0.4902 0.6486 0.5486 0.5737
140 141 142 0.1581 0.4007 0.9528 0.0591 0.1994 0.9212 0.0728 0.2204
141 142 143 0.3456 0.4962 0.2412 0.5520 0.9901 0.5663 0.6106 0.4289
142 143 144 0.6900 0.9263 0.1202 0.4297 0.8054 0.1725 0.4157 0.0761
143 144 145 0.1941 0.4241 0.1286 0.4853 0.3816 0.4916 0.5285 0.4861
144 145 146 0.2183 0.5288 0.6528 0.1111 0.7519 0.0936 0.7991 0.7892
145 146 147 0.5636 0.1605 0.9119 0.4486 0.9799 0.6113 0.4980 0.6689
146 147 148 0.9753 0.4062 0.7798 0.1220 0.4262 0.1454 0.6294 0.5530
147 148 149 0.1914 0.3098 0.3402 0.2617 0.6741 0.3571 0.9313 0.4206
148 149 150 0.3056 0.2141 0.5610 0.6501 0.5893 0.7037 0.2324 0.8432
149 150 151 0.6318 0.9956 0.4840 0.5251 0.7666 0.0909 0.9321 0.4230
150 151 152 0.3621 0.9004 0.5610 0.4895 0.0755 0.0211 0.8556 0.3339
151 152 153 0.0057 0.7366 0.4026 0.9126 0.4715 0.2126 0.0338 0.3298
152 153 154 0.5407 0.7284 0.3216 0.4903 0.5968 0.3088 0.7661 0.3775
153 154 155 0.4006 0.6933 0.3508 0.1868 0.4673 0.6528 0.1992 0.1342
154 155 156 0.8455 0.0438 0.6330 0.5727 0.1982 0.4576 0.1854 0.1965
155 156 157 0.5598 0.4510 0.0780 0.1438 0.6089 0.5652 0.5868 0.2758
156 157 158 0.2726 0.9553 0.1796 0.0913 0.7933 0.6149 0.6300 0.6127
157 158 159 0.6859 0.5754 0.4519 0.2908 0.6347 0.3434 0.6128 0.8948
158 159 160 0.9778 0.7789 0.4394 0.0575 0.8691 0.5788 0.5131 0.0915
159 160 161 0.8132 0.8899 0.3687 0.7095 0.6213 0.7660 0.5235 0.2760
160 161 162 0.4064 0.8079 0.5406 0.0393 0.0644 0.2993 0.2644 0.5334
161 162 163 0.9513 0.1346 0.5621 0.2140 0.5938 0.5278 0.8400 0.3191
162 163 164 0.1393 0.1938 0.5876 0.4157 0.2699 0.0274 0.6028 0.0771
163 164 165 0.8205 0.7888 0.9741 0.5547 0.6717 0.4756 0.9867 0.6119
164 165 166 0.4517 0.5724 0.3219 0.5827 0.7342 0.1336 0.7458 0.9872
165 166 167 0.6078 0.8631 0.0886 0.5207 0.5275 0.7364 0.7748 0.0998
166 167 168 0.9366 0.9415 0.3152 0.4887 0.5098 0.3508 0.7995 0.5463
167 168 169 0.3495 0.4371 0.4617 0.5705 0.5573 0.5167 0.4417 0.8741
168 169 170 0.0239 0.5470 0.1953 0.7098 0.1558 0.3256 0.4044 0.4712
169 170 171 0.8163 0.2862 0.3425 0.6389 0.3347 0.0268 0.3829 0.2064
170 171 172 0.7755 0.5924 0.6688 0.0776 0.7925 0.4355 0.0695 0.9090
171 172 173 0.3558 0.3480 0.0433 0.9897 0.1488 0.4228 0.4252 0.4486
172 173 174 0.7895 0.9913 0.6617 0.9983 0.4677 0.8299 0.0713 0.1962
173 174 175 0.2645 0.3005 0.5643 0.3515 0.3035 0.7308 0.4525 0.7199
174 175 176 0.0410 0.4784 0.5263 0.0419 0.7610 0.9540 0.5490 0.5568
175 176 177 0.4024 0.5746 0.3146 0.9013 0.1310 0.8992 0.8746 0.6472
176 177 178 0.0229 0.0368 0.9032 0.0320 0.8890 0.4082 0.6904 0.7213
177 178 179 0.6579 0.5493 0.1846 0.9149 0.2701 0.9094 0.6172 0.5959
178 179 180 0.5738 0.6591 0.9226 0.9940 0.0372 0.3376 0.3617 0.1331
179 180 181 0.5100 0.6589 0.2259 0.1450 0.4982 0.6247 0.3929 0.3404
180 181 182 0.6716 0.4114 0.9391 0.0195 0.4462 0.0186 0.3171 0.9772
181 182 183 0.0680 0.6904 0.0487 0.7136 0.8985 0.6369 0.7135 0.0315
182 183 184 0.5554 0.9490 0.7744 0.7772 0.8689 0.9831 0.5507 0.1506
183 184 185 0.7061 0.5108 0.4382 0.1421 0.3300 0.4718 0.0267 0.4050
184 185 186 0.4577 0.5834 0.8734 0.0322 0.3980 0.6742 0.9937 0.0121
185 186 187 0.2542 0.1712 0.3650 0.4272 0.8594 0.0957 0.7848 0.1820
186 187 188 0.9218 0.4389 0.5096 0.8615 0.9811 0.3597 0.5036 0.3014
187 188 189 0.0034 0.9720 0.0246 0.0822 0.5915 0.6458 0.2330 0.6405
188 189 190 0.7238 0.1422 0.6605 0.0416 0.4337 0.9931 0.6149 0.8876
189 190 191 0.3195 0.7495 0.7223 0.0866 0.1061 0.9411 0.1337 0.0121
190 191 192 0.8606 0.9533 0.8108 0.4760 0.6882 0.8239 0.4195 0.4230
191 192 193 0.1133 0.6176 0.3643 0.5882 0.3618 0.1104 0.9096 0.6878
192 193 194 0.3896 0.7271 0.1861 0.6551 0.2569 0.8639 0.0772 0.7635
193 194 195 0.0139 0.4581 0.3590 0.1472 0.2934 0.4214 0.7643 0.3471
194 195 196 0.0026 0.4637 0.0912 0.4238 0.9172 0.7092 0.3157 0.3938
195 196 197 0.8616 0.3192 0.7994 0.8387 0.8571 0.0375 0.8893 0.3841
196 197 198 0.8052 0.0293 0.2688 0.5895 0.6246 0.4601 0.8418 0.3745
197 198 199 0.5233 0.5727 0.9050 0.3155 0.9585 0.2827 0.2993 0.2166
198 199 200 0.8475 0.6226 0.7281 0.2844 0.0754 0.3056 0.9194 0.2132
199 200 201 0.6730 0.8998 0.7147 0.4986 0.0294 0.4237 0.4591 0.1704
200 201 202 0.6341 0.8288 0.7465 0.4751 0.6711 0.8585 0.2110 0.8887
201 202 203 0.1486 0.7980 0.8788 0.2409 0.6319 0.5234 0.9773 0.2164
202 203 204 0.3633 0.0738 0.4823 0.2321 0.4402 0.9764 0.6868 0.0806
203 204 205 0.7148 0.0288 0.6867 0.4309 0.7395 0.5768 0.7240 0.7254
204 205 206 0.2172 0.2723 0.8032 0.3157 0.9370 0.8661 0.7122 0.9794
205 206 207 0.4492 0.2135 0.5219 0.9506 0.5926 0.8895 0.0466 0.3303
206 207 208 0.9005 0.9376 0.3566 0.3061 0.5114 0.6754 0.9981 0.4836
207 208 209 0.5216 0.4729 0.2482 0.2400 0.3626 0.3215 0.2508 0.1268
208 209 210 0.2453 0.8617 0.5647 0.5567 0.1065 0.0833 0.3321 0.5211
209 210 211 0.0792 0.2010 0.5807 0.9418 0.7627 0.6038 0.2900 0.6499
210 211 212 0.5715 0.7401 0.8033 0.0203 0.6674 0.0030 0.9435 0.1931
211 212 213 0.4421 0.1478 0.9046 0.3293 0.3324 0.4891 0.8647 0.2481
212 213 214 0.8249 0.3324 0.3866 0.3276 0.9862 0.2760 0.6150 0.2354
213 214 215 0.4504 0.1005 0.3062 0.0912 0.3341 0.6927 0.7893 0.9557
214 215 216 0.1075 0.4346 0.4832 0.5437 0.5911 0.6560 0.7011 0.3285
215 216 217 0.7026 0.2731 0.4530 0.1540 0.0602 0.5386 0.4848 0.1756
216 217 218 0.6408 0.7824 0.4080 0.8139 0.5129 0.4984 0.8085 0.4009
217 218 219 0.4328 0.0321 0.6629 0.1943 0.0257 0.6878 0.3503 0.3922
218 219 220 0.4253 0.6554 0.5593 0.4015 0.3713 0.5095 0.0454 0.8799
219 220 221 0.4588 0.9386 0.0603 0.1372 0.5511 0.0092 0.6111 0.3158
220 221 222 0.0250 0.3844 0.2981 0.9294 0.1614 0.7915 0.9157 0.0825
221 222 223 0.7411 0.0898 0.7454 0.4288 0.0819 0.3789 0.5901 0.6367
222 223 224 0.7113 0.4758 0.4024 0.9877 0.1880 0.3852 0.3868 0.2572
223 224 225 0.3324 0.9773 0.1575 0.5857 0.1155 0.1151 0.5012 0.2613
224 225 226 0.8787 0.9360 0.0029 0.0788 0.9544 0.0599 0.0850 0.9920
225 226 227 0.3157 0.0456 0.9573 0.5481 0.5136 0.8028 0.2481 0.2879
226 227 228 0.3614 0.6720 0.3425 0.5128 0.7983 0.7584 0.5862 0.2005
227 228 229 0.6523 0.3442 0.9762 0.4544 0.1255 0.3127 0.9345 0.6127
228 229 230 0.5091 0.4216 0.0393 0.0145 0.7510 0.3955 0.4753 0.1149
229 230 231 0.4635 0.0032 0.1588 0.9554 0.4553 0.4038 0.6338 0.4871
230 231 232 0.1475 0.6515 0.7542 0.9273 0.1256 0.9353 0.9528 0.8190
231 232 233 0.0936 0.4744 0.3302 0.9058 0.5137 0.3637 0.8440 0.2975
232 233 234 0.3050 0.2443 0.5473 0.0561 0.4764 0.8087 0.6834 0.2818
233 234 235 0.3295 0.6104 0.0918 0.4060 0.4143 0.6822 0.4613 0.9806
234 235 236 0.4261 0.3937 0.9730 0.6063 0.4503 0.1775 0.2416 0.2276
235 236 237 0.8226 0.2584 0.4551 0.6779 0.7878 0.4160 0.1860 0.4428
236 237 238 0.7691 0.9650 0.5436 0.8329 0.0284 0.8466 0.6852 0.8565
237 238 239 0.6238 0.8253 0.4294 0.1310 0.0013 0.3616 0.4822 0.1670
238 239 240 0.4934 0.7826 0.5504 0.5482 0.9995 0.9997 0.8482 0.1213
239 240 241 0.4122 0.7600 0.1795 0.8951 0.6740 0.2744 0.6860 0.9040
240 241 242 0.3284 0.3094 0.7517 0.3400 0.3483 0.0324 0.0634 0.7884
241 242 243 0.5288 0.0494 0.6357 0.1110 0.0227 0.4011 0.5649 0.9243
242 243 244 0.7798 0.4253 0.9406 0.0090 0.9466 0.3620 0.1824 0.0883
243 244 245 0.1406 0.6303 0.4485 0.2942 0.5945 0.8832 0.9353 0.3352
244 245 246 0.4630 0.9179 0.2024 0.2436 0.8422 0.7918 0.0770 0.9000
245 246 247 0.0815 0.7428 0.8221 0.0568 0.9949 0.2990 0.6498 0.1327
246 247 248 0.8062 0.5607 0.5998 0.4359 0.4580 0.7885 0.4873 0.6680
247 248 249 0.2736 0.9143 0.6547 0.3580 0.4410 0.3723 0.4871 0.2810
248 249 250 0.3959 0.3581 0.2514 0.1294 0.1894 0.0414 0.9720 0.1330
249 250 251 0.5236 0.3412 0.7215 0.9666 0.5316 0.7693 0.5803 0.9502
250 251 252 0.5970 0.4869 0.3006 0.1722 0.7157 0.0454 0.0017 0.2172
251 252 253 0.3372 0.7485 0.4388 0.5127 0.7616 0.2355 0.7809 0.5928
252 253 254 0.3143 0.3234 0.3554 0.3454 0.0131 0.2568 0.3700 0.3838
253 254 255 0.1868 0.7745 0.8717 0.1832 0.2411 0.9753 0.6618 0.1247
254 255 256 0.7040 0.8618 0.4399 0.9508 0.0026 0.6685 0.4458 0.0937
255 256 257 0.6596 0.4386 0.2644 0.7508 0.5953 0.7108 0.2064 0.6626
256 257 258 0.5750 0.6066 0.0539 0.7773 0.8026 0.9778 0.0723 0.9050
257 258 259 0.0683 0.5304 0.4848 0.9718 0.8683 0.2150 0.9589 0.0199
258 259 260 0.5875 0.8578 0.6373 0.4307 0.4325 0.0558 0.6457 0.9150
259 260 261 0.0617 0.2816 0.8242 0.2014 0.0701 0.0953 0.9945 0.9939
260 261 262 0.8901 0.9587 0.6546 0.2619 0.0546 0.7095 0.2503 0.4297
261 262 263 0.4752 0.1691 0.2275 0.1488 0.1147 0.0159 0.8850 0.3688
262 263 264 0.2813 0.1618 0.4462 0.0237 0.8443 0.5019 0.8762 0.4973
263 264 265 0.5692 0.5443 0.3099 0.4699 0.8922 0.1236 0.3272 0.8155
264 265 266 0.5481 0.0093 0.5110 0.6837 0.2343 0.8158 0.6522 0.9184
265 266 267 0.7642 0.9068 0.6851 0.1131 0.7659 0.9066 0.2548 0.0520
266 267 268 0.7681 0.8681 0.6361 0.9332 0.4953 0.9695 0.6289 0.2140
267 268 269 0.0660 0.1432 0.4638 0.5218 0.2984 0.0892 0.0153 0.7224
268 269 270 0.9803 0.2676 0.7837 0.8026 0.8264 0.4850 0.0949 0.4682
269 270 271 0.1632 0.2099 0.1324 0.7090 0.5765 0.6998 0.9109 0.6999
270 271 272 0.8270 0.5133 0.2229 0.4077 0.8606 0.9040 0.3442 0.3754
271 272 273 0.0482 0.7247 0.6426 0.6329 0.6107 0.0116 0.1037 0.3177
272 273 274 0.8715 0.1595 0.9841 0.5781 0.3687 0.0097 0.8406 0.1923
273 274 275 0.4213 0.7976 0.2259 0.9088 0.4618 0.9139 0.5600 0.3151
274 275 276 0.8039 0.8635 0.5361 0.9361 0.8789 0.4253 0.9189 0.4426
275 276 277 0.8223 0.7144 0.3102 0.4929 0.9724 0.1695 0.1850 0.7865
276 277 278 0.8686 0.0681 0.3298 0.4045 0.3401 0.8738 0.1326 0.4125
277 278 000 0.8851 0.9568 0.7931 0.5398 0.3913 0.8811 0.4311 0.8845
278 000 001 0.4757 0.1341 0.7241 0.9937 0.9609 0.5047 0.5932 0.5221
