279 155682 3 279
000 001 002 0.1006 0.1951 0.3704 0.7184 0.6422 0.9490 0.6667 0.1330
001 002 003 0.2869 0.9458 0.8857 0.3577 0.5830 0.1817 0.2336 0.9015
002 003 004 0.3976 0.7133 0.5148 0.8832 0.8447 0.2735 0.6625 0.1060
003 004 005 0.6645 0.3292 0.0796 0.8295 0.0110 0.6698 0.3596 0.7603
004 005 006 0.9158 0.0855 0.6952 0.3270 0.9335 0.7355 0.2381 0.5126
005 006 007 0.4468 0.4373 0.1883 0.9576 0.9277 0.2192 0.4052 0.2137
006 007 008 0.8851 0.9483 0.9330 0.5878 0.3789 0.3262 0.3422 0.8264
007 008 009 0.7591 0.7201 0.8433 0.9898 0.0225 0.0556 0.9765 0.6168
008 009 010 0.0592 0.0337 0.2531 0.2055 0.7652 0.0898 0.6008 0.2695
009 010 011 0.7673 0.5390 0.5371 0.2955 0.4212 0.4238 0.4578 0.7865
010 011 012 0.4390 0.4036 0.0658 0.8560 0.4681 0.6625 0.6178 0.8601
011 012 013 0.1050 0.6346 0.2382 0.2022 0.2940 0.4185 0.3995 0.4227
012 013 014 0.7968 0.6017 0.1874 0.0014 0.6327 0.6022 0.7579 0.8902
013 014 015 0.0177 0.4784 0.6017 0.7098 0.9566 0.8512 0.2407 0.9897
014 015 016 0.7285 0.5663 0.2455 0.6211 0.1595 0.8831 0.9789 0.6967
015 016 017 0.5152 0.4850 0.2228 0.0575 0.7553 0.8373 0.4058 0.8714
016 017 018 0.4782 0.7780 0.1575 0.0629 0.6938 0.7519 0.1424 0.0601
017 018 019 0.2623 0.5986 0.3247 0.0112 0.2305 0.7169 0.4246 0.3639
018 019 020 0.4465 0.0549 0.7572 0.6753 0.9874 0.7695 0.5517 0.0625
019 020 021 0.4574 0.3219 0.3901 0.1010 0.7681 0.2357 0.2265 0.0668
020 021 022 0.0541 0.9984 0.5740 0.1180 0.9837 0.2336 0.8575 0.6185
021 022 023 0.3434 0.2309 0.1354 0.1530 0.4192 0.8862 0.8910 0.8662
022 023 024 0.2367 0.8869 0.0932 0.7445 0.9673 0.6498 0.6918 0.4156
023 024 025 0.9420 0.6629 0.1462 0.5164 0.6398 0.6605 0.3069 0.2763
024 025 026 0.6217 0.1965 0.4374 0.2744 0.9020 0.9630 0.6482 0.0643
025 026 027 0.8370 0.5332 0.8402 0.5515 0.8371 0.4433 0.6479 0.3967
026 027 028 0.2144 0.9214 0.9594 0.8689 0.8148 0.2272 0.7686 0.4045
027 028 029 0.8751 0.0903 0.3560 0.0245 0.3662 0.1233 0.9844 0.1737
028 029 030 0.8328 0.8897 0.6288 0.9719 0.4555 0.1182 0.6056 0.5355
029 030 031 0.3144 0.8767 0.9260 0.6474 0.1141 0.3303 0.8945 0.1513
030 031 032 0.6424 0.3629 0.7378 0.4116 0.8334 0.1247 0.7536 0.7040
031 032 033 0.4970 0.8465 0.1485 0.3119 0.3606 0.5119 0.6615 0.3356
032 033 034 0.3938 0.8240 0.1339 0.4162 0.5588 0.4135 0.5423 0.1474
033 034 035 0.4025 0.7010 0.1228 0.7683 0.1845 0.1472 0.1553 0.0116
034 035 036 0.4652 0.6313 0.6175 0.1102 0.3794 0.6280 0.0687 0.6470
035 036 037 0.6344 0.9605 0.0465 0.0225 0.0116 0.7194 0.0080 0.1823
036 037 038 0.2182 0.4699 0.4252 0.0156 0.1201 0.0466 0.5457 0.6471
037 038 039 0.3241 0.4817 0.0953 0.2330 0.0076 0.0247 0.8347 0.1465
038 039 040 0.5027 0.0762 0.3811 0.2280 0.6172 0.9537 0.4660 0.3917
039 040 041 0.7657 0.8565 0.4746 0.8853 0.6716 0.6643 0.9029 0.1100
040 041 042 0.4529 0.5536 0.2911 0.4514 0.2151 0.9876 0.7945 0.1765
041 042 043 0.8635 0.0914 0.1948 0.9033 0.6000 0.4904 0.1900 0.9062
042 043 044 0.8125 0.0034 0.6306 0.7783 0.4318 0.8465 0.6581 0.8162
043 044 045 0.8384 0.9369 0.4954 0.2505 0.9044 0.9133 0.2910 0.1141
044 045 046 0.3562 0.8719 0.9944 0.3149 0.1095 0.9031 0.5105 0.8452
045 046 047 0.5433 0.8500 0.9553 0.6203 0.4075 0.7427 0.1405 0.2568
046 047 048 0.0075 0.2560 0.7960 0.3295 0.4953 0.5300 0.9183 0.6188
047 048 049 0.8871 0.8954 0.6525 0.7094 0.0088 0.0254 0.2491 0.8113
048 049 050 0.3498 0.8967 0.8959 0.7174 0.6287 0.6236 0.4138 0.6472
049 050 051 0.2757 0.5393 0.5173 0.7015 0.8334 0.6620 0.0997 0.0224
050 051 052 0.8010 0.2057 0.9817 0.7435 0.9737 0.3188 0.4634 0.3564
051 052 053 0.1837 0.4548 0.2809 0.7397 0.7860 0.9272 0.5872 0.3971
052 053 054 0.4576 0.8970 0.8383 0.5554 0.0658 0.5188 0.8124 0.6792
053 054 055 0.0486 0.8653 0.0565 0.9011 0.0610 0.0823 0.3047 0.6919
054 055 056 0.8680 0.1455 0.4317 0.2449 0.2589 0.2143 0.6819 0.5828
055 056 057 0.0035 0.4756 0.8461 0.2547 0.9091 0.0159 0.7442 0.8499
056 057 058 0.3132 0.8927 0.5208 0.3120 0.4546 0.6705 0.4272 0.5857
057 058 059 0.6134 0.7133 0.4227 0.1068 0.7177 0.4976 0.7961 0.6134
058 059 060 0.7534 0.9981 0.7238 0.9985 0.2913 0.2375 0.5307 0.1271
059 060 061 0.4770 0.9554 0.9021 0.0053 0.5022 0.1019 0.4230 0.6223
060 061 062 0.0489 0.0569 0.6798 0.5910 0.7996 0.8688 0.5491 0.4898
061 062 063 0.3674 0.1550 0.2848 0.7879 0.8726 0.1263 0.4562 0.7139
062 063 064 0.2804 0.4615 0.3900 0.8915 0.9111 0.9459 0.5273 0.6894
063 064 065 0.5704 0.1124 0.7194 0.6428 0.8189 0.3199 0.0581 0.5373
064 065 066 0.5635 0.3421 0.8163 0.4791 0.1673 0.0614 0.8689 0.8540
065 066 067 0.7553 0.9388 0.6014 0.7342 0.3631 0.3217 0.2675 0.8711
066 067 068 0.3570 0.0640 0.2278 0.3420 0.4347 0.8316 0.5359 0.4927
067 068 069 0.3290 0.4430 0.9368 0.2492 0.7560 0.6199 0.6582 0.5663
068 069 070 0.8414 0.0686 0.8688 0.7325 0.3334 0.0204 0.4003 0.6069
069 070 071 0.1017 0.0756 0.1883 0.6700 0.8573 0.9772 0.2948 0.5621
070 071 072 0.3050 0.1974 0.8072 0.8692 0.1809 0.6739 0.6996 0.4776
071 072 073 0.3596 0.4776 0.8003 0.2674 0.6011 0.8109 0.7492 0.0422
072 073 074 0.6832 0.2773 0.7433 0.2675 0.0283 0.9956 0.5915 0.8999
073 074 075 0.0192 0.5319 0.6041 0.0627 0.0036 0.0233 0.3989 0.7788
074 075 076 0.3889 0.8924 0.9713 0.7934 0.5157 0.7050 0.8894 0.6781
075 076 077 0.0331 0.2562 0.8635 0.2925 0.1138 0.5980 0.8411 0.1015
076 077 078 0.1537 0.4826 0.6921 0.5952 0.4681 0.6374 0.1638 0.9554
077 078 079 0.2381 0.3759 0.2094 0.7585 0.6231 0.9445 0.7533 0.2262
078 079 080 0.9051 0.7994 0.7531 0.4349 0.3896 0.6904 0.0872 0.1259
079 080 081 0.1107 0.3118 0.7440 0.2960 0.9302 0.7886 0.4695 0.6487
080 081 082 0.7867 0.9559 0.6780 0.8384 0.3539 0.2125 0.2671 0.3151
081 082 083 0.0423 0.7071 0.1556 0.4049 0.2141 0.0245 0.8940 0.4307
082 083 084 0.8507 0.6253 0.1807 0.8255 0.3117 0.6786 0.6621 0.4898
083 084 085 0.0041 0.4780 0.5856 0.6326 0.8695 0.7654 0.2914 0.3396
084 085 086 0.2401 0.3205 0.6191 0.9468 0.9478 0.6274 0.5259 0.4273
085 086 087 0.4192 0.8770 0.2389 0.6617 0.1247 0.7844 0.8065 0.9047
086 087 088 0.8144 0.2572 0.3775 0.5295 0.3736 0.0268 0.6756 0.4090
087 088 089 0.1094 0.6711 0.1814 0.3906 0.3612 0.1703 0.8984 0.6178
088 089 090 0.9448 0.0387 0.7126 0.4086 0.7252 0.6946 0.7947 0.3946
089 090 091 0.8941 0.2195 0.2096 0.6876 0.3514 0.6560 0.0917 0.5435
090 091 092 0.2625 0.6282 0.7464 0.4153 0.4861 0.2005 0.7856 0.8719
091 092 093 0.3164 0.8949 0.1225 0.9452 0.6002 0.0123 0.7369 0.5982
092 093 094 0.9134 0.0836 0.4289 0.2428 0.3460 0.3559 0.4863 0.0128
093 094 095 0.9323 0.1825 0.1267 0.4539 0.6748 0.5461 0.6620 0.7838
094 095 096 0.3357 0.5054 0.2825 0.6891 0.6485 0.8238 0.2210 0.9564
095 096 097 0.6196 0.4988 0.7409 0.2860 0.5063 0.9889 0.9205 0.5106
096 097 098 0.6975 0.4194 0.0152 0.9231 0.3093 0.1062 0.3449 0.1756
097 098 099 0.0849 0.5016 0.3725 0.6203 0.9999 0.2234 0.2281 0.0414
098 099 100 0.6964 0.6870 0.2088 0.2088 0.6139 0.8905 0.3092 0.0503
099 100 101 0.7245 0.2173 0.3409 0.0047 0.4131 0.1736 0.7263 0.2839
100 101 102 0.0692 0.8522 0.2885 0.5347 0.7066 0.3514 0.8218 0.5276
101 102 103 0.6310 0.9492 0.3946 0.6410 0.3574 0.3411 0.6055 0.1560
102 103 104 0.1387 0.9297 0.9393 0.6522 0.9576 0.2835 0.1340 0.0570
103 104 105 0.5066 0.7301 0.6919 0.5316 0.3381 0.5048 0.0246 0.7559
104 105 106 0.5824 0.9710 0.8685 0.3417 0.4242 0.8794 0.1769 0.5895
105 106 107 0.2841 0.4207 0.3304 0.3592 0.8049 0.9251 0.8654 0.2166
106 107 108 0.7208 0.7391 0.7215 0.1230 0.9943 0.8700 0.8365 0.3513
107 108 109 0.9940 0.8108 0.0171 0.2866 0.8349 0.8925 0.3947 0.9960
108 109 110 0.7399 0.6426 0.3278 0.7611 0.5859 0.8999 0.4972 0.4952
109 110 111 0.0685 0.7855 0.0275 0.4645 0.7474 0.0715 0.3933 0.2791
110 111 112 0.8293 0.6368 0.5856 0.0949 0.5739 0.2488 0.8834 0.5030
111 112 113 0.3944 0.1306 0.4303 0.9496 0.4577 0.4613 0.2936 0.5204
112 113 114 0.0811 0.9006 0.7414 0.7065 0.3788 0.9233 0.9183 0.5653
113 114 115 0.9049 0.5730 0.4558 0.8015 0.5200 0.8323 0.4650 0.0468
114 115 116 0.4231 0.5343 0.5032 0.5278 0.2888 0.2889 0.3096 0.7414
115 116 117 0.8229 0.7240 0.5088 0.6518 0.1105 0.3912 0.9910 0.4358
116 117 118 0.5290 0.0430 0.0531 0.3458 0.5331 0.0843 0.0740 0.5859
117 118 119 0.9056 0.0430 0.1459 0.9988 0.9855 0.7985 0.5880 0.1824
118 119 120 0.9434 0.8657 0.8590 0.3120 0.7256 0.3744 0.1559 0.3646
119 120 121 0.6933 0.3887 0.1211 0.6099 0.6132 0.2815 0.5541 0.9884
120 121 122 0.8879 0.8446 0.5017 0.0882 0.8022 0.7550 0.5973 0.8662
121 122 123 0.4934 0.2026 0.3046 0.3435 0.8812 0.8520 0.5333 0.0891
122 123 124 0.2123 0.1414 0.5932 0.5761 0.5135 0.0343 0.6881 0.7264
123 124 125 0.4247 0.3870 0.9288 0.3072 0.8763 0.0050 0.3075 0.0072
124 125 126 0.4014 0.0620 0.7481 0.8107 0.9851 0.9619 0.5653 0.3332
125 126 127 0.5225 0.7003 0.9327 0.7132 0.1601 0.2141 0.8742 0.9077
126 127 128 0.3896 0.3274 0.9245 0.4638 0.0905 0.7530 0.9523 0.9192
127 128 129 0.8644 0.7064 0.0550 0.7499 0.0598 0.2441 0.9486 0.4876
128 129 130 0.1489 0.2846 0.5168 0.1559 0.1518 0.4854 0.7963 0.7932
129 130 131 0.3416 0.5569 0.8147 0.4154 0.2996 0.0920 0.1595 0.9602
130 131 132 0.9557 0.6738 0.2160 0.2760 0.2927 0.3836 0.7392 0.8863
131 132 133 0.0290 0.6209 0.3067 0.0878 0.5154 0.5276 0.8826 0.4716
132 133 134 0.5088 0.1759 0.5927 0.9879 0.7719 0.4924 0.7572 0.4143
133 134 135 0.8649 0.0843 0.7521 0.0858 0.1935 0.1407 0.7210 0.3944
134 135 136 0.6826 0.7955 0.2883 0.6049 0.5194 0.0722 0.0482 0.1842
135 136 137 0.4018 0.6734 0.3963 0.3694 0.0967 0.3761 0.4109 0.2492
136 137 138 0.2348 0.7612 0.2413 0.7787 0.0711 0.0826 0.0415 0.4799
137 138 139 0.4675 0.2618 0.9815 0.5605 0.8533 0.8973 0.9359 0.0985
138 139 140 0.0388 0.3531 0.8059 0.9716 0.0685 0.9576 0.8229 0.1718
139 140 141 0.7750 0.1205 0.8863 0.0032 0.8183 0.2140 0.2939 0.3647
140 141 142 0.2249 0.1348 0.1713 0.5558 0.8349 0.2950 0.8967 0.6542
141 142 143 0.3917 0.6125 0.7460 0.4679 0.5565 0.1641 0.6877 0.4894
142 143 144 0.2744 0.4252 0.7635 0.3731 0.8339 0.7811 0.2339 0.3557
143 144 145 0.6197 0.2769 0.2191 0.9381 0.5646 0.4160 0.1946 0.5617
144 145 146 0.4754 0.8437 0.2737 0.4638 0.1688 0.2283 0.8966 0.5942
145 146 147 0.5340 0.3131 0.3810 0.1296 0.6051 0.7353 0.5940 0.9424
146 147 148 0.6557 0.1019 0.3941 0.6271 0.9336 0.5442 0.6509 0.4780
147 148 149 0.1658 0.9080 0.5908 0.3895 0.0748 0.5959 0.8005 0.7629
148 149 150 0.1738 0.2652 0.9524 0.2848 0.2824 0.9135 0.7170 0.9779
149 150 151 0.2659 0.0634 0.6335 0.5567 0.3358 0.2507 0.2062 0.4731
150 151 152 0.8911 0.0576 0.7878 0.8193 0.2637 0.4003 0.8711 0.9666
151 152 153 0.2009 0.2211 0.6407 0.4749 0.9634 0.7889 0.1207 0.5895
152 153 154 0.7834 0.4190 0.8621 0.8721 0.9188 0.1289 0.7101 0.3136
153 154 155 0.0018 0.4927 0.4945 0.2183 0.3806 0.9826 0.7664 0.7576
154 155 156 0.6865 0.4660 0.1030 0.6965 0.0652 0.4449 0.9558 0.8752
155 156 157 0.5266 0.9500 0.7832 0.9453 0.6221 0.8273 0.9418 0.2485
156 157 158 0.8440 0.4806 0.7539 0.1811 0.3773 0.3475 0.7636 0.1196
157 158 159 0.6532 0.1603 0.1375 0.5851 0.2202 0.2373 0.5349 0.7799
158 159 160 0.1377 0.6734 0.2797 0.7115 0.6995 0.9773 0.9415 0.3607
159 160 161 0.3196 0.0898 0.8576 0.5701 0.8060 0.2947 0.5139 0.7839
160 161 162 0.5307 0.7024 0.7308 0.1876 0.0020 0.3815 0.7702 0.3973
161 162 163 0.9054 0.8871 0.5410 0.5868 0.1321 0.6338 0.9623 0.0504
162 163 164 0.5870 0.2668 0.7149 0.3911 0.4340 0.6731 0.1164 0.7869
163 164 165 0.0293 0.3034 0.0275 0.5461 0.7017 0.1279 0.5304 0.6872
164 165 166 0.5103 0.2360 0.2030 0.9974 0.1832 0.7944 0.5103 0.1089
165 166 167 0.8768 0.7695 0.6071 0.2982 0.1183 0.6136 0.9053 0.0529
166 167 168 0.2361 0.1445 0.7065 0.2793 0.2681 0.6025 0.9686 0.4472
167 168 169 0.0859 0.6972 0.6016 0.4227 0.0198 0.2535 0.2089 0.5958
168 169 170 0.8005 0.7882 0.4123 0.7001 0.7422 0.5134 0.0722 0.5633
169 170 171 0.0423 0.3433 0.8588 0.0955 0.1119 0.4529 0.4581 0.1129
170 171 172 0.3477 0.7989 0.2235 0.6390 0.3892 0.7101 0.6967 0.8485
171 172 173 0.7904 0.9104 0.2009 0.5400 0.7652 0.3567 0.0152 0.5486
172 173 174 0.5554 0.5943 0.5120 0.1861 0.4855 0.7723 0.6860 0.8308
173 174 175 0.9588 0.4539 0.8564 0.9421 0.5686 0.8838 0.8206 0.1087
174 175 176 0.6613 0.7427 0.1157 0.5363 0.5142 0.9691 0.7597 0.1628
175 176 177 0.5270 0.9769 0.9714 0.2796 0.8926 0.8486 0.5954 0.9112
176 177 178 0.8898 0.1294 0.1503 0.0812 0.4796 0.4805 0.8077 0.5006
177 178 179 0.8614 0.7488 0.9311 0.4834 0.3514 0.7985 0.9002 0.2631
178 179 180 0.0262 0.6558 0.8415 0.1568 0.0507 0.3402 0.2379 0.7001
179 180 181 0.8874 0.1546 0.6427 0.2399 0.0569 0.9683 0.3220 0.8598
180 181 182 0.8560 0.7501 0.3077 0.4473 0.3139 0.4887 0.2595 0.2874
181 182 183 0.7965 0.3226 0.8631 0.8940 0.8823 0.1859 0.6795 0.9984
182 183 184 0.4675 0.3097 0.1809 0.6958 0.9909 0.1956 0.3686 0.1856
183 184 185 0.2820 0.0061 0.5697 0.4835 0.3105 0.4565 0.7968 0.7297
184 185 186 0.8498 0.9795 0.7314 0.2133 0.2694 0.9046 0.3262 0.7598
185 186 187 0.5434 0.9968 0.5096 0.1924 0.9280 0.5680 0.2543 0.5033
186 187 188 0.9343 0.5432 0.3790 0.9378 0.6697 0.9164 0.2708 0.8458
187 188 189 0.9775 0.2446 0.5576 0.5548 0.1798 0.2037 0.8787 0.4059
188 189 190 0.5936 0.2865 0.9545 0.6528 0.2142 0.0063 0.1892 0.6065
189 190 191 0.2158 0.5047 0.6170 0.4880 0.8646 0.4240 0.8978 0.6318
190 191 192 0.0616 0.1748 0.0684 0.2339 0.4013 0.0047 0.9616 0.8454
191 192 193 0.8852 0.9916 0.7043 0.6089 0.9042 0.6259 0.9119 0.4876
192 193 194 0.1866 0.9517 0.8758 0.1262 0.4917 0.6075 0.1536 0.2069
193 194 195 0.1672 0.2411 0.0389 0.2359 0.3691 0.1118 0.5673 0.8039
194 195 196 0.9715 0.0603 0.6789 0.9079 0.0291 0.9248 0.8741 0.8523
195 196 197 0.0215 0.7531 0.2673 0.2516 0.7237 0.1817 0.6336 0.3015
196 197 198 0.6524 0.5498 0.1168 0.5934 0.1061 0.3757 0.0067 0.9498
197 198 199 0.6517 0.4209 0.7258 0.9683 0.5905 0.1529 0.1279 0.4587
198 199 200 0.0277 0.9020 0.8250 0.9037 0.4742 0.8809 0.8427 0.5396
199 200 201 0.2576 0.4686 0.3982 0.8281 0.1348 0.1418 0.8608 0.4821
200 201 202 0.1806 0.8679 0.1629 0.0998 0.6773 0.5693 0.4241 0.1499
201 202 203 0.3877 0.6735 0.6059 0.1239 0.9671 0.3686 0.7924 0.4755
202 203 204 0.9361 0.8365 0.1785 0.7594 0.0816 0.7206 0.0538 0.1209
203 204 205 0.3982 0.0550 0.7426 0.5997 0.0857 0.3744 0.9325 0.1744
204 205 206 0.3893 0.2144 0.4719 0.3714 0.4566 0.2270 0.1697 0.2563
205 206 207 0.9033 0.4677 0.4482 0.7417 0.2307 0.7959 0.5358 0.4413
206 207 208 0.0790 0.5643 0.9833 0.4425 0.2965 0.9765 0.2142 0.7357
207 208 209 0.0407 0.3672 0.0469 0.4523 0.4927 0.5927 0.7037 0.1883
208 209 210 0.5368 0.7317 0.1467 0.2811 0.2204 0.4726 0.9236 0.6704
209 210 211 0.5652 0.2966 0.5783 0.6666 0.3581 0.9957 0.0187 0.5602
210 211 212 0.9622 0.9005 0.2606 0.7866 0.8928 0.1768 0.7880 0.4724
211 212 213 0.0339 0.0100 0.5842 0.7126 0.6565 0.9582 0.6433 0.4677
212 213 214 0.4097 0.5725 0.9559 0.1392 0.5394 0.3554 0.3938 0.2859
213 214 215 0.9867 0.0194 0.3525 0.2879 0.1649 0.4071 0.5270 0.1021
214 215 216 0.0007 0.6876 0.3172 0.3984 0.8601 0.2815 0.4950 0.6333
215 216 217 0.3223 0.9739 0.9280 0.6097 0.8940 0.1344 0.2039 0.4255
216 217 218 0.5100 0.1478 0.5726 0.5292 0.0054 0.7975 0.5265 0.8522
217 218 219 0.8183 0.0322 0.6597 0.7316 0.9436 0.7741 0.3401 0.6996
218 219 220 0.7770 0.9620 0.3226 0.3968 0.0285 0.3823 0.1863 0.1674
219 220 221 0.0312 0.6289 0.4920 0.9253 0.0314 0.7070 0.3757 0.5712
220 221 222 0.5356 0.6346 0.5516 0.4486 0.8130 0.2440 0.7893 0.7074
221 222 223 0.2777 0.3985 0.4124 0.2803 0.2656 0.7256 0.8449 0.8998
222 223 224 0.3258 0.2049 0.4285 0.9254 0.6003 0.3838 0.9312 0.2694
223 224 225 0.3741 0.0744 0.2328 0.9446 0.6129 0.3489 0.4229 0.0487
224 225 226 0.5907 0.5351 0.7893 0.8192 0.4221 0.2309 0.8473 0.2683
225 226 227 0.1217 0.9652 0.7321 0.5271 0.5258 0.6889 0.6470 0.9658
226 227 228 0.4749 0.3248 0.7914 0.9250 0.6474 0.2987 0.2363 0.4570
227 228 229 0.5468 0.7663 0.8934 0.6821 0.6797 0.1154 0.0305 0.3230
228 229 230 0.6403 0.8811 0.0813 0.2495 0.2806 0.4266 0.5359 0.3105
229 230 231 0.2468 0.3764 0.4056 0.8048 0.2768 0.6374 0.8523 0.5188
230 231 232 0.1360 0.3819 0.8376 0.3989 0.2753 0.9844 0.2300 0.5418
231 232 233 0.9298 0.3500 0.5608 0.5385 0.9768 0.6525 0.7665 0.9266
232 233 234 0.5368 0.6969 0.7790 0.0029 0.9771 0.9987 0.2829 0.3287
233 234 235 0.1943 0.2394 0.1118 0.4911 0.8916 0.9921 0.6107 0.8890
234 235 236 0.7456 0.3107 0.3740 0.6596 0.1292 0.2091 0.5236 0.0374
235 236 237 0.2187 0.5142 0.1738 0.6824 0.6770 0.8850 0.9856 0.7353
236 237 238 0.5212 0.8733 0.6948 0.6955 0.3972 0.5494 0.3320 0.6526
237 238 239 0.0270 0.4170 0.4662 0.5635 0.8586 0.7230 0.3462 0.9529
238 239 240 0.3761 0.4485 0.2776 0.3726 0.6023 0.0392 0.1130 0.6779
239 240 241 0.2624 0.3750 0.6047 0.0570 0.4423 0.9387 0.2584 0.1419
240 241 242 0.5876 0.4526 0.4247 0.4842 0.6938 0.1569 0.4384 0.4592
241 242 243 0.3210 0.4401 0.0361 0.6933 0.1509 0.2986 0.2388 0.4832
242 243 244 0.1105 0.6352 0.8524 0.9751 0.5851 0.5713 0.0122 0.6442
243 244 245 0.6737 0.3705 0.7592 0.8863 0.7480 0.6093 0.6900 0.3036
244 245 246 0.3816 0.0537 0.1582 0.0299 0.8182 0.1270 0.2555 0.2734
245 246 247 0.0965 0.0561 0.6224 0.5319 0.1883 0.2401 0.1227 0.7402
246 247 248 0.7816 0.0422 0.7654 0.7132 0.7184 0.1990 0.7248 0.1324
247 248 249 0.6686 0.7215 0.0894 0.5282 0.7859 0.5208 0.4328 0.1725
248 249 250 0.0268 0.1936 0.9779 0.3163 0.2146 0.5253 0.0151 0.8022
249 250 251 0.3740 0.6789 0.6483 0.8083 0.2785 0.5134 0.4810 0.7955
250 251 252 0.6578 0.2074 0.5260 0.2064 0.3963 0.2368 0.5907 0.3519
251 252 253 0.0200 0.4768 0.8500 0.7912 0.0302 0.4247 0.3416 0.9100
252 253 254 0.0716 0.5937 0.8429 0.4210 0.3169 0.3216 0.7521 0.2752
253 254 255 0.1970 0.3061 0.5866 0.5777 0.8797 0.6148 0.0733 0.2943
254 255 256 0.4856 0.7134 0.0029 0.4438 0.9099 0.8322 0.8836 0.2413
255 256 257 0.9677 0.4555 0.3888 0.5341 0.1640 0.6407 0.3865 0.8816
256 257 258 0.7808 0.4006 0.5595 0.5477 0.9493 0.4188 0.7227 0.1678
257 258 259 0.1943 0.7926 0.0937 0.3389 0.0452 0.3407 0.5229 0.1255
258 259 260 0.4179 0.2942 0.7524 0.8561 0.1035 0.5551 0.3782 0.6686
259 260 261 0.7097 0.6363 0.0470 0.8991 0.7025 0.7711 0.3501 0.0855
260 261 262 0.9736 0.2623 0.9249 0.9582 0.6665 0.4739 0.4294 0.4986
261 262 263 0.0728 0.4996 0.6326 0.9827 0.1592 0.8681 0.3344 0.5406
262 263 264 0.7930 0.4568 0.8525 0.1566 0.5779 0.3147 0.5840 0.0653
263 264 265 0.2969 0.8888 0.1302 0.5880 0.0506 0.8975 0.9920 0.7198
264 265 266 0.7540 0.9052 0.4618 0.1303 0.7078 0.2967 0.1117 0.7245
265 266 267 0.0787 0.3999 0.4246 0.6357 0.8506 0.8589 0.6927 0.3808
266 267 268 0.6170 0.9396 0.2259 0.4627 0.2453 0.6838 0.6671 0.2939
267 268 269 0.0958 0.8231 0.7633 0.4736 0.5774 0.2667 0.6743 0.6031
268 269 270 0.9004 0.8780 0.1152 0.9554 0.6802 0.5136 0.8103 0.1925
269 270 271 0.9557 0.1752 0.3850 0.6440 0.3560 0.6651 0.2031 0.8227
270 271 272 0.1425 0.1968 0.0789 0.6870 0.8521 0.6662 0.5830 0.9431
271 272 273 0.1335 0.1798 0.9682 0.4267 0.8303 0.7434 0.3161 0.8437
272 273 274 0.4445 0.7414 0.0948 0.5639 0.6065 0.2252 0.0325 0.1562
273 274 275 0.9188 0.7145 0.9161 0.6254 0.1982 0.5451 0.5925 0.9488
274 275 276 0.5994 0.3359 0.6987 0.3981 0.8550 0.7992 0.1131 0.5388
275 276 277 0.8146 0.0671 0.9719 0.0131 0.4737 0.2193 0.9109 0.9829
276 277 278 0.4906 0.0314 0.5473 0.5575 0.6917 0.3696 0.0858 0.7013
277 278 000 0.0738 0.8844 0.0661 0.9455 0.8772 0.5013 0.3660 0.1143
278 000 001 0.9350 0.1019 0.8212 0.1624 0.2534 0.1748 0.9572 0.9090
