279 155682 3 279
000 001 002 0.0980 0.8565 0.8446 0.2129 0.1096 0.4532 0.7531 0.9000
001 002 003 0.6939 0.9359 0.2353 0.5087 0.3070 0.4173 0.8677 0.1194
002 003 004 0.3107 0.9372 0.6207 0.0033 0.9842 0.0913 0.7768 0.7217
003 004 005 0.8932 0.8187 0.9164 0.3343 0.5584 0.9454 0.8894 0.8418
004 005 006 0.5937 0.5127 0.2284 0.5627 0.4128 0.9465 0.0543 0.4454
005 006 007 0.2003 0.3544 0.5521 0.9995 0.3309 0.8172 0.4535 0.3588
006 007 008 0.7328 0.9651 0.7422 0.2416 0.0101 0.3489 0.2074 0.9369
007 008 009 0.7435 0.7450 0.9337 0.5150 0.0796 0.7607 0.7207 0.5727
008 009 010 0.4691 0.6748 0.8403 0.7020 0.1323 0.3848 0.9764 0.0365
009 010 011 0.5888 0.8562 0.4114 0.4870 0.8620 0.5633 0.5586 0.9063
010 011 012 0.5802 0.9746 0.6643 0.8843 0.0483 0.6565 0.1995 0.7824
011 012 013 0.7809 0.2617 0.7007 0.8906 0.4558 0.9661 0.0449 0.8880
012 013 014 0.4538 0.7338 0.7766 0.7207 0.5707 0.7364 0.9720 0.6068
013 014 015 0.7065 0.9439 0.0274 0.8471 0.6676 0.6702 0.1830 0.7356
014 015 016 0.2457 0.5262 0.9597 0.9812 0.4484 0.5870 0.7844 0.5012
015 016 017 0.3755 0.6832 0.4782 0.6970 0.8637 0.7299 0.9452 0.8732
016 017 018 0.0411 0.3141 0.2562 0.6905 0.3033 0.6333 0.8528 0.4422
017 018 019 0.5534 0.2591 0.6004 0.7986 0.0673 0.0223 0.3321 0.3052
018 019 020 0.9974 0.4074 0.0164 0.6368 0.6269 0.8741 0.3368 0.3698
019 020 021 0.6476 0.4876 0.8365 0.8584 0.5898 0.4742 0.9083 0.9131
020 021 022 0.4016 0.1986 0.8968 0.3185 0.8791 0.2504 0.3115 0.9528
021 022 023 0.2657 0.6583 0.4300 0.8582 0.4696 0.1599 0.3736 0.7467
022 023 024 0.6362 0.2276 0.9346 0.0757 0.1340 0.8119 0.1055 0.5998
023 024 025 0.2297 0.0628 0.7018 0.1134 0.6906 0.6900 0.4775 0.0648
024 025 026 0.6518 0.3106 0.0440 0.6973 0.0780 0.3312 0.8489 0.8079
025 026 027 0.1759 0.6162 0.0053 0.8369 0.6583 0.1846 0.2001 0.5557
026 027 028 0.3376 0.9434 0.9500 0.5273 0.8894 0.1162 0.7012 0.1237
027 028 029 0.1519 0.6116 0.8410 0.7633 0.6164 0.9520 0.1107 0.2200
028 029 030 0.0603 0.4226 0.6116 0.7803 0.4954 0.4110 0.5571 0.4562
029 030 031 0.5573 0.9649 0.3987 0.0631 0.7732 0.5878 0.5371 0.8838
030 031 032 0.9232 0.3092 0.8686 0.9350 0.1742 0.6052 0.1345 0.9485
031 032 033 0.7929 0.9353 0.9527 0.8353 0.1529 0.5308 0.9910 0.7621
032 033 034 0.3256 0.2444 0.7069 0.0365 0.9379 0.8889 0.5037 0.9036
033 034 035 0.2230 0.3289 0.5228 0.9298 0.3492 0.9188 0.4019 0.3450
034 035 036 0.5799 0.4575 0.3108 0.3885 0.8569 0.1023 0.8998 0.9693
035 036 037 0.6162 0.9101 0.3512 0.3576 0.9233 0.3836 0.6286 0.2548
036 037 038 0.5236 0.3517 0.1778 0.5640 0.3218 0.8086 0.0560 0.5044
037 038 039 0.1782 0.6211 0.2642 0.2582 0.6962 0.0976 0.0227 0.5780
038 039 040 0.5564 0.2272 0.1753 0.2527 0.6786 0.3501 0.5888 0.5842
039 040 041 0.6662 0.6228 0.1077 0.7858 0.6547 0.7650 0.0413 0.9830
040 041 042 0.2937 0.8076 0.9311 0.9924 0.9044 0.0603 0.7085 0.3107
041 042 043 0.0540 0.9586 0.7305 0.1803 0.1885 0.5981 0.5333 0.8691
042 043 044 0.7038 0.5124 0.4518 0.6314 0.1938 0.2626 0.4133 0.2462
043 044 045 0.5734 0.9003 0.0212 0.2423 0.7510 0.7364 0.8235 0.8676
044 045 046 0.2923 0.9062 0.3848 0.6560 0.9482 0.0988 0.1748 0.8279
045 046 047 0.4783 0.3362 0.5763 0.5202 0.6364 0.1831 0.9783 0.8429
046 047 048 0.5565 0.1601 0.6760 0.9857 0.2573 0.3862 0.7738 0.8039
047 048 049 0.5933 0.1195 0.5479 0.2398 0.5940 0.6604 0.1542 0.4554
048 049 050 0.9895 0.7805 0.8604 0.9940 0.1050 0.0556 0.0885 0.0698
049 050 051 0.8858 0.1618 0.7974 0.7719 0.1055 0.2444 0.2082 0.1451
050 051 052 0.6758 0.5219 0.9063 0.8333 0.7652 0.1102 0.5939 0.4669
051 052 053 0.1610 0.8958 0.0517 0.5038 0.5992 0.2888 0.0525 0.1503
052 053 054 0.2910 0.0769 0.9771 0.3879 0.2422 0.4062 0.9492 0.0200
053 054 055 0.9772 0.8025 0.6350 0.8365 0.7617 0.9557 0.3781 0.8721
054 055 056 0.0060 0.6501 0.7107 0.4032 0.1302 0.0075 0.4449 0.4926
055 056 057 0.1842 0.8503 0.9042 0.4747 0.4588 0.2029 0.2261 0.7456
056 057 058 0.7946 0.9446 0.1649 0.3420 0.3152 0.4994 0.1232 0.8983
057 058 059 0.0530 0.8293 0.9170 0.1745 0.0031 0.9029 0.6268 0.7826
058 059 060 0.6034 0.0213 0.3239 0.0072 0.4447 0.9285 0.6653 0.2778
059 060 061 0.1827 0.2482 0.4983 0.4492 0.5860 0.0146 0.6707 0.7629
060 061 062 0.8523 0.6897 0.5540 0.5472 0.5450 0.2263 0.1572 0.7946
061 062 063 0.1557 0.0500 0.8122 0.7798 0.6401 0.9929 0.8755 0.8885
062 063 064 0.9442 0.0959 0.1481 0.0667 0.7001 0.3632 0.2270 0.4518
063 064 065 0.5848 0.5763 0.4985 0.3915 0.9922 0.7040 0.1334 0.1393
064 065 066 0.2024 0.9357 0.1718 0.6500 0.9343 0.0355 0.6996 0.3924
065 066 067 0.9027 0.5354 0.7551 0.1056 0.5343 0.0077 0.5620 0.6537
066 067 068 0.1999 0.2864 0.5928 0.6746 0.6579 0.7441 0.6991 0.1159
067 068 069 0.2451 0.2108 0.2873 0.5200 0.8087 0.6668 0.6101 0.1600
068 069 070 0.0542 0.8841 0.3704 0.6284 0.4652 0.9556 0.6599 0.8458
069 070 071 0.5547 0.0633 0.4833 0.7688 0.9748 0.0436 0.5960 0.3683
070 071 072 0.1533 0.0385 0.2122 0.2886 0.4318 0.0725 0.2865 0.3069
071 072 073 0.5864 0.1513 0.8827 0.6201 0.1931 0.9168 0.5147 0.1061
072 073 074 0.0981 0.4622 0.9520 0.5987 0.3615 0.8758 0.8527 0.4849
073 074 075 0.9707 0.6499 0.3612 0.2080 0.6857 0.0575 0.3248 0.0413
074 075 076 0.3596 0.7127 0.1844 0.7324 0.6468 0.6348 0.2926 0.9001
075 076 077 0.1121 0.1032 0.7562 0.9314 0.7144 0.8037 0.7410 0.7368
076 077 078 0.5004 0.6517 0.4650 0.7166 0.7244 0.9112 0.6973 0.2788
077 078 079 0.4247 0.0237 0.9984 0.1270 0.7085 0.7711 0.2934 0.3074
078 079 080 0.6554 0.9897 0.8102 0.7546 0.6944 0.8968 0.1896 0.7698
079 080 081 0.3473 0.7076 0.8554 0.1500 0.4720 0.3476 0.6096 0.6101
080 081 082 0.1531 0.7834 0.3501 0.4112 0.9100 0.9294 0.7030 0.0056
081 082 083 0.6124 0.9671 0.6585 0.0642 0.4117 0.9155 0.6510 0.2532
082 083 084 0.5589 0.9333 0.0279 0.9556 0.0598 0.7039 0.7822 0.4857
083 084 085 0.0550 0.4794 0.5771 0.3320 0.6616 0.6549 0.4492 0.1630
084 085 086 0.4316 0.6946 0.6958 0.1439 0.1388 0.5378 0.5653 0.1643
085 086 087 0.8698 0.5269 0.9885 0.1824 0.4916 0.5994 0.6701 0.5520
086 087 088 0.0583 0.5524 0.9934 0.0902 0.8800 0.5082 0.0630 0.8696
087 088 089 0.5045 0.9598 0.5773 0.9068 0.7572 0.3959 0.1540 0.3655
088 089 090 0.2560 0.0186 0.9074 0.0932 0.2458 0.3856 0.0119 0.5967
089 090 091 0.2905 0.3797 0.9508 0.3356 0.3733 0.0130 0.1502 0.8055
090 091 092 0.8824 0.5013 0.1167 0.1292 0.1566 0.0731 0.0233 0.9090
091 092 093 0.3846 0.9916 0.8971 0.5881 0.2163 0.6075 0.7619 0.0402
092 093 094 0.0214 0.1676 0.5416 0.4623 0.0194 0.9277 0.1624 0.4335
093 094 095 0.3230 0.4319 0.8090 0.1288 0.4129 0.7633 0.6714 0.7723
094 095 096 0.5028 0.8924 0.6631 0.1941 0.0959 0.4483 0.4148 0.1478
095 096 097 0.5641 0.0781 0.3454 0.6672 0.4733 0.4191 0.8489 0.8326
096 097 098 0.6862 0.5881 0.4698 0.3571 0.1980 0.0605 0.2638 0.7313
097 098 099 0.8956 0.6463 0.0639 0.8625 0.1576 0.8826 0.0863 0.4700
098 099 100 0.5134 0.1985 0.4236 0.6954 0.9314 0.2551 0.8013 0.0282
099 100 101 0.8877 0.1184 0.7986 0.4865 0.4321 0.2219 0.4763 0.8028
100 101 102 0.1162 0.2238 0.6941 0.2503 0.9317 0.4392 0.1278 0.4784
101 102 103 0.6085 0.1354 0.6101 0.9406 0.0737 0.9287 0.5971 0.0468
102 103 104 0.0699 0.3582 0.0662 0.1507 0.5731 0.4498 0.7882 0.6339
103 104 105 0.5202 0.9457 0.5321 0.2772 0.5134 0.7332 0.7080 0.8011
104 105 106 0.3070 0.7438 0.5830 0.3460 0.0499 0.4387 0.6469 0.7258
105 106 107 0.8413 0.8558 0.3942 0.9600 0.8494 0.2288 0.6026 0.1559
106 107 108 0.1671 0.5410 0.9499 0.2791 0.5232 0.8560 0.2353 0.5342
107 108 109 0.5584 0.7995 0.6257 0.9368 0.0713 0.4892 0.3330 0.4884
108 109 110 0.2342 0.4932 0.4465 0.4173 0.5203 0.4975 0.8980 0.3485
109 110 111 0.2804 0.3579 0.9159 0.7498 0.4904 0.3772 0.2310 0.1743
110 111 112 0.9559 0.4672 0.7809 0.6508 0.3689 0.5449 0.9822 0.4685
111 112 113 0.4762 0.3657 0.7209 0.1224 0.7573 0.0704 0.5387 0.2933
112 113 114 0.3242 0.5198 0.2375 0.3369 0.2076 0.9258 0.4882 0.9478
113 114 115 0.0696 0.6342 0.8750 0.3602 0.0493 0.9071 0.9561 0.9320
114 115 116 0.6435 0.6087 0.2080 0.3034 0.0004 0.3102 0.9859 0.3560
115 116 117 0.0810 0.1764 0.3737 0.2383 0.5058 0.2554 0.8851 0.9685
116 117 118 0.3859 0.8082 0.5860 0.7621 0.5877 0.8764 0.9986 0.9344
117 118 119 0.5567 0.4750 0.9317 0.4502 0.8581 0.7146 0.1017 0.9600
118 119 120 0.3964 0.0327 0.6109 0.2305 0.1699 0.6061 0.9008 0.8586
119 120 121 0.5724 0.1486 0.4776 0.1910 0.6190 0.9425 0.7701 0.5269
120 121 122 0.8203 0.4214 0.8932 0.8185 0.2482 0.2263 0.3878 0.4248
121 122 123 0.1956 0.6610 0.8846 0.0494 0.5921 0.5930 0.9068 0.8180
122 123 124 0.0509 0.1514 0.0059 0.7667 0.5456 0.2567 0.7860 0.4580
123 124 125 0.6721 0.7843 0.1526 0.0643 0.9877 0.0335 0.5508 0.1187
124 125 126 0.5113 0.0997 0.6507 0.8162 0.2729 0.8983 0.8831 0.9914
125 126 127 0.3340 0.7521 0.0644 0.0240 0.7215 0.1191 0.7957 0.2449
126 127 128 0.9554 0.6847 0.6884 0.8189 0.0983 0.6879 0.1043 0.8323
127 128 129 0.5646 0.0668 0.4206 0.8459 0.2489 0.0711 0.1624 0.7587
128 129 130 0.9356 0.3061 0.5663 0.1483 0.7981 0.5688 0.6015 0.1417
129 130 131 0.4421 0.5663 0.3977 0.7305 0.6880 0.3319 0.5076 0.8117
130 131 132 0.3048 0.2612 0.4481 0.3596 0.0112 0.3127 0.2466 0.5526
131 132 133 0.4614 0.2881 0.2259 0.9799 0.8007 0.6714 0.1802 0.9134
132 133 134 0.6453 0.8960 0.5554 0.6115 0.5510 0.3388 0.1617 0.9095
133 134 135 0.6647 0.4182 0.4779 0.7836 0.9394 0.9123 0.9506 0.8901
134 135 136 0.7557 0.5626 0.0336 0.5573 0.8010 0.7865 0.3074 0.7349
135 136 137 0.6390 0.7307 0.2533 0.8481 0.8442 0.3936 0.2705 0.5652
136 137 138 0.2934 0.0243 0.8225 0.8901 0.0531 0.7947 0.1831 0.9770
137 138 139 0.9487 0.1473 0.5410 0.9416 0.3699 0.9738 0.0574 0.1613
138 139 140 0.1882 0.6264 0.9461 0.1104 0.9080 0.8789 0.5120 0.4516
139 140 141 0.8675 0.2116 0.3898 0.4562 0.0481 0.5472 0.4075 0.7366
140 141 142 0.0167 0.1195 0.1999 0.5588 0.5577 0.4228 0.0373 0.8691
141 142 143 0.6864 0.5708 0.9451 0.5752 0.5410 0.0577 0.4855 0.9789
142 143 144 0.3900 0.7281 0.6769 0.6915 0.3628 0.1461 0.6275 0.0108
143 144 145 0.8717 0.5755 0.2448 0.0244 0.4782 0.2273 0.3480 0.2124
144 145 146 0.0482 0.6842 0.5434 0.2132 0.7526 0.9224 0.2277 0.8651
145 146 147 0.6294 0.9687 0.7163 0.2877 0.2931 0.6908 0.7054 0.9046
146 147 148 0.8774 0.7812 0.1592 0.7356 0.5430 0.4082 0.7491 0.4108
147 148 149 0.7858 0.3447 0.4238 0.5954 0.0104 0.4079 0.8055 0.3383
148 149 150 0.2220 0.0582 0.2100 0.1147 0.0518 0.3037 0.2235 0.1167
149 150 151 0.4383 0.9748 0.8275 0.7780 0.4143 0.6179 0.5300 0.0489
150 151 152 0.6414 0.0439 0.0624 0.2578 0.9973 0.9059 0.4292 0.2628
151 152 153 0.1131 0.3282 0.0781 0.5848 0.5447 0.0161 0.6976 0.7774
152 153 154 0.1739 0.5861 0.1534 0.2971 0.6658 0.1518 0.1043 0.0003
153 154 155 0.6872 0.8939 0.0205 0.1425 0.5320 0.3956 0.1169 0.6137
154 155 156 0.3052 0.4565 0.6175 0.2483 0.5946 0.6575 0.4842 0.8061
155 156 157 0.5834 0.3122 0.0468 0.0219 0.0396 0.9185 0.7767 0.0357
156 157 158 0.5976 0.3424 0.7050 0.4587 0.9316 0.1998 0.7117 0.6573
157 158 159 0.4601 0.6869 0.1067 0.5160 0.9560 0.7309 0.8610 0.0643
158 159 160 0.8550 0.8310 0.6196 0.9740 0.2274 0.3218 0.2984 0.8207
159 160 161 0.7119 0.6069 0.0861 0.8323 0.5668 0.6894 0.1097 0.6669
160 161 162 0.0394 0.8392 0.0769 0.6556 0.2828 0.6321 0.7081 0.8178
161 162 163 0.7067 0.6012 0.3166 0.3666 0.0644 0.1264 0.0742 0.7856
162 163 164 0.5230 0.1902 0.4985 0.3130 0.7648 0.9440 0.7642 0.6803
163 164 165 0.8893 0.1070 0.0600 0.5438 0.8816 0.1250 0.1887 0.8779
164 165 166 0.0007 0.2517 0.4019 0.7708 0.1857 0.0169 0.3978 0.0449
165 166 167 0.9639 0.7446 0.8187 0.7708 0.6470 0.1816 0.2033 0.7967
166 167 168 0.8875 0.6516 0.8091 0.5863 0.7790 0.9874 0.6133 0.5308
167 168 169 0.5370 0.8734 0.2197 0.9921 0.4287 0.2620 0.4159 0.5156
168 169 170 0.1743 0.9431 0.9966 0.9123 0.2381 0.3613 0.9946 0.3559
169 170 171 0.7171 0.3370 0.3554 0.9652 0.2699 0.7218 0.3054 0.4533
170 171 172 0.3494 0.0362 0.0785 0.7534 0.4444 0.6180 0.4646 0.8496
171 172 173 0.9991 0.1859 0.2208 0.3865 0.0218 0.0955 0.1551 0.1701
172 173 174 0.3577 0.7801 0.6409 0.1684 0.0521 0.3168 0.0614 0.6566
173 174 175 0.4918 0.9626 0.7344 0.5987 0.2663 0.2196 0.4883 0.1472
174 175 176 0.9963 0.6924 0.9652 0.1895 0.5318 0.7568 0.3203 0.0084
175 176 177 0.1094 0.2346 0.5635 0.8967 0.9255 0.6577 0.5757 0.9635
176 177 178 0.2918 0.5073 0.8351 0.3157 0.2292 0.8336 0.9460 0.2905
177 178 179 0.2412 0.1142 0.3834 0.7185 0.4411 0.0880 0.4258 0.0268
178 179 180 0.9968 0.1426 0.5687 0.4616 0.0420 0.6623 0.6495 0.3969
179 180 181 0.8923 0.8930 0.4167 0.2501 0.6375 0.3713 0.3692 0.1223
180 181 182 0.3115 0.1307 0.9437 0.0982 0.3257 0.3904 0.4528 0.8119
181 182 183 0.4100 0.9270 0.2395 0.3910 0.9669 0.8862 0.3605 0.1418
182 183 184 0.9116 0.6564 0.7475 0.0504 0.0316 0.5100 0.5268 0.1525
183 184 185 0.2294 0.8628 0.7912 0.9126 0.9533 0.0270 0.9460 0.3675
184 185 186 0.1474 0.0899 0.3910 0.3409 0.5303 0.9715 0.0132 0.4875
185 186 187 0.2890 0.6718 0.2436 0.5822 0.1967 0.1263 0.8917 0.6309
186 187 188 0.7988 0.6580 0.3756 0.4912 0.0274 0.9841 0.0134 0.9989
187 188 189 0.6786 0.1398 0.1088 0.5390 0.9197 0.9914 0.3484 0.1374
188 189 190 0.0737 0.8279 0.6661 0.5164 0.4056 0.3214 0.5147 0.7180
189 190 191 0.6778 0.7631 0.3535 0.2245 0.9117 0.1757 0.5764 0.9443
190 191 192 0.5963 0.9305 0.9359 0.6558 0.4042 0.1851 0.5713 0.6694
191 192 193 0.9845 0.4023 0.2965 0.2667 0.1441 0.9633 0.8964 0.3720
192 193 194 0.6983 0.7690 0.3621 0.5132 0.2485 0.4036 0.8183 0.0146
193 194 195 0.9377 0.8339 0.2203 0.6801 0.1330 0.0645 0.6230 0.9046
194 195 196 0.0512 0.4770 0.0655 0.9051 0.9226 0.7983 0.6509 0.7971
195 196 197 0.7229 0.9158 0.9187 0.5183 0.0223 0.4097 0.7335 0.7262
196 197 198 0.0735 0.1334 0.8319 0.8877 0.7168 0.3277 0.0878 0.3055
197 198 199 0.0553 0.8441 0.8735 0.9241 0.2340 0.7221 0.0572 0.2257
198 199 200 0.2076 0.6422 0.2348 0.6622 0.2928 0.5134 0.2546 0.1259
199 200 201 0.0824 0.8897 0.9192 0.1711 0.2490 0.4541 0.9533 0.6264
200 201 202 0.0495 0.0318 0.0716 0.1392 0.1740 0.8484 0.2049 0.2723
201 202 203 0.7921 0.4553 0.0133 0.8733 0.3497 0.7490 0.3240 0.4790
202 203 204 0.8986 0.4401 0.1870 0.6060 0.8448 0.5075 0.6736 0.6847
203 204 205 0.9077 0.6247 0.9631 0.0735 0.0195 0.2286 0.4568 0.7337
204 205 206 0.7656 0.6258 0.1968 0.6339 0.2840 0.7297 0.1647 0.2281
205 206 207 0.0609 0.3087 0.3723 0.8408 0.5773 0.4540 0.7328 0.6992
206 207 208 0.8119 0.8084 0.9242 0.2348 0.6486 0.7573 0.8845 0.0176
207 208 209 0.4441 0.6080 0.6825 0.2846 0.5520 0.7487 0.2821 0.8242
208 209 210 0.5480 0.2697 0.2724 0.8794 0.8488 0.4808 0.9264 0.2072
209 210 211 0.8258 0.0392 0.4734 0.4479 0.4672 0.5220 0.0099 0.9699
210 211 212 0.6964 0.3474 0.7890 0.8970 0.3407 0.7463 0.9233 0.4703
211 212 213 0.6477 0.4090 0.6880 0.9288 0.0346 0.9460 0.4532 0.3510
212 213 214 0.3380 0.6850 0.1451 0.7317 0.2779 0.7344 0.6035 0.5616
213 214 215 0.3625 0.1170 0.9791 0.8332 0.2194 0.4338 0.9832 0.9841
214 215 216 0.3038 0.1239 0.3406 0.7138 0.5261 0.6822 0.8215 0.8149
215 216 217 0.7085 0.6044 0.4274 0.8839 0.4307 0.4198 0.6198 0.2619
216 217 218 0.1135 0.6507 0.8548 0.1598 0.4287 0.6798 0.3049 0.8271
217 218 219 0.4599 0.2577 0.4894 0.0307 0.4617 0.9927 0.2689 0.9885
218 219 220 0.8874 0.1947 0.2117 0.9811 0.1116 0.2973 0.5988 0.9315
219 220 221 0.9278 0.0486 0.3686 0.9667 0.7940 0.0442 0.3668 0.0277
220 221 222 0.3632 0.2942 0.2907 0.8917 0.8264 0.8498 0.9945 0.3026
221 222 223 0.5898 0.8252 0.5402 0.2749 0.1737 0.3196 0.6828 0.7516
222 223 224 0.4323 0.5181 0.4010 0.8360 0.3068 0.3325 0.4568 0.1817
223 224 225 0.7223 0.7317 0.3598 0.8936 0.7188 0.9405 0.9083 0.5458
224 225 226 0.3000 0.3782 0.7726 0.8623 0.1827 0.7771 0.1176 0.3998
225 226 227 0.8903 0.4138 0.2879 0.9245 0.6676 0.5125 0.7290 0.4106
226 227 228 0.0650 0.9665 0.2413 0.6554 0.9724 0.9206 0.9534 0.3388
227 228 229 0.9307 0.4300 0.4155 0.0614 0.8943 0.3235 0.5087 0.3491
228 229 230 0.3603 0.5941 0.3129 0.0061 0.1737 0.7904 0.7136 0.6178
229 230 231 0.7873 0.2349 0.0939 0.5082 0.3048 0.8754 0.2368 0.9956
230 231 232 0.5615 0.9605 0.2841 0.2907 0.1700 0.7845 0.6783 0.3145
231 232 233 0.9844 0.1691 0.0803 0.9477 0.6267 0.0496 0.6215 0.4889
232 233 234 0.4029 0.0897 0.1168 0.4255 0.4504 0.6070 0.3272 0.0803
233 234 235 0.2038 0.2030 0.3969 0.3040 0.6566 0.2701 0.8015 0.9111
234 235 236 0.9428 0.6066 0.2865 0.6833 0.2393 0.1284 0.4885 0.5155
235 236 237 0.8327 0.9083 0.3524 0.2288 0.0522 0.3273 0.5254 0.1013
236 237 238 0.7078 0.2595 0.9276 0.6540 0.7367 0.2388 0.9622 0.4513
237 238 239 0.2041 0.1193 0.2531 0.4553 0.7607 0.1467 0.8290 0.6390
238 239 240 0.6572 0.8189 0.5021 0.6689 0.9906 0.1237 0.0126 0.2930
239 240 241 0.7020 0.2215 0.2646 0.1968 0.5445 0.3017 0.1197 0.2779
240 241 242 0.2782 0.5527 0.3819 0.7126 0.6578 0.2136 0.6973 0.1292
241 242 243 0.3537 0.6666 0.8158 0.9119 0.5855 0.4861 0.8657 0.2568
242 243 244 0.8889 0.9462 0.8998 0.6418 0.1931 0.9219 0.9939 0.3067
243 244 245 0.6328 0.0826 0.7292 0.6416 0.9176 0.2018 0.0899 0.3066
244 245 246 0.1213 0.5862 0.8442 0.7821 0.7527 0.3572 0.3508 0.8851
245 246 247 0.1327 0.2221 0.0935 0.8824 0.4919 0.3399 0.7980 0.6015
246 247 248 0.8615 0.4247 0.3972 0.0333 0.7148 0.9272 0.6217 0.9746
247 248 249 0.6107 0.6242 0.9027 0.1036 0.3078 0.8214 0.7599 0.5024
248 249 250 0.4533 0.4598 0.7186 0.9109 0.0439 0.6776 0.0541 0.0794
249 250 251 0.9373 0.2041 0.3206 0.5530 0.5241 0.2250 0.8208 0.0782
250 251 252 0.9436 0.3700 0.6995 0.7984 0.8646 0.5624 0.9714 0.6796
251 252 253 0.5147 0.1610 0.8092 0.3431 0.8395 0.4399 0.1517 0.8415
252 253 254 0.8309 0.0235 0.6222 0.2849 0.6994 0.5852 0.4219 0.5745
253 254 255 0.0421 0.7139 0.3756 0.8458 0.2119 0.6340 0.6141 0.4185
254 255 256 0.6817 0.8722 0.3926 0.2724 0.8618 0.4783 0.7968 0.3624
255 256 257 0.0643 0.0371 0.5975 0.5035 0.1834 0.9169 0.7430 0.5622
256 257 258 0.9472 0.2084 0.7564 0.0884 0.3106 0.7505 0.5373 0.9736
257 258 259 0.3413 0.8491 0.4583 0.5364 0.0310 0.3058 0.6269 0.5164
258 259 260 0.2799 0.1523 0.2499 0.2315 0.1826 0.4298 0.4143 0.9819
259 260 261 0.6884 0.7260 0.2773 0.5546 0.3160 0.2610 0.8957 0.5867
260 261 262 0.0219 0.5476 0.1754 0.5527 0.6254 0.5096 0.1635 0.6833
261 262 263 0.0888 0.7766 0.5612 0.6047 0.3940 0.8704 0.6979 0.2395
262 263 264 0.8870 0.3748 0.6619 0.7496 0.5173 0.7604 0.8509 0.0953
263 264 265 0.3263 0.2790 0.2490 0.9142 0.6442 0.9653 0.7085 0.0720
264 265 266 0.0100 0.0372 0.1407 0.0466 0.2871 0.7057 0.5180 0.3581
265 266 267 0.9946 0.2429 0.6150 0.2509 0.8090 0.6864 0.5698 0.6481
266 267 268 0.0996 0.3452 0.3083 0.4559 0.9006 0.1116 0.0917 0.9845
267 268 269 0.2674 0.2340 0.5286 0.3810 0.4933 0.6352 0.7660 0.1163
268 269 270 0.4987 0.0511 0.8168 0.2536 0.1944 0.9735 0.3226 0.5531
269 270 271 0.1671 0.1344 0.1384 0.9614 0.6504 0.9049 0.6025 0.6657
270 271 272 0.8927 0.8157 0.3387 0.1357 0.5418 0.3846 0.4426 0.4672
271 272 273 0.2126 0.7426 0.1019 0.6666 0.1658 0.7252 0.6428 0.3231
272 273 274 0.8073 0.8902 0.4604 0.1723 0.2994 0.4688 0.7730 0.6443
273 274 275 0.6069 0.3171 0.1720 0.8678 0.3639 0.3198 0.9075 0.4043
274 275 276 0.5662 0.4924 0.4398 0.4373 0.8858 0.4673 0.0037 0.1091
275 276 277 0.6877 0.1197 0.0644 0.3438 0.3700 0.6890 0.1170 0.0152
276 277 278 0.7074 0.1297 0.4586 0.6935 0.7374 0.8944 0.5085 0.1654
277 278 000 0.8323 0.0242 0.9204 0.4727 0.3946 0.9459 0.7043 0.9188
278 000 001 0.0545 0.3728 0.0436 0.1451 0.4616 0.8400 0.0268 0.5419
