279 155682 3 279
000 001 002 0.6091 0.8937 0.8515 0.6160 0.4057 0.2951 0.8954 0.0099
001 002 003 0.5131 0.8816 0.2243 0.8634 0.4213 0.2086 0.3743 0.7033
002 003 004 0.2799 0.8474 0.5814 0.4143 0.2074 0.7409 0.9295 0.4662
003 004 005 0.2572 0.7326 0.0388 0.5407 0.1170 0.9627 0.5062 0.6646
004 005 006 0.0096 0.7879 0.6551 0.8975 0.2343 0.3884 0.2183 0.2926
005 006 007 0.6549 0.3501 0.7924 0.3807 0.5014 0.6794 0.6641 0.4542
006 007 008 0.2589 0.3292 0.0762 0.7267 0.6376 0.3841 0.1901 0.9214
007 008 009 0.7315 0.2731 0.7470 0.7583 0.4049 0.3212 0.7792 0.3347
008 009 010 0.3680 0.1644 0.1116 0.1292 0.1452 0.4496 0.7723 0.1241
009 010 011 0.0049 0.4049 0.0826 0.6249 0.1890 0.7068 0.0020 0.8428
010 011 012 0.4520 0.4932 0.5344 0.2125 0.9081 0.9301 0.9450 0.5109
011 012 013 0.9602 0.1081 0.0208 0.4233 0.8084 0.7005 0.1147 0.6281
012 013 014 0.4794 0.4476 0.5448 0.4032 0.5038 0.0383 0.1940 0.7091
013 014 015 0.6238 0.9513 0.1636 0.8050 0.3566 0.1899 0.0385 0.9940
014 015 016 0.5383 0.2738 0.4701 0.6705 0.0424 0.8508 0.0350 0.0136
015 016 017 0.7373 0.0688 0.7361 0.7322 0.5230 0.3386 0.2409 0.1819
016 017 018 0.4215 0.0284 0.5420 0.6850 0.8852 0.2997 0.7253 0.2872
017 018 019 0.7028 0.6556 0.5285 0.5955 0.7489 0.7406 0.4118 0.7140
018 019 020 0.0342 0.3207 0.5910 0.7846 0.6213 0.3095 0.5973 0.6596
019 020 021 0.2610 0.7450 0.0787 0.2594 0.5589 0.7029 0.7173 0.3383
020 021 022 0.1663 0.8903 0.8083 0.3982 0.2383 0.9302 0.4908 0.1083
021 022 023 0.4978 0.5210 0.1545 0.9260 0.4582 0.6290 0.2988 0.8029
022 023 024 0.8491 0.9822 0.4307 0.8614 0.9359 0.6490 0.2506 0.1823
023 024 025 0.6804 0.0700 0.2900 0.3061 0.7463 0.8036 0.0740 0.9958
024 025 026 0.3057 0.8725 0.8393 0.3712 0.3001 0.1639 0.2963 0.1364
025 026 027 0.5839 0.4445 0.6185 0.8207 0.0745 0.6029 0.7256 0.0415
026 027 028 0.2474 0.4505 0.3948 0.8651 0.9437 0.6013 0.2802 0.5906
027 028 029 0.8255 0.8564 0.8844 0.1211 0.1924 0.1384 0.9383 0.2873
028 029 030 0.0780 0.9059 0.3298 0.1237 0.3660 0.2694 0.9423 0.8715
029 030 031 0.4007 0.4236 0.5220 0.5780 0.2614 0.2649 0.0409 0.3503
030 031 032 0.7423 0.3567 0.6385 0.3175 0.9334 0.9560 0.6464 0.2186
031 032 033 0.6566 0.5260 0.8549 0.7118 0.1295 0.0684 0.7119 0.1933
032 033 034 0.5143 0.1981 0.3248 0.8502 0.6340 0.1539 0.0736 0.2877
033 034 035 0.2330 0.7307 0.8819 0.3717 0.9651 0.6452 0.3534 0.1455
034 035 036 0.3429 0.5824 0.3975 0.9117 0.2939 0.2396 0.2347 0.3729
035 036 037 0.3491 0.3023 0.8874 0.9010 0.2883 0.5766 0.4406 0.1200
036 037 038 0.0510 0.3505 0.0028 0.3993 0.4268 0.7071 0.7016 0.0591
037 038 039 0.8015 0.6701 0.0600 0.7815 0.7731 0.4493 0.6740 0.6991
038 039 040 0.0985 0.2902 0.5937 0.6433 0.3027 0.8958 0.5018 0.2399
039 040 041 0.7980 0.7638 0.6381 0.7322 0.4760 0.2868 0.8263 0.2761
040 041 042 0.5087 0.8169 0.5913 0.3163 0.5227 0.1870 0.0760 0.3946
041 042 043 0.8527 0.7174 0.5053 0.3636 0.6070 0.3064 0.6281 0.1713
042 043 044 0.3168 0.7906 0.2848 0.8006 0.3190 0.5422 0.7596 0.4294
043 044 045 0.6519 0.8972 0.9403 0.2106 0.7541 0.8388 0.4796 0.7200
044 045 046 0.3012 0.0202 0.8039 0.5736 0.9879 0.4805 0.6953 0.8218
045 046 047 0.9043 0.2051 0.9805 0.8600 0.5411 0.6363 0.8670 0.9356
046 047 048 0.6037 0.9486 0.3066 0.7655 0.2239 0.8759 0.2426 0.4742
047 048 049 0.3264 0.9018 0.5143 0.8714 0.4006 0.3469 0.3627 0.4665
048 049 050 0.6376 0.6905 0.8997 0.1187 0.8368 0.8851 0.4800 0.6082
049 050 051 0.2404 0.0883 0.6197 0.0091 0.2949 0.3328 0.0545 0.2669
050 051 052 0.0697 0.3453 0.9843 0.3657 0.3830 0.9574 0.1318 0.4922
051 052 053 0.4470 0.2543 0.9403 0.2234 0.0618 0.4661 0.2393 0.1702
052 053 054 0.8758 0.3897 0.2801 0.8613 0.4953 0.3747 0.3894 0.8492
053 054 055 0.6057 0.5596 0.1433 0.4223 0.7289 0.0957 0.0343 0.4714
054 055 056 0.9848 0.1067 0.7595 0.5480 0.0212 0.5501 0.3806 0.7454
055 056 057 0.3377 0.4306 0.7387 0.1792 0.9357 0.4892 0.0157 0.7325
056 057 058 0.8048 0.2482 0.5332 0.5372 0.5297 0.6484 0.8513 0.7184
057 058 059 0.7299 0.6081 0.7677 0.2053 0.0388 0.8661 0.8951 0.6603
058 059 060 0.5404 0.6890 0.9861 0.2091 0.5613 0.1956 0.0995 0.6217
059 060 061 0.9648 0.7933 0.8360 0.4241 0.0411 0.5562 0.2989 0.7435
060 061 062 0.8987 0.2500 0.5093 0.1901 0.3239 0.9302 0.9453 0.6379
061 062 063 0.5655 0.1837 0.9043 0.7063 0.6033 0.5163 0.1704 0.3499
062 063 064 0.5497 0.2424 0.3703 0.4996 0.9844 0.7823 0.9754 0.7041
063 064 065 0.0698 0.5327 0.3051 0.0952 0.3736 0.2260 0.3115 0.0091
064 065 066 0.9116 0.1439 0.4066 0.8176 0.6933 0.7683 0.1866 0.9225
065 066 067 0.0667 0.4537 0.5603 0.9734 0.9978 0.3991 0.9125 0.7282
066 067 068 0.8138 0.7348 0.3172 0.7444 0.0964 0.0685 0.4779 0.6406
067 068 069 0.8217 0.7033 0.3078 0.7676 0.0374 0.2008 0.9393 0.1697
068 069 070 0.3907 0.1598 0.0283 0.4138 0.5235 0.4978 0.3023 0.8901
069 070 071 0.1567 0.8299 0.0931 0.8326 0.6520 0.3861 0.1759 0.9811
070 071 072 0.5898 0.0888 0.6187 0.3896 0.3185 0.7257 0.2040 0.1506
071 072 073 0.1333 0.7287 0.8439 0.0784 0.2281 0.0076 0.9995 0.6988
072 073 074 0.3767 0.8553 0.9771 0.0482 0.7012 0.8640 0.5975 0.7952
073 074 075 0.3211 0.8348 0.1335 0.6176 0.5941 0.2464 0.7168 0.1912
074 075 076 0.5777 0.3225 0.3906 0.4001 0.1979 0.7263 0.6357 0.8204
075 076 077 0.1521 0.2236 0.0298 0.5298 0.3662 0.9110 0.1886 0.9829
076 077 078 0.6824 0.3228 0.1566 0.9697 0.9421 0.2247 0.1801 0.5803
077 078 079 0.7512 0.1313 0.2854 0.3674 0.6567 0.6354 0.7632 0.9233
078 079 080 0.1001 0.4285 0.8354 0.6670 0.0503 0.6503 0.3068 0.1751
079 080 081 0.9534 0.9731 0.2685 0.3283 0.8327 0.6366 0.3573 0.6084
080 081 082 0.7723 0.7218 0.1680 0.4349 0.7204 0.3883 0.9922 0.9816
081 082 083 0.2633 0.3228 0.5338 0.3352 0.7445 0.0822 0.9284 0.9334
082 083 084 0.5577 0.5217 0.1391 0.5135 0.0414 0.1827 0.9361 0.1966
083 084 085 0.5331 0.0526 0.8497 0.8692 0.6971 0.3457 0.4248 0.9292
084 085 086 0.7431 0.5011 0.2986 0.5235 0.3035 0.8162 0.8021 0.7968
085 086 087 0.3207 0.3924 0.4600 0.6923 0.1656 0.8101 0.5903 0.2362
086 087 088 0.0067 0.8709 0.0275 0.8693 0.7777 0.2061 0.9843 0.6570
087 088 089 0.3230 0.5832 0.0969 0.0202 0.3669 0.3141 0.6355 0.7368
088 089 090 0.3613 0.4777 0.8352 0.7419 0.5635 0.5760 0.1786 0.7212
089 090 091 0.8542 0.8956 0.6622 0.5669 0.9765 0.8833 0.8982 0.0908
090 091 092 0.2315 0.5395 0.7838 0.1804 0.0607 0.2555 0.9691 0.9534
091 092 093 0.4330 0.9893 0.7641 0.8728 0.3308 0.4202 0.5037 0.8264
092 093 094 0.8060 0.1817 0.9197 0.8986 0.6884 0.7677 0.8229 0.2720
093 094 095 0.3840 0.3948 0.0759 0.6662 0.6576 0.8477 0.8038 0.4511
094 095 096 0.2649 0.1791 0.6362 0.4435 0.2249 0.6955 0.4494 0.4419
095 096 097 0.2492 0.3913 0.2472 0.9629 0.0864 0.8471 0.6636 0.9030
096 097 098 0.9460 0.4490 0.1810 0.8951 0.0558 0.4213 0.8878 0.3873
097 098 099 0.9253 0.6154 0.3542 0.2082 0.6261 0.9614 0.3395 0.9220
098 099 100 0.1146 0.2563 0.1136 0.0493 0.6335 0.6333 0.5362 0.4526
099 100 101 0.6277 0.2105 0.4802 0.4367 0.4664 0.3693 0.7122 0.1518
100 101 102 0.7558 0.2893 0.9882 0.8850 0.2820 0.0756 0.9840 0.9361
101 102 103 0.5860 0.9750 0.8324 0.4072 0.9279 0.4513 0.0963 0.1387
102 103 104 0.4848 0.2202 0.5902 0.1166 0.2635 0.4151 0.8160 0.6535
103 104 105 0.3076 0.4022 0.5981 0.5816 0.6896 0.1716 0.0863 0.8098
104 105 106 0.0273 0.9526 0.5258 0.8320 0.0398 0.5651 0.1040 0.5105
105 106 107 0.3654 0.8967 0.4887 0.4050 0.2903 0.0710 0.7198 0.9862
106 107 108 0.9051 0.0863 0.2051 0.6713 0.4897 0.1860 0.2480 0.1397
107 108 109 0.7667 0.1729 0.0196 0.6191 0.8533 0.2103 0.3965 0.2389
108 109 110 0.7249 0.7090 0.0950 0.2401 0.9266 0.7284 0.4898 0.3069
109 110 111 0.9998 0.9575 0.5552 0.1094 0.1452 0.2120 0.9770 0.6128
110 111 112 0.9061 0.5363 0.2372 0.3175 0.0559 0.2709 0.0136 0.6514
111 112 113 0.0237 0.5619 0.8915 0.8106 0.0106 0.2592 0.1959 0.4914
112 113 114 0.5825 0.9891 0.5360 0.0782 0.5751 0.9492 0.3257 0.7909
113 114 115 0.7579 0.4693 0.5964 0.3393 0.2010 0.0277 0.6986 0.0175
114 115 116 0.4873 0.2907 0.6371 0.3671 0.3620 0.0029 0.1827 0.9347
115 116 117 0.8754 0.0492 0.4129 0.2262 0.0180 0.5083 0.8581 0.5618
116 117 118 0.6831 0.7928 0.4592 0.5734 0.2642 0.3142 0.8762 0.3832
117 118 119 0.0844 0.9264 0.6301 0.1796 0.6625 0.3314 0.4000 0.5498
118 119 120 0.2031 0.3277 0.5522 0.8226 0.7142 0.7458 0.4939 0.2602
119 120 121 0.0215 0.6792 0.6937 0.6456 0.3769 0.7570 0.1606 0.4831
120 121 122 0.2883 0.3354 0.5378 0.6328 0.9180 0.9945 0.2147 0.0924
121 122 123 0.2733 0.3759 0.0730 0.1200 0.0579 0.1182 0.7978 0.2357
122 123 124 0.2026 0.6893 0.7722 0.3722 0.2646 0.0989 0.5109 0.0407
123 124 125 0.9723 0.0212 0.9701 0.9260 0.2714 0.3134 0.1405 0.9943
124 125 126 0.4128 0.0432 0.7191 0.6843 0.9595 0.3130 0.4461 0.6894
125 126 127 0.2797 0.4616 0.3277 0.7285 0.0489 0.1444 0.4584 0.7772
126 127 128 0.0553 0.9250 0.3836 0.7737 0.6795 0.9617 0.4050 0.0872
127 128 129 0.7775 0.6178 0.5629 0.4617 0.4236 0.5508 0.2718 0.7216
128 129 130 0.2630 0.7178 0.9147 0.6295 0.9607 0.9909 0.5364 0.5020
129 130 131 0.5373 0.2200 0.7942 0.2880 0.4898 0.0055 0.3115 0.5670
130 131 132 0.8358 0.7365 0.1865 0.4995 0.5246 0.3528 0.9232 0.6298
131 132 133 0.3589 0.6779 0.5208 0.8871 0.4990 0.8956 0.9648 0.1488
132 133 134 0.2932 0.8241 0.7002 0.3726 0.7429 0.7928 0.3229 0.1882
133 134 135 0.8003 0.1849 0.7650 0.3535 0.7294 0.7977 0.4746 0.6200
134 135 136 0.0183 0.9933 0.1476 0.0889 0.1791 0.4454 0.0120 0.3096
135 136 137 0.9664 0.2741 0.2083 0.0675 0.3599 0.0938 0.3614 0.0526
136 137 138 0.9780 0.2563 0.2702 0.0688 0.4169 0.0816 0.6383 0.3459
137 138 139 0.5230 0.9043 0.2360 0.4768 0.9105 0.9576 0.1309 0.5863
138 139 140 0.8199 0.4634 0.9826 0.5978 0.8903 0.9297 0.7578 0.4389
139 140 141 0.7348 0.2860 0.4741 0.1994 0.5039 0.1821 0.6523 0.8950
140 141 142 0.1839 0.7071 0.2710 0.5250 0.2629 0.2877 0.6110 0.5469
141 142 143 0.6599 0.8770 0.7246 0.6038 0.5531 0.9658 0.4437 0.6591
142 143 144 0.2619 0.9227 0.0442 0.0174 0.8614 0.9331 0.7858 0.5553
143 144 145 0.0138 0.9579 0.2207 0.6688 0.6459 0.1303 0.9755 0.2674
144 145 146 0.8116 0.0917 0.7846 0.5719 0.6925 0.8184 0.5809 0.2348
145 146 147 0.8080 0.0650 0.0616 0.0612 0.5276 0.3692 0.2127 0.3614
146 147 148 0.9867 0.1209 0.9146 0.1677 0.4284 0.3491 0.4755 0.5384
147 148 149 0.0887 0.3421 0.3221 0.9911 0.3289 0.8288 0.5572 0.4949
148 149 150 0.5545 0.0580 0.2554 0.2741 0.1737 0.4729 0.6503 0.7855
149 150 151 0.9840 0.2007 0.9193 0.2854 0.3349 0.0076 0.8182 0.0441
150 151 152 0.7095 0.3362 0.1112 0.8899 0.4550 0.0451 0.5544 0.1203
151 152 153 0.2117 0.7064 0.1868 0.7877 0.9705 0.3521 0.5919 0.5984
152 153 154 0.9123 0.1417 0.0245 0.6112 0.5221 0.1724 0.2935 0.5573
153 154 155 0.6821 0.2208 0.6823 0.1458 0.7222 0.7152 0.6132 0.8366
154 155 156 0.0286 0.7790 0.3069 0.8151 0.1516 0.6401 0.4353 0.1738
155 156 157 0.5738 0.1117 0.2577 0.5420 0.2578 0.2714 0.3179 0.5448
156 157 158 0.5749 0.1884 0.3747 0.6242 0.3887 0.2248 0.9258 0.8026
157 158 159 0.5270 0.6170 0.7702 0.3058 0.4220 0.5114 0.6742 0.2248
158 159 160 0.6293 0.3389 0.0921 0.0788 0.8957 0.5755 0.9212 0.2750
159 160 161 0.8936 0.6318 0.1785 0.0680 0.7961 0.2637 0.4586 0.0958
160 161 162 0.5879 0.1220 0.1793 0.7060 0.8209 0.0617 0.9621 0.4667
161 162 163 0.0777 0.7688 0.4523 0.7861 0.6723 0.0530 0.7143 0.2419
162 163 164 0.5168 0.2606 0.9994 0.8237 0.1430 0.9675 0.6656 0.0781
163 164 165 0.3222 0.0395 0.6533 0.8212 0.8725 0.1474 0.2979 0.7272
164 165 166 0.0402 0.5337 0.9626 0.9949 0.7265 0.6372 0.1462 0.3342
165 166 167 0.4679 0.5797 0.6095 0.9961 0.2811 0.9314 0.2355 0.2560
166 167 168 0.6026 0.6864 0.5284 0.4696 0.5270 0.1682 0.5439 0.1048
167 168 169 0.5506 0.0525 0.2108 0.4363 0.5213 0.6952 0.4257 0.6164
168 169 170 0.4592 0.4481 0.6194 0.6776 0.7755 0.5314 0.0495 0.0486
169 170 171 0.6280 0.5135 0.5155 0.9913 0.7334 0.1826 0.0891 0.2765
170 171 172 0.0889 0.0210 0.9182 0.7747 0.8155 0.3014 0.7690 0.0380
171 172 173 0.5862 0.9854 0.5646 0.7141 0.0046 0.0215 0.6701 0.4215
172 173 174 0.3821 0.5051 0.2551 0.3928 0.2225 0.4229 0.4919 0.4579
173 174 175 0.6360 0.3105 0.4713 0.1344 0.6004 0.6993 0.0793 0.6697
174 175 176 0.0064 0.5560 0.3689 0.0429 0.8354 0.0723 0.3918 0.6160
175 176 177 0.2731 0.0408 0.8169 0.2197 0.6368 0.6851 0.3806 0.7776
176 177 178 0.7599 0.0077 0.8315 0.1089 0.1607 0.4143 0.6487 0.0301
177 178 179 0.7330 0.1668 0.7007 0.7260 0.6913 0.7828 0.8503 0.8289
178 179 180 0.9421 0.0803 0.2313 0.6556 0.8983 0.6253 0.4219 0.4914
179 180 181 0.5985 0.1023 0.0099 0.8010 0.7715 0.5992 0.4502 0.2384
180 181 182 0.3761 0.8961 0.7532 0.2458 0.7960 0.2071 0.4161 0.8819
181 182 183 0.5415 0.2615 0.7107 0.5847 0.4025 0.7019 0.2177 0.1350
182 183 184 0.0473 0.3539 0.7720 0.5494 0.7304 0.4299 0.5239 0.1112
183 184 185 0.4519 0.0170 0.6782 0.6097 0.6983 0.0187 0.1630 0.2167
184 185 186 0.4147 0.2428 0.1221 0.1041 0.6829 0.8976 0.8204 0.6667
185 186 187 0.7140 0.0931 0.2871 0.8283 0.8605 0.0328 0.6020 0.5967
186 187 188 0.0789 0.4774 0.7480 0.5777 0.1292 0.1640 0.7220 0.2944
187 188 189 0.5089 0.5875 0.8631 0.3413 0.3014 0.7927 0.4664 0.6344
188 189 190 0.4807 0.7143 0.6972 0.2924 0.8670 0.9928 0.3351 0.9779
189 190 191 0.6735 0.0014 0.5224 0.8185 0.2822 0.3885 0.9981 0.3125
190 191 192 0.7311 0.1189 0.6153 0.6179 0.5646 0.7014 0.6282 0.9844
191 192 193 0.8674 0.3188 0.0478 0.8137 0.9168 0.1584 0.3172 0.7901
192 193 194 0.5476 0.8274 0.0873 0.2916 0.2399 0.6139 0.0820 0.1148
193 194 195 0.9313 0.0332 0.0314 0.4121 0.7293 0.0010 0.7056 0.9450
194 195 196 0.9091 0.4581 0.3208 0.6962 0.8447 0.3295 0.8857 0.1516
195 196 197 0.8393 0.3377 0.3269 0.1902 0.8955 0.2225 0.2551 0.0045
196 197 198 0.0382 0.8330 0.2310 0.6572 0.6751 0.7256 0.9807 0.4851
197 198 199 0.9140 0.1781 0.6404 0.3028 0.9294 0.7658 0.0246 0.0219
198 199 200 0.8040 0.2642 0.9687 0.7212 0.1705 0.2349 0.5696 0.8337
199 200 201 0.4665 0.7695 0.2845 0.6477 0.3251 0.4236 0.7614 0.7864
200 201 202 0.9934 0.8049 0.1537 0.7082 0.2466 0.5317 0.3638 0.7572
201 202 203 0.8885 0.4380 0.1432 0.9739 0.8766 0.1629 0.9607 0.1254
202 203 204 0.5586 0.6626 0.5777 0.6380 0.0142 0.2481 0.6943 0.0224
203 204 205 0.4953 0.1276 0.4270 0.6431 0.3866 0.3661 0.0134 0.1781
204 205 206 0.6935 0.8951 0.9254 0.1594 0.9359 0.0904 0.2222 0.4653
205 206 207 0.1621 0.7244 0.4217 0.6495 0.1249 0.6518 0.8707 0.3970
206 207 208 0.2494 0.1815 0.0608 0.3191 0.1070 0.6191 0.1523 0.0324
207 208 209 0.7534 0.2922 0.1321 0.7403 0.2762 0.3577 0.4439 0.8288
208 209 210 0.4654 0.3093 0.4531 0.2925 0.0064 0.0157 0.6589 0.4880
209 210 211 0.3517 0.9560 0.6593 0.1508 0.3563 0.2028 0.3592 0.6775
210 211 212 0.7189 0.4019 0.3367 0.6148 0.9819 0.3316 0.0551 0.1157
211 212 213 0.9436 0.1476 0.4305 0.6304 0.9068 0.2222 0.2274 0.3719
212 213 214 0.7718 0.9905 0.4609 0.4901 0.6281 0.1870 0.7798 0.2005
213 214 215 0.3882 0.8417 0.5287 0.5522 0.7404 0.3242 0.0764 0.4636
214 215 216 0.8033 0.9134 0.8331 0.7721 0.3051 0.3372 0.3510 0.0278
215 216 217 0.2539 0.8594 0.1731 0.8909 0.5071 0.8284 0.8707 0.8462
216 217 218 0.3580 0.2607 0.1257 0.4898 0.0025 0.6682 0.8909 0.4220
217 218 219 0.7434 0.5993 0.9510 0.7734 0.2836 0.0646 0.1164 0.4428
218 219 220 0.5831 0.3575 0.4988 0.4880 0.8998 0.1632 0.8140 0.8659
219 220 221 0.3954 0.1964 0.1066 0.8444 0.1631 0.0983 0.3413 0.6049
220 221 222 0.2378 0.0411 0.4510 0.2616 0.7272 0.7252 0.0495 0.0238
221 222 223 0.1821 0.2072 0.7353 0.6539 0.2526 0.3572 0.4754 0.5797
222 223 224 0.3716 0.6559 0.7410 0.9269 0.5910 0.5637 0.2493 0.3132
223 224 225 0.9569 0.8128 0.1388 0.7283 0.5858 0.2032 0.9225 0.9103
224 225 226 0.5061 0.4716 0.0633 0.9857 0.6864 0.0398 0.3851 0.8932
225 226 227 0.2137 0.1181 0.5547 0.0620 0.0625 0.6186 0.3573 0.5953
226 227 228 0.2095 0.7800 0.8407 0.1060 0.4428 0.1427 0.6487 0.8790
227 228 229 0.1091 0.5772 0.1865 0.2585 0.0553 0.9145 0.6085 0.1441
228 229 230 0.3496 0.9431 0.9634 0.8021 0.2606 0.4007 0.2835 0.5486
229 230 231 0.4042 0.4443 0.5454 0.2063 0.3065 0.3465 0.2495 0.2030
230 231 232 0.4176 0.8196 0.5234 0.7312 0.4592 0.3277 0.2040 0.0805
231 232 233 0.9941 0.6467 0.7154 0.6801 0.3973 0.9526 0.5719 0.5897
232 233 234 0.9764 0.1398 0.1344 0.5978 0.4196 0.8017 0.9116 0.7996
233 234 235 0.1664 0.4977 0.4806 0.1727 0.3133 0.4387 0.5837 0.4902
234 235 236 0.9488 0.5432 0.2118 0.0504 0.3793 0.1342 0.3251 0.7202
235 236 237 0.5665 0.3477 0.9991 0.4719 0.3315 0.6516 0.2909 0.8899
236 237 238 0.5309 0.2323 0.8534 0.1493 0.4063 0.7812 0.6501 0.4599
237 238 239 0.2743 0.4363 0.6740 0.8736 0.6075 0.7454 0.0518 0.8714
238 239 240 0.6634 0.3793 0.6792 0.3955 0.3743 0.9705 0.0991 0.7426
239 240 241 0.8603 0.3093 0.8715 0.8210 0.5552 0.3477 0.0658 0.3492
240 241 242 0.4010 0.8426 0.1555 0.5965 0.0894 0.6606 0.4842 0.4021
241 242 243 0.4226 0.3070 0.4689 0.2740 0.6211 0.9298 0.2640 0.0524
242 243 244 0.0623 0.1242 0.1206 0.8405 0.7046 0.1860 0.8415 0.7862
243 244 245 0.4918 0.0196 0.5231 0.9667 0.3734 0.3149 0.2788 0.9687
244 245 246 0.2174 0.2133 0.8694 0.2398 0.1988 0.6599 0.3478 0.3946
245 246 247 0.0834 0.1494 0.7575 0.5820 0.3002 0.7809 0.3811 0.5086
246 247 248 0.1247 0.1744 0.5675 0.3190 0.2833 0.7337 0.0537 0.7465
247 248 249 0.6362 0.4415 0.7067 0.6914 0.9526 0.7112 0.9980 0.3907
248 249 250 0.1356 0.5507 0.3733 0.7067 0.5823 0.8591 0.8643 0.6184
249 250 251 0.7269 0.4017 0.7845 0.0791 0.2595 0.3758 0.3513 0.0242
250 251 252 0.7865 0.7057 0.8488 0.6219 0.3227 0.0547 0.0996 0.0615
251 252 253 0.8297 0.5823 0.0538 0.2157 0.0618 0.2992 0.7869 0.8703
252 253 254 0.3365 0.5936 0.7852 0.6606 0.4054 0.3336 0.9824 0.2273
253 254 255 0.2144 0.3890 0.8822 0.3104 0.7374 0.8371 0.2741 0.1195
254 255 256 0.1147 0.9193 0.7670 0.9971 0.2069 0.8405 0.2586 0.9523
255 256 257 0.2970 0.3655 0.2763 0.0322 0.0108 0.2657 0.4954 0.8161
256 257 258 0.1549 0.7784 0.8788 0.5038 0.7955 0.2649 0.6041 0.4747
257 258 259 0.1755 0.5493 0.9558 0.5529 0.6091 0.0434 0.6922 0.7547
258 259 260 0.6729 0.3925 0.6684 0.7636 0.4226 0.2923 0.2172 0.3494
259 260 261 0.9164 0.1073 0.9840 0.8605 0.8672 0.8325 0.5776 0.7960
260 261 262 0.1990 0.1776 0.0494 0.3203 0.8289 0.4090 0.3915 0.0550
261 262 263 0.1949 0.3034 0.5026 0.8546 0.1149 0.9508 0.1968 0.7357
262 263 264 0.7925 0.6486 0.3021 0.4652 0.5002 0.1227 0.9573 0.4459
263 264 265 0.0314 0.7439 0.2466 0.9067 0.5862 0.0228 0.2636 0.1981
264 265 266 0.7059 0.9407 0.5000 0.1517 0.8953 0.2985 0.1602 0.5116
265 266 267 0.6721 0.1224 0.1391 0.3842 0.4648 0.0197 0.6795 0.9305
266 267 268 0.9308 0.4935 0.5162 0.9445 0.2860 0.1690 0.8105 0.6546
267 268 269 0.1373 0.2086 0.4828 0.5929 0.3975 0.5537 0.2251 0.7748
268 269 270 0.4618 0.4117 0.6532 0.2474 0.1475 0.3609 0.1699 0.5122
269 270 271 0.9655 0.7401 0.9470 0.0904 0.9686 0.6406 0.5246 0.3805
270 271 272 0.8270 0.0169 0.0077 0.1386 0.0198 0.8492 0.6220 0.8714
271 272 273 0.0364 0.6529 0.4833 0.2821 0.0995 0.6632 0.8853 0.9977
272 273 274 0.3724 0.8108 0.6495 0.8430 0.7813 0.2728 0.9128 0.4616
273 274 275 0.0739 0.6011 0.4466 0.1414 0.6938 0.2580 0.9694 0.5477
274 275 276 0.7224 0.3864 0.6807 0.2764 0.8085 0.8763 0.3354 0.4979
275 276 277 0.7020 0.1456 0.5250 0.3292 0.0235 0.0661 0.1868 0.7107
276 277 278 0.2404 0.4121 0.8354 0.6796 0.0441 0.3569 0.2131 0.8223
277 278 000 0.9802 0.2281 0.2327 0.6835 0.1020 0.0149 0.0355 0.3096
278 000 001 0.6017 0.6606 0.9586 0.7369 0.2546 0.9714 0.0517 0.0152
