279 155682 3 279
000 001 002 0.6562 0.3433 0.4411 0.7165 0.6740 0.0566 0.1302 0.9535
001 002 003 0.5339 0.9731 0.8780 0.4494 0.4727 0.8558 0.4125 0.7488
002 003 004 0.1970 0.9267 0.0367 0.4559 0.5671 0.4330 0.1795 0.9597
003 004 005 0.9315 0.3043 0.6523 0.6434 0.6295 0.0575 0.6223 0.2659
004 005 006 0.7065 0.4972 0.0584 0.1146 0.6459 0.1812 0.7682 0.9062
005 006 007 0.7775 0.1294 0.4700 0.1230 0.1162 0.2548 0.6571 0.5530
006 007 008 0.7833 0.5981 0.2915 0.0728 0.4969 0.0212 0.7090 0.0524
007 008 009 0.5699 0.6094 0.6158 0.7966 0.7206 0.7329 0.7567 0.2827
008 009 010 0.6796 0.3861 0.2768 0.5740 0.3480 0.0503 0.6602 0.1180
009 010 011 0.5655 0.6697 0.0067 0.6009 0.2952 0.8457 0.2602 0.2205
010 011 012 0.1176 0.2247 0.9179 0.3824 0.9057 0.6673 0.1266 0.6491
011 012 013 0.0482 0.5042 0.6092 0.9727 0.9518 0.8761 0.1129 0.7521
012 013 014 0.8073 0.9233 0.4399 0.8828 0.0897 0.2866 0.2933 0.5756
013 014 015 0.3118 0.5575 0.9839 0.1544 0.9539 0.0241 0.9753 0.7492
014 015 016 0.9158 0.9927 0.9247 0.8515 0.6795 0.5213 0.0668 0.3901
015 016 017 0.5956 0.6339 0.6517 0.6784 0.3961 0.4224 0.6753 0.7689
016 017 018 0.5801 0.0322 0.7382 0.0099 0.1677 0.8198 0.7847 0.4979
017 018 019 0.5880 0.5989 0.3953 0.8585 0.7793 0.1043 0.7289 0.0397
018 019 020 0.3526 0.0992 0.2406 0.6067 0.3185 0.9226 0.7475 0.5933
019 020 021 0.8434 0.6576 0.7841 0.5377 0.8345 0.0479 0.7469 0.2554
020 021 022 0.1142 0.7328 0.5538 0.3952 0.1576 0.4587 0.7383 0.2313
021 022 023 0.2301 0.0349 0.3382 0.1302 0.4108 0.8613 0.0274 0.3985
022 023 024 0.4697 0.7577 0.8468 0.7527 0.3422 0.3471 0.9754 0.3021
023 024 025 0.1024 0.7806 0.8673 0.9339 0.4747 0.3206 0.6581 0.7062
024 025 026 0.8235 0.4929 0.9273 0.7659 0.4258 0.7101 0.3712 0.5292
025 026 027 0.5851 0.8443 0.6647 0.4194 0.1800 0.6686 0.5979 0.0713
026 027 028 0.9599 0.1227 0.6527 0.2621 0.9691 0.7667 0.3563 0.7848
027 028 029 0.9895 0.4680 0.6445 0.2834 0.9781 0.1784 0.4745 0.5882
028 029 030 0.8332 0.8104 0.4192 0.6327 0.2024 0.2484 0.3354 0.9063
029 030 031 0.6266 0.9961 0.5722 0.2737 0.0665 0.3699 0.7764 0.6355
030 031 032 0.2207 0.8793 0.7721 0.5322 0.0292 0.6312 0.5421 0.6540
031 032 033 0.7177 0.8979 0.8643 0.3101 0.5001 0.9095 0.5075 0.1547
032 033 034 0.0295 0.5136 0.6305 0.1453 0.5349 0.5052 0.1144 0.4580
033 034 035 0.4981 0.0795 0.7577 0.8787 0.8172 0.0169 0.0258 0.1538
034 035 036 0.6926 0.4818 0.5367 0.4646 0.3558 0.7316 0.2831 0.5847
035 036 037 0.0704 0.2924 0.4080 0.9937 0.8132 0.5686 0.2911 0.2989
036 037 038 0.0508 0.2905 0.5051 0.6735 0.1272 0.6943 0.8711 0.6312
037 038 039 0.5689 0.2481 0.6750 0.4978 0.9752 0.1171 0.5427 0.9748
038 039 040 0.4946 0.6750 0.6465 0.6929 0.1655 0.9256 0.0236 0.9043
039 040 041 0.6582 0.5145 0.2922 0.9680 0.2764 0.2739 0.3345 0.5757
040 041 042 0.1297 0.8227 0.2740 0.8914 0.8797 0.2726 0.3923 0.8054
041 042 043 0.3966 0.4626 0.0750 0.8060 0.4950 0.1136 0.3485 0.3030
042 043 044 0.0896 0.3922 0.0086 0.3241 0.0469 0.1122 0.9068 0.6471
043 044 045 0.2086 0.4717 0.5248 0.8897 0.4456 0.7188 0.9267 0.8761
044 045 046 0.0921 0.8632 0.9329 0.9536 0.5530 0.6357 0.2360 0.5248
045 046 047 0.4911 0.1421 0.7665 0.0044 0.5282 0.7807 0.5044 0.4857
046 047 048 0.5467 0.4227 0.5706 0.7678 0.2641 0.6374 0.9289 0.7396
047 048 049 0.2596 0.0234 0.2898 0.2036 0.0922 0.4571 0.9738 0.5513
048 049 050 0.1233 0.0807 0.0855 0.4593 0.6742 0.8480 0.3010 0.8043
049 050 051 0.7338 0.1866 0.1085 0.3474 0.5098 0.4920 0.8289 0.6720
050 051 052 0.1864 0.9844 0.4965 0.5802 0.8892 0.7686 0.4542 0.9202
051 052 053 0.2245 0.0792 0.3153 0.4528 0.2580 0.2995 0.9144 0.1092
052 053 054 0.9517 0.0792 0.4811 0.5936 0.6149 0.8934 0.8097 0.8780
053 054 055 0.8614 0.6076 0.6417 0.0793 0.7254 0.7249 0.5717 0.0847
054 055 056 0.2345 0.5152 0.3147 0.3032 0.9492 0.5817 0.0747 0.8127
055 056 057 0.4913 0.5455 0.5675 0.7139 0.0854 0.3687 0.7984 0.8341
056 057 058 0.8349 0.8028 0.0658 0.0203 0.4096 0.9800 0.0957 0.1857
057 058 059 0.4030 0.0478 0.7746 0.6103 0.5493 0.3607 0.5542 0.7415
058 059 060 0.2474 0.7560 0.2126 0.0197 0.2215 0.0355 0.3644 0.0551
059 060 061 0.9562 0.4289 0.2528 0.1966 0.8058 0.1796 0.5646 0.1150
060 061 062 0.2266 0.2995 0.5465 0.0459 0.8183 0.9702 0.8372 0.5497
061 062 063 0.2327 0.7663 0.6029 0.1344 0.1240 0.7307 0.3035 0.9709
062 063 064 0.5064 0.8202 0.9954 0.0769 0.8951 0.9615 0.2106 0.6237
063 064 065 0.8224 0.9678 0.7396 0.9379 0.1930 0.1496 0.8536 0.7647
064 065 066 0.5396 0.8476 0.4917 0.7752 0.1822 0.3376 0.0557 0.4167
065 066 067 0.0703 0.5944 0.6325 0.4270 0.1727 0.1481 0.0934 0.1664
066 067 068 0.9911 0.0171 0.3699 0.1843 0.9457 0.2285 0.4941 0.9659
067 068 069 0.0711 0.5515 0.5793 0.0014 0.5740 0.0130 0.1812 0.1062
068 069 070 0.8839 0.8508 0.0959 0.2209 0.2475 0.7388 0.7484 0.9676
069 070 071 0.3959 0.1162 0.0003 0.6182 0.3436 0.8450 0.3224 0.7594
070 071 072 0.4673 0.0620 0.8305 0.0376 0.1570 0.9472 0.7536 0.3016
071 072 073 0.2068 0.7937 0.2694 0.2070 0.6675 0.9822 0.1273 0.9746
072 073 074 0.8512 0.6326 0.7667 0.7472 0.8482 0.0268 0.7104 0.9611
073 074 075 0.6022 0.8100 0.9914 0.8386 0.6015 0.8795 0.9868 0.2227
074 075 076 0.0215 0.2131 0.4665 0.8309 0.5152 0.5650 0.8237 0.3478
075 076 077 0.2944 0.4168 0.5413 0.7593 0.8244 0.6801 0.2645 0.6606
076 077 078 0.0407 0.0894 0.4986 0.0299 0.4166 0.0784 0.1070 0.7327
077 078 079 0.5494 0.2021 0.0004 0.2847 0.3377 0.7281 0.9298 0.7651
078 079 080 0.3922 0.6204 0.8860 0.1894 0.5800 0.8823 0.9026 0.7221
079 080 081 0.1075 0.9996 0.5495 0.2166 0.2111 0.5428 0.5416 0.2946
080 081 082 0.3131 0.7647 0.7496 0.5853 0.6274 0.5384 0.4478 0.3843
081 082 083 0.2025 0.1374 0.3329 0.9306 0.2772 0.2639 0.9921 0.7011
082 083 084 0.1837 0.9031 0.9827 0.0361 0.2812 0.7373 0.6172 0.6428
083 084 085 0.5306 0.2438 0.8785 0.1448 0.1818 0.7916 0.5554 0.7129
084 085 086 0.8910 0.6110 0.8840 0.3622 0.4371 0.1830 0.6957 0.6433
085 086 087 0.5257 0.7778 0.4231 0.2158 0.8768 0.1984 0.1620 0.6908
086 087 088 0.1657 0.2700 0.4434 0.0783 0.7565 0.2985 0.9369 0.7595
087 088 089 0.3763 0.9078 0.0492 0.0665 0.9918 0.5024 0.7214 0.7685
088 089 090 0.7400 0.9204 0.5260 0.9461 0.9799 0.4696 0.7868 0.9397
089 090 091 0.3515 0.4371 0.8531 0.7094 0.4380 0.9812 0.2226 0.6697
090 091 092 0.8705 0.8245 0.3362 0.7794 0.9588 0.0173 0.9744 0.4720
091 092 093 0.1539 0.7427 0.8370 0.8270 0.6243 0.3759 0.9207 0.9246
092 093 094 0.5009 0.0627 0.4710 0.9178 0.3094 0.0807 0.6131 0.4695
093 094 095 0.0784 0.1991 0.4174 0.7631 0.0767 0.3067 0.8930 0.3075
094 095 096 0.0994 0.1031 0.7809 0.6293 0.2576 0.5579 0.5595 0.5711
095 096 097 0.8339 0.7021 0.1836 0.3439 0.7611 0.4859 0.6933 0.1847
096 097 098 0.0794 0.3104 0.7793 0.6968 0.8892 0.8791 0.1745 0.9164
097 098 099 0.3045 0.4706 0.8153 0.7089 0.8695 0.4769 0.3345 0.0513
098 099 100 0.2534 0.5831 0.7630 0.9729 0.2718 0.2784 0.8804 0.9398
099 100 101 0.5943 0.4401 0.4155 0.1048 0.7781 0.1648 0.7215 0.5338
100 101 102 0.4844 0.2354 0.1443 0.5687 0.2906 0.6254 0.5657 0.3591
101 102 103 0.3221 0.7803 0.6647 0.5409 0.1475 0.5227 0.0189 0.0670
102 103 104 0.4855 0.0086 0.4167 0.0844 0.3630 0.1558 0.6134 0.4178
103 104 105 0.4586 0.2725 0.5679 0.5505 0.0948 0.5201 0.3298 0.4269
104 105 106 0.8095 0.9572 0.7097 0.5230 0.8125 0.9337 0.5300 0.3534
105 106 107 0.0797 0.9363 0.4566 0.4827 0.7436 0.5588 0.2284 0.0244
106 107 108 0.0348 0.2880 0.9376 0.3453 0.7519 0.7460 0.2197 0.5640
107 108 109 0.7899 0.7976 0.0447 0.9089 0.8615 0.9138 0.2667 0.4477
108 109 110 0.6517 0.9747 0.9299 0.9178 0.0373 0.3687 0.2400 0.2831
109 110 111 0.8073 0.8685 0.3040 0.8848 0.7592 0.8887 0.7080 0.3876
110 111 112 0.2018 0.9324 0.3336 0.1057 0.6682 0.3637 0.9104 0.5346
111 112 113 0.2574 0.2039 0.2503 0.2562 0.4938 0.7085 0.1306 0.2308
112 113 114 0.6815 0.2584 0.6475 0.0668 0.4542 0.2536 0.9043 0.6362
113 114 115 0.7731 0.7963 0.7015 0.6213 0.0591 0.7776 0.5479 0.6779
114 115 116 0.0345 0.9635 0.6456 0.6639 0.0217 0.6388 0.5937 0.6083
115 116 117 0.7712 0.0233 0.7000 0.4059 0.2399 0.7327 0.1770 0.1698
116 117 118 0.9941 0.7217 0.5120 0.1544 0.4066 0.4665 0.0536 0.7000
117 118 119 0.5148 0.3348 0.1092 0.8813 0.1614 0.2256 0.2718 0.9445
118 119 120 0.9105 0.1945 0.0553 0.8808 0.2030 0.2114 0.0007 0.7293
119 120 121 0.9244 0.3724 0.4736 0.9467 0.1440 0.4173 0.0047 0.9453
120 121 122 0.6200 0.8927 0.3677 0.0302 0.2584 0.5314 0.2615 0.6706
121 122 123 0.4797 0.9936 0.7865 0.8923 0.8739 0.5562 0.3801 0.2711
122 123 124 0.8226 0.8873 0.3259 0.6482 0.0332 0.6831 0.6001 0.9307
123 124 125 0.7811 0.7377 0.3576 0.7010 0.0859 0.0336 0.5681 0.5784
124 125 126 0.4946 0.7044 0.1908 0.9002 0.6439 0.3335 0.3733 0.0710
125 126 127 0.3145 0.0616 0.0014 0.3573 0.6144 0.3689 0.4043 0.9542
126 127 128 0.3428 0.0553 0.8908 0.7488 0.2431 0.5833 0.6697 0.6349
127 128 129 0.9294 0.8859 0.6094 0.1426 0.8473 0.8777 0.4457 0.8828
128 129 130 0.3734 0.2390 0.8330 0.6039 0.4402 0.0021 0.7909 0.2387
129 130 131 0.5334 0.6287 0.4149 0.1022 0.8148 0.9561 0.2493 0.9176
130 131 132 0.6244 0.3805 0.0226 0.5387 0.3375 0.6439 0.6535 0.2296
131 132 133 0.6980 0.2864 0.3677 0.9757 0.6197 0.9174 0.7495 0.3171
132 133 134 0.5390 0.9998 0.0441 0.3286 0.4140 0.0588 0.9204 0.1957
133 134 135 0.5257 0.0418 0.2654 0.1649 0.7937 0.9295 0.8794 0.0059
134 135 136 0.2741 0.9154 0.4126 0.4529 0.1409 0.6494 0.1060 0.4124
135 136 137 0.4158 0.1421 0.6519 0.3375 0.3736 0.0478 0.1639 0.0394
136 137 138 0.8479 0.9952 0.8149 0.9572 0.5130 0.0987 0.3218 0.5666
137 138 139 0.8705 0.1329 0.2282 0.9384 0.5474 0.6028 0.7080 0.0626
138 139 140 0.6894 0.3677 0.9584 0.7831 0.1575 0.6162 0.4619 0.1359
139 140 141 0.6535 0.4535 0.4496 0.4009 0.7919 0.9884 0.4930 0.6750
140 141 142 0.7450 0.3826 0.1660 0.0198 0.3817 0.8610 0.4632 0.6809
141 142 143 0.3615 0.5281 0.7434 0.9462 0.1332 0.0042 0.1888 0.1168
142 143 144 0.7743 0.4067 0.4795 0.3069 0.6529 0.9920 0.7152 0.4030
143 144 145 0.4822 0.1869 0.1489 0.8444 0.9842 0.9239 0.7461 0.8026
144 145 146 0.1797 0.1435 0.8994 0.5649 0.3952 0.8392 0.4914 0.1179
145 146 147 0.8031 0.0321 0.3551 0.3118 0.0490 0.1226 0.7841 0.0575
146 147 148 0.9957 0.6521 0.1602 0.0601 0.8993 0.1156 0.0477 0.9253
147 148 149 0.2587 0.4263 0.5269 0.3821 0.2406 0.0979 0.9565 0.5951
148 149 150 0.4154 0.2514 0.1643 0.9709 0.8847 0.6155 0.8623 0.4668
149 150 151 0.0634 0.9289 0.8198 0.6201 0.6120 0.1866 0.9661 0.9445
150 151 152 0.0803 0.7012 0.0898 0.2098 0.3076 0.9314 0.3813 0.3967
151 152 153 0.1394 0.3990 0.9511 0.4944 0.0160 0.3601 0.0976 0.0476
152 153 154 0.6356 0.9762 0.8285 0.0337 0.2380 0.6157 0.6021 0.3736
153 154 155 0.4156 0.6828 0.3564 0.2382 0.8705 0.4971 0.4972 0.4180
154 155 156 0.9350 0.4568 0.7886 0.6623 0.7650 0.7712 0.3963 0.5900
155 156 157 0.9425 0.1429 0.0900 0.8915 0.4668 0.6560 0.3261 0.8770
156 157 158 0.4366 0.7269 0.1768 0.6393 0.4625 0.0139 0.1612 0.7645
157 158 159 0.3222 0.1475 0.8037 0.8820 0.0612 0.4071 0.0963 0.6316
158 159 160 0.3253 0.3954 0.7203 0.2306 0.7300 0.1429 0.6428 0.4255
159 160 161 0.6770 0.9868 0.2756 0.8410 0.3787 0.1302 0.5266 0.5095
160 161 162 0.4812 0.9227 0.5031 0.4917 0.7732 0.0272 0.4720 0.5191
161 162 163 0.0630 0.3826 0.9804 0.1033 0.0994 0.9042 0.4830 0.0906
162 163 164 0.2982 0.3668 0.5381 0.0872 0.1604 0.1712 0.2012 0.0112
163 164 165 0.6609 0.8599 0.9185 0.1003 0.3403 0.8072 0.6346 0.2799
164 165 166 0.5876 0.2896 0.8735 0.4992 0.4442 0.5850 0.2546 0.7953
165 166 167 0.8218 0.9910 0.1829 0.4697 0.9964 0.4149 0.2777 0.1528
166 167 168 0.4598 0.3421 0.0588 0.2677 0.2407 0.8393 0.6783 0.4494
167 168 169 0.8649 0.4952 0.1557 0.1541 0.3442 0.5985 0.5532 0.6078
168 169 170 0.0092 0.1209 0.4323 0.3289 0.0887 0.7989 0.3016 0.5975
169 170 171 0.9664 0.8138 0.9834 0.7214 0.4970 0.7719 0.3002 0.5780
170 171 172 0.2133 0.7835 0.5220 0.6351 0.0464 0.8528 0.3433 0.4330
171 172 173 0.6498 0.1835 0.1107 0.6014 0.1815 0.6925 0.8606 0.3282
172 173 174 0.9844 0.9486 0.3299 0.4396 0.1178 0.7453 0.5343 0.8064
173 174 175 0.7119 0.8399 0.8500 0.3331 0.4047 0.7584 0.4693 0.5091
174 175 176 0.9284 0.5298 0.9418 0.5600 0.9050 0.8612 0.0705 0.3572
175 176 177 0.5843 0.8166 0.1843 0.0931 0.9698 0.8980 0.6822 0.3113
176 177 178 0.1388 0.8335 0.9418 0.3165 0.7748 0.0534 0.8878 0.2457
177 178 179 0.8140 0.9720 0.3541 0.3279 0.0783 0.4598 0.3190 0.3505
178 179 180 0.7613 0.0566 0.3515 0.1915 0.6381 0.8856 0.7857 0.7732
179 180 181 0.6248 0.6152 0.2832 0.6525 0.5930 0.9255 0.8673 0.3124
180 181 182 0.3766 0.0869 0.2588 0.2055 0.0542 0.9568 0.7896 0.8371
181 182 183 0.8005 0.0764 0.2834 0.9526 0.3323 0.5536 0.0252 0.4232
182 183 184 0.7561 0.0452 0.8881 0.7541 0.1828 0.9522 0.1081 0.0204
183 184 185 0.4937 0.5640 0.2422 0.1509 0.5986 0.2925 0.1416 0.2280
184 185 186 0.7933 0.9174 0.9935 0.6074 0.5658 0.9777 0.1776 0.8350
185 186 187 0.3694 0.7310 0.1790 0.9622 0.2724 0.3774 0.6125 0.2701
186 187 188 0.3357 0.4595 0.3728 0.3775 0.2533 0.0734 0.6913 0.1421
187 188 189 0.1739 0.6876 0.4045 0.2683 0.1526 0.3964 0.0242 0.2772
188 189 190 0.8932 0.3176 0.4280 0.7092 0.8108 0.9762 0.9071 0.6676
189 190 191 0.6746 0.9101 0.2584 0.9479 0.9720 0.9451 0.8989 0.8659
190 191 192 0.1837 0.0459 0.8988 0.5243 0.9752 0.4563 0.5807 0.4453
191 192 193 0.8301 0.9551 0.7917 0.0536 0.9987 0.0193 0.2484 0.7763
192 193 194 0.5011 0.1364 0.0548 0.3466 0.2192 0.9218 0.8862 0.9255
193 194 195 0.0623 0.3861 0.9069 0.5042 0.0426 0.7428 0.2226 0.6430
194 195 196 0.4127 0.4752 0.4116 0.6111 0.9179 0.4393 0.6196 0.3093
195 196 197 0.8926 0.6277 0.9167 0.0370 0.6441 0.2069 0.4014 0.8669
196 197 198 0.8422 0.5573 0.1642 0.2261 0.8717 0.9978 0.1426 0.2076
197 198 199 0.6309 0.3157 0.5297 0.0440 0.7933 0.3307 0.7319 0.3550
198 199 200 0.6868 0.9523 0.9126 0.4845 0.4600 0.9764 0.2245 0.6917
199 200 201 0.3691 0.9692 0.2503 0.3047 0.3461 0.3437 0.9834 0.1199
200 201 202 0.5238 0.1308 0.5213 0.9648 0.0655 0.7539 0.5603 0.8162
201 202 203 0.7192 0.6455 0.8472 0.4789 0.5075 0.6064 0.3075 0.4360
202 203 204 0.6012 0.5813 0.4130 0.4556 0.3602 0.1636 0.4358 0.1360
203 204 205 0.3094 0.1970 0.4506 0.2966 0.4707 0.7154 0.7116 0.1927
204 205 206 0.0801 0.3850 0.7651 0.1941 0.2335 0.6340 0.6018 0.2373
205 206 207 0.7835 0.3710 0.9497 0.4086 0.1671 0.5007 0.1431 0.1821
206 207 208 0.7106 0.0486 0.6020 0.3852 0.3085 0.1689 0.6434 0.0805
207 208 209 0.2095 0.6235 0.3608 0.0961 0.2979 0.4007 0.3692 0.5070
208 209 210 0.9499 0.6173 0.3569 0.9984 0.0808 0.6470 0.7731 0.8284
209 210 211 0.0435 0.8856 0.3129 0.3900 0.9690 0.9862 0.0417 0.0498
210 211 212 0.5436 0.5601 0.3839 0.1045 0.8529 0.1005 0.7905 0.5258
211 212 213 0.2048 0.7631 0.7885 0.5052 0.5262 0.2731 0.5396 0.1957
212 213 214 0.2536 0.1034 0.6610 0.5533 0.7109 0.8975 0.8032 0.1728
213 214 215 0.4508 0.0150 0.5251 0.6775 0.8533 0.7175 0.9243 0.2757
214 215 216 0.4631 0.3741 0.0633 0.9472 0.1276 0.7027 0.8074 0.8746
215 216 217 0.9811 0.8840 0.1680 0.5633 0.5777 0.9797 0.9364 0.9211
216 217 218 0.7127 0.9818 0.3774 0.2695 0.6731 0.7738 0.2646 0.4294
217 218 219 0.8553 0.2350 0.1299 0.8961 0.6725 0.7524 0.7193 0.9776
218 219 220 0.6157 0.6092 0.8290 0.7957 0.7981 0.2494 0.5172 0.6148
219 220 221 0.3537 0.0964 0.7235 0.3484 0.2894 0.9876 0.1939 0.1313
220 221 222 0.9369 0.7504 0.6489 0.7838 0.7262 0.4848 0.8029 0.6623
221 222 223 0.6538 0.9741 0.0446 0.8182 0.6189 0.4483 0.2689 0.9634
222 223 224 0.9159 0.1042 0.0388 0.3145 0.9388 0.6801 0.8322 0.0167
223 224 225 0.7912 0.2969 0.8326 0.8760 0.6498 0.6308 0.6310 0.8562
224 225 226 0.2495 0.5583 0.8413 0.9951 0.4972 0.7001 0.5927 0.3063
225 226 227 0.3273 0.3118 0.4835 0.8533 0.9895 0.5670 0.8943 0.7428
226 227 228 0.7038 0.6242 0.6720 0.2379 0.9935 0.9514 0.3017 0.3311
227 228 229 0.7069 0.2973 0.6331 0.8204 0.2926 0.1285 0.7017 0.7531
228 229 230 0.6009 0.2441 0.1633 0.5648 0.9818 0.4616 0.4480 0.7582
229 230 231 0.8833 0.3020 0.5720 0.5661 0.0553 0.0367 0.9974 0.1580
230 231 232 0.7747 0.9610 0.7061 0.2363 0.7808 0.0284 0.0439 0.8948
231 232 233 0.5894 0.4287 0.2549 0.6854 0.0499 0.4465 0.8017 0.5406
232 233 234 0.0047 0.6751 0.5486 0.3155 0.7115 0.6117 0.8019 0.1402
233 234 235 0.9069 0.2813 0.5169 0.0628 0.7737 0.5569 0.7842 0.2445
234 235 236 0.9230 0.3970 0.9308 0.5939 0.9498 0.2930 0.6168 0.3340
235 236 237 0.7136 0.3325 0.3593 0.5675 0.7168 0.1970 0.2021 0.6159
236 237 238 0.3195 0.4924 0.9714 0.4844 0.5970 0.0214 0.1258 0.9742
237 238 239 0.1731 0.8243 0.8048 0.4290 0.3174 0.9185 0.2213 0.8973
238 239 240 0.2616 0.1153 0.8785 0.5320 0.6701 0.6021 0.1189 0.5016
239 240 241 0.3541 0.7290 0.2635 0.9498 0.8254 0.9846 0.5513 0.8403
240 241 242 0.4054 0.8733 0.8397 0.7689 0.1518 0.7088 0.0381 0.1601
241 242 243 0.8447 0.5630 0.5124 0.8511 0.1211 0.1124 0.5827 0.8339
242 243 244 0.5339 0.4384 0.6481 0.5664 0.0892 0.0486 0.1263 0.3867
243 244 245 0.1647 0.2227 0.3069 0.6003 0.9553 0.5067 0.8554 0.1898
244 245 246 0.5027 0.2894 0.2066 0.5444 0.9523 0.0191 0.7721 0.1135
245 246 247 0.1457 0.1970 0.4266 0.4499 0.6248 0.5088 0.0360 0.5587
246 247 248 0.8926 0.8093 0.5944 0.6767 0.9722 0.0727 0.8118 0.9333
247 248 249 0.6416 0.8762 0.6890 0.3951 0.8983 0.9674 0.6326 0.3735
248 249 250 0.3952 0.6692 0.6550 0.4528 0.7026 0.1687 0.8743 0.3804
249 250 251 0.3207 0.5465 0.4849 0.8898 0.0405 0.8193 0.2568 0.0170
250 251 252 0.9288 0.5397 0.1537 0.4940 0.6038 0.3945 0.0020 0.6987
251 252 253 0.6365 0.5010 0.6108 0.9266 0.8826 0.8454 0.4428 0.3887
252 253 254 0.2016 0.0707 0.3294 0.0829 0.2074 0.3352 0.0556 0.7818
253 254 255 0.5101 0.0205 0.7926 0.5310 0.0051 0.5842 0.0384 0.8509
254 255 256 0.7400 0.9213 0.9827 0.1073 0.9687 0.4867 0.8603 0.9887
255 256 257 0.3247 0.7726 0.9141 0.6473 0.1598 0.8343 0.0442 0.9880
256 257 258 0.7522 0.6300 0.5557 0.3013 0.0442 0.2478 0.3867 0.5694
257 258 259 0.7499 0.6712 0.8684 0.9025 0.3368 0.4994 0.0695 0.0624
258 259 260 0.5223 0.9655 0.3341 0.7059 0.7713 0.9910 0.4359 0.6324
259 260 261 0.4944 0.4233 0.2803 0.9654 0.2603 0.7257 0.8712 0.2078
260 261 262 0.5754 0.8998 0.6769 0.6567 0.8097 0.2063 0.1747 0.0391
261 262 263 0.0113 0.2410 0.7088 0.8182 0.2758 0.4809 0.0152 0.3235
262 263 264 0.0416 0.6471 0.1152 0.5480 0.7464 0.9430 0.9594 0.7131
263 264 265 0.0581 0.0679 0.6372 0.1065 0.5574 0.1631 0.1731 0.2699
264 265 266 0.4767 0.4548 0.8331 0.6945 0.3810 0.3342 0.5990 0.2172
265 266 267 0.3555 0.1456 0.9067 0.2431 0.2015 0.1626 0.0256 0.4278
266 267 268 0.0435 0.6229 0.0900 0.5049 0.8485 0.8280 0.7644 0.1974
267 268 269 0.6746 0.3148 0.8955 0.6960 0.6192 0.0399 0.0011 0.4284
268 269 270 0.0042 0.9184 0.7316 0.3797 0.8577 0.7812 0.0724 0.0199
269 270 271 0.7081 0.6893 0.1895 0.8590 0.9490 0.6991 0.1605 0.1711
270 271 272 0.4861 0.2494 0.9637 0.1855 0.1983 0.0634 0.5826 0.4234
271 272 273 0.8131 0.9101 0.1931 0.6695 0.9441 0.0958 0.5534 0.0626
272 273 274 0.5957 0.5711 0.9777 0.4710 0.2301 0.3318 0.0561 0.3237
273 274 275 0.1367 0.2364 0.2790 0.7813 0.5249 0.1213 0.1955 0.6918
274 275 276 0.4106 0.8772 0.9431 0.1396 0.0273 0.5322 0.8453 0.3173
275 276 277 0.1216 0.7200 0.9103 0.6761 0.3454 0.6114 0.8293 0.2184
276 277 278 0.1933 0.8523 0.2105 0.7940 0.9367 0.6037 0.5588 0.1069
277 278 000 0.0894 0.1210 0.5046 0.1608 0.8107 0.1703 0.2589 0.8885
278 000 001 0.8451 0.2040 0.0841 0.9703 0.3439 0.8857 0.1127 0.5702
