279 155682 3 279
000 001 002 0.3562 0.6156 0.6603 0.8277 0.2149 0.5850 0.4196 0.8891
001 002 003 0.9570 0.2555 0.6425 0.1370 0.6814 0.9054 0.0473 0.1497
002 003 004 0.7991 0.2881 0.6307 0.9915 0.3436 0.5089 0.5900 0.9155
003 004 005 0.2645 0.7644 0.1463 0.2487 0.7732 0.3768 0.8585 0.3727
004 005 006 0.9242 0.6070 0.7524 0.8063 0.9396 0.8712 0.7337 0.2500
005 006 007 0.5703 0.7667 0.0264 0.5930 0.7409 0.7221 0.5969 0.2475
006 007 008 0.6502 0.1114 0.8995 0.2056 0.0093 0.7554 0.6141 0.2207
007 008 009 0.3999 0.1329 0.8502 0.3762 0.5495 0.7244 0.8240 0.9014
008 009 010 0.1342 0.3882 0.9963 0.2815 0.5417 0.0158 0.6714 0.4381
009 010 011 0.9875 0.4478 0.0449 0.4523 0.2355 0.5992 0.3779 0.6965
010 011 012 0.5112 0.9282 0.5466 0.0168 0.3828 0.7438 0.3264 0.9841
011 012 013 0.5249 0.7021 0.6440 0.5390 0.7898 0.6191 0.6170 0.1700
012 013 014 0.9149 0.3954 0.6894 0.4548 0.3153 0.9075 0.8757 0.3252
013 014 015 0.4502 0.7436 0.2175 0.7294 0.6083 0.2484 0.9173 0.5013
014 015 016 0.7128 0.5267 0.0721 0.7583 0.3418 0.4625 0.9433 0.9670
015 016 017 0.7988 0.1523 0.2514 0.7556 0.1248 0.6155 0.2793 0.1446
016 017 018 0.7259 0.7306 0.7718 0.2025 0.1995 0.3751 0.0967 0.0333
017 018 019 0.9114 0.6534 0.3439 0.6328 0.0248 0.3298 0.9379 0.2217
018 019 020 0.6453 0.7030 0.9526 0.2420 0.5477 0.0053 0.1441 0.5527
019 020 021 0.8211 0.2625 0.7766 0.1887 0.5107 0.0667 0.0334 0.0691
020 021 022 0.9930 0.5186 0.5543 0.2352 0.0503 0.9045 0.5344 0.8639
021 022 023 0.9389 0.3362 0.3772 0.7591 0.8567 0.4727 0.4954 0.2156
022 023 024 0.1640 0.6276 0.9832 0.1604 0.8248 0.1577 0.8604 0.0138
023 024 025 0.2424 0.3853 0.3840 0.9560 0.1382 0.3350 0.1561 0.7505
024 025 026 0.5875 0.4301 0.5219 0.4431 0.3729 0.0857 0.0577 0.5920
025 026 027 0.7807 0.0135 0.7552 0.1383 0.5022 0.2072 0.8443 0.6848
026 027 028 0.3672 0.5083 0.1434 0.8538 0.5052 0.9201 0.5205 0.7089
027 028 029 0.7699 0.8595 0.6031 0.3437 0.2711 0.8479 0.9156 0.4532
028 029 030 0.5828 0.2854 0.1488 0.0626 0.0947 0.5118 0.2837 0.6654
029 030 031 0.4530 0.5782 0.2662 0.7806 0.0132 0.6248 0.2288 0.5060
030 031 032 0.5447 0.9339 0.6011 0.8603 0.4256 0.7093 0.7341 0.3703
031 032 033 0.8173 0.9292 0.6852 0.3695 0.9292 0.0043 0.1348 0.6121
032 033 034 0.9244 0.9554 0.9666 0.6988 0.1237 0.3197 0.1014 0.8098
033 034 035 0.8908 0.9195 0.8191 0.4610 0.8032 0.7308 0.3451 0.3022
034 035 036 0.1975 0.3619 0.7771 0.1921 0.5099 0.8532 0.6117 0.9142
035 036 037 0.2733 0.5509 0.9068 0.6333 0.9331 0.5641 0.7120 0.7294
036 037 038 0.0105 0.8667 0.9503 0.9801 0.8963 0.9911 0.7920 0.2551
037 038 039 0.4906 0.4038 0.0270 0.5050 0.6412 0.8630 0.2610 0.7983
038 039 040 0.2058 0.3917 0.0403 0.5035 0.5879 0.0130 0.3569 0.8493
039 040 041 0.0013 0.8677 0.3396 0.1168 0.8696 0.4089 0.9673 0.6897
040 041 042 0.1407 0.4177 0.1846 0.0861 0.9822 0.6065 0.8657 0.6642
041 042 043 0.8281 0.5061 0.0004 0.0025 0.1790 0.5638 0.2198 0.2073
042 043 044 0.9618 0.9386 0.6129 0.9635 0.2195 0.5610 0.0136 0.4443
043 044 045 0.3534 0.4243 0.8180 0.5088 0.7887 0.8550 0.7435 0.2703
044 045 046 0.9733 0.3723 0.7533 0.1815 0.8270 0.1435 0.5607 0.1775
045 046 047 0.6530 0.1951 0.4779 0.3285 0.6407 0.5862 0.6848 0.8012
046 047 048 0.1905 0.8814 0.5228 0.9222 0.8190 0.2154 0.0645 0.1435
047 048 049 0.4419 0.6430 0.4196 0.5908 0.7761 0.7838 0.5609 0.3005
048 049 050 0.2852 0.3272 0.0923 0.0806 0.1742 0.3087 0.3313 0.5966
049 050 051 0.2338 0.8777 0.0599 0.1813 0.2323 0.2178 0.4100 0.1715
050 051 052 0.6356 0.7624 0.1886 0.2137 0.9921 0.8901 0.7980 0.2951
051 052 053 0.8911 0.7920 0.7255 0.5857 0.8756 0.7288 0.6459 0.5994
052 053 054 0.7091 0.0962 0.9856 0.5729 0.0576 0.3821 0.9010 0.2595
053 054 055 0.0166 0.3254 0.9573 0.0516 0.3725 0.0048 0.6262 0.3448
054 055 056 0.5099 0.2525 0.1740 0.7825 0.9602 0.9963 0.9816 0.5572
055 056 057 0.8379 0.0544 0.8732 0.4057 0.4541 0.7937 0.5052 0.3285
056 057 058 0.9479 0.9800 0.9511 0.9153 0.8620 0.8388 0.3966 0.7013
057 058 059 0.1611 0.4443 0.4313 0.0505 0.0034 0.3809 0.0566 0.8566
058 059 060 0.3932 0.2837 0.5745 0.2544 0.8003 0.8434 0.0824 0.0270
059 060 061 0.0123 0.3418 0.6692 0.1706 0.4114 0.5335 0.3471 0.3054
060 061 062 0.3229 0.4438 0.6901 0.4648 0.9257 0.0200 0.4474 0.4922
061 062 063 0.7803 0.8613 0.2542 0.4448 0.9669 0.3196 0.9104 0.2275
062 063 064 0.5915 0.6405 0.4000 0.3452 0.1418 0.7419 0.9280 0.4718
063 064 065 0.3766 0.6853 0.0425 0.2866 0.1282 0.3591 0.9082 0.9488
064 065 066 0.5499 0.1538 0.0978 0.3900 0.3962 0.8194 0.8618 0.5825
065 066 067 0.4823 0.4868 0.9855 0.8272 0.2030 0.3700 0.4362 0.4142
066 067 068 0.7306 0.8816 0.4101 0.6028 0.5113 0.3940 0.1400 0.6163
067 068 069 0.9722 0.5716 0.9355 0.2319 0.4673 0.9633 0.0707 0.2651
068 069 070 0.4592 0.0336 0.4156 0.8072 0.7802 0.7996 0.4836 0.3534
069 070 071 0.8084 0.7762 0.2821 0.7309 0.5065 0.0465 0.4109 0.2474
070 071 072 0.2672 0.2184 0.4726 0.6639 0.5496 0.1701 0.3893 0.2930
071 072 073 0.1208 0.7250 0.8884 0.2118 0.0285 0.5132 0.1720 0.0856
072 073 074 0.9853 0.5781 0.2098 0.3270 0.2364 0.8932 0.0352 0.0393
073 074 075 0.5965 0.7534 0.7947 0.5374 0.3193 0.8239 0.2044 0.7619
074 075 076 0.0389 0.0828 0.8914 0.0162 0.9804 0.1666 0.6532 0.2797
075 076 077 0.8119 0.0095 0.1401 0.8102 0.7463 0.8831 0.1057 0.7770
076 077 078 0.1564 0.1796 0.5105 0.2151 0.0755 0.8559 0.5776 0.6423
077 078 079 0.8360 0.3718 0.6458 0.4956 0.9581 0.2333 0.2073 0.4819
078 079 080 0.1844 0.5456 0.4568 0.0366 0.8012 0.8158 0.1639 0.8827
079 080 081 0.7320 0.4203 0.8612 0.7652 0.9843 0.2072 0.4638 0.0458
080 081 082 0.0899 0.8181 0.6464 0.6791 0.9785 0.0607 0.9309 0.7105
081 082 083 0.4260 0.3192 0.1196 0.7768 0.0703 0.2048 0.8956 0.2966
082 083 084 0.1100 0.0209 0.5363 0.2403 0.5030 0.0113 0.6201 0.9999
083 084 085 0.2187 0.3294 0.2181 0.4041 0.2982 0.6583 0.3301 0.4367
084 085 086 0.4543 0.3710 0.3476 0.0428 0.9357 0.2296 0.7387 0.7412
085 086 087 0.2520 0.3479 0.5707 0.8542 0.9669 0.6862 0.0928 0.0235
086 087 088 0.2130 0.3335 0.5611 0.9803 0.2494 0.1849 0.1432 0.1687
087 088 089 0.6729 0.7446 0.0456 0.7429 0.8693 0.8261 0.3450 0.9785
088 089 090 0.9332 0.3001 0.2760 0.7523 0.1841 0.6113 0.4140 0.5492
089 090 091 0.6761 0.2908 0.9279 0.9556 0.8868 0.7664 0.0685 0.7084
090 091 092 0.6319 0.3209 0.1104 0.5581 0.9900 0.3172 0.3462 0.6474
091 092 093 0.5615 0.4122 0.7584 0.3126 0.4239 0.7182 0.0777 0.4543
092 093 094 0.1899 0.3895 0.3719 0.7368 0.9739 0.3606 0.0074 0.9054
093 094 095 0.3479 0.8592 0.5658 0.2009 0.8252 0.7257 0.3969 0.6640
094 095 096 0.7324 0.1381 0.1285 0.0177 0.5588 0.7590 0.5493 0.8173
095 096 097 0.9524 0.6331 0.1426 0.6011 0.9007 0.5288 0.6234 0.0741
096 097 098 0.0661 0.3433 0.2347 0.9749 0.9911 0.3947 0.3862 0.8638
097 098 099 0.5173 0.4657 0.7491 0.0079 0.0431 0.2003 0.1625 0.7384
098 099 100 0.1760 0.8721 0.5338 0.8020 0.4913 0.3099 0.1538 0.0297
099 100 101 0.4118 0.7527 0.1279 0.3818 0.3787 0.0664 0.7382 0.8570
100 101 102 0.6705 0.8621 0.4236 0.7095 0.0377 0.9264 0.3501 0.3366
101 102 103 0.1808 0.4430 0.6569 0.5364 0.9440 0.6718 0.2909 0.8741
102 103 104 0.4460 0.8028 0.4573 0.0316 0.7315 0.8242 0.7830 0.8967
103 104 105 0.5663 0.4152 0.3584 0.3190 0.4034 0.0479 0.2027 0.1259
104 105 106 0.2534 0.1740 0.4448 0.8384 0.2132 0.4726 0.1181 0.1858
105 106 107 0.6689 0.1792 0.7550 0.6224 0.1423 0.9184 0.0014 0.9271
106 107 108 0.6276 0.2677 0.5237 0.3811 0.2433 0.6198 0.4958 0.4490
107 108 109 0.3847 0.7952 0.8565 0.2185 0.0603 0.8187 0.2091 0.3938
108 109 110 0.8010 0.6273 0.6626 0.8742 0.0649 0.1914 0.9375 0.6885
109 110 111 0.5970 0.6062 0.1718 0.6904 0.3769 0.1449 0.1986 0.3041
110 111 112 0.1482 0.7302 0.5341 0.0320 0.4180 0.2537 0.0096 0.3644
111 112 113 0.0081 0.5059 0.6391 0.8083 0.1383 0.0066 0.1928 0.9544
112 113 114 0.5183 0.8395 0.7618 0.0202 0.0923 0.3927 0.1705 0.1449
113 114 115 0.6420 0.2844 0.8265 0.5465 0.8849 0.4783 0.9363 0.0310
114 115 116 0.6313 0.6177 0.4053 0.6682 0.5049 0.2586 0.6348 0.3518
115 116 117 0.3349 0.4538 0.7275 0.7032 0.2346 0.4254 0.3083 0.8956
116 117 118 0.2541 0.3446 0.9205 0.5953 0.2666 0.5613 0.2428 0.6340
117 118 119 0.1980 0.2460 0.2727 0.8990 0.7155 0.3598 0.8894 0.1676
118 119 120 0.0326 0.7684 0.1971 0.3349 0.5719 0.6509 0.7491 0.1252
119 120 121 0.9652 0.2821 0.0425 0.7137 0.8812 0.0042 0.1730 0.7033
120 121 122 0.4663 0.2498 0.3711 0.6260 0.4580 0.3119 0.0783 0.7280
121 122 123 0.6759 0.7555 0.3203 0.0296 0.3282 0.2826 0.6506 0.8473
122 123 124 0.7571 0.3232 0.0213 0.9356 0.0918 0.5585 0.8977 0.3674
123 124 125 0.8438 0.7214 0.1164 0.6022 0.6799 0.0967 0.9392 0.7130
124 125 126 0.6836 0.5380 0.8830 0.3239 0.0775 0.0806 0.4982 0.6980
125 126 127 0.5746 0.8602 0.1789 0.7061 0.1003 0.0017 0.4335 0.1750
126 127 128 0.5603 0.3889 0.5072 0.9014 0.0145 0.7573 0.9359 0.3046
127 128 129 0.9801 0.8564 0.4227 0.2197 0.1945 0.2766 0.2741 0.9744
128 129 130 0.6863 0.0352 0.8189 0.5473 0.5972 0.1602 0.7102 0.1504
129 130 131 0.8106 0.9121 0.4212 0.9024 0.9042 0.9204 0.1547 0.0997
130 131 132 0.0594 0.6069 0.4486 0.9827 0.6805 0.8204 0.9847 0.4821
131 132 133 0.7959 0.4506 0.2112 0.7877 0.3281 0.9157 0.5351 0.6311
132 133 134 0.4550 0.1637 0.3033 0.1107 0.9034 0.1759 0.9880 0.3442
133 134 135 0.3563 0.0366 0.6363 0.7537 0.2587 0.5055 0.2555 0.9063
134 135 136 0.1721 0.9620 0.7829 0.4494 0.6161 0.4904 0.2797 0.9212
135 136 137 0.0345 0.1577 0.5228 0.8713 0.8726 0.9303 0.6528 0.5987
136 137 138 0.9593 0.3455 0.1156 0.8102 0.9958 0.8524 0.7147 0.7379
137 138 139 0.1008 0.3974 0.8588 0.9539 0.6836 0.9658 0.9028 0.0509
138 139 140 0.8966 0.4572 0.2301 0.7817 0.0845 0.6163 0.6853 0.1884
139 140 141 0.2921 0.5019 0.1858 0.4725 0.7826 0.6698 0.2285 0.4252
140 141 142 0.4910 0.9188 0.4885 0.8223 0.6779 0.6356 0.0278 0.5519
141 142 143 0.6951 0.3921 0.7213 0.5545 0.6429 0.8131 0.4218 0.0413
142 143 144 0.2635 0.7454 0.1123 0.4702 0.7419 0.7906 0.5644 0.1091
143 144 145 0.8776 0.2941 0.6037 0.4178 0.3927 0.6927 0.0391 0.0007
144 145 146 0.4272 0.8795 0.9692 0.9407 0.6253 0.8445 0.9509 0.1962
145 146 147 0.3450 0.5119 0.4771 0.3072 0.2147 0.2357 0.2507 0.3746
146 147 148 0.4493 0.7402 0.4694 0.1965 0.5368 0.1605 0.4747 0.5924
147 148 149 0.6568 0.6592 0.1783 0.5135 0.5152 0.7096 0.4561 0.6637
148 149 150 0.4115 0.7231 0.8231 0.4331 0.5203 0.2159 0.4354 0.2693
149 150 151 0.8708 0.8581 0.1927 0.8953 0.8026 0.8469 0.4244 0.1941
150 151 152 0.3184 0.5422 0.1837 0.2053 0.9523 0.3702 0.3117 0.9401
151 152 153 0.5531 0.6597 0.0318 0.5978 0.0298 0.9645 0.6518 0.6051
152 153 154 0.4379 0.5386 0.2244 0.0843 0.1021 0.8731 0.3170 0.9443
153 154 155 0.7206 0.6509 0.8541 0.3047 0.5712 0.9584 0.6248 0.1411
154 155 156 0.1905 0.7303 0.9436 0.6955 0.1545 0.9264 0.2660 0.1813
155 156 157 0.3478 0.0845 0.1109 0.0665 0.2398 0.7176 0.3130 0.4268
156 157 158 0.7323 0.4365 0.8897 0.5479 0.5495 0.6551 0.0993 0.9915
157 158 159 0.8118 0.7908 0.0728 0.5420 0.4830 0.9968 0.3254 0.1172
158 159 160 0.4940 0.9135 0.5230 0.9356 0.1724 0.5835 0.2639 0.9647
159 160 161 0.9537 0.7715 0.5992 0.4057 0.0984 0.5367 0.4408 0.3827
160 161 162 0.0199 0.8780 0.7036 0.0869 0.6145 0.4123 0.3717 0.1799
161 162 163 0.0963 0.0723 0.7589 0.4199 0.4919 0.8985 0.3947 0.8902
162 163 164 0.0719 0.2052 0.1588 0.4690 0.3555 0.7116 0.9728 0.6747
163 164 165 0.0405 0.7935 0.3781 0.3919 0.3576 0.6897 0.5668 0.5457
164 165 166 0.8648 0.7753 0.8462 0.9529 0.8320 0.0796 0.7740 0.3632
165 166 167 0.9811 0.7204 0.2707 0.4111 0.3159 0.6771 0.2445 0.0136
166 167 168 0.6644 0.0910 0.9879 0.0534 0.3269 0.2116 0.1510 0.1994
167 168 169 0.0879 0.6056 0.9867 0.8898 0.7438 0.9929 0.0834 0.0578
168 169 170 0.4085 0.4444 0.2550 0.9743 0.7860 0.9432 0.7374 0.0606
169 170 171 0.6490 0.2607 0.8643 0.0025 0.3046 0.6672 0.0972 0.8035
170 171 172 0.4889 0.2163 0.9840 0.8785 0.0080 0.7248 0.2311 0.4419
171 172 173 0.5858 0.1565 0.5566 0.0355 0.5080 0.1777 0.1562 0.7142
172 173 174 0.1344 0.2697 0.5714 0.5105 0.1333 0.7117 0.1209 0.2279
173 174 175 0.7188 0.5356 0.5948 0.2325 0.6911 0.7893 0.1528 0.0794
174 175 176 0.4887 0.3157 0.6220 0.9065 0.0518 0.3917 0.5308 0.3589
175 176 177 0.7980 0.8858 0.8932 0.7838 0.4459 0.0955 0.0403 0.1433
176 177 178 0.0326 0.0625 0.1782 0.2581 0.5152 0.1870 0.0745 0.1949
177 178 179 0.1422 0.8925 0.2726 0.8898 0.9190 0.7634 0.9771 0.2616
178 179 180 0.2754 0.9798 0.2778 0.4533 0.8289 0.6598 0.6388 0.2345
179 180 181 0.4847 0.5536 0.6777 0.2078 0.1614 0.4437 0.3422 0.8622
180 181 182 0.4965 0.4951 0.8924 0.5527 0.1512 0.3447 0.3336 0.4250
181 182 183 0.6146 0.7598 0.8512 0.2912 0.1738 0.8637 0.8062 0.0852
182 183 184 0.0036 0.9579 0.1655 0.7089 0.3339 0.4307 0.4608 0.5368
183 184 185 0.5461 0.5986 0.0922 0.7313 0.8273 0.4051 0.3236 0.9316
184 185 186 0.2869 0.2034 0.3616 0.0243 0.8296 0.0638 0.3583 0.4266
185 186 187 0.9667 0.7705 0.4727 0.4400 0.1295 0.9608 0.2930 0.3826
186 187 188 0.0744 0.2286 0.7099 0.3715 0.2823 0.2975 0.1733 0.2571
187 188 189 0.0167 0.3014 0.8862 0.9558 0.6961 0.3757 0.2354 0.9408
188 189 190 0.5034 0.2627 0.4045 0.4731 0.9930 0.4060 0.1593 0.4666
189 190 191 0.1652 0.0565 0.5672 0.6529 0.4179 0.3793 0.6236 0.5132
190 191 192 0.7110 0.9096 0.3195 0.2156 0.5194 0.3336 0.5606 0.2401
191 192 193 0.1850 0.9903 0.2076 0.6097 0.2627 0.9485 0.4663 0.4387
192 193 194 0.1238 0.1229 0.7423 0.2492 0.4378 0.7363 0.0481 0.5352
193 194 195 0.4124 0.7797 0.2094 0.8761 0.9009 0.0259 0.0944 0.0664
194 195 196 0.6359 0.9448 0.2562 0.8982 0.9204 0.3869 0.6103 0.8459
195 196 197 0.6246 0.8750 0.0967 0.1205 0.6831 0.8158 0.2016 0.8643
196 197 198 0.2164 0.6451 0.5639 0.2401 0.5213 0.8275 0.5674 0.5576
197 198 199 0.9763 0.9235 0.7313 0.8232 0.6975 0.5811 0.8063 0.4991
198 199 200 0.5245 0.2729 0.9811 0.8608 0.5974 0.6473 0.1957 0.7576
199 200 201 0.4036 0.8459 0.3276 0.4098 0.4688 0.3246 0.8515 0.0100
200 201 202 0.0025 0.7926 0.3786 0.0085 0.9135 0.8449 0.1973 0.9553
201 202 203 0.2960 0.9784 0.0026 0.7500 0.8530 0.6133 0.2721 0.9768
202 203 204 0.0558 0.5055 0.3541 0.1988 0.4780 0.9797 0.4035 0.5242
203 204 205 0.2589 0.2315 0.2570 0.5058 0.9480 0.2034 0.6688 0.0710
204 205 206 0.3624 0.8050 0.5332 0.3632 0.1722 0.7033 0.9850 0.7162
205 206 207 0.0148 0.5470 0.9762 0.4688 0.9202 0.1053 0.0784 0.5701
206 207 208 0.3311 0.5716 0.7127 0.1111 0.2354 0.8852 0.6563 0.5777
207 208 209 0.7977 0.1474 0.6665 0.3640 0.8431 0.5027 0.9850 0.7657
208 209 210 0.4064 0.5369 0.2935 0.7597 0.6890 0.8699 0.6584 0.2094
209 210 211 0.7006 0.4839 0.7612 0.7283 0.3919 0.3392 0.1669 0.7636
210 211 212 0.8271 0.9761 0.0426 0.4403 0.9067 0.1342 0.3938 0.2670
211 212 213 0.3175 0.2058 0.7166 0.4286 0.4187 0.5784 0.9666 0.4094
212 213 214 0.1256 0.9107 0.8542 0.2782 0.6582 0.6787 0.7976 0.4672
213 214 215 0.3957 0.2727 0.5619 0.2413 0.6868 0.2086 0.2411 0.7370
214 215 216 0.1439 0.5514 0.8909 0.9859 0.7867 0.6058 0.5848 0.4357
215 216 217 0.4390 0.8612 0.1132 0.7122 0.8791 0.5503 0.7088 0.4975
216 217 218 0.7650 0.9730 0.2747 0.9208 0.7622 0.1406 0.5190 0.6219
217 218 219 0.4767 0.0728 0.4518 0.3865 0.5272 0.0336 0.1416 0.0977
218 219 220 0.9086 0.5065 0.6390 0.5387 0.1431 0.9701 0.9561 0.2372
219 220 221 0.5267 0.0605 0.6572 0.5943 0.9703 0.4923 0.7855 0.8160
220 221 222 0.3098 0.2772 0.9598 0.2795 0.2382 0.1887 0.3468 0.0857
221 222 223 0.7749 0.6128 0.8660 0.7493 0.8137 0.4530 0.7962 0.9346
222 223 224 0.6017 0.7803 0.3936 0.9771 0.9737 0.4691 0.3877 0.2662
223 224 225 0.2206 0.1128 0.4786 0.4562 0.2945 0.2073 0.5327 0.1998
224 225 226 0.4775 0.1499 0.3936 0.2338 0.8668 0.7973 0.0603 0.5540
225 226 227 0.3686 0.9481 0.9815 0.5156 0.7795 0.3837 0.9391 0.5147
226 227 228 0.6823 0.6273 0.6581 0.7573 0.0127 0.4165 0.5148 0.4434
227 228 229 0.6222 0.8598 0.2996 0.0688 0.1677 0.4533 0.8607 0.9413
228 229 230 0.2488 0.3585 0.8412 0.7764 0.9151 0.5620 0.8391 0.1331
229 230 231 0.7382 0.5891 0.5812 0.3762 0.1583 0.2651 0.0279 0.8891
230 231 232 0.9272 0.6370 0.6700 0.9913 0.5491 0.8663 0.7354 0.3933
231 232 233 0.9945 0.5560 0.9250 0.8819 0.9251 0.5743 0.0457 0.0484
232 233 234 0.2624 0.0779 0.3969 0.8563 0.8296 0.9749 0.8993 0.0496
233 234 235 0.3036 0.4810 0.2615 0.8591 0.3848 0.1236 0.5191 0.7707
234 235 236 0.4347 0.3660 0.1615 0.2671 0.5570 0.6612 0.2028 0.6062
235 236 237 0.5968 0.9880 0.2066 0.2994 0.2215 0.8548 0.9113 0.7107
236 237 238 0.1775 0.1376 0.9662 0.3558 0.0217 0.4447 0.7318 0.7034
237 238 239 0.0871 0.0077 0.9232 0.1201 0.0073 0.6924 0.9283 0.1914
238 239 240 0.1214 0.2583 0.1862 0.6760 0.3462 0.8034 0.5623 0.7507
239 240 241 0.6454 0.3673 0.2939 0.2863 0.9008 0.8821 0.4302 0.9103
240 241 242 0.6462 0.4630 0.4110 0.7283 0.1067 0.6959 0.5188 0.2116
241 242 243 0.5147 0.7182 0.2007 0.4349 0.7737 0.5929 0.8702 0.8175
242 243 244 0.7165 0.1422 0.0259 0.8948 0.1618 0.6913 0.3630 0.5691
243 244 245 0.4102 0.9875 0.5309 0.9841 0.0843 0.8943 0.1980 0.1448
244 245 246 0.1076 0.1018 0.4354 0.6135 0.9501 0.2410 0.6563 0.3438
245 246 247 0.8061 0.0615 0.5101 0.8429 0.2050 0.7416 0.0954 0.2642
246 247 248 0.0785 0.3742 0.8366 0.3327 0.1489 0.6983 0.4132 0.0156
247 248 249 0.9419 0.0275 0.6545 0.0509 0.9254 0.6093 0.5470 0.3249
248 249 250 0.2063 0.2660 0.2132 0.9014 0.6244 0.7090 0.6228 0.5934
249 250 251 0.2302 0.7503 0.2179 0.9841 0.8579 0.7355 0.6382 0.4718
250 251 252 0.1564 0.3456 0.8689 0.7779 0.0038 0.1339 0.5212 0.5163
251 252 253 0.0265 0.7823 0.1318 0.3885 0.0569 0.5833 0.8032 0.1374
252 253 254 0.6351 0.4355 0.6837 0.8084 0.9427 0.7842 0.6914 0.7275
253 254 255 0.0692 0.5086 0.7361 0.9202 0.1899 0.8630 0.4916 0.3205
254 255 256 0.8054 0.3778 0.8652 0.6647 0.9045 0.7746 0.6521 0.9299
255 256 257 0.4239 0.9843 0.5928 0.9925 0.3254 0.3542 0.8501 0.9303
256 257 258 0.5820 0.8734 0.9251 0.0416 0.2023 0.8351 0.8180 0.7368
257 258 259 0.4387 0.5675 0.5377 0.9418 0.7940 0.9512 0.6394 0.5496
258 259 260 0.1161 0.4337 0.1884 0.2247 0.1311 0.5189 0.9692 0.7251
259 260 261 0.3348 0.8974 0.6874 0.5663 0.4178 0.8449 0.7494 0.6452
260 261 262 0.3906 0.5296 0.9812 0.6482 0.8095 0.8409 0.0316 0.3285
261 262 263 0.3888 0.3503 0.2858 0.2329 0.7894 0.2024 0.9922 0.8361
262 263 264 0.3125 0.8205 0.4519 0.7852 0.4420 0.2804 0.3479 0.1007
263 264 265 0.4123 0.3164 0.6820 0.6733 0.7775 0.4502 0.4700 0.4096
264 265 266 0.6794 0.8365 0.3700 0.2207 0.1670 0.2696 0.2155 0.4532
265 266 267 0.8433 0.3707 0.7260 0.1444 0.6117 0.1497 0.3951 0.0621
266 267 268 0.3424 0.1877 0.8479 0.4468 0.4799 0.4965 0.0006 0.9378
267 268 269 0.0926 0.4483 0.3901 0.6752 0.7450 0.0840 0.9002 0.8264
268 269 270 0.3005 0.8274 0.0340 0.3738 0.4710 0.4395 0.4687 0.7112
269 270 271 0.3411 0.2970 0.1576 0.3150 0.0777 0.7335 0.7152 0.9041
270 271 272 0.6620 0.3917 0.7302 0.5131 0.5707 0.6296 0.4417 0.2531
271 272 273 0.2127 0.2570 0.7747 0.2342 0.0091 0.3525 0.3801 0.0059
272 273 274 0.3509 0.9772 0.3292 0.8332 0.5426 0.8739 0.8754 0.8359
273 274 275 0.6948 0.5814 0.4362 0.4544 0.8912 0.8273 0.8587 0.7139
274 275 276 0.8831 0.1538 0.9829 0.4652 0.8635 0.0157 0.7672 0.6509
275 276 277 0.5868 0.6855 0.2235 0.2199 0.3155 0.9735 0.6974 0.2090
276 277 278 0.4354 0.6073 0.8386 0.9746 0.7151 0.7382 0.0236 0.4516
277 278 000 0.0492 0.8910 0.3773 0.4167 0.2974 0.9115 0.2383 0.8584
278 000 001 0.6479 0.2829 0.7925 0.1363 0.7027 0.3828 0.2368 0.2414
