279 155682 3 279
000 001 002 0.1894 0.2585 0.4000 0.6890 0.6760 0.6047 0.4566 0.8994
001 002 003 0.2550 0.4994 0.5731 0.3942 0.3172 0.7701 0.7160 0.4437
002 003 004 0.2994 0.5114 0.8630 0.1535 0.9316 0.1307 0.8048 0.6464
003 004 005 0.0166 0.1892 0.1955 0.0614 0.2532 0.9792 0.9094 0.1097
004 005 006 0.2484 0.2284 0.2446 0.9970 0.6775 0.1976 0.9267 0.2703
005 006 007 0.7437 0.9631 0.4661 0.3130 0.2946 0.2248 0.4820 0.1059
006 007 008 0.5728 0.5282 0.0300 0.9656 0.4076 0.7789 0.2773 0.1845
007 008 009 0.7930 0.3881 0.3691 0.9379 0.0808 0.7706 0.6142 0.5438
008 009 010 0.2691 0.3390 0.9973 0.5251 0.3899 0.3187 0.3342 0.6314
009 010 011 0.2303 0.9044 0.2829 0.4561 0.0971 0.5145 0.5163 0.0200
010 011 012 0.3197 0.8837 0.7435 0.8286 0.4312 0.7846 0.6327 0.7757
011 012 013 0.4601 0.5827 0.6423 0.2117 0.6148 0.0371 0.2612 0.4304
012 013 014 0.0414 0.6981 0.8686 0.6106 0.2652 0.6817 0.5759 0.0677
013 014 015 0.1465 0.5791 0.6822 0.9924 0.2373 0.0933 0.7571 0.2357
014 015 016 0.5777 0.1727 0.9922 0.7125 0.7814 0.7810 0.7150 0.5478
015 016 017 0.6505 0.6494 0.0350 0.4300 0.7346 0.3327 0.8924 0.5479
016 017 018 0.6931 0.4667 0.9154 0.3172 0.2585 0.3627 0.7957 0.4822
017 018 019 0.0420 0.4730 0.9059 0.4232 0.7652 0.7724 0.7094 0.9578
018 019 020 0.9233 0.8789 0.5978 0.2580 0.2959 0.1781 0.4251 0.0739
019 020 021 0.4128 0.5443 0.0863 0.2839 0.1188 0.9904 0.7267 0.0189
020 021 022 0.4306 0.7848 0.6006 0.3406 0.2984 0.5943 0.6541 0.8212
021 022 023 0.3456 0.9559 0.1547 0.9682 0.2992 0.7233 0.9358 0.0285
022 023 024 0.5157 0.4365 0.1775 0.8895 0.4135 0.3650 0.2589 0.6807
023 024 025 0.1101 0.3880 0.8512 0.0144 0.9313 0.1188 0.4703 0.7812
024 025 026 0.4938 0.6197 0.6141 0.4677 0.7857 0.0852 0.4971 0.2300
025 026 027 0.8502 0.3241 0.4007 0.3341 0.8389 0.0585 0.8688 0.7382
026 027 028 0.4740 0.5002 0.8354 0.1784 0.4774 0.6642 0.9258 0.3699
027 028 029 0.5778 0.5621 0.9752 0.3142 0.1563 0.2571 0.1812 0.5112
028 029 030 0.7269 0.1775 0.9556 0.2535 0.9450 0.8863 0.2006 0.3961
029 030 031 0.5205 0.6902 0.4640 0.7179 0.8119 0.2067 0.1862 0.0604
030 031 032 0.5274 0.0425 0.6683 0.2825 0.5011 0.6598 0.7129 0.6418
031 032 033 0.0958 0.8262 0.1965 0.3881 0.2871 0.5372 0.6092 0.3180
032 033 034 0.7691 0.1864 0.9329 0.8323 0.4844 0.5030 0.1591 0.8226
033 034 035 0.0277 0.7912 0.7589 0.1440 0.0442 0.8213 0.1339 0.4072
034 035 036 0.4636 0.5940 0.3175 0.0414 0.1618 0.6425 0.7912 0.9338
035 036 037 0.6002 0.2275 0.4902 0.5266 0.5684 0.2813 0.4858 0.2605
036 037 038 0.3196 0.2940 0.7800 0.8744 0.3196 0.2245 0.5354 0.0306
037 038 039 0.7341 0.8365 0.3703 0.7303 0.1876 0.1443 0.1795 0.3664
038 039 040 0.5652 0.3218 0.1133 0.1732 0.5511 0.8919 0.6476 0.8386
039 040 041 0.1159 0.6882 0.3676 0.2289 0.9938 0.0980 0.8719 0.9904
040 041 042 0.7263 0.4597 0.4066 0.0747 0.1774 0.0802 0.2917 0.5450
041 042 043 0.6330 0.9448 0.1751 0.9534 0.9395 0.3713 0.8713 0.2202
042 043 044 0.8929 0.4260 0.4098 0.2957 0.5430 0.9092 0.1420 0.2654
043 044 045 0.8983 0.0524 0.0418 0.6473 0.5480 0.0962 0.6305 0.7876
044 045 046 0.0886 0.6833 0.3716 0.3143 0.9392 0.9519 0.1888 0.3642
045 046 047 0.7427 0.9624 0.5297 0.8852 0.7044 0.1883 0.5212 0.9634
046 047 048 0.9553 0.0289 0.4592 0.7561 0.6864 0.3363 0.7943 0.6139
047 048 049 0.4700 0.6532 0.2698 0.2503 0.5592 0.3688 0.3010 0.1849
048 049 050 0.1542 0.6654 0.0851 0.3371 0.8450 0.3825 0.2657 0.7525
049 050 051 0.0750 0.6897 0.5606 0.7933 0.5600 0.4211 0.1952 0.7570
050 051 052 0.7070 0.9839 0.0736 0.4178 0.7568 0.8274 0.4391 0.3767
051 052 053 0.5605 0.2773 0.6908 0.7205 0.7114 0.0032 0.8549 0.3058
052 053 054 0.4108 0.0159 0.4319 0.3413 0.5907 0.6545 0.5711 0.9919
053 054 055 0.9616 0.3049 0.3037 0.6481 0.3840 0.6565 0.8147 0.6665
054 055 056 0.4226 0.7542 0.5401 0.5279 0.9625 0.3639 0.5299 0.4189
055 056 057 0.0115 0.5944 0.0781 0.8978 0.0559 0.8741 0.3454 0.4711
056 057 058 0.0786 0.1075 0.3766 0.9577 0.4395 0.4160 0.6290 0.2499
057 058 059 0.4453 0.2624 0.3177 0.1918 0.6149 0.0392 0.5917 0.4396
058 059 060 0.4529 0.0157 0.3189 0.2787 0.5093 0.5042 0.5493 0.1636
059 060 061 0.1163 0.2527 0.5332 0.6794 0.0827 0.7891 0.5092 0.0187
060 061 062 0.8074 0.3825 0.3851 0.5385 0.6851 0.1813 0.5220 0.7183
061 062 063 0.7871 0.5343 0.9289 0.0715 0.1213 0.3381 0.3177 0.4754
062 063 064 0.9706 0.1627 0.0725 0.4401 0.1604 0.7375 0.0742 0.6743
063 064 065 0.8513 0.0539 0.5719 0.2520 0.7231 0.6406 0.7398 0.3956
064 065 066 0.9448 0.0164 0.9465 0.2400 0.0826 0.4393 0.1252 0.6789
065 066 067 0.9708 0.6022 0.9474 0.1329 0.1809 0.1856 0.3652 0.7367
066 067 068 0.4475 0.5543 0.4885 0.3528 0.9517 0.5884 0.8199 0.9048
067 068 069 0.3222 0.2100 0.5481 0.7441 0.8537 0.7995 0.4815 0.5392
068 069 070 0.3369 0.9618 0.1646 0.2749 0.1404 0.0974 0.2859 0.9416
069 070 071 0.8979 0.2616 0.7413 0.3756 0.3647 0.1518 0.1657 0.1231
070 071 072 0.9097 0.6222 0.9548 0.6178 0.2286 0.8037 0.8104 0.8250
071 072 073 0.5253 0.5362 0.9511 0.8865 0.2276 0.4412 0.0642 0.2159
072 073 074 0.9977 0.1464 0.1494 0.2385 0.8875 0.9743 0.6286 0.2172
073 074 075 0.0479 0.3569 0.3143 0.1781 0.0360 0.7001 0.7371 0.3128
074 075 076 0.6511 0.6207 0.8259 0.4550 0.9211 0.2045 0.4256 0.3033
075 076 077 0.8018 0.1596 0.3007 0.8945 0.5281 0.6507 0.2656 0.8551
076 077 078 0.6059 0.6194 0.7193 0.8721 0.2582 0.4216 0.9469 0.0234
077 078 079 0.6271 0.9994 0.8464 0.3957 0.3500 0.1174 0.4403 0.5776
078 079 080 0.0867 0.2982 0.0397 0.9561 0.8193 0.5830 0.9118 0.0183
079 080 081 0.9864 0.0724 0.6984 0.0630 0.3511 0.1796 0.5737 0.7281
080 081 082 0.2701 0.7654 0.6944 0.2444 0.0843 0.0994 0.6681 0.3032
081 082 083 0.2102 0.4753 0.3664 0.3863 0.9266 0.9211 0.8234 0.3060
082 083 084 0.4209 0.0487 0.8540 0.8710 0.6539 0.4470 0.2396 0.3062
083 084 085 0.6262 0.3301 0.5661 0.9874 0.5660 0.5495 0.2925 0.4841
084 085 086 0.9978 0.9332 0.2093 0.8248 0.9743 0.5512 0.6691 0.4409
085 086 087 0.5404 0.5128 0.0383 0.5718 0.8985 0.4387 0.3721 0.8294
086 087 088 0.2302 0.2029 0.0645 0.0050 0.9780 0.4998 0.1020 0.6777
087 088 089 0.6756 0.3890 0.3602 0.3359 0.4986 0.2055 0.6134 0.6348
088 089 090 0.5250 0.6970 0.5666 0.9121 0.0850 0.6089 0.3782 0.9989
089 090 091 0.1833 0.3430 0.9997 0.5264 0.4423 0.8193 0.1748 0.8299
090 091 092 0.9182 0.0800 0.5574 0.4395 0.2908 0.3484 0.3675 0.6533
091 092 093 0.3256 0.8723 0.6819 0.2566 0.8855 0.1064 0.3832 0.3700
092 093 094 0.9489 0.4040 0.8777 0.7437 0.1937 0.0657 0.6510 0.4782
093 094 095 0.6229 0.3060 0.2986 0.7521 0.7223 0.0189 0.3490 0.4030
094 095 096 0.2183 0.9562 0.9974 0.4324 0.4021 0.5613 0.4676 0.4301
095 096 097 0.7236 0.7581 0.9069 0.3029 0.4925 0.7031 0.1279 0.1890
096 097 098 0.2780 0.6884 0.4491 0.9635 0.9548 0.4740 0.6685 0.9939
097 098 099 0.6197 0.4699 0.6892 0.2844 0.1295 0.2493 0.9048 0.3444
098 099 100 0.6729 0.4496 0.4245 0.1193 0.5544 0.6309 0.3992 0.7861
099 100 101 0.5277 0.1168 0.5965 0.3015 0.1140 0.0370 0.3851 0.1365
100 101 102 0.3733 0.2126 0.0986 0.5832 0.4996 0.9194 0.9223 0.3063
101 102 103 0.5575 0.7299 0.4402 0.3809 0.8347 0.5085 0.7319 0.2743
102 103 104 0.9263 0.9906 0.9119 0.0501 0.5988 0.0652 0.6649 0.6450
103 104 105 0.7930 0.6458 0.0392 0.8850 0.9838 0.8545 0.5408 0.4899
104 105 106 0.6410 0.2348 0.3967 0.2107 0.9885 0.1659 0.6696 0.0203
105 106 107 0.6356 0.9346 0.5422 0.2224 0.9005 0.2629 0.9290 0.0679
106 107 108 0.8052 0.0482 0.8083 0.6230 0.3391 0.4139 0.8162 0.7771
107 108 109 0.9501 0.6731 0.0416 0.8668 0.4541 0.4211 0.1418 0.5174
108 109 110 0.0335 0.5946 0.1095 0.8386 0.2423 0.6867 0.6657 0.3328
109 110 111 0.7067 0.2324 0.2211 0.9187 0.2217 0.2527 0.4721 0.6931
110 111 112 0.8772 0.8900 0.1208 0.4916 0.4426 0.8016 0.8636 0.8904
111 112 113 0.0345 0.1920 0.4319 0.1209 0.2209 0.2133 0.2774 0.6735
112 113 114 0.1570 0.9031 0.8177 0.7081 0.6146 0.2063 0.8082 0.6552
113 114 115 0.1651 0.3194 0.9188 0.8367 0.9989 0.1286 0.1623 0.6896
114 115 116 0.0179 0.7824 0.4074 0.4747 0.7074 0.8975 0.0855 0.6021
115 116 117 0.2510 0.6333 0.8039 0.2528 0.9005 0.2872 0.4060 0.1237
116 117 118 0.4816 0.8121 0.9752 0.4601 0.4042 0.2491 0.1107 0.2249
117 118 119 0.8492 0.3374 0.0964 0.6855 0.2264 0.6990 0.5977 0.9837
118 119 120 0.2962 0.5069 0.9515 0.8050 0.1094 0.3229 0.0904 0.4433
119 120 121 0.5038 0.7089 0.8777 0.3355 0.2737 0.0678 0.8122 0.1344
120 121 122 0.8230 0.5876 0.9406 0.3834 0.7626 0.1975 0.1423 0.4843
121 122 123 0.6690 0.4368 0.9877 0.5861 0.7329 0.1459 0.8749 0.7649
122 123 124 0.8651 0.5600 0.7353 0.2447 0.6512 0.7908 0.1068 0.8767
123 124 125 0.1902 0.2281 0.4698 0.3763 0.9469 0.6613 0.7191 0.0845
124 125 126 0.7365 0.1722 0.5027 0.0049 0.0090 0.9928 0.2210 0.3673
125 126 127 0.2002 0.6362 0.1148 0.9092 0.4175 0.1491 0.0132 0.2418
126 127 128 0.2138 0.1921 0.6099 0.7969 0.7555 0.4953 0.6672 0.8167
127 128 129 0.9803 0.7921 0.3039 0.5751 0.3901 0.7892 0.6444 0.9544
128 129 130 0.7257 0.6351 0.4400 0.3810 0.4430 0.8657 0.5557 0.3513
129 130 131 0.7111 0.1317 0.6170 0.0911 0.9233 0.2390 0.6840 0.8482
130 131 132 0.5327 0.6129 0.0339 0.6111 0.3924 0.1261 0.0771 0.4415
131 132 133 0.6450 0.9989 0.5506 0.4945 0.4386 0.9156 0.9848 0.6927
132 133 134 0.7436 0.3850 0.3403 0.3020 0.5089 0.2402 0.0720 0.2776
133 134 135 0.4246 0.1632 0.4907 0.0582 0.0262 0.4732 0.8450 0.3927
134 135 136 0.3725 0.0004 0.9119 0.3274 0.8330 0.1767 0.5529 0.6998
135 136 137 0.4424 0.4260 0.9120 0.5252 0.7459 0.2695 0.4999 0.4391
136 137 138 0.0003 0.5250 0.7684 0.7632 0.7943 0.8309 0.6360 0.2990
137 138 139 0.7587 0.4694 0.7366 0.1402 0.3680 0.6983 0.4872 0.0512
138 139 140 0.2885 0.7089 0.3744 0.7218 0.6290 0.8860 0.5504 0.5134
139 140 141 0.5335 0.7000 0.3199 0.6234 0.2299 0.1301 0.3759 0.0085
140 141 142 0.6137 0.3151 0.0665 0.5723 0.4770 0.4393 0.8005 0.7498
141 142 143 0.9094 0.4327 0.0712 0.4340 0.5902 0.4525 0.2689 0.5667
142 143 144 0.7317 0.0923 0.0776 0.9481 0.6373 0.9406 0.8991 0.0176
143 144 145 0.3229 0.7477 0.4611 0.9977 0.1095 0.7374 0.6875 0.2408
144 145 146 0.3188 0.8279 0.5088 0.1994 0.4399 0.0833 0.6327 0.3498
145 146 147 0.1731 0.2465 0.0219 0.9394 0.0989 0.0021 0.7489 0.6882
146 147 148 0.1876 0.1781 0.7363 0.3649 0.1082 0.8669 0.4504 0.0070
147 148 149 0.5714 0.5746 0.1487 0.1385 0.3190 0.4272 0.6235 0.9338
148 149 150 0.6812 0.9076 0.9212 0.9636 0.2662 0.2319 0.4951 0.7282
149 150 151 0.8840 0.8834 0.7907 0.2499 0.2306 0.7920 0.7558 0.5093
150 151 152 0.8414 0.5174 0.9959 0.6226 0.5562 0.9309 0.2731 0.6851
151 152 153 0.3147 0.8884 0.4564 0.1783 0.2859 0.1106 0.9699 0.2329
152 153 154 0.8677 0.4353 0.2392 0.8080 0.0281 0.1075 0.9427 0.7084
153 154 155 0.6353 0.1663 0.2023 0.0930 0.4286 0.8069 0.6264 0.2252
154 155 156 0.0476 0.7975 0.0673 0.5838 0.3571 0.2372 0.0504 0.5446
155 156 157 0.4567 0.3408 0.1635 0.0284 0.3672 0.8047 0.9201 0.9000
156 157 158 0.7209 0.9895 0.3726 0.9924 0.2680 0.8958 0.7341 0.5833
157 158 159 0.9459 0.6814 0.8574 0.9683 0.1035 0.4331 0.1845 0.6859
158 159 160 0.8599 0.5334 0.2524 0.1693 0.5111 0.1441 0.8542 0.0934
159 160 161 0.3731 0.5292 0.9550 0.4749 0.0553 0.1835 0.2780 0.6105
160 161 162 0.1594 0.2150 0.6357 0.8877 0.4419 0.8642 0.3980 0.4676
161 162 163 0.6374 0.7957 0.1790 0.5269 0.7632 0.8853 0.8525 0.6815
162 163 164 0.9707 0.6778 0.3001 0.3436 0.0160 0.5519 0.0926 0.0058
163 164 165 0.7918 0.6972 0.1024 0.5432 0.6199 0.4931 0.3153 0.8299
164 165 166 0.2361 0.1722 0.0738 0.2206 0.0771 0.3914 0.6793 0.2128
165 166 167 0.2155 0.4641 0.8713 0.8069 0.1077 0.3223 0.8855 0.7604
166 167 168 0.7330 0.9089 0.7481 0.8729 0.0722 0.5597 0.7737 0.2045
167 168 169 0.8394 0.1334 0.4266 0.5112 0.6536 0.5258 0.3790 0.9138
168 169 170 0.0064 0.5907 0.5475 0.9887 0.2295 0.7570 0.4830 0.1886
169 170 171 0.4666 0.6344 0.3780 0.7928 0.7180 0.9197 0.8379 0.9630
170 171 172 0.2927 0.5261 0.9861 0.7349 0.9596 0.6907 0.5502 0.2900
171 172 173 0.6581 0.9848 0.7170 0.9399 0.4540 0.7740 0.7381 0.2769
172 173 174 0.4158 0.9541 0.7580 0.7283 0.0806 0.0030 0.0003 0.2759
173 174 175 0.8201 0.2017 0.5686 0.5583 0.2203 0.7972 0.4542 0.9760
174 175 176 0.8053 0.0135 0.7402 0.5785 0.9466 0.6803 0.5452 0.1654
175 176 177 0.0488 0.5559 0.4582 0.5406 0.2206 0.2383 0.3299 0.3521
176 177 178 0.8997 0.2965 0.7828 0.2635 0.1755 0.1163 0.0083 0.8126
177 178 179 0.0724 0.9853 0.8851 0.6566 0.9370 0.4208 0.3773 0.6420
178 179 180 0.6076 0.8359 0.8793 0.0529 0.7179 0.8187 0.1428 0.8279
179 180 181 0.2944 0.8235 0.1054 0.7346 0.6897 0.3710 0.2292 0.8401
180 181 182 0.4603 0.5424 0.3232 0.4885 0.2874 0.4520 0.3216 0.0454
181 182 183 0.3699 0.1753 0.1698 0.5698 0.0051 0.5801 0.8579 0.8816
182 183 184 0.0103 0.1824 0.3142 0.0883 0.2600 0.9756 0.1778 0.5625
183 184 185 0.7514 0.5873 0.3471 0.2305 0.0789 0.9938 0.5542 0.8763
184 185 186 0.7727 0.8088 0.5356 0.8294 0.6882 0.6931 0.2876 0.3748
185 186 187 0.1777 0.3845 0.8737 0.8774 0.9481 0.0220 0.7731 0.1713
186 187 188 0.3907 0.9683 0.8530 0.3996 0.9775 0.6932 0.2789 0.1451
187 188 189 0.8028 0.6524 0.1139 0.1050 0.5949 0.0946 0.6852 0.9601
188 189 190 0.5973 0.3873 0.9649 0.4050 0.7841 0.5922 0.4334 0.8004
189 190 191 0.5397 0.6138 0.6376 0.6178 0.5353 0.1968 0.5707 0.0976
190 191 192 0.9686 0.2368 0.6828 0.7265 0.7859 0.5570 0.1761 0.5369
191 192 193 0.4738 0.8858 0.5169 0.4933 0.6476 0.8522 0.8180 0.1840
192 193 194 0.7574 0.4586 0.3607 0.8639 0.5634 0.3952 0.1011 0.0199
193 194 195 0.0738 0.4646 0.7945 0.8856 0.6943 0.3283 0.0740 0.1406
194 195 196 0.7134 0.4053 0.4407 0.1040 0.4667 0.4481 0.0578 0.4753
195 196 197 0.0313 0.7731 0.0365 0.2113 0.0732 0.7647 0.2076 0.6857
196 197 198 0.8314 0.4510 0.4680 0.4066 0.8291 0.8905 0.9681 0.5152
197 198 199 0.0922 0.1979 0.2536 0.4122 0.4256 0.2441 0.0977 0.9599
198 199 200 0.1383 0.6304 0.5479 0.6275 0.5054 0.5721 0.0040 0.4851
199 200 201 0.4176 0.0170 0.9277 0.8097 0.1182 0.6815 0.7296 0.4018
200 201 202 0.2943 0.4057 0.9413 0.5018 0.9530 0.5846 0.5228 0.0621
201 202 203 0.2477 0.9266 0.3423 0.9261 0.8526 0.5139 0.0403 0.4344
202 203 204 0.6623 0.6935 0.5656 0.3506 0.5801 0.1491 0.7496 0.4198
203 204 205 0.0951 0.1215 0.4004 0.7597 0.6612 0.4415 0.1456 0.2793
204 205 206 0.4654 0.4933 0.7040 0.9976 0.9257 0.1456 0.0333 0.0768
205 206 207 0.9205 0.6756 0.7140 0.6508 0.4721 0.0232 0.9299 0.7669
206 207 208 0.0908 0.5442 0.7593 0.5956 0.5053 0.5219 0.0117 0.8901
207 208 209 0.7087 0.2251 0.1691 0.7911 0.6590 0.2276 0.4786 0.8209
208 209 210 0.1432 0.5014 0.6390 0.5250 0.1754 0.6618 0.3647 0.8463
209 210 211 0.5221 0.8211 0.7356 0.2754 0.3110 0.4366 0.0415 0.7776
210 211 212 0.2504 0.0904 0.1042 0.8099 0.4661 0.9119 0.9708 0.0628
211 212 213 0.4511 0.0305 0.4650 0.5853 0.8291 0.6276 0.8863 0.7492
212 213 214 0.9180 0.5795 0.3320 0.5661 0.9479 0.9834 0.5713 0.4348
213 214 215 0.6217 0.3095 0.8041 0.1091 0.6102 0.1088 0.7803 0.5932
214 215 216 0.8273 0.9631 0.4020 0.4684 0.4301 0.6011 0.1891 0.4345
215 216 217 0.8131 0.5917 0.8668 0.6966 0.7074 0.3711 0.4720 0.0262
216 217 218 0.1887 0.7640 0.5077 0.6481 0.9898 0.9925 0.5909 0.8351
217 218 219 0.4493 0.7285 0.2951 0.2904 0.2018 0.7749 0.1169 0.6174
218 219 220 0.0389 0.1268 0.7993 0.2673 0.2477 0.1148 0.1627 0.4491
219 220 221 0.0132 0.0615 0.9472 0.6139 0.1139 0.8762 0.9491 0.0718
220 221 222 0.0654 0.2869 0.2388 0.3567 0.9413 0.5479 0.3178 0.6918
221 222 223 0.5978 0.8818 0.1074 0.3490 0.6610 0.4170 0.5222 0.6817
222 223 224 0.2770 0.4721 0.1615 0.3575 0.8970 0.5986 0.2426 0.8362
223 224 225 0.5157 0.0314 0.2590 0.3599 0.3156 0.9560 0.3657 0.0951
224 225 226 0.8920 0.1842 0.9249 0.4328 0.4341 0.7783 0.3757 0.2010
225 226 227 0.5633 0.9537 0.4389 0.3412 0.7852 0.7569 0.2197 0.4333
226 227 228 0.6898 0.8962 0.8409 0.0950 0.8214 0.2826 0.6454 0.0176
227 228 229 0.6877 0.2422 0.4385 0.2348 0.5282 0.3089 0.9312 0.4412
228 229 230 0.6658 0.6559 0.3133 0.7673 0.8775 0.2868 0.2298 0.4534
229 230 231 0.2059 0.1664 0.1600 0.0314 0.6606 0.9557 0.4675 0.4389
230 231 232 0.9328 0.7392 0.4716 0.0554 0.4353 0.3609 0.4339 0.3097
231 232 233 0.4038 0.3795 0.4473 0.5058 0.3209 0.0487 0.9571 0.7419
232 233 234 0.5986 0.3017 0.5339 0.5501 0.8118 0.4609 0.1497 0.9594
233 234 235 0.8442 0.0404 0.2845 0.9875 0.1466 0.7699 0.9065 0.4817
234 235 236 0.0297 0.7326 0.8496 0.9016 0.5993 0.9080 0.4539 0.4426
235 236 237 0.4199 0.1947 0.1487 0.3306 0.2648 0.3496 0.0715 0.5946
236 237 238 0.4437 0.6162 0.3387 0.1310 0.1403 0.9584 0.0162 0.6216
237 238 239 0.4638 0.1342 0.4950 0.9861 0.1150 0.9030 0.5219 0.7009
238 239 240 0.2221 0.9031 0.6973 0.2590 0.8943 0.9106 0.5465 0.4150
239 240 241 0.2527 0.4974 0.8216 0.9398 0.1110 0.7047 0.2510 0.8422
240 241 242 0.9239 0.2436 0.4953 0.3989 0.0727 0.5176 0.3854 0.9892
241 242 243 0.5156 0.0890 0.8134 0.1788 0.7713 0.9607 0.8589 0.7060
242 243 244 0.4977 0.8642 0.8410 0.2554 0.7393 0.4663 0.5771 0.0824
243 244 245 0.1240 0.5654 0.9499 0.8942 0.4458 0.5610 0.8077 0.1189
244 245 246 0.8208 0.7543 0.4318 0.8082 0.0209 0.7693 0.5377 0.5693
245 246 247 0.8372 0.9747 0.0167 0.4210 0.1461 0.9596 0.1298 0.4104
246 247 248 0.4067 0.4157 0.8838 0.7753 0.5239 0.7439 0.5224 0.0777
247 248 249 0.1791 0.4465 0.0543 0.8820 0.5731 0.0110 0.4945 0.1114
248 249 250 0.2112 0.5860 0.4730 0.3946 0.6587 0.3212 0.6172 0.8991
249 250 251 0.1030 0.5975 0.6082 0.1510 0.7485 0.6909 0.4429 0.1301
250 251 252 0.0765 0.7206 0.1446 0.4455 0.1393 0.0453 0.6918 0.1407
251 252 253 0.9844 0.4621 0.1044 0.1202 0.6259 0.0736 0.6262 0.9721
252 253 254 0.3634 0.7021 0.9784 0.3681 0.6387 0.0543 0.3105 0.5638
253 254 255 0.4536 0.2473 0.5755 0.7180 0.2036 0.0901 0.5678 0.0806
254 255 256 0.3189 0.2895 0.1163 0.9828 0.2511 0.1437 0.7633 0.6106
255 256 257 0.8178 0.8801 0.2999 0.0489 0.5628 0.3232 0.9031 0.3348
256 257 258 0.7475 0.3806 0.6193 0.0649 0.2101 0.4504 0.7087 0.5448
257 258 259 0.8237 0.9253 0.3637 0.4581 0.3282 0.0338 0.6680 0.0673
258 259 260 0.8582 0.7796 0.0501 0.7132 0.0014 0.9726 0.8650 0.1209
259 260 261 0.5676 0.8717 0.3457 0.2271 0.7200 0.9635 0.1432 0.8360
260 261 262 0.1556 0.4626 0.3698 0.8938 0.8938 0.2628 0.6713 0.1314
261 262 263 0.2482 0.7050 0.2730 0.0714 0.8742 0.0182 0.1275 0.2439
262 263 264 0.1755 0.1394 0.5005 0.0594 0.2736 0.2499 0.1923 0.1102
263 264 265 0.5535 0.3145 0.2708 0.2772 0.7989 0.2377 0.0789 0.0432
264 265 266 0.0741 0.9616 0.9245 0.5064 0.1549 0.6473 0.7138 0.7673
265 266 267 0.1619 0.3735 0.6764 0.9785 0.4690 0.8377 0.5233 0.6166
266 267 268 0.9282 0.3296 0.7125 0.6489 0.0397 0.9050 0.9984 0.3056
267 268 269 0.8794 0.2827 0.0537 0.9111 0.9845 0.8692 0.4009 0.9770
268 269 270 0.3216 0.5791 0.5109 0.8914 0.2489 0.2225 0.9181 0.7913
269 270 271 0.7170 0.2170 0.1598 0.1064 0.5816 0.4092 0.6122 0.2665
270 271 272 0.5858 0.5786 0.1026 0.6484 0.8067 0.0846 0.7725 0.4353
271 272 273 0.3297 0.4033 0.1850 0.3077 0.9769 0.7944 0.7156 0.8450
272 273 274 0.5213 0.0710 0.6220 0.6620 0.4100 0.6917 0.0260 0.5358
273 274 275 0.7252 0.1445 0.9125 0.8920 0.9938 0.0731 0.2691 0.9582
274 275 276 0.5948 0.3064 0.7064 0.4641 0.3446 0.5081 0.6081 0.1371
275 276 277 0.3739 0.1552 0.9587 0.0354 0.0150 0.0111 0.1081 0.5439
276 277 278 0.0094 0.8947 0.5153 0.9864 0.7742 0.1983 0.0296 0.2565
277 278 000 0.2838 0.9548 0.2687 0.2474 0.7031 0.6449 0.0672 0.5633
278 000 001 0.8933 0.8275 0.7558 0.4251 0.4277 0.8824 0.1586 0.7311
