279 155682 3 279
000 001 002 0.1291 0.4379 0.3456 0.9459 0.8302 0.3385 0.1805 0.1048
001 002 003 0.6143 0.3242 0.8556 0.3252 0.4482 0.3231 0.0220 0.1227
002 003 004 0.3707 0.0612 0.9173 0.8804 0.3719 0.5753 0.0410 0.2019
003 004 005 0.1071 0.8802 0.8648 0.3101 0.3026 0.6854 0.0357 0.6230
004 005 006 0.0881 0.8258 0.2502 0.8515 0.4976 0.6217 0.4228 0.2264
005 006 007 0.4253 0.1490 0.3174 0.0184 0.4503 0.4132 0.0293 0.8886
006 007 008 0.4223 0.1622 0.4027 0.3315 0.6382 0.3890 0.8115 0.9773
007 008 009 0.9097 0.4478 0.2926 0.4708 0.6737 0.5392 0.4934 0.6707
008 009 010 0.7504 0.0544 0.9786 0.9988 0.6593 0.1738 0.4212 0.7637
009 010 011 0.9156 0.7456 0.7967 0.5355 0.7635 0.6079 0.1003 0.1815
010 011 012 0.9049 0.6185 0.9274 0.2995 0.2355 0.3280 0.3192 0.3654
011 012 013 0.7565 0.6226 0.4037 0.7716 0.5658 0.7689 0.3981 0.5813
012 013 014 0.5176 0.7047 0.9210 0.2270 0.8228 0.4907 0.4518 0.3445
013 014 015 0.8509 0.8460 0.8201 0.4429 0.8257 0.1899 0.0219 0.5536
014 015 016 0.8440 0.0068 0.5430 0.7400 0.8533 0.6674 0.6361 0.2464
015 016 017 0.0790 0.7957 0.9926 0.2929 0.6421 0.1310 0.4343 0.7858
016 017 018 0.2371 0.2365 0.5428 0.1620 0.9132 0.6101 0.7363 0.1501
017 018 019 0.2463 0.6312 0.7008 0.8765 0.3161 0.6272 0.2472 0.0848
018 019 020 0.0019 0.6046 0.0320 0.9319 0.3766 0.6559 0.2185 0.7740
019 020 021 0.2447 0.1452 0.2413 0.9381 0.8609 0.8621 0.4994 0.8662
020 021 022 0.8668 0.6790 0.5859 0.6976 0.4147 0.3576 0.3656 0.2111
021 022 023 0.2635 0.2391 0.7577 0.5296 0.7186 0.4995 0.6477 0.2279
022 023 024 0.8898 0.4428 0.1361 0.8975 0.4468 0.2896 0.6589 0.5544
023 024 025 0.8529 0.8037 0.6541 0.1303 0.2874 0.4162 0.3183 0.0111
024 025 026 0.5872 0.4781 0.8149 0.2523 0.3052 0.4654 0.9016 0.3981
025 026 027 0.3857 0.9534 0.3103 0.9260 0.8477 0.9283 0.0963 0.7633
026 027 028 0.0902 0.4599 0.1038 0.3931 0.0491 0.2996 0.4378 0.9244
027 028 029 0.2680 0.2427 0.2994 0.4092 0.6252 0.4823 0.6235 0.5219
028 029 030 0.1165 0.3329 0.4444 0.8720 0.9193 0.6577 0.2490 0.3331
029 030 031 0.8288 0.6691 0.5502 0.1037 0.0680 0.2749 0.1669 0.1415
030 031 032 0.4540 0.5785 0.7764 0.7501 0.8508 0.4742 0.7183 0.0604
031 032 033 0.8932 0.5365 0.5452 0.3833 0.4535 0.2669 0.2170 0.0113
032 033 034 0.0249 0.9679 0.4337 0.3484 0.8090 0.3818 0.5492 0.7851
033 034 035 0.1762 0.8813 0.7640 0.3449 0.7359 0.6180 0.6042 0.1380
034 035 036 0.9734 0.8092 0.7972 0.1382 0.8767 0.6570 0.9976 0.6610
035 036 037 0.9320 0.1743 0.6063 0.9197 0.9610 0.1472 0.1601 0.4905
036 037 038 0.0066 0.3614 0.6024 0.6523 0.7734 0.3099 0.6596 0.3122
037 038 039 0.8463 0.2242 0.7683 0.8191 0.9037 0.9081 0.1837 0.1624
038 039 040 0.9552 0.7439 0.4617 0.0049 0.1756 0.8006 0.0903 0.3406
039 040 041 0.2416 0.2091 0.7939 0.1604 0.5243 0.1297 0.8128 0.6953
040 041 042 0.7413 0.3529 0.3620 0.7067 0.0633 0.1357 0.9706 0.7815
041 042 043 0.5991 0.8373 0.9059 0.3948 0.7585 0.1927 0.4789 0.6896
042 043 044 0.2080 0.2626 0.1708 0.7653 0.7643 0.2855 0.5868 0.3797
043 044 045 0.8424 0.5674 0.7795 0.0541 0.3635 0.7929 0.7323 0.7964
044 045 046 0.2336 0.3766 0.5790 0.7343 0.4377 0.0270 0.6837 0.8605
045 046 047 0.4689 0.0741 0.3509 0.2010 0.2607 0.8498 0.3629 0.1758
046 047 048 0.8857 0.1925 0.1410 0.4825 0.2509 0.4022 0.9617 0.8516
047 048 049 0.6903 0.1024 0.8809 0.2185 0.9115 0.8799 0.3155 0.0661
048 049 050 0.9419 0.5657 0.3996 0.1480 0.3632 0.6683 0.7093 0.5403
049 050 051 0.4915 0.9708 0.5195 0.4360 0.8503 0.9843 0.3334 0.5252
050 051 052 0.2045 0.3155 0.6020 0.3360 0.3138 0.7573 0.9205 0.8190
051 052 053 0.7035 0.3077 0.7659 0.3943 0.5104 0.2553 0.1518 0.4233
052 053 054 0.7779 0.3540 0.8354 0.9671 0.5701 0.7079 0.6872 0.0240
053 054 055 0.6127 0.7711 0.1254 0.5702 0.3519 0.8300 0.2194 0.8699
054 055 056 0.5007 0.9650 0.9446 0.8385 0.3249 0.7362 0.1014 0.7526
055 056 057 0.2457 0.7624 0.4469 0.2510 0.3766 0.7716 0.2199 0.2427
056 057 058 0.9967 0.5554 0.8818 0.5277 0.4808 0.7405 0.8578 0.5698
057 058 059 0.4854 0.3685 0.4630 0.4901 0.6590 0.5104 0.9817 0.0846
058 059 060 0.2863 0.8490 0.9487 0.3237 0.1972 0.4212 0.1124 0.9764
059 060 061 0.8788 0.3483 0.2892 0.4744 0.7042 0.4218 0.3777 0.3315
060 061 062 0.3444 0.4806 0.6108 0.1063 0.9605 0.3213 0.8967 0.9085
061 062 063 0.6175 0.5415 0.5428 0.2204 0.2189 0.6087 0.6565 0.6672
062 063 064 0.0788 0.8618 0.9303 0.7193 0.0368 0.3055 0.6658 0.1649
063 064 065 0.3059 0.5564 0.2934 0.8158 0.9856 0.6250 0.5131 0.6303
064 065 066 0.3449 0.7613 0.7526 0.1847 0.0690 0.6524 0.9157 0.6554
065 066 067 0.8515 0.0684 0.7449 0.7732 0.7533 0.2425 0.4510 0.4231
066 067 068 0.4060 0.1565 0.4585 0.8968 0.0037 0.9483 0.7875 0.3097
067 068 069 0.3142 0.0702 0.6244 0.4117 0.9320 0.3854 0.7816 0.2330
068 069 070 0.7894 0.9235 0.2424 0.7699 0.1063 0.4676 0.6702 0.3515
069 070 071 0.5140 0.8035 0.6354 0.9760 0.5770 0.4715 0.6569 0.1084
070 071 072 0.1692 0.0373 0.1164 0.1247 0.8909 0.1838 0.2304 0.5971
071 072 073 0.7658 0.4427 0.7593 0.7069 0.4409 0.6279 0.3099 0.0623
072 073 074 0.4751 0.3339 0.1781 0.8155 0.8603 0.7522 0.2893 0.6847
073 074 075 0.4932 0.2354 0.2609 0.0252 0.4474 0.0377 0.0518 0.1718
074 075 076 0.3268 0.2867 0.3973 0.8490 0.6363 0.0119 0.3232 0.5307
075 076 077 0.3143 0.5152 0.5547 0.1597 0.5127 0.3272 0.4926 0.9067
076 077 078 0.2135 0.5565 0.9195 0.8350 0.9863 0.8636 0.4175 0.0144
077 078 079 0.4327 0.7875 0.6506 0.0663 0.8566 0.0353 0.9763 0.6698
078 079 080 0.0583 0.3668 0.3888 0.2395 0.3982 0.1748 0.8203 0.8014
079 080 081 0.1152 0.0708 0.2150 0.9654 0.3885 0.9313 0.4550 0.6309
080 081 082 0.7719 0.2211 0.6154 0.1596 0.0696 0.8561 0.9842 0.8923
081 082 083 0.7983 0.7966 0.1865 0.9675 0.4419 0.1099 0.9836 0.9789
082 083 084 0.5237 0.7848 0.6458 0.9782 0.3679 0.4939 0.5539 0.6430
083 084 085 0.8432 0.6653 0.0088 0.7922 0.3339 0.0225 0.2137 0.4689
084 085 086 0.3439 0.5080 0.3362 0.4281 0.2982 0.7625 0.1286 0.8615
085 086 087 0.8316 0.0560 0.0995 0.3181 0.4031 0.5696 0.6411 0.8529
086 087 088 0.6496 0.7292 0.0048 0.2337 0.4787 0.1244 0.5044 0.1805
087 088 089 0.0882 0.9778 0.7038 0.2772 0.9762 0.8154 0.1498 0.4379
088 089 090 0.1733 0.8379 0.7336 0.4116 0.8687 0.1605 0.7412 0.7170
089 090 091 0.1726 0.1537 0.2529 0.5649 0.1244 0.1682 0.0213 0.2714
090 091 092 0.0455 0.2004 0.5364 0.3089 0.8860 0.8500 0.9667 0.8838
091 092 093 0.7904 0.6567 0.2655 0.8476 0.6073 0.8352 0.9097 0.9550
092 093 094 0.8032 0.2718 0.2003 0.9461 0.6211 0.7542 0.1600 0.7134
093 094 095 0.9779 0.8892 0.5084 0.1125 0.4869 0.8609 0.0017 0.0817
094 095 096 0.3621 0.0553 0.8759 0.1174 0.3100 0.9534 0.2397 0.0582
095 096 097 0.6919 0.6391 0.0945 0.4179 0.7526 0.1247 0.8944 0.3709
096 097 098 0.7196 0.2809 0.0791 0.4220 0.2598 0.9838 0.4417 0.6183
097 098 099 0.9705 0.3642 0.4234 0.2291 0.8556 0.7595 0.5836 0.2907
098 099 100 0.1553 0.7650 0.1639 0.7420 0.8092 0.4570 0.9468 0.6488
099 100 101 0.2402 0.7510 0.8311 0.1913 0.4582 0.7443 0.7715 0.8535
100 101 102 0.9235 0.3654 0.2743 0.5335 0.6168 0.2128 0.4891 0.8914
101 102 103 0.2318 0.0857 0.0641 0.6528 0.0089 0.4897 0.7189 0.9951
102 103 104 0.9512 0.4172 0.2845 0.7855 0.4320 0.3545 0.7547 0.8072
103 104 105 0.6759 0.1902 0.9900 0.6878 0.6306 0.2350 0.8899 0.2159
104 105 106 0.1479 0.7013 0.1381 0.9024 0.2154 0.3486 0.7881 0.6689
105 106 107 0.5912 0.2985 0.8260 0.1545 0.8492 0.7990 0.5911 0.7932
106 107 108 0.5044 0.6785 0.7855 0.3495 0.4936 0.3522 0.9849 0.3784
107 108 109 0.9455 0.0630 0.9117 0.7221 0.6216 0.3218 0.9360 0.7293
108 109 110 0.0267 0.7020 0.6151 0.5087 0.1337 0.1644 0.9785 0.6242
109 110 111 0.2074 0.4276 0.4639 0.3895 0.5407 0.5200 0.0645 0.8960
110 111 112 0.1728 0.8297 0.4009 0.3498 0.1220 0.3557 0.9244 0.1573
111 112 113 0.4099 0.6297 0.0698 0.3127 0.0270 0.0772 0.7519 0.5512
112 113 114 0.1625 0.4578 0.6974 0.5212 0.9932 0.9814 0.5151 0.0859
113 114 115 0.6049 0.6290 0.9660 0.4859 0.3935 0.4333 0.5348 0.9768
114 115 116 0.3393 0.1922 0.2069 0.3355 0.7671 0.7274 0.3286 0.7587
115 116 117 0.2781 0.7818 0.7864 0.6993 0.5049 0.2607 0.0584 0.2367
116 117 118 0.2038 0.0438 0.2519 0.1893 0.7356 0.8513 0.0254 0.0700
117 118 119 0.5911 0.9710 0.8856 0.7362 0.6126 0.7761 0.8658 0.1699
118 119 120 0.6933 0.1028 0.8267 0.3885 0.3630 0.3575 0.8410 0.9830
119 120 121 0.4978 0.3956 0.8345 0.2091 0.4661 0.0525 0.6872 0.7143
120 121 122 0.3975 0.7494 0.9187 0.2726 0.2847 0.2958 0.9620 0.6699
121 122 123 0.5513 0.5269 0.8819 0.4135 0.9607 0.3745 0.4618 0.4650
122 123 124 0.8022 0.6495 0.1958 0.3273 0.7752 0.8322 0.7064 0.0967
123 124 125 0.3565 0.0078 0.4837 0.6211 0.8847 0.2662 0.2568 0.6731
124 125 126 0.1500 0.7278 0.1055 0.4640 0.8106 0.2508 0.4738 0.4160
125 126 127 0.4217 0.0055 0.5812 0.3121 0.7340 0.0115 0.0184 0.6068
126 127 128 0.9771 0.8792 0.5089 0.8877 0.4921 0.2393 0.0196 0.5352
127 128 129 0.9705 0.7013 0.1387 0.7165 0.1982 0.6223 0.0677 0.3325
128 129 130 0.8821 0.7681 0.3268 0.8754 0.4413 0.7047 0.3140 0.0510
129 130 131 0.2886 0.6514 0.1138 0.8079 0.6967 0.7693 0.1525 0.6102
130 131 132 0.5918 0.5563 0.7267 0.5084 0.3592 0.9088 0.5389 0.2653
131 132 133 0.9110 0.4936 0.5629 0.7458 0.0283 0.0054 0.4656 0.5369
132 133 134 0.3262 0.6600 0.9238 0.9761 0.3736 0.0422 0.6844 0.3159
133 134 135 0.9999 0.0526 0.0462 0.0138 0.9816 0.9697 0.7472 0.7165
134 135 136 0.3453 0.0254 0.0311 0.4994 0.7157 0.6538 0.3267 0.5606
135 136 137 0.1279 0.4990 0.3911 0.4525 0.4120 0.0491 0.4377 0.5480
136 137 138 0.0857 0.4340 0.7405 0.9979 0.8254 0.7273 0.3957 0.8331
137 138 139 0.7210 0.2141 0.4386 0.6238 0.3993 0.8979 0.3968 0.1569
138 139 140 0.5985 0.2402 0.5169 0.2345 0.6286 0.7262 0.7371 0.6939
139 140 141 0.0068 0.7911 0.7656 0.8155 0.0586 0.6238 0.0208 0.7527
140 141 142 0.7202 0.4910 0.8000 0.5880 0.5708 0.0499 0.5185 0.9362
141 142 143 0.4019 0.5111 0.8073 0.9201 0.9155 0.0020 0.9331 0.3838
142 143 144 0.6641 0.2548 0.6206 0.2847 0.1214 0.2220 0.8522 0.6809
143 144 145 0.8799 0.7010 0.4525 0.6904 0.3956 0.8746 0.5155 0.4589
144 145 146 0.6471 0.4511 0.5214 0.9213 0.2635 0.1292 0.8891 0.9075
145 146 147 0.1744 0.2358 0.8832 0.9133 0.1484 0.0795 0.0591 0.1150
146 147 148 0.3266 0.1979 0.1227 0.6556 0.8651 0.7349 0.6159 0.7805
147 148 149 0.4618 0.9108 0.7628 0.8228 0.1371 0.8914 0.7004 0.4368
148 149 150 0.8635 0.2124 0.9419 0.7137 0.4737 0.5676 0.7246 0.8639
149 150 151 0.6608 0.2019 0.5438 0.3790 0.1647 0.1272 0.2839 0.4689
150 151 152 0.0978 0.7957 0.8099 0.5108 0.5162 0.6831 0.2335 0.9929
151 152 153 0.9772 0.3364 0.7354 0.0985 0.7235 0.7692 0.0934 0.3731
152 153 154 0.1299 0.8180 0.3718 0.7508 0.8249 0.3852 0.4629 0.2078
153 154 155 0.3557 0.4756 0.6286 0.7150 0.8244 0.7085 0.2639 0.1939
154 155 156 0.9776 0.2475 0.9040 0.9110 0.6965 0.3755 0.6390 0.5721
155 156 157 0.5494 0.4041 0.8603 0.2071 0.9803 0.1858 0.9707 0.8649
156 157 158 0.7866 0.4021 0.8524 0.2071 0.5406 0.9876 0.6318 0.2998
157 158 159 0.6816 0.1347 0.9870 0.3540 0.4461 0.2226 0.0902 0.8187
158 159 160 0.7590 0.0124 0.0072 0.5212 0.0508 0.9025 0.1691 0.4916
159 160 161 0.8516 0.8857 0.5023 0.6697 0.8892 0.9445 0.2476 0.1498
160 161 162 0.1561 0.6151 0.5875 0.4749 0.0982 0.3302 0.3268 0.2631
161 162 163 0.0855 0.7149 0.3777 0.8281 0.2698 0.6933 0.3309 0.8388
162 163 164 0.1530 0.7921 0.5735 0.5397 0.1025 0.3824 0.6315 0.2006
163 164 165 0.3125 0.5894 0.8144 0.8504 0.8075 0.6544 0.6111 0.2409
164 165 166 0.8037 0.6447 0.0303 0.0321 0.2230 0.4566 0.0790 0.6698
165 166 167 0.3103 0.9361 0.0355 0.5921 0.0293 0.5508 0.8696 0.5408
166 167 168 0.6564 0.6161 0.0113 0.3613 0.2481 0.2396 0.6255 0.0277
167 168 169 0.3559 0.2944 0.5589 0.3818 0.7530 0.5089 0.9644 0.8954
168 169 170 0.5562 0.4234 0.6372 0.4525 0.0508 0.0138 0.3502 0.1622
169 170 171 0.6243 0.8532 0.1164 0.9616 0.2872 0.2406 0.5178 0.8332
170 171 172 0.7230 0.4394 0.7677 0.9839 0.2762 0.8499 0.0970 0.9243
171 172 173 0.4739 0.8924 0.0988 0.1050 0.4147 0.6903 0.7199 0.5128
172 173 174 0.4363 0.4507 0.1513 0.6229 0.8672 0.4494 0.8093 0.6018
173 174 175 0.7290 0.2287 0.2813 0.4619 0.6781 0.0600 0.8893 0.0763
174 175 176 0.2320 0.6740 0.5887 0.5692 0.0543 0.4822 0.3551 0.5523
175 176 177 0.9157 0.4783 0.3627 0.1893 0.3614 0.4926 0.9043 0.0851
176 177 178 0.8973 0.5249 0.9312 0.0192 0.1839 0.9349 0.8223 0.8942
177 178 179 0.8219 0.3223 0.7347 0.8784 0.6888 0.7798 0.0817 0.9139
178 179 180 0.3331 0.2599 0.9515 0.7026 0.7532 0.5693 0.9767 0.9457
179 180 181 0.1676 0.7290 0.1847 0.5169 0.7836 0.7265 0.6289 0.3408
180 181 182 0.9404 0.9696 0.4402 0.8431 0.4533 0.0332 0.2659 0.5770
181 182 183 0.7908 0.8807 0.6077 0.1845 0.6994 0.6622 0.3857 0.3416
182 183 184 0.0871 0.4780 0.1867 0.9834 0.7173 0.0400 0.6612 0.0840
183 184 185 0.5392 0.7777 0.1663 0.7528 0.0078 0.1620 0.6791 0.5250
184 185 186 0.9148 0.6361 0.4500 0.4839 0.1073 0.3177 0.8274 0.7821
185 186 187 0.9910 0.3819 0.6801 0.5665 0.4506 0.9775 0.8875 0.4269
186 187 188 0.0523 0.3387 0.8116 0.5648 0.7533 0.1600 0.5748 0.6350
187 188 189 0.1499 0.8326 0.8895 0.2403 0.1366 0.3487 0.4124 0.6784
188 189 190 0.5714 0.0417 0.3737 0.3579 0.8186 0.4978 0.8299 0.1640
189 190 191 0.7819 0.5405 0.9737 0.4538 0.5880 0.2453 0.4489 0.2481
190 191 192 0.3854 0.7445 0.2936 0.3740 0.9014 0.1587 0.3764 0.4044
191 192 193 0.3144 0.5543 0.8843 0.7127 0.0639 0.3614 0.8430 0.8549
192 193 194 0.4177 0.9247 0.9937 0.4609 0.3290 0.3602 0.4518 0.4425
193 194 195 0.4374 0.2452 0.2757 0.0649 0.5406 0.4085 0.8002 0.5392
194 195 196 0.9564 0.0141 0.0305 0.8225 0.6880 0.0681 0.4651 0.4807
195 196 197 0.5063 0.6493 0.9547 0.5364 0.3200 0.8679 0.8050 0.9447
196 197 198 0.2456 0.0255 0.9926 0.4662 0.2463 0.2565 0.0960 0.4042
197 198 199 0.2277 0.6641 0.9885 0.6627 0.3464 0.3381 0.9923 0.8423
198 199 200 0.2796 0.8299 0.3302 0.8274 0.3960 0.7282 0.7047 0.0534
199 200 201 0.2150 0.3467 0.5604 0.9158 0.4293 0.8656 0.8987 0.6716
200 201 202 0.0960 0.9882 0.5031 0.5296 0.5366 0.5966 0.6069 0.7114
201 202 203 0.5134 0.9768 0.5061 0.6804 0.4235 0.9132 0.5162 0.3855
202 203 204 0.4908 0.8814 0.8320 0.8122 0.5353 0.3259 0.7309 0.1490
203 204 205 0.9110 0.3057 0.5028 0.7004 0.8337 0.9878 0.3692 0.8524
204 205 206 0.5693 0.9275 0.0151 0.3385 0.4871 0.2586 0.6816 0.9062
205 206 207 0.4404 0.7671 0.5877 0.9637 0.1854 0.4950 0.5595 0.6441
206 207 208 0.2652 0.4076 0.5702 0.3769 0.4229 0.9337 0.3192 0.8522
207 208 209 0.4233 0.6602 0.5567 0.5530 0.5276 0.4745 0.5283 0.3709
208 209 210 0.3100 0.5947 0.5126 0.7016 0.6879 0.5140 0.8537 0.1922
209 210 211 0.1471 0.6076 0.0885 0.8864 0.0974 0.5683 0.1683 0.7085
210 211 212 0.9392 0.1609 0.9358 0.5006 0.6789 0.3647 0.5124 0.5140
211 212 213 0.3936 0.1667 0.4937 0.4839 0.2205 0.2446 0.1682 0.6472
212 213 214 0.8840 0.7890 0.0528 0.9324 0.2240 0.5018 0.5328 0.4718
213 214 215 0.4072 0.1721 0.4302 0.3116 0.1266 0.3294 0.8252 0.7079
214 215 216 0.3162 0.3945 0.7373 0.8182 0.4537 0.5584 0.4490 0.8948
215 216 217 0.4190 0.8736 0.9087 0.2948 0.3220 0.4665 0.2653 0.8029
216 217 218 0.8887 0.1500 0.3455 0.0499 0.9522 0.4498 0.7402 0.2895
217 218 219 0.2035 0.1433 0.2076 0.5716 0.9463 0.4031 0.2505 0.2272
218 219 220 0.5532 0.5941 0.7102 0.5093 0.3868 0.6561 0.2574 0.9328
219 220 221 0.6458 0.6021 0.3547 0.1668 0.7713 0.2094 0.5645 0.5961
220 221 222 0.7669 0.7026 0.2710 0.0776 0.1789 0.9383 0.2190 0.6013
221 222 223 0.0203 0.1857 0.2481 0.3116 0.1765 0.5677 0.2431 0.4039
222 223 224 0.3265 0.6229 0.8932 0.9397 0.6382 0.9421 0.9318 0.0751
223 224 225 0.9802 0.5903 0.0881 0.1443 0.9707 0.2149 0.6515 0.9360
224 225 226 0.2398 0.2914 0.3249 0.8244 0.7477 0.6772 0.8143 0.1140
225 226 227 0.0917 0.7570 0.0953 0.7628 0.1169 0.5154 0.4309 0.3285
226 227 228 0.6898 0.1397 0.7437 0.1673 0.3797 0.0958 0.3573 0.3777
227 228 229 0.9159 0.3834 0.1355 0.7955 0.7658 0.0961 0.7272 0.5121
228 229 230 0.6431 0.8780 0.2099 0.9050 0.4137 0.9874 0.1072 0.9240
229 230 231 0.4187 0.9942 0.4775 0.3949 0.6516 0.1698 0.1981 0.8312
230 231 232 0.2792 0.9883 0.3201 0.4263 0.3103 0.9368 0.9309 0.1665
231 232 233 0.5218 0.0534 0.3453 0.0064 0.9280 0.8658 0.8335 0.9564
232 233 234 0.5258 0.9736 0.2266 0.2253 0.3816 0.6611 0.1930 0.3767
233 234 235 0.9916 0.6519 0.7847 0.8180 0.0600 0.1364 0.7630 0.9444
234 235 236 0.3314 0.1333 0.5814 0.5198 0.2133 0.0642 0.6332 0.8873
235 236 237 0.1417 0.0346 0.7646 0.9283 0.2464 0.7837 0.4035 0.8058
236 237 238 0.2525 0.3162 0.5231 0.1112 0.1755 0.9001 0.9684 0.3988
237 238 239 0.8306 0.0311 0.7977 0.2504 0.1452 0.9468 0.0657 0.5532
238 239 240 0.0500 0.5487 0.6720 0.2618 0.3235 0.4251 0.5618 0.7862
239 240 241 0.3580 0.4535 0.0311 0.4164 0.0163 0.7888 0.3140 0.0711
240 241 242 0.8344 0.3780 0.3436 0.4340 0.4082 0.6325 0.4778 0.3395
241 242 243 0.6236 0.3721 0.4384 0.1694 0.0761 0.5663 0.8093 0.4021
242 243 244 0.4368 0.6653 0.7153 0.1324 0.5420 0.4468 0.8730 0.2254
243 244 245 0.5461 0.3257 0.9275 0.8754 0.0713 0.0448 0.2230 0.8480
244 245 246 0.3719 0.3114 0.8193 0.3759 0.1588 0.8650 0.3808 0.9159
245 246 247 0.8282 0.1276 0.2984 0.3910 0.8467 0.3494 0.2959 0.5748
246 247 248 0.2479 0.9732 0.1640 0.7417 0.5718 0.2732 0.5387 0.0050
247 248 249 0.1793 0.3391 0.5647 0.7203 0.4585 0.7562 0.9504 0.7900
248 249 250 0.3583 0.9055 0.2306 0.9836 0.0194 0.7618 0.9951 0.2573
249 250 251 0.6328 0.0359 0.5410 0.6476 0.1801 0.0467 0.5313 0.9901
250 251 252 0.8195 0.5712 0.5147 0.8802 0.8658 0.9011 0.0591 0.8974
251 252 253 0.0542 0.4805 0.8952 0.3709 0.6951 0.6253 0.2028 0.6209
252 253 254 0.7394 0.3652 0.1072 0.7907 0.5387 0.6554 0.7750 0.1984
253 254 255 0.4943 0.1042 0.2138 0.0897 0.2763 0.4867 0.2191 0.7084
254 255 256 0.4422 0.9880 0.8958 0.3540 0.6159 0.5437 0.9102 0.3281
255 256 257 0.1759 0.2514 0.2271 0.1114 0.9306 0.0970 0.7328 0.0865
256 257 258 0.2576 0.6290 0.8389 0.5041 0.2761 0.9915 0.2127 0.7324
257 258 259 0.0772 0.5949 0.8096 0.2555 0.2725 0.9389 0.4240 0.0599
258 259 260 0.9046 0.7584 0.5255 0.0347 0.4286 0.0542 0.8058 0.8343
259 260 261 0.0539 0.7932 0.8976 0.6707 0.0742 0.4799 0.8770 0.8544
260 261 262 0.3321 0.9500 0.7027 0.5059 0.1943 0.0871 0.7441 0.4077
261 262 263 0.6767 0.2630 0.9630 0.1746 0.2532 0.7605 0.2158 0.7177
262 263 264 0.3230 0.4542 0.6526 0.2218 0.2770 0.0106 0.5802 0.7048
263 264 265 0.1631 0.4296 0.9016 0.5572 0.7044 0.9134 0.4253 0.8921
264 265 266 0.9732 0.0516 0.7141 0.5502 0.4871 0.3003 0.5544 0.9391
265 266 267 0.4125 0.3974 0.2377 0.7974 0.5305 0.9476 0.6838 0.1329
266 267 268 0.9472 0.8992 0.4020 0.8412 0.4027 0.6468 0.9623 0.6423
267 268 269 0.9320 0.6783 0.9369 0.9064 0.5245 0.1394 0.7458 0.8111
268 269 270 0.5880 0.1392 0.0987 0.3186 0.2866 0.3859 0.3723 0.9880
269 270 271 0.8806 0.9709 0.2375 0.6656 0.1002 0.3261 0.9602 0.8715
270 271 272 0.8695 0.8763 0.8722 0.1875 0.3457 0.8146 0.8468 0.4114
271 272 273 0.0528 0.0389 0.5010 0.3256 0.5595 0.7861 0.2528 0.1058
272 273 274 0.4724 0.4915 0.3505 0.0032 0.9765 0.6310 0.5177 0.4036
273 274 275 0.2914 0.0870 0.3587 0.8775 0.9223 0.9480 0.0270 0.1983
274 275 276 0.3797 0.9294 0.4996 0.0902 0.5649 0.8155 0.4565 0.8860
275 276 277 0.7456 0.9636 0.7902 0.2202 0.3606 0.5588 0.2621 0.2683
276 277 278 0.9264 0.8040 0.0245 0.7427 0.1070 0.1767 0.3488 0.5734
277 278 000 0.7294 0.0884 0.8983 0.0287 0.9926 0.0944 0.1419 0.8017
278 000 001 0.7026 0.9753 0.8322 0.0661 0.0076 0.5620 0.7042 0.0339
