279 155682 3 279
000 001 002 0.4551 0.1043 0.2511 0.0321 0.2324 0.7993 0.9750 0.0112
001 002 003 0.8422 0.4263 0.6247 0.4791 0.8568 0.3658 0.0315 0.3386
002 003 004 0.2010 0.7967 0.4274 0.4395 0.8939 0.9102 0.7856 0.1439
003 004 005 0.3783 0.4121 0.2305 0.6683 0.9704 0.0369 0.5085 0.2691
004 005 006 0.7370 0.4624 0.0282 0.9535 0.4872 0.5311 0.7331 0.1027
005 006 007 0.4447 0.6856 0.1421 0.8200 0.7502 0.1731 0.5642 0.5105
006 007 008 0.5910 0.1357 0.3655 0.9373 0.6639 0.3153 0.0055 0.6653
007 008 009 0.3892 0.7166 0.9431 0.8968 0.0797 0.7791 0.8266 0.5096
008 009 010 0.9758 0.2328 0.5163 0.8013 0.4767 0.1885 0.4602 0.0250
009 010 011 0.0652 0.9371 0.6717 0.2351 0.7676 0.7928 0.0587 0.1651
010 011 012 0.4856 0.5002 0.1481 0.7102 0.2023 0.3838 0.2086 0.5417
011 012 013 0.8711 0.0694 0.6020 0.1917 0.4545 0.7286 0.5626 0.8785
012 013 014 0.5829 0.4123 0.3550 0.2153 0.2947 0.8063 0.1519 0.2039
013 014 015 0.1840 0.0409 0.8187 0.6880 0.8865 0.2160 0.7286 0.1717
014 015 016 0.2098 0.4998 0.7781 0.8663 0.2999 0.9404 0.7400 0.5152
015 016 017 0.6983 0.4215 0.5903 0.4108 0.2017 0.7087 0.7641 0.5038
016 017 018 0.0489 0.6039 0.4239 0.4889 0.3625 0.1453 0.8462 0.7742
017 018 019 0.0323 0.1859 0.0524 0.2726 0.5052 0.5155 0.3602 0.3957
018 019 020 0.5844 0.4946 0.4273 0.4912 0.6328 0.4027 0.7973 0.6377
019 020 021 0.3052 0.6406 0.2320 0.9751 0.9461 0.8693 0.9308 0.4692
020 021 022 0.5050 0.1352 0.5697 0.8989 0.8482 0.5779 0.4190 0.1489
021 022 023 0.1463 0.5646 0.0625 0.9728 0.0278 0.5037 0.7542 0.2145
022 023 024 0.4869 0.9916 0.9937 0.2619 0.8795 0.3957 0.7270 0.7513
023 024 025 0.0437 0.5069 0.9702 0.5464 0.0955 0.4891 0.8261 0.5752
024 025 026 0.1694 0.5229 0.6718 0.9809 0.1267 0.6936 0.5716 0.1791
025 026 027 0.1845 0.0421 0.2464 0.3075 0.7575 0.1708 0.8647 0.0991
026 027 028 0.2881 0.4304 0.5241 0.5887 0.6325 0.1162 0.4191 0.3072
027 028 029 0.9191 0.6025 0.7841 0.5163 0.1546 0.5677 0.4882 0.4563
028 029 030 0.7997 0.9674 0.4154 0.2535 0.4548 0.0376 0.0965 0.5805
029 030 031 0.7351 0.9046 0.0399 0.9736 0.3632 0.9979 0.7923 0.0014
030 031 032 0.0733 0.3004 0.0333 0.6448 0.8504 0.4772 0.8301 0.2846
031 032 033 0.4802 0.6562 0.5479 0.8161 0.0127 0.1578 0.5042 0.3974
032 033 034 0.6950 0.4433 0.0791 0.5677 0.5540 0.1352 0.0088 0.4926
033 034 035 0.1308 0.4719 0.7686 0.3345 0.0100 0.7933 0.3664 0.8537
034 035 036 0.7797 0.7184 0.9097 0.0346 0.4190 0.6981 0.5286 0.0351
035 036 037 0.0034 0.4159 0.2975 0.3253 0.0176 0.4389 0.0536 0.8803
036 037 038 0.3251 0.9107 0.9530 0.0985 0.7952 0.4990 0.3742 0.6503
037 038 039 0.3688 0.9127 0.9276 0.0445 0.8022 0.5812 0.6525 0.5545
038 039 040 0.2879 0.9162 0.2646 0.7578 0.2954 0.3496 0.5906 0.9432
039 040 041 0.2040 0.9033 0.1270 0.9455 0.3327 0.3369 0.1681 0.2126
040 041 042 0.3095 0.2600 0.5345 0.1155 0.4122 0.5676 0.3791 0.4102
041 042 043 0.3538 0.1184 0.3723 0.7942 0.5471 0.2681 0.1065 0.6981
042 043 044 0.4861 0.6031 0.3106 0.0225 0.3894 0.7921 0.3005 0.9505
043 044 045 0.0917 0.1708 0.3135 0.8996 0.2819 0.3127 0.7657 0.5723
044 045 046 0.9618 0.9075 0.4969 0.1666 0.3575 0.3347 0.6463 0.0608
045 046 047 0.2325 0.9114 0.5048 0.0455 0.9225 0.0168 0.8436 0.9885
046 047 048 0.7484 0.5025 0.8530 0.0129 0.4228 0.6457 0.6054 0.7246
047 048 049 0.4751 0.3026 0.3478 0.2907 0.9767 0.1229 0.8799 0.2064
048 049 050 0.2459 0.1771 0.6202 0.6479 0.4447 0.3506 0.4721 0.0917
049 050 051 0.7380 0.5032 0.9178 0.2276 0.7386 0.4105 0.7728 0.2867
050 051 052 0.3281 0.1782 0.8408 0.8948 0.5480 0.3892 0.1492 0.9906
051 052 053 0.1612 0.8068 0.3737 0.6547 0.0652 0.1904 0.2055 0.0954
052 053 054 0.6972 0.6646 0.7095 0.4272 0.1340 0.7563 0.2766 0.5174
053 054 055 0.8432 0.7506 0.8893 0.9745 0.1353 0.9448 0.2740 0.4152
054 055 056 0.3279 0.0398 0.7612 0.1029 0.9464 0.3675 0.7177 0.9888
055 056 057 0.5893 0.2360 0.8961 0.4948 0.6264 0.1972 0.7887 0.7165
056 057 058 0.9697 0.7717 0.9580 0.6285 0.9930 0.7714 0.9942 0.1159
057 058 059 0.3357 0.1386 0.5072 0.4912 0.8291 0.0330 0.5219 0.1584
058 059 060 0.4150 0.0237 0.2111 0.7682 0.8043 0.2116 0.0350 0.8662
059 060 061 0.3077 0.4083 0.2569 0.4489 0.2296 0.9386 0.0659 0.9691
060 061 062 0.3545 0.1291 0.8306 0.5310 0.3581 0.7882 0.7985 0.0208
061 062 063 0.6257 0.5028 0.7410 0.4682 0.0240 0.9172 0.4066 0.8292
062 063 064 0.7711 0.5155 0.7465 0.4538 0.9546 0.9810 0.2396 0.2708
063 064 065 0.2215 0.7479 0.6378 0.3279 0.7801 0.0551 0.6831 0.1164
064 065 066 0.9332 0.0255 0.8667 0.4088 0.7197 0.5358 0.1956 0.3733
065 066 067 0.9829 0.3072 0.3267 0.6791 0.2398 0.4347 0.1226 0.2186
066 067 068 0.4272 0.3465 0.5173 0.5960 0.3147 0.3665 0.9079 0.3988
067 068 069 0.6629 0.4015 0.8942 0.8459 0.7520 0.9324 0.1486 0.2238
068 069 070 0.0866 0.0936 0.0699 0.8063 0.8766 0.8462 0.6803 0.6192
069 070 071 0.8955 0.3265 0.0538 0.0821 0.0328 0.8043 0.1999 0.0333
070 071 072 0.0414 0.8109 0.9251 0.7429 0.2231 0.3894 0.8038 0.5784
071 072 073 0.8140 0.9338 0.3327 0.6240 0.6592 0.8699 0.4521 0.3921
072 073 074 0.8403 0.2796 0.8061 0.9996 0.2665 0.5117 0.6976 0.0781
073 074 075 0.9021 0.1354 0.2441 0.5406 0.3512 0.3217 0.3882 0.5146
074 075 076 0.4587 0.0627 0.7899 0.9215 0.3157 0.8835 0.7027 0.8033
075 076 077 0.3005 0.2343 0.0870 0.1732 0.7027 0.2139 0.0836 0.8172
076 077 078 0.8385 0.7331 0.4020 0.5632 0.8337 0.0013 0.6693 0.9299
077 078 079 0.0093 0.7397 0.0062 0.8689 0.6141 0.8919 0.6855 0.9141
078 079 080 0.5056 0.2922 0.2055 0.0174 0.6226 0.5453 0.3790 0.4717
079 080 081 0.0180 0.7153 0.4026 0.8848 0.9865 0.0987 0.0034 0.5988
080 081 082 0.5499 0.8191 0.9755 0.4354 0.0994 0.7296 0.6293 0.0628
081 082 083 0.5511 0.2010 0.7416 0.0852 0.2033 0.6126 0.1974 0.1803
082 083 084 0.1445 0.0030 0.6648 0.6872 0.1543 0.4890 0.3142 0.6517
083 084 085 0.2119 0.2154 0.1444 0.3611 0.4448 0.1354 0.2932 0.8934
084 085 086 0.8863 0.2157 0.5376 0.7345 0.9449 0.2822 0.6327 0.2588
085 086 087 0.9080 0.4679 0.9375 0.5434 0.8459 0.1425 0.1423 0.2384
086 087 088 0.9285 0.2079 0.1473 0.1991 0.1252 0.9187 0.3052 0.1435
087 088 089 0.1636 0.1652 0.5308 0.9121 0.6479 0.1256 0.8096 0.9183
088 089 090 0.5269 0.8558 0.4200 0.8275 0.6254 0.0563 0.5848 0.4723
089 090 091 0.3984 0.1246 0.4015 0.0562 0.2062 0.1792 0.1702 0.6029
090 091 092 0.3666 0.9683 0.5538 0.1225 0.2908 0.5248 0.2316 0.8228
091 092 093 0.4888 0.7120 0.3800 0.8640 0.3241 0.9642 0.6881 0.3317
092 093 094 0.1241 0.4215 0.0364 0.4541 0.3797 0.6242 0.6977 0.9184
093 094 095 0.1887 0.4326 0.7703 0.2917 0.9600 0.1419 0.5059 0.2674
094 095 096 0.2583 0.7657 0.2041 0.3180 0.3334 0.8342 0.2426 0.4004
095 096 097 0.0151 0.6390 0.9782 0.2116 0.0816 0.5928 0.2430 0.3401
096 097 098 0.5724 0.8828 0.0366 0.8334 0.4916 0.9149 0.3839 0.9104
097 098 099 0.9712 0.5724 0.3455 0.9566 0.2466 0.5965 0.1399 0.5639
098 099 100 0.2308 0.4558 0.0690 0.3970 0.8446 0.1308 0.3110 0.1445
099 100 101 0.1077 0.3566 0.0162 0.4848 0.1159 0.6256 0.6603 0.4715
100 101 102 0.7833 0.1897 0.8893 0.3238 0.5336 0.1508 0.2975 0.3737
101 102 103 0.7594 0.1257 0.5819 0.3888 0.4303 0.1398 0.4485 0.8181
102 103 104 0.7724 0.4758 0.7687 0.2862 0.1564 0.0758 0.5138 0.2325
103 104 105 0.8342 0.1522 0.7090 0.7261 0.1764 0.8089 0.7027 0.2929
104 105 106 0.6380 0.1752 0.7477 0.6428 0.8122 0.5997 0.1731 0.6248
105 106 107 0.4456 0.8690 0.7689 0.7922 0.3796 0.3603 0.2745 0.4043
106 107 108 0.5909 0.1852 0.4609 0.2287 0.4894 0.2104 0.1823 0.6877
107 108 109 0.5632 0.0705 0.7071 0.9352 0.9262 0.3601 0.4948 0.5883
108 109 110 0.2897 0.7797 0.2505 0.3797 0.8773 0.4751 0.9668 0.9362
109 110 111 0.1126 0.2020 0.2297 0.9281 0.8020 0.4573 0.5635 0.8247
110 111 112 0.2443 0.1853 0.2868 0.5842 0.3338 0.3640 0.3156 0.3588
111 112 113 0.4296 0.5317 0.0562 0.3421 0.6635 0.9429 0.8673 0.4009
112 113 114 0.1081 0.6850 0.1047 0.8285 0.3467 0.6574 0.7080 0.5065
113 114 115 0.5315 0.6395 0.9544 0.4989 0.1125 0.0457 0.7424 0.7945
114 115 116 0.8748 0.7080 0.9683 0.8899 0.7875 0.8516 0.3985 0.8942
115 116 117 0.5670 0.4982 0.1890 0.6119 0.8852 0.9324 0.2379 0.7263
116 117 118 0.3108 0.0766 0.6819 0.7134 0.2179 0.3638 0.8325 0.0202
117 118 119 0.9110 0.9533 0.8970 0.7117 0.2829 0.7602 0.4568 0.3593
118 119 120 0.0462 0.8249 0.9257 0.9748 0.5468 0.2740 0.1177 0.8571
119 120 121 0.6880 0.9007 0.9140 0.6937 0.6142 0.6433 0.4396 0.0144
120 121 122 0.5092 0.7831 0.0099 0.6911 0.0943 0.4379 0.4310 0.4308
121 122 123 0.9348 0.1807 0.7523 0.2366 0.5567 0.1879 0.3335 0.0592
122 123 124 0.1648 0.5639 0.1829 0.9088 0.2991 0.5111 0.5187 0.8288
123 124 125 0.8738 0.5532 0.8005 0.6296 0.9899 0.7123 0.2306 0.0721
124 125 126 0.8099 0.9392 0.1438 0.1502 0.5798 0.5418 0.7976 0.6768
125 126 127 0.3681 0.0453 0.8504 0.8905 0.0317 0.6298 0.9534 0.8360
126 127 128 0.2080 0.9903 0.3379 0.2374 0.3085 0.9642 0.3790 0.1705
127 128 129 0.0943 0.9580 0.0356 0.8867 0.5520 0.8611 0.1433 0.0572
128 129 130 0.4924 0.5796 0.4157 0.5713 0.6395 0.5906 0.4652 0.8364
129 130 131 0.0825 0.9869 0.6035 0.2042 0.0427 0.7834 0.7495 0.6876
130 131 132 0.9496 0.7639 0.4973 0.1289 0.0682 0.4296 0.5062 0.7595
131 132 133 0.7578 0.5334 0.0822 0.9190 0.4412 0.3354 0.1673 0.5688
132 133 134 0.3795 0.3504 0.8316 0.6200 0.7691 0.9228 0.2464 0.9521
133 134 135 0.7561 0.3610 0.9216 0.1300 0.9177 0.7758 0.4213 0.8093
134 135 136 0.7720 0.6593 0.8570 0.7843 0.6857 0.1160 0.4622 0.9363
135 136 137 0.5299 0.0383 0.3550 0.4220 0.0784 0.2721 0.7563 0.9394
136 137 138 0.8605 0.4070 0.7036 0.8182 0.5603 0.6654 0.3769 0.6671
137 138 139 0.5421 0.4065 0.2510 0.1827 0.2914 0.6278 0.2970 0.4993
138 139 140 0.8266 0.1001 0.3245 0.8285 0.8670 0.8454 0.9650 0.4082
139 140 141 0.8452 0.6267 0.8270 0.5650 0.7133 0.4665 0.1613 0.3848
140 141 142 0.4027 0.2850 0.2176 0.4890 0.4043 0.5631 0.2167 0.4270
141 142 143 0.7569 0.8772 0.9577 0.2552 0.6744 0.3829 0.4363 0.9390
142 143 144 0.9798 0.8522 0.8385 0.8708 0.8801 0.2258 0.6158 0.4988
143 144 145 0.5779 0.5753 0.0892 0.4924 0.8096 0.5378 0.6970 0.9060
144 145 146 0.1737 0.8575 0.8437 0.1894 0.2321 0.2763 0.8768 0.5809
145 146 147 0.2464 0.7428 0.8879 0.0522 0.1085 0.9677 0.1368 0.8987
146 147 148 0.0809 0.1320 0.8411 0.1459 0.9858 0.2297 0.3232 0.7281
147 148 149 0.5821 0.9496 0.9398 0.4447 0.9182 0.5637 0.2497 0.1731
148 149 150 0.8480 0.7720 0.7781 0.4199 0.7824 0.9416 0.9575 0.9052
149 150 151 0.2390 0.0032 0.6695 0.8386 0.5282 0.8932 0.8227 0.3198
150 151 152 0.1912 0.7084 0.2343 0.4266 0.1454 0.5548 0.1621 0.4017
151 152 153 0.0636 0.9672 0.2135 0.0470 0.6703 0.2903 0.1146 0.1538
152 153 154 0.4831 0.4976 0.8123 0.9292 0.4225 0.6042 0.7578 0.2056
153 154 155 0.1203 0.8510 0.0754 0.3740 0.6546 0.1786 0.4549 0.5645
154 155 156 0.3248 0.9561 0.8047 0.8930 0.1676 0.7864 0.4649 0.5686
155 156 157 0.0909 0.8927 0.3614 0.4757 0.7609 0.5076 0.2947 0.9149
156 157 158 0.9911 0.3472 0.1066 0.1434 0.3172 0.6328 0.2512 0.9056
157 158 159 0.3070 0.7841 0.7239 0.0960 0.0219 0.8505 0.2047 0.7732
158 159 160 0.9563 0.2409 0.1725 0.0988 0.2133 0.4291 0.3515 0.7389
159 160 161 0.6332 0.3790 0.6963 0.2021 0.2936 0.7074 0.9818 0.0195
160 161 162 0.6787 0.9008 0.1132 0.9723 0.3098 0.1433 0.0906 0.3118
161 162 163 0.5318 0.9658 0.2709 0.5747 0.1539 0.4825 0.8335 0.0167
162 163 164 0.2294 0.0171 0.0476 0.4142 0.9948 0.4489 0.2194 0.3425
163 164 165 0.1672 0.0842 0.0110 0.1726 0.2521 0.2226 0.9887 0.3692
164 165 166 0.0863 0.2483 0.6413 0.1383 0.7476 0.7277 0.4755 0.8178
165 166 167 0.8856 0.0028 0.0846 0.5665 0.4196 0.9856 0.5251 0.0201
166 167 168 0.0087 0.5274 0.1276 0.7522 0.9651 0.6302 0.6680 0.4924
167 168 169 0.6385 0.6715 0.1291 0.2373 0.6358 0.6714 0.8752 0.2630
168 169 170 0.7178 0.0917 0.3704 0.2181 0.7401 0.7231 0.9139 0.2559
169 170 171 0.7842 0.2924 0.8467 0.6326 0.8054 0.3664 0.9521 0.3373
170 171 172 0.3053 0.3805 0.7276 0.4713 0.9727 0.6085 0.7668 0.9243
171 172 173 0.6357 0.0998 0.5939 0.5026 0.9900 0.2782 0.8523 0.9276
172 173 174 0.4539 0.4718 0.6980 0.2803 0.0723 0.3824 0.9276 0.9409
173 174 175 0.5816 0.1741 0.1461 0.6426 0.1753 0.8320 0.4439 0.7639
174 175 176 0.5564 0.7210 0.4894 0.6595 0.3915 0.0130 0.4270 0.9521
175 176 177 0.9688 0.1371 0.9519 0.9880 0.7312 0.3986 0.2356 0.6457
176 177 178 0.6930 0.8857 0.2767 0.1886 0.5337 0.3584 0.4698 0.5184
177 178 179 0.4203 0.9036 0.8099 0.2908 0.3783 0.6339 0.2361 0.7452
178 179 180 0.1574 0.8499 0.0067 0.5193 0.3404 0.5054 0.2779 0.8575
179 180 181 0.3913 0.4103 0.1276 0.1550 0.0880 0.4835 0.8827 0.1703
180 181 182 0.8994 0.3868 0.6039 0.8960 0.0587 0.1350 0.7306 0.2137
181 182 183 0.1869 0.7221 0.2099 0.1320 0.3730 0.8657 0.1056 0.8750
182 183 184 0.9972 0.7153 0.8803 0.1179 0.1108 0.5863 0.7185 0.1682
183 184 185 0.1174 0.1195 0.7302 0.6253 0.7870 0.3172 0.7121 0.3470
184 185 186 0.3350 0.9676 0.9372 0.1672 0.1290 0.2174 0.3558 0.5359
185 186 187 0.3520 0.1217 0.4945 0.9966 0.9430 0.4929 0.5158 0.4895
186 187 188 0.7352 0.3607 0.9140 0.5302 0.1550 0.6501 0.3877 0.6642
187 188 189 0.2654 0.5402 0.5473 0.9304 0.3571 0.6675 0.5795 0.2318
188 189 190 0.8351 0.1780 0.2329 0.2617 0.2782 0.1969 0.1258 0.0335
189 190 191 0.9802 0.2739 0.2665 0.0896 0.4306 0.6085 0.8729 0.4460
190 191 192 0.0398 0.9703 0.1708 0.4931 0.8643 0.9826 0.9990 0.4569
191 192 193 0.2423 0.2883 0.8232 0.9254 0.9655 0.8451 0.0448 0.9888
192 193 194 0.8551 0.0464 0.2283 0.0401 0.8590 0.3979 0.4687 0.3201
193 194 195 0.1265 0.4403 0.6287 0.4768 0.5657 0.5378 0.8560 0.6909
194 195 196 0.6083 0.3860 0.4230 0.8066 0.8519 0.3114 0.0881 0.9359
195 196 197 0.0449 0.8144 0.1736 0.3716 0.4089 0.4737 0.5717 0.3340
196 197 198 0.4890 0.5874 0.9340 0.0628 0.5972 0.9639 0.9681 0.0242
197 198 199 0.0557 0.2070 0.4661 0.3421 0.5253 0.5861 0.6650 0.5988
198 199 200 0.6843 0.6478 0.6660 0.0430 0.6236 0.6520 0.7455 0.7116
199 200 201 0.3971 0.3623 0.0111 0.7621 0.2822 0.3614 0.9119 0.6931
200 201 202 0.6444 0.4189 0.8285 0.7228 0.9253 0.5681 0.6865 0.3712
201 202 203 0.3520 0.9163 0.9090 0.2737 0.1956 0.8777 0.9148 0.5146
202 203 204 0.5704 0.5937 0.7515 0.7967 0.2919 0.0256 0.4239 0.5161
203 204 205 0.4452 0.7522 0.1160 0.5504 0.0026 0.9544 0.3649 0.1614
204 205 206 0.4175 0.3111 0.8167 0.9999 0.9155 0.1752 0.2166 0.5773
205 206 207 0.7048 0.7519 0.9692 0.0083 0.2938 0.7926 0.0540 0.3839
206 207 208 0.5860 0.7462 0.4791 0.2983 0.5212 0.5595 0.9476 0.7869
207 208 209 0.4834 0.8762 0.1053 0.4320 0.5019 0.5732 0.0079 0.8566
208 209 210 0.6953 0.7195 0.2257 0.8142 0.2873 0.2875 0.1462 0.7477
209 210 211 0.9927 0.8654 0.1088 0.7508 0.3675 0.1935 0.1550 0.5973
210 211 212 0.7912 0.1822 0.4818 0.8855 0.9729 0.1262 0.2665 0.0148
211 212 213 0.8645 0.1736 0.5008 0.6558 0.9311 0.3082 0.5180 0.6452
212 213 214 0.2498 0.1582 0.0413 0.0067 0.7842 0.0506 0.0551 0.4768
213 214 215 0.7707 0.2521 0.3980 0.9822 0.6690 0.3161 0.3447 0.7638
214 215 216 0.4440 0.7674 0.5252 0.0670 0.0460 0.1100 0.0293 0.3932
215 216 217 0.8702 0.4631 0.4537 0.1749 0.7426 0.1945 0.2265 0.4342
216 217 218 0.9366 0.9506 0.2028 0.3332 0.4941 0.2671 0.0871 0.8939
217 218 219 0.2122 0.0121 0.6782 0.1560 0.5941 0.7667 0.6947 0.6923
218 219 220 0.3232 0.2792 0.8477 0.2301 0.8449 0.0018 0.2458 0.5578
219 220 221 0.2495 0.7962 0.4830 0.4085 0.0864 0.1831 0.6560 0.7514
220 221 222 0.6311 0.6491 0.1930 0.4159 0.8950 0.4910 0.2455 0.8822
221 222 223 0.3742 0.5301 0.9326 0.0099 0.5141 0.4868 0.0528 0.7767
222 223 224 0.4270 0.3619 0.9577 0.5227 0.6282 0.3951 0.8360 0.9820
223 224 225 0.4486 0.1347 0.4419 0.7444 0.3036 0.3134 0.4635 0.7054
224 225 226 0.2780 0.9535 0.0952 0.9347 0.0080 0.8897 0.4175 0.1089
225 226 227 0.1438 0.3347 0.7647 0.2932 0.1637 0.6624 0.0976 0.9884
226 227 228 0.5856 0.5478 0.7170 0.0093 0.9546 0.3469 0.6635 0.3065
227 228 229 0.3776 0.4993 0.4980 0.6919 0.9826 0.5430 0.6842 0.0357
228 229 230 0.2761 0.6002 0.7916 0.9164 0.4925 0.4115 0.3105 0.8444
229 230 231 0.9500 0.3334 0.1478 0.9588 0.8203 0.5895 0.5147 0.6615
230 231 232 0.4936 0.5308 0.2726 0.2292 0.1463 0.2721 0.8604 0.7052
231 232 233 0.3692 0.1857 0.8144 0.2500 0.3924 0.5828 0.0873 0.8008
232 233 234 0.0571 0.7162 0.3511 0.5197 0.6258 0.4339 0.1559 0.2489
233 234 235 0.1858 0.8241 0.8497 0.2884 0.2360 0.3739 0.4733 0.7151
234 235 236 0.6497 0.9053 0.7134 0.3466 0.6819 0.8620 0.2398 0.9290
235 236 237 0.5290 0.3597 0.4504 0.1487 0.1472 0.2936 0.6460 0.0507
236 237 238 0.7958 0.5776 0.9815 0.1924 0.3994 0.2320 0.2085 0.1702
237 238 239 0.9903 0.8338 0.1300 0.0088 0.2117 0.9997 0.6904 0.8717
238 239 240 0.2976 0.1368 0.2599 0.6287 0.7595 0.4071 0.5251 0.1568
239 240 241 0.2818 0.3623 0.8110 0.2004 0.5057 0.8447 0.2241 0.8654
240 241 242 0.3717 0.4972 0.8677 0.9612 0.7994 0.5436 0.1153 0.5183
241 242 243 0.9827 0.3656 0.7980 0.5788 0.7857 0.4839 0.9182 0.0722
242 243 244 0.7940 0.9776 0.6512 0.9983 0.2840 0.3937 0.7821 0.9780
243 244 245 0.1047 0.4878 0.8519 0.3859 0.1523 0.5696 0.1861 0.1495
244 245 246 0.1723 0.0194 0.3629 0.7185 0.6979 0.2685 0.9007 0.2694
245 246 247 0.7094 0.8906 0.0065 0.3752 0.1190 0.3969 0.3924 0.4933
246 247 248 0.2874 0.1612 0.2412 0.5783 0.5698 0.6535 0.7931 0.7224
247 248 249 0.1753 0.7819 0.2430 0.1403 0.1664 0.9446 0.7589 0.7232
248 249 250 0.8808 0.2223 0.2947 0.3718 0.3780 0.3307 0.4864 0.5693
249 250 251 0.9292 0.6393 0.1972 0.5448 0.7823 0.0285 0.0145 0.4271
250 251 252 0.3364 0.0202 0.7991 0.0518 0.0270 0.8692 0.5764 0.1497
251 252 253 0.2752 0.1158 0.5900 0.7279 0.2566 0.0237 0.3460 0.6126
252 253 254 0.4994 0.4036 0.4615 0.5362 0.4603 0.0340 0.3714 0.3144
253 254 255 0.2772 0.6793 0.1044 0.1526 0.3608 0.5357 0.5116 0.8434
254 255 256 0.6638 0.0767 0.9615 0.1147 0.1404 0.5940 0.1637 0.4952
255 256 257 0.8398 0.6019 0.0497 0.9923 0.3171 0.0849 0.9924 0.5793
256 257 258 0.9438 0.3063 0.3591 0.1747 0.9729 0.2606 0.6771 0.5901
257 258 259 0.6662 0.5435 0.4817 0.4709 0.1804 0.6398 0.2996 0.8963
258 259 260 0.5086 0.4700 0.3801 0.2202 0.5155 0.0151 0.0845 0.7603
259 260 261 0.8063 0.4754 0.2354 0.2142 0.8904 0.5617 0.8435 0.9856
260 261 262 0.8291 0.8326 0.9876 0.0700 0.7990 0.0934 0.4265 0.4672
261 262 263 0.8045 0.0465 0.7360 0.9317 0.3149 0.9902 0.9660 0.8372
262 263 264 0.1222 0.4494 0.7095 0.8433 0.0194 0.6788 0.1776 0.6515
263 264 265 0.0018 0.2269 0.3512 0.7534 0.3192 0.9735 0.7495 0.2902
264 265 266 0.5791 0.6401 0.9910 0.1956 0.7159 0.2095 0.3143 0.6593
265 266 267 0.1178 0.9906 0.0780 0.7139 0.2667 0.3646 0.3147 0.3991
266 267 268 0.9109 0.3481 0.2882 0.3468 0.0936 0.2757 0.6168 0.3905
267 268 269 0.2876 0.0481 0.0449 0.0316 0.1026 0.5142 0.3138 0.5962
268 269 270 0.6999 0.1494 0.2861 0.0943 0.6654 0.0508 0.7648 0.2672
269 270 271 0.1163 0.7636 0.2767 0.2487 0.2827 0.5049 0.3556 0.1749
270 271 272 0.6414 0.4147 0.0678 0.2307 0.4940 0.0299 0.0577 0.3270
271 272 273 0.2050 0.5426 0.8222 0.0742 0.9135 0.8394 0.2233 0.8753
272 273 274 0.4957 0.2474 0.1257 0.2264 0.0629 0.2732 0.3977 0.4955
273 274 275 0.1433 0.9058 0.4859 0.2821 0.2075 0.6014 0.0550 0.1587
274 275 276 0.1153 0.3863 0.7960 0.9019 0.1441 0.5315 0.0614 0.9324
275 276 277 0.3566 0.7701 0.7665 0.4470 0.8847 0.9216 0.6300 0.6724
276 277 278 0.1720 0.0963 0.2787 0.1903 0.4754 0.2699 0.2303 0.5053
277 278 000 0.5187 0.6268 0.4584 0.7454 0.7220 0.8263 0.9681 0.4354
278 000 001 0.4008 0.3106 0.2995 0.6122 0.1698 0.5522 0.9186 0.8170
