279 155682 3 279
000 001 002 0.7061 0.7099 0.5884 0.5582 0.7346 0.4375 0.7878 0.4313
001 002 003 0.7896 0.6433 0.2791 0.6450 0.5484 0.9751 0.6688 0.3830
002 003 004 0.6621 0.6550 0.0643 0.2217 0.7776 0.2861 0.1807 0.9473
003 004 005 0.8101 0.1570 0.5021 0.3347 0.5986 0.8873 0.0519 0.7658
004 005 006 0.3505 0.4977 0.0360 0.5790 0.5699 0.3891 0.3776 0.7661
005 006 007 0.0717 0.0975 0.4669 0.8443 0.8940 0.3388 0.7386 0.8156
006 007 008 0.6069 0.8886 0.1800 0.0137 0.6873 0.8519 0.1566 0.8379
007 008 009 0.1453 0.8032 0.9104 0.6490 0.8963 0.4566 0.0729 0.6320
008 009 010 0.3876 0.4955 0.6320 0.6986 0.1317 0.1904 0.9569 0.2978
009 010 011 0.8194 0.8850 0.0070 0.7556 0.2154 0.9328 0.1756 0.2013
010 011 012 0.7649 0.8808 0.9452 0.8968 0.6385 0.9796 0.7053 0.3902
011 012 013 0.9348 0.7064 0.1323 0.2148 0.2768 0.7898 0.5493 0.3561
012 013 014 0.4811 0.9438 0.1661 0.4262 0.4518 0.1900 0.5788 0.3260
013 014 015 0.0121 0.0794 0.4959 0.0146 0.1551 0.6574 0.3369 0.6911
014 015 016 0.8287 0.0460 0.0455 0.8935 0.9649 0.2279 0.3064 0.9796
015 016 017 0.8514 0.0246 0.9753 0.0423 0.6049 0.7271 0.3840 0.6925
016 017 018 0.4819 0.9144 0.2187 0.8853 0.3280 0.5466 0.3416 0.2491
017 018 019 0.7073 0.7336 0.2923 0.2358 0.7258 0.6197 0.8819 0.0383
018 019 020 0.3940 0.1988 0.8942 0.0711 0.1607 0.4751 0.2613 0.6720
019 020 021 0.0878 0.5096 0.4108 0.1002 0.7202 0.8216 0.6768 0.9055
020 021 022 0.7478 0.3363 0.1026 0.7366 0.3605 0.5975 0.9218 0.0748
021 022 023 0.1054 0.6406 0.6393 0.9574 0.4407 0.7119 0.0335 0.1644
022 023 024 0.8339 0.9120 0.7534 0.2034 0.1917 0.9898 0.2081 0.1164
023 024 025 0.1596 0.7642 0.1936 0.9248 0.1141 0.4914 0.2047 0.3794
024 025 026 0.2656 0.9813 0.1774 0.7935 0.5909 0.6632 0.7778 0.5731
025 026 027 0.3112 0.9386 0.7875 0.6114 0.8376 0.2751 0.8364 0.3613
026 027 028 0.4073 0.4309 0.6740 0.7649 0.0021 0.4051 0.6722 0.2843
027 028 029 0.8474 0.8329 0.7154 0.7851 0.8889 0.6136 0.6328 0.3707
028 029 030 0.1340 0.6533 0.7683 0.2760 0.0388 0.3573 0.5668 0.2304
029 030 031 0.0646 0.2123 0.1517 0.4498 0.7737 0.4741 0.6991 0.9004
030 031 032 0.4600 0.9108 0.4361 0.1409 0.0082 0.9372 0.5677 0.8142
031 032 033 0.4759 0.1987 0.0183 0.7814 0.0174 0.3440 0.3829 0.3685
032 033 034 0.2479 0.9603 0.7428 0.1376 0.0335 0.8305 0.6849 0.6629
033 034 035 0.6626 0.5213 0.3830 0.8266 0.7919 0.3972 0.4008 0.4917
034 035 036 0.9549 0.9500 0.1286 0.9462 0.1835 0.8438 0.3657 0.8385
035 036 037 0.5902 0.0783 0.8028 0.2850 0.3632 0.2342 0.3763 0.4062
036 037 038 0.5577 0.6909 0.4876 0.3642 0.5608 0.3721 0.0876 0.3423
037 038 039 0.8589 0.6515 0.0590 0.0574 0.9710 0.4129 0.0933 0.4532
038 039 040 0.6159 0.2973 0.8115 0.8027 0.0072 0.5945 0.7934 0.9175
039 040 041 0.6509 0.9120 0.9858 0.8298 0.9552 0.5404 0.2018 0.2611
040 041 042 0.9612 0.9084 0.2405 0.7151 0.7081 0.9203 0.3258 0.9427
041 042 043 0.9657 0.4229 0.1853 0.8810 0.9770 0.2087 0.5861 0.4728
042 043 044 0.1932 0.3449 0.8644 0.3355 0.1032 0.2307 0.3271 0.3460
043 044 045 0.8222 0.8701 0.7660 0.9278 0.4683 0.7182 0.3953 0.1567
044 045 046 0.8538 0.1450 0.3542 0.1799 0.1568 0.2451 0.1349 0.3832
045 046 047 0.4588 0.1868 0.2776 0.9624 0.0781 0.3098 0.9497 0.0810
046 047 048 0.0787 0.1173 0.3048 0.7363 0.3861 0.7465 0.5977 0.8660
047 048 049 0.0262 0.6220 0.0637 0.4445 0.2920 0.8341 0.3758 0.1176
048 049 050 0.5259 0.9557 0.7126 0.7385 0.7635 0.5146 0.1938 0.6359
049 050 051 0.6666 0.0217 0.0507 0.0831 0.1705 0.0316 0.1552 0.7007
050 051 052 0.8719 0.5963 0.5889 0.0556 0.4287 0.1215 0.9313 0.1322
051 052 053 0.9680 0.7173 0.7613 0.5480 0.0600 0.6458 0.7178 0.8742
052 053 054 0.0231 0.8985 0.5393 0.6943 0.0749 0.0783 0.2609 0.0896
053 054 055 0.3487 0.4219 0.4758 0.5099 0.6717 0.3115 0.4348 0.3808
054 055 056 0.1018 0.9154 0.8522 0.4711 0.3592 0.7485 0.5279 0.3251
055 056 057 0.0558 0.2062 0.3153 0.1810 0.7072 0.1072 0.5945 0.3754
056 057 058 0.5134 0.4032 0.3138 0.0105 0.3939 0.0369 0.3974 0.7300
057 058 059 0.0986 0.5536 0.8300 0.4242 0.5465 0.9224 0.6499 0.5722
058 059 060 0.3621 0.6263 0.0575 0.3796 0.4585 0.6186 0.9988 0.8906
059 060 061 0.9301 0.3688 0.4322 0.0877 0.5489 0.0043 0.6300 0.2650
060 061 062 0.9585 0.1985 0.0279 0.7323 0.9179 0.9414 0.1847 0.6038
061 062 063 0.1794 0.6697 0.3192 0.8923 0.2671 0.2134 0.7663 0.7074
062 063 064 0.9414 0.3618 0.9825 0.1296 0.3057 0.7262 0.8071 0.9921
063 064 065 0.8135 0.9218 0.4233 0.8194 0.9430 0.0206 0.2020 0.6168
064 065 066 0.1244 0.3718 0.8174 0.1392 0.2854 0.5515 0.0238 0.3045
065 066 067 0.2622 0.1670 0.5505 0.2244 0.8985 0.4600 0.9910 0.7677
066 067 068 0.6063 0.5050 0.0824 0.6541 0.7399 0.6569 0.0627 0.4622
067 068 069 0.4716 0.5107 0.5673 0.3167 0.8925 0.4291 0.9966 0.4372
068 069 070 0.8451 0.0493 0.7124 0.1280 0.5989 0.4355 0.3375 0.7930
069 070 071 0.1181 0.6179 0.4802 0.1677 0.6176 0.8158 0.2872 0.5499
070 071 072 0.0529 0.3186 0.4181 0.9474 0.3251 0.9024 0.9218 0.5295
071 072 073 0.7998 0.8681 0.2901 0.6781 0.1580 0.0553 0.6552 0.3388
072 073 074 0.8995 0.0912 0.1930 0.8910 0.2216 0.6305 0.4026 0.6866
073 074 075 0.7568 0.4056 0.3687 0.6200 0.7863 0.9257 0.7097 0.8632
074 075 076 0.2697 0.0746 0.9452 0.4512 0.6407 0.5968 0.1665 0.4973
075 076 077 0.0126 0.2933 0.7098 0.6592 0.4813 0.4652 0.1886 0.3630
076 077 078 0.1598 0.6851 0.7504 0.7134 0.7100 0.1916 0.6634 0.0017
077 078 079 0.4134 0.3446 0.8554 0.5263 0.3343 0.6314 0.7241 0.1975
078 079 080 0.9658 0.7596 0.6610 0.5208 0.5684 0.3389 0.7407 0.1418
079 080 081 0.3389 0.7714 0.3848 0.5336 0.9007 0.8493 0.3791 0.1784
080 081 082 0.3923 0.7730 0.8205 0.6668 0.8805 0.5871 0.7235 0.7536
081 082 083 0.2457 0.8529 0.8852 0.5305 0.4555 0.9951 0.1514 0.1914
082 083 084 0.2804 0.8818 0.9068 0.2800 0.9046 0.6631 0.2673 0.1275
083 084 085 0.1855 0.1404 0.4922 0.9640 0.5718 0.8789 0.2071 0.7254
084 085 086 0.9584 0.9526 0.8813 0.3584 0.1623 0.3766 0.8631 0.8621
085 086 087 0.2249 0.3667 0.9014 0.0038 0.5210 0.8889 0.1547 0.7954
086 087 088 0.0531 0.3146 0.1988 0.3763 0.5330 0.1894 0.9616 0.8244
087 088 089 0.6051 0.0739 0.1875 0.2981 0.0899 0.2556 0.3027 0.0931
088 089 090 0.2717 0.9126 0.3145 0.0890 0.8413 0.8005 0.1410 0.3716
089 090 091 0.7498 0.0743 0.1817 0.9892 0.7681 0.8968 0.2019 0.1455
090 091 092 0.2610 0.2503 0.0757 0.3696 0.0514 0.2596 0.7857 0.5185
091 092 093 0.9826 0.5214 0.1826 0.4678 0.9362 0.7720 0.6927 0.6844
092 093 094 0.4483 0.5968 0.9302 0.9290 0.7273 0.7427 0.3484 0.3671
093 094 095 0.5852 0.8956 0.4610 0.6757 0.8212 0.5188 0.0779 0.7888
094 095 096 0.1701 0.1133 0.3260 0.1329 0.5481 0.0606 0.9295 0.0139
095 096 097 0.5752 0.6719 0.0001 0.7867 0.4370 0.8045 0.0913 0.7265
096 097 098 0.7001 0.9696 0.3358 0.5858 0.3954 0.5332 0.6851 0.9051
097 098 099 0.2521 0.0742 0.2319 0.2203 0.4510 0.4808 0.0340 0.3177
098 099 100 0.2685 0.2523 0.8389 0.5033 0.7181 0.1349 0.9411 0.1589
099 100 101 0.2209 0.1783 0.6737 0.3848 0.0411 0.5257 0.1526 0.3194
100 101 102 0.4488 0.5692 0.4808 0.1666 0.5585 0.0973 0.6100 0.1079
101 102 103 0.6814 0.5807 0.2608 0.5755 0.3647 0.4664 0.0023 0.3077
102 103 104 0.9658 0.3991 0.6515 0.9979 0.7784 0.1332 0.9887 0.9411
103 104 105 0.7579 0.6296 0.1740 0.1298 0.9236 0.4767 0.5062 0.0451
104 105 106 0.6368 0.7811 0.9139 0.4579 0.2633 0.4401 0.3518 0.5162
105 106 107 0.7116 0.4274 0.8249 0.1075 0.3680 0.0145 0.8314 0.4448
106 107 108 0.8880 0.2528 0.2668 0.7866 0.5867 0.7275 0.4207 0.9892
107 108 109 0.6613 0.1904 0.8659 0.6012 0.0906 0.1095 0.2039 0.5034
108 109 110 0.6190 0.9304 0.6698 0.1920 0.5629 0.8552 0.0520 0.9255
109 110 111 0.0854 0.6224 0.7270 0.7107 0.6825 0.7135 0.4544 0.1330
110 111 112 0.4769 0.0159 0.0853 0.6275 0.1867 0.0463 0.8112 0.4340
111 112 113 0.0576 0.4929 0.6097 0.5890 0.9358 0.5754 0.2060 0.3992
112 113 114 0.8111 0.3454 0.6105 0.8960 0.4559 0.3493 0.8818 0.6992
113 114 115 0.2343 0.3127 0.0507 0.5715 0.3914 0.5239 0.4591 0.0677
114 115 116 0.4905 0.6906 0.0265 0.3823 0.1457 0.7541 0.0215 0.6566
115 116 117 0.4459 0.2628 0.9577 0.1142 0.8706 0.0957 0.2256 0.8311
116 117 118 0.8789 0.2701 0.9850 0.9881 0.0210 0.7653 0.9676 0.3722
117 118 119 0.4386 0.0011 0.3191 0.7133 0.5631 0.5609 0.2741 0.9099
118 119 120 0.7096 0.7964 0.7319 0.7158 0.8550 0.0637 0.5765 0.1880
119 120 121 0.0093 0.5801 0.7007 0.7085 0.2517 0.8534 0.1957 0.7018
120 121 122 0.6834 0.2321 0.6924 0.7268 0.7498 0.0113 0.3860 0.7593
121 122 123 0.8536 0.5165 0.2317 0.9062 0.0324 0.8920 0.5451 0.8683
122 123 124 0.3969 0.6922 0.2075 0.9458 0.6984 0.1752 0.1936 0.5954
123 124 125 0.9665 0.9818 0.2151 0.5725 0.2741 0.1879 0.1145 0.9726
124 125 126 0.9716 0.7361 0.8053 0.0620 0.7674 0.1114 0.0107 0.0348
125 126 127 0.3473 0.8025 0.3269 0.4518 0.0835 0.8081 0.9438 0.2776
126 127 128 0.3522 0.8536 0.1635 0.9466 0.2810 0.9231 0.7672 0.5390
127 128 129 0.8287 0.3558 0.7257 0.7366 0.6857 0.7419 0.6481 0.5470
128 129 130 0.9463 0.7748 0.6030 0.4312 0.2617 0.2656 0.6643 0.0760
129 130 131 0.7697 0.8497 0.7025 0.8767 0.3208 0.3836 0.2016 0.2721
130 131 132 0.1914 0.2222 0.4793 0.4723 0.4101 0.0971 0.0393 0.1126
131 132 133 0.4557 0.9682 0.8520 0.0679 0.6855 0.7545 0.2106 0.1407
132 133 134 0.0398 0.5130 0.8279 0.5545 0.6074 0.1285 0.7969 0.8455
133 134 135 0.5142 0.2569 0.9141 0.2336 0.3172 0.6717 0.8486 0.4999
134 135 136 0.2406 0.4087 0.4116 0.1204 0.8159 0.4181 0.1940 0.5475
135 136 137 0.3535 0.6673 0.1264 0.1095 0.1047 0.5265 0.4775 0.2474
136 137 138 0.1214 0.7833 0.3240 0.3983 0.7409 0.7679 0.4953 0.3484
137 138 139 0.9866 0.4510 0.9546 0.8449 0.6034 0.8088 0.6562 0.2335
138 139 140 0.0039 0.4491 0.8333 0.8225 0.4646 0.0636 0.3462 0.1756
139 140 141 0.2581 0.0954 0.4031 0.8370 0.1325 0.5365 0.5839 0.1241
140 141 142 0.3912 0.5762 0.4828 0.2650 0.6000 0.9117 0.8492 0.9703
141 142 143 0.1921 0.2526 0.8122 0.0009 0.7556 0.1173 0.3170 0.7996
142 143 144 0.6779 0.0979 0.4400 0.7938 0.6926 0.5415 0.6609 0.0404
143 144 145 0.3837 0.3352 0.7232 0.7961 0.2099 0.9166 0.1595 0.7714
144 145 146 0.7160 0.8219 0.6589 0.9689 0.5578 0.1174 0.6543 0.3451
145 146 147 0.9375 0.4944 0.1448 0.7519 0.3177 0.2565 0.8528 0.6069
146 147 148 0.5265 0.9426 0.2662 0.9832 0.2808 0.1270 0.0739 0.5118
147 148 149 0.9267 0.3966 0.0828 0.5005 0.8114 0.4552 0.8514 0.3433
148 149 150 0.0928 0.2643 0.4142 0.1782 0.2686 0.1784 0.1304 0.0734
149 150 151 0.1529 0.2204 0.7495 0.6019 0.6779 0.5841 0.2010 0.2163
150 151 152 0.7041 0.0609 0.1433 0.2373 0.2546 0.0544 0.2424 0.3524
151 152 153 0.8841 0.3276 0.0948 0.1558 0.5682 0.4955 0.3617 0.6235
152 153 154 0.4570 0.9276 0.5557 0.7493 0.5479 0.4536 0.4952 0.1203
153 154 155 0.8682 0.6467 0.9989 0.4887 0.8056 0.4952 0.8365 0.4290
154 155 156 0.2164 0.7729 0.4798 0.1939 0.9744 0.2852 0.4097 0.0585
155 156 157 0.2127 0.7712 0.7240 0.3406 0.8270 0.2348 0.2753 0.8888
156 157 158 0.2199 0.5372 0.9672 0.2457 0.4739 0.1750 0.4852 0.0431
157 158 159 0.6861 0.5998 0.5562 0.1212 0.9240 0.0197 0.0456 0.2479
158 159 160 0.2854 0.4089 0.8349 0.3423 0.5136 0.1541 0.3345 0.3885
159 160 161 0.9375 0.1099 0.0021 0.7117 0.4630 0.0510 0.9951 0.1339
160 161 162 0.9703 0.7058 0.6845 0.5343 0.7032 0.0380 0.8250 0.7020
161 162 163 0.8071 0.0173 0.9816 0.5276 0.7266 0.9000 0.8584 0.9066
162 163 164 0.5470 0.3731 0.1886 0.1125 0.2329 0.5695 0.7312 0.6577
163 164 165 0.6367 0.2611 0.0377 0.7323 0.2732 0.0710 0.7181 0.4893
164 165 166 0.3002 0.7850 0.7724 0.1722 0.9025 0.3166 0.1203 0.8537
165 166 167 0.3392 0.4377 0.1848 0.0559 0.9022 0.1918 0.6192 0.4169
166 167 168 0.0782 0.6716 0.2237 0.3367 0.8782 0.3035 0.8561 0.0760
167 168 169 0.2111 0.1907 0.8315 0.5200 0.3718 0.4892 0.9870 0.2081
168 169 170 0.5326 0.7543 0.7146 0.4149 0.2072 0.5201 0.8235 0.8418
169 170 171 0.6774 0.8814 0.1840 0.9007 0.0099 0.8127 0.7285 0.4982
170 171 172 0.6799 0.4836 0.1266 0.9994 0.3876 0.4349 0.0636 0.5369
171 172 173 0.4008 0.3168 0.7296 0.1572 0.3067 0.0372 0.1569 0.7700
172 173 174 0.8723 0.9232 0.4537 0.3700 0.2313 0.2784 0.8348 0.9026
173 174 175 0.3695 0.9559 0.4984 0.0362 0.9428 0.5218 0.5110 0.6009
174 175 176 0.3411 0.2150 0.9788 0.4157 0.8777 0.0489 0.5257 0.6372
175 176 177 0.8331 0.9287 0.6203 0.2986 0.4865 0.3121 0.2957 0.5216
176 177 178 0.6398 0.2214 0.6083 0.1541 0.5937 0.4277 0.9991 0.0940
177 178 179 0.0408 0.5388 0.3457 0.6389 0.5319 0.4252 0.4144 0.2455
178 179 180 0.4783 0.6285 0.8024 0.2326 0.0064 0.1206 0.8199 0.2162
179 180 181 0.4558 0.8754 0.4248 0.8153 0.8985 0.8182 0.5054 0.7889
180 181 182 0.8152 0.2040 0.8299 0.0954 0.4718 0.5254 0.9320 0.5312
181 182 183 0.9795 0.9188 0.6255 0.4610 0.7089 0.3854 0.6565 0.9667
182 183 184 0.2127 0.7847 0.8687 0.6615 0.5914 0.9334 0.7769 0.3557
183 184 185 0.5503 0.8286 0.7008 0.8713 0.3543 0.7017 0.0776 0.0327
184 185 186 0.5158 0.9157 0.7894 0.6556 0.2343 0.5325 0.2502 0.4502
185 186 187 0.9236 0.6456 0.7286 0.7534 0.4782 0.1549 0.1509 0.7610
186 187 188 0.4712 0.7032 0.1207 0.6263 0.8792 0.4033 0.1603 0.8458
187 188 189 0.0564 0.2785 0.5085 0.6420 0.0635 0.6662 0.0492 0.2080
188 189 190 0.7491 0.9233 0.9236 0.8041 0.0706 0.3165 0.8936 0.7624
189 190 191 0.4634 0.0102 0.4578 0.9882 0.9818 0.0681 0.2003 0.4718
190 191 192 0.1324 0.0370 0.6401 0.3598 0.9088 0.8082 0.2178 0.6095
191 192 193 0.1650 0.9320 0.8738 0.8361 0.4215 0.4716 0.4282 0.5325
192 193 194 0.2636 0.8703 0.0147 0.2306 0.1475 0.9590 0.9467 0.2488
193 194 195 0.0594 0.6038 0.9471 0.3484 0.8200 0.1633 0.4139 0.8279
194 195 196 0.7694 0.4934 0.7403 0.9674 0.1808 0.7120 0.4447 0.7876
195 196 197 0.4334 0.4092 0.8425 0.5666 0.8468 0.4372 0.0811 0.8629
196 197 198 0.7826 0.7415 0.6622 0.8371 0.8310 0.2024 0.2920 0.1374
197 198 199 0.9630 0.8137 0.4358 0.3478 0.9848 0.8857 0.0232 0.7389
198 199 200 0.0849 0.1272 0.9974 0.1891 0.8797 0.4968 0.6978 0.4860
199 200 201 0.5123 0.7757 0.5513 0.0697 0.0010 0.2477 0.0505 0.4731
200 201 202 0.1635 0.9531 0.4352 0.5793 0.8162 0.5939 0.7959 0.4767
201 202 203 0.9816 0.0486 0.5020 0.1580 0.9518 0.6738 0.0448 0.8810
202 203 204 0.0104 0.7211 0.6060 0.3701 0.6359 0.7446 0.7651 0.7370
203 204 205 0.9633 0.0775 0.7447 0.2063 0.5368 0.3931 0.4835 0.6472
204 205 206 0.4379 0.9239 0.2606 0.2240 0.8852 0.0026 0.0130 0.0184
205 206 207 0.4396 0.2381 0.7435 0.2034 0.9940 0.0808 0.4659 0.5608
206 207 208 0.8528 0.4125 0.3768 0.8515 0.1577 0.6875 0.1331 0.9050
207 208 209 0.1863 0.4018 0.2534 0.1008 0.0591 0.2815 0.0988 0.9495
208 209 210 0.2785 0.1237 0.3280 0.0168 0.9875 0.3459 0.2114 0.7599
209 210 211 0.5751 0.8307 0.8979 0.9392 0.4470 0.1489 0.6002 0.3679
210 211 212 0.3499 0.2725 0.3723 0.9006 0.2299 0.5887 0.2992 0.2190
211 212 213 0.6301 0.4501 0.1600 0.4775 0.6087 0.9610 0.7539 0.0973
212 213 214 0.6884 0.5979 0.6926 0.9969 0.7779 0.3988 0.6774 0.5940
213 214 215 0.4346 0.9752 0.9194 0.3520 0.3539 0.2386 0.4339 0.2542
214 215 216 0.6414 0.8799 0.7766 0.1423 0.6271 0.5478 0.5726 0.8205
215 216 217 0.5320 0.4858 0.3850 0.2361 0.7226 0.7577 0.8465 0.0133
216 217 218 0.1752 0.8051 0.4728 0.3739 0.5792 0.6419 0.8984 0.3285
217 218 219 0.1496 0.7974 0.8950 0.0635 0.1627 0.4771 0.8762 0.6187
218 219 220 0.9285 0.8684 0.1328 0.8513 0.9351 0.5702 0.3978 0.6093
219 220 221 0.7368 0.2494 0.1977 0.8470 0.6619 0.7830 0.6682 0.3002
220 221 222 0.4707 0.0268 0.9257 0.3907 0.1232 0.6613 0.5436 0.6609
221 222 223 0.1318 0.9655 0.5042 0.6563 0.4230 0.1073 0.1666 0.1312
222 223 224 0.8411 0.7705 0.2223 0.2782 0.7978 0.0449 0.1048 0.8409
223 224 225 0.5156 0.6358 0.3557 0.9950 0.9240 0.2564 0.1229 0.3511
224 225 226 0.8131 0.3989 0.1892 0.4650 0.8407 0.3551 0.9455 0.6698
225 226 227 0.5865 0.9531 0.4391 0.3190 0.5852 0.2774 0.6957 0.9729
226 227 228 0.9362 0.6217 0.3243 0.6557 0.2356 0.7630 0.3594 0.2874
227 228 229 0.3677 0.1502 0.0563 0.0554 0.3116 0.1664 0.9881 0.7683
228 229 230 0.9446 0.6824 0.3088 0.4110 0.8239 0.7110 0.2169 0.4014
229 230 231 0.2203 0.8475 0.1978 0.1546 0.6455 0.6521 0.3365 0.0015
230 231 232 0.6361 0.6581 0.9313 0.7085 0.9103 0.9098 0.7674 0.1240
231 232 233 0.2266 0.9868 0.8159 0.4599 0.6846 0.9379 0.3570 0.7992
232 233 234 0.0110 0.6516 0.0173 0.3921 0.3773 0.5724 0.5098 0.6811
233 234 235 0.2545 0.7700 0.9314 0.4460 0.6439 0.6830 0.8424 0.6434
234 235 236 0.7707 0.2409 0.3687 0.8202 0.5853 0.1233 0.7436 0.6597
235 236 237 0.1383 0.8783 0.4882 0.5644 0.8551 0.3766 0.7746 0.2615
236 237 238 0.3074 0.7660 0.2375 0.4420 0.4145 0.2931 0.7679 0.7077
237 238 239 0.4608 0.2457 0.2088 0.3099 0.6053 0.0661 0.9792 0.8330
238 239 240 0.1601 0.9067 0.5553 0.6779 0.7484 0.3112 0.8007 0.3878
239 240 241 0.9923 0.1972 0.1673 0.2602 0.2313 0.8931 0.8827 0.6359
240 241 242 0.5011 0.2883 0.1851 0.6223 0.2967 0.8406 0.9322 0.6764
241 242 243 0.4861 0.0253 0.3117 0.1258 0.9958 0.7927 0.8359 0.0599
242 243 244 0.5166 0.1102 0.6747 0.1933 0.5622 0.1591 0.7672 0.2982
243 244 245 0.4219 0.6530 0.5835 0.8464 0.4584 0.3455 0.4590 0.6678
244 245 246 0.2116 0.6676 0.5850 0.3702 0.4135 0.1041 0.9684 0.4826
245 246 247 0.2869 0.6042 0.8924 0.5947 0.5279 0.0857 0.8831 0.7423
246 247 248 0.4928 0.1628 0.8572 0.9142 0.4966 0.0200 0.2963 0.1698
247 248 249 0.4059 0.2480 0.4050 0.3742 0.9306 0.5541 0.8464 0.7674
248 249 250 0.0922 0.7812 0.3689 0.0664 0.7493 0.9081 0.0468 0.2165
249 250 251 0.3382 0.6413 0.8972 0.9298 0.0041 0.8795 0.2084 0.7462
250 251 252 0.0598 0.4155 0.8463 0.1098 0.4688 0.5568 0.7417 0.2454
251 252 253 0.8416 0.9078 0.2338 0.4817 0.8508 0.9839 0.5531 0.7631
252 253 254 0.1991 0.3042 0.0650 0.6085 0.0448 0.9897 0.3669 0.5621
253 254 255 0.3578 0.5173 0.3316 0.7728 0.7045 0.4960 0.3495 0.4160
254 255 256 0.3454 0.4973 0.2847 0.0668 0.4310 0.4643 0.8571 0.1999
255 256 257 0.6783 0.8165 0.4737 0.8767 0.8360 0.5293 0.2432 0.8330
256 257 258 0.9131 0.6736 0.5850 0.5357 0.3306 0.0092 0.8196 0.4423
257 258 259 0.8067 0.4816 0.0360 0.7764 0.5178 0.3084 0.2743 0.5077
258 259 260 0.7735 0.8524 0.5348 0.6610 0.0419 0.1477 0.8080 0.7279
259 260 261 0.0545 0.4242 0.0771 0.1708 0.1212 0.6807 0.6634 0.5456
260 261 262 0.3122 0.2486 0.9521 0.1718 0.5421 0.2004 0.2366 0.8403
261 262 263 0.8735 0.8488 0.6157 0.3711 0.8314 0.4500 0.0473 0.2857
262 263 264 0.2547 0.9543 0.3279 0.7814 0.1685 0.9932 0.5196 0.7809
263 264 265 0.3197 0.3149 0.8059 0.2688 0.5860 0.0607 0.6197 0.4582
264 265 266 0.0785 0.0288 0.0057 0.2238 0.5237 0.8967 0.6204 0.6417
265 266 267 0.5937 0.3708 0.0357 0.8911 0.1897 0.1463 0.0663 0.2444
266 267 268 0.8628 0.2923 0.2883 0.3213 0.8897 0.9401 0.2868 0.0475
267 268 269 0.0149 0.5789 0.3014 0.0980 0.3295 0.8454 0.5395 0.9408
268 269 270 0.2540 0.7996 0.1679 0.2084 0.8443 0.3213 0.1540 0.7916
269 270 271 0.4572 0.2045 0.4180 0.3650 0.5400 0.4959 0.0306 0.6148
270 271 272 0.2069 0.5034 0.8591 0.1682 0.0101 0.7452 0.1723 0.2901
271 272 273 0.8346 0.4308 0.5739 0.9162 0.0747 0.4342 0.9866 0.9162
272 273 274 0.6447 0.6828 0.8723 0.2466 0.9395 0.3496 0.8363 0.6602
273 274 275 0.3952 0.7837 0.4942 0.0980 0.6728 0.8149 0.1703 0.9237
274 275 276 0.8193 0.2007 0.3388 0.4904 0.6969 0.6554 0.4785 0.3816
275 276 277 0.1987 0.5195 0.9267 0.0740 0.5471 0.8445 0.6520 0.2290
276 277 278 0.1056 0.1257 0.1098 0.1490 0.8640 0.4464 0.7609 0.2410
277 278 000 0.2590 0.5020 0.0703 0.5974 0.9918 0.9975 0.0381 0.2307
278 000 001 0.1293 0.2149 0.0998 0.5548 0.4034 0.0603 0.6948 0.6916
