279 155682 3 279
000 001 002 0.0222 0.8765 0.1565 0.7938 0.3262 0.7351 0.7214 0.6747
001 002 003 0.0964 0.1460 0.5987 0.0466 0.1220 0.8050 0.3711 0.4323
002 003 004 0.5143 0.1847 0.0412 0.5560 0.4780 0.3534 0.6458 0.0468
003 004 005 0.2614 0.3215 0.8667 0.4829 0.5040 0.3803 0.4454 0.0666
004 005 006 0.2864 0.8460 0.3297 0.2005 0.9314 0.1986 0.1785 0.8495
005 006 007 0.8077 0.0543 0.2579 0.1626 0.1804 0.9936 0.3196 0.0234
006 007 008 0.0178 0.4726 0.4387 0.2392 0.2308 0.4475 0.0355 0.7519
007 008 009 0.1561 0.1835 0.2510 0.0936 0.4623 0.9768 0.2681 0.1573
008 009 010 0.0948 0.7304 0.6141 0.8394 0.4002 0.0424 0.6821 0.8438
009 010 011 0.4456 0.0064 0.4170 0.1489 0.5194 0.6918 0.4040 0.1767
010 011 012 0.9472 0.3108 0.5940 0.2364 0.3915 0.7908 0.8279 0.4776
011 012 013 0.8710 0.6942 0.7834 0.1206 0.3874 0.8546 0.2307 0.6439
012 013 014 0.6298 0.0444 0.0485 0.4156 0.2047 0.1563 0.9820 0.0913
013 014 015 0.0467 0.8434 0.1404 0.5343 0.0908 0.4160 0.9333 0.2809
014 015 016 0.8082 0.6481 0.4358 0.9030 0.5366 0.2266 0.5970 0.1504
015 016 017 0.6370 0.0423 0.0549 0.7391 0.9989 0.3911 0.1431 0.1204
016 017 018 0.9207 0.1690 0.1053 0.4812 0.9224 0.7794 0.8634 0.1510
017 018 019 0.4210 0.3938 0.6933 0.5498 0.0865 0.9513 0.7542 0.5105
018 019 020 0.1374 0.5620 0.6396 0.1838 0.8374 0.0413 0.9996 0.4932
019 020 021 0.9726 0.0938 0.9294 0.6088 0.9217 0.3148 0.6756 0.9774
020 021 022 0.4168 0.1399 0.7720 0.8134 0.5716 0.4292 0.4007 0.9353
021 022 023 0.3448 0.0391 0.3543 0.1027 0.7658 0.9336 0.0653 0.0908
022 023 024 0.9865 0.6213 0.7557 0.2314 0.2497 0.1806 0.0652 0.3588
023 024 025 0.5179 0.6215 0.6453 0.7948 0.1481 0.8098 0.4822 0.8823
024 025 026 0.1295 0.9834 0.0979 0.1432 0.9286 0.5417 0.9003 0.4098
025 026 027 0.2247 0.3773 0.6598 0.6725 0.1970 0.3983 0.4863 0.6419
026 027 028 0.9333 0.0458 0.5852 0.2721 0.6383 0.1152 0.7384 0.8921
027 028 029 0.9092 0.5302 0.1216 0.1926 0.7461 0.8257 0.9210 0.4925
028 029 030 0.2312 0.2138 0.4657 0.3210 0.2227 0.0768 0.0812 0.3410
029 030 031 0.7306 0.5553 0.9296 0.0298 0.4134 0.3566 0.0615 0.7331
030 031 032 0.1066 0.1182 0.3397 0.3489 0.4332 0.1939 0.6783 0.3901
031 032 033 0.3265 0.8253 0.1046 0.4812 0.4901 0.2188 0.0060 0.5837
032 033 034 0.8054 0.9494 0.5577 0.2489 0.3059 0.4413 0.3175 0.6646
033 034 035 0.2119 0.8746 0.0071 0.8993 0.0332 0.2939 0.7288 0.7568
034 035 036 0.4241 0.1858 0.4474 0.8820 0.2503 0.7838 0.0782 0.9672
035 036 037 0.5673 0.5974 0.4122 0.7948 0.0739 0.0122 0.5695 0.1158
036 037 038 0.5648 0.5808 0.5025 0.3867 0.3681 0.2771 0.8934 0.6267
037 038 039 0.2904 0.7428 0.0670 0.0219 0.3258 0.5399 0.8408 0.1662
038 039 040 0.0010 0.3920 0.4624 0.2982 0.4826 0.4789 0.5390 0.9632
039 040 041 0.2080 0.0695 0.2816 0.6088 0.8936 0.0350 0.5248 0.8627
040 041 042 0.4580 0.6225 0.1007 0.8381 0.8298 0.4520 0.6569 0.8115
041 042 043 0.2626 0.8660 0.2200 0.3534 0.8085 0.2862 0.3969 0.0624
042 043 044 0.9627 0.6299 0.1226 0.9849 0.0679 0.0495 0.9619 0.8590
043 044 045 0.2172 0.6973 0.7166 0.0905 0.4586 0.6934 0.0466 0.8074
044 045 046 0.7646 0.6799 0.7783 0.9754 0.0747 0.6761 0.5525 0.8522
045 046 047 0.9274 0.3942 0.9569 0.1757 0.8124 0.8631 0.1321 0.4605
046 047 048 0.5885 0.9484 0.3001 0.1554 0.3667 0.7624 0.3231 0.3154
047 048 049 0.1603 0.7633 0.5942 0.4826 0.6764 0.9706 0.7512 0.7210
048 049 050 0.7767 0.7376 0.2602 0.9873 0.5200 0.6728 0.8826 0.5230
049 050 051 0.8106 0.2372 0.8621 0.4329 0.2110 0.0078 0.8952 0.0989
050 051 052 0.6258 0.1974 0.9248 0.6789 0.8824 0.4114 0.5942 0.8634
051 052 053 0.3276 0.5193 0.7947 0.0303 0.3509 0.9987 0.1009 0.9006
052 053 054 0.1221 0.3406 0.6718 0.8583 0.9086 0.2881 0.4341 0.9036
053 054 055 0.5644 0.8408 0.3192 0.8435 0.1641 0.6142 0.0641 0.4439
054 055 056 0.5015 0.6589 0.6385 0.5170 0.8151 0.8783 0.5937 0.6398
055 056 057 0.9064 0.1877 0.3019 0.4140 0.8306 0.2790 0.7758 0.4644
056 057 058 0.3099 0.8006 0.9815 0.7027 0.8121 0.5154 0.0838 0.0131
057 058 059 0.7029 0.8810 0.7374 0.1585 0.9335 0.8431 0.7066 0.7070
058 059 060 0.8813 0.5491 0.1345 0.4237 0.1809 0.8410 0.0876 0.4883
059 060 061 0.3696 0.9023 0.0451 0.6194 0.0771 0.6858 0.1860 0.6295
060 061 062 0.9526 0.1242 0.3120 0.8777 0.3803 0.0455 0.6689 0.9903
061 062 063 0.6309 0.4190 0.5931 0.4705 0.9036 0.4375 0.3746 0.8848
062 063 064 0.1559 0.2095 0.8421 0.5789 0.4423 0.8693 0.4260 0.8871
063 064 065 0.1874 0.0108 0.9097 0.4106 0.7552 0.7019 0.1353 0.9866
064 065 066 0.0188 0.9071 0.9517 0.1308 0.1545 0.8018 0.0858 0.4580
065 066 067 0.3611 0.5302 0.6251 0.2340 0.3519 0.6488 0.1828 0.8085
066 067 068 0.5956 0.6850 0.8398 0.8823 0.2762 0.2881 0.3158 0.6717
067 068 069 0.4713 0.9522 0.6601 0.0295 0.9963 0.1400 0.5340 0.1281
068 069 070 0.7178 0.6722 0.7482 0.7796 0.8237 0.7764 0.6012 0.3917
069 070 071 0.8568 0.9152 0.9509 0.9794 0.2679 0.0641 0.3836 0.8855
070 071 072 0.0493 0.0133 0.9307 0.3868 0.6200 0.4690 0.9636 0.5379
071 072 073 0.9383 0.7121 0.1879 0.0654 0.7877 0.1048 0.2421 0.6122
072 073 074 0.1688 0.5175 0.1322 0.8324 0.7491 0.1705 0.5099 0.2654
073 074 075 0.7560 0.7355 0.8957 0.2842 0.3692 0.7366 0.8231 0.3919
074 075 076 0.3074 0.4202 0.8495 0.3611 0.2922 0.9069 0.3567 0.2946
075 076 077 0.5929 0.1874 0.3011 0.6730 0.7666 0.7039 0.8895 0.4907
076 077 078 0.7417 0.5110 0.5899 0.4099 0.6499 0.0388 0.3409 0.7038
077 078 079 0.3793 0.3309 0.3141 0.3536 0.8221 0.6694 0.1218 0.0827
078 079 080 0.1898 0.7345 0.5235 0.6416 0.2601 0.1665 0.3761 0.5575
079 080 081 0.0333 0.6702 0.2408 0.6237 0.8852 0.8775 0.9279 0.0995
080 081 082 0.4233 0.6939 0.0425 0.4454 0.1507 0.9704 0.7893 0.2216
081 082 083 0.3590 0.8000 0.3434 0.6671 0.8599 0.4920 0.5888 0.2069
082 083 084 0.3409 0.6200 0.9352 0.4627 0.2831 0.2793 0.9506 0.9373
083 084 085 0.4250 0.2791 0.9176 0.8700 0.6321 0.1827 0.1251 0.8257
084 085 086 0.1808 0.8613 0.7994 0.7854 0.9308 0.3448 0.4605 0.9534
085 086 087 0.5977 0.0262 0.7267 0.1195 0.7490 0.0954 0.8096 0.5566
086 087 088 0.0738 0.2657 0.6120 0.4600 0.8322 0.4298 0.7130 0.0477
087 088 089 0.8651 0.7557 0.2683 0.8162 0.9524 0.6181 0.3593 0.7817
088 089 090 0.4861 0.5393 0.9545 0.4489 0.1638 0.3632 0.6343 0.7463
089 090 091 0.4949 0.5216 0.1222 0.6942 0.8299 0.9517 0.4210 0.8558
090 091 092 0.9306 0.5726 0.0993 0.5058 0.3274 0.3238 0.6918 0.7219
091 092 093 0.1160 0.4927 0.0033 0.3375 0.6390 0.2008 0.1815 0.3193
092 093 094 0.7660 0.5612 0.6727 0.4702 0.9017 0.2275 0.0133 0.1273
093 094 095 0.3767 0.4693 0.6255 0.8663 0.4345 0.6168 0.0062 0.3615
094 095 096 0.4120 0.7640 0.5962 0.4728 0.1418 0.2834 0.6112 0.9528
095 096 097 0.2546 0.4735 0.2211 0.2797 0.9367 0.4130 0.1009 0.0376
096 097 098 0.6376 0.5837 0.7209 0.7940 0.1244 0.9940 0.3346 0.6839
097 098 099 0.6868 0.0896 0.7465 0.4409 0.3846 0.1159 0.3393 0.9202
098 099 100 0.1744 0.9623 0.7424 0.6673 0.8348 0.0598 0.7505 0.9203
099 100 101 0.2642 0.3144 0.8715 0.1677 0.7152 0.2453 0.1618 0.2845
100 101 102 0.6103 0.0331 0.0532 0.6789 0.3150 0.9646 0.7364 0.8304
101 102 103 0.3468 0.2345 0.7534 0.6638 0.7198 0.9895 0.8310 0.5511
102 103 104 0.5935 0.9595 0.1272 0.2437 0.3474 0.5708 0.3958 0.8848
103 104 105 0.9411 0.7042 0.6044 0.5252 0.5888 0.4642 0.3263 0.6127
104 105 106 0.9821 0.0593 0.0870 0.6366 0.5891 0.4486 0.1470 0.6746
105 106 107 0.6430 0.6039 0.4032 0.5635 0.7083 0.3462 0.7711 0.3213
106 107 108 0.8576 0.7570 0.6482 0.7841 0.5848 0.1580 0.0247 0.0738
107 108 109 0.7561 0.0194 0.4968 0.9406 0.2097 0.9438 0.6816 0.1660
108 109 110 0.2982 0.6774 0.2865 0.5799 0.3992 0.7287 0.1560 0.3732
109 110 111 0.0864 0.8529 0.6090 0.6954 0.8967 0.3660 0.2019 0.3668
110 111 112 0.4686 0.2290 0.0807 0.8534 0.1783 0.1632 0.4863 0.9254
111 112 113 0.9790 0.4511 0.6163 0.3547 0.1450 0.2978 0.7598 0.0586
112 113 114 0.2575 0.2955 0.3799 0.6357 0.4354 0.9482 0.2850 0.6608
113 114 115 0.5658 0.1489 0.1826 0.2567 0.4807 0.4831 0.0005 0.1967
114 115 116 0.4302 0.4898 0.5427 0.6359 0.7571 0.4809 0.1522 0.6343
115 116 117 0.6214 0.6752 0.4673 0.1826 0.1986 0.2396 0.8755 0.7687
116 117 118 0.8702 0.7542 0.2794 0.1479 0.9826 0.1416 0.8443 0.2536
117 118 119 0.9684 0.2183 0.4269 0.6065 0.8744 0.3708 0.3998 0.9381
118 119 120 0.7445 0.2508 0.1394 0.5315 0.7427 0.9055 0.7839 0.7665
119 120 121 0.2988 0.5070 0.3044 0.6269 0.9430 0.0413 0.9335 0.6747
120 121 122 0.5757 0.3695 0.0700 0.3344 0.9462 0.6763 0.8824 0.4552
121 122 123 0.1258 0.8319 0.7517 0.0503 0.8849 0.7776 0.8717 0.3434
122 123 124 0.8879 0.2960 0.3470 0.9527 0.3547 0.7368 0.9235 0.3625
123 124 125 0.5098 0.7878 0.8531 0.6930 0.7968 0.2393 0.3282 0.8216
124 125 126 0.5917 0.7948 0.1962 0.3741 0.2064 0.4167 0.0116 0.0785
125 126 127 0.1723 0.4842 0.5722 0.1672 0.9923 0.5217 0.7134 0.4487
126 127 128 0.4503 0.8784 0.1646 0.1409 0.7480 0.0934 0.5442 0.9023
127 128 129 0.1592 0.7189 0.0132 0.9890 0.3436 0.5746 0.2921 0.1902
128 129 130 0.6964 0.8375 0.6769 0.9578 0.0278 0.3357 0.7631 0.6219
129 130 131 0.4971 0.2801 0.7177 0.1512 0.0162 0.8406 0.3126 0.7413
130 131 132 0.9966 0.5841 0.8061 0.3085 0.9112 0.5039 0.2546 0.7956
131 132 133 0.2266 0.8482 0.5632 0.9141 0.6048 0.4105 0.7826 0.0496
132 133 134 0.8960 0.0267 0.5788 0.0386 0.3666 0.5230 0.0103 0.1305
133 134 135 0.5759 0.4454 0.9885 0.2262 0.8055 0.3811 0.2177 0.7428
134 135 136 0.2025 0.6317 0.6463 0.3754 0.5691 0.0098 0.9401 0.6886
135 136 137 0.2854 0.4208 0.5562 0.4362 0.4022 0.9437 0.7237 0.0287
136 137 138 0.1898 0.4981 0.9592 0.2752 0.0712 0.3941 0.1859 0.4802
137 138 139 0.6397 0.3778 0.2331 0.0442 0.0310 0.6940 0.3638 0.2907
138 139 140 0.2236 0.4216 0.6384 0.3937 0.3294 0.4200 0.8188 0.5172
139 140 141 0.6994 0.0274 0.3795 0.0913 0.9739 0.6563 0.8849 0.0955
140 141 142 0.8798 0.6708 0.0444 0.9879 0.0844 0.2342 0.9773 0.0106
141 142 143 0.0611 0.6454 0.8239 0.6297 0.8327 0.4389 0.4286 0.5277
142 143 144 0.6465 0.8535 0.1335 0.8762 0.9766 0.5878 0.7645 0.8951
143 144 145 0.2202 0.7115 0.9436 0.1625 0.0839 0.8777 0.4690 0.2379
144 145 146 0.7383 0.5254 0.3969 0.1665 0.4052 0.0235 0.1550 0.7197
145 146 147 0.3606 0.1000 0.7299 0.5431 0.7941 0.3969 0.2170 0.1228
146 147 148 0.0161 0.9304 0.4184 0.5603 0.0319 0.3660 0.1574 0.0580
147 148 149 0.2345 0.0294 0.8428 0.8360 0.5635 0.8079 0.6673 0.4120
148 149 150 0.7972 0.7324 0.7768 0.5058 0.3968 0.1769 0.7114 0.9429
149 150 151 0.6121 0.8840 0.7585 0.2252 0.9943 0.3670 0.4795 0.8034
150 151 152 0.2456 0.1442 0.7284 0.7637 0.9404 0.5168 0.3283 0.0976
151 152 153 0.5007 0.9814 0.6114 0.4980 0.0684 0.6561 0.9570 0.6663
152 153 154 0.8046 0.5251 0.6647 0.1661 0.2094 0.4098 0.9098 0.7645
153 154 155 0.1304 0.3870 0.1485 0.6762 0.1760 0.5547 0.6931 0.3715
154 155 156 0.2869 0.9591 0.5885 0.7568 0.4427 0.4816 0.7323 0.8266
155 156 157 0.6997 0.7894 0.3753 0.1143 0.5206 0.5142 0.4177 0.3061
156 157 158 0.6900 0.9392 0.9923 0.6377 0.9338 0.5806 0.5190 0.8493
157 158 159 0.4381 0.5655 0.0556 0.0522 0.8190 0.8799 0.5013 0.8072
158 159 160 0.2894 0.7904 0.2066 0.6200 0.6333 0.9106 0.9768 0.1192
159 160 161 0.4638 0.1757 0.8752 0.2937 0.7662 0.9852 0.3916 0.9096
160 161 162 0.9596 0.2993 0.4077 0.6944 0.7102 0.6032 0.5221 0.9240
161 162 163 0.2856 0.2228 0.6914 0.0785 0.9820 0.8322 0.6914 0.5238
162 163 164 0.0588 0.6981 0.8262 0.9783 0.4186 0.2501 0.5108 0.5270
163 164 165 0.1359 0.5629 0.1882 0.3848 0.0807 0.8773 0.8728 0.2349
164 165 166 0.0630 0.4613 0.2416 0.8388 0.8375 0.9555 0.7491 0.9884
165 166 167 0.1481 0.4385 0.5912 0.1227 0.9036 0.7432 0.4347 0.5620
166 167 168 0.8597 0.5507 0.1660 0.5774 0.9666 0.2955 0.2351 0.2727
167 168 169 0.6753 0.1453 0.4119 0.6171 0.2176 0.0534 0.6493 0.3965
168 169 170 0.1784 0.2053 0.8952 0.4141 0.0841 0.4604 0.1368 0.8648
169 170 171 0.4361 0.5709 0.7674 0.1456 0.4149 0.9342 0.7676 0.2430
170 171 172 0.5066 0.7285 0.7285 0.1144 0.4799 0.7850 0.5313 0.9100
171 172 173 0.7022 0.7455 0.0300 0.0824 0.4050 0.4186 0.5414 0.8022
172 173 174 0.2355 0.1364 0.8094 0.1935 0.4287 0.4545 0.8307 0.7316
173 174 175 0.7699 0.6982 0.4863 0.6627 0.8483 0.7280 0.7504 0.4164
174 175 176 0.6268 0.9394 0.1841 0.5356 0.5761 0.5704 0.5629 0.7391
175 176 177 0.7618 0.9475 0.3876 0.1186 0.7080 0.7894 0.1228 0.6299
176 177 178 0.4186 0.9017 0.4972 0.9566 0.6434 0.5583 0.3882 0.9570
177 178 179 0.0368 0.6730 0.4443 0.6647 0.9492 0.0164 0.8865 0.4108
178 179 180 0.6619 0.0752 0.9606 0.1829 0.7010 0.5120 0.7925 0.3587
179 180 181 0.9055 0.4439 0.1995 0.0372 0.0510 0.0102 0.1554 0.7469
180 181 182 0.6713 0.3695 0.1477 0.4100 0.0206 0.6566 0.5299 0.1437
181 182 183 0.9043 0.7336 0.1541 0.0246 0.7647 0.0351 0.0910 0.6140
182 183 184 0.9979 0.9223 0.7937 0.1097 0.3737 0.9511 0.1408 0.4494
183 184 185 0.6858 0.2719 0.2798 0.0622 0.7831 0.8408 0.5132 0.6064
184 185 186 0.3727 0.4956 0.7034 0.8287 0.2570 0.4714 0.6719 0.2089
185 186 187 0.4799 0.6761 0.2745 0.8546 0.5602 0.7297 0.2931 0.7220
186 187 188 0.1623 0.8498 0.7801 0.3367 0.9061 0.8314 0.7682 0.6660
187 188 189 0.9739 0.6738 0.6150 0.2246 0.1248 0.6927 0.9142 0.3087
188 189 190 0.5411 0.8405 0.9705 0.3577 0.0138 0.2524 0.5810 0.0847
189 190 191 0.3749 0.6850 0.0972 0.2601 0.0707 0.7076 0.3856 0.1032
190 191 192 0.1137 0.0007 0.3981 0.0403 0.3669 0.9167 0.9372 0.7399
191 192 193 0.0908 0.2925 0.0866 0.3259 0.1275 0.1673 0.6189 0.6893
192 193 194 0.4866 0.7616 0.5996 0.9909 0.8980 0.5337 0.3765 0.2183
193 194 195 0.8442 0.3680 0.7421 0.2188 0.8422 0.9636 0.8741 0.2050
194 195 196 0.1966 0.3014 0.4787 0.0964 0.5647 0.7677 0.4967 0.2783
195 196 197 0.7479 0.2343 0.3123 0.6902 0.8604 0.1320 0.1212 0.7731
196 197 198 0.1135 0.1108 0.2664 0.1161 0.7984 0.1133 0.0592 0.6261
197 198 199 0.0445 0.9605 0.3489 0.9640 0.3568 0.5545 0.5203 0.5084
198 199 200 0.9949 0.8428 0.6078 0.5556 0.2978 0.4894 0.6123 0.7442
199 200 201 0.7048 0.3122 0.2454 0.8938 0.3569 0.7343 0.6065 0.6174
200 201 202 0.1526 0.2842 0.6512 0.3929 0.1060 0.0687 0.7720 0.6726
201 202 203 0.7562 0.5384 0.3076 0.8203 0.3553 0.0381 0.6759 0.3920
202 203 204 0.6674 0.3945 0.4817 0.0894 0.5154 0.7791 0.8322 0.0015
203 204 205 0.5932 0.7828 0.1740 0.4013 0.8050 0.7972 0.1125 0.6803
204 205 206 0.6932 0.2939 0.9228 0.1805 0.9506 0.0372 0.7232 0.3544
205 206 207 0.3829 0.4779 0.8849 0.1298 0.3144 0.8877 0.3888 0.9648
206 207 208 0.4142 0.4576 0.4675 0.6213 0.1736 0.1136 0.7498 0.2116
207 208 209 0.0683 0.8224 0.3039 0.7572 0.6240 0.8449 0.8297 0.6988
208 209 210 0.3474 0.4158 0.5084 0.0100 0.3621 0.7132 0.9785 0.5339
209 210 211 0.5593 0.7136 0.5076 0.4350 0.9720 0.9038 0.1611 0.9661
210 211 212 0.8957 0.9920 0.0449 0.9626 0.8952 0.5043 0.4952 0.8880
211 212 213 0.7765 0.8270 0.0703 0.4666 0.2317 0.5637 0.8573 0.0490
212 213 214 0.6538 0.0951 0.6740 0.1833 0.2721 0.3837 0.2373 0.6417
213 214 215 0.0024 0.7851 0.9754 0.4185 0.6837 0.5813 0.6096 0.5571
214 215 216 0.7034 0.7091 0.5498 0.1584 0.1122 0.9340 0.1325 0.0001
215 216 217 0.1470 0.5632 0.4545 0.8991 0.6320 0.8190 0.8418 0.8387
216 217 218 0.7022 0.8557 0.5065 0.8836 0.0658 0.2090 0.1775 0.6269
217 218 219 0.2791 0.3434 0.6890 0.2477 0.2482 0.1786 0.7399 0.8367
218 219 220 0.8413 0.2147 0.5384 0.7053 0.3208 0.6894 0.2234 0.9411
219 220 221 0.3399 0.8329 0.0095 0.5456 0.5623 0.3983 0.9061 0.5199
220 221 222 0.0830 0.0603 0.3667 0.3615 0.0800 0.4426 0.2196 0.1218
221 222 223 0.4940 0.2311 0.0367 0.2668 0.0588 0.4686 0.7546 0.9582
222 223 224 0.6175 0.8893 0.4605 0.5021 0.9594 0.3321 0.9700 0.7680
223 224 225 0.7289 0.8277 0.5158 0.6281 0.7194 0.6575 0.4845 0.3300
224 225 226 0.5692 0.8913 0.4488 0.2743 0.9711 0.7474 0.2627 0.5103
225 226 227 0.1098 0.2941 0.5011 0.8861 0.2798 0.0996 0.3448 0.3666
226 227 228 0.5913 0.4098 0.7061 0.1252 0.6058 0.7742 0.7754 0.1186
227 228 229 0.6450 0.5832 0.9788 0.4639 0.1621 0.7335 0.1242 0.0936
228 229 230 0.9476 0.5148 0.9138 0.1762 0.9470 0.3191 0.5678 0.4142
229 230 231 0.7190 0.2022 0.6933 0.3784 0.2625 0.9700 0.0632 0.0515
230 231 232 0.6995 0.1285 0.7416 0.0032 0.5347 0.6095 0.5122 0.6128
231 232 233 0.2357 0.5628 0.5420 0.4711 0.7393 0.3326 0.8344 0.8012
232 233 234 0.7482 0.1273 0.9397 0.8607 0.5461 0.4018 0.6771 0.1648
233 234 235 0.0800 0.5103 0.0899 0.8424 0.0773 0.6764 0.5850 0.3700
234 235 236 0.2795 0.7070 0.8572 0.1810 0.7337 0.3481 0.5516 0.3250
235 236 237 0.3360 0.7372 0.5666 0.3742 0.4903 0.7113 0.2927 0.1438
236 237 238 0.0471 0.2596 0.1436 0.9276 0.8048 0.2578 0.8492 0.5043
237 238 239 0.7860 0.0819 0.9717 0.7880 0.4880 0.0632 0.8382 0.4530
238 239 240 0.0931 0.0504 0.2323 0.4162 0.2082 0.5010 0.2646 0.0468
239 240 241 0.6761 0.1553 0.1709 0.6331 0.2181 0.3795 0.4379 0.2825
240 241 242 0.6429 0.8355 0.5777 0.5057 0.3410 0.8687 0.7361 0.8014
241 242 243 0.1120 0.6616 0.3073 0.4411 0.4408 0.1506 0.7913 0.0238
242 243 244 0.6209 0.2289 0.6034 0.5793 0.3139 0.1570 0.3150 0.2931
243 244 245 0.9693 0.7426 0.9798 0.3379 0.8820 0.9085 0.6848 0.3887
244 245 246 0.3525 0.4951 0.1288 0.6961 0.4518 0.9200 0.9976 0.9124
245 246 247 0.9441 0.7866 0.6464 0.0227 0.8593 0.2394 0.7804 0.4678
246 247 248 0.4201 0.7464 0.6473 0.5887 0.2620 0.1445 0.1220 0.3811
247 248 249 0.8777 0.4793 0.0621 0.4060 0.4218 0.0163 0.4495 0.5512
248 249 250 0.2279 0.0999 0.7611 0.0769 0.7962 0.5138 0.3002 0.8471
249 250 251 0.7738 0.2899 0.8149 0.3630 0.6383 0.6523 0.7952 0.8937
250 251 252 0.7475 0.2465 0.3078 0.2868 0.7984 0.7939 0.1085 0.2552
251 252 253 0.4278 0.0004 0.2992 0.3689 0.8144 0.9731 0.2777 0.9522
252 253 254 0.1393 0.5570 0.9647 0.1870 0.0249 0.1911 0.5955 0.1490
253 254 255 0.4108 0.7612 0.1200 0.6013 0.6551 0.5709 0.2154 0.5553
254 255 256 0.1816 0.9700 0.7853 0.1083 0.7117 0.3537 0.7271 0.8947
255 256 257 0.1009 0.7323 0.2195 0.9201 0.1281 0.1440 0.2603 0.0928
256 257 258 0.8881 0.3287 0.0870 0.2080 0.3918 0.7542 0.2225 0.2966
257 258 259 0.2348 0.7663 0.3421 0.3220 0.8723 0.3229 0.1985 0.2983
258 259 260 0.9521 0.9883 0.5062 0.7741 0.1666 0.8279 0.0836 0.6040
259 260 261 0.5748 0.1838 0.3993 0.7155 0.3885 0.2767 0.5981 0.4059
260 261 262 0.7176 0.7714 0.4421 0.5169 0.6601 0.7299 0.5306 0.9488
261 262 263 0.3911 0.5748 0.3094 0.6007 0.6176 0.7895 0.7511 0.0434
262 263 264 0.8756 0.7559 0.8090 0.8466 0.1329 0.0131 0.4588 0.5853
263 264 265 0.3797 0.5021 0.4013 0.3923 0.9089 0.3961 0.8316 0.8597
264 265 266 0.3193 0.3896 0.4994 0.6270 0.2300 0.1590 0.8408 0.8456
265 266 267 0.4350 0.7273 0.1495 0.1290 0.8441 0.7033 0.2598 0.5368
266 267 268 0.8608 0.7536 0.2490 0.0504 0.8010 0.7037 0.9991 0.5059
267 268 269 0.9141 0.1704 0.7706 0.3332 0.2812 0.3637 0.8816 0.1032
268 269 270 0.4246 0.1733 0.2214 0.9500 0.5549 0.8702 0.1712 0.2436
269 270 271 0.3590 0.1274 0.0658 0.8415 0.2468 0.3147 0.8054 0.8127
270 271 272 0.2125 0.1880 0.6338 0.6110 0.0507 0.2370 0.7858 0.3324
271 272 273 0.5291 0.4436 0.9680 0.2056 0.1734 0.0202 0.8952 0.5679
272 273 274 0.1136 0.2519 0.9649 0.0424 0.5382 0.3578 0.9718 0.2630
273 274 275 0.3780 0.5471 0.2418 0.5291 0.4836 0.2232 0.6698 0.7856
274 275 276 0.3576 0.6200 0.8781 0.4689 0.3199 0.0887 0.4905 0.8922
275 276 277 0.4183 0.1039 0.3609 0.6700 0.4533 0.1967 0.4229 0.4825
276 277 278 0.8132 0.2144 0.4517 0.3916 0.3654 0.4062 0.6854 0.8528
277 278 000 0.3855 0.4908 0.9424 0.6719 0.0843 0.9108 0.9904 0.3605
278 000 001 0.0286 0.5954 0.3905 0.9833 0.9016 0.0475 0.5025 0.7242
