279 155682 3 279
000 001 002 0.1254 0.8009 0.1578 0.5086 0.3400 0.9891 0.9358 0.1431
001 002 003 0.2626 0.6355 0.3202 0.4504 0.7172 0.1277 0.5161 0.3445
002 003 004 0.4271 0.1864 0.7701 0.9787 0.0695 0.4639 0.6964 0.2906
003 004 005 0.7464 0.0894 0.4265 0.0727 0.4699 0.9201 0.0358 0.0446
004 005 006 0.9995 0.5497 0.4295 0.1833 0.5991 0.6182 0.8854 0.2850
005 006 007 0.3361 0.5984 0.8365 0.4947 0.2683 0.0930 0.9472 0.1975
006 007 008 0.3877 0.5776 0.3330 0.6473 0.8533 0.1854 0.3248 0.0415
007 008 009 0.0957 0.1959 0.2161 0.6986 0.2508 0.6399 0.6209 0.8321
008 009 010 0.6493 0.5106 0.3464 0.3101 0.0229 0.9934 0.8414 0.7113
009 010 011 0.7308 0.0657 0.5864 0.4285 0.1290 0.3198 0.2746 0.2436
010 011 012 0.8573 0.3552 0.3223 0.2913 0.5581 0.4540 0.4234 0.6376
011 012 013 0.1405 0.1943 0.1614 0.1612 0.9935 0.6510 0.0944 0.7558
012 013 014 0.7013 0.8466 0.8342 0.0717 0.3259 0.4852 0.7569 0.0265
013 014 015 0.4760 0.3509 0.2358 0.4054 0.2263 0.9060 0.0693 0.1811
014 015 016 0.1936 0.7301 0.6399 0.0239 0.2186 0.0548 0.9558 0.5536
015 016 017 0.1058 0.9030 0.1483 0.3623 0.5411 0.4706 0.3559 0.1786
016 017 018 0.8271 0.7838 0.4613 0.6293 0.0508 0.5129 0.0361 0.5533
017 018 019 0.0402 0.3607 0.1143 0.2743 0.5143 0.8047 0.6094 0.6157
018 019 020 0.4081 0.0528 0.0017 0.0983 0.3783 0.3244 0.1330 0.2252
019 020 021 0.6389 0.5382 0.9749 0.5769 0.9142 0.3237 0.5792 0.1879
020 021 022 0.0685 0.6203 0.2194 0.2050 0.3261 0.2497 0.7596 0.8697
021 022 023 0.6577 0.8628 0.8849 0.1264 0.3597 0.9031 0.2824 0.5302
022 023 024 0.3915 0.1349 0.5090 0.5597 0.2116 0.4354 0.4234 0.8517
023 024 025 0.3360 0.1640 0.7917 0.3495 0.3770 0.3064 0.2377 0.3749
024 025 026 0.5721 0.8950 0.2038 0.3067 0.2979 0.7770 0.9963 0.5506
025 026 027 0.1313 0.4790 0.3267 0.3928 0.7940 0.6350 0.6430 0.2735
026 027 028 0.8333 0.9821 0.4113 0.1741 0.1186 0.4346 0.3624 0.0897
027 028 029 0.0212 0.3433 0.7708 0.2514 0.7358 0.2772 0.6413 0.2232
028 029 030 0.6912 0.2719 0.0934 0.4727 0.6710 0.9225 0.9707 0.8853
029 030 031 0.7370 0.0244 0.6849 0.2132 0.0691 0.8421 0.7158 0.7585
030 031 032 0.2544 0.2827 0.7515 0.9447 0.6001 0.0785 0.4233 0.1880
031 032 033 0.2962 0.2660 0.5060 0.7752 0.3680 0.5747 0.5485 0.0197
032 033 034 0.6903 0.6876 0.2078 0.5984 0.3443 0.7821 0.2853 0.3123
033 034 035 0.7444 0.5976 0.7547 0.9285 0.9689 0.4046 0.0272 0.9478
034 035 036 0.0843 0.2499 0.8861 0.8755 0.8756 0.6840 0.3517 0.8572
035 036 037 0.9816 0.1807 0.7318 0.4606 0.9554 0.3377 0.4814 0.3148
036 037 038 0.8752 0.6087 0.5205 0.6684 0.0600 0.3890 0.2799 0.1242
037 038 039 0.4105 0.0630 0.0167 0.3136 0.6293 0.3317 0.4649 0.8289
038 039 040 0.1221 0.9188 0.2889 0.5603 0.2989 0.9804 0.8347 0.8370
039 040 041 0.8591 0.0011 0.6293 0.0749 0.0851 0.3586 0.0879 0.9438
040 041 042 0.0343 0.5912 0.5304 0.9831 0.3226 0.0154 0.9609 0.3182
041 042 043 0.1369 0.3106 0.6370 0.2929 0.2073 0.3593 0.8677 0.7707
042 043 044 0.5562 0.1368 0.2227 0.4539 0.9718 0.9309 0.3914 0.3826
043 044 045 0.8905 0.7984 0.0914 0.8263 0.3289 0.1184 0.7727 0.6543
044 045 046 0.2509 0.4854 0.8475 0.7889 0.4824 0.9876 0.0721 0.1394
045 046 047 0.7854 0.4240 0.5141 0.4060 0.6025 0.0504 0.2220 0.8949
046 047 048 0.6948 0.8131 0.2605 0.2824 0.1586 0.4602 0.2973 0.6183
047 048 049 0.6716 0.0628 0.3648 0.4175 0.6554 0.0454 0.2602 0.4262
048 049 050 0.9769 0.7352 0.6864 0.6808 0.7825 0.9306 0.4246 0.5180
049 050 051 0.7988 0.0741 0.1955 0.7920 0.4276 0.0264 0.1957 0.0897
050 051 052 0.3173 0.3905 0.9724 0.5997 0.4989 0.9356 0.3114 0.7026
051 052 053 0.3260 0.2056 0.0726 0.3224 0.6316 0.7644 0.8315 0.1378
052 053 054 0.8863 0.1322 0.2308 0.4931 0.8483 0.9952 0.0022 0.8320
053 054 055 0.9881 0.4950 0.4935 0.1773 0.8841 0.7365 0.4520 0.4848
054 055 056 0.5340 0.3538 0.9955 0.9191 0.7332 0.4738 0.8157 0.8984
055 056 057 0.4188 0.8540 0.0016 0.7585 0.8291 0.7432 0.2915 0.1340
056 057 058 0.9489 0.2592 0.2211 0.6976 0.1881 0.7692 0.3585 0.8707
057 058 059 0.6552 0.7385 0.4915 0.2317 0.6216 0.1379 0.5021 0.0075
058 059 060 0.4488 0.7962 0.3100 0.5795 0.5681 0.3495 0.3990 0.9006
059 060 061 0.9006 0.8400 0.0902 0.0241 0.5855 0.8408 0.0335 0.5393
060 061 062 0.9920 0.4530 0.7104 0.3900 0.2041 0.7757 0.5087 0.8369
061 062 063 0.7351 0.0076 0.4372 0.9701 0.6367 0.5138 0.6194 0.4249
062 063 064 0.0232 0.5660 0.0601 0.0474 0.7331 0.9086 0.3586 0.6934
063 064 065 0.1006 0.8808 0.8850 0.1266 0.0928 0.1911 0.6810 0.7175
064 065 066 0.2570 0.4896 0.0412 0.0579 0.7700 0.8519 0.1441 0.5399
065 066 067 0.9904 0.1112 0.4665 0.3958 0.5633 0.2563 0.5799 0.5319
066 067 068 0.5121 0.2362 0.6956 0.1692 0.2700 0.5901 0.5590 0.4363
067 068 069 0.6454 0.5117 0.0099 0.6212 0.3745 0.1016 0.0912 0.8223
068 069 070 0.6340 0.4903 0.0826 0.0691 0.8980 0.7548 0.0301 0.7751
069 070 071 0.8565 0.6725 0.1069 0.4728 0.9586 0.8119 0.3898 0.5407
070 071 072 0.7467 0.7396 0.5472 0.6460 0.2888 0.6244 0.9584 0.3248
071 072 073 0.7504 0.7322 0.7570 0.2474 0.5015 0.6019 0.6122 0.6780
072 073 074 0.4006 0.4815 0.1510 0.0814 0.9501 0.1806 0.4582 0.2587
073 074 075 0.6537 0.1463 0.3194 0.6292 0.2862 0.2882 0.6727 0.8712
074 075 076 0.9118 0.2408 0.7530 0.2708 0.2669 0.3425 0.4168 0.2000
075 076 077 0.1152 0.6860 0.9205 0.5398 0.8935 0.1896 0.9407 0.8917
076 077 078 0.4839 0.4909 0.0868 0.5467 0.4440 0.4578 0.8397 0.6239
077 078 079 0.8791 0.6913 0.2747 0.0272 0.1709 0.6036 0.2240 0.4947
078 079 080 0.3700 0.2071 0.7281 0.5072 0.6855 0.7956 0.3814 0.1624
079 080 081 0.3831 0.2730 0.2869 0.0753 0.7811 0.0198 0.4315 0.9030
080 081 082 0.6439 0.9299 0.2262 0.9295 0.7755 0.7522 0.8676 0.5674
081 082 083 0.2103 0.9081 0.9680 0.0722 0.7272 0.0354 0.7025 0.2677
082 083 084 0.0460 0.6295 0.3654 0.2105 0.4990 0.8088 0.6168 0.6398
083 084 085 0.0373 0.1048 0.2820 0.6669 0.9721 0.8201 0.2513 0.6528
084 085 086 0.7118 0.9589 0.1311 0.7411 0.7751 0.5464 0.0730 0.7870
085 086 087 0.3843 0.3189 0.0918 0.6858 0.0683 0.8584 0.7127 0.3138
086 087 088 0.7004 0.8899 0.1088 0.3337 0.1813 0.4299 0.3015 0.2683
087 088 089 0.2932 0.1117 0.9264 0.8615 0.1409 0.1242 0.5903 0.1408
088 089 090 0.4718 0.3651 0.4298 0.2363 0.8331 0.6994 0.9315 0.0420
089 090 091 0.9587 0.3991 0.5904 0.9945 0.0212 0.5828 0.7415 0.1147
090 091 092 0.9941 0.5798 0.6274 0.3945 0.1803 0.4826 0.1706 0.2319
091 092 093 0.1840 0.5144 0.6641 0.6599 0.0303 0.2637 0.9196 0.2191
092 093 094 0.6782 0.2955 0.6664 0.2807 0.7761 0.6023 0.5168 0.3565
093 094 095 0.0908 0.9878 0.5623 0.7486 0.0283 0.6329 0.6678 0.1992
094 095 096 0.4356 0.3242 0.0593 0.5726 0.2046 0.3120 0.0444 0.3785
095 096 097 0.5477 0.9295 0.5396 0.0359 0.5075 0.6088 0.5052 0.1184
096 097 098 0.4219 0.8821 0.4068 0.6878 0.4216 0.1296 0.9878 0.6099
097 098 099 0.7306 0.4600 0.5408 0.3996 0.8270 0.8405 0.5079 0.2256
098 099 100 0.9921 0.2370 0.6194 0.4067 0.3182 0.2794 0.1690 0.2627
099 100 101 0.7034 0.6992 0.2519 0.7727 0.9995 0.1577 0.9725 0.5726
100 101 102 0.5044 0.5350 0.5488 0.2414 0.3721 0.8117 0.3138 0.1918
101 102 103 0.8882 0.9651 0.1760 0.7799 0.0613 0.4317 0.6400 0.3310
102 103 104 0.8113 0.8909 0.3421 0.4475 0.5572 0.6076 0.9170 0.4764
103 104 105 0.9403 0.8114 0.9483 0.2067 0.9880 0.3918 0.9110 0.6715
104 105 106 0.1730 0.6097 0.7834 0.4982 0.2164 0.1865 0.8434 0.2962
105 106 107 0.2202 0.0775 0.5812 0.3363 0.8310 0.3549 0.5545 0.0300
106 107 108 0.6071 0.7479 0.3036 0.1846 0.9260 0.6107 0.6738 0.8687
107 108 109 0.6803 0.0337 0.3323 0.6304 0.3751 0.2345 0.7406 0.0954
108 109 110 0.3604 0.2510 0.3422 0.9613 0.4628 0.4222 0.2527 0.2318
109 110 111 0.7054 0.3859 0.2105 0.9873 0.7319 0.8074 0.1284 0.2779
110 111 112 0.9722 0.0118 0.8627 0.9676 0.3306 0.1158 0.7274 0.9113
111 112 113 0.5337 0.9702 0.0944 0.6039 0.4544 0.9783 0.6561 0.1844
112 113 114 0.8434 0.3874 0.1552 0.6850 0.6495 0.3411 0.7756 0.2620
113 114 115 0.2552 0.0925 0.5198 0.0989 0.6157 0.6817 0.7970 0.9799
114 115 116 0.3239 0.8323 0.2145 0.7730 0.4136 0.2307 0.7933 0.6921
115 116 117 0.7827 0.0627 0.8141 0.8177 0.0232 0.9405 0.3502 0.4301
116 117 118 0.6916 0.1448 0.5375 0.2453 0.2567 0.3673 0.2805 0.8548
117 118 119 0.9773 0.4176 0.6468 0.8190 0.6387 0.2023 0.2747 0.3564
118 119 120 0.7487 0.7933 0.9693 0.1452 0.8406 0.6946 0.9651 0.4076
119 120 121 0.5213 0.4872 0.2410 0.4801 0.6166 0.7591 0.5295 0.0211
120 121 122 0.1120 0.7779 0.5486 0.1916 0.7751 0.4318 0.7353 0.6568
121 122 123 0.4872 0.6955 0.1862 0.8402 0.3557 0.2585 0.7775 0.2394
122 123 124 0.1739 0.8218 0.0435 0.2246 0.4797 0.5463 0.0502 0.9605
123 124 125 0.5661 0.5486 0.2882 0.6252 0.6994 0.3200 0.1675 0.3373
124 125 126 0.6868 0.3837 0.7070 0.5708 0.7570 0.3682 0.9579 0.9025
125 126 127 0.3915 0.2474 0.2860 0.5027 0.2250 0.8652 0.8669 0.6609
126 127 128 0.8836 0.8542 0.9205 0.2550 0.7410 0.0774 0.2375 0.0475
127 128 129 0.3450 0.7722 0.4596 0.7466 0.3806 0.1920 0.6803 0.6819
128 129 130 0.0227 0.0490 0.8589 0.9974 0.0662 0.2837 0.5477 0.5880
129 130 131 0.7966 0.8915 0.0548 0.5464 0.9365 0.1603 0.3895 0.4081
130 131 132 0.1845 0.2821 0.6490 0.5555 0.7019 0.8252 0.8702 0.8534
131 132 133 0.0458 0.0915 0.2418 0.4621 0.6464 0.3708 0.9624 0.4211
132 133 134 0.5166 0.0510 0.9054 0.9370 0.0352 0.4367 0.8462 0.3148
133 134 135 0.9418 0.9257 0.8776 0.6592 0.4522 0.5920 0.2391 0.1855
134 135 136 0.7280 0.6159 0.8221 0.1256 0.8942 0.0999 0.6532 0.0337
135 136 137 0.2263 0.8989 0.8787 0.4399 0.1353 0.3431 0.1599 0.9732
136 137 138 0.6130 0.5890 0.0926 0.6779 0.4824 0.7333 0.1274 0.8569
137 138 139 0.2318 0.4539 0.4168 0.8406 0.1496 0.2018 0.4888 0.4312
138 139 140 0.0707 0.7479 0.3432 0.7007 0.8913 0.5430 0.6942 0.6458
139 140 141 0.8493 0.5184 0.6836 0.2711 0.2118 0.7709 0.8329 0.9319
140 141 142 0.9887 0.8129 0.1548 0.4201 0.7237 0.5839 0.1272 0.5060
141 142 143 0.8234 0.5979 0.2585 0.7074 0.1246 0.5056 0.4855 0.1963
142 143 144 0.1931 0.0425 0.0590 0.2817 0.4137 0.2891 0.2890 0.9315
143 144 145 0.7294 0.4667 0.7515 0.5109 0.9754 0.0749 0.7586 0.2809
144 145 146 0.3431 0.8587 0.5820 0.7726 0.0151 0.9222 0.3884 0.4844
145 146 147 0.5630 0.6445 0.8976 0.1490 0.7218 0.1889 0.7658 0.7094
146 147 148 0.6784 0.4534 0.0945 0.2474 0.1250 0.8294 0.4330 0.5938
147 148 149 0.1528 0.3833 0.9888 0.6949 0.7338 0.5446 0.9687 0.9398
148 149 150 0.9485 0.6785 0.0588 0.6409 0.5640 0.4999 0.5433 0.7924
149 150 151 0.6348 0.9164 0.4483 0.8031 0.8523 0.3241 0.2506 0.4070
150 151 152 0.4013 0.2351 0.0166 0.0015 0.6794 0.5991 0.9420 0.9182
151 152 153 0.1227 0.2003 0.9172 0.3725 0.8647 0.4039 0.3257 0.1725
152 153 154 0.9690 0.7263 0.9748 0.4527 0.5800 0.8548 0.5803 0.3655
153 154 155 0.9060 0.3761 0.6519 0.4537 0.7781 0.8507 0.2641 0.9038
154 155 156 0.1627 0.3147 0.3646 0.0914 0.2125 0.1198 0.3597 0.6313
155 156 157 0.1880 0.9899 0.9565 0.2369 0.9955 0.0010 0.7783 0.8650
156 157 158 0.1375 0.0255 0.4083 0.5356 0.9617 0.3592 0.8759 0.3195
157 158 159 0.5603 0.6255 0.2769 0.2352 0.6419 0.7889 0.3323 0.6575
158 159 160 0.5767 0.7800 0.4924 0.7722 0.1338 0.1030 0.3045 0.8034
159 160 161 0.1331 0.7821 0.0000 0.5504 0.2183 0.7661 0.4881 0.2956
160 161 162 0.4305 0.3890 0.9929 0.9214 0.5281 0.0191 0.8645 0.1614
161 162 163 0.0102 0.1054 0.2923 0.7666 0.6320 0.6054 0.2551 0.4365
162 163 164 0.3300 0.6284 0.5756 0.9887 0.6174 0.9047 0.4912 0.1898
163 164 165 0.5797 0.4041 0.0043 0.3746 0.4357 0.5166 0.3449 0.3787
164 165 166 0.9024 0.0772 0.4584 0.9824 0.8920 0.9363 0.9845 0.3786
165 166 167 0.3776 0.8082 0.2435 0.4682 0.2286 0.4769 0.3955 0.7781
166 167 168 0.4556 0.3105 0.3131 0.4284 0.5334 0.2795 0.4797 0.1794
167 168 169 0.2344 0.7990 0.9266 0.9162 0.5367 0.7084 0.4798 0.1431
168 169 170 0.7650 0.0714 0.3306 0.7942 0.0874 0.3716 0.2804 0.6310
169 170 171 0.4051 0.5376 0.9565 0.3877 0.9245 0.4520 0.8400 0.7342
170 171 172 0.3016 0.4169 0.1658 0.1731 0.4214 0.8085 0.7825 0.1277
171 172 173 0.2735 0.4890 0.3929 0.0457 0.8229 0.6500 0.8783 0.4772
172 173 174 0.2991 0.6643 0.1974 0.3131 0.9424 0.0367 0.2001 0.7782
173 174 175 0.0185 0.6672 0.6560 0.2852 0.1731 0.2373 0.9793 0.6635
174 175 176 0.2210 0.3511 0.6757 0.1840 0.2159 0.9230 0.5934 0.9250
175 176 177 0.6702 0.0021 0.4868 0.5638 0.0673 0.2151 0.6055 0.7621
176 177 178 0.8071 0.3963 0.5640 0.0747 0.9197 0.9542 0.0879 0.1589
177 178 179 0.1924 0.3156 0.6993 0.4756 0.5146 0.9328 0.0246 0.5139
178 179 180 0.6739 0.1362 0.0402 0.9186 0.8454 0.4885 0.5921 0.3203
179 180 181 0.3339 0.1439 0.3864 0.0537 0.6198 0.9163 0.3100 0.2057
180 181 182 0.3938 0.6674 0.6930 0.8024 0.7396 0.6751 0.9791 0.3916
181 182 183 0.1882 0.7836 0.6541 0.0106 0.4575 0.5058 0.6962 0.6954
182 183 184 0.4289 0.0562 0.5385 0.1248 0.0197 0.8429 0.8775 0.1061
183 184 185 0.1351 0.6708 0.5203 0.6865 0.3788 0.8372 0.7334 0.5782
184 185 186 0.4939 0.9552 0.2374 0.8213 0.3045 0.6737 0.4532 0.3765
185 186 187 0.9360 0.7617 0.0125 0.4870 0.9787 0.2858 0.7653 0.3358
186 187 188 0.5059 0.4009 0.7696 0.9442 0.4053 0.8817 0.7752 0.8412
187 188 189 0.8944 0.4947 0.0734 0.6052 0.2357 0.0232 0.6109 0.2462
188 189 190 0.2925 0.2628 0.2459 0.2092 0.2562 0.3693 0.3504 0.1764
189 190 191 0.7951 0.8005 0.1245 0.2313 0.9686 0.0018 0.0528 0.2837
190 191 192 0.0947 0.8992 0.8518 0.3361 0.1400 0.7399 0.2667 0.0401
191 192 193 0.7102 0.9035 0.1139 0.0574 0.3967 0.9662 0.4631 0.3711
192 193 194 0.0166 0.8815 0.3754 0.5677 0.5359 0.8406 0.8487 0.2261
193 194 195 0.4147 0.3493 0.9280 0.4665 0.0158 0.7998 0.9697 0.0645
194 195 196 0.7586 0.8126 0.5566 0.2082 0.0747 0.2908 0.9564 0.2822
195 196 197 0.9883 0.3266 0.8245 0.1078 0.8446 0.9149 0.7849 0.8509
196 197 198 0.4332 0.1074 0.1813 0.2980 0.3645 0.7675 0.1152 0.0026
197 198 199 0.2870 0.0615 0.4772 0.6956 0.0491 0.7650 0.5521 0.1812
198 199 200 0.7021 0.5206 0.3062 0.1270 0.4942 0.3241 0.7519 0.6846
199 200 201 0.6094 0.7099 0.0883 0.0905 0.4232 0.5562 0.8251 0.4292
200 201 202 0.8965 0.7660 0.5762 0.4595 0.2423 0.2560 0.7806 0.0163
201 202 203 0.4205 0.0297 0.0934 0.5536 0.3805 0.5125 0.9249 0.7757
202 203 204 0.5081 0.2768 0.5325 0.4280 0.4048 0.1745 0.8008 0.4709
203 204 205 0.6310 0.1865 0.5888 0.8154 0.2657 0.1935 0.1591 0.4683
204 205 206 0.0200 0.6476 0.2990 0.2912 0.1026 0.8735 0.7197 0.1610
205 206 207 0.6286 0.0566 0.5689 0.5946 0.9638 0.1943 0.1876 0.5539
206 207 208 0.7664 0.2076 0.7040 0.8143 0.0250 0.5096 0.5185 0.3531
207 208 209 0.0940 0.5130 0.3918 0.9659 0.5724 0.1932 0.2318 0.3622
208 209 210 0.3927 0.9976 0.0168 0.2426 0.1963 0.7608 0.9436 0.8922
209 210 211 0.6800 0.4242 0.6656 0.0588 0.9330 0.9886 0.4441 0.4026
210 211 212 0.0107 0.7555 0.8387 0.3649 0.5781 0.9369 0.8030 0.8163
211 212 213 0.7128 0.4729 0.0246 0.4085 0.9910 0.6412 0.2867 0.6398
212 213 214 0.6709 0.2807 0.2202 0.1759 0.2590 0.2750 0.3079 0.8634
213 214 215 0.6985 0.0019 0.5936 0.5658 0.0302 0.2909 0.7058 0.8428
214 215 216 0.2389 0.4044 0.3593 0.2640 0.4014 0.0338 0.5154 0.0705
215 216 217 0.2464 0.9039 0.6150 0.6272 0.7884 0.2862 0.1138 0.9824
216 217 218 0.0762 0.1685 0.9744 0.2466 0.8553 0.7301 0.7167 0.5553
217 218 219 0.2404 0.3521 0.5681 0.9935 0.0032 0.4855 0.3747 0.1219
218 219 220 0.1159 0.7131 0.0912 0.1600 0.7131 0.7772 0.8730 0.4737
219 220 221 0.9327 0.2179 0.4755 0.8826 0.2303 0.1559 0.5233 0.5278
220 221 222 0.9451 0.8917 0.1638 0.5738 0.1634 0.4893 0.3243 0.2683
221 222 223 0.3126 0.9733 0.2646 0.0526 0.1968 0.7525 0.1975 0.8912
222 223 224 0.1714 0.1487 0.1279 0.2762 0.1301 0.1592 0.6842 0.6072
223 224 225 0.6552 0.8386 0.6464 0.7130 0.6968 0.2349 0.5262 0.1145
224 225 226 0.4638 0.4752 0.2989 0.9899 0.5633 0.7698 0.4303 0.4640
225 226 227 0.1363 0.3837 0.1867 0.9146 0.8625 0.1998 0.0786 0.9549
226 227 228 0.0264 0.9779 0.6436 0.4182 0.1416 0.7104 0.3061 0.1712
227 228 229 0.7299 0.3224 0.8405 0.3092 0.6577 0.7285 0.9074 0.0343
228 229 230 0.6343 0.5261 0.7888 0.3992 0.0112 0.0578 0.3854 0.3762
229 230 231 0.0238 0.8145 0.6510 0.4063 0.9941 0.8045 0.0864 0.8057
230 231 232 0.4494 0.6665 0.5332 0.1274 0.5771 0.5119 0.7790 0.4927
231 232 233 0.2585 0.8360 0.5674 0.4793 0.1717 0.2443 0.4435 0.4854
232 233 234 0.0466 0.4736 0.2878 0.5447 0.5542 0.5170 0.4851 0.5336
233 234 235 0.6811 0.0058 0.5057 0.9885 0.7776 0.2357 0.5041 0.1615
234 235 236 0.9593 0.7089 0.5548 0.2255 0.8036 0.6936 0.6740 0.6161
235 236 237 0.5884 0.0046 0.6255 0.7458 0.0368 0.9257 0.8066 0.6338
236 237 238 0.8764 0.9686 0.1581 0.0849 0.5319 0.2401 0.7430 0.4748
237 238 239 0.0355 0.9462 0.9096 0.3323 0.1461 0.6238 0.5136 0.5373
238 239 240 0.5921 0.0794 0.6881 0.1561 0.2663 0.8134 0.7593 0.8007
239 240 241 0.9576 0.4978 0.2198 0.4963 0.8004 0.1802 0.3899 0.9817
240 241 242 0.2257 0.3506 0.2666 0.6832 0.2007 0.5871 0.7357 0.3214
241 242 243 0.6479 0.1874 0.7781 0.0976 0.4568 0.0088 0.8198 0.8825
242 243 244 0.6555 0.8198 0.8394 0.3957 0.4873 0.5697 0.3016 0.8299
243 244 245 0.4211 0.7869 0.7616 0.8382 0.1528 0.7947 0.3873 0.7893
244 245 246 0.6327 0.0409 0.3934 0.4995 0.6445 0.3047 0.8267 0.3349
245 246 247 0.3407 0.9636 0.3666 0.9407 0.6826 0.9842 0.7166 0.9943
246 247 248 0.4243 0.1463 0.0134 0.4357 0.2750 0.0367 0.9442 0.9533
247 248 249 0.4898 0.7975 0.8902 0.7895 0.9953 0.0492 0.9739 0.1084
248 249 250 0.9156 0.6979 0.1912 0.3253 0.1786 0.7244 0.4618 0.9354
249 250 251 0.0905 0.7055 0.0138 0.9509 0.6451 0.9862 0.8082 0.0547
250 251 252 0.0834 0.6042 0.2431 0.1114 0.4595 0.0735 0.2321 0.2988
251 252 253 0.2387 0.3069 0.5491 0.9626 0.9077 0.1466 0.3477 0.1686
252 253 254 0.3860 0.0933 0.6843 0.6545 0.2673 0.1016 0.7905 0.6762
253 254 255 0.0556 0.4492 0.4912 0.5221 0.4695 0.4378 0.0096 0.5032
254 255 256 0.0179 0.1156 0.3571 0.3193 0.4902 0.0904 0.2736 0.3297
255 256 257 0.9737 0.9908 0.4797 0.1102 0.7330 0.1634 0.1380 0.0579
256 257 258 0.1915 0.9348 0.6524 0.5676 0.2803 0.9501 0.5436 0.7605
257 258 259 0.2623 0.6966 0.9734 0.7873 0.2960 0.2608 0.8080 0.1907
258 259 260 0.2636 0.2779 0.5839 0.0513 0.8552 0.8043 0.0961 0.6008
259 260 261 0.9720 0.7223 0.6707 0.4647 0.8201 0.4002 0.6460 0.8629
260 261 262 0.2227 0.6643 0.9507 0.0226 0.8548 0.8319 0.4616 0.0825
261 262 263 0.6083 0.2986 0.9187 0.0319 0.9991 0.4281 0.4603 0.0494
262 263 264 0.5189 0.6404 0.7817 0.6227 0.6043 0.5942 0.7267 0.9055
263 264 265 0.3176 0.8439 0.0061 0.1051 0.6419 0.7686 0.4708 0.8343
264 265 266 0.3717 0.2561 0.2453 0.1669 0.5099 0.5610 0.2336 0.5322
265 266 267 0.4419 0.6421 0.9353 0.4064 0.7694 0.5947 0.4101 0.2145
266 267 268 0.6477 0.1999 0.6325 0.6947 0.7802 0.2461 0.0894 0.5798
267 268 269 0.6744 0.7598 0.3880 0.8916 0.0452 0.2937 0.2706 0.1198
268 269 270 0.5568 0.1178 0.3981 0.4749 0.8325 0.5779 0.8916 0.3023
269 270 271 0.3503 0.8036 0.8752 0.0041 0.9056 0.5535 0.9198 0.8256
270 271 272 0.1084 0.6967 0.4050 0.4660 0.2276 0.5796 0.4451 0.0467
271 272 273 0.3692 0.9885 0.2008 0.4051 0.9955 0.8728 0.6008 0.9481
272 273 274 0.6019 0.7105 0.3598 0.4234 0.6520 0.3872 0.4110 0.8050
273 274 275 0.9909 0.4199 0.0307 0.8860 0.9806 0.8035 0.6350 0.1564
274 275 276 0.3476 0.4799 0.8580 0.0359 0.9436 0.6276 0.3082 0.4469
275 276 277 0.4781 0.5990 0.9570 0.8619 0.6003 0.6092 0.5964 0.1824
276 277 278 0.7478 0.5094 0.3974 0.2018 0.4369 0.1397 0.3107 0.9660
277 278 000 0.9576 0.7811 0.6416 0.2021 0.7248 0.8495 0.4053 0.5606
278 000 001 0.0828 0.2089 0.1825 0.7721 0.5948 0.8450 0.8368 0.1361
