279 155682 3 279
000 001 002 0.1104 0.2075 0.6957 0.2007 0.2679 0.7051 0.3120 0.5961
001 002 003 0.0954 0.3099 0.4338 0.0680 0.6638 0.4211 0.8918 0.9849
002 003 004 0.8884 0.6290 0.5974 0.1679 0.5284 0.0323 0.2845 0.6804
003 004 005 0.0327 0.5314 0.9687 0.4932 0.9585 0.2685 0.4640 0.2460
004 005 006 0.9660 0.4131 0.9641 0.8314 0.4882 0.7361 0.9191 0.5368
005 006 007 0.5276 0.9253 0.4581 0.6008 0.1956 0.7758 0.1352 0.5393
006 007 008 0.2063 0.4979 0.9740 0.2263 0.1166 0.5718 0.3665 0.2044
007 008 009 0.6884 0.0986 0.0159 0.1346 0.0175 0.1978 0.1910 0.1046
008 009 010 0.1468 0.5938 0.7227 0.7001 0.9871 0.7378 0.3675 0.0954
009 010 011 0.3379 0.2073 0.4392 0.8024 0.8285 0.3904 0.0408 0.3320
010 011 012 0.0417 0.1012 0.2138 0.5671 0.8634 0.6047 0.5628 0.8393
011 012 013 0.7012 0.6410 0.5939 0.4230 0.4279 0.6385 0.9425 0.8336
012 013 014 0.8797 0.2023 0.5587 0.4812 0.2657 0.2075 0.4615 0.8083
013 014 015 0.9036 0.9997 0.7258 0.2404 0.1792 0.3218 0.8274 0.7790
014 015 016 0.4509 0.8358 0.1588 0.8769 0.3536 0.7075 0.6754 0.3583
015 016 017 0.4551 0.1303 0.9225 0.1353 0.2919 0.0383 0.7122 0.8264
016 017 018 0.5439 0.2038 0.3321 0.3265 0.2250 0.1666 0.8082 0.4260
017 018 019 0.5095 0.4595 0.6029 0.2772 0.1343 0.9990 0.6868 0.0393
018 019 020 0.4477 0.6583 0.9963 0.6828 0.0123 0.2430 0.8212 0.1558
019 020 021 0.2276 0.2371 0.2440 0.1121 0.8886 0.9581 0.7542 0.5079
020 021 022 0.6415 0.1270 0.7542 0.7443 0.2592 0.0092 0.4384 0.8986
021 022 023 0.5391 0.5878 0.7915 0.2035 0.0702 0.9966 0.0192 0.0798
022 023 024 0.5888 0.8572 0.2804 0.4996 0.9797 0.4992 0.4633 0.1895
023 024 025 0.1462 0.6288 0.1678 0.9555 0.1211 0.5036 0.3233 0.9188
024 025 026 0.1506 0.9820 0.5171 0.1238 0.4212 0.0096 0.0789 0.8651
025 026 027 0.9026 0.4113 0.8085 0.8840 0.3031 0.4500 0.1047 0.0835
026 027 028 0.7060 0.4758 0.1564 0.4849 0.2772 0.3655 0.6092 0.7645
027 028 029 0.9305 0.0352 0.8749 0.5123 0.6056 0.8042 0.6830 0.6213
028 029 030 0.8760 0.1950 0.8129 0.9882 0.1456 0.1157 0.4605 0.3460
029 030 031 0.3074 0.9978 0.6661 0.6407 0.4826 0.0172 0.1176 0.9523
030 031 032 0.3399 0.1730 0.7528 0.9930 0.5748 0.1571 0.4251 0.3703
031 032 033 0.6518 0.7165 0.8316 0.7039 0.8217 0.8936 0.6866 0.9535
032 033 034 0.2665 0.4931 0.1061 0.3531 0.1365 0.4850 0.7650 0.7539
033 034 035 0.8193 0.2438 0.6015 0.9586 0.3214 0.4191 0.1631 0.0539
034 035 036 0.9790 0.9652 0.1461 0.6901 0.5777 0.7158 0.7055 0.8041
035 036 037 0.1559 0.8483 0.2295 0.7440 0.1498 0.8191 0.6664 0.0178
036 037 038 0.5232 0.2625 0.7124 0.9943 0.7435 0.6930 0.0054 0.5334
037 038 039 0.6064 0.6510 0.4220 0.7446 0.5947 0.6142 0.5325 0.3251
038 039 040 0.9714 0.5232 0.3642 0.8974 0.8896 0.3989 0.6163 0.5109
039 040 041 0.9927 0.8537 0.6543 0.1877 0.0500 0.4971 0.8268 0.1591
040 041 042 0.2594 0.9956 0.4163 0.2051 0.7804 0.2457 0.1446 0.4810
041 042 043 0.2424 0.9951 0.0067 0.9528 0.5965 0.2251 0.9822 0.8464
042 043 044 0.0205 0.4969 0.1521 0.6624 0.7641 0.4274 0.6401 0.9715
043 044 045 0.1967 0.6588 0.8739 0.3837 0.3668 0.6617 0.2540 0.1609
044 045 046 0.5586 0.2902 0.6754 0.8965 0.6013 0.0293 0.2083 0.8709
045 046 047 0.4799 0.4493 0.1684 0.1479 0.2875 0.2380 0.1946 0.3244
046 047 048 0.2753 0.5752 0.3237 0.1675 0.0422 0.6997 0.5068 0.9547
047 048 049 0.6771 0.4550 0.1683 0.6814 0.8015 0.9454 0.5729 0.9543
048 049 050 0.7009 0.0905 0.9455 0.6337 0.5644 0.3464 0.8750 0.9901
049 050 051 0.6598 0.9826 0.2250 0.2989 0.7753 0.4717 0.6438 0.4973
050 051 052 0.2784 0.3187 0.0313 0.5823 0.0298 0.9029 0.0601 0.0611
051 052 053 0.9459 0.6143 0.2162 0.9784 0.3840 0.5927 0.3026 0.5437
052 053 054 0.6637 0.1634 0.2105 0.5719 0.1244 0.4520 0.5254 0.2314
053 054 055 0.8408 0.8516 0.6409 0.8630 0.4543 0.3478 0.2368 0.7786
054 055 056 0.3581 0.1659 0.6263 0.1307 0.8184 0.8118 0.6883 0.5968
055 056 057 0.6622 0.8544 0.4432 0.9332 0.2755 0.9402 0.7135 0.6773
056 057 058 0.1491 0.7903 0.3491 0.3480 0.1171 0.5939 0.3471 0.0808
057 058 059 0.0995 0.0204 0.2502 0.6885 0.3148 0.6366 0.5173 0.4129
058 059 060 0.8187 0.8139 0.2968 0.2326 0.5169 0.5628 0.0112 0.9534
059 060 061 0.8763 0.2365 0.1682 0.3937 0.1457 0.4337 0.2189 0.5064
060 061 062 0.7498 0.7994 0.2366 0.6373 0.1035 0.2990 0.5261 0.8982
061 062 063 0.4077 0.7619 0.5463 0.3505 0.1424 0.3300 0.9419 0.6372
062 063 064 0.1060 0.9703 0.7035 0.8908 0.2181 0.2709 0.7050 0.9120
063 064 065 0.9790 0.0290 0.6528 0.3863 0.4471 0.8946 0.3426 0.6544
064 065 066 0.9866 0.5911 0.8501 0.8016 0.6884 0.8292 0.0482 0.0144
065 066 067 0.6927 0.8806 0.0370 0.2820 0.8205 0.8800 0.6131 0.8830
066 067 068 0.7257 0.3580 0.5688 0.8865 0.6995 0.2089 0.7804 0.5188
067 068 069 0.8875 0.4478 0.2513 0.8695 0.6431 0.9305 0.3538 0.9811
068 069 070 0.4647 0.2069 0.5921 0.4255 0.0403 0.7552 0.3702 0.3152
069 070 071 0.0705 0.1469 0.1386 0.4376 0.4361 0.5811 0.2254 0.7770
070 071 072 0.0191 0.6087 0.3846 0.9638 0.0337 0.5391 0.9963 0.7781
071 072 073 0.1895 0.9468 0.5878 0.2155 0.1125 0.4378 0.2911 0.3173
072 073 074 0.7506 0.8016 0.1905 0.2939 0.1263 0.1515 0.7940 0.2536
073 074 075 0.6681 0.7870 0.7250 0.0937 0.0956 0.1881 0.3174 0.0108
074 075 076 0.5865 0.7452 0.8327 0.9053 0.6184 0.6025 0.7821 0.4637
075 076 077 0.8512 0.1357 0.1124 0.4312 0.9342 0.0314 0.4576 0.5687
076 077 078 0.1540 0.1288 0.6511 0.3894 0.9616 0.4237 0.4212 0.2786
077 078 079 0.4064 0.7793 0.0726 0.3762 0.6284 0.7610 0.3263 0.2767
078 079 080 0.7474 0.3236 0.9100 0.7043 0.5241 0.0692 0.2461 0.9407
079 080 081 0.6245 0.9344 0.2596 0.1555 0.1299 0.6984 0.1856 0.1808
080 081 082 0.4021 0.1712 0.3440 0.4594 0.5999 0.1210 0.2060 0.4194
081 082 083 0.4671 0.3188 0.5328 0.4212 0.1770 0.6677 0.5264 0.6679
082 083 084 0.0540 0.2912 0.0800 0.1330 0.9160 0.2356 0.8963 0.8748
083 084 085 0.6951 0.6224 0.9117 0.3902 0.0758 0.4140 0.7892 0.0549
084 085 086 0.0231 0.8318 0.0555 0.9885 0.9641 0.0449 0.0042 0.6710
085 086 087 0.9534 0.8141 0.5737 0.1639 0.2407 0.8191 0.8267 0.9970
086 087 088 0.5927 0.5809 0.7363 0.0226 0.3844 0.1640 0.4216 0.2000
087 088 089 0.0094 0.8316 0.4628 0.4166 0.0955 0.6052 0.9321 0.5710
088 089 090 0.2103 0.5222 0.2619 0.4318 0.3387 0.1875 0.4164 0.0016
089 090 091 0.9306 0.5758 0.2325 0.2691 0.1258 0.9791 0.5458 0.8026
090 091 092 0.1270 0.7208 0.5001 0.1661 0.2934 0.3972 0.5089 0.8194
091 092 093 0.7450 0.7618 0.7011 0.5647 0.6954 0.3610 0.5851 0.3796
092 093 094 0.0546 0.6078 0.7787 0.0841 0.4174 0.3318 0.7381 0.4237
093 094 095 0.2356 0.3198 0.0866 0.8394 0.6161 0.8987 0.8189 0.4115
094 095 096 0.5662 0.3351 0.5404 0.2378 0.1886 0.3081 0.7154 0.1222
095 096 097 0.4552 0.0886 0.8140 0.8690 0.2061 0.7584 0.5322 0.2404
096 097 098 0.3121 0.5974 0.9015 0.4481 0.3699 0.2920 0.1252 0.3778
097 098 099 0.4817 0.9429 0.6151 0.6919 0.8711 0.6893 0.5822 0.5940
098 099 100 0.8944 0.6951 0.6716 0.8749 0.0739 0.2755 0.1009 0.3309
099 100 101 0.0068 0.1822 0.3406 0.5349 0.2839 0.4011 0.9058 0.0601
100 101 102 0.4053 0.1628 0.0493 0.6037 0.9991 0.1493 0.0939 0.5580
101 102 103 0.1082 0.6209 0.2407 0.3711 0.0399 0.9344 0.5210 0.8222
102 103 104 0.3076 0.8525 0.7207 0.3459 0.3083 0.8027 0.0990 0.6085
103 104 105 0.7004 0.2517 0.6930 0.7621 0.8180 0.3667 0.5151 0.5147
104 105 106 0.0600 0.2434 0.9969 0.5481 0.6744 0.9827 0.9816 0.0397
105 106 107 0.2798 0.4725 0.8758 0.4836 0.0624 0.0095 0.4854 0.3324
106 107 108 0.6205 0.0409 0.7249 0.1192 0.4098 0.7263 0.8744 0.2319
107 108 109 0.4450 0.3779 0.1596 0.9074 0.6461 0.8687 0.8696 0.3583
108 109 110 0.5809 0.5101 0.8301 0.3141 0.5844 0.5057 0.2562 0.3077
109 110 111 0.2305 0.5963 0.2548 0.8320 0.8049 0.6073 0.1376 0.3382
110 111 112 0.4996 0.0871 0.1225 0.5215 0.8750 0.8615 0.5871 0.8501
111 112 113 0.6628 0.1237 0.1192 0.7940 0.9318 0.3933 0.5654 0.1675
112 113 114 0.7182 0.7479 0.5896 0.3756 0.3877 0.2568 0.1975 0.3736
113 114 115 0.6130 0.5183 0.5202 0.1684 0.5910 0.6662 0.8992 0.1270
114 115 116 0.0306 0.9017 0.3895 0.7836 0.8085 0.2839 0.8045 0.5356
115 116 117 0.1155 0.6786 0.8705 0.0148 0.2565 0.6758 0.8778 0.6208
116 117 118 0.9997 0.8751 0.9686 0.3878 0.9356 0.9691 0.0476 0.4999
117 118 119 0.4930 0.5612 0.6312 0.0956 0.9693 0.1633 0.0117 0.8309
118 119 120 0.7870 0.6050 0.3939 0.6063 0.9823 0.4240 0.7405 0.8958
119 120 121 0.5189 0.7279 0.6484 0.1742 0.5077 0.9373 0.3875 0.9866
120 121 122 0.7278 0.3118 0.8589 0.0414 0.7863 0.0389 0.2194 0.1681
121 122 123 0.0979 0.9494 0.7399 0.7036 0.2686 0.9640 0.1340 0.8441
122 123 124 0.0998 0.3669 0.0659 0.3464 0.2756 0.8920 0.1043 0.6070
123 124 125 0.6781 0.6602 0.8775 0.3405 0.0939 0.7388 0.9223 0.9636
124 125 126 0.2479 0.4735 0.2996 0.6715 0.5336 0.9246 0.0665 0.1375
125 126 127 0.9381 0.5019 0.3899 0.7810 0.9967 0.0881 0.1126 0.8393
126 127 128 0.5654 0.0906 0.8821 0.3392 0.3303 0.1340 0.7538 0.2868
127 128 129 0.5572 0.6878 0.1719 0.7974 0.5580 0.3642 0.6632 0.3077
128 129 130 0.3102 0.8921 0.1498 0.8590 0.4309 0.2793 0.1208 0.9092
129 130 131 0.7034 0.2948 0.0833 0.9106 0.3843 0.0417 0.0407 0.7951
130 131 132 0.9559 0.3741 0.8702 0.6269 0.6272 0.3267 0.6462 0.1101
131 132 133 0.3219 0.2010 0.0993 0.5171 0.5698 0.4859 0.6913 0.3001
132 133 134 0.2795 0.0119 0.4068 0.8952 0.1099 0.4761 0.2431 0.2973
133 134 135 0.6921 0.7506 0.5976 0.6248 0.8545 0.5933 0.6186 0.8305
134 135 136 0.5690 0.5649 0.4802 0.0525 0.6935 0.1033 0.1006 0.2005
135 136 137 0.1593 0.7184 0.1192 0.6101 0.2836 0.0413 0.6039 0.6019
136 137 138 0.1376 0.2712 0.2742 0.7758 0.8082 0.3834 0.5567 0.7952
137 138 139 0.6581 0.8770 0.9612 0.1373 0.4405 0.7947 0.0953 0.7492
138 139 140 0.0655 0.7043 0.1442 0.0736 0.0245 0.6895 0.5201 0.8925
139 140 141 0.9270 0.4139 0.7370 0.2531 0.3683 0.7312 0.3829 0.4608
140 141 142 0.2005 0.2046 0.3447 0.6964 0.0796 0.1952 0.5953 0.8576
141 142 143 0.2089 0.3876 0.1230 0.0874 0.0286 0.5144 0.0944 0.8531
142 143 144 0.9064 0.9374 0.9779 0.0782 0.6976 0.3768 0.2555 0.6970
143 144 145 0.5979 0.4390 0.6427 0.7031 0.9713 0.2202 0.9512 0.4057
144 145 146 0.8630 0.3349 0.6611 0.9374 0.9141 0.9632 0.0395 0.1815
145 146 147 0.2586 0.2557 0.2117 0.4441 0.0375 0.4472 0.5533 0.2604
146 147 148 0.4001 0.7734 0.5388 0.3360 0.6941 0.5085 0.6166 0.6224
147 148 149 0.2095 0.7660 0.7297 0.1087 0.4921 0.8509 0.5264 0.6687
148 149 150 0.3194 0.4099 0.2857 0.5232 0.0381 0.7250 0.6389 0.2816
149 150 151 0.3938 0.7108 0.1605 0.3272 0.0297 0.9682 0.1199 0.9129
150 151 152 0.4310 0.2912 0.8908 0.3199 0.4173 0.0164 0.0051 0.0587
151 152 153 0.8266 0.1710 0.7641 0.0330 0.0336 0.9262 0.8229 0.1879
152 153 154 0.6876 0.5119 0.5760 0.0433 0.2692 0.3350 0.5757 0.1200
153 154 155 0.5334 0.9125 0.5709 0.8821 0.7404 0.1563 0.6014 0.3815
154 155 156 0.1360 0.6045 0.2575 0.9654 0.0177 0.3616 0.3732 0.6892
155 156 157 0.2386 0.4976 0.7342 0.2888 0.6593 0.7128 0.4051 0.7007
156 157 158 0.4183 0.0104 0.8826 0.1236 0.8079 0.1275 0.2270 0.9685
157 158 159 0.2828 0.3216 0.6158 0.4754 0.3216 0.4226 0.6071 0.6701
158 159 160 0.5433 0.9708 0.3539 0.4709 0.8962 0.0537 0.3907 0.4035
159 160 161 0.4497 0.9872 0.8012 0.1420 0.7971 0.9347 0.4778 0.1451
160 161 162 0.8688 0.9767 0.4790 0.3672 0.8600 0.1487 0.6160 0.5512
161 162 163 0.3309 0.3983 0.4865 0.5910 0.7166 0.4729 0.9158 0.3024
162 163 164 0.1141 0.6534 0.5961 0.9529 0.6376 0.7193 0.0475 0.4031
163 164 165 0.7343 0.6026 0.8686 0.7328 0.6787 0.4699 0.5088 0.4169
164 165 166 0.8075 0.2509 0.4099 0.1383 0.3694 0.7065 0.6722 0.9996
165 166 167 0.9049 0.0235 0.9031 0.1106 0.0251 0.9167 0.0506 0.3708
166 167 168 0.3046 0.2995 0.1262 0.6014 0.2518 0.9447 0.0307 0.2714
167 168 169 0.7746 0.4682 0.6473 0.3720 0.9797 0.2035 0.8103 0.3888
168 169 170 0.3123 0.9109 0.3843 0.9604 0.5340 0.3940 0.2721 0.4176
169 170 171 0.5698 0.5354 0.9910 0.1290 0.6648 0.1920 0.8930 0.8623
170 171 172 0.0773 0.9907 0.3158 0.6629 0.0434 0.5838 0.7305 0.5619
171 172 173 0.7902 0.7710 0.5597 0.9465 0.1773 0.5995 0.7649 0.2529
172 173 174 0.6455 0.7990 0.0975 0.4616 0.5771 0.5237 0.6481 0.6925
173 174 175 0.0944 0.9774 0.6167 0.4580 0.9014 0.0816 0.6384 0.9697
174 175 176 0.2172 0.4173 0.9686 0.8750 0.0135 0.9175 0.6269 0.1485
175 176 177 0.8627 0.1669 0.4260 0.0951 0.6276 0.5640 0.8248 0.7641
176 177 178 0.6026 0.5343 0.5324 0.0457 0.6285 0.3528 0.6610 0.9942
177 178 179 0.6074 0.3579 0.3104 0.8988 0.7280 0.5638 0.4873 0.8229
178 179 180 0.5172 0.6851 0.5623 0.4332 0.9910 0.5651 0.4818 0.2207
179 180 181 0.5682 0.5996 0.7539 0.3862 0.7090 0.1416 0.0424 0.4705
180 181 182 0.8795 0.6942 0.3038 0.8622 0.7048 0.0515 0.5710 0.7369
181 182 183 0.0198 0.3736 0.0011 0.2373 0.9158 0.5270 0.7217 0.1889
182 183 184 0.2556 0.4651 0.5017 0.5471 0.2396 0.4068 0.5772 0.1072
183 184 185 0.8762 0.0791 0.5389 0.0005 0.9132 0.4428 0.1122 0.9497
184 185 186 0.0272 0.9939 0.8747 0.4875 0.2596 0.9848 0.2465 0.9747
185 186 187 0.0325 0.2262 0.2031 0.5744 0.8144 0.5539 0.5521 0.3227
186 187 188 0.9818 0.8113 0.9622 0.4730 0.4333 0.0050 0.9274 0.2371
187 188 189 0.7909 0.0933 0.0249 0.3447 0.1545 0.5853 0.3965 0.2380
188 189 190 0.9084 0.5621 0.2619 0.9842 0.2330 0.1332 0.2659 0.8490
189 190 191 0.2517 0.9878 0.2933 0.0840 0.4138 0.5916 0.9442 0.1738
190 191 192 0.0257 0.3258 0.4750 0.2350 0.6625 0.3192 0.9476 0.7806
191 192 193 0.7703 0.9963 0.9650 0.4067 0.1905 0.4497 0.7122 0.6437
192 193 194 0.0294 0.5691 0.7673 0.2371 0.0864 0.8790 0.4794 0.4727
193 194 195 0.9219 0.9086 0.5115 0.6353 0.6636 0.1016 0.6543 0.4461
194 195 196 0.0876 0.0683 0.4154 0.4524 0.3481 0.2178 0.6458 0.8957
195 196 197 0.0314 0.1791 0.2979 0.0469 0.5710 0.4427 0.6560 0.1744
196 197 198 0.7132 0.0892 0.0971 0.9120 0.7842 0.6563 0.3976 0.6767
197 198 199 0.1226 0.5106 0.9892 0.5592 0.3421 0.6974 0.2970 0.8725
198 199 200 0.4319 0.5362 0.0310 0.5565 0.5706 0.5875 0.8503 0.4285
199 200 201 0.4503 0.3323 0.3172 0.5451 0.8620 0.8735 0.5355 0.6041
200 201 202 0.8297 0.0942 0.9777 0.5759 0.0685 0.4192 0.9751 0.8252
201 202 203 0.9901 0.3630 0.1418 0.1527 0.3245 0.6778 0.4776 0.1131
202 203 204 0.7000 0.6624 0.2473 0.1202 0.0519 0.0292 0.6323 0.5148
203 204 205 0.1657 0.5413 0.5512 0.7543 0.5168 0.9917 0.2555 0.2368
204 205 206 0.7963 0.8387 0.6633 0.4506 0.3671 0.6902 0.5881 0.9597
205 206 207 0.4479 0.0756 0.5397 0.5495 0.1485 0.7127 0.6725 0.4785
206 207 208 0.2850 0.8899 0.0439 0.9156 0.9827 0.5895 0.7830 0.6414
207 208 209 0.1456 0.9453 0.5307 0.3152 0.4444 0.3746 0.8861 0.8472
208 209 210 0.9017 0.8166 0.5019 0.2709 0.0977 0.7933 0.9110 0.2821
209 210 211 0.3554 0.1723 0.3353 0.7483 0.6431 0.3934 0.8717 0.0088
210 211 212 0.7289 0.4204 0.1127 0.0240 0.6496 0.0805 0.0618 0.6124
211 212 213 0.4062 0.9184 0.9138 0.5367 0.1606 0.1206 0.4502 0.1237
212 213 214 0.6425 0.4279 0.9792 0.7085 0.3549 0.9859 0.2164 0.6635
213 214 215 0.0383 0.4601 0.0318 0.2010 0.4132 0.2478 0.3279 0.4567
214 215 216 0.5175 0.0670 0.7693 0.3714 0.1590 0.1405 0.6514 0.5850
215 216 217 0.3458 0.5708 0.6125 0.1987 0.2595 0.8442 0.9393 0.9788
216 217 218 0.8470 0.1722 0.5983 0.9756 0.0167 0.1668 0.4283 0.5491
217 218 219 0.5245 0.2480 0.0632 0.1491 0.5902 0.8630 0.9551 0.7388
218 219 220 0.9076 0.8688 0.8092 0.2576 0.9133 0.3127 0.3581 0.1532
219 220 221 0.3170 0.7320 0.0854 0.2797 0.3753 0.8065 0.3606 0.7375
220 221 222 0.0783 0.7175 0.2594 0.2985 0.6184 0.5341 0.9748 0.3599
221 222 223 0.0906 0.7980 0.7431 0.5831 0.9667 0.3433 0.1918 0.4713
222 223 224 0.4994 0.7989 0.6658 0.4185 0.8539 0.0955 0.0889 0.1689
223 224 225 0.0010 0.2183 0.3944 0.7133 0.7171 0.0056 0.4258 0.9826
224 225 226 0.3706 0.5620 0.1444 0.1809 0.4583 0.3414 0.6580 0.7410
225 226 227 0.4390 0.3082 0.6482 0.2614 0.9279 0.6102 0.2569 0.1302
226 227 228 0.0283 0.7703 0.4149 0.7716 0.1121 0.9803 0.3937 0.2810
227 228 229 0.7346 0.3868 0.4355 0.3603 0.9771 0.8403 0.4267 0.9906
228 229 230 0.6270 0.3382 0.8013 0.7359 0.1078 0.5329 0.0699 0.5206
229 230 231 0.0519 0.0546 0.7730 0.9878 0.0971 0.7795 0.8440 0.5866
230 231 232 0.2427 0.7873 0.8665 0.4878 0.8015 0.9861 0.6016 0.9016
231 232 233 0.1103 0.2171 0.9699 0.1359 0.2942 0.7618 0.9881 0.3721
232 233 234 0.0227 0.6810 0.8284 0.0996 0.5397 0.6448 0.8470 0.4682
233 234 235 0.3986 0.3768 0.2698 0.9038 0.1978 0.3011 0.4581 0.9230
234 235 236 0.7514 0.7425 0.7696 0.3120 0.9717 0.4708 0.2475 0.2041
235 236 237 0.1718 0.1111 0.5193 0.2779 0.1212 0.3659 0.9753 0.7741
236 237 238 0.7889 0.9245 0.4590 0.5933 0.0510 0.6335 0.6529 0.8291
237 238 239 0.3773 0.7007 0.4146 0.5527 0.9107 0.5041 0.3816 0.9984
238 239 240 0.4950 0.5735 0.0699 0.3234 0.8920 0.4144 0.8771 0.7580
239 240 241 0.0346 0.7994 0.6139 0.6093 0.6941 0.2478 0.4234 0.0474
240 241 242 0.6258 0.8269 0.0580 0.9198 0.0275 0.4618 0.9317 0.1081
241 242 243 0.9303 0.9675 0.6382 0.8972 0.1914 0.5092 0.5581 0.6623
242 243 244 0.7379 0.8275 0.2537 0.3087 0.3067 0.9256 0.9289 0.8406
243 244 245 0.1533 0.0973 0.0230 0.0302 0.2132 0.7316 0.5693 0.8975
244 245 246 0.9838 0.7337 0.2793 0.9706 0.0672 0.2108 0.2015 0.7356
245 246 247 0.7591 0.6374 0.3734 0.9899 0.0954 0.0187 0.5131 0.5553
246 247 248 0.0026 0.7014 0.9779 0.2027 0.0478 0.3915 0.2849 0.3682
247 248 249 0.9257 0.2026 0.6973 0.9476 0.5798 0.8901 0.7418 0.3367
248 249 250 0.2552 0.6634 0.5403 0.9984 0.9934 0.5968 0.2157 0.6962
249 250 251 0.8118 0.5708 0.9306 0.9478 0.6061 0.6006 0.4993 0.5433
250 251 252 0.8336 0.2815 0.6994 0.7875 0.9874 0.6468 0.0831 0.2312
251 252 253 0.3154 0.5550 0.2611 0.7787 0.2673 0.7560 0.9993 0.7681
252 253 254 0.6688 0.9812 0.1799 0.3944 0.8798 0.5133 0.9046 0.4432
253 254 255 0.5751 0.7684 0.4572 0.1407 0.7509 0.7952 0.5093 0.6415
254 255 256 0.6501 0.4582 0.0937 0.6277 0.1297 0.5548 0.0998 0.3873
255 256 257 0.9465 0.9659 0.2462 0.2327 0.2507 0.8823 0.9368 0.3252
256 257 258 0.8690 0.5447 0.8787 0.3338 0.8301 0.2958 0.0017 0.0132
257 258 259 0.5019 0.6296 0.0519 0.5787 0.9108 0.3292 0.5922 0.6277
258 259 260 0.7787 0.6417 0.7520 0.7678 0.9653 0.0172 0.5472 0.3336
259 260 261 0.9128 0.0416 0.7702 0.6656 0.0253 0.3568 0.9663 0.7252
260 261 262 0.6652 0.7500 0.4490 0.5390 0.6050 0.9909 0.0231 0.6591
261 262 263 0.0911 0.8185 0.7453 0.7980 0.9719 0.6875 0.1975 0.2024
262 263 264 0.3648 0.4503 0.8351 0.7567 0.3093 0.7242 0.3905 0.7948
263 264 265 0.3786 0.7838 0.7334 0.9897 0.6921 0.6244 0.0429 0.5821
264 265 266 0.9121 0.2536 0.4064 0.7476 0.7443 0.4432 0.9088 0.8056
265 266 267 0.4804 0.8235 0.3210 0.1649 0.7987 0.4897 0.4801 0.2422
266 267 268 0.3155 0.8731 0.7828 0.1347 0.6473 0.5231 0.7004 0.2700
267 268 269 0.7926 0.4645 0.2779 0.0437 0.4279 0.0090 0.1898 0.7346
268 269 270 0.4113 0.1581 0.9724 0.3709 0.0940 0.1568 0.1882 0.8525
269 270 271 0.7803 0.6572 0.4416 0.3306 0.0296 0.6511 0.7339 0.5373
270 271 272 0.4260 0.6325 0.7691 0.9078 0.7116 0.9306 0.6586 0.6799
271 272 273 0.6563 0.5681 0.1756 0.7677 0.4094 0.8546 0.5542 0.7142
272 273 274 0.8324 0.8849 0.8511 0.3123 0.6411 0.1541 0.8196 0.2152
273 274 275 0.3650 0.1125 0.2740 0.6643 0.6783 0.6818 0.8277 0.8696
274 275 276 0.3744 0.5082 0.1215 0.2323 0.1434 0.4417 0.6479 0.3509
275 276 277 0.9850 0.9268 0.8993 0.2879 0.3915 0.7106 0.3220 0.2344
276 277 278 0.7996 0.9224 0.5248 0.0515 0.7691 0.1441 0.3158 0.2946
277 278 000 0.7645 0.7670 0.6308 0.5561 0.7876 0.9669 0.6692 0.9772
278 000 001 0.9636 0.2146 0.0492 0.6392 0.2154 0.1312 0.3592 0.0551
