279 155682 3 279
000 001 002 0.6330 0.7508 0.2026 0.7061 0.6827 0.2243 0.2739 0.2330
001 002 003 0.3145 0.1825 0.7577 0.1785 0.8224 0.3557 0.7633 0.7652
002 003 004 0.4354 0.9708 0.3991 0.7646 0.0550 0.8670 0.8408 0.4681
003 004 005 0.4298 0.7060 0.1765 0.0641 0.2518 0.3762 0.7939 0.8901
004 005 006 0.7662 0.4547 0.3900 0.2012 0.3840 0.5463 0.7012 0.5780
005 006 007 0.4258 0.6026 0.1881 0.8411 0.0298 0.4670 0.8127 0.2707
006 007 008 0.7272 0.8973 0.1596 0.1567 0.2578 0.5834 0.7659 0.6789
007 008 009 0.4866 0.7775 0.1079 0.7980 0.9620 0.7430 0.9960 0.8088
008 009 010 0.5052 0.0602 0.3423 0.0581 0.3819 0.7660 0.8512 0.0857
009 010 011 0.4358 0.3435 0.8963 0.2537 0.8312 0.7167 0.7845 0.6015
010 011 012 0.0893 0.5506 0.0321 0.3609 0.7453 0.8645 0.9756 0.8549
011 012 013 0.0171 0.8383 0.7046 0.8099 0.7847 0.1769 0.1788 0.2072
012 013 014 0.7066 0.0348 0.5238 0.7527 0.6884 0.4698 0.0719 0.7855
013 014 015 0.5879 0.0538 0.5791 0.6230 0.2639 0.2950 0.1821 0.1450
014 015 016 0.1898 0.6913 0.8269 0.7776 0.4931 0.0844 0.7996 0.7228
015 016 017 0.2551 0.9327 0.1857 0.6965 0.7183 0.6347 0.1047 0.7638
016 017 018 0.5624 0.8456 0.9213 0.6549 0.1663 0.8838 0.6319 0.7300
017 018 019 0.8591 0.2220 0.4989 0.0835 0.4864 0.6693 0.5548 0.1445
018 019 020 0.2475 0.3477 0.0978 0.0673 0.2738 0.3687 0.9670 0.1539
019 020 021 0.0814 0.1817 0.7398 0.7664 0.7588 0.5844 0.6905 0.6097
020 021 022 0.5255 0.4283 0.6279 0.7748 0.8320 0.2552 0.0537 0.0058
021 022 023 0.9529 0.8707 0.1160 0.3632 0.3110 0.7099 0.7959 0.1288
022 023 024 0.5786 0.6897 0.4626 0.1022 0.2671 0.8924 0.6437 0.9225
023 024 025 0.7285 0.2858 0.1247 0.4591 0.7154 0.2023 0.6631 0.5564
024 025 026 0.2775 0.0022 0.5327 0.1374 0.7783 0.0470 0.8684 0.1825
025 026 027 0.3528 0.3995 0.8657 0.8302 0.8139 0.7056 0.5891 0.6242
026 027 028 0.4158 0.2579 0.9147 0.8357 0.6225 0.5981 0.8739 0.7271
027 028 029 0.7042 0.9959 0.4891 0.8720 0.0122 0.6327 0.4437 0.6573
028 029 030 0.4858 0.8338 0.9368 0.2421 0.2545 0.5161 0.3979 0.1227
029 030 031 0.9778 0.7137 0.1107 0.2147 0.8013 0.6597 0.3690 0.1183
030 031 032 0.8619 0.9925 0.9448 0.0153 0.2099 0.3309 0.9021 0.0864
031 032 033 0.3348 0.3362 0.9443 0.1397 0.8573 0.5067 0.5855 0.7135
032 033 034 0.6268 0.3528 0.8628 0.9316 0.0279 0.5669 0.4973 0.4330
033 034 035 0.5421 0.7855 0.8470 0.7774 0.6494 0.1609 0.2615 0.8612
034 035 036 0.5882 0.2294 0.2157 0.3961 0.8289 0.3332 0.9347 0.1281
035 036 037 0.6895 0.6069 0.7746 0.1302 0.6041 0.8449 0.7798 0.7969
036 037 038 0.8619 0.7779 0.3250 0.9726 0.1853 0.0050 0.8661 0.7128
037 038 039 0.4532 0.9662 0.0918 0.1180 0.7632 0.1829 0.9680 0.8101
038 039 040 0.5405 0.3339 0.8469 0.5132 0.1840 0.8357 0.2298 0.0066
039 040 041 0.6822 0.4609 0.1025 0.6606 0.4105 0.4295 0.3522 0.5669
040 041 042 0.2164 0.6948 0.7543 0.9425 0.4395 0.8559 0.4342 0.4162
041 042 043 0.3506 0.8968 0.7602 0.5000 0.8802 0.7567 0.3934 0.1754
042 043 044 0.0633 0.9464 0.2065 0.5606 0.3414 0.4153 0.1980 0.2440
043 044 045 0.4943 0.0362 0.7681 0.8318 0.5343 0.9742 0.4503 0.1629
044 045 046 0.2336 0.9683 0.7410 0.3068 0.7978 0.0295 0.1018 0.0484
045 046 047 0.8974 0.8607 0.9676 0.5578 0.2845 0.6819 0.6815 0.1444
046 047 048 0.1706 0.9386 0.9845 0.7261 0.8398 0.3373 0.2646 0.9145
047 048 049 0.6283 0.0070 0.4639 0.7009 0.4813 0.7343 0.8446 0.3133
048 049 050 0.9015 0.2644 0.7425 0.7935 0.0870 0.1041 0.4665 0.5336
049 050 051 0.2034 0.6037 0.2537 0.6333 0.1877 0.3777 0.0103 0.3213
050 051 052 0.1257 0.5124 0.5802 0.8491 0.9456 0.8572 0.9986 0.8551
051 052 053 0.9562 0.4880 0.9877 0.3948 0.7039 0.2700 0.5176 0.9506
052 053 054 0.7647 0.2957 0.0991 0.4959 0.2073 0.2043 0.1378 0.4498
053 054 055 0.1023 0.6271 0.6493 0.2064 0.6681 0.5920 0.4638 0.1640
054 055 056 0.8621 0.6336 0.3287 0.5809 0.3458 0.8671 0.4822 0.5892
055 056 057 0.5501 0.0658 0.7782 0.8348 0.3398 0.6288 0.4863 0.0865
056 057 058 0.2773 0.3752 0.7053 0.6722 0.2554 0.2126 0.0706 0.2939
057 058 059 0.0308 0.0485 0.8232 0.5337 0.0117 0.2106 0.0953 0.7543
058 059 060 0.1468 0.1734 0.5728 0.7357 0.0539 0.3841 0.8516 0.6114
059 060 061 0.6333 0.1583 0.3092 0.9906 0.3462 0.1746 0.7664 0.1090
060 061 062 0.0071 0.2154 0.1175 0.6551 0.3892 0.0864 0.0769 0.4932
061 062 063 0.4709 0.4346 0.6483 0.3766 0.3346 0.9708 0.4511 0.6931
062 063 064 0.9761 0.8725 0.2709 0.9726 0.9199 0.0795 0.1339 0.1515
063 064 065 0.3060 0.6960 0.3947 0.9005 0.8921 0.9137 0.0064 0.9297
064 065 066 0.3611 0.6185 0.2252 0.6973 0.6344 0.0354 0.2740 0.6188
065 066 067 0.5691 0.9743 0.3291 0.6783 0.7202 0.6427 0.8609 0.8932
066 067 068 0.2422 0.5060 0.2481 0.4406 0.7515 0.4218 0.9087 0.8278
067 068 069 0.5883 0.2166 0.4729 0.9621 0.3277 0.7984 0.1303 0.0941
068 069 070 0.8940 0.6997 0.1972 0.9272 0.2007 0.2988 0.7423 0.0197
069 070 071 0.1022 0.4971 0.1065 0.7426 0.9056 0.8748 0.5116 0.8123
070 071 072 0.8684 0.6786 0.8055 0.3968 0.0885 0.0217 0.5145 0.5121
071 072 073 0.2034 0.2866 0.7480 0.0205 0.3682 0.5623 0.9617 0.6436
072 073 074 0.5862 0.3300 0.2027 0.4744 0.2049 0.9123 0.2409 0.6584
073 074 075 0.8299 0.6366 0.5276 0.6062 0.1663 0.7944 0.7115 0.8333
074 075 076 0.6122 0.3620 0.3395 0.8175 0.8424 0.2938 0.2896 0.6691
075 076 077 0.5693 0.9426 0.6852 0.6390 0.5509 0.7564 0.1396 0.5566
076 077 078 0.7334 0.2270 0.5198 0.4262 0.1825 0.4547 0.2165 0.5701
077 078 079 0.3602 0.8561 0.6836 0.5215 0.7673 0.3390 0.5857 0.5693
078 079 080 0.2658 0.1279 0.6356 0.4185 0.4633 0.8756 0.5170 0.5425
079 080 081 0.9430 0.9167 0.5298 0.7967 0.8948 0.9721 0.5806 0.4774
080 081 082 0.3874 0.3720 0.1690 0.6811 0.5264 0.1541 0.4996 0.4460
081 082 083 0.3717 0.1489 0.2284 0.2251 0.4584 0.0663 0.8946 0.7651
082 083 084 0.6904 0.3268 0.7405 0.3988 0.6724 0.8901 0.2945 0.6136
083 084 085 0.1255 0.9858 0.9343 0.9406 0.4514 0.4594 0.1843 0.8878
084 085 086 0.3189 0.6817 0.6631 0.6963 0.6499 0.4181 0.0621 0.7725
085 086 087 0.3898 0.0751 0.9793 0.5337 0.9562 0.2210 0.0404 0.1844
086 087 088 0.1869 0.9437 0.5219 0.1599 0.2001 0.9665 0.6290 0.2959
087 088 089 0.1541 0.3145 0.5223 0.5605 0.3150 0.9491 0.7875 0.8409
088 089 090 0.7920 0.0318 0.4993 0.2041 0.0389 0.6729 0.9914 0.9886
089 090 091 0.9569 0.6611 0.7761 0.1076 0.0487 0.8127 0.9466 0.8783
090 091 092 0.0654 0.2237 0.7818 0.3335 0.6976 0.3640 0.0326 0.5252
091 092 093 0.5091 0.5196 0.6709 0.1348 0.3080 0.0573 0.9879 0.3107
092 093 094 0.0857 0.1851 0.6611 0.6040 0.2672 0.9954 0.7393 0.0890
093 094 095 0.0978 0.0310 0.8956 0.7120 0.6029 0.8200 0.1904 0.4751
094 095 096 0.3912 0.8735 0.4216 0.6019 0.9709 0.4725 0.8397 0.2214
095 096 097 0.2724 0.3750 0.6538 0.3090 0.0317 0.1604 0.3589 0.0569
096 097 098 0.3890 0.6232 0.3685 0.3097 0.1607 0.8234 0.6159 0.8893
097 098 099 0.7334 0.6446 0.6334 0.3560 0.2427 0.9130 0.2702 0.1173
098 099 100 0.5500 0.1398 0.1210 0.8154 0.5636 0.1136 0.6563 0.4734
099 100 101 0.5026 0.0063 0.0479 0.9028 0.0352 0.9164 0.7262 0.5038
100 101 102 0.6837 0.0027 0.8505 0.2133 0.4192 0.5968 0.9698 0.5331
101 102 103 0.5578 0.2361 0.0946 0.0825 0.7638 0.3999 0.5597 0.6738
102 103 104 0.4128 0.8785 0.5821 0.1229 0.5736 0.1653 0.0122 0.3897
103 104 105 0.5668 0.0292 0.7290 0.5593 0.0760 0.0160 0.2806 0.5705
104 105 106 0.3660 0.5496 0.3268 0.8713 0.9582 0.4878 0.2537 0.4112
105 106 107 0.7534 0.5529 0.1307 0.6554 0.1839 0.4642 0.9425 0.1797
106 107 108 0.5260 0.0990 0.5275 0.7309 0.1527 0.0235 0.0092 0.7298
107 108 109 0.6858 0.1245 0.0300 0.0070 0.5449 0.1064 0.8470 0.4983
108 109 110 0.0296 0.8135 0.1004 0.8286 0.8834 0.5050 0.5108 0.6379
109 110 111 0.8077 0.6664 0.6395 0.5464 0.4323 0.5918 0.5823 0.5167
110 111 112 0.2852 0.8533 0.8544 0.9677 0.9725 0.3883 0.1014 0.6741
111 112 113 0.7473 0.9337 0.6659 0.0058 0.1918 0.1357 0.8292 0.1053
112 113 114 0.9620 0.9085 0.1013 0.5109 0.1508 0.7105 0.3081 0.8983
113 114 115 0.7578 0.8572 0.9430 0.2614 0.6159 0.5250 0.0417 0.2692
114 115 116 0.7309 0.7822 0.2424 0.4073 0.3418 0.2635 0.6833 0.8745
115 116 117 0.1241 0.4139 0.5744 0.7344 0.6666 0.1256 0.5845 0.3671
116 117 118 0.2773 0.1945 0.7154 0.1794 0.0902 0.7170 0.2080 0.8039
117 118 119 0.9247 0.5302 0.0639 0.7254 0.3008 0.2218 0.9966 0.5936
118 119 120 0.0527 0.6852 0.4827 0.4121 0.0286 0.8404 0.9819 0.7213
119 120 121 0.8661 0.5609 0.4577 0.6678 0.1001 0.0047 0.4622 0.3761
120 121 122 0.7618 0.8573 0.3953 0.2740 0.6822 0.6873 0.3097 0.6395
121 122 123 0.4260 0.5397 0.8379 0.3237 0.8559 0.3134 0.6479 0.1483
122 123 124 0.7747 0.8660 0.0103 0.0758 0.8908 0.3974 0.0517 0.8035
123 124 125 0.9930 0.3952 0.0621 0.0149 0.6123 0.1212 0.0343 0.6253
124 125 126 0.6211 0.6571 0.8616 0.0247 0.0018 0.2781 0.6530 0.0586
125 126 127 0.9730 0.6315 0.0892 0.2450 0.9451 0.2317 0.1198 0.3051
126 127 128 0.2904 0.8398 0.7344 0.6376 0.7959 0.8832 0.2640 0.7937
127 128 129 0.5679 0.0283 0.9979 0.5307 0.6946 0.9682 0.5941 0.9508
128 129 130 0.5158 0.9758 0.0983 0.9764 0.7530 0.5949 0.2651 0.7772
129 130 131 0.6566 0.8627 0.9143 0.6824 0.4337 0.6476 0.2457 0.3834
130 131 132 0.7097 0.0872 0.9028 0.3773 0.4206 0.7912 0.6627 0.6508
131 132 133 0.1399 0.7730 0.2379 0.2484 0.6489 0.6194 0.1152 0.4699
132 133 134 0.8859 0.5615 0.9478 0.0132 0.8916 0.2822 0.5784 0.1605
133 134 135 0.6867 0.5072 0.5479 0.1749 0.6869 0.1605 0.7688 0.2333
134 135 136 0.5246 0.2122 0.1214 0.5395 0.4638 0.7506 0.3223 0.1701
135 136 137 0.0570 0.1493 0.3796 0.6822 0.9493 0.6641 0.8903 0.0510
136 137 138 0.2050 0.2146 0.4368 0.2080 0.9934 0.6905 0.9812 0.6933
137 138 139 0.2237 0.0090 0.9352 0.1867 0.6888 0.2773 0.7590 0.6583
138 139 140 0.0518 0.8958 0.9909 0.0636 0.4290 0.7676 0.5044 0.0647
139 140 141 0.0858 0.5633 0.3966 0.2324 0.0960 0.6207 0.5336 0.0315
140 141 142 0.7322 0.0016 0.3789 0.6616 0.6029 0.0220 0.4088 0.5083
141 142 143 0.6453 0.1507 0.3012 0.1979 0.4203 0.7554 0.7907 0.5086
142 143 144 0.1776 0.6839 0.4118 0.1463 0.3923 0.2228 0.6824 0.6636
143 144 145 0.3146 0.0583 0.5992 0.9533 0.6011 0.4094 0.4916 0.9231
144 145 146 0.1882 0.6333 0.1492 0.3107 0.2858 0.7739 0.1031 0.9953
145 146 147 0.8619 0.0178 0.8131 0.0064 0.6705 0.0093 0.6195 0.7557
146 147 148 0.1427 0.4941 0.3278 0.9504 0.1971 0.7527 0.4075 0.1909
147 148 149 0.8197 0.0739 0.2200 0.8798 0.5779 0.9355 0.9081 0.1491
148 149 150 0.3288 0.8881 0.6750 0.9508 0.0138 0.0306 0.8419 0.6790
149 150 151 0.8813 0.8839 0.1783 0.5402 0.7059 0.9418 0.0579 0.2279
150 151 152 0.1193 0.4538 0.6815 0.5898 0.4114 0.4379 0.9948 0.9421
151 152 153 0.5744 0.1989 0.7460 0.3551 0.2525 0.1074 0.5736 0.1440
152 153 154 0.3764 0.1908 0.3422 0.6018 0.6301 0.0586 0.2584 0.0949
153 154 155 0.3163 0.2778 0.1032 0.6762 0.0537 0.4149 0.4607 0.0332
154 155 156 0.1498 0.5150 0.1739 0.2142 0.3825 0.1201 0.9908 0.8700
155 156 157 0.0912 0.5217 0.6651 0.7929 0.1710 0.7634 0.3149 0.2677
156 157 158 0.5733 0.3826 0.1497 0.8787 0.8012 0.4549 0.4925 0.4200
157 158 159 0.6906 0.5175 0.2182 0.7219 0.0796 0.6633 0.2801 0.5404
158 159 160 0.6171 0.1772 0.4913 0.2411 0.6978 0.4397 0.2136 0.3604
159 160 161 0.3864 0.0916 0.0826 0.8234 0.3912 0.2846 0.9242 0.5216
160 161 162 0.1393 0.5243 0.1801 0.6628 0.3451 0.1311 0.8351 0.0334
161 162 163 0.7746 0.2712 0.6542 0.5395 0.9419 0.1880 0.9024 0.9576
162 163 164 0.8934 0.9883 0.9244 0.5406 0.6658 0.6255 0.7847 0.7371
163 164 165 0.6413 0.2069 0.4588 0.5717 0.3413 0.0619 0.4655 0.4448
164 165 166 0.3977 0.4143 0.4219 0.9979 0.6463 0.8640 0.4022 0.9221
165 166 167 0.6936 0.3448 0.4966 0.4372 0.2868 0.1036 0.1206 0.3798
166 167 168 0.9253 0.0376 0.5750 0.6216 0.2992 0.1950 0.3647 0.5644
167 168 169 0.7883 0.3415 0.0612 0.5053 0.9714 0.8266 0.5700 0.3159
168 169 170 0.7022 0.6998 0.7740 0.4174 0.8292 0.0408 0.5237 0.6660
169 170 171 0.3923 0.3337 0.5269 0.7268 0.8348 0.1804 0.1369 0.0942
170 171 172 0.6951 0.1963 0.4520 0.9790 0.6110 0.5783 0.6040 0.9945
171 172 173 0.8596 0.7412 0.5384 0.5424 0.7917 0.0604 0.4008 0.4149
172 173 174 0.2494 0.5486 0.9416 0.6962 0.1854 0.9681 0.4463 0.1837
173 174 175 0.1935 0.4015 0.4597 0.0606 0.5858 0.8462 0.6456 0.4072
174 175 176 0.2735 0.8025 0.8206 0.4176 0.6688 0.5836 0.3324 0.1806
175 176 177 0.0124 0.9883 0.3280 0.0646 0.2463 0.5129 0.8630 0.9311
176 177 178 0.7602 0.4940 0.1629 0.2275 0.4952 0.4373 0.2172 0.9488
177 178 179 0.2907 0.7983 0.8866 0.6012 0.7262 0.3724 0.0169 0.8904
178 179 180 0.9672 0.6190 0.0968 0.7299 0.0265 0.7134 0.6147 0.1077
179 180 181 0.9076 0.0896 0.5909 0.0254 0.0789 0.4844 0.4572 0.6705
180 181 182 0.7051 0.8289 0.0524 0.0520 0.1235 0.8116 0.1385 0.9669
181 182 183 0.1000 0.0962 0.2562 0.8416 0.7227 0.8359 0.5671 0.3902
182 183 184 0.0855 0.4439 0.2451 0.1630 0.1939 0.3911 0.7754 0.0188
183 184 185 0.9377 0.0031 0.4113 0.4275 0.3580 0.6186 0.7629 0.1036
184 185 186 0.2135 0.9584 0.8308 0.3862 0.4717 0.9525 0.6772 0.7127
185 186 187 0.1773 0.5744 0.5634 0.1900 0.1213 0.9275 0.9724 0.8551
186 187 188 0.9898 0.2477 0.8317 0.9278 0.7832 0.1460 0.3547 0.4769
187 188 189 0.6750 0.1002 0.3837 0.7576 0.7164 0.4005 0.8194 0.4286
188 189 190 0.9139 0.8475 0.1155 0.8901 0.8229 0.1771 0.8739 0.5364
189 190 191 0.4861 0.9583 0.7487 0.1084 0.2912 0.3619 0.0855 0.6557
190 191 192 0.1090 0.1485 0.7870 0.0108 0.3137 0.3895 0.7268 0.3085
191 192 193 0.5376 0.7132 0.3145 0.3342 0.3393 0.0150 0.6933 0.9652
192 193 194 0.2885 0.5883 0.9397 0.5282 0.3801 0.1119 0.6601 0.9156
193 194 195 0.7283 0.3261 0.2716 0.0155 0.1392 0.8938 0.2432 0.0062
194 195 196 0.0909 0.1625 0.3306 0.5843 0.8426 0.6856 0.8866 0.1158
195 196 197 0.5383 0.1430 0.2798 0.3280 0.1995 0.0365 0.3865 0.3053
196 197 198 0.0630 0.7422 0.2529 0.0347 0.3170 0.5056 0.3291 0.4670
197 198 199 0.2792 0.9775 0.4612 0.3234 0.5354 0.5534 0.4668 0.5819
198 199 200 0.6494 0.1861 0.0173 0.3041 0.0048 0.2630 0.5957 0.8811
199 200 201 0.0816 0.4545 0.3125 0.8411 0.1123 0.8496 0.0657 0.0283
200 201 202 0.3951 0.0425 0.9155 0.5844 0.6490 0.3932 0.4575 0.1051
201 202 203 0.1539 0.8351 0.7602 0.2609 0.7938 0.8276 0.5680 0.2407
202 203 204 0.9384 0.7983 0.2668 0.1369 0.5472 0.3081 0.8807 0.2156
203 204 205 0.1080 0.6419 0.2261 0.7763 0.9852 0.3033 0.1708 0.1065
204 205 206 0.0448 0.5564 0.0892 0.8221 0.2965 0.8021 0.3165 0.3960
205 206 207 0.6722 0.7195 0.9683 0.3572 0.0937 0.0136 0.9827 0.3797
206 207 208 0.3266 0.3338 0.5302 0.1986 0.2756 0.7583 0.7540 0.3247
207 208 209 0.0107 0.7763 0.7489 0.0927 0.8539 0.2985 0.0962 0.4009
208 209 210 0.8612 0.1104 0.1761 0.9291 0.5938 0.2942 0.9911 0.7597
209 210 211 0.3295 0.5227 0.8207 0.0165 0.3157 0.5722 0.5570 0.2530
210 211 212 0.1700 0.4501 0.1748 0.9570 0.3435 0.0784 0.7320 0.2854
211 212 213 0.4890 0.0550 0.7588 0.8584 0.8877 0.2722 0.5751 0.6618
212 213 214 0.2660 0.0621 0.0208 0.9505 0.7842 0.4041 0.2637 0.4221
213 214 215 0.4872 0.4797 0.8442 0.8461 0.6832 0.6074 0.7845 0.9492
214 215 216 0.5147 0.1115 0.4532 0.6530 0.6224 0.6682 0.9719 0.6557
215 216 217 0.4166 0.5885 0.3034 0.6195 0.7341 0.6396 0.5517 0.4906
216 217 218 0.6603 0.0780 0.2303 0.7466 0.2274 0.9666 0.4627 0.9082
217 218 219 0.2323 0.5510 0.6096 0.4370 0.9254 0.3222 0.5165 0.8234
218 219 220 0.1541 0.9087 0.6766 0.0544 0.4910 0.0810 0.4715 0.6392
219 220 221 0.6840 0.9984 0.5557 0.5931 0.6055 0.1756 0.7992 0.6797
220 221 222 0.1150 0.2126 0.9039 0.7090 0.6709 0.3982 0.9435 0.0846
221 222 223 0.3702 0.0762 0.4105 0.6921 0.8955 0.6031 0.3056 0.8324
222 223 224 0.8957 0.7845 0.1355 0.2293 0.4754 0.2480 0.1559 0.9136
223 224 225 0.3537 0.3950 0.4446 0.1804 0.6662 0.3785 0.7137 0.9571
224 225 226 0.8527 0.5288 0.1069 0.3153 0.6401 0.0105 0.3773 0.0846
225 226 227 0.6113 0.4592 0.8193 0.6622 0.4521 0.3003 0.6987 0.2293
226 227 228 0.1039 0.0622 0.9375 0.0814 0.9194 0.8690 0.1153 0.7231
227 228 229 0.7860 0.9364 0.2632 0.4278 0.2525 0.4547 0.7042 0.4634
228 229 230 0.9290 0.5404 0.7508 0.3207 0.1756 0.6449 0.3409 0.9921
229 230 231 0.3745 0.3587 0.8511 0.1239 0.2798 0.7518 0.4914 0.9811
230 231 232 0.8869 0.8080 0.1755 0.3330 0.1565 0.7116 0.6030 0.0787
231 232 233 0.5610 0.5520 0.6127 0.8082 0.4015 0.7780 0.3586 0.8348
232 233 234 0.5553 0.1052 0.1921 0.5931 0.7058 0.7599 0.6114 0.4947
233 234 235 0.5723 0.4161 0.6145 0.4632 0.6141 0.9725 0.2061 0.7956
234 235 236 0.0812 0.9948 0.6272 0.7709 0.2372 0.8429 0.3567 0.0180
235 236 237 0.7974 0.7113 0.9964 0.8595 0.4440 0.9263 0.0135 0.6023
236 237 238 0.3165 0.7973 0.0008 0.1479 0.2673 0.6313 0.1495 0.9169
237 238 239 0.9587 0.9019 0.3448 0.2377 0.2937 0.8957 0.3401 0.1402
238 239 240 0.7900 0.1084 0.8537 0.3979 0.4726 0.6533 0.3692 0.0308
239 240 241 0.6897 0.1649 0.2704 0.6810 0.4771 0.1712 0.0304 0.2225
240 241 242 0.2712 0.0055 0.4885 0.5322 0.6731 0.2108 0.1281 0.3789
241 242 243 0.0536 0.1861 0.1972 0.0429 0.2182 0.6258 0.2548 0.7643
242 243 244 0.3581 0.6710 0.8483 0.3664 0.4083 0.9924 0.8203 0.1637
243 244 245 0.2365 0.0224 0.5100 0.7064 0.2667 0.1213 0.2046 0.4058
244 245 246 0.3477 0.3104 0.7966 0.1760 0.0574 0.4678 0.4982 0.8574
245 246 247 0.4895 0.8938 0.5774 0.3974 0.6282 0.2450 0.9708 0.0330
246 247 248 0.1113 0.3087 0.7617 0.2219 0.2099 0.4552 0.3878 0.4337
247 248 249 0.1231 0.2560 0.8011 0.3374 0.7742 0.6885 0.0451 0.1097
248 249 250 0.4358 0.5701 0.4879 0.3559 0.5826 0.4044 0.0192 0.3457
249 250 251 0.6281 0.1339 0.8440 0.7258 0.7570 0.4588 0.5958 0.0987
250 251 252 0.2873 0.3318 0.2880 0.9278 0.4285 0.0864 0.3354 0.3106
251 252 253 0.2261 0.2177 0.9676 0.7858 0.3595 0.7575 0.6210 0.7448
252 253 254 0.9247 0.9599 0.6036 0.5831 0.6347 0.4640 0.5989 0.6047
253 254 255 0.3507 0.8382 0.3901 0.9868 0.9567 0.7016 0.4048 0.1391
254 255 256 0.6081 0.0506 0.1536 0.3193 0.1379 0.1119 0.7535 0.6564
255 256 257 0.3962 0.6470 0.3867 0.9961 0.2446 0.5584 0.1664 0.6570
256 257 258 0.4306 0.6116 0.3072 0.3941 0.7519 0.3393 0.8057 0.4653
257 258 259 0.7724 0.4160 0.2690 0.2684 0.1184 0.5221 0.1032 0.7429
258 259 260 0.3071 0.0969 0.5185 0.1840 0.7972 0.6786 0.9176 0.9246
259 260 261 0.9768 0.4842 0.1379 0.8906 0.4584 0.3365 0.9315 0.6495
260 261 262 0.6066 0.4795 0.1630 0.8035 0.5925 0.3680 0.0136 0.7316
261 262 263 0.5579 0.2810 0.9386 0.4848 0.6303 0.6134 0.3320 0.4884
262 263 264 0.4657 0.5779 0.0366 0.7892 0.4058 0.5760 0.3359 0.7128
263 264 265 0.0723 0.7804 0.7090 0.3920 0.3342 0.6207 0.0097 0.9588
264 265 266 0.2932 0.4181 0.6543 0.2643 0.9934 0.9559 0.2062 0.1990
265 266 267 0.0067 0.0451 0.4465 0.3183 0.9604 0.4437 0.5421 0.3977
266 267 268 0.5812 0.7334 0.5209 0.0922 0.9774 0.3347 0.7936 0.8953
267 268 269 0.8083 0.6886 0.8380 0.7022 0.1805 0.7050 0.0146 0.3630
268 269 270 0.6150 0.8306 0.2688 0.2499 0.8309 0.4853 0.4080 0.8631
269 270 271 0.4925 0.0196 0.0645 0.0584 0.4821 0.3385 0.1348 0.4632
270 271 272 0.8599 0.0769 0.6959 0.2303 0.4564 0.9334 0.3568 0.6756
271 272 273 0.4966 0.7828 0.9298 0.4439 0.4396 0.2286 0.6168 0.1398
272 273 274 0.4656 0.9244 0.7982 0.8063 0.7989 0.8260 0.9544 0.2836
273 274 275 0.4514 0.7542 0.8130 0.0860 0.8517 0.4535 0.6042 0.9961
274 275 276 0.2806 0.8379 0.9463 0.3140 0.8023 0.8782 0.0995 0.6568
275 276 277 0.1536 0.8759 0.9663 0.2224 0.1731 0.5528 0.4101 0.6161
276 277 278 0.5848 0.7679 0.5055 0.6724 0.6027 0.9497 0.6445 0.2178
277 278 000 0.4694 0.8342 0.6586 0.8951 0.8897 0.7485 0.6184 0.8266
278 000 001 0.2010 0.5807 0.5931 0.7436 0.4345 0.6426 0.1474 0.6048
