279 155682 3 279
000 001 002 0.5157 0.0228 0.9969 0.7944 0.7298 0.5043 0.2864 0.3599
001 002 003 0.6240 0.4731 0.5513 0.4093 0.3055 0.7215 0.6291 0.4367
002 003 004 0.0816 0.8847 0.2442 0.9602 0.4133 0.5421 0.2015 0.6559
003 004 005 0.7834 0.2454 0.4956 0.3595 0.2236 0.1537 0.9564 0.3662
004 005 006 0.6920 0.4975 0.8184 0.4175 0.7867 0.2108 0.0069 0.7023
005 006 007 0.9028 0.1079 0.2983 0.6991 0.4516 0.2766 0.1508 0.9511
006 007 008 0.3259 0.5187 0.4524 0.7999 0.6358 0.9228 0.2451 0.3607
007 008 009 0.6286 0.1909 0.7281 0.0108 0.5290 0.0630 0.0177 0.2320
008 009 010 0.1720 0.0980 0.0346 0.3506 0.9636 0.0767 0.8264 0.8880
009 010 011 0.2873 0.0683 0.8041 0.2272 0.8175 0.4612 0.5948 0.2969
010 011 012 0.1806 0.8138 0.6124 0.3170 0.1121 0.1544 0.8337 0.8133
011 012 013 0.6658 0.5776 0.7556 0.3407 0.8207 0.1971 0.8540 0.4260
012 013 014 0.1325 0.8060 0.3304 0.0370 0.7752 0.2699 0.1978 0.6419
013 014 015 0.6598 0.3384 0.4696 0.0737 0.6127 0.3625 0.1157 0.6940
014 015 016 0.3932 0.7026 0.8302 0.9931 0.5557 0.0916 0.7113 0.8218
015 016 017 0.8896 0.4143 0.7302 0.2063 0.1482 0.4614 0.5613 0.1144
016 017 018 0.5294 0.3102 0.4963 0.4954 0.3291 0.7691 0.0874 0.4063
017 018 019 0.4543 0.3595 0.9851 0.3326 0.3924 0.9106 0.9313 0.5934
018 019 020 0.7138 0.4560 0.8236 0.6459 0.7571 0.6688 0.5879 0.6361
019 020 021 0.4936 0.3969 0.3609 0.4064 0.9836 0.3722 0.6730 0.7335
020 021 022 0.5558 0.8188 0.9621 0.0273 0.4793 0.3814 0.1931 0.8256
021 022 023 0.1817 0.1054 0.5274 0.7335 0.1840 0.4521 0.5029 0.5943
022 023 024 0.4982 0.0361 0.1228 0.0323 0.3054 0.1974 0.7528 0.9871
023 024 025 0.5421 0.8085 0.1347 0.4519 0.8440 0.5686 0.6773 0.9124
024 025 026 0.8699 0.2175 0.8338 0.5930 0.4513 0.4764 0.4279 0.3312
025 026 027 0.2789 0.8075 0.2412 0.5027 0.7750 0.5251 0.6851 0.1973
026 027 028 0.9169 0.7269 0.8688 0.5029 0.9267 0.2125 0.5586 0.5979
027 028 029 0.3073 0.9072 0.5311 0.9012 0.2240 0.6924 0.1610 0.5720
028 029 030 0.1922 0.2327 0.3288 0.7856 0.0913 0.7860 0.5022 0.3107
029 030 031 0.1797 0.7112 0.7700 0.1955 0.6205 0.1158 0.8955 0.5020
030 031 032 0.0596 0.1512 0.6427 0.7092 0.1909 0.3442 0.0310 0.0593
031 032 033 0.7684 0.8645 0.7745 0.8425 0.9267 0.8962 0.5163 0.4210
032 033 034 0.2596 0.1409 0.3297 0.6836 0.7659 0.6932 0.6271 0.1181
033 034 035 0.8502 0.8402 0.5183 0.6557 0.8920 0.4966 0.7050 0.5251
034 035 036 0.3569 0.5293 0.8332 0.2657 0.4414 0.6057 0.1762 0.9220
035 036 037 0.9065 0.8043 0.0140 0.2421 0.1590 0.9654 0.7434 0.5956
036 037 038 0.7799 0.5532 0.2364 0.2808 0.9554 0.0168 0.0025 0.8738
037 038 039 0.8654 0.0432 0.2888 0.1604 0.3902 0.6228 0.2596 0.7808
038 039 040 0.9023 0.7056 0.7874 0.6701 0.4225 0.0133 0.7576 0.7114
039 040 041 0.7840 0.5778 0.5673 0.9852 0.4715 0.9738 0.9306 0.8250
040 041 042 0.7909 0.8877 0.8471 0.4831 0.8155 0.0382 0.7739 0.2479
041 042 043 0.6003 0.6167 0.7930 0.2064 0.1138 0.0920 0.3198 0.6837
042 043 044 0.4936 0.3969 0.5673 0.8075 0.0997 0.5639 0.5797 0.7621
043 044 045 0.4218 0.0346 0.3038 0.2418 0.2052 0.7458 0.7766 0.2214
044 045 046 0.3477 0.1203 0.0481 0.6284 0.8278 0.0473 0.3005 0.0565
045 046 047 0.4739 0.8637 0.2251 0.6152 0.9531 0.5381 0.1575 0.5853
046 047 048 0.3246 0.7335 0.5567 0.5815 0.4292 0.1687 0.8031 0.6738
047 048 049 0.3747 0.0150 0.6166 0.0985 0.2129 0.7435 0.3765 0.2403
048 049 050 0.8237 0.1971 0.1500 0.2302 0.8604 0.6867 0.6679 0.9073
049 050 051 0.4642 0.3580 0.6791 0.6397 0.8009 0.6316 0.2529 0.5473
050 051 052 0.3292 0.3561 0.1413 0.2850 0.3297 0.5335 0.4251 0.6995
051 052 053 0.3437 0.3238 0.8547 0.5806 0.9382 0.1002 0.2248 0.0617
052 053 054 0.9264 0.5475 0.1266 0.2195 0.0935 0.3327 0.9007 0.4607
053 054 055 0.6230 0.0256 0.4505 0.7493 0.7392 0.9010 0.0682 0.3997
054 055 056 0.6525 0.7138 0.7468 0.5265 0.0159 0.9406 0.9973 0.3920
055 056 057 0.1951 0.5469 0.9964 0.3232 0.5205 0.0742 0.6808 0.8147
056 057 058 0.8761 0.0679 0.8712 0.7438 0.2256 0.0677 0.5467 0.2212
057 058 059 0.7296 0.4401 0.4100 0.6297 0.7212 0.0264 0.6996 0.9295
058 059 060 0.5394 0.0821 0.4958 0.6927 0.9687 0.4019 0.0924 0.7495
059 060 061 0.0019 0.4060 0.8817 0.2646 0.2064 0.4550 0.4436 0.7160
060 061 062 0.8748 0.7080 0.8194 0.5527 0.4206 0.8644 0.1078 0.1782
061 062 063 0.7206 0.8427 0.3888 0.1507 0.8555 0.9281 0.1606 0.2149
062 063 064 0.8134 0.5835 0.3565 0.8249 0.9726 0.5873 0.1023 0.1581
063 064 065 0.7747 0.7803 0.3561 0.0446 0.3252 0.3256 0.7592 0.7667
064 065 066 0.2400 0.5063 0.3374 0.4797 0.6651 0.6842 0.2215 0.8909
065 066 067 0.9067 0.2448 0.3730 0.7690 0.5783 0.2499 0.9876 0.6803
066 067 068 0.6937 0.9137 0.2178 0.2527 0.9750 0.3811 0.1602 0.6981
067 068 069 0.4621 0.9707 0.1976 0.9352 0.2750 0.5592 0.0863 0.0865
068 069 070 0.2769 0.5687 0.1636 0.3410 0.1455 0.9986 0.8234 0.6488
069 070 071 0.4201 0.6065 0.4795 0.8130 0.2220 0.3322 0.3781 0.5877
070 071 072 0.3273 0.9631 0.1670 0.4696 0.9714 0.8541 0.8923 0.2645
071 072 073 0.6410 0.4956 0.4802 0.6610 0.8249 0.0801 0.9860 0.9745
072 073 074 0.1612 0.8776 0.7655 0.9943 0.2230 0.6492 0.9950 0.2212
073 074 075 0.3607 0.2275 0.1361 0.7324 0.1488 0.5941 0.1469 0.3078
074 075 076 0.5843 0.4376 0.9579 0.6728 0.8102 0.7505 0.7143 0.9797
075 076 077 0.3328 0.7817 0.6660 0.5609 0.3931 0.5070 0.4578 0.1333
076 077 078 0.4511 0.2634 0.7583 0.3887 0.6836 0.0846 0.8397 0.3662
077 078 079 0.5637 0.6405 0.8911 0.1419 0.4939 0.0486 0.5399 0.5608
078 079 080 0.7005 0.3637 0.5526 0.5916 0.0639 0.8816 0.7943 0.5143
079 080 081 0.5696 0.6844 0.7279 0.8271 0.4859 0.6756 0.3536 0.1367
080 081 082 0.6301 0.7111 0.4784 0.7405 0.5195 0.8037 0.0243 0.6758
081 082 083 0.2866 0.4896 0.4220 0.1677 0.7891 0.3549 0.0985 0.9418
082 083 084 0.0902 0.1823 0.3806 0.1692 0.2154 0.1871 0.9117 0.3557
083 084 085 0.1499 0.8831 0.8094 0.7460 0.3005 0.9517 0.0851 0.6927
084 085 086 0.7960 0.3894 0.2066 0.9903 0.4022 0.4475 0.6537 0.1804
085 086 087 0.8489 0.3237 0.5198 0.5200 0.2159 0.5162 0.7313 0.8861
086 087 088 0.5739 0.5432 0.1063 0.6966 0.1849 0.6584 0.1107 0.4859
087 088 089 0.8961 0.5487 0.6389 0.7838 0.9292 0.9318 0.6700 0.2165
088 089 090 0.0643 0.3580 0.5341 0.5408 0.9799 0.9731 0.1261 0.1210
089 090 091 0.6626 0.4763 0.0167 0.2406 0.4011 0.1543 0.3631 0.7421
090 091 092 0.4385 0.6717 0.0570 0.2529 0.4065 0.8589 0.9549 0.9894
091 092 093 0.0267 0.6510 0.8022 0.5921 0.5541 0.6465 0.8715 0.9069
092 093 094 0.2701 0.5549 0.3920 0.4956 0.3193 0.0726 0.2310 0.3484
093 094 095 0.4085 0.6966 0.7432 0.3396 0.7808 0.7918 0.2132 0.4538
094 095 096 0.3761 0.1633 0.7580 0.3173 0.5687 0.4334 0.8192 0.9708
095 096 097 0.4261 0.9223 0.9403 0.7312 0.4311 0.4184 0.5514 0.9302
096 097 098 0.8616 0.7424 0.8482 0.3833 0.2725 0.3741 0.1784 0.3142
097 098 099 0.1635 0.2924 0.0030 0.0202 0.7529 0.7230 0.3531 0.5733
098 099 100 0.6079 0.3828 0.0073 0.2257 0.0534 0.1123 0.3756 0.0498
099 100 101 0.5750 0.4960 0.7579 0.6677 0.3828 0.6730 0.4691 0.8576
100 101 102 0.2746 0.7399 0.7416 0.8108 0.4398 0.7168 0.9959 0.8064
101 102 103 0.8270 0.0887 0.7634 0.7594 0.7668 0.8159 0.8038 0.8772
102 103 104 0.9516 0.2881 0.6987 0.4966 0.3373 0.8277 0.0493 0.7487
103 104 105 0.8879 0.6006 0.3412 0.7529 0.9640 0.6560 0.1828 0.2369
104 105 106 0.0247 0.1032 0.7585 0.5502 0.4622 0.3344 0.2294 0.2469
105 106 107 0.0140 0.9121 0.8250 0.5049 0.0946 0.3500 0.0759 0.0633
106 107 108 0.4859 0.2196 0.9408 0.7084 0.7191 0.6850 0.2074 0.8060
107 108 109 0.1991 0.9715 0.3158 0.7011 0.8568 0.7083 0.4093 0.8177
108 109 110 0.6912 0.3346 0.1637 0.7798 0.8941 0.8357 0.9751 0.1863
109 110 111 0.6375 0.9337 0.6191 0.9071 0.5195 0.7571 0.0255 0.0848
110 111 112 0.9182 0.9430 0.8887 0.4981 0.0452 0.2899 0.2800 0.9236
111 112 113 0.4752 0.3149 0.9708 0.5973 0.3181 0.0524 0.4363 0.6031
112 113 114 0.5302 0.5975 0.0343 0.7421 0.0671 0.8977 0.7013 0.0725
113 114 115 0.5749 0.3192 0.6880 0.6036 0.0483 0.4897 0.9520 0.5437
114 115 116 0.8026 0.1607 0.4560 0.4288 0.0305 0.3597 0.8168 0.5108
115 116 117 0.7959 0.6325 0.7608 0.5278 0.2411 0.3845 0.0301 0.7199
116 117 118 0.2434 0.4938 0.1987 0.0777 0.8367 0.5610 0.6705 0.7809
117 118 119 0.0801 0.9783 0.3364 0.5478 0.1883 0.9952 0.0327 0.9354
118 119 120 0.7732 0.8917 0.4827 0.7164 0.3908 0.1270 0.3254 0.6370
119 120 121 0.5554 0.7074 0.9304 0.8454 0.2314 0.3613 0.4110 0.5494
120 121 122 0.6457 0.3706 0.7985 0.1577 0.4647 0.6553 0.1926 0.5894
121 122 123 0.2408 0.9307 0.4116 0.5086 0.8563 0.7463 0.7588 0.1074
122 123 124 0.1480 0.7886 0.8699 0.6228 0.8281 0.3554 0.3682 0.0764
123 124 125 0.7609 0.4168 0.4338 0.5601 0.3119 0.7460 0.9117 0.5351
124 125 126 0.3880 0.7704 0.5634 0.5902 0.2948 0.0338 0.8252 0.7584
125 126 127 0.1932 0.4078 0.7081 0.3439 0.3586 0.1340 0.7305 0.9510
126 127 128 0.6662 0.9134 0.7467 0.4783 0.9798 0.1634 0.1004 0.3519
127 128 129 0.4387 0.9958 0.8023 0.7128 0.7818 0.9861 0.2663 0.6181
128 129 130 0.2438 0.7748 0.0353 0.3164 0.4131 0.6819 0.0620 0.7743
129 130 131 0.1870 0.4425 0.7810 0.1452 0.9966 0.6579 0.9287 0.4981
130 131 132 0.6034 0.1655 0.1576 0.0037 0.4423 0.0928 0.1380 0.9088
131 132 133 0.4985 0.1419 0.8743 0.0563 0.5823 0.3329 0.0187 0.9298
132 133 134 0.5870 0.8132 0.6380 0.5983 0.8165 0.4214 0.0407 0.2169
133 134 135 0.4524 0.1042 0.5216 0.4850 0.6589 0.4085 0.3364 0.0888
134 135 136 0.6344 0.5053 0.0874 0.6357 0.7599 0.3984 0.2794 0.2778
135 136 137 0.5868 0.1555 0.6706 0.5122 0.2540 0.8631 0.0613 0.4552
136 137 138 0.9663 0.9695 0.2721 0.3322 0.4156 0.4889 0.8136 0.6116
137 138 139 0.7651 0.6192 0.9133 0.2837 0.0327 0.9812 0.2000 0.5839
138 139 140 0.6485 0.3105 0.1198 0.4517 0.9624 0.7731 0.7672 0.2326
139 140 141 0.4691 0.9667 0.5967 0.5205 0.2608 0.6954 0.2746 0.5574
140 141 142 0.0302 0.8113 0.2315 0.6316 0.4533 0.3438 0.9052 0.5571
141 142 143 0.0611 0.7537 0.1142 0.6304 0.9063 0.2520 0.7684 0.5664
142 143 144 0.7184 0.9118 0.9879 0.2544 0.0655 0.0487 0.9715 0.5676
143 144 145 0.5606 0.3717 0.9715 0.3856 0.3672 0.0873 0.1462 0.8789
144 145 146 0.4593 0.4750 0.1120 0.7802 0.2479 0.3632 0.8875 0.0045
145 146 147 0.8984 0.6248 0.6695 0.1683 0.8824 0.4506 0.5511 0.5503
146 147 148 0.1027 0.3682 0.9531 0.4354 0.2233 0.2117 0.4409 0.1376
147 148 149 0.2725 0.1918 0.9790 0.4864 0.6479 0.6479 0.2582 0.9959
148 149 150 0.8107 0.1258 0.8336 0.2292 0.4267 0.8909 0.2018 0.5885
149 150 151 0.6004 0.7665 0.4259 0.2097 0.6302 0.4517 0.4734 0.1099
150 151 152 0.1607 0.7905 0.4427 0.4927 0.0753 0.9839 0.2009 0.2238
151 152 153 0.5926 0.0447 0.8978 0.7472 0.1854 0.8317 0.2936 0.6363
152 153 154 0.1652 0.6535 0.4757 0.2955 0.1829 0.3834 0.8786 0.4474
153 154 155 0.5170 0.0880 0.7466 0.4429 0.7553 0.7872 0.5540 0.0399
154 155 156 0.4805 0.8768 0.5841 0.5895 0.2682 0.8506 0.7781 0.2348
155 156 157 0.6513 0.2566 0.8658 0.6572 0.0858 0.0267 0.4224 0.1279
156 157 158 0.1875 0.7711 0.0246 0.1065 0.7560 0.7346 0.5525 0.8329
157 158 159 0.6335 0.2069 0.8596 0.9396 0.3803 0.7899 0.8787 0.7488
158 159 160 0.9305 0.7181 0.4576 0.7629 0.1471 0.3848 0.5817 0.0692
159 160 161 0.2151 0.8775 0.3757 0.1678 0.8227 0.6877 0.9291 0.6908
160 161 162 0.7445 0.9191 0.5570 0.9495 0.8038 0.1839 0.5401 0.3935
161 162 163 0.6993 0.5945 0.3545 0.4957 0.2881 0.9021 0.8848 0.2346
162 163 164 0.8383 0.5085 0.1610 0.1556 0.8776 0.6923 0.7523 0.7624
163 164 165 0.9372 0.4497 0.1808 0.1863 0.6044 0.6025 0.1541 0.4881
164 165 166 0.4969 0.6257 0.8054 0.1619 0.4264 0.5284 0.5090 0.2343
165 166 167 0.8383 0.0320 0.2856 0.7526 0.2101 0.9902 0.9709 0.9799
166 167 168 0.5922 0.7552 0.5623 0.8638 0.3354 0.8166 0.1659 0.7456
167 168 169 0.0097 0.9702 0.7588 0.5633 0.5646 0.7665 0.7652 0.5136
168 169 170 0.9534 0.6083 0.5723 0.2396 0.8457 0.7598 0.8032 0.0069
169 170 171 0.4148 0.0474 0.9355 0.9065 0.6914 0.8670 0.1942 0.1603
170 171 172 0.3441 0.8025 0.2383 0.3489 0.4981 0.1379 0.7104 0.0347
171 172 173 0.9037 0.7680 0.6113 0.8139 0.6424 0.7878 0.1919 0.3395
172 173 174 0.3902 0.4945 0.8886 0.6946 0.1641 0.9011 0.2864 0.0481
173 174 175 0.6416 0.1235 0.8733 0.6751 0.2176 0.1104 0.1051 0.4706
174 175 176 0.2488 0.4951 0.5965 0.1739 0.8377 0.7926 0.9484 0.6306
175 176 177 0.2739 0.0048 0.9771 0.6673 0.1746 0.7745 0.8856 0.3128
176 177 178 0.5694 0.1924 0.0711 0.7616 0.2969 0.4797 0.3138 0.6480
177 178 179 0.7543 0.6126 0.2782 0.9889 0.1965 0.6152 0.9367 0.3758
178 179 180 0.2497 0.2213 0.0474 0.4411 0.4752 0.2988 0.0427 0.7889
179 180 181 0.7540 0.6194 0.0844 0.3713 0.0191 0.2001 0.5088 0.9722
180 181 182 0.6409 0.7136 0.5367 0.2645 0.9439 0.8537 0.2312 0.7091
181 182 183 0.6314 0.8095 0.3010 0.4350 0.8997 0.9811 0.3759 0.1942
182 183 184 0.2801 0.7070 0.4026 0.1728 0.3774 0.2405 0.2374 0.2648
183 184 185 0.5447 0.4148 0.8415 0.2466 0.2954 0.7010 0.9369 0.4878
184 185 186 0.7740 0.6141 0.6764 0.2389 0.8289 0.4394 0.0494 0.5184
185 186 187 0.7914 0.2337 0.9169 0.6520 0.4030 0.9184 0.4478 0.8452
186 187 188 0.7958 0.9276 0.7874 0.4565 0.2538 0.2950 0.7316 0.7059
187 188 189 0.7581 0.4082 0.8390 0.3192 0.7205 0.4980 0.1265 0.5007
188 189 190 0.4763 0.9781 0.8956 0.2046 0.1953 0.0942 0.7304 0.1305
189 190 191 0.2794 0.3374 0.0382 0.6146 0.1838 0.2308 0.0737 0.6295
190 191 192 0.3676 0.9170 0.6639 0.5105 0.4986 0.6609 0.5577 0.4615
191 192 193 0.9653 0.7293 0.4812 0.1057 0.4452 0.1848 0.8923 0.2298
192 193 194 0.9707 0.9533 0.4356 0.0719 0.1973 0.2472 0.0989 0.7669
193 194 195 0.4695 0.0023 0.5955 0.5365 0.5861 0.2619 0.3197 0.4632
194 195 196 0.4501 0.4675 0.6716 0.0858 0.6980 0.5857 0.9707 0.9840
195 196 197 0.0028 0.2116 0.8876 0.9173 0.2620 0.1157 0.4336 0.7973
196 197 198 0.5442 0.1822 0.5545 0.9664 0.1158 0.2785 0.6868 0.8582
197 198 199 0.9574 0.3371 0.1748 0.5803 0.4383 0.4191 0.3579 0.2259
198 199 200 0.3699 0.8817 0.7971 0.2936 0.3777 0.2189 0.8962 0.9054
199 200 201 0.8344 0.4556 0.5577 0.3736 0.5935 0.9712 0.9167 0.0923
200 201 202 0.5466 0.8593 0.3593 0.2303 0.4883 0.2964 0.8157 0.9957
201 202 203 0.8547 0.3294 0.1631 0.3053 0.0347 0.8670 0.4163 0.6452
202 203 204 0.4946 0.7868 0.0093 0.8268 0.6107 0.9391 0.8561 0.5212
203 204 205 0.3070 0.4318 0.1524 0.6032 0.4163 0.4900 0.6263 0.8513
204 205 206 0.7557 0.0764 0.4788 0.3077 0.8554 0.3625 0.2193 0.3840
205 206 207 0.8165 0.0864 0.7296 0.3068 0.6357 0.3798 0.8778 0.3063
206 207 208 0.3926 0.9520 0.0823 0.8496 0.7145 0.8871 0.5487 0.2541
207 208 209 0.2563 0.4118 0.5657 0.3172 0.8513 0.7545 0.1896 0.4717
208 209 210 0.2933 0.1991 0.9317 0.8759 0.1344 0.3145 0.5991 0.1360
209 210 211 0.1853 0.9354 0.5079 0.9503 0.1443 0.8888 0.7675 0.6487
210 211 212 0.1414 0.2671 0.8522 0.9278 0.5086 0.9581 0.4018 0.5651
211 212 213 0.7868 0.6730 0.6493 0.5760 0.5159 0.6151 0.4093 0.8877
212 213 214 0.5215 0.7390 0.6307 0.4237 0.7346 0.4918 0.7213 0.9358
213 214 215 0.3446 0.6157 0.7167 0.2313 0.7865 0.2489 0.9751 0.6721
214 215 216 0.6783 0.1732 0.8273 0.9442 0.8511 0.8568 0.6163 0.6279
215 216 217 0.5617 0.7536 0.1253 0.7273 0.8801 0.4061 0.7873 0.0948
216 217 218 0.0825 0.1367 0.2143 0.6171 0.6430 0.2688 0.9593 0.8267
217 218 219 0.1246 0.2638 0.7624 0.6343 0.7892 0.3122 0.6515 0.5093
218 219 220 0.0966 0.7874 0.7094 0.1721 0.3489 0.4718 0.2447 0.5145
219 220 221 0.5286 0.8886 0.5974 0.6834 0.7126 0.1545 0.2563 0.5138
220 221 222 0.9477 0.2970 0.9276 0.6123 0.2608 0.6683 0.3849 0.1111
221 222 223 0.7524 0.3048 0.8495 0.0248 0.6499 0.8664 0.4013 0.5954
222 223 224 0.6694 0.1232 0.4525 0.4965 0.2809 0.7763 0.9594 0.2898
223 224 225 0.6370 0.6688 0.4517 0.6811 0.1371 0.7204 0.9754 0.0165
224 225 226 0.2329 0.0239 0.0170 0.5232 0.6266 0.5027 0.1578 0.5372
225 226 227 0.2360 0.8213 0.6720 0.6059 0.4526 0.1147 0.5546 0.4723
226 227 228 0.9105 0.7822 0.3629 0.0111 0.4857 0.8416 0.1947 0.2887
227 228 229 0.1086 0.3411 0.5949 0.2261 0.5204 0.1069 0.9337 0.4992
228 229 230 0.3370 0.3352 0.5446 0.9575 0.5312 0.4191 0.6129 0.1471
229 230 231 0.8416 0.7618 0.5778 0.6932 0.0480 0.9038 0.7938 0.2459
230 231 232 0.7137 0.6862 0.0308 0.5482 0.5841 0.6991 0.4394 0.6377
231 232 233 0.1549 0.4592 0.1852 0.6462 0.1856 0.2678 0.3173 0.0553
232 233 234 0.3727 0.4786 0.5106 0.0063 0.4774 0.1950 0.2579 0.7356
233 234 235 0.7757 0.4638 0.6458 0.5966 0.8694 0.6916 0.9595 0.7107
234 235 236 0.6134 0.0940 0.0543 0.1840 0.9809 0.2777 0.0447 0.3382
235 236 237 0.6595 0.0366 0.9526 0.1815 0.5338 0.1944 0.0720 0.2641
236 237 238 0.5224 0.9899 0.2536 0.4884 0.2614 0.7767 0.7301 0.7771
237 238 239 0.3358 0.9269 0.2761 0.0158 0.2605 0.1867 0.3812 0.0539
238 239 240 0.5722 0.1537 0.7831 0.8862 0.3488 0.8047 0.5956 0.6113
239 240 241 0.9955 0.7993 0.9981 0.4899 0.5265 0.9179 0.4842 0.1836
240 241 242 0.4960 0.3047 0.4633 0.4640 0.6842 0.3586 0.3749 0.6320
241 242 243 0.0752 0.1697 0.4140 0.2348 0.1015 0.4716 0.1838 0.9471
242 243 244 0.1241 0.1899 0.5537 0.3950 0.5030 0.1978 0.6896 0.6604
243 244 245 0.8956 0.8029 0.3982 0.5256 0.7409 0.1639 0.0177 0.5072
244 245 246 0.4209 0.1976 0.6152 0.5346 0.7623 0.7938 0.0485 0.9949
245 246 247 0.0151 0.4924 0.5522 0.4128 0.6791 0.6009 0.0217 0.1519
246 247 248 0.3936 0.3257 0.4649 0.7459 0.3465 0.7039 0.3487 0.7704
247 248 249 0.2424 0.0294 0.3204 0.0104 0.6843 0.4450 0.4954 0.1540
248 249 250 0.9789 0.8755 0.7095 0.2425 0.9059 0.1399 0.7492 0.1592
249 250 251 0.3109 0.4629 0.5782 0.1470 0.2302 0.6804 0.2085 0.8676
250 251 252 0.9901 0.6407 0.8080 0.5010 0.7120 0.7862 0.7362 0.2356
251 252 253 0.4569 0.5141 0.1017 0.4524 0.1830 0.6975 0.8779 0.2289
252 253 254 0.7308 0.1243 0.6411 0.8952 0.0746 0.4808 0.9611 0.1068
253 254 255 0.6231 0.6171 0.6103 0.1244 0.2707 0.1422 0.0536 0.7006
254 255 256 0.3271 0.1877 0.1085 0.6103 0.1175 0.1332 0.2159 0.9374
255 256 257 0.5004 0.9703 0.9508 0.7216 0.8633 0.5012 0.0198 0.3656
256 257 258 0.4743 0.6207 0.1480 0.6526 0.2799 0.5504 0.0916 0.7505
257 258 259 0.4687 0.3059 0.6171 0.3058 0.3309 0.6885 0.1035 0.4204
258 259 260 0.0847 0.2963 0.7688 0.5517 0.3192 0.8169 0.7463 0.4051
259 260 261 0.1547 0.9656 0.3674 0.6990 0.1632 0.2919 0.0257 0.7224
260 261 262 0.1268 0.2639 0.5541 0.0747 0.5400 0.2042 0.6655 0.2771
261 262 263 0.3163 0.7013 0.7280 0.7118 0.0118 0.0308 0.5169 0.1513
262 263 264 0.6179 0.7812 0.3614 0.9205 0.5754 0.7466 0.9320 0.0098
263 264 265 0.3405 0.6617 0.0759 0.0937 0.8964 0.4814 0.5645 0.4412
264 265 266 0.3019 0.4561 0.3887 0.8551 0.5867 0.7462 0.5956 0.7761
265 266 267 0.2048 0.3182 0.8291 0.4596 0.2923 0.2212 0.5684 0.3268
266 267 268 0.2348 0.8558 0.5537 0.2139 0.2234 0.7724 0.1757 0.5286
267 268 269 0.3687 0.5225 0.0754 0.7305 0.0905 0.5959 0.6992 0.6529
268 269 270 0.5484 0.7385 0.0518 0.5602 0.6851 0.8731 0.2684 0.5361
269 270 271 0.0864 0.1563 0.2595 0.6184 0.0018 0.6013 0.2806 0.2074
270 271 272 0.6135 0.8529 0.3881 0.4691 0.3918 0.3341 0.9567 0.9362
271 272 273 0.4223 0.1204 0.6913 0.7061 0.1263 0.2819 0.3896 0.3916
272 273 274 0.7473 0.4771 0.6569 0.2460 0.0009 0.2377 0.8227 0.4785
273 274 275 0.3354 0.3056 0.7072 0.1836 0.5554 0.3033 0.3329 0.4721
274 275 276 0.6813 0.9931 0.3704 0.2378 0.9969 0.0954 0.9071 0.5653
275 276 277 0.8778 0.2264 0.7188 0.3751 0.5578 0.6118 0.5479 0.3629
276 277 278 0.4594 0.8009 0.5371 0.9481 0.6284 0.6824 0.0440 0.6334
277 278 000 0.7608 0.8663 0.6671 0.2825 0.9152 0.4612 0.8670 0.9084
278 000 001 0.6445 0.0766 0.3398 0.8242 0.8189 0.9624 0.4752 0.6305
