279 155682 3 279
000 001 002 0.3066 0.9050 0.0557 0.9151 0.7490 0.5018 0.1054 0.0347
001 002 003 0.7308 0.5430 0.4675 0.5119 0.2073 0.0355 0.2893 0.5190
002 003 004 0.0647 0.4293 0.2791 0.4090 0.2223 0.5112 0.4232 0.9310
003 004 005 0.3973 0.6145 0.0997 0.1774 0.2371 0.9428 0.6610 0.3542
004 005 006 0.0114 0.1662 0.1972 0.3146 0.4446 0.3769 0.5626 0.8898
005 006 007 0.3394 0.2037 0.1979 0.3189 0.5035 0.3251 0.3593 0.9968
006 007 008 0.0815 0.4795 0.6376 0.9624 0.1310 0.7096 0.4072 0.3487
007 008 009 0.5960 0.1601 0.7579 0.3082 0.0818 0.4575 0.4755 0.4556
008 009 010 0.8278 0.3517 0.2919 0.6300 0.2575 0.0110 0.5127 0.3584
009 010 011 0.6492 0.4947 0.9656 0.5086 0.4341 0.5445 0.3118 0.8550
010 011 012 0.2551 0.4343 0.8260 0.9933 0.1909 0.4460 0.0657 0.3482
011 012 013 0.3669 0.6817 0.8621 0.9781 0.9939 0.3441 0.8928 0.7524
012 013 014 0.0444 0.2283 0.0853 0.4864 0.4197 0.6339 0.0075 0.5929
013 014 015 0.8511 0.4871 0.4605 0.5514 0.6882 0.5929 0.4131 0.2347
014 015 016 0.1420 0.7323 0.2021 0.7948 0.8064 0.4282 0.8273 0.6131
015 016 017 0.7713 0.8962 0.6795 0.3706 0.3084 0.7765 0.6718 0.3323
016 017 018 0.4437 0.4524 0.4684 0.1791 0.2575 0.1147 0.9489 0.0557
017 018 019 0.3259 0.0227 0.3367 0.7978 0.8293 0.7227 0.2152 0.1848
018 019 020 0.7108 0.0540 0.8739 0.0147 0.9819 0.9231 0.9500 0.1203
019 020 021 0.6400 0.1299 0.3652 0.5069 0.9597 0.2443 0.3981 0.6814
020 021 022 0.2849 0.8672 0.6627 0.6790 0.5950 0.5450 0.4591 0.9967
021 022 023 0.5151 0.7967 0.7403 0.2734 0.4745 0.8860 0.4189 0.9992
022 023 024 0.6436 0.0255 0.5377 0.6993 0.6519 0.9780 0.5982 0.7586
023 024 025 0.3368 0.8063 0.4385 0.0206 0.2936 0.7104 0.3733 0.0465
024 025 026 0.4455 0.5919 0.3061 0.7361 0.9064 0.2395 0.2732 0.4935
025 026 027 0.9546 0.8009 0.5941 0.5271 0.7976 0.4932 0.7840 0.8526
026 027 028 0.3051 0.1110 0.8353 0.4036 0.0602 0.3860 0.0091 0.6182
027 028 029 0.8771 0.0978 0.4279 0.5118 0.0687 0.4166 0.4908 0.2027
028 029 030 0.0248 0.9574 0.7179 0.0623 0.1478 0.4381 0.5744 0.7441
029 030 031 0.5943 0.4230 0.4285 0.1336 0.2942 0.0399 0.3460 0.3473
030 031 032 0.9731 0.3251 0.0003 0.2426 0.1062 0.5319 0.0147 0.1405
031 032 033 0.8841 0.4737 0.7647 0.4605 0.0787 0.7824 0.0309 0.9236
032 033 034 0.6369 0.7856 0.1072 0.1787 0.8877 0.5463 0.8957 0.3357
033 034 035 0.2192 0.5785 0.0127 0.3692 0.2483 0.2676 0.8550 0.5860
034 035 036 0.5579 0.0427 0.2873 0.5894 0.7719 0.8811 0.9971 0.1058
035 036 037 0.3790 0.6785 0.7826 0.8761 0.5621 0.9102 0.1650 0.2096
036 037 038 0.5406 0.8735 0.3797 0.2254 0.3156 0.8957 0.6608 0.5645
037 038 039 0.6210 0.3796 0.7472 0.2090 0.6978 0.3871 0.0219 0.5293
038 039 040 0.8882 0.6988 0.1984 0.4264 0.9581 0.9089 0.6462 0.5871
039 040 041 0.7259 0.3165 0.3527 0.3010 0.7366 0.4214 0.9755 0.1421
040 041 042 0.9878 0.7576 0.4627 0.3025 0.0896 0.2651 0.7045 0.3350
041 042 043 0.6508 0.8145 0.0065 0.5580 0.1316 0.1319 0.5581 0.8533
042 043 044 0.9015 0.4062 0.9303 0.4734 0.3558 0.3951 0.1532 0.4774
043 044 045 0.0351 0.8021 0.7317 0.6159 0.2166 0.6318 0.6832 0.0131
044 045 046 0.2825 0.9994 0.2574 0.3379 0.1621 0.2951 0.4291 0.0960
045 046 047 0.7210 0.7774 0.0428 0.8669 0.6739 0.3090 0.8821 0.9502
046 047 048 0.1035 0.2369 0.9795 0.0566 0.3891 0.6511 0.9739 0.3578
047 048 049 0.3277 0.0173 0.5513 0.7956 0.6188 0.2253 0.4716 0.7681
048 049 050 0.1239 0.6785 0.5010 0.4978 0.9373 0.7258 0.3715 0.7606
049 050 051 0.4592 0.1276 0.5251 0.6945 0.0289 0.6420 0.0968 0.9221
050 051 052 0.0516 0.2046 0.5591 0.5447 0.8985 0.7561 0.3183 0.2454
051 052 053 0.8981 0.0553 0.0867 0.0792 0.0549 0.7615 0.5725 0.1852
052 053 054 0.7566 0.6051 0.7216 0.9461 0.6548 0.8643 0.7920 0.8343
053 054 055 0.8179 0.8428 0.4391 0.1983 0.7194 0.8913 0.4367 0.0394
054 055 056 0.6623 0.1837 0.7927 0.2616 0.2615 0.4606 0.8253 0.8899
055 056 057 0.6410 0.1857 0.9803 0.9424 0.3437 0.7336 0.3866 0.4681
056 057 058 0.5149 0.3620 0.9114 0.4117 0.3498 0.8291 0.9905 0.6129
057 058 059 0.1728 0.1325 0.7456 0.9337 0.6566 0.3240 0.2794 0.3140
058 059 060 0.5475 0.7834 0.1900 0.2581 0.2364 0.0187 0.3692 0.2432
059 060 061 0.4994 0.5474 0.9022 0.7734 0.8168 0.7937 0.5892 0.8647
060 061 062 0.7442 0.2744 0.2862 0.8138 0.3844 0.4330 0.2330 0.8177
061 062 063 0.9292 0.8093 0.1240 0.0181 0.3711 0.1526 0.3623 0.1466
062 063 064 0.3509 0.0281 0.6130 0.5015 0.3251 0.2976 0.0063 0.7172
063 064 065 0.2646 0.3725 0.3181 0.9462 0.3640 0.7315 0.0373 0.1287
064 065 066 0.2198 0.5664 0.9300 0.0845 0.0810 0.4722 0.4476 0.4280
065 066 067 0.7234 0.0736 0.7721 0.5189 0.2039 0.1903 0.6537 0.4440
066 067 068 0.0561 0.5490 0.4561 0.5828 0.3954 0.4661 0.4255 0.6368
067 068 069 0.4795 0.5956 0.4767 0.2308 0.8924 0.0458 0.3108 0.7070
068 069 070 0.1449 0.7683 0.1561 0.9502 0.9747 0.1460 0.9969 0.9922
069 070 071 0.5639 0.0614 0.7237 0.3375 0.5955 0.9134 0.8731 0.9039
070 071 072 0.8672 0.8122 0.1585 0.7166 0.4315 0.0616 0.4789 0.2844
071 072 073 0.5455 0.3309 0.4144 0.8863 0.6461 0.7382 0.9521 0.1306
072 073 074 0.6140 0.7375 0.3240 0.7262 0.8438 0.3292 0.4023 0.6640
073 074 075 0.2183 0.3139 0.5163 0.7456 0.5200 0.5585 0.0041 0.0745
074 075 076 0.4501 0.0579 0.2829 0.3728 0.4007 0.3237 0.9849 0.3018
075 076 077 0.7245 0.3223 0.1623 0.8872 0.6218 0.4005 0.4900 0.7589
076 077 078 0.0679 0.2490 0.2503 0.3428 0.8092 0.3066 0.5919 0.2931
077 078 079 0.9554 0.5783 0.1914 0.5796 0.9708 0.6690 0.3239 0.7259
078 079 080 0.0172 0.8122 0.4601 0.8949 0.7862 0.1843 0.2397 0.9558
079 080 081 0.9046 0.6112 0.9451 0.4273 0.6038 0.3134 0.6604 0.9091
080 081 082 0.5366 0.5055 0.1530 0.5904 0.7744 0.2974 0.6281 0.4426
081 082 083 0.3167 0.5213 0.4930 0.7014 0.6348 0.3373 0.3543 0.7320
082 083 084 0.3654 0.6698 0.6470 0.5462 0.1796 0.1516 0.7554 0.7651
083 084 085 0.5711 0.9742 0.5714 0.0306 0.6705 0.5341 0.1109 0.4181
084 085 086 0.4391 0.8475 0.2382 0.3579 0.8375 0.6028 0.3616 0.6898
085 086 087 0.0634 0.0652 0.0640 0.7013 0.1913 0.1495 0.2780 0.7847
086 087 088 0.0298 0.4897 0.6439 0.2354 0.5159 0.5191 0.9709 0.5700
087 088 089 0.9844 0.7900 0.7873 0.6435 0.7627 0.7251 0.2926 0.4265
088 089 090 0.0898 0.4063 0.0233 0.9213 0.3611 0.0998 0.9167 0.4011
089 090 091 0.7704 0.1909 0.9654 0.7522 0.1806 0.1253 0.0775 0.0892
090 091 092 0.3746 0.7289 0.4432 0.1666 0.3888 0.2247 0.4906 0.9196
091 092 093 0.7619 0.6024 0.1203 0.3895 0.2411 0.4613 0.2160 0.3249
092 093 094 0.6156 0.0056 0.1362 0.0582 0.9334 0.4420 0.0792 0.6119
093 094 095 0.2502 0.4430 0.5720 0.6843 0.9525 0.4180 0.2114 0.0127
094 095 096 0.8171 0.8219 0.9284 0.0540 0.0259 0.1852 0.6478 0.0258
095 096 097 0.7429 0.8948 0.3985 0.0510 0.7104 0.2305 0.4939 0.6334
096 097 098 0.2183 0.1920 0.7001 0.8545 0.2384 0.8012 0.0856 0.9412
097 098 099 0.1813 0.5439 0.7635 0.8701 0.5319 0.8902 0.2710 0.7447
098 099 100 0.6819 0.1727 0.2926 0.5661 0.5493 0.8841 0.4993 0.4070
099 100 101 0.8329 0.9932 0.8181 0.1023 0.2899 0.7852 0.1956 0.8323
100 101 102 0.7595 0.4560 0.9545 0.0536 0.4421 0.8358 0.7669 0.5243
101 102 103 0.6438 0.7120 0.7556 0.3168 0.5239 0.4135 0.3480 0.5167
102 103 104 0.2027 0.3419 0.0449 0.7943 0.0475 0.5296 0.0140 0.4726
103 104 105 0.7815 0.0829 0.6036 0.2299 0.4259 0.0358 0.3794 0.4116
104 105 106 0.9665 0.7303 0.1042 0.0138 0.8801 0.5164 0.2776 0.4407
105 106 107 0.8785 0.0276 0.8024 0.6051 0.5726 0.0435 0.5992 0.2699
106 107 108 0.7779 0.2844 0.7612 0.2409 0.8755 0.8302 0.9926 0.6264
107 108 109 0.6660 0.3983 0.5473 0.3118 0.9370 0.6258 0.7452 0.9000
108 109 110 0.9278 0.9321 0.1922 0.0428 0.7545 0.0317 0.1632 0.2145
109 110 111 0.0512 0.7377 0.3674 0.5771 0.6513 0.9188 0.2410 0.9023
110 111 112 0.6159 0.8171 0.0316 0.3414 0.1455 0.0208 0.2071 0.3773
111 112 113 0.6059 0.6748 0.9521 0.2151 0.6888 0.1261 0.9165 0.7607
112 113 114 0.9814 0.2590 0.9695 0.8975 0.4850 0.3760 0.6822 0.0765
113 114 115 0.9314 0.5888 0.0335 0.2403 0.4029 0.6310 0.0887 0.8688
114 115 116 0.9135 0.5297 0.8203 0.3310 0.1621 0.2740 0.1716 0.1943
115 116 117 0.2743 0.9562 0.6263 0.3662 0.0333 0.1484 0.7586 0.1206
116 117 118 0.4320 0.5594 0.9184 0.3699 0.2392 0.6732 0.5245 0.2112
117 118 119 0.1977 0.1574 0.3612 0.1643 0.6205 0.8575 0.7658 0.4530
118 119 120 0.2868 0.7071 0.9481 0.8309 0.2499 0.6576 0.6943 0.6942
119 120 121 0.0318 0.4881 0.2858 0.0638 0.0412 0.2305 0.9835 0.5862
120 121 122 0.7667 0.6888 0.8552 0.4917 0.7581 0.7618 0.8839 0.9214
121 122 123 0.4940 0.4613 0.6222 0.3236 0.9987 0.9496 0.4992 0.9313
122 123 124 0.7145 0.5834 0.7076 0.9199 0.8169 0.5183 0.7464 0.4533
123 124 125 0.2273 0.1603 0.0044 0.4734 0.1105 0.3117 0.5491 0.9983
124 125 126 0.9274 0.7859 0.3637 0.9235 0.4763 0.4808 0.4183 0.0576
125 126 127 0.6897 0.9292 0.2603 0.4131 0.2651 0.5637 0.9669 0.4060
126 127 128 0.8049 0.4963 0.6896 0.7189 0.5382 0.8885 0.0546 0.0713
127 128 129 0.6636 0.6786 0.5184 0.3188 0.1374 0.4466 0.1409 0.7683
128 129 130 0.2993 0.5184 0.1975 0.0808 0.1420 0.5190 0.6608 0.7263
129 130 131 0.3998 0.0977 0.3255 0.8656 0.1848 0.9863 0.7216 0.8268
130 131 132 0.4381 0.9201 0.4849 0.0988 0.3911 0.9629 0.7522 0.8354
131 132 133 0.8747 0.2910 0.9074 0.2816 0.9242 0.2866 0.1310 0.8843
132 133 134 0.3749 0.4444 0.9797 0.0196 0.2078 0.5322 0.8473 0.2916
133 134 135 0.7396 0.9455 0.3083 0.2885 0.0103 0.2407 0.0482 0.2708
134 135 136 0.6547 0.1650 0.5575 0.2869 0.3899 0.8718 0.7418 0.6026
135 136 137 0.8575 0.3876 0.8804 0.1857 0.3378 0.7071 0.3028 0.1716
136 137 138 0.6159 0.4765 0.8501 0.1004 0.2173 0.9688 0.7065 0.0272
137 138 139 0.3553 0.9654 0.6644 0.7293 0.4415 0.6308 0.0165 0.4464
138 139 140 0.8651 0.7554 0.3240 0.5812 0.7768 0.1401 0.6891 0.2327
139 140 141 0.7684 0.0615 0.3397 0.9949 0.3915 0.2807 0.0937 0.5567
140 141 142 0.5531 0.7867 0.8516 0.1854 0.3581 0.6130 0.2213 0.3301
141 142 143 0.4704 0.4772 0.1663 0.8849 0.7746 0.2705 0.6083 0.8416
142 143 144 0.3671 0.2460 0.8143 0.5345 0.7465 0.4524 0.8312 0.6460
143 144 145 0.6799 0.2118 0.7064 0.0414 0.8886 0.3056 0.4249 0.2542
144 145 146 0.5765 0.3074 0.3719 0.0828 0.9317 0.6135 0.9195 0.7946
145 146 147 0.3504 0.2354 0.4925 0.9059 0.2611 0.3957 0.0077 0.9171
146 147 148 0.2036 0.3497 0.8370 0.6126 0.3325 0.1374 0.3543 0.9591
147 148 149 0.8762 0.0449 0.9476 0.9356 0.9482 0.6637 0.8109 0.8294
148 149 150 0.0388 0.1525 0.0817 0.1139 0.1060 0.1127 0.5725 0.4963
149 150 151 0.4630 0.8482 0.7980 0.0958 0.3074 0.2546 0.7750 0.3736
150 151 152 0.2474 0.8856 0.0594 0.8985 0.6183 0.7463 0.0733 0.4948
151 152 153 0.5995 0.1155 0.1070 0.0663 0.6943 0.5247 0.3013 0.9144
152 153 154 0.7326 0.4262 0.6109 0.4429 0.6442 0.4427 0.9452 0.0015
153 154 155 0.6281 0.5203 0.3941 0.1092 0.8187 0.2839 0.7153 0.3349
154 155 156 0.8246 0.8076 0.3436 0.3417 0.7119 0.5845 0.8663 0.0894
155 156 157 0.2088 0.1507 0.4129 0.4235 0.8473 0.1478 0.9285 0.6614
156 157 158 0.9568 0.3298 0.7133 0.0719 0.2269 0.1185 0.0105 0.5428
157 158 159 0.4394 0.5885 0.8510 0.2665 0.3023 0.0422 0.2868 0.6858
158 159 160 0.2239 0.6867 0.7417 0.8691 0.8512 0.4426 0.9292 0.4348
159 160 161 0.8044 0.5926 0.4364 0.5571 0.7559 0.2606 0.4201 0.8811
160 161 162 0.6011 0.3329 0.6939 0.8798 0.0175 0.5382 0.1243 0.5784
161 162 163 0.9591 0.2906 0.0286 0.8738 0.8725 0.3458 0.3929 0.1253
162 163 164 0.7686 0.6941 0.9894 0.6962 0.8767 0.1064 0.0867 0.6836
163 164 165 0.8968 0.2054 0.2484 0.8909 0.6145 0.8113 0.7492 0.5524
164 165 166 0.3368 0.6427 0.1592 0.9073 0.8350 0.8945 0.1545 0.2587
165 166 167 0.6894 0.9372 0.7948 0.5050 0.5510 0.4354 0.5083 0.4030
166 167 168 0.9368 0.1774 0.1153 0.7976 0.1133 0.4468 0.3112 0.5983
167 168 169 0.6815 0.3097 0.9118 0.0212 0.6532 0.5441 0.4053 0.5204
168 169 170 0.4832 0.2156 0.2840 0.3998 0.1511 0.0259 0.9447 0.6233
169 170 171 0.0097 0.8876 0.0207 0.6885 0.4508 0.2669 0.9374 0.7149
170 171 172 0.9832 0.8049 0.3624 0.2955 0.4482 0.5988 0.6098 0.0744
171 172 173 0.5963 0.6983 0.6739 0.3880 0.9070 0.7052 0.0191 0.5639
172 173 174 0.8152 0.0517 0.4879 0.7606 0.2698 0.6502 0.2194 0.4675
173 174 175 0.7460 0.8553 0.7054 0.4772 0.4231 0.9802 0.0824 0.1499
174 175 176 0.7810 0.2691 0.1857 0.1970 0.5218 0.6737 0.2403 0.6156
175 176 177 0.2789 0.4096 0.9330 0.9310 0.5937 0.9250 0.0705 0.7373
176 177 178 0.3011 0.6796 0.4304 0.3003 0.1288 0.3513 0.4558 0.1613
177 178 179 0.0852 0.4494 0.6662 0.0754 0.7310 0.0212 0.5248 0.1368
178 179 180 0.9531 0.0815 0.1522 0.2625 0.1188 0.9621 0.7850 0.4227
179 180 181 0.7671 0.7930 0.2242 0.2585 0.8837 0.5948 0.6400 0.6106
180 181 182 0.2156 0.9132 0.5177 0.8137 0.2986 0.7442 0.6192 0.2914
181 182 183 0.4894 0.4122 0.4414 0.9873 0.7503 0.9211 0.6052 0.3011
182 183 184 0.2135 0.5019 0.8152 0.3877 0.9595 0.3053 0.7949 0.3394
183 184 185 0.1286 0.8103 0.1465 0.2429 0.6164 0.6999 0.7036 0.3459
184 185 186 0.1174 0.5351 0.1799 0.0934 0.7695 0.0976 0.5087 0.0707
185 186 187 0.0334 0.8582 0.2953 0.3050 0.7418 0.1602 0.4044 0.8574
186 187 188 0.0179 0.9960 0.7884 0.0986 0.4718 0.7432 0.1435 0.2644
187 188 189 0.5268 0.3360 0.3535 0.1082 0.4754 0.9422 0.3842 0.0264
188 189 190 0.1042 0.5471 0.5535 0.1325 0.2981 0.4289 0.5675 0.0887
189 190 191 0.1674 0.9604 0.4104 0.7492 0.7160 0.7530 0.2453 0.0653
190 191 192 0.3783 0.5035 0.1126 0.1179 0.0294 0.6910 0.7518 0.8536
191 192 193 0.0595 0.4433 0.6660 0.9006 0.8564 0.3991 0.5782 0.0663
192 193 194 0.9059 0.7429 0.8818 0.5521 0.0699 0.8642 0.2673 0.8074
193 194 195 0.8150 0.9230 0.6651 0.4524 0.9891 0.6481 0.0625 0.0342
194 195 196 0.0574 0.4463 0.2774 0.9433 0.9009 0.2509 0.3448 0.4239
195 196 197 0.9718 0.9418 0.4640 0.0584 0.0732 0.3669 0.8994 0.4904
196 197 198 0.4605 0.5863 0.7917 0.4501 0.8521 0.1144 0.6787 0.9867
197 198 199 0.7742 0.3281 0.5503 0.0698 0.1296 0.9443 0.9832 0.8771
198 199 200 0.3790 1.0000 0.5800 0.7879 0.1982 0.3471 0.1959 0.1141
199 200 201 0.9141 0.1978 0.9464 0.4721 0.1484 0.0535 0.0166 0.0234
200 201 202 0.8858 0.6071 0.7322 0.9252 0.7716 0.3937 0.6306 0.6549
201 202 203 0.1152 0.0480 0.8969 0.8879 0.9974 0.9555 0.6014 0.4732
202 203 204 0.5760 0.9500 0.4211 0.1171 0.2359 0.2332 0.0564 0.3124
203 204 205 0.0659 0.9417 0.2800 0.8719 0.6998 0.2703 0.2379 0.9026
204 205 206 0.6560 0.0820 0.2738 0.1433 0.4289 0.1848 0.9737 0.1975
205 206 207 0.7521 0.2372 0.9160 0.3224 0.5698 0.2324 0.9106 0.4584
206 207 208 0.3529 0.4567 0.3293 0.7524 0.6449 0.9678 0.7146 0.9231
207 208 209 0.2774 0.6771 0.5414 0.1435 0.9501 0.6868 0.2780 0.7534
208 209 210 0.3800 0.8913 0.6006 0.8952 0.5350 0.0670 0.5421 0.4025
209 210 211 0.2109 0.9930 0.6855 0.3361 0.3943 0.9873 0.1936 0.3274
210 211 212 0.5816 0.1224 0.8108 0.5592 0.0257 0.3545 0.2197 0.3821
211 212 213 0.8171 0.5669 0.7383 0.6864 0.8056 0.7342 0.8807 0.2569
212 213 214 0.6135 0.1018 0.4790 0.6829 0.5884 0.7115 0.2498 0.7707
213 214 215 0.0156 0.6835 0.9251 0.3634 0.0117 0.8976 0.8615 0.1498
214 215 216 0.6911 0.0217 0.9473 0.1224 0.2739 0.8449 0.3834 0.8037
215 216 217 0.4983 0.6930 0.1756 0.9016 0.8905 0.4673 0.7385 0.1340
216 217 218 0.7729 0.0014 0.3336 0.0219 0.7323 0.2777 0.3648 0.0991
217 218 219 0.3914 0.4611 0.8917 0.7596 0.2989 0.9645 0.0183 0.6184
218 219 220 0.5309 0.8467 0.2174 0.0286 0.7934 0.3116 0.9933 0.8373
219 220 221 0.2055 0.9489 0.2919 0.5870 0.2504 0.2681 0.0379 0.8337
220 221 222 0.0455 0.0630 0.4037 0.2045 0.4581 0.4205 0.9202 0.5106
221 222 223 0.7227 0.9580 0.5924 0.8103 0.9594 0.5762 0.2926 0.9746
222 223 224 0.7928 0.7310 0.2609 0.4387 0.6485 0.9103 0.3890 0.5212
223 224 225 0.1997 0.8514 0.1082 0.3044 0.9184 0.9546 0.0591 0.3613
224 225 226 0.6996 0.1331 0.3157 0.9369 0.6300 0.8083 0.6296 0.3784
225 226 227 0.9122 0.7482 0.5760 0.0200 0.9563 0.2090 0.8192 0.2435
226 227 228 0.1800 0.9376 0.8233 0.1446 0.9154 0.9942 0.8308 0.1757
227 228 229 0.1988 0.4700 0.8942 0.7314 0.8850 0.8549 0.4799 0.1921
228 229 230 0.3173 0.8627 0.2589 0.4358 0.8190 0.6034 0.6812 0.5637
229 230 231 0.7511 0.4706 0.1944 0.5101 0.9042 0.4502 0.2281 0.3221
230 231 232 0.2244 0.3729 0.2628 0.6722 0.3626 0.3366 0.3003 0.2339
231 232 233 0.4773 0.3144 0.3400 0.5707 0.6162 0.5626 0.5433 0.4502
232 233 234 0.1429 0.1458 0.1207 0.7660 0.2185 0.7600 0.4700 0.1024
233 234 235 0.1048 0.4900 0.1404 0.4871 0.3053 0.7294 0.8294 0.4071
234 235 236 0.2032 0.3372 0.6638 0.4398 0.6509 0.6640 0.0890 0.4678
235 236 237 0.4827 0.1049 0.6621 0.9606 0.3569 0.2672 0.2864 0.4566
236 237 238 0.2733 0.2108 0.9596 0.0527 0.3507 0.2548 0.8303 0.8898
237 238 239 0.1648 0.1166 0.6953 0.2607 0.0124 0.3513 0.1818 0.7849
238 239 240 0.5759 0.2778 0.3892 0.5566 0.5355 0.3789 0.4728 0.7790
239 240 241 0.4584 0.4645 0.8594 0.0486 0.6265 0.5983 0.2158 0.6476
240 241 242 0.8746 0.0188 0.5524 0.9473 0.8329 0.2597 0.8609 0.2813
241 242 243 0.7280 0.7404 0.0169 0.9023 0.8016 0.2034 0.1755 0.5677
242 243 244 0.5774 0.5015 0.2822 0.9790 0.7336 0.7271 0.1810 0.6737
243 244 245 0.8228 0.1260 0.6362 0.8922 0.0757 0.1969 0.5412 0.3045
244 245 246 0.9830 0.2728 0.8089 0.3521 0.6619 0.5171 0.0303 0.0367
245 246 247 0.8363 0.7580 0.2015 0.1511 0.7376 0.8392 0.2104 0.1877
246 247 248 0.7280 0.0547 0.5009 0.4240 0.7777 0.4372 0.1037 0.5822
247 248 249 0.3985 0.9283 0.2779 0.9813 0.2581 0.8498 0.5181 0.7618
248 249 250 0.6732 0.6718 0.8330 0.4580 0.3868 0.7597 0.5942 0.8862
249 250 251 0.6860 0.3796 0.7769 0.5437 0.8839 0.1736 0.0150 0.3280
250 251 252 0.0646 0.7612 0.8641 0.8991 0.3182 0.1642 0.1451 0.4790
251 252 253 0.6303 0.4954 0.3722 0.0323 0.6277 0.3942 0.2507 0.9572
252 253 254 0.2425 0.5791 0.1574 0.5314 0.8054 0.5595 0.8889 0.9192
253 254 255 0.4095 0.4888 0.1311 0.4738 0.9775 0.2276 0.8359 0.9175
254 255 256 0.7106 0.0341 0.1621 0.3605 0.1481 0.4298 0.1517 0.0979
255 256 257 0.8893 0.8086 0.2367 0.0602 0.3908 0.7691 0.9850 0.2093
256 257 258 0.1122 0.5247 0.2779 0.4588 0.7690 0.3325 0.4195 0.4605
257 258 259 0.0330 0.9463 0.5762 0.1769 0.7119 0.0791 0.9294 0.1009
258 259 260 0.0171 0.6827 0.3842 0.3248 0.4786 0.7426 0.3995 0.1100
259 260 261 0.4546 0.7151 0.2828 0.2110 0.8843 0.6166 0.6598 0.9179
260 261 262 0.0925 0.9419 0.2576 0.7265 0.5155 0.5657 0.8299 0.5030
261 262 263 0.8062 0.2006 0.9608 0.4055 0.4245 0.8583 0.3694 0.5629
262 263 264 0.3786 0.6830 0.2087 0.7300 0.0135 0.9810 0.7519 0.2924
263 264 265 0.8399 0.2860 0.9381 0.5435 0.1710 0.3517 0.5631 0.0670
264 265 266 0.4137 0.7520 0.9581 0.2126 0.2608 0.8427 0.6576 0.1948
265 266 267 0.3722 0.1758 0.8204 0.4908 0.1375 0.0528 0.8576 0.0798
266 267 268 0.1750 0.5602 0.5961 0.7739 0.6762 0.4373 0.4334 0.1332
267 268 269 0.3994 0.8980 0.2078 0.5085 0.9945 0.9736 0.6279 0.1253
268 269 270 0.6656 0.1977 0.4291 0.3117 0.4864 0.6198 0.7761 0.4728
269 270 271 0.8060 0.6340 0.8491 0.8842 0.5496 0.7940 0.0954 0.5706
270 271 272 0.9955 0.9314 0.2665 0.4427 0.9184 0.2425 0.7309 0.8763
271 272 273 0.3622 0.1236 0.9727 0.4313 0.3013 0.1168 0.8161 0.8847
272 273 274 0.7586 0.6336 0.7748 0.6869 0.9041 0.3321 0.3676 0.8629
273 274 275 0.5775 0.4720 0.9378 0.3619 0.5889 0.4426 0.0214 0.3373
274 275 276 0.0958 0.2021 0.4003 0.7767 0.4677 0.3400 0.1732 0.6617
275 276 277 0.4347 0.7379 0.0236 0.9192 0.2175 0.4215 0.9244 0.8275
276 277 278 0.8254 0.4231 0.4600 0.0363 0.4670 0.1666 0.4994 0.6183
277 278 000 0.9715 0.5670 0.3431 0.4667 0.7765 0.6747 0.8160 0.7620
278 000 001 0.9168 0.2512 0.4935 0.6431 0.4308 0.7739 0.8377 0.1613
