279 155682 3 279
000 001 002 0.0735 0.2340 0.2450 0.7785 0.4153 0.3784 0.0205 0.3749
001 002 003 0.2601 0.3810 0.0637 0.5710 0.4673 0.8387 0.0923 0.4198
002 003 004 0.1668 0.3174 0.3630 0.6130 0.3650 0.1500 0.2380 0.8935
003 004 005 0.2545 0.1428 0.9767 0.3139 0.9526 0.0934 0.1307 0.6247
004 005 006 0.5597 0.4233 0.9403 0.5931 0.4757 0.7092 0.6776 0.7058
005 006 007 0.0570 0.7225 0.2656 0.2731 0.6928 0.3490 0.4072 0.7035
006 007 008 0.1087 0.5928 0.3874 0.5476 0.7460 0.5389 0.1070 0.4976
007 008 009 0.6039 0.7408 0.0199 0.2812 0.2055 0.1743 0.5192 0.4414
008 009 010 0.4123 0.3895 0.8849 0.6655 0.2516 0.7844 0.5533 0.1297
009 010 011 0.3697 0.3083 0.1008 0.3701 0.3592 0.2361 0.0628 0.1348
010 011 012 0.0533 0.0581 0.5433 0.4144 0.6603 0.5320 0.9714 0.5430
011 012 013 0.3254 0.0734 0.9746 0.2061 0.9140 0.5491 0.1727 0.3830
012 013 014 0.2362 0.6474 0.9023 0.5438 0.2051 0.9215 0.7230 0.5567
013 014 015 0.0351 0.2736 0.8194 0.9583 0.8394 0.7625 0.8254 0.5053
014 015 016 0.0117 0.0217 0.6473 0.9557 0.3170 0.4546 0.7010 0.9294
015 016 017 0.5982 0.4926 0.0874 0.8894 0.7708 0.7139 0.2544 0.3827
016 017 018 0.2068 0.7896 0.5276 0.2148 0.3890 0.8049 0.3679 0.7090
017 018 019 0.4979 0.0177 0.6861 0.1595 0.5297 0.4098 0.9682 0.9141
018 019 020 0.1585 0.7279 0.3012 0.1022 0.0973 0.1899 0.8863 0.3625
019 020 021 0.6668 0.8350 0.3755 0.9863 0.2871 0.2542 0.8131 0.5573
020 021 022 0.8372 0.6954 0.6855 0.1931 0.9867 0.3755 0.0394 0.2246
021 022 023 0.3045 0.2558 0.3050 0.5297 0.5019 0.5417 0.2230 0.7705
022 023 024 0.1403 0.0568 0.2710 0.7670 0.2333 0.3411 0.4972 0.4748
023 024 025 0.7014 0.8144 0.5842 0.8658 0.6377 0.1981 0.1991 0.1672
024 025 026 0.6331 0.8823 0.3683 0.8195 0.0068 0.6168 0.8997 0.7690
025 026 027 0.9624 0.1760 0.1590 0.6278 0.0120 0.2214 0.4262 0.9521
026 027 028 0.2085 0.8430 0.9804 0.1350 0.3953 0.2098 0.3381 0.0068
027 028 029 0.5659 0.4568 0.4163 0.0010 0.2881 0.1623 0.8611 0.5921
028 029 030 0.9933 0.8598 0.2511 0.4800 0.0035 0.3921 0.8372 0.1583
029 030 031 0.3468 0.4261 0.4945 0.0064 0.7202 0.1468 0.0655 0.4050
030 031 032 0.9558 0.5392 0.0900 0.1020 0.3953 0.4953 0.6761 0.4923
031 032 033 0.2666 0.6419 0.6716 0.8227 0.3409 0.0589 0.8705 0.4411
032 033 034 0.2220 0.7545 0.1333 0.6787 0.5902 0.1481 0.5117 0.3590
033 034 035 0.7841 0.6344 0.2823 0.6930 0.0602 0.8858 0.8155 0.3437
034 035 036 0.4308 0.3770 0.4064 0.8349 0.9800 0.2750 0.3414 0.3125
035 036 037 0.0277 0.6169 0.9178 0.7063 0.6586 0.0033 0.7020 0.6797
036 037 038 0.7051 0.0354 0.7598 0.4239 0.3790 0.5283 0.7270 0.1112
037 038 039 0.6401 0.5204 0.5427 0.1566 0.6610 0.2912 0.2125 0.9398
038 039 040 0.5920 0.7484 0.0540 0.3686 0.0391 0.9313 0.0361 0.9749
039 040 041 0.6549 0.5987 0.7280 0.4914 0.0171 0.4498 0.6013 0.6981
040 041 042 0.9132 0.1209 0.2250 0.4711 0.2659 0.9646 0.6775 0.2410
041 042 043 0.0338 0.7474 0.6284 0.3267 0.7246 0.2749 0.6451 0.9796
042 043 044 0.0101 0.2558 0.9726 0.8582 0.3086 0.3502 0.5707 0.8669
043 044 045 0.3435 0.6129 0.4517 0.7737 0.2675 0.7350 0.6140 0.2849
044 045 046 0.9266 0.0411 0.0464 0.5449 0.8219 0.5171 0.3492 0.6168
045 046 047 0.7815 0.2806 0.0482 0.3919 0.8000 0.2399 0.1686 0.5991
046 047 048 0.3365 0.5939 0.2916 0.2011 0.7945 0.9625 0.0828 0.2749
047 048 049 0.5283 0.5738 0.7770 0.8616 0.9079 0.7797 0.6516 0.6067
048 049 050 0.4436 0.2058 0.5984 0.0457 0.6877 0.7370 0.7958 0.1571
049 050 051 0.9867 0.1760 0.4408 0.3047 0.6155 0.2628 0.1903 0.6418
050 051 052 0.8636 0.6412 0.9850 0.1202 0.4822 0.5163 0.6294 0.7024
051 052 053 0.7372 0.5972 0.6415 0.4601 0.3483 0.2745 0.3698 0.2537
052 053 054 0.0429 0.1812 0.7988 0.0841 0.4661 0.9180 0.3748 0.9980
053 054 055 0.0878 0.0301 0.8094 0.4501 0.7984 0.2060 0.3412 0.6546
054 055 056 0.8102 0.0707 0.5539 0.6543 0.8161 0.6487 0.5617 0.8146
055 056 057 0.2333 0.7908 0.5965 0.2537 0.1753 0.2741 0.5628 0.2539
056 057 058 0.9085 0.5644 0.8020 0.9718 0.6358 0.3023 0.2922 0.5735
057 058 059 0.5712 0.1655 0.8366 0.5327 0.6943 0.5077 0.9502 0.3077
058 059 060 0.4090 0.3891 0.0836 0.1863 0.3234 0.0874 0.5589 0.2950
059 060 061 0.1224 0.6662 0.7219 0.6439 0.3104 0.5416 0.3983 0.6407
060 061 062 0.7945 0.9261 0.2514 0.2208 0.2655 0.6393 0.5931 0.9624
061 062 063 0.4550 0.1480 0.6215 0.4359 0.7111 0.5352 0.5899 0.7012
062 063 064 0.9149 0.9074 0.0186 0.5722 0.2029 0.1619 0.4162 0.8952
063 064 065 0.7364 0.4947 0.1525 0.6243 0.5418 0.2212 0.4746 0.3754
064 065 066 0.4093 0.8247 0.0027 0.8187 0.6681 0.0254 0.5348 0.5947
065 066 067 0.2629 0.0320 0.3975 0.5919 0.8054 0.2613 0.5477 0.2478
066 067 068 0.3449 0.3738 0.9065 0.4455 0.5582 0.6201 0.0139 0.1569
067 068 069 0.6591 0.5034 0.5048 0.3978 0.4179 0.8454 0.4547 0.9102
068 069 070 0.4597 0.2839 0.9094 0.0664 0.2616 0.1889 0.0230 0.0297
069 070 071 0.1860 0.1432 0.3766 0.0646 0.4073 0.2586 0.1239 0.8801
070 071 072 0.0633 0.7419 0.7859 0.0170 0.5025 0.8051 0.4146 0.5550
071 072 073 0.9341 0.7498 0.1083 0.3599 0.0886 0.3492 0.6684 0.4208
072 073 074 0.6641 0.9951 0.9164 0.2903 0.7231 0.9220 0.2640 0.6522
073 074 075 0.3452 0.6995 0.3129 0.7401 0.9519 0.4283 0.3193 0.9039
074 075 076 0.3545 0.9817 0.3629 0.5132 0.5124 0.0780 0.6151 0.0724
075 076 077 0.5552 0.8347 0.6526 0.7308 0.4108 0.7042 0.0641 0.2377
076 077 078 0.5681 0.2181 0.9762 0.0254 0.5879 0.9888 0.9781 0.8508
077 078 079 0.2842 0.4607 0.6232 0.2763 0.0201 0.2930 0.5574 0.7472
078 079 080 0.8992 0.5753 0.2878 0.0037 0.3323 0.7802 0.4461 0.6677
079 080 081 0.8387 0.9621 0.2590 0.1967 0.5576 0.1168 0.1483 0.5482
080 081 082 0.3283 0.8477 0.8439 0.9292 0.9494 0.2782 0.5151 0.0750
081 082 083 0.1074 0.4452 0.1815 0.4837 0.8537 0.5677 0.8072 0.4777
082 083 084 0.9587 0.9824 0.4462 0.9949 0.1113 0.5556 0.0347 0.1103
083 084 085 0.9170 0.9367 0.1349 0.8117 0.1256 0.0867 0.7874 0.6284
084 085 086 0.3903 0.9580 0.6966 0.6769 0.6289 0.0822 0.0664 0.9208
085 086 087 0.0636 0.4594 0.6121 0.2381 0.6079 0.1320 0.3740 0.0515
086 087 088 0.0725 0.1379 0.9381 0.5331 0.2080 0.3269 0.2552 0.4805
087 088 089 0.8165 0.8568 0.3793 0.4271 0.8884 0.4746 0.9179 0.5579
088 089 090 0.0653 0.4244 0.1153 0.7816 0.5279 0.6660 0.1323 0.5096
089 090 091 0.5640 0.7124 0.9949 0.1809 0.0549 0.2980 0.5324 0.1705
090 091 092 0.7141 0.7282 0.7235 0.1681 0.7549 0.5175 0.2089 0.8679
091 092 093 0.2092 0.2915 0.2838 0.8191 0.4013 0.7380 0.9508 0.8476
092 093 094 0.9711 0.2648 0.7835 0.5629 0.6064 0.7130 0.9479 0.7748
093 094 095 0.7528 0.9791 0.2340 0.0863 0.9746 0.0870 0.6090 0.6591
094 095 096 0.4341 0.0976 0.1871 0.5154 0.9285 0.5970 0.4801 0.9726
095 096 097 0.7981 0.4889 0.7981 0.0851 0.1999 0.6581 0.1088 0.4385
096 097 098 0.9019 0.4650 0.2433 0.4470 0.6250 0.7944 0.1634 0.6916
097 098 099 0.5810 0.2344 0.3966 0.1531 0.0274 0.6663 0.9670 0.9681
098 099 100 0.9267 0.5828 0.5818 0.3442 0.7097 0.0130 0.2944 0.3199
099 100 101 0.5836 0.5141 0.7169 0.4117 0.1275 0.5508 0.5735 0.8580
100 101 102 0.7176 0.3311 0.6679 0.0743 0.5498 0.9589 0.4844 0.4982
101 102 103 0.0426 0.3226 0.1627 0.1724 0.8361 0.7410 0.5292 0.7895
102 103 104 0.1737 0.1347 0.6659 0.4714 0.5031 0.0026 0.8663 0.1163
103 104 105 0.6761 0.3669 0.2827 0.8266 0.2914 0.5887 0.0621 0.2333
104 105 106 0.7894 0.6120 0.3265 0.2262 0.3090 0.2778 0.8040 0.2949
105 106 107 0.8434 0.9794 0.7778 0.8310 0.0390 0.1191 0.4433 0.8610
106 107 108 0.9200 0.8319 0.3652 0.7538 0.9161 0.7952 0.2406 0.6497
107 108 109 0.5250 0.9895 0.4960 0.6717 0.8604 0.3208 0.5211 0.5746
108 109 110 0.2207 0.5888 0.0674 0.1356 0.4044 0.0885 0.8338 0.7160
109 110 111 0.3776 0.6287 0.1655 0.9390 0.9074 0.0054 0.3319 0.7847
110 111 112 0.3967 0.8897 0.2095 0.7469 0.5337 0.5543 0.9306 0.5554
111 112 113 0.6488 0.7537 0.6342 0.4714 0.6136 0.3396 0.4546 0.8940
112 113 114 0.0670 0.6226 0.9175 0.9771 0.5117 0.3314 0.4171 0.4967
113 114 115 0.3283 0.5048 0.0028 0.7040 0.1217 0.9428 0.9918 0.8621
114 115 116 0.9556 0.6100 0.1945 0.6636 0.0005 0.9452 0.0473 0.1727
115 116 117 0.7275 0.7005 0.6341 0.6837 0.9316 0.5408 0.9589 0.1747
116 117 118 0.5143 0.8491 0.0276 0.8969 0.5035 0.1731 0.4042 0.3009
117 118 119 0.5458 0.8424 0.1442 0.6470 0.3015 0.8972 0.2640 0.6007
118 119 120 0.0824 0.7353 0.5254 0.6028 0.3376 0.1454 0.6554 0.6934
119 120 121 0.9460 0.3651 0.0261 0.0622 0.7458 0.9907 0.4478 0.7292
120 121 122 0.9881 0.7398 0.1379 0.0689 0.6905 0.4095 0.5348 0.8045
121 122 123 0.9616 0.1648 0.2448 0.4751 0.9130 0.6765 0.1680 0.5386
122 123 124 0.4866 0.4122 0.1460 0.5914 0.3748 0.0510 0.3017 0.1993
123 124 125 0.7673 0.1941 0.1468 0.6905 0.1761 0.6055 0.0380 0.6250
124 125 126 0.5517 0.3943 0.7520 0.9541 0.1031 0.9894 0.3225 0.2048
125 126 127 0.1191 0.6757 0.4085 0.4650 0.8856 0.1468 0.0472 0.8309
126 127 128 0.2843 0.0666 0.2291 0.6542 0.5952 0.6362 0.4773 0.5273
127 128 129 0.2474 0.8885 0.6703 0.4640 0.9121 0.7466 0.5856 0.7160
128 129 130 0.9484 0.2140 0.5466 0.1944 0.5240 0.9849 0.5078 0.0318
129 130 131 0.7912 0.6560 0.0462 0.2208 0.0839 0.0174 0.1701 0.1201
130 131 132 0.4855 0.8604 0.1190 0.5902 0.0246 0.8084 0.0419 0.2845
131 132 133 0.0656 0.8624 0.2765 0.9436 0.0884 0.5809 0.4587 0.9067
132 133 134 0.9288 0.5562 0.8855 0.4241 0.2200 0.6807 0.2783 0.9592
133 134 135 0.9166 0.4921 0.1781 0.8498 0.5920 0.0135 0.4215 0.1464
134 135 136 0.7137 0.9038 0.5565 0.3151 0.9933 0.6059 0.9855 0.3010
135 136 137 0.3875 0.0574 0.6472 0.1527 0.0030 0.6332 0.8544 0.4532
136 137 138 0.3974 0.6834 0.9401 0.6977 0.0151 0.6635 0.9379 0.1485
137 138 139 0.0233 0.6800 0.3305 0.9739 0.1411 0.5966 0.2867 0.5533
138 139 140 0.1045 0.4899 0.9747 0.9859 0.9996 0.7170 0.0922 0.1437
139 140 141 0.3136 0.8242 0.1560 0.7240 0.3916 0.3082 0.9407 0.9963
140 141 142 0.1884 0.6711 0.2266 0.1681 0.8888 0.7856 0.2479 0.1541
141 142 143 0.3384 0.4169 0.3507 0.1732 0.3301 0.3699 0.3186 0.5055
142 143 144 0.9598 0.9617 0.8957 0.4152 0.5277 0.5845 0.9157 0.5491
143 144 145 0.4453 0.6017 0.3146 0.0546 0.4009 0.5945 0.9566 0.6132
144 145 146 0.4286 0.2499 0.3082 0.3578 0.0308 0.2820 0.2406 0.6650
145 146 147 0.5830 0.7940 0.6890 0.9981 0.5685 0.7006 0.9796 0.0477
146 147 148 0.9338 0.4070 0.1352 0.0145 0.5712 0.3991 0.6968 0.7504
147 148 149 0.4222 0.5262 0.5626 0.8098 0.8906 0.4529 0.2836 0.7664
148 149 150 0.9811 0.7744 0.4327 0.1073 0.2257 0.1802 0.7210 0.1221
149 150 151 0.5538 0.5508 0.8819 0.9819 0.8477 0.0691 0.3035 0.7049
150 151 152 0.0467 0.8273 0.3128 0.6213 0.8823 0.3484 0.6883 0.6146
151 152 153 0.5285 0.9670 0.2744 0.4205 0.1304 0.7099 0.5416 0.8390
152 153 154 0.3316 0.5816 0.9774 0.6461 0.5403 0.4659 0.8191 0.0337
153 154 155 0.2147 0.4662 0.8339 0.5732 0.5034 0.0414 0.5558 0.3072
154 155 156 0.2215 0.6099 0.2714 0.7314 0.8722 0.1481 0.6213 0.9916
155 156 157 0.9538 0.0925 0.7675 0.1920 0.4923 0.1151 0.5440 0.5835
156 157 158 0.6568 0.5757 0.3628 0.3661 0.8070 0.4077 0.9253 0.0947
157 158 159 0.4463 0.4128 0.1614 0.4656 0.9396 0.2492 0.8432 0.6253
158 159 160 0.0567 0.3328 0.1923 0.5337 0.8329 0.4390 0.1808 0.1319
159 160 161 0.9249 0.2340 0.9860 0.5946 0.6662 0.1732 0.3682 0.0410
160 161 162 0.8879 0.7747 0.8892 0.7084 0.9102 0.0828 0.0044 0.2292
161 162 163 0.8061 0.4684 0.2433 0.7216 0.2280 0.4277 0.1433 0.2437
162 163 164 0.7356 0.8123 0.5951 0.9620 0.3102 0.9959 0.0859 0.0944
163 164 165 0.5916 0.0184 0.9822 0.3241 0.2232 0.3177 0.7291 0.1043
164 165 166 0.0359 0.7965 0.4010 0.0550 0.5757 0.9005 0.1387 0.9938
165 166 167 0.8870 0.8050 0.7232 0.0232 0.8348 0.1688 0.2140 0.3336
166 167 168 0.9175 0.8276 0.3484 0.8294 0.7215 0.9611 0.1894 0.0828
167 168 169 0.4394 0.5700 0.0421 0.8743 0.2258 0.8093 0.6971 0.0787
168 169 170 0.2446 0.9022 0.9749 0.1169 0.8431 0.6776 0.2137 0.0857
169 170 171 0.8726 0.5108 0.5535 0.3138 0.4265 0.4934 0.7883 0.1197
170 171 172 0.9507 0.9936 0.8297 0.6268 0.6243 0.1409 0.7212 0.2222
171 172 173 0.8087 0.0159 0.3882 0.6230 0.1420 0.7942 0.1012 0.7446
172 173 174 0.0727 0.0731 0.4053 0.9180 0.4858 0.9121 0.2527 0.4697
173 174 175 0.5528 0.1412 0.0297 0.2219 0.9459 0.9960 0.0744 0.7596
174 175 176 0.6533 0.6146 0.4855 0.8033 0.6950 0.5046 0.1964 0.2754
175 176 177 0.0352 0.8068 0.9503 0.9764 0.3002 0.8303 0.9930 0.8140
176 177 178 0.1095 0.9740 0.4363 0.3602 0.8306 0.1483 0.5361 0.3590
177 178 179 0.2248 0.5184 0.9939 0.1606 0.5475 0.6501 0.4395 0.4416
178 179 180 0.1644 0.0804 0.0164 0.9567 0.0338 0.9193 0.7051 0.9144
179 180 181 0.4218 0.0759 0.2843 0.1869 0.0208 0.5061 0.9917 0.8276
180 181 182 0.4803 0.5619 0.6091 0.1349 0.1780 0.1271 0.5613 0.5081
181 182 183 0.2880 0.8514 0.3707 0.6593 0.4336 0.1627 0.6915 0.5593
182 183 184 0.6140 0.2129 0.3957 0.4306 0.0088 0.4821 0.2142 0.6459
183 184 185 0.6904 0.2941 0.7165 0.7765 0.9240 0.3466 0.6840 0.2028
184 185 186 0.8618 0.4623 0.3079 0.7983 0.6910 0.5135 0.1284 0.0542
185 186 187 0.3970 0.9616 0.0249 0.4824 0.3653 0.5158 0.5067 0.4614
186 187 188 0.4491 0.6867 0.6907 0.6892 0.3083 0.2930 0.2098 0.5295
187 188 189 0.6469 0.6309 0.4791 0.1186 0.1641 0.0018 0.8545 0.1190
188 189 190 0.5314 0.0632 0.5492 0.2249 0.3601 0.7254 0.2606 0.4054
189 190 191 0.6026 0.3000 0.6887 0.4499 0.2754 0.5144 0.3535 0.5525
190 191 192 0.2933 0.6242 0.8467 0.3956 0.2221 0.4496 0.9093 0.1508
191 192 193 0.4685 0.6908 0.7092 0.7818 0.8376 0.4722 0.4043 0.4896
192 193 194 0.8129 0.7564 0.2935 0.0767 0.2835 0.8757 0.1599 0.5717
193 194 195 0.0047 0.7557 0.3462 0.3463 0.3030 0.2720 0.1872 0.6115
194 195 196 0.2155 0.1360 0.4663 0.5353 0.7608 0.9852 0.8540 0.1224
195 196 197 0.1418 0.2657 0.9193 0.5278 0.5407 0.0067 0.4164 0.9260
196 197 198 0.5744 0.8817 0.0119 0.6723 0.3936 0.2207 0.4479 0.9339
197 198 199 0.3316 0.1157 0.1459 0.0616 0.2985 0.0669 0.1377 0.3345
198 199 200 0.8552 0.6416 0.0314 0.7423 0.6755 0.9715 0.4060 0.5155
199 200 201 0.9421 0.3355 0.9251 0.6422 0.3373 0.2433 0.3985 0.6196
200 201 202 0.7218 0.1285 0.3147 0.0008 0.2709 0.6916 0.0660 0.3589
201 202 203 0.1985 0.5654 0.8689 0.2820 0.6865 0.1298 0.1328 0.8025
202 203 204 0.4666 0.4416 0.8559 0.8956 0.7422 0.2783 0.2987 0.7934
203 204 205 0.5210 0.3221 0.2668 0.7367 0.2564 0.7750 0.1005 0.0933
204 205 206 0.9874 0.8382 0.9773 0.6218 0.9875 0.2919 0.0778 0.1292
205 206 207 0.1718 0.8787 0.8137 0.8276 0.9915 0.0345 0.4922 0.9935
206 207 208 0.2351 0.8242 0.3718 0.8804 0.0216 0.5214 0.4488 0.7877
207 208 209 0.4427 0.4902 0.5204 0.2647 0.1359 0.8170 0.4848 0.0551
208 209 210 0.3959 0.6622 0.4694 0.7835 0.3809 0.7173 0.0689 0.6805
209 210 211 0.2270 0.6910 0.4900 0.6897 0.1249 0.6443 0.2648 0.3135
210 211 212 0.8344 0.6405 0.4907 0.7927 0.1196 0.6152 0.8619 0.6276
211 212 213 0.2018 0.0671 0.3157 0.8915 0.9319 0.4549 0.3792 0.7952
212 213 214 0.1548 0.7934 0.6374 0.3120 0.1091 0.1735 0.3748 0.1361
213 214 215 0.0403 0.0486 0.3988 0.4594 0.7930 0.0528 0.6202 0.2191
214 215 216 0.6957 0.7647 0.8713 0.4609 0.8151 0.5948 0.2950 0.2453
215 216 217 0.1243 0.4686 0.0978 0.3933 0.1713 0.2734 0.2289 0.7562
216 217 218 0.4276 0.2678 0.3023 0.9654 0.4367 0.4940 0.6346 0.8188
217 218 219 0.5380 0.0079 0.7698 0.3860 0.8773 0.6739 0.0232 0.3223
218 219 220 0.3793 0.4222 0.1144 0.8606 0.9287 0.3299 0.6523 0.2258
219 220 221 0.4154 0.0179 0.9233 0.4780 0.3266 0.2479 0.3904 0.3044
220 221 222 0.9669 0.9104 0.4714 0.3503 0.3728 0.7082 0.8957 0.4687
221 222 223 0.5029 0.2292 0.0756 0.5865 0.9017 0.0677 0.6366 0.4477
222 223 224 0.7825 0.5339 0.2147 0.6534 0.0933 0.1403 0.5739 0.2997
223 224 225 0.4401 0.9082 0.9284 0.2997 0.7857 0.2069 0.4195 0.8272
224 225 226 0.1723 0.3478 0.1113 0.2190 0.9006 0.7635 0.8539 0.0977
225 226 227 0.7563 0.6509 0.2944 0.8382 0.6398 0.5766 0.2267 0.8474
226 227 228 0.3500 0.2297 0.8825 0.5852 0.9124 0.8306 0.5776 0.4157
227 228 229 0.0389 0.8331 0.7574 0.7785 0.9493 0.5757 0.5766 0.3211
228 229 230 0.7668 0.3821 0.1068 0.7505 0.3008 0.0464 0.0795 0.4927
229 230 231 0.0489 0.7085 0.7069 0.1864 0.6556 0.2873 0.0822 0.5807
230 231 232 0.3038 0.1934 0.5437 0.9022 0.0770 0.5463 0.2484 0.1989
231 232 233 0.8293 0.1054 0.6958 0.8784 0.7301 0.3904 0.9720 0.2518
232 233 234 0.3409 0.6964 0.4022 0.9507 0.2957 0.5885 0.7499 0.6693
233 234 235 0.7367 0.9813 0.2583 0.8038 0.2407 0.1936 0.8145 0.4506
234 235 236 0.6543 0.3571 0.9202 0.1255 0.6563 0.9434 0.9905 0.3818
235 236 237 0.8785 0.7822 0.2144 0.2007 0.3717 0.9826 0.6858 0.8351
236 237 238 0.7135 0.9122 0.7164 0.0470 0.5143 0.6560 0.7586 0.8154
237 238 239 0.2520 0.3970 0.2661 0.9733 0.1589 0.6218 0.9901 0.7075
238 239 240 0.0880 0.5130 0.0121 0.0685 0.8638 0.0710 0.5817 0.7265
239 240 241 0.4017 0.5535 0.3613 0.8696 0.9371 0.6811 0.1809 0.4683
240 241 242 0.9180 0.7709 0.7059 0.0972 0.4829 0.0923 0.0805 0.3206
241 242 243 0.3418 0.4308 0.2312 0.7711 0.2580 0.0400 0.5756 0.3498
242 243 244 0.4739 0.8533 0.2446 0.4254 0.1938 0.7888 0.0723 0.2538
243 244 245 0.0366 0.4326 0.4662 0.4238 0.7216 0.5355 0.0044 0.8649
244 245 246 0.5174 0.9774 0.2635 0.9187 0.1800 0.1166 0.9862 0.5764
245 246 247 0.0405 0.6856 0.5926 0.0528 0.3489 0.3613 0.3440 0.5735
246 247 248 0.3523 0.9983 0.5480 0.2807 0.8284 0.6238 0.8659 0.7626
247 248 249 0.7504 0.5073 0.7502 0.7478 0.7880 0.9213 0.7225 0.9326
248 249 250 0.3188 0.8305 0.4616 0.8525 0.9723 0.1785 0.9473 0.7343
249 250 251 0.3109 0.7156 0.4070 0.1361 0.1976 0.9890 0.1351 0.5901
250 251 252 0.2271 0.5152 0.8681 0.7373 0.0740 0.7212 0.4638 0.9095
251 252 253 0.6818 0.3723 0.9698 0.6843 0.2907 0.7913 0.5478 0.8074
252 253 254 0.0258 0.6519 0.2170 0.6828 0.7946 0.8634 0.5676 0.8095
253 254 255 0.3782 0.2912 0.6004 0.0178 0.7691 0.2615 0.4230 0.8530
254 255 256 0.8548 0.0274 0.7593 0.7197 0.6477 0.1062 0.9368 0.4308
255 256 257 0.5129 0.5778 0.0823 0.7914 0.5140 0.2312 0.4490 0.7339
256 257 258 0.5192 0.0485 0.4527 0.8862 0.9137 0.9519 0.5653 0.8584
257 258 259 0.2093 0.3091 0.4488 0.8207 0.2987 0.7234 0.1820 0.6030
258 259 260 0.6705 0.8012 0.6754 0.1571 0.9363 0.3407 0.4671 0.0654
259 260 261 0.5310 0.0547 0.6963 0.0702 0.1100 0.6379 0.9753 0.9121
260 261 262 0.0824 0.3712 0.4710 0.6170 0.5727 0.4198 0.8908 0.4530
261 262 263 0.3302 0.0781 0.6393 0.0657 0.9774 0.3570 0.9512 0.8149
262 263 264 0.5194 0.6456 0.5804 0.2016 0.5992 0.6746 0.6843 0.5768
263 264 265 0.4536 0.4788 0.6397 0.4756 0.3401 0.6413 0.0092 0.3583
264 265 266 0.7835 0.7255 0.0622 0.9130 0.3880 0.0790 0.0144 0.1831
265 266 267 0.0082 0.4920 0.6278 0.1254 0.6618 0.7363 0.1823 0.2315
266 267 268 0.6011 0.4876 0.7914 0.5191 0.0599 0.7152 0.5987 0.7172
267 268 269 0.6249 0.3832 0.6312 0.5233 0.9692 0.9200 0.8048 0.2180
268 269 270 0.9090 0.0452 0.1837 0.7978 0.8035 0.9769 0.8470 0.0241
269 270 271 0.8459 0.6854 0.8742 0.3541 0.0251 0.5153 0.6932 0.7314
270 271 272 0.4010 0.0459 0.6894 0.8397 0.0834 0.9579 0.6653 0.1110
271 272 273 0.1292 0.2788 0.4053 0.2626 0.8660 0.1033 0.1865 0.4332
272 273 274 0.2359 0.3406 0.7595 0.7365 0.8310 0.3745 0.7827 0.8993
273 274 275 0.0952 0.1046 0.5036 0.1639 0.9128 0.1218 0.0822 0.2361
274 275 276 0.8358 0.8050 0.8077 0.8472 0.4869 0.1064 0.5555 0.6941
275 276 277 0.6840 0.1939 0.0926 0.5141 0.5569 0.7538 0.0572 0.8714
276 277 278 0.5652 0.7673 0.3498 0.8419 0.5041 0.1241 0.7909 0.4120
277 278 000 0.2303 0.4663 0.6715 0.9970 0.6248 0.1003 0.8969 0.1000
278 000 001 0.5803 0.9332 0.6128 0.8427 0.0288 0.0020 0.5925 0.1648
