279 155682 3 279
000 001 002 0.3806 0.9119 0.6393 0.1795 0.6339 0.0738 0.1040 0.5369
001 002 003 0.4606 0.0435 0.8360 0.6777 0.4599 0.1790 0.8667 0.6041
002 003 004 0.3475 0.4140 0.3220 0.5188 0.6289 0.8203 0.9523 0.5732
003 004 005 0.4285 0.7579 0.6996 0.0457 0.8184 0.2553 0.6580 0.0060
004 005 006 0.2373 0.6191 0.6995 0.1867 0.3381 0.0238 0.7763 0.6717
005 006 007 0.3783 0.8414 0.7040 0.5153 0.8548 0.1871 0.5883 0.2631
006 007 008 0.2478 0.7940 0.5702 0.8723 0.4252 0.7675 0.2788 0.0399
007 008 009 0.7831 0.4431 0.1134 0.3905 0.6616 0.5951 0.0526 0.8435
008 009 010 0.9119 0.9405 0.0469 0.0614 0.2927 0.4487 0.5575 0.0299
009 010 011 0.3522 0.0115 0.4326 0.7851 0.8817 0.1933 0.8712 0.7352
010 011 012 0.9028 0.1338 0.3331 0.6414 0.8492 0.6972 0.5801 0.9971
011 012 013 0.7258 0.9146 0.6266 0.8959 0.4475 0.7706 0.6565 0.0437
012 013 014 0.7488 0.5188 0.5509 0.6591 0.8187 0.2447 0.4843 0.6375
013 014 015 0.7952 0.0861 0.1487 0.2428 0.3937 0.6994 0.5188 0.7240
014 015 016 0.4353 0.3490 0.0598 0.0737 0.0520 0.5176 0.7461 0.7948
015 016 017 0.0454 0.0276 0.1825 0.5002 0.1343 0.7261 0.4786 0.5279
016 017 018 0.3826 0.4910 0.9107 0.1102 0.0691 0.7307 0.4142 0.6551
017 018 019 0.6469 0.8235 0.8896 0.0999 0.4780 0.2128 0.1032 0.2000
018 019 020 0.7895 0.1474 0.5437 0.9298 0.6258 0.8522 0.2498 0.7763
019 020 021 0.9249 0.4839 0.9518 0.0214 0.1108 0.8954 0.5624 0.2535
020 021 022 0.8665 0.2737 0.2646 0.2785 0.0373 0.1545 0.0432 0.1508
021 022 023 0.6909 0.0372 0.9568 0.8767 0.7233 0.0512 0.8038 0.0238
022 023 024 0.2894 0.9473 0.6042 0.0325 0.4306 0.2846 0.7387 0.5228
023 024 025 0.1817 0.1458 0.5727 0.8781 0.5280 0.1283 0.0879 0.7998
024 025 026 0.2914 0.2596 0.5117 0.4136 0.4033 0.1946 0.1733 0.8323
025 026 027 0.6716 0.2662 0.5513 0.5894 0.1461 0.5227 0.9288 0.5365
026 027 028 0.9465 0.4586 0.5452 0.5502 0.8962 0.6722 0.6812 0.0812
027 028 029 0.7476 0.8088 0.4196 0.9971 0.4106 0.2157 0.9643 0.7006
028 029 030 0.9587 0.8806 0.8128 0.4781 0.3774 0.5472 0.8009 0.9333
029 030 031 0.2432 0.7259 0.4732 0.8014 0.3994 0.9052 0.3088 0.3356
030 031 032 0.4342 0.1393 0.9276 0.4125 0.4437 0.8233 0.1204 0.4296
031 032 033 0.5950 0.0158 0.1765 0.1765 0.2294 0.5887 0.7342 0.5067
032 033 034 0.5385 0.8201 0.3396 0.2825 0.4645 0.1573 0.0625 0.4831
033 034 035 0.1795 0.6994 0.8560 0.1436 0.1135 0.2794 0.9652 0.8141
034 035 036 0.4121 0.6266 0.8152 0.5611 0.6573 0.8883 0.7423 0.4737
035 036 037 0.3929 0.1415 0.3458 0.9550 0.6671 0.6608 0.4747 0.2009
036 037 038 0.2482 0.1353 0.3340 0.5049 0.2669 0.6314 0.7177 0.8329
037 038 039 0.9990 0.0516 0.3758 0.3850 0.6382 0.8317 0.2339 0.5524
038 039 040 0.8613 0.6586 0.0906 0.9018 0.0659 0.6662 0.6301 0.8790
039 040 041 0.8898 0.5530 0.1013 0.1264 0.4561 0.2901 0.6545 0.1498
040 041 042 0.8399 0.3740 0.2784 0.2048 0.6914 0.9819 0.5190 0.7161
041 042 043 0.2383 0.4657 0.1941 0.5089 0.3094 0.0602 0.1813 0.3934
042 043 044 0.4891 0.2832 0.7549 0.2440 0.7283 0.1819 0.4125 0.8834
043 044 045 0.0539 0.5375 0.6731 0.6601 0.2284 0.7432 0.2435 0.4277
044 045 046 0.4330 0.8248 0.3938 0.0403 0.2995 0.3831 0.5931 0.9759
045 046 047 0.1092 0.1107 0.7595 0.3814 0.6434 0.9005 0.6555 0.5928
046 047 048 0.2713 0.1532 0.0978 0.0129 0.1539 0.2944 0.7300 0.3698
047 048 049 0.9049 0.7814 0.7282 0.4540 0.6954 0.5468 0.3454 0.9845
048 049 050 0.5503 0.9895 0.1927 0.1330 0.6737 0.4210 0.2988 0.1257
049 050 051 0.0952 0.0545 0.7726 0.5634 0.6304 0.4597 0.6452 0.3877
050 051 052 0.2337 0.2151 0.9362 0.4325 0.5675 0.7958 0.1494 0.5532
051 052 053 0.1932 0.5969 0.9432 0.7952 0.3074 0.2442 0.4995 0.8202
052 053 054 0.0245 0.8826 0.6024 0.6159 0.2524 0.1273 0.6201 0.3844
053 054 055 0.3225 0.6517 0.2823 0.2957 0.4238 0.5872 0.6692 0.6944
054 055 056 0.9089 0.0185 0.0389 0.3336 0.3581 0.8532 0.1380 0.8644
055 056 057 0.9432 0.9911 0.6431 0.7069 0.8822 0.2904 0.1854 0.4213
056 057 058 0.9669 0.0662 0.7832 0.8106 0.5365 0.9245 0.7085 0.1967
057 058 059 0.5913 0.3193 0.3411 0.2961 0.3350 0.1418 0.4466 0.3932
058 059 060 0.0015 0.4131 0.1880 0.7378 0.4879 0.8215 0.6159 0.2921
059 060 061 0.6832 0.4105 0.9866 0.4615 0.7039 0.0004 0.3449 0.1528
060 061 062 0.7582 0.1004 0.7656 0.0844 0.9492 0.0549 0.5576 0.8912
061 062 063 0.3881 0.4309 0.3783 0.7473 0.5345 0.3289 0.6749 0.7803
062 063 064 0.7820 0.2515 0.3280 0.3695 0.8590 0.6736 0.2075 0.3740
063 064 065 0.7620 0.2418 0.6044 0.5668 0.4220 0.9706 0.3013 0.4374
064 065 066 0.1194 0.9458 0.9744 0.6595 0.3719 0.2692 0.6920 0.3152
065 066 067 0.6864 0.9184 0.7528 0.3360 0.1156 0.5740 0.8720 0.5185
066 067 068 0.4090 0.7386 0.9163 0.9052 0.1522 0.7750 0.1792 0.1426
067 068 069 0.6461 0.4438 0.9867 0.6424 0.1884 0.0917 0.0565 0.2308
068 069 070 0.9054 0.0318 0.7523 0.5537 0.0201 0.7649 0.3138 0.5652
069 070 071 0.3815 0.1117 0.6718 0.4085 0.3048 0.9599 0.6767 0.8045
070 071 072 0.8981 0.3733 0.6488 0.4661 0.0373 0.7119 0.4170 0.8138
071 072 073 0.2128 0.3935 0.7017 0.5354 0.0598 0.9768 0.5247 0.6955
072 073 074 0.6803 0.9158 0.6559 0.8628 0.5324 0.1672 0.4076 0.9170
073 074 075 0.0539 0.1733 0.5647 0.4910 0.4914 0.6925 0.0445 0.9872
074 075 076 0.3451 0.5976 0.4594 0.2129 0.5804 0.7520 0.0461 0.9459
075 076 077 0.4153 0.0858 0.0417 0.0409 0.7487 0.6745 0.4956 0.0834
076 077 078 0.8276 0.7099 0.6808 0.7703 0.7900 0.3904 0.1671 0.4216
077 078 079 0.1634 0.7738 0.5817 0.2785 0.8496 0.7539 0.3049 0.7488
078 079 080 0.7451 0.3088 0.3377 0.9836 0.8290 0.4509 0.9159 0.5770
079 080 081 0.2603 0.1489 0.6691 0.3519 0.1615 0.2418 0.0483 0.1245
080 081 082 0.7381 0.3200 0.2965 0.5872 0.8683 0.3438 0.5986 0.6329
081 082 083 0.5178 0.1878 0.2469 0.8136 0.0005 0.3345 0.2580 0.0058
082 083 084 0.4868 0.4172 0.5964 0.0460 0.3421 0.2971 0.9304 0.4059
083 084 085 0.4026 0.1945 0.7000 0.3379 0.9190 0.5079 0.1804 0.3041
084 085 086 0.4567 0.7102 0.4639 0.1307 0.4712 0.9896 0.9767 0.7526
085 086 087 0.0763 0.3911 0.6406 0.1569 0.8387 0.0367 0.2005 0.4418
086 087 088 0.1090 0.8798 0.7106 0.2803 0.3595 0.9078 0.2998 0.1743
087 088 089 0.6064 0.4044 0.3623 0.0007 0.5218 0.3689 0.8358 0.6704
088 089 090 0.1093 0.4308 0.0770 0.3794 0.6991 0.9085 0.2939 0.2366
089 090 091 0.0117 0.4475 0.8138 0.4610 0.3481 0.5561 0.1421 0.4648
090 091 092 0.0012 0.6672 0.2243 0.6058 0.2383 0.6260 0.5912 0.3207
091 092 093 0.0778 0.0013 0.7099 0.7450 0.7642 0.5550 0.4944 0.2052
092 093 094 0.0626 0.8363 0.0133 0.0623 0.1295 0.8742 0.3056 0.5117
093 094 095 0.0604 0.4084 0.9283 0.5969 0.7448 0.1358 0.2770 0.5736
094 095 096 0.6025 0.3999 0.1651 0.5739 0.1729 0.1211 0.9964 0.3714
095 096 097 0.9843 0.4773 0.5966 0.4113 0.7498 0.5812 0.9517 0.1231
096 097 098 0.1270 0.2372 0.6783 0.6125 0.2065 0.0735 0.5992 0.1526
097 098 099 0.1271 0.8410 0.0572 0.7254 0.8187 0.9640 0.6688 0.3387
098 099 100 0.3018 0.0869 0.3413 0.2784 0.3212 0.2548 0.4872 0.4925
099 100 101 0.5949 0.7488 0.5918 0.7091 0.9106 0.1186 0.1126 0.9538
100 101 102 0.7224 0.5286 0.3829 0.0026 0.3277 0.0286 0.8321 0.0430
101 102 103 0.5438 0.8021 0.9331 0.4766 0.9295 0.1368 0.5421 0.3674
102 103 104 0.2294 0.5306 0.0737 0.5693 0.0440 0.9674 0.8174 0.8631
103 104 105 0.7869 0.3871 0.0378 0.5242 0.3382 0.9267 0.2121 0.7102
104 105 106 0.1008 0.4851 0.0576 0.2498 0.7580 0.7244 0.8857 0.7065
105 106 107 0.7674 0.5310 0.1120 0.2651 0.0447 0.4712 0.7114 0.9376
106 107 108 0.0591 0.2040 0.7162 0.4707 0.5262 0.1298 0.5769 0.6316
107 108 109 0.3467 0.9609 0.7114 0.8596 0.7038 0.5786 0.6682 0.0615
108 109 110 0.6668 0.0891 0.3742 0.5587 0.1157 0.4982 0.9493 0.0310
109 110 111 0.0533 0.8160 0.1385 0.8480 0.9108 0.3920 0.4110 0.0022
110 111 112 0.7564 0.6393 0.3502 0.9188 0.9650 0.0319 0.0254 0.6382
111 112 113 0.2631 0.8363 0.7907 0.0149 0.5254 0.2564 0.5932 0.9090
112 113 114 0.3047 0.7863 0.8066 0.8958 0.9870 0.7058 0.0118 0.0295
113 114 115 0.1032 0.2620 0.6833 0.5628 0.6896 0.2025 0.7464 0.6960
114 115 116 0.9538 0.4326 0.1817 0.5194 0.7008 0.8517 0.2725 0.3428
115 116 117 0.9367 0.1909 0.2637 0.8207 0.2255 0.6699 0.7234 0.4681
116 117 118 0.0677 0.6622 0.4299 0.1995 0.2464 0.1243 0.3667 0.9711
117 118 119 0.8268 0.8466 0.1492 0.2874 0.6717 0.6850 0.3871 0.6452
118 119 120 0.1521 0.7233 0.8123 0.7608 0.5999 0.9608 0.7876 0.4656
119 120 121 0.2403 0.1626 0.2970 0.4818 0.2463 0.4460 0.9432 0.4651
120 121 122 0.6565 0.6077 0.3319 0.1512 0.9203 0.6996 0.7572 0.0753
121 122 123 0.7473 0.7974 0.1042 0.2103 0.6005 0.3441 0.8745 0.9609
122 123 124 0.9271 0.7238 0.1332 0.0466 0.3781 0.0727 0.0525 0.2743
123 124 125 0.8000 0.3883 0.8173 0.8807 0.2732 0.9899 0.8521 0.4715
124 125 126 0.9371 0.6772 0.2290 0.9588 0.3115 0.1582 0.5988 0.5196
125 126 127 0.8606 0.7484 0.8161 0.1157 0.0315 0.3039 0.6406 0.6503
126 127 128 0.5397 0.1897 0.4799 0.7154 0.7537 0.4404 0.6646 0.3438
127 128 129 0.5872 0.9301 0.7225 0.5232 0.6677 0.4289 0.9379 0.5231
128 129 130 0.9792 0.6084 0.1792 0.8705 0.5489 0.1574 0.5603 0.0146
129 130 131 0.6302 0.9298 0.9425 0.2755 0.3600 0.2666 0.1236 0.1087
130 131 132 0.5311 0.4549 0.6812 0.4946 0.7485 0.6743 0.0571 0.6671
131 132 133 0.7418 0.1531 0.9188 0.9206 0.3502 0.0629 0.3834 0.4557
132 133 134 0.7014 0.8994 0.7864 0.8061 0.4381 0.0085 0.8312 0.3889
133 134 135 0.4170 0.2932 0.2943 0.7421 0.5699 0.7461 0.0137 0.4269
134 135 136 0.7964 0.2079 0.8046 0.4841 0.6256 0.1535 0.6889 0.3726
135 136 137 0.1133 0.0201 0.4266 0.8386 0.5947 0.5246 0.9212 0.1664
136 137 138 0.0520 0.7872 0.2810 0.5391 0.4782 0.3694 0.3270 0.4505
137 138 139 0.2405 0.3900 0.0041 0.9380 0.7727 0.0243 0.2341 0.9383
138 139 140 0.2271 0.6811 0.2636 0.3000 0.0502 0.3550 0.3545 0.1254
139 140 141 0.6727 0.9594 0.3118 0.0039 0.8053 0.3307 0.1041 0.2498
140 141 142 0.1083 0.6391 0.0030 0.7659 0.4960 0.5209 0.6352 0.8487
141 142 143 0.9905 0.2643 0.5901 0.1256 0.6901 0.0223 0.3208 0.9765
142 143 144 0.6811 0.5359 0.8324 0.8691 0.8551 0.0526 0.3822 0.8993
143 144 145 0.4281 0.0724 0.8440 0.5063 0.5058 0.5591 0.6288 0.9007
144 145 146 0.3629 0.5008 0.3002 0.0251 0.8068 0.1950 0.7843 0.3658
145 146 147 0.0199 0.9021 0.5898 0.9123 0.4556 0.4042 0.0927 0.7714
146 147 148 0.7536 0.6341 0.8356 0.9625 0.7650 0.6673 0.3495 0.6763
147 148 149 0.8857 0.9261 0.2738 0.3207 0.9069 0.4400 0.5561 0.7451
148 149 150 0.8967 0.3126 0.8917 0.4649 0.2040 0.0709 0.2414 0.3339
149 150 151 0.9818 0.5246 0.6544 0.0178 0.3967 0.4787 0.0791 0.2302
150 151 152 0.3831 0.8836 0.3247 0.6291 0.7977 0.8127 0.3687 0.8109
151 152 153 0.3819 0.2109 0.6155 0.7105 0.4604 0.0254 0.9011 0.9513
152 153 154 0.3483 0.6876 0.4383 0.5663 0.4315 0.1135 0.8441 0.8216
153 154 155 0.5627 0.1637 0.6936 0.3852 0.6691 0.8339 0.7186 0.0371
154 155 156 0.1930 0.4523 0.1656 0.3852 0.7053 0.0248 0.3890 0.7726
155 156 157 0.7474 0.1632 0.2070 0.0103 0.3824 0.8451 0.9734 0.3263
156 157 158 0.1856 0.0082 0.6357 0.2217 0.4222 0.4538 0.4025 0.5913
157 158 159 0.4926 0.0372 0.0204 0.3239 0.7164 0.9773 0.2959 0.0060
158 159 160 0.8390 0.1793 0.4173 0.9869 0.2857 0.3648 0.6109 0.9625
159 160 161 0.2505 0.8368 0.8712 0.5652 0.4056 0.8796 0.9761 0.7624
160 161 162 0.6654 0.7598 0.6301 0.0705 0.4203 0.8876 0.9456 0.9259
161 162 163 0.9244 0.2083 0.3023 0.6461 0.5138 0.3196 0.4551 0.9097
162 163 164 0.0504 0.6603 0.0093 0.7304 0.3650 0.9588 0.1032 0.6191
163 164 165 0.8275 0.6806 0.4513 0.4717 0.7077 0.7358 0.2317 0.1477
164 165 166 0.5751 0.1564 0.4483 0.4601 0.2032 0.9192 0.0708 0.2223
165 166 167 0.5370 0.5402 0.3261 0.0530 0.7802 0.3254 0.7886 0.7372
166 167 168 0.2076 0.4500 0.8950 0.5532 0.2675 0.3162 0.7612 0.7629
167 168 169 0.3647 0.6769 0.7943 0.9558 0.7896 0.2425 0.6915 0.2453
168 169 170 0.8129 0.1003 0.0989 0.1376 0.5757 0.1708 0.4248 0.3990
169 170 171 0.3811 0.9664 0.7367 0.6009 0.6704 0.3463 0.0774 0.0728
170 171 172 0.2321 0.2070 0.5784 0.6382 0.6531 0.5136 0.9144 0.0252
171 172 173 0.8202 0.2057 0.3960 0.5267 0.0038 0.4504 0.9361 0.3542
172 173 174 0.5120 0.6299 0.2329 0.6009 0.2463 0.6572 0.8262 0.1989
173 174 175 0.4672 0.2844 0.0970 0.2245 0.8687 0.3394 0.2495 0.2679
174 175 176 0.3704 0.5860 0.4073 0.9536 0.5652 0.3485 0.8502 0.5325
175 176 177 0.5955 0.3850 0.6216 0.2797 0.1765 0.1600 0.6415 0.5760
176 177 178 0.1973 0.6844 0.1869 0.0281 0.0952 0.6847 0.6686 0.3276
177 178 179 0.5465 0.9206 0.8175 0.1583 0.8225 0.6324 0.7061 0.8606
178 179 180 0.0092 0.8183 0.2645 0.9928 0.7843 0.9710 0.7499 0.4528
179 180 181 0.1935 0.3810 0.4500 0.2728 0.4261 0.4537 0.8598 0.7107
180 181 182 0.7611 0.8700 0.9349 0.6293 0.5002 0.2828 0.3769 0.5173
181 182 183 0.4866 0.4921 0.2124 0.1886 0.8050 0.7888 0.4067 0.4313
182 183 184 0.8577 0.4448 0.4302 0.6462 0.6719 0.5316 0.4537 0.3977
183 184 185 0.7481 0.1474 0.4503 0.5305 0.1590 0.0118 0.3505 0.3612
184 185 186 0.5805 0.3328 0.3216 0.8073 0.9193 0.6226 0.7395 0.2809
185 186 187 0.1390 0.5267 0.2620 0.3643 0.4013 0.9522 0.9843 0.9240
186 187 188 0.7638 0.2474 0.0781 0.3258 0.6294 0.7127 0.5892 0.7757
187 188 189 0.2252 0.3380 0.6355 0.8261 0.5002 0.1945 0.7969 0.6236
188 189 190 0.8412 0.8469 0.1177 0.1307 0.3670 0.3966 0.6682 0.0986
189 190 191 0.2849 0.4073 0.4593 0.4976 0.2582 0.7361 0.9767 0.4483
190 191 192 0.6957 0.7810 0.5005 0.6865 0.3515 0.9039 0.1363 0.0476
191 192 193 0.8954 0.8042 0.1860 0.6757 0.5474 0.6933 0.3476 0.7733
192 193 194 0.0676 0.9696 0.4524 0.6538 0.1372 0.5996 0.4334 0.1473
193 194 195 0.8901 0.3296 0.8816 0.7301 0.7982 0.8829 0.8298 0.0471
194 195 196 0.9689 0.9499 0.1218 0.7616 0.6657 0.6422 0.1927 0.6523
195 196 197 0.1785 0.7000 0.4469 0.3822 0.6319 0.2729 0.7592 0.3165
196 197 198 0.8667 0.1880 0.4708 0.9186 0.3477 0.4256 0.0400 0.5440
197 198 199 0.1332 0.5592 0.5276 0.9340 0.9817 0.1026 0.6387 0.4317
198 199 200 0.7868 0.9515 0.9365 0.9248 0.3924 0.2976 0.5116 0.9926
199 200 201 0.5319 0.4690 0.8127 0.9506 0.0346 0.7922 0.1994 0.6611
200 201 202 0.5835 0.8801 0.7888 0.7667 0.2899 0.9220 0.4625 0.5213
201 202 203 0.2392 0.6605 0.6917 0.7118 0.2075 0.0341 0.7457 0.4243
202 203 204 0.1341 0.9425 0.5615 0.5823 0.5692 0.3379 0.8892 0.4069
203 204 205 0.5677 0.4084 0.3725 0.4877 0.5321 0.8738 0.0803 0.5518
204 205 206 0.7543 0.6567 0.9267 0.8321 0.4304 0.7786 0.8210 0.1985
205 206 207 0.0478 0.1902 0.1561 0.6790 0.6634 0.0643 0.7093 0.2561
206 207 208 0.6233 0.3333 0.4079 0.6292 0.9043 0.4412 0.3044 0.6840
207 208 209 0.9379 0.6430 0.8923 0.6310 0.8022 0.0688 0.3354 0.2323
208 209 210 0.0314 0.0977 0.0621 0.1443 0.1871 0.4716 0.3292 0.5754
209 210 211 0.8244 0.3927 0.2325 0.6874 0.7201 0.1249 0.6912 0.8846
210 211 212 0.6138 0.0123 0.9057 0.1192 0.0214 0.3299 0.0664 0.9090
211 212 213 0.2368 0.3409 0.8872 0.9738 0.5264 0.5108 0.5572 0.1324
212 213 214 0.0062 0.5522 0.5927 0.3360 0.0396 0.8485 0.2070 0.1891
213 214 215 0.5943 0.2163 0.5686 0.0252 0.3402 0.6819 0.7498 0.5259
214 215 216 0.6245 0.6585 0.8589 0.8359 0.6550 0.4551 0.2123 0.3890
215 216 217 0.9581 0.5882 0.8234 0.3250 0.5866 0.1847 0.7913 0.9776
216 217 218 0.8245 0.8930 0.0464 0.7307 0.0742 0.0465 0.5181 0.4787
217 218 219 0.4461 0.5003 0.3115 0.4968 0.0446 0.2833 0.0393 0.7241
218 219 220 0.8956 0.6937 0.9381 0.5246 0.7856 0.6745 0.4237 0.1218
219 220 221 0.4242 0.2516 0.2026 0.7100 0.5782 0.7506 0.8881 0.3399
220 221 222 0.0992 0.5046 0.6134 0.8975 0.1979 0.5469 0.6400 0.1244
221 222 223 0.6650 0.9678 0.3987 0.6853 0.5694 0.1324 0.6019 0.9334
222 223 224 0.4055 0.7834 0.3270 0.8063 0.0161 0.2286 0.8742 0.0004
223 224 225 0.9216 0.9214 0.7101 0.5689 0.1825 0.1121 0.9279 0.9421
224 225 226 0.6860 0.9253 0.6651 0.5247 0.3731 0.7578 0.6486 0.1973
225 226 227 0.5750 0.4990 0.4937 0.4640 0.6565 0.6931 0.9757 0.8869
226 227 228 0.0775 0.2589 0.4258 0.1929 0.4219 0.1819 0.4715 0.7696
227 228 229 0.0361 0.9340 0.2686 0.1553 0.9637 0.5757 0.7910 0.6677
228 229 230 0.2318 0.9513 0.5716 0.1381 0.1319 0.9539 0.2071 0.8324
229 230 231 0.7948 0.2081 0.6131 0.4099 0.5103 0.3156 0.9852 0.6699
230 231 232 0.0499 0.3548 0.8941 0.6436 0.5641 0.4305 0.4621 0.1008
231 232 233 0.7285 0.7765 0.4783 0.0850 0.9167 0.5805 0.6839 0.9107
232 233 234 0.8012 0.8530 0.2925 0.9626 0.9036 0.7979 0.2493 0.0207
233 234 235 0.1929 0.4347 0.6244 0.4087 0.3612 0.3839 0.2455 0.5185
234 235 236 0.0789 0.7870 0.6635 0.9442 0.9301 0.1630 0.4825 0.8418
235 236 237 0.7109 0.7768 0.8189 0.3514 0.1963 0.1456 0.1185 0.1408
236 237 238 0.6809 0.4101 0.5311 0.6246 0.2503 0.3306 0.4988 0.1317
237 238 239 0.7779 0.2879 0.7140 0.7759 0.4219 0.8347 0.5215 0.1812
238 239 240 0.2278 0.3322 0.7912 0.9123 0.4672 0.1185 0.2239 0.4805
239 240 241 0.5370 0.5106 0.6268 0.8577 0.3689 0.6310 0.7319 0.4610
240 241 242 0.2408 0.8261 0.2680 0.1311 0.9283 0.5116 0.1272 0.5814
241 242 243 0.6052 0.5651 0.6937 0.5289 0.3805 0.6498 0.1456 0.5499
242 243 244 0.9953 0.3793 0.5613 0.8973 0.6331 0.5130 0.0774 0.2048
243 244 245 0.6378 0.8609 0.3362 0.3051 0.0958 0.2294 0.4690 0.3906
244 245 246 0.8360 0.7586 0.6041 0.0587 0.7548 0.6562 0.8784 0.9322
245 246 247 0.3451 0.1323 0.0346 0.6494 0.2056 0.4372 0.5458 0.2122
246 247 248 0.0845 0.9720 0.4219 0.3253 0.3371 0.9996 0.1556 0.9234
247 248 249 0.0666 0.5175 0.8940 0.5096 0.9212 0.5638 0.0300 0.0328
248 249 250 0.0509 0.6037 0.6105 0.4769 0.1092 0.8584 0.2888 0.7795
249 250 251 0.1210 0.8819 0.4793 0.7810 0.7891 0.8897 0.3112 0.8704
250 251 252 0.2025 0.1085 0.2697 0.6323 0.8889 0.8057 0.2790 0.8273
251 252 253 0.8333 0.4922 0.1176 0.7319 0.7246 0.9197 0.5748 0.0211
252 253 254 0.2221 0.6998 0.3197 0.7805 0.9165 0.2466 0.2238 0.2015
253 254 255 0.7197 0.5331 0.0811 0.7466 0.0096 0.3826 0.8855 0.9694
254 255 256 0.2201 0.4054 0.0885 0.3672 0.0819 0.4023 0.1019 0.8014
255 256 257 0.9165 0.6338 0.1579 0.7831 0.5348 0.6532 0.3056 0.3139
256 257 258 0.2235 0.6515 0.1265 0.0463 0.5392 0.5777 0.0910 0.1730
257 258 259 0.9425 0.2621 0.7715 0.8291 0.0189 0.9430 0.3587 0.1229
258 259 260 0.6314 0.8048 0.4413 0.7296 0.5424 0.4112 0.8878 0.5839
259 260 261 0.1459 0.6236 0.9287 0.6414 0.4296 0.0273 0.9362 0.5803
260 261 262 0.9463 0.2373 0.4645 0.9079 0.3993 0.5519 0.5741 0.7950
261 262 263 0.4734 0.9884 0.4261 0.7757 0.3532 0.5269 0.6862 0.0757
262 263 264 0.4150 0.9381 0.2088 0.0526 0.0685 0.3207 0.4914 0.0622
263 264 265 0.6112 0.4850 0.4432 0.3766 0.6954 0.2228 0.3727 0.2784
264 265 266 0.9279 0.1275 0.2652 0.6237 0.7582 0.5824 0.4442 0.5236
265 266 267 0.7689 0.0625 0.0508 0.7667 0.1013 0.8093 0.3663 0.1952
266 267 268 0.9329 0.6201 0.8781 0.7294 0.5257 0.0600 0.6238 0.7207
267 268 269 0.4599 0.0572 0.6550 0.1756 0.9381 0.5757 0.8137 0.5067
268 269 270 0.2357 0.6576 0.2950 0.8802 0.5476 0.0811 0.4510 0.2062
269 270 271 0.9326 0.8196 0.3744 0.4481 0.6832 0.9343 0.5293 0.9276
270 271 272 0.3248 0.9728 0.2904 0.5299 0.8831 0.7104 0.6520 0.2850
271 272 273 0.3372 0.4942 0.3406 0.9960 0.3171 0.2272 0.4369 0.8287
272 273 274 0.0376 0.2952 0.3418 0.5087 0.7958 0.1330 0.2135 0.7307
273 274 275 0.6900 0.7830 0.3868 0.8454 0.3317 0.4761 0.3872 0.0831
274 275 276 0.8762 0.5381 0.4852 0.3324 0.0602 0.5608 0.5124 0.5476
275 276 277 0.8382 0.8959 0.9518 0.5470 0.0543 0.7794 0.0452 0.5999
276 277 278 0.6921 0.5648 0.8868 0.2459 0.7522 0.8668 0.1622 0.8593
277 278 000 0.4957 0.0782 0.2690 0.8781 0.7788 0.3048 0.3472 0.0658
278 000 001 0.4362 0.5311 0.0850 0.3934 0.6131 0.4565 0.2290 0.6401
