279 155682 3 279
000 001 002 0.8344 0.4567 0.0535 0.5817 0.6210 0.1814 0.7805 0.7457
001 002 003 0.9272 0.5526 0.9426 0.2614 0.7822 0.0597 0.1012 0.6452
002 003 004 0.8879 0.3565 0.0422 0.9057 0.7747 0.6350 0.5812 0.1027
003 004 005 0.5628 0.2193 0.1772 0.7727 0.7416 0.0342 0.7203 0.2697
004 005 006 0.1385 0.9144 0.1493 0.6593 0.4784 0.0440 0.3797 0.5902
005 006 007 0.3940 0.6326 0.6091 0.2890 0.2951 0.6882 0.3994 0.3707
006 007 008 0.8835 0.2833 0.1358 0.0374 0.4931 0.2847 0.8059 0.1089
007 008 009 0.2271 0.5818 0.3781 0.2346 0.6893 0.2549 0.0988 0.9606
008 009 010 0.6764 0.1264 0.2662 0.1941 0.2436 0.5832 0.5467 0.3239
009 010 011 0.5532 0.1866 0.5529 0.5305 0.3234 0.4565 0.1318 0.1190
010 011 012 0.3771 0.0536 0.5959 0.8683 0.1908 0.0986 0.8330 0.5164
011 012 013 0.8916 0.4357 0.2429 0.5938 0.1973 0.8665 0.1441 0.7534
012 013 014 0.3690 0.7991 0.3729 0.3368 0.7423 0.0122 0.1120 0.2302
013 014 015 0.6857 0.6195 0.0627 0.4883 0.3483 0.6677 0.5492 0.7463
014 015 016 0.0777 0.5756 0.9422 0.9732 0.4016 0.3653 0.5486 0.0152
015 016 017 0.0975 0.0864 0.6016 0.6527 0.9012 0.1245 0.7560 0.2034
016 017 018 0.8588 0.5834 0.6338 0.7644 0.6999 0.8523 0.2929 0.0410
017 018 019 0.3780 0.6756 0.4008 0.1002 0.6619 0.5713 0.1745 0.2723
018 019 020 0.8752 0.0697 0.5633 0.9305 0.5169 0.6791 0.0357 0.6140
019 020 021 0.7991 0.6048 0.5415 0.0028 0.0133 0.8990 0.3924 0.5659
020 021 022 0.4267 0.1164 0.8520 0.7846 0.1510 0.0590 0.4784 0.9563
021 022 023 0.1660 0.8322 0.8334 0.2880 0.1647 0.6241 0.1237 0.3174
022 023 024 0.2267 0.2105 0.6934 0.1826 0.1984 0.1697 0.6716 0.8491
023 024 025 0.9242 0.8960 0.8880 0.6543 0.9252 0.2028 0.8479 0.2008
024 025 026 0.3044 0.2120 0.5396 0.2891 0.9530 0.2341 0.6649 0.0768
025 026 027 0.8355 0.2407 0.5106 0.6396 0.7770 0.8586 0.4848 0.8768
026 027 028 0.5818 0.4107 0.1642 0.9672 0.3435 0.1512 0.5603 0.0305
027 028 029 0.8795 0.1020 0.7654 0.9359 0.1762 0.2690 0.4503 0.5088
028 029 030 0.7638 0.5968 0.5145 0.2182 0.9682 0.0059 0.8057 0.7945
029 030 031 0.3358 0.2723 0.8974 0.4592 0.7293 0.7572 0.8476 0.3253
030 031 032 0.5176 0.4558 0.1025 0.0922 0.6584 0.3305 0.3870 0.1174
031 032 033 0.7055 0.5136 0.1151 0.7337 0.2493 0.1193 0.7567 0.1759
032 033 034 0.3900 0.3671 0.7041 0.1017 0.0797 0.2045 0.8787 0.0509
033 034 035 0.5423 0.7612 0.0858 0.4412 0.1637 0.0373 0.5350 0.4178
034 035 036 0.2334 0.5492 0.2645 0.4266 0.2570 0.5785 0.0713 0.0909
035 036 037 0.7531 0.7682 0.0252 0.9189 0.1851 0.7044 0.3161 0.8786
036 037 038 0.7133 0.1627 0.4684 0.9326 0.8446 0.1295 0.7010 0.9476
037 038 039 0.4141 0.7338 0.8122 0.5964 0.5277 0.4735 0.9040 0.9382
038 039 040 0.3558 0.4293 0.6818 0.1310 0.9370 0.2565 0.9292 0.9152
039 040 041 0.6380 0.0238 0.2503 0.3472 0.6650 0.8363 0.8236 0.7961
040 041 042 0.8863 0.2665 0.3153 0.0423 0.9117 0.2366 0.2764 0.9238
041 042 043 0.5029 0.7137 0.1190 0.8963 0.3491 0.3331 0.3123 0.3576
042 043 044 0.7980 0.6346 0.5717 0.1962 0.3347 0.5378 0.6293 0.0131
043 044 045 0.7552 0.0098 0.1989 0.8244 0.0697 0.3600 0.4623 0.7876
044 045 046 0.1980 0.8654 0.0687 0.4023 0.5123 0.0998 0.7866 0.4264
045 046 047 0.6133 0.2298 0.5172 0.9077 0.7144 0.4322 0.6249 0.8831
046 047 048 0.7373 0.1867 0.6407 0.8309 0.7967 0.1830 0.7891 0.4433
047 048 049 0.7038 0.1046 0.5030 0.3696 0.4787 0.5081 0.8894 0.7586
048 049 050 0.5676 0.2284 0.4863 0.2272 0.3648 0.4440 0.7897 0.6526
049 050 051 0.4261 0.5825 0.2372 0.7313 0.1377 0.9666 0.4502 0.4639
050 051 052 0.2535 0.9909 0.6445 0.0643 0.5007 0.8262 0.0636 0.7131
051 052 053 0.3787 0.0127 0.7045 0.2376 0.2900 0.6792 0.2457 0.8436
052 053 054 0.9791 0.0204 0.3768 0.4483 0.3922 0.5301 0.9009 0.3482
053 054 055 0.9016 0.2879 0.1609 0.8178 0.6627 0.4492 0.4374 0.5431
054 055 056 0.6665 0.7241 0.5599 0.5976 0.2288 0.6561 0.0233 0.8474
055 056 057 0.1208 0.2348 0.7347 0.7953 0.2186 0.2222 0.9827 0.9038
056 057 058 0.0897 0.9225 0.4593 0.4886 0.9741 0.1937 0.6794 0.4049
057 058 059 0.0546 0.0675 0.4152 0.9228 0.3019 0.5513 0.0054 0.5034
058 059 060 0.1418 0.7041 0.8796 0.6963 0.9727 0.7842 0.2214 0.0040
059 060 061 0.8361 0.8836 0.0658 0.4107 0.7384 0.4447 0.7454 0.6012
060 061 062 0.1942 0.7538 0.3759 0.0048 0.0776 0.4326 0.9060 0.9446
061 062 063 0.1350 0.1852 0.7231 0.4736 0.3847 0.3242 0.8353 0.0548
062 063 064 0.5729 0.9745 0.9492 0.2072 0.6188 0.0360 0.3939 0.6131
063 064 065 0.0888 0.9755 0.4009 0.2055 0.0708 0.6061 0.0066 0.7659
064 065 066 0.2762 0.3965 0.5213 0.1970 0.3818 0.5712 0.6260 0.4006
065 066 067 0.8788 0.6415 0.0190 0.1234 0.8640 0.8593 0.1137 0.4500
066 067 068 0.5696 0.4970 0.2548 0.4846 0.0650 0.7709 0.4103 0.3269
067 068 069 0.7607 0.4736 0.2949 0.8701 0.5066 0.0816 0.3774 0.3852
068 069 070 0.8055 0.1013 0.4357 0.8781 0.7094 0.8932 0.1595 0.9404
069 070 071 0.2501 0.9019 0.0170 0.3629 0.3958 0.7037 0.0125 0.2697
070 071 072 0.6276 0.7935 0.2095 0.2304 0.3308 0.2749 0.5736 0.4872
071 072 073 0.5183 0.3273 0.7334 0.0867 0.2388 0.2646 0.1569 0.9135
072 073 074 0.9615 0.1697 0.8192 0.7057 0.4120 0.8415 0.4781 0.3713
073 074 075 0.4377 0.9189 0.1884 0.6192 0.8132 0.2926 0.5668 0.7837
074 075 076 0.8297 0.4138 0.7350 0.6230 0.1397 0.7794 0.5668 0.4687
075 076 077 0.1261 0.4999 0.0178 0.7544 0.0366 0.9776 0.1586 0.6698
076 077 078 0.1672 0.6181 0.6949 0.4110 0.8575 0.1891 0.0264 0.2120
077 078 079 0.1878 0.8173 0.8340 0.1822 0.5911 0.3795 0.1102 0.0294
078 079 080 0.7898 0.4171 0.2526 0.5871 0.5304 0.4016 0.8951 0.6420
079 080 081 0.6185 0.8610 0.8571 0.3423 0.0443 0.5078 0.8241 0.4046
080 081 082 0.2690 0.5520 0.9552 0.2316 0.1609 0.6124 0.0128 0.9315
081 082 083 0.5842 0.4025 0.9883 0.3280 0.8376 0.4461 0.9632 0.3548
082 083 084 0.1132 0.8777 0.5264 0.8343 0.1926 0.1086 0.9336 0.8058
083 084 085 0.7353 0.7862 0.4382 0.6430 0.3149 0.2748 0.0951 0.7520
084 085 086 0.0868 0.0775 0.2030 0.9503 0.8945 0.6764 0.9242 0.2103
085 086 087 0.1799 0.8780 0.3158 0.5664 0.9915 0.4388 0.9967 0.9029
086 087 088 0.4205 0.8360 0.2679 0.7203 0.7104 0.4149 0.1199 0.6391
087 088 089 0.8749 0.5063 0.9922 0.5290 0.3786 0.1891 0.9992 0.6157
088 089 090 0.1617 0.0429 0.6809 0.5706 0.6292 0.3541 0.9908 0.7651
089 090 091 0.0638 0.9109 0.1612 0.4257 0.8251 0.3325 0.9226 0.6967
090 091 092 0.0477 0.9348 0.4403 0.7650 0.1994 0.0397 0.8267 0.0230
091 092 093 0.4169 0.6516 0.5004 0.8797 0.3915 0.0578 0.4691 0.7756
092 093 094 0.1130 0.8580 0.5448 0.8389 0.5609 0.4089 0.1600 0.8005
093 094 095 0.3008 0.5614 0.6712 0.4010 0.6194 0.1208 0.3042 0.3133
094 095 096 0.7642 0.0852 0.2645 0.6452 0.3046 0.3502 0.9869 0.9599
095 096 097 0.9040 0.7996 0.0595 0.5429 0.7274 0.1990 0.1164 0.1938
096 097 098 0.8981 0.0963 0.5176 0.8341 0.1213 0.1899 0.7421 0.5117
097 098 099 0.2051 0.2168 0.3988 0.1033 0.4287 0.6339 0.7005 0.1084
098 099 100 0.7309 0.5693 0.0188 0.5747 0.8478 0.6814 0.1793 0.4923
099 100 101 0.7435 0.1527 0.8263 0.1938 0.0006 0.5881 0.3944 0.0990
100 101 102 0.0134 0.3840 0.7529 0.1720 0.9457 0.0064 0.4179 0.5993
101 102 103 0.0808 0.1505 0.1334 0.9057 0.9646 0.2209 0.1490 0.7464
102 103 104 0.1044 0.7356 0.0376 0.5189 0.8738 0.6994 0.9650 0.1931
103 104 105 0.6173 0.3088 0.3408 0.3701 0.5723 0.8683 0.1321 0.3996
104 105 106 0.7095 0.2189 0.2572 0.7778 0.0338 0.5469 0.1825 0.1876
105 106 107 0.4934 0.3756 0.4574 0.6649 0.8069 0.7616 0.3373 0.6546
106 107 108 0.1300 0.1600 0.4904 0.9141 0.0706 0.9400 0.8119 0.3745
107 108 109 0.4584 0.6272 0.9330 0.7324 0.7189 0.1469 0.0759 0.9175
108 109 110 0.6698 0.1420 0.7971 0.4509 0.8087 0.0898 0.0203 0.6129
109 110 111 0.3721 0.3752 0.3601 0.0052 0.7455 0.5481 0.0437 0.7476
110 111 112 0.5592 0.9470 0.4513 0.9523 0.9339 0.4608 0.5921 0.2746
111 112 113 0.3237 0.4837 0.1500 0.3009 0.6903 0.5033 0.2052 0.9202
112 113 114 0.4136 0.7101 0.4250 0.7041 0.2148 0.6546 0.3410 0.8965
113 114 115 0.4421 0.4376 0.4616 0.7047 0.6411 0.6264 0.5010 0.5410
114 115 116 0.2992 0.9538 0.4274 0.6119 0.6883 0.7920 0.7500 0.1902
115 116 117 0.5563 0.7702 0.7990 0.2047 0.2604 0.7959 0.1991 0.3061
116 117 118 0.7991 0.3389 0.9221 0.7150 0.7545 0.0157 0.2905 0.1335
117 118 119 0.6583 0.5524 0.0202 0.9944 0.9396 0.8585 0.2013 0.1266
118 119 120 0.9123 0.0463 0.0334 0.6996 0.0127 0.2524 0.4621 0.9194
119 120 121 0.3302 0.7728 0.4347 0.8041 0.9932 0.6080 0.9398 0.0085
120 121 122 0.2909 0.4936 0.4666 0.1507 0.0629 0.5620 0.4537 0.1024
121 122 123 0.7078 0.9220 0.6651 0.6177 0.2560 0.0033 0.0288 0.0226
122 123 124 0.2094 0.6842 0.0685 0.9155 0.4638 0.8594 0.1793 0.3602
123 124 125 0.3136 0.5524 0.5124 0.8871 0.5166 0.0044 0.1070 0.0638
124 125 126 0.0793 0.9961 0.9076 0.0808 0.3665 0.5438 0.7960 0.2106
125 126 127 0.4467 0.7725 0.3896 0.1474 0.9838 0.7269 0.2794 0.4231
126 127 128 0.0169 0.0448 0.1799 0.1340 0.4905 0.7649 0.3657 0.4900
127 128 129 0.0029 0.9150 0.2885 0.2857 0.7652 0.8139 0.5134 0.1614
128 129 130 0.8593 0.3719 0.4678 0.7569 0.9518 0.5175 0.5240 0.6645
129 130 131 0.2720 0.9883 0.7530 0.4182 0.3774 0.8412 0.2412 0.7928
130 131 132 0.8919 0.8861 0.5642 0.7080 0.2932 0.8517 0.9648 0.1984
131 132 133 0.7337 0.5057 0.0321 0.8647 0.4246 0.0918 0.9494 0.4303
132 133 134 0.7309 0.1451 0.3540 0.4432 0.3921 0.2976 0.3334 0.4491
133 134 135 0.6957 0.4093 0.1787 0.5073 0.9492 0.5710 0.9815 0.4028
134 135 136 0.5507 0.2692 0.4597 0.0127 0.6526 0.7180 0.9751 0.5315
135 136 137 0.6151 0.4486 0.5343 0.9229 0.0887 0.9129 0.6114 0.3219
136 137 138 0.0424 0.7783 0.3003 0.1298 0.8880 0.8980 0.9053 0.1227
137 138 139 0.2217 0.3584 0.1684 0.0561 0.4104 0.9684 0.5091 0.6173
138 139 140 0.8134 0.7684 0.5117 0.4361 0.3707 0.0232 0.7709 0.0790
139 140 141 0.4227 0.7594 0.5214 0.1363 0.1072 0.5925 0.8758 0.7103
140 141 142 0.5354 0.0616 0.3108 0.2843 0.6875 0.4629 0.8437 0.7522
141 142 143 0.5728 0.9889 0.2003 0.1971 0.0305 0.4121 0.5188 0.1903
142 143 144 0.3883 0.0725 0.3642 0.4637 0.8136 0.0600 0.0335 0.1515
143 144 145 0.4033 0.1891 0.5772 0.2776 0.4523 0.0301 0.9860 0.4154
144 145 146 0.5951 0.0657 0.3673 0.2824 0.9543 0.1223 0.6653 0.7688
145 146 147 0.0820 0.0447 0.1611 0.0798 0.9389 0.2606 0.9613 0.8051
146 147 148 0.1149 0.5307 0.7902 0.5059 0.7463 0.3524 0.2381 0.0763
147 148 149 0.3394 0.8696 0.1670 0.8447 0.5444 0.9002 0.8523 0.4344
148 149 150 0.4806 0.8584 0.1250 0.0680 0.9265 0.4248 0.1078 0.0878
149 150 151 0.7162 0.5952 0.6979 0.2086 0.8178 0.3160 0.2555 0.9254
150 151 152 0.8229 0.9551 0.4113 0.9177 0.0303 0.3411 0.8738 0.1250
151 152 153 0.8957 0.3785 0.4370 0.0729 0.8111 0.3665 0.1177 0.5997
152 153 154 0.4757 0.3400 0.4685 0.1734 0.4192 0.9219 0.5687 0.9491
153 154 155 0.3687 0.8586 0.3041 0.3159 0.1511 0.3734 0.7464 0.7321
154 155 156 0.9247 0.7024 0.5981 0.6661 0.0524 0.7114 0.8148 0.2911
155 156 157 0.1688 0.6156 0.0766 0.2118 0.1597 0.5070 0.1661 0.8785
156 157 158 0.4054 0.7739 0.6238 0.2741 0.8717 0.1405 0.2542 0.1694
157 158 159 0.9531 0.7120 0.9925 0.3136 0.3217 0.4316 0.9514 0.9002
158 159 160 0.2142 0.8676 0.8673 0.3738 0.0170 0.2674 0.0609 0.1327
159 160 161 0.8165 0.5316 0.5005 0.3937 0.8099 0.9114 0.2255 0.1780
160 161 162 0.9994 0.3188 0.2442 0.3518 0.2808 0.1138 0.7893 0.9894
161 162 163 0.0401 0.4886 0.0512 0.6193 0.9298 0.8150 0.9569 0.3993
162 163 164 0.0861 0.8055 0.9596 0.6996 0.2153 0.2375 0.2254 0.9995
163 164 165 0.4210 0.6703 0.0912 0.5893 0.0442 0.7837 0.6545 0.0908
164 165 166 0.4590 0.7441 0.1298 0.2710 0.8771 0.7763 0.5827 0.1809
165 166 167 0.1826 0.8128 0.3289 0.2380 0.7498 0.3930 0.8840 0.1698
166 167 168 0.6131 0.3451 0.6552 0.5236 0.7518 0.5696 0.5644 0.7737
167 168 169 0.3809 0.3986 0.3892 0.5956 0.3917 0.7520 0.7670 0.0619
168 169 170 0.6971 0.0398 0.2631 0.6298 0.5027 0.5057 0.0973 0.8692
169 170 171 0.9914 0.7084 0.9237 0.1641 0.2394 0.6933 0.8875 0.8893
170 171 172 0.9605 0.5340 0.6616 0.5390 0.7114 0.1482 0.8807 0.3690
171 172 173 0.3272 0.2602 0.0347 0.5533 0.6014 0.2244 0.5939 0.1792
172 173 174 0.1597 0.2862 0.3698 0.6368 0.1114 0.9664 0.1722 0.1163
173 174 175 0.2500 0.4410 0.8208 0.7425 0.5418 0.0930 0.5293 0.2174
174 175 176 0.4753 0.5737 0.4960 0.9830 0.8563 0.4577 0.2682 0.9920
175 176 177 0.5047 0.3943 0.0970 0.0765 0.4928 0.7896 0.3294 0.5150
176 177 178 0.1454 0.3892 0.2002 0.2689 0.7758 0.5166 0.4201 0.8008
177 178 179 0.0680 0.3922 0.4949 0.4993 0.8851 0.9283 0.1029 0.1046
178 179 180 0.0888 0.7322 0.3956 0.7700 0.4901 0.5100 0.5147 0.6898
179 180 181 0.2851 0.6060 0.2554 0.8097 0.4102 0.2001 0.9219 0.0455
180 181 182 0.8247 0.1929 0.0959 0.2428 0.8584 0.7328 0.1591 0.1020
181 182 183 0.9759 0.0587 0.4002 0.4642 0.8092 0.7513 0.2145 0.5154
182 183 184 0.3999 0.7624 0.5968 0.2210 0.7853 0.4805 0.2376 0.3108
183 184 185 0.9582 0.3647 0.0137 0.1486 0.1634 0.1342 0.4105 0.0546
184 185 186 0.6641 0.9759 0.9151 0.3613 0.5358 0.9035 0.6053 0.3579
185 186 187 0.8543 0.4966 0.0968 0.5613 0.2296 0.9567 0.2563 0.2598
186 187 188 0.8833 0.0676 0.8126 0.7792 0.5481 0.2369 0.7697 0.9461
187 188 189 0.5900 0.2932 0.6812 0.8816 0.4349 0.3455 0.3333 0.1860
188 189 190 0.2876 0.6089 0.6342 0.8697 0.1114 0.9074 0.2117 0.9454
189 190 191 0.0762 0.4508 0.4462 0.7522 0.9553 0.7267 0.2564 0.0517
190 191 192 0.4708 0.6771 0.0845 0.7009 0.1560 0.6030 0.5734 0.2400
191 192 193 0.3796 0.8792 0.9982 0.0133 0.0023 0.0518 0.6730 0.5012
192 193 194 0.4673 0.1488 0.9134 0.5602 0.2162 0.0463 0.8868 0.4435
193 194 195 0.5067 0.3996 0.0036 0.1170 0.2378 0.1214 0.3019 0.4891
194 195 196 0.2881 0.6511 0.0357 0.5797 0.6171 0.6622 0.7916 0.9961
195 196 197 0.7919 0.4418 0.1491 0.4578 0.8225 0.6282 0.5092 0.9806
196 197 198 0.7982 0.4157 0.5296 0.6060 0.6461 0.4587 0.7063 0.7732
197 198 199 0.8639 0.1554 0.7187 0.9711 0.3431 0.3266 0.7547 0.0921
198 199 200 0.9739 0.8346 0.7902 0.3248 0.6340 0.8661 0.6311 0.5137
199 200 201 0.0738 0.3970 0.5119 0.3220 0.8352 0.5849 0.6247 0.3256
200 201 202 0.5707 0.9903 0.1656 0.4979 0.1487 0.6466 0.5661 0.4501
201 202 203 0.4267 0.4577 0.3332 0.7305 0.5546 0.1954 0.6712 0.0055
202 203 204 0.1552 0.5455 0.4391 0.4403 0.5617 0.3066 0.0434 0.5612
203 204 205 0.7274 0.6657 0.2729 0.3800 0.5462 0.6072 0.9524 0.8566
204 205 206 0.5445 0.6348 0.0221 0.4595 0.7520 0.6137 0.5821 0.0446
205 206 207 0.0733 0.3886 0.8886 0.0236 0.2765 0.9553 0.7294 0.6429
206 207 208 0.5354 0.9928 0.7355 0.3124 0.0064 0.0779 0.4615 0.9537
207 208 209 0.1676 0.4983 0.3131 0.5835 0.7272 0.0474 0.0819 0.6251
208 209 210 0.3739 0.3668 0.5173 0.1307 0.7833 0.9965 0.1481 0.5491
209 210 211 0.5015 0.1294 0.9684 0.0499 0.4268 0.8539 0.0914 0.7759
210 211 212 0.8582 0.1885 0.4003 0.9077 0.9620 0.2964 0.9491 0.8820
211 212 213 0.6162 0.7442 0.4611 0.3183 0.2535 0.0367 0.3697 0.9498
212 213 214 0.8551 0.1273 0.0041 0.7097 0.0979 0.0881 0.6629 0.9113
213 214 215 0.4064 0.9159 0.0911 0.2937 0.9041 0.2223 0.5971 0.8654
214 215 216 0.5074 0.1110 0.7083 0.2072 0.2186 0.4753 0.8674 0.5141
215 216 217 0.3418 0.3722 0.5481 0.4910 0.2276 0.1872 0.3886 0.8016
216 217 218 0.4537 0.5994 0.5648 0.9391 0.2573 0.7787 0.8743 0.0831
217 218 219 0.4544 0.3498 0.2282 0.5418 0.6534 0.0896 0.8467 0.9334
218 219 220 0.6139 0.1790 0.1320 0.0065 0.7336 0.6747 0.2699 0.7365
219 220 221 0.5703 0.9986 0.0067 0.7953 0.3440 0.0490 0.3807 0.8312
220 221 222 0.3431 0.4810 0.1106 0.7763 0.1377 0.3892 0.1432 0.4636
221 222 223 0.3478 0.1787 0.6338 0.7664 0.3756 0.1755 0.8745 0.7695
222 223 224 0.6771 0.0131 0.5856 0.3461 0.5324 0.9182 0.5807 0.8608
223 224 225 0.6274 0.9006 0.0753 0.7058 0.1563 0.1661 0.8391 0.1201
224 225 226 0.8320 0.2994 0.3315 0.1701 0.6287 0.2722 0.7853 0.8740
225 226 227 0.4931 0.1685 0.6435 0.8712 0.0292 0.0087 0.9947 0.9621
226 227 228 0.4458 0.6555 0.8271 0.4870 0.3742 0.9982 0.8099 0.0937
227 228 229 0.8848 0.8176 0.3669 0.5851 0.1182 0.7289 0.4962 0.2472
228 229 230 0.7225 0.5049 0.4450 0.5648 0.5165 0.7999 0.0246 0.0113
229 230 231 0.1868 0.0913 0.4646 0.3937 0.6707 0.2594 0.7967 0.9122
230 231 232 0.8626 0.7282 0.3738 0.5270 0.5709 0.1113 0.4375 0.9132
231 232 233 0.8916 0.3016 0.5755 0.6734 0.5582 0.5064 0.7877 0.0838
232 233 234 0.9475 0.0807 0.9971 0.5081 0.8098 0.2688 0.2535 0.4036
233 234 235 0.0036 0.9980 0.0986 0.4093 0.6506 0.2741 0.2262 0.6167
234 235 236 0.2976 0.1441 0.8989 0.2419 0.6758 0.5053 0.2772 0.9047
235 236 237 0.0495 0.5493 0.1529 0.8073 0.7981 0.3402 0.5299 0.2910
236 237 238 0.7692 0.2960 0.7944 0.1215 0.8841 0.6631 0.1825 0.2103
237 238 239 0.4741 0.6044 0.4802 0.1339 0.3276 0.5833 0.2894 0.0217
238 239 240 0.8725 0.3722 0.8965 0.9281 0.4779 0.2422 0.3284 0.5331
239 240 241 0.7366 0.9042 0.8199 0.6323 0.2247 0.3783 0.4019 0.8948
240 241 242 0.1691 0.6911 0.0804 0.1860 0.7924 0.7035 0.4816 0.7430
241 242 243 0.5514 0.5541 0.9092 0.1583 0.0758 0.8838 0.2114 0.8674
242 243 244 0.3389 0.4452 0.4253 0.9762 0.8954 0.5617 0.4360 0.9823
243 244 245 0.5622 0.9224 0.4605 0.3356 0.7230 0.2898 0.6024 0.3368
244 245 246 0.3997 0.7536 0.3622 0.3069 0.5120 0.0208 0.4576 0.4252
245 246 247 0.3533 0.1446 0.6785 0.3588 0.7399 0.7827 0.6678 0.3162
246 247 248 0.2076 0.3091 0.4905 0.3133 0.0039 0.2111 0.3253 0.0537
247 248 249 0.8328 0.1127 0.2507 0.1582 0.8366 0.7260 0.7964 0.9781
248 249 250 0.2424 0.8592 0.2584 0.5331 0.2891 0.2716 0.0481 0.2558
249 250 251 0.4058 0.6035 0.5801 0.3659 0.4623 0.4659 0.2547 0.5076
250 251 252 0.2208 0.3443 0.1068 0.9774 0.0961 0.4284 0.3356 0.0492
251 252 253 0.3438 0.7386 0.3581 0.5525 0.6466 0.0089 0.2417 0.2184
252 253 254 0.0597 0.5212 0.7503 0.4244 0.7179 0.2016 0.8132 0.9947
253 254 255 0.9292 0.7058 0.5641 0.5205 0.8058 0.3314 0.8552 0.5026
254 255 256 0.7095 0.7415 0.9911 0.3639 0.0478 0.9946 0.9702 0.9917
255 256 257 0.6010 0.8507 0.0624 0.2906 0.5625 0.3778 0.1831 0.8046
256 257 258 0.7287 0.8461 0.3679 0.1003 0.6024 0.3155 0.1511 0.6110
257 258 259 0.6381 0.2327 0.3342 0.5694 0.3040 0.4377 0.9110 0.7632
258 259 260 0.9462 0.1374 0.7822 0.8519 0.9799 0.6649 0.7962 0.2172
259 260 261 0.2341 0.2641 0.8694 0.0590 0.1325 0.3977 0.2848 0.4729
260 261 262 0.5714 0.9170 0.7474 0.0702 0.2167 0.7461 0.0244 0.9940
261 262 263 0.6604 0.1257 0.9965 0.0868 0.6660 0.3286 0.5533 0.6190
262 263 264 0.9196 0.9989 0.2331 0.8316 0.5445 0.3560 0.4603 0.6540
263 264 265 0.4334 0.1051 0.9147 0.3399 0.2288 0.7469 0.5597 0.6382
264 265 266 0.8604 0.9228 0.9970 0.6916 0.4085 0.8696 0.8577 0.3352
265 266 267 0.9029 0.9348 0.0605 0.4624 0.9302 0.5702 0.3687 0.6628
266 267 268 0.1138 0.6222 0.4932 0.9556 0.9897 0.8988 0.3905 0.0380
267 268 269 0.0506 0.5566 0.3136 0.3620 0.5075 0.1664 0.1838 0.0255
268 269 270 0.1244 0.7731 0.3812 0.8820 0.6141 0.4097 0.9905 0.8536
269 270 271 0.0986 0.4179 0.8902 0.3222 0.1443 0.2392 0.6730 0.4303
270 271 272 0.2548 0.7084 0.4252 0.0829 0.3137 0.1233 0.6016 0.4646
271 272 273 0.2942 0.0873 0.9910 0.3734 0.4128 0.3650 0.4742 0.5025
272 273 274 0.7218 0.6388 0.9841 0.0267 0.9042 0.2687 0.7897 0.9356
273 274 275 0.9329 0.0557 0.3678 0.3897 0.4957 0.2160 0.6149 0.2476
274 275 276 0.9484 0.4295 0.8526 0.2669 0.8434 0.2275 0.7331 0.4464
275 276 277 0.2522 0.7021 0.2931 0.7271 0.2526 0.6540 0.6172 0.8732
276 277 278 0.0454 0.1409 0.7108 0.7968 0.3568 0.7758 0.4989 0.6550
277 278 000 0.1347 0.5382 0.1084 0.2495 0.3086 0.6490 0.7621 0.9177
278 000 001 0.7346 0.6299 0.5966 0.0586 0.0831 0.1910 0.3910 0.7404
