279 155682 3 279
000 001 002 0.9010 0.4283 0.1044 0.1807 0.8284 0.2411 0.6188 0.0738
001 002 003 0.0044 0.0408 0.3776 0.7772 0.9884 0.7465 0.0471 0.2151
002 003 004 0.5592 0.3296 0.2674 0.7262 0.5935 0.4913 0.4382 0.1599
003 004 005 0.2401 0.6342 0.4836 0.7480 0.9230 0.9473 0.8615 0.4993
004 005 006 0.0466 0.1989 0.8731 0.7333 0.8243 0.8642 0.3375 0.3877
005 006 007 0.1692 0.9771 0.5617 0.1538 0.7626 0.7452 0.6146 0.8883
006 007 008 0.7862 0.3312 0.4992 0.7481 0.3343 0.8296 0.0153 0.7944
007 008 009 0.9090 0.3471 0.9718 0.5739 0.8354 0.8332 0.6203 0.7426
008 009 010 0.6336 0.2074 0.8880 0.7618 0.8991 0.0717 0.7969 0.2173
009 010 011 0.3081 0.6234 0.0101 0.6839 0.2260 0.3646 0.1131 0.2244
010 011 012 0.4607 0.3421 0.6439 0.0744 0.8964 0.3945 0.3215 0.4341
011 012 013 0.2535 0.7265 0.1521 0.8758 0.4953 0.1292 0.6072 0.6607
012 013 014 0.9606 0.1039 0.5929 0.9938 0.2754 0.2746 0.6964 0.8429
013 014 015 0.9815 0.6378 0.2974 0.8532 0.5420 0.1162 0.5178 0.5881
014 015 016 0.5291 0.6401 0.3863 0.5362 0.7662 0.9093 0.9481 0.6675
015 016 017 0.9505 0.9411 0.4782 0.0610 0.7619 0.3347 0.4177 0.0302
016 017 018 0.7177 0.6060 0.4189 0.9490 0.0492 0.0163 0.6330 0.2677
017 018 019 0.8661 0.2280 0.9133 0.3299 0.9068 0.7533 0.3799 0.7288
018 019 020 0.7233 0.1952 0.5452 0.0663 0.3858 0.5692 0.6098 0.3552
019 020 021 0.8238 0.9402 0.8016 0.4498 0.4804 0.7254 0.3133 0.8200
020 021 022 0.1108 0.5068 0.8264 0.8167 0.2340 0.7949 0.2174 0.9641
021 022 023 0.2811 0.5629 0.9671 0.5470 0.2035 0.7611 0.2240 0.2959
022 023 024 0.1216 0.1072 0.5550 0.2941 0.7773 0.9159 0.3718 0.9822
023 024 025 0.1187 0.4396 0.4135 0.8755 0.5295 0.4118 0.8982 0.8923
024 025 026 0.0523 0.7345 0.5632 0.7703 0.7823 0.1228 0.1169 0.9531
025 026 027 0.3895 0.4528 0.8824 0.8728 0.5407 0.8456 0.2645 0.0530
026 027 028 0.6492 0.5483 0.2965 0.5307 0.3122 0.2185 0.9734 0.4165
027 028 029 0.4468 0.9871 0.7291 0.6813 0.0320 0.3845 0.2635 0.0160
028 029 030 0.4024 0.6235 0.6607 0.3766 0.7856 0.4844 0.8377 0.4634
029 030 031 0.0733 0.3560 0.3783 0.0189 0.6939 0.1204 0.2741 0.9461
030 031 032 0.1518 0.1481 0.5967 0.5379 0.6884 0.7834 0.1149 0.6730
031 032 033 0.6238 0.1376 0.0610 0.7916 0.5020 0.7033 0.0881 0.0791
032 033 034 0.1357 0.8588 0.6984 0.3406 0.6624 0.4566 0.1733 0.6632
033 034 035 0.2616 0.7776 0.4146 0.7255 0.3959 0.9421 0.4617 0.3840
034 035 036 0.3112 0.9935 0.6032 0.2797 0.4298 0.2568 0.3136 0.2551
035 036 037 0.8995 0.1393 0.8299 0.0791 0.2500 0.0495 0.7719 0.4032
036 037 038 0.2935 0.1194 0.1310 0.1074 0.7567 0.9571 0.6971 0.3131
037 038 039 0.8949 0.8723 0.0588 0.0812 0.6376 0.2226 0.1303 0.9691
038 039 040 0.8213 0.1765 0.1520 0.4381 0.3649 0.2837 0.7107 0.2064
039 040 041 0.0847 0.7756 0.2647 0.8200 0.0650 0.5491 0.1215 0.3852
040 041 042 0.3725 0.2010 0.5146 0.0353 0.7858 0.2239 0.6118 0.3676
041 042 043 0.1017 0.7830 0.3630 0.5080 0.4537 0.8824 0.4257 0.3147
042 043 044 0.3711 0.1073 0.0583 0.7545 0.6314 0.7730 0.9203 0.8334
043 044 045 0.0264 0.6354 0.6775 0.9155 0.2368 0.8914 0.3868 0.4245
044 045 046 0.5937 0.7437 0.6121 0.6004 0.5308 0.9546 0.5865 0.1621
045 046 047 0.9488 0.0084 0.7664 0.2531 0.7438 0.8127 0.4390 0.3513
046 047 048 0.4487 0.7962 0.7849 0.6120 0.2161 0.5758 0.2089 0.6475
047 048 049 0.8936 0.8016 0.7069 0.7305 0.4124 0.4569 0.4952 0.7208
048 049 050 0.8460 0.7256 0.1123 0.7654 0.8932 0.2066 0.7404 0.8404
049 050 051 0.3833 0.0411 0.7126 0.0170 0.8636 0.8461 0.9269 0.1083
050 051 052 0.3876 0.4270 0.7168 0.4837 0.1089 0.4231 0.9704 0.5721
051 052 053 0.8183 0.5790 0.6303 0.3151 0.9560 0.4302 0.9275 0.0811
052 053 054 0.4805 0.5460 0.1123 0.0653 0.5418 0.6111 0.5295 0.9306
053 054 055 0.8589 0.2337 0.1956 0.3099 0.4202 0.3940 0.2004 0.5914
054 055 056 0.8717 0.6212 0.6212 0.6005 0.4296 0.1391 0.4521 0.4425
055 056 057 0.3266 0.5673 0.1809 0.6649 0.6005 0.8301 0.9086 0.3620
056 057 058 0.9883 0.9376 0.4046 0.5331 0.0080 0.8040 0.6684 0.8422
057 058 059 0.7866 0.1139 0.2245 0.8481 0.1376 0.7787 0.7208 0.6571
058 059 060 0.8796 0.2801 0.7762 0.7330 0.1423 0.8808 0.2431 0.6602
059 060 061 0.7295 0.2178 0.3857 0.1650 0.9670 0.4473 0.6144 0.5015
060 061 062 0.0927 0.1106 0.4670 0.4158 0.1469 0.1056 0.2669 0.7099
061 062 063 0.0085 0.0139 0.8265 0.9301 0.6193 0.7341 0.7153 0.0231
062 063 064 0.2137 0.1020 0.7498 0.2637 0.2134 0.9713 0.8544 0.5019
063 064 065 0.2640 0.6058 0.3038 0.7260 0.4249 0.1602 0.3165 0.0195
064 065 066 0.6555 0.8416 0.3474 0.8829 0.3019 0.0715 0.9234 0.0320
065 066 067 0.4816 0.2550 0.0863 0.1290 0.9441 0.8275 0.5461 0.5218
066 067 068 0.5569 0.7937 0.9886 0.0501 0.8344 0.3577 0.5419 0.4441
067 068 069 0.8829 0.3056 0.7612 0.0065 0.3477 0.3644 0.4129 0.1906
068 069 070 0.9800 0.9157 0.7541 0.2070 0.3764 0.2631 0.6026 0.7507
069 070 071 0.9291 0.6676 0.8662 0.6799 0.7329 0.9238 0.7379 0.0229
070 071 072 0.9345 0.9389 0.7734 0.0271 0.8214 0.1302 0.1298 0.6461
071 072 073 0.1291 0.2555 0.3926 0.6083 0.4880 0.4092 0.6405 0.4895
072 073 074 0.8230 0.8476 0.9568 0.1162 0.6490 0.1237 0.0548 0.8199
073 074 075 0.2638 0.5782 0.5120 0.1413 0.5517 0.4261 0.7533 0.6254
074 075 076 0.0208 0.8200 0.3544 0.1130 0.1716 0.2287 0.7129 0.1930
075 076 077 0.9557 0.0889 0.2941 0.0077 0.6073 0.5822 0.7368 0.6074
076 077 078 0.1640 0.0278 0.4709 0.4418 0.5489 0.0299 0.8248 0.2990
077 078 079 0.9089 0.2053 0.4333 0.8204 0.6185 0.2645 0.3569 0.4529
078 079 080 0.4362 0.0529 0.1856 0.5247 0.4818 0.6189 0.3706 0.3600
079 080 081 0.0603 0.8514 0.0349 0.6718 0.5235 0.3945 0.2645 0.1748
080 081 082 0.2715 0.4844 0.6323 0.4361 0.1106 0.7616 0.7711 0.3885
081 082 083 0.7704 0.9912 0.9477 0.6228 0.4536 0.4531 0.1144 0.0655
082 083 084 0.1224 0.8735 0.4904 0.8640 0.8076 0.2122 0.2733 0.4738
083 084 085 0.5025 0.7642 0.9846 0.2300 0.2459 0.3907 0.3518 0.8902
084 085 086 0.0191 0.6888 0.2909 0.2688 0.2683 0.5664 0.9203 0.6749
085 086 087 0.1072 0.0722 0.6898 0.5171 0.3950 0.9585 0.4084 0.1020
086 087 088 0.0965 0.4148 0.3022 0.1550 0.7481 0.0967 0.6868 0.2723
087 088 089 0.0775 0.7638 0.6974 0.6485 0.9803 0.1719 0.8291 0.5997
088 089 090 0.6690 0.0345 0.3706 0.6790 0.5658 0.3269 0.0671 0.6153
089 090 091 0.3296 0.3660 0.0540 0.7759 0.9432 0.2625 0.4423 0.2191
090 091 092 0.3793 0.2371 0.6774 0.7336 0.6132 0.1494 0.9485 0.4127
091 092 093 0.4921 0.3225 0.7915 0.1331 0.2749 0.4632 0.4541 0.7316
092 093 094 0.5552 0.7814 0.6278 0.8396 0.0515 0.3632 0.3421 0.6838
093 094 095 0.5131 0.1457 0.0803 0.2951 0.7583 0.7613 0.3375 0.8737
094 095 096 0.7237 0.1800 0.3131 0.2823 0.2150 0.2253 0.4896 0.5451
095 096 097 0.1498 0.0095 0.7994 0.3851 0.1466 0.3881 0.6889 0.0837
096 097 098 0.8976 0.5604 0.9769 0.9019 0.6071 0.0294 0.7375 0.1333
097 098 099 0.6362 0.5318 0.1579 0.3492 0.4358 0.5241 0.2138 0.2080
098 099 100 0.5982 0.6598 0.4840 0.5344 0.1677 0.0178 0.1990 0.6891
099 100 101 0.0815 0.8995 0.1604 0.8358 0.9173 0.1488 0.0545 0.3763
100 101 102 0.4084 0.2055 0.1116 0.1421 0.0004 0.4613 0.6115 0.0294
101 102 103 0.6821 0.7643 0.9362 0.2968 0.0228 0.7019 0.8566 0.7479
102 103 104 0.4938 0.9204 0.7320 0.1468 0.3573 0.1673 0.8131 0.1086
103 104 105 0.3948 0.4082 0.9984 0.3582 0.6855 0.5810 0.1512 0.2729
104 105 106 0.3011 0.2117 0.5117 0.1979 0.6261 0.2749 0.7667 0.0310
105 106 107 0.2871 0.9743 0.7759 0.2786 0.0742 0.6115 0.0881 0.9148
106 107 108 0.4244 0.6899 0.1840 0.9260 0.5280 0.2461 0.1525 0.2922
107 108 109 0.2089 0.8144 0.1231 0.5437 0.1640 0.0805 0.1386 0.0313
108 109 110 0.7361 0.8397 0.6454 0.2353 0.0140 0.9422 0.6915 0.4490
109 110 111 0.0512 0.1481 0.8093 0.2138 0.1709 0.0711 0.2241 0.2516
110 111 112 0.8226 0.6447 0.5980 0.6351 0.5820 0.2864 0.2210 0.4148
111 112 113 0.6813 0.1840 0.5246 0.5313 0.7080 0.6639 0.3308 0.1540
112 113 114 0.0742 0.2738 0.1614 0.2006 0.6922 0.3100 0.2963 0.6603
113 114 115 0.0104 0.9455 0.0529 0.0179 0.3121 0.1134 0.0002 0.5257
114 115 116 0.5467 0.1225 0.9291 0.4376 0.4752 0.5248 0.4341 0.7154
115 116 117 0.7395 0.7351 0.7562 0.4349 0.3486 0.1699 0.4346 0.4847
116 117 118 0.7154 0.4587 0.6993 0.9592 0.6959 0.4858 0.5789 0.0425
117 118 119 0.8030 0.1423 0.9742 0.6137 0.9721 0.1486 0.3893 0.7986
118 119 120 0.1654 0.1768 0.9812 0.2185 0.5100 0.6453 0.4704 0.8918
119 120 121 0.8619 0.6134 0.1696 0.9682 0.0362 0.3090 0.5324 0.7284
120 121 122 0.3201 0.7255 0.4292 0.0209 0.1414 0.8800 0.4685 0.4606
121 122 123 0.1827 0.1635 0.8407 0.8745 0.1724 0.1158 0.9531 0.8085
122 123 124 0.9820 0.8264 0.4357 0.9244 0.7029 0.4724 0.9071 0.5747
123 124 125 0.4328 0.7348 0.3138 0.7260 0.6675 0.7574 0.7757 0.8757
124 125 126 0.9677 0.9757 0.5105 0.7356 0.9350 0.3792 0.7340 0.7775
125 126 127 0.0400 0.2937 0.2973 0.6729 0.7032 0.9271 0.8991 0.1673
126 127 128 0.4152 0.6661 0.1352 0.3425 0.1989 0.0661 0.0607 0.0705
127 128 129 0.9188 0.1206 0.3297 0.7986 0.2700 0.3382 0.2950 0.9898
128 129 130 0.2382 0.1226 0.1940 0.3550 0.4950 0.3916 0.6485 0.7393
129 130 131 0.5692 0.9184 0.3892 0.5489 0.3738 0.7526 0.6470 0.0046
130 131 132 0.4789 0.8280 0.1988 0.7233 0.4559 0.9903 0.6993 0.6629
131 132 133 0.4900 0.4423 0.6675 0.4307 0.8410 0.1415 0.1155 0.4248
132 133 134 0.0592 0.7166 0.6177 0.0868 0.8830 0.3313 0.9541 0.1146
133 134 135 0.2905 0.4802 0.7757 0.6943 0.2522 0.9123 0.8702 0.9228
134 135 136 0.9006 0.1041 0.4985 0.8178 0.2946 0.9787 0.8905 0.8480
135 136 137 0.7621 0.7217 0.9424 0.8476 0.2611 0.6576 0.9058 0.3821
136 137 138 0.4158 0.6104 0.9431 0.6227 0.7845 0.6216 0.4792 0.2505
137 138 139 0.1438 0.0762 0.7675 0.4023 0.2877 0.5490 0.1268 0.5270
138 139 140 0.6367 0.1730 0.5628 0.6142 0.8962 0.8298 0.1585 0.3682
139 140 141 0.0704 0.6378 0.7161 0.7243 0.3633 0.4383 0.1846 0.3718
140 141 142 0.9488 0.7017 0.1112 0.2805 0.4595 0.4596 0.7990 0.6341
141 142 143 0.0694 0.4091 0.4349 0.1331 0.1395 0.4353 0.5629 0.1248
142 143 144 0.5199 0.7568 0.9129 0.7798 0.0501 0.9128 0.2527 0.7140
143 144 145 0.3640 0.9033 0.8218 0.3191 0.3833 0.7615 0.9315 0.8443
144 145 146 0.0706 0.8903 0.4096 0.2239 0.5669 0.5471 0.3872 0.7985
145 146 147 0.0055 0.5131 0.5663 0.9636 0.1010 0.4907 0.6046 0.8449
146 147 148 0.3452 0.1500 0.9502 0.8943 0.7266 0.6384 0.7422 0.1087
147 148 149 0.1160 0.8778 0.5652 0.1526 0.8031 0.0330 0.6651 0.5989
148 149 150 0.8063 0.5092 0.5511 0.2487 0.5839 0.8293 0.3094 0.1490
149 150 151 0.1481 0.1130 0.5945 0.3050 0.1287 0.6457 0.7486 0.3319
150 151 152 0.6942 0.5722 0.4905 0.3650 0.9130 0.3382 0.7975 0.1159
151 152 153 0.0201 0.2057 0.3878 0.9491 0.9575 0.9551 0.6469 0.2384
152 153 154 0.2037 0.7709 0.1411 0.5182 0.6707 0.3426 0.8215 0.5484
153 154 155 0.7956 0.9947 0.2455 0.0952 0.4940 0.1001 0.6847 0.6194
154 155 156 0.3696 0.5337 0.8900 0.6622 0.1406 0.4708 0.6084 0.3513
155 156 157 0.3546 0.2135 0.1576 0.0645 0.8884 0.2541 0.9134 0.5038
156 157 158 0.4608 0.7032 0.9623 0.1537 0.3643 0.5041 0.5559 0.6238
157 158 159 0.1283 0.3361 0.7279 0.6425 0.4762 0.1714 0.0021 0.6453
158 159 160 0.9938 0.3357 0.5911 0.2502 0.7519 0.3710 0.9183 0.5110
159 160 161 0.9354 0.7537 0.4100 0.6616 0.5197 0.2181 0.4713 0.5974
160 161 162 0.8162 0.1213 0.6755 0.9564 0.6224 0.4628 0.8210 0.0063
161 162 163 0.3478 0.9842 0.5412 0.8745 0.6255 0.9839 0.4110 0.5644
162 163 164 0.3911 0.6735 0.9324 0.5260 0.9579 0.8685 0.6746 0.1991
163 164 165 0.9864 0.9058 0.3990 0.4736 0.8878 0.6386 0.8965 0.6357
164 165 166 0.9718 0.4160 0.4754 0.6693 0.4912 0.6842 0.4689 0.4823
165 166 167 0.8607 0.2307 0.2422 0.8577 0.1339 0.9638 0.6971 0.4377
166 167 168 0.1653 0.4963 0.4761 0.9200 0.0387 0.8551 0.9905 0.0832
167 168 169 0.7827 0.6210 0.3226 0.4104 0.0831 0.9709 0.8665 0.1824
168 169 170 0.3190 0.2632 0.7652 0.8543 0.7653 0.9133 0.9788 0.2011
169 170 171 0.4130 0.1986 0.7327 0.2929 0.7040 0.3758 0.9636 0.6129
170 171 172 0.7824 0.2131 0.3433 0.8502 0.9565 0.2745 0.1868 0.6679
171 172 173 0.0915 0.1300 0.7927 0.5523 0.3586 0.4593 0.5517 0.0421
172 173 174 0.2720 0.9267 0.3821 0.9517 0.5422 0.9811 0.4921 0.7893
173 174 175 0.2246 0.1692 0.1887 0.1361 0.1751 0.3539 0.9011 0.9589
174 175 176 0.5316 0.9066 0.9745 0.4963 0.3975 0.2597 0.9931 0.7382
175 176 177 0.8666 0.7168 0.0728 0.8619 0.7728 0.5492 0.0411 0.5493
176 177 178 0.8713 0.8743 0.0250 0.3470 0.9366 0.9491 0.8696 0.7561
177 178 179 0.3939 0.1071 0.4725 0.8408 0.5685 0.4553 0.5848 0.1530
178 179 180 0.0257 0.6474 0.7421 0.7757 0.4385 0.5152 0.3318 0.9062
179 180 181 0.6352 0.8577 0.2095 0.4228 0.9084 0.5191 0.4187 0.4614
180 181 182 0.6275 0.9424 0.0332 0.1945 0.8027 0.0077 0.8441 0.9761
181 182 183 0.1427 0.6968 0.1888 0.0365 0.0179 0.0639 0.7275 0.0289
182 183 184 0.5350 0.2181 0.5875 0.6923 0.0712 0.5562 0.5100 0.8096
183 184 185 0.1103 0.6549 0.7698 0.9446 0.3902 0.4469 0.2537 0.0107
184 185 186 0.6075 0.1040 0.8166 0.5344 0.6613 0.8399 0.3147 0.4862
185 186 187 0.4272 0.9491 0.9183 0.5637 0.8147 0.4254 0.3585 0.8447
186 187 188 0.1940 0.5982 0.1069 0.7203 0.8253 0.7367 0.4781 0.1656
187 188 189 0.0088 0.9242 0.9218 0.4422 0.9128 0.8058 0.4754 0.6255
188 189 190 0.4726 0.5417 0.4555 0.5751 0.4652 0.2242 0.1596 0.9688
189 190 191 0.0255 0.8282 0.8863 0.9158 0.8039 0.2684 0.2627 0.7658
190 191 192 0.1803 0.6237 0.3917 0.6089 0.0688 0.6990 0.7364 0.9747
191 192 193 0.0208 0.6267 0.5009 0.8610 0.6018 0.8056 0.1461 0.9749
192 193 194 0.1898 0.6818 0.1590 0.8519 0.0880 0.0469 0.6453 0.8171
193 194 195 0.4790 0.5922 0.3783 0.2037 0.2218 0.9116 0.1896 0.2639
194 195 196 0.5640 0.9257 0.4599 0.7191 0.6728 0.6971 0.2669 0.6076
195 196 197 0.3157 0.4531 0.0555 0.2615 0.0377 0.7750 0.1705 0.7683
196 197 198 0.5439 0.8201 0.2186 0.9885 0.8498 0.6163 0.4205 0.1920
197 198 199 0.9781 0.2932 0.0322 0.5929 0.5649 0.3823 0.2797 0.4687
198 199 200 0.4695 0.8609 0.3687 0.4149 0.1450 0.3044 0.8253 0.3474
199 200 201 0.9512 0.8503 0.6727 0.2223 0.4701 0.5825 0.8890 0.6639
200 201 202 0.6076 0.5292 0.0570 0.9854 0.3144 0.6611 0.7018 0.6840
201 202 203 0.7474 0.4600 0.8912 0.8294 0.8415 0.0265 0.8656 0.1173
202 203 204 0.6980 0.4338 0.3199 0.0611 0.4143 0.3300 0.9249 0.5811
203 204 205 0.3787 0.2958 0.3082 0.3827 0.1837 0.9157 0.5226 0.0675
204 205 206 0.7481 0.8020 0.0915 0.2283 0.9824 0.4448 0.9262 0.2501
205 206 207 0.3743 0.4553 0.4826 0.3444 0.8078 0.9964 0.0579 0.5612
206 207 208 0.6146 0.0625 0.7328 0.7899 0.6211 0.9694 0.2202 0.5935
207 208 209 0.3929 0.0048 0.1189 0.7778 0.2362 0.7259 0.2206 0.1499
208 209 210 0.5535 0.7988 0.0165 0.7576 0.5647 0.0013 0.4017 0.8196
209 210 211 0.2924 0.9672 0.0041 0.1462 0.2846 0.0683 0.8177 0.2128
210 211 212 0.1969 0.2658 0.4586 0.7457 0.8998 0.2969 0.2177 0.1033
211 212 213 0.8336 0.3426 0.7759 0.1806 0.4593 0.1823 0.6131 0.8741
212 213 214 0.0924 0.9910 0.5859 0.3911 0.2526 0.4332 0.0972 0.7244
213 214 215 0.0430 0.7473 0.7347 0.3494 0.6839 0.0712 0.5892 0.1516
214 215 216 0.8827 0.1379 0.1272 0.8781 0.7925 0.5750 0.7859 0.3920
215 216 217 0.6256 0.2480 0.8816 0.9708 0.1645 0.3344 0.6958 0.4936
216 217 218 0.3916 0.2125 0.8519 0.6888 0.3058 0.0623 0.0972 0.6336
217 218 219 0.1343 0.1263 0.2313 0.6504 0.0358 0.3163 0.0977 0.1362
218 219 220 0.9970 0.8699 0.5221 0.7663 0.6600 0.8090 0.7619 0.0843
219 220 221 0.5847 0.2192 0.6132 0.4376 0.1792 0.3722 0.0087 0.8293
220 221 222 0.1136 0.9202 0.6441 0.4737 0.2647 0.0010 0.1379 0.2590
221 222 223 0.3923 0.4919 0.5124 0.6662 0.7344 0.6457 0.4238 0.9766
222 223 224 0.3518 0.4924 0.8809 0.7765 0.8123 0.9203 0.6262 0.4514
223 224 225 0.0038 0.8264 0.6501 0.4370 0.7255 0.1088 0.3609 0.7194
224 225 226 0.4987 0.2160 0.8293 0.3000 0.3089 0.0788 0.2893 0.5337
225 226 227 0.7392 0.7173 0.5991 0.7528 0.7125 0.9822 0.0884 0.2044
226 227 228 0.3041 0.0922 0.9934 0.9739 0.7369 0.3964 0.3736 0.2445
227 228 229 0.1829 0.8956 0.1596 0.6809 0.1904 0.0548 0.1740 0.0775
228 229 230 0.3148 0.6905 0.6625 0.5104 0.3591 0.2431 0.7112 0.5725
229 230 231 0.0333 0.9795 0.8566 0.6206 0.4958 0.8157 0.1481 0.9773
230 231 232 0.5631 0.4667 0.0334 0.1049 0.5797 0.3302 0.4758 0.2039
231 232 233 0.7859 0.5623 0.3627 0.7091 0.5798 0.6334 0.9424 0.5659
232 233 234 0.4229 0.3315 0.7952 0.0527 0.6726 0.9650 0.0117 0.3184
233 234 235 0.5043 0.2403 0.2420 0.1446 0.6230 0.2658 0.8364 0.8528
234 235 236 0.7666 0.7729 0.8819 0.0703 0.0626 0.2288 0.6377 0.6099
235 236 237 0.0203 0.2487 0.7143 0.3040 0.8752 0.3502 0.3050 0.4767
236 237 238 0.8509 0.3884 0.0422 0.1427 0.9791 0.5861 0.5726 0.5340
237 238 239 0.8339 0.4302 0.8504 0.5105 0.4053 0.2393 0.7987 0.9232
238 239 240 0.9089 0.0864 0.1491 0.3646 0.1046 0.5002 0.2024 0.1748
239 240 241 0.6736 0.3841 0.1297 0.0978 0.4488 0.9531 0.0443 0.7649
240 241 242 0.8550 0.0509 0.4583 0.3678 0.4153 0.5172 0.2590 0.9787
241 242 243 0.3471 0.2698 0.8804 0.8908 0.8570 0.7336 0.7796 0.7749
242 243 244 0.4939 0.6915 0.1586 0.4135 0.1553 0.9185 0.0248 0.6178
243 244 245 0.2771 0.4053 0.4458 0.9579 0.8156 0.8798 0.3762 0.1572
244 245 246 0.3819 0.6180 0.0678 0.3225 0.9276 0.7036 0.8463 0.5830
245 246 247 0.9611 0.7437 0.1699 0.6940 0.1658 0.6413 0.1560 0.8266
246 247 248 0.6424 0.0419 0.6775 0.1524 0.2181 0.6479 0.4752 0.5417
247 248 249 0.7556 0.9487 0.5204 0.7535 0.2060 0.3373 0.3461 0.1179
248 249 250 0.5980 0.8783 0.3941 0.3020 0.9963 0.6888 0.4857 0.2619
249 250 251 0.5371 0.4047 0.8320 0.5763 0.2058 0.3308 0.9486 0.8246
250 251 252 0.2655 0.8904 0.8705 0.7448 0.8714 0.1007 0.8612 0.5725
251 252 253 0.7014 0.5115 0.5868 0.6147 0.9791 0.5072 0.0587 0.2353
252 253 254 0.7301 0.8738 0.8616 0.3101 0.5418 0.7757 0.0590 0.1869
253 254 255 0.6681 0.4439 0.1434 0.1718 0.6125 0.8866 0.7814 0.1174
254 255 256 0.8279 0.3442 0.4570 0.5307 0.8490 0.5074 0.3903 0.9165
255 256 257 0.3793 0.6170 0.9029 0.0557 0.9284 0.1068 0.9103 0.5908
256 257 258 0.4055 0.7672 0.7547 0.8229 0.6480 0.8350 0.5662 0.5449
257 258 259 0.5846 0.3795 0.5321 0.5336 0.6139 0.1048 0.8800 0.2058
258 259 260 0.9715 0.1252 0.9654 0.8923 0.5524 0.3363 0.7123 0.7267
259 260 261 0.0701 0.1964 0.8340 0.3913 0.7464 0.8919 0.9145 0.0627
260 261 262 0.9903 0.9259 0.5279 0.1484 0.9869 0.4069 0.4813 0.3087
261 262 263 0.8092 0.0517 0.9820 0.1316 0.9469 0.0050 0.1117 0.1428
262 263 264 0.3327 0.4314 0.3936 0.5636 0.6497 0.9684 0.1667 0.3449
263 264 265 0.9002 0.9041 0.7639 0.9240 0.2116 0.1899 0.5847 0.5922
264 265 266 0.4845 0.0601 0.8981 0.1916 0.1715 0.9668 0.5392 0.7065
265 266 267 0.3711 0.7430 0.8289 0.2435 0.1821 0.5396 0.2060 0.5597
266 267 268 0.7341 0.2727 0.1418 0.2328 0.9172 0.4629 0.5092 0.7296
267 268 269 0.9415 0.2968 0.0371 0.1786 0.5470 0.0140 0.7974 0.5224
268 269 270 0.8934 0.0678 0.7604 0.0817 0.1997 0.9315 0.4455 0.7696
269 270 271 0.4432 0.0832 0.0863 0.7976 0.9015 0.7463 0.1899 0.9665
270 271 272 0.5837 0.7744 0.1894 0.4226 0.4532 0.8201 0.9998 0.0152
271 272 273 0.7252 0.9194 0.6609 0.4151 0.4123 0.2575 0.4682 0.7566
272 273 274 0.7555 0.7946 0.9867 0.1021 0.4442 0.3300 0.2871 0.6374
273 274 275 0.1915 0.0378 0.3718 0.2702 0.5490 0.7306 0.5322 0.1140
274 275 276 0.9626 0.0545 0.8860 0.7329 0.2535 0.4709 0.2718 0.0718
275 276 277 0.9458 0.2548 0.1573 0.9758 0.7082 0.5347 0.9667 0.1610
276 277 278 0.5591 0.0113 0.1190 0.5549 0.4618 0.9045 0.2839 0.6658
277 278 000 0.0028 0.1676 0.2209 0.5127 0.3702 0.1861 0.0907 0.8175
278 000 001 0.9974 0.0657 0.3734 0.5982 0.1535 0.4487 0.5876 0.9195
