279 155682 3 279
000 001 002 0.2776 0.1877 0.9734 0.2644 0.6113 0.9833 0.8737 0.1779
001 002 003 0.2379 0.1805 0.3299 0.8063 0.5047 0.6028 0.2477 0.4269
002 003 004 0.3181 0.6708 0.7136 0.7904 0.1240 0.8417 0.6267 0.7759
003 004 005 0.1313 0.1410 0.5655 0.6137 0.1015 0.8351 0.8932 0.5075
004 005 006 0.9695 0.8363 0.1010 0.0577 0.8458 0.9011 0.5454 0.9377
005 006 007 0.9449 0.5841 0.6358 0.5365 0.9941 0.3100 0.2567 0.3888
006 007 008 0.8590 0.4065 0.8644 0.0067 0.1266 0.7419 0.6548 0.6294
007 008 009 0.1426 0.3037 0.1004 0.9222 0.5679 0.5226 0.6001 0.4293
008 009 010 0.1821 0.8402 0.0195 0.0988 0.8329 0.5869 0.5811 0.8388
009 010 011 0.4969 0.4600 0.0230 0.3115 0.4211 0.9901 0.8583 0.5969
010 011 012 0.5198 0.0423 0.2685 0.2953 0.1883 0.3478 0.6024 0.4085
011 012 013 0.6193 0.7447 0.2507 0.0866 0.9809 0.4367 0.0931 0.2786
012 013 014 0.8802 0.9432 0.1359 0.3207 0.4800 0.2724 0.1638 0.2903
013 014 015 0.5936 0.9206 0.8630 0.3247 0.5230 0.9534 0.9615 0.6292
014 015 016 0.6382 0.4697 0.3711 0.5696 0.2081 0.3832 0.6640 0.5219
015 016 017 0.6129 0.2395 0.5795 0.4148 0.0300 0.2321 0.6014 0.2167
016 017 018 0.6036 0.8397 0.9346 0.6926 0.5006 0.2292 0.2479 0.7658
017 018 019 0.6125 0.2462 0.1373 0.2832 0.0894 0.7120 0.6819 0.0092
018 019 020 0.0978 0.4416 0.3073 0.5056 0.1618 0.4717 0.0953 0.6319
019 020 021 0.7911 0.1432 0.3718 0.4729 0.8186 0.9179 0.2103 0.2852
020 021 022 0.5261 0.1589 0.1163 0.3568 0.8358 0.0677 0.5668 0.5830
021 022 023 0.0260 0.7489 0.2032 0.8547 0.6762 0.9510 0.8764 0.7609
022 023 024 0.2563 0.3992 0.6114 0.6392 0.1316 0.3988 0.6826 0.5085
023 024 025 0.4638 0.8942 0.0908 0.0858 0.6344 0.4517 0.6011 0.6968
024 025 026 0.3836 0.1357 0.3117 0.6682 0.9679 0.9479 0.4517 0.1331
025 026 027 0.9273 0.2174 0.5474 0.4718 0.4731 0.2609 0.9275 0.9948
026 027 028 0.3215 0.0091 0.2178 0.7741 0.2661 0.6020 0.4859 0.3868
027 028 029 0.4960 0.7740 0.4822 0.8956 0.0235 0.2763 0.4422 0.9389
028 029 030 0.0694 0.6523 0.1881 0.8406 0.6035 0.8153 0.8287 0.0655
029 030 031 0.7878 0.0400 0.8517 0.4193 0.4196 0.2652 0.7308 0.5507
030 031 032 0.4216 0.9161 0.0338 0.1841 0.4606 0.2875 0.9298 0.4649
031 032 033 0.2496 0.5993 0.2206 0.0088 0.4968 0.2721 0.5056 0.9913
032 033 034 0.5295 0.8657 0.3220 0.6766 0.8164 0.1395 0.9602 0.9700
033 034 035 0.4746 0.5078 0.2104 0.1709 0.3557 0.4320 0.2529 0.3534
034 035 036 0.1665 0.5583 0.9678 0.5081 0.5259 0.2491 0.9822 0.9105
035 036 037 0.7505 0.5143 0.7620 0.4482 0.1978 0.0072 0.9311 0.8921
036 037 038 0.7891 0.5074 0.8540 0.2942 0.8366 0.3412 0.2989 0.8631
037 038 039 0.2695 0.7926 0.4500 0.7005 0.6373 0.8795 0.3276 0.7731
038 039 040 0.8394 0.5707 0.7847 0.0103 0.1251 0.6322 0.1360 0.1995
039 040 041 0.5583 0.1702 0.3487 0.2711 0.0243 0.0238 0.2489 0.2125
040 041 042 0.3312 0.5108 0.7058 0.8424 0.5723 0.8802 0.3738 0.9898
041 042 043 0.3110 0.3307 0.1737 0.6587 0.6681 0.8856 0.7646 0.3500
042 043 044 0.8441 0.3530 0.2930 0.6828 0.8065 0.3851 0.3063 0.3283
043 044 045 0.3938 0.9695 0.2752 0.5481 0.2401 0.5326 0.7257 0.1889
044 045 046 0.4982 0.7518 0.9217 0.4234 0.0089 0.0185 0.8698 0.0385
045 046 047 0.0951 0.0884 0.6035 0.8528 0.7079 0.7395 0.8968 0.5731
046 047 048 0.1016 0.1109 0.6035 0.4348 0.9035 0.6977 0.4798 0.8567
047 048 049 0.2030 0.8467 0.7811 0.4831 0.3651 0.4181 0.0294 0.8758
048 049 050 0.5256 0.5338 0.5682 0.9593 0.8118 0.0029 0.6739 0.0351
049 050 051 0.5637 0.9389 0.8029 0.8124 0.7714 0.9110 0.2822 0.9603
050 051 052 0.0037 0.2588 0.0912 0.4883 0.7632 0.6880 0.0478 0.2377
051 052 053 0.2369 0.1476 0.2823 0.6256 0.6607 0.3474 0.0347 0.4957
052 053 054 0.6926 0.3426 0.7501 0.9106 0.8642 0.4031 0.1256 0.4098
053 054 055 0.3259 0.5946 0.1637 0.0622 0.2039 0.8942 0.8160 0.9201
054 055 056 0.5740 0.6527 0.8496 0.6409 0.0501 0.2954 0.9841 0.9718
055 056 057 0.9953 0.1915 0.3924 0.1526 0.4465 0.5977 0.2344 0.7767
056 057 058 0.4003 0.2684 0.8059 0.8849 0.7043 0.7809 0.9136 0.3387
057 058 059 0.8475 0.8931 0.9555 0.8576 0.0934 0.3699 0.0107 0.3082
058 059 060 0.8527 0.0755 0.7379 0.2686 0.5300 0.5694 0.7087 0.9333
059 060 061 0.1866 0.8132 0.0668 0.5733 0.5320 0.2731 0.7876 0.9114
060 061 062 0.4479 0.9133 0.2609 0.5011 0.9755 0.9808 0.8653 0.2137
061 062 063 0.1579 0.4449 0.2374 0.8051 0.6558 0.1929 0.5012 0.8411
062 063 064 0.8840 0.5837 0.4821 0.1619 0.7882 0.0867 0.6317 0.1343
063 064 065 0.1113 0.2304 0.3740 0.6671 0.7386 0.7672 0.9027 0.8312
064 065 066 0.7472 0.2818 0.2870 0.0724 0.8201 0.5853 0.2501 0.7175
065 066 067 0.6665 0.1305 0.7864 0.9987 0.7852 0.9029 0.4860 0.2026
066 067 068 0.6659 0.2456 0.6193 0.7285 0.5087 0.2177 0.6811 0.1626
067 068 069 0.1194 0.3055 0.2154 0.7388 0.5189 0.4673 0.1986 0.4107
068 069 070 0.9888 0.8413 0.3321 0.3056 0.9408 0.4944 0.7190 0.2003
069 070 071 0.2511 0.0437 0.8474 0.4934 0.9197 0.7329 0.8399 0.8061
070 071 072 0.4244 0.8094 0.9049 0.6645 0.4178 0.1601 0.8958 0.9077
071 072 073 0.1033 0.6060 0.7983 0.4303 0.5185 0.4205 0.2428 0.0402
072 073 074 0.0881 0.9458 0.9095 0.0202 0.9314 0.5386 0.6038 0.3569
073 074 075 0.4984 0.2811 0.1726 0.0103 0.1859 0.5987 0.3619 0.9039
074 075 076 0.8208 0.1400 0.9700 0.6703 0.3246 0.8019 0.9540 0.4178
075 076 077 0.8950 0.2247 0.7429 0.2368 0.7741 0.1149 0.5402 0.0278
076 077 078 0.8388 0.6410 0.2034 0.9436 0.1442 0.5600 0.8264 0.2023
077 078 079 0.6472 0.4174 0.0580 0.9248 0.5586 0.3223 0.5391 0.4663
078 079 080 0.5741 0.6988 0.6227 0.9549 0.2293 0.8144 0.7940 0.2899
079 080 081 0.3772 0.1649 0.4363 0.1946 0.7785 0.3850 0.4462 0.9153
080 081 082 0.2165 0.0721 0.9944 0.8968 0.9132 0.7900 0.2835 0.2655
081 082 083 0.0919 0.2541 0.6726 0.3486 0.0758 0.8525 0.7069 0.9528
082 083 084 0.4016 0.5942 0.1089 0.1986 0.0825 0.8278 0.6121 0.4008
083 084 085 0.1893 0.6814 0.0454 0.2700 0.3790 0.1938 0.6196 0.4242
084 085 086 0.8931 0.0702 0.1724 0.1733 0.1525 0.8675 0.3940 0.0493
085 086 087 0.8873 0.7853 0.2431 0.0934 0.5503 0.5967 0.1975 0.4060
086 087 088 0.5742 0.4262 0.7532 0.6991 0.8034 0.9478 0.0216 0.4418
087 088 089 0.9230 0.9504 0.7762 0.4270 0.4197 0.3683 0.9571 0.7249
088 089 090 0.2212 0.6777 0.8775 0.0193 0.4719 0.1239 0.5520 0.9970
089 090 091 0.5149 0.6588 0.2369 0.5513 0.9379 0.3536 0.5831 0.0412
090 091 092 0.5779 0.7451 0.6643 0.4379 0.2533 0.7378 0.6480 0.3640
091 092 093 0.7347 0.2359 0.5503 0.4020 0.4234 0.6666 0.5650 0.7877
092 093 094 0.5991 0.6622 0.0909 0.6679 0.4853 0.8852 0.5158 0.2995
093 094 095 0.1771 0.2691 0.5906 0.0925 0.2641 0.6239 0.5599 0.6627
094 095 096 0.7932 0.2525 0.9043 0.2731 0.4928 0.8780 0.3343 0.6394
095 096 097 0.1350 0.6813 0.2641 0.8377 0.2922 0.4206 0.5597 0.8940
096 097 098 0.2423 0.5297 0.6857 0.5914 0.1613 0.7392 0.4836 0.5557
097 098 099 0.7618 0.1634 0.2326 0.7711 0.3264 0.5410 0.6743 0.9554
098 099 100 0.1288 0.2618 0.2469 0.8003 0.2426 0.7235 0.6142 0.4915
099 100 101 0.0324 0.3466 0.6108 0.4156 0.0578 0.4643 0.2054 0.0886
100 101 102 0.7303 0.8512 0.1649 0.5254 0.6931 0.2311 0.5870 0.3494
101 102 103 0.0161 0.4615 0.9872 0.8402 0.1974 0.8693 0.1494 0.0993
102 103 104 0.4691 0.2433 0.7223 0.4957 0.0491 0.1489 0.0460 0.7425
103 104 105 0.8907 0.3723 0.5639 0.0589 0.8992 0.6368 0.3120 0.0923
104 105 106 0.7519 0.1167 0.3128 0.6337 0.1651 0.4736 0.7574 0.8134
105 106 107 0.7759 0.7692 0.1309 0.0309 0.0020 0.7597 0.9928 0.0303
106 107 108 0.1774 0.4149 0.4363 0.8895 0.7703 0.9462 0.8736 0.4705
107 108 109 0.0988 0.4579 0.6788 0.9457 0.2775 0.5358 0.8193 0.9182
108 109 110 0.6933 0.8044 0.3164 0.6406 0.2035 0.9705 0.9711 0.8932
109 110 111 0.0311 0.7424 0.3993 0.1318 0.6726 0.5583 0.3813 0.2309
110 111 112 0.6515 0.9398 0.5918 0.9076 0.2688 0.2009 0.6680 0.5936
111 112 113 0.0817 0.5282 0.3090 0.0784 0.4753 0.7561 0.4004 0.1227
112 113 114 0.9957 0.5039 0.3562 0.0017 0.1374 0.3296 0.0746 0.1180
113 114 115 0.6256 0.1036 0.9949 0.4366 0.2016 0.0291 0.3625 0.1896
114 115 116 0.6263 0.3549 0.8526 0.0982 0.5507 0.1861 0.8808 0.4821
115 116 117 0.8285 0.7075 0.4194 0.0940 0.8662 0.2645 0.0483 0.6624
116 117 118 0.1264 0.3076 0.3782 0.6343 0.8196 0.3377 0.8829 0.2370
117 118 119 0.6470 0.5803 0.2236 0.3571 0.3458 0.6485 0.4097 0.7792
118 119 120 0.6006 0.3788 0.4064 0.4073 0.4105 0.7936 0.7668 0.4457
119 120 121 0.5015 0.6513 0.5571 0.9905 0.0109 0.3700 0.1422 0.5621
120 121 122 0.3689 0.8243 0.3660 0.8836 0.5364 0.5817 0.1319 0.4023
121 122 123 0.5133 0.2532 0.9805 0.9928 0.6653 0.0985 0.9677 0.0985
122 123 124 0.8506 0.6327 0.4119 0.7131 0.8539 0.3258 0.3735 0.5693
123 124 125 0.1805 0.2651 0.0760 0.8777 0.7798 0.7947 0.7167 0.4008
124 125 126 0.3772 0.2685 0.2717 0.6664 0.3685 0.3396 0.0894 0.6364
125 126 127 0.3223 0.7709 0.3090 0.8873 0.2394 0.3872 0.8716 0.3195
126 127 128 0.1329 0.6033 0.6859 0.6080 0.2230 0.9216 0.2985 0.1777
127 128 129 0.5174 0.0001 0.0196 0.3693 0.2801 0.2967 0.8099 0.1074
128 129 130 0.3353 0.6962 0.9248 0.8342 0.0046 0.3113 0.8016 0.3306
129 130 131 0.4202 0.7505 0.1268 0.8582 0.2278 0.1316 0.0325 0.5381
130 131 132 0.3517 0.8950 0.0285 0.4927 0.2449 0.6280 0.4450 0.8651
131 132 133 0.8674 0.8809 0.3966 0.1802 0.7855 0.4574 0.4589 0.7223
132 133 134 0.3197 0.2861 0.8930 0.0446 0.6333 0.2298 0.5394 0.2338
133 134 135 0.5701 0.7651 0.2875 0.9146 0.5684 0.5084 0.6156 0.6724
134 135 136 0.9023 0.6289 0.8819 0.6486 0.6576 0.6034 0.8047 0.3341
135 136 137 0.9891 0.3491 0.7633 0.0456 0.1232 0.1809 0.2129 0.9095
136 137 138 0.0845 0.9295 0.2447 0.2814 0.1405 0.8164 0.4779 0.1762
137 138 139 0.1549 0.1181 0.4126 0.6060 0.3886 0.7412 0.8631 0.8915
138 139 140 0.8621 0.0639 0.7658 0.4816 0.4499 0.9943 0.0307 0.6840
139 140 141 0.6785 0.0576 0.0135 0.2123 0.4449 0.1082 0.2380 0.8641
140 141 142 0.6391 0.3005 0.8912 0.7722 0.4700 0.0139 0.6343 0.3782
141 142 143 0.8948 0.4578 0.1618 0.9485 0.6376 0.2820 0.1672 0.3045
142 143 144 0.1502 0.6458 0.6422 0.8743 0.9581 0.1406 0.5108 0.0445
143 144 145 0.5433 0.2021 0.0425 0.8914 0.3602 0.6371 0.8915 0.3883
144 145 146 0.0590 0.2028 0.6636 0.2161 0.1056 0.0553 0.5670 0.2198
145 146 147 0.1409 0.8581 0.6781 0.0647 0.4304 0.7108 0.0074 0.0196
146 147 148 0.0468 0.2423 0.5343 0.7869 0.6984 0.9788 0.5142 0.5227
147 148 149 0.4263 0.3095 0.1078 0.7360 0.8995 0.8218 0.4200 0.3043
148 149 150 0.4635 0.0323 0.4853 0.7589 0.1537 0.5936 0.2810 0.7485
149 150 151 0.5816 0.5600 0.6983 0.3452 0.6352 0.5680 0.0789 0.3215
150 151 152 0.7651 0.7720 0.9451 0.6681 0.5878 0.3899 0.8907 0.2537
151 152 153 0.0274 0.7578 0.6512 0.2487 0.0897 0.9461 0.4842 0.7169
152 153 154 0.5139 0.0808 0.8952 0.2478 0.9961 0.1012 0.1105 0.8877
153 154 155 0.8083 0.7640 0.4186 0.7580 0.2620 0.5866 0.5423 0.0696
154 155 156 0.9711 0.7440 0.5622 0.7793 0.2343 0.6713 0.1397 0.4657
155 156 157 0.9369 0.8439 0.0657 0.0863 0.4841 0.5205 0.3682 0.4520
156 157 158 0.5388 0.4654 0.0512 0.5501 0.9742 0.4470 0.7149 0.9529
157 158 159 0.2960 0.6652 0.4915 0.0399 0.4521 0.8131 0.5897 0.6111
158 159 160 0.3258 0.9221 0.9905 0.3767 0.2182 0.1555 0.5020 0.3804
159 160 161 0.3967 0.5514 0.3326 0.6208 0.3650 0.8368 0.2274 0.4017
160 161 162 0.2832 0.8919 0.9411 0.6808 0.2817 0.6478 0.1285 0.3644
161 162 163 0.6035 0.9066 0.6505 0.1373 0.6294 0.2983 0.1955 0.8116
162 163 164 0.8093 0.5801 0.7451 0.6206 0.5469 0.1787 0.2337 0.5607
163 164 165 0.2893 0.2681 0.7033 0.3899 0.5852 0.6150 0.5791 0.3871
164 165 166 0.7875 0.6976 0.6921 0.2812 0.7365 0.3102 0.8450 0.9145
165 166 167 0.6826 0.7715 0.2084 0.4825 0.5355 0.8212 0.8779 0.1117
166 167 168 0.2299 0.9608 0.9332 0.8924 0.4225 0.8519 0.9350 0.0830
167 168 169 0.0619 0.3632 0.4950 0.6887 0.6967 0.8158 0.8197 0.0069
168 169 170 0.0061 0.6471 0.8653 0.7578 0.7304 0.9176 0.1129 0.8211
169 170 171 0.0167 0.4113 0.9575 0.3995 0.7460 0.1462 0.9424 0.9762
170 171 172 0.6394 0.7660 0.0921 0.5512 0.2964 0.3060 0.0077 0.9502
171 172 173 0.6827 0.8169 0.8325 0.5763 0.6371 0.8308 0.5996 0.1401
172 173 174 0.4219 0.7736 0.9058 0.4069 0.3769 0.1612 0.2895 0.8784
173 174 175 0.2633 0.4203 0.6318 0.8198 0.3509 0.6733 0.4562 0.5277
174 175 176 0.6560 0.4554 0.5227 0.4680 0.7052 0.2983 0.1233 0.0642
175 176 177 0.3493 0.2980 0.7909 0.4446 0.2493 0.5219 0.2895 0.1861
176 177 178 0.4350 0.8094 0.5629 0.4088 0.3652 0.8557 0.8149 0.2300
177 178 179 0.0707 0.3981 0.0544 0.7711 0.8163 0.5791 0.6485 0.5918
178 179 180 0.7928 0.1644 0.3303 0.5584 0.9141 0.6000 0.8727 0.8092
179 180 181 0.5529 0.9404 0.4583 0.7261 0.9575 0.4920 0.7301 0.0265
180 181 182 0.4345 0.7350 0.5998 0.0844 0.3157 0.5188 0.6063 0.4964
181 182 183 0.4361 0.9682 0.1735 0.9242 0.5222 0.9313 0.4644 0.5834
182 183 184 0.9563 0.4707 0.9833 0.6507 0.1231 0.5145 0.4051 0.3223
183 184 185 0.6629 0.0688 0.9097 0.9892 0.8892 0.2425 0.8787 0.1376
184 185 186 0.1056 0.2272 0.5251 0.8448 0.7438 0.4626 0.4069 0.3575
185 186 187 0.7965 0.9570 0.0681 0.1735 0.6917 0.6940 0.5776 0.8085
186 187 188 0.4416 0.5731 0.3926 0.4200 0.2280 0.6632 0.3806 0.3566
187 188 189 0.7518 0.2645 0.8577 0.8216 0.2454 0.3555 0.0768 0.5632
188 189 190 0.5762 0.8012 0.7928 0.2891 0.0798 0.5431 0.0338 0.5388
189 190 191 0.8122 0.7192 0.9909 0.3618 0.4784 0.5706 0.6451 0.5038
190 191 192 0.1553 0.4692 0.1153 0.7814 0.0120 0.5559 0.1411 0.0481
191 192 193 0.1996 0.4831 0.6840 0.4587 0.8966 0.5886 0.1754 0.3880
192 193 194 0.3290 0.3980 0.3416 0.5290 0.3795 0.8452 0.9581 0.1627
193 194 195 0.4188 0.3721 0.6529 0.0645 0.0123 0.1341 0.2599 0.0033
194 195 196 0.8387 0.9353 0.8339 0.5817 0.5347 0.4406 0.0447 0.5645
195 196 197 0.2585 0.0828 0.0107 0.8569 0.9948 0.1578 0.8775 0.2683
196 197 198 0.9222 0.3455 0.1449 0.8578 0.6431 0.3289 0.5511 0.5032
197 198 199 0.9110 0.6193 0.7637 0.3981 0.3552 0.4033 0.1761 0.9669
198 199 200 0.9647 0.4526 0.0589 0.4479 0.8905 0.0192 0.7654 0.3174
199 200 201 0.0317 0.6693 0.6054 0.8785 0.0842 0.8156 0.0474 0.3522
200 201 202 0.2649 0.0091 0.4027 0.6992 0.6169 0.5737 0.7558 0.7831
201 202 203 0.4919 0.8554 0.6947 0.2086 0.3819 0.2909 0.6709 0.8625
202 203 204 0.8209 0.8810 0.6348 0.9676 0.3992 0.0159 0.5477 0.5239
203 204 205 0.0045 0.0642 0.1415 0.0506 0.5715 0.3977 0.7242 0.5344
204 205 206 0.5982 0.2089 0.6574 0.3876 0.2467 0.6016 0.8528 0.9803
205 206 207 0.1358 0.1734 0.7868 0.6254 0.3848 0.3965 0.8409 0.6662
206 207 208 0.6989 0.1199 0.1650 0.5545 0.0167 0.6609 0.2544 0.5715
207 208 209 0.7226 0.0124 0.2428 0.7499 0.0596 0.1607 0.7767 0.8303
208 209 210 0.4697 0.5938 0.0047 0.4298 0.1249 0.3131 0.1623 0.9009
209 210 211 0.5948 0.7375 0.3130 0.5726 0.5857 0.6447 0.4388 0.3520
210 211 212 0.6473 0.7109 0.1734 0.0928 0.4448 0.6830 0.7905 0.8901
211 212 213 0.7370 0.6803 0.0983 0.3230 0.6226 0.8678 0.2936 0.5561
212 213 214 0.6148 0.8894 0.4630 0.9792 0.9673 0.9936 0.7325 0.0261
213 214 215 0.5599 0.1803 0.8216 0.8304 0.4262 0.0318 0.3475 0.9698
214 215 216 0.8707 0.8115 0.2425 0.0586 0.7090 0.7872 0.6501 0.5475
215 216 217 0.3827 0.5703 0.6715 0.0453 0.4385 0.7533 0.3362 0.0573
216 217 218 0.9389 0.8563 0.3996 0.2447 0.9752 0.6252 0.4320 0.3702
217 218 219 0.2083 0.2892 0.7597 0.9716 0.2343 0.2071 0.5168 0.6090
218 219 220 0.5484 0.7487 0.3043 0.4268 0.5245 0.3190 0.6860 0.1575
219 220 221 0.9307 0.3252 0.9612 0.6644 0.6493 0.2729 0.9065 0.6812
220 221 222 0.1002 0.1816 0.5814 0.2495 0.3259 0.4190 0.2048 0.3108
221 222 223 0.6145 0.8786 0.0099 0.3293 0.3027 0.4868 0.1878 0.3720
222 223 224 0.1845 0.1533 0.6133 0.5573 0.0437 0.3372 0.5829 0.4792
223 224 225 0.3384 0.9787 0.9326 0.8291 0.3476 0.3089 0.0635 0.4738
224 225 226 0.1058 0.3960 0.8254 0.9963 0.4328 0.7748 0.4449 0.6923
225 226 227 0.8048 0.8269 0.7640 0.8182 0.6394 0.2773 0.2949 0.7908
226 227 228 0.0036 0.2035 0.4702 0.8262 0.1908 0.7525 0.6169 0.0368
227 228 229 0.1915 0.8761 0.0236 0.9152 0.9911 0.7559 0.9473 0.7565
228 229 230 0.5419 0.0881 0.4925 0.5693 0.8528 0.6658 0.7986 0.8327
229 230 231 0.6180 0.3559 0.7290 0.7433 0.2312 0.8917 0.2363 0.1596
230 231 232 0.9721 0.1292 0.0093 0.6037 0.0294 0.4134 0.1416 0.4023
231 232 233 0.6339 0.5944 0.2196 0.9664 0.4189 0.7025 0.1252 0.1109
232 233 234 0.2552 0.2199 0.7659 0.1177 0.1743 0.1384 0.5990 0.9363
233 234 235 0.8281 0.3423 0.3710 0.3421 0.3580 0.1871 0.9600 0.4998
234 235 236 0.6441 0.3084 0.1420 0.1322 0.0787 0.1254 0.6346 0.4990
235 236 237 0.2389 0.5859 0.8303 0.5559 0.8046 0.1763 0.9291 0.5976
236 237 238 0.1186 0.9043 0.1640 0.5631 0.4954 0.6410 0.3598 0.5223
237 238 239 0.8780 0.9795 0.9167 0.9723 0.0936 0.5270 0.2893 0.2851
238 239 240 0.3963 0.8440 0.7223 0.7001 0.7366 0.0006 0.1421 0.5607
239 240 241 0.9181 0.4157 0.5094 0.1353 0.8545 0.5477 0.0914 0.1391
240 241 242 0.5563 0.3233 0.0796 0.9352 0.1852 0.5166 0.3350 0.6263
241 242 243 0.9921 0.8394 0.8537 0.7677 0.2936 0.5169 0.8238 0.8810
242 243 244 0.0041 0.9143 0.4471 0.6659 0.0390 0.6455 0.1383 0.1257
243 244 245 0.4958 0.2218 0.6516 0.2305 0.0946 0.3926 0.1161 0.0896
244 245 246 0.8553 0.7733 0.1107 0.5919 0.4824 0.7389 0.4245 0.8571
245 246 247 0.6963 0.8938 0.9197 0.4202 0.6812 0.5877 0.8165 0.9979
246 247 248 0.6240 0.9586 0.5814 0.6059 0.1975 0.3580 0.1428 0.5782
247 248 249 0.9952 0.0091 0.1273 0.1266 0.2869 0.5021 0.8773 0.8986
248 249 250 0.5121 0.0190 0.7646 0.9056 0.4011 0.7673 0.7873 0.7308
249 250 251 0.6444 0.0928 0.5022 0.7638 0.2930 0.2880 0.1415 0.5209
250 251 252 0.7341 0.6451 0.8644 0.6027 0.5565 0.1330 0.5022 0.5110
251 252 253 0.9290 0.5600 0.9665 0.0444 0.5294 0.2123 0.8444 0.4186
252 253 254 0.8133 0.3410 0.8835 0.0593 0.7702 0.7625 0.0823 0.5253
253 254 255 0.8789 0.5879 0.5660 0.3578 0.7885 0.8870 0.6722 0.6393
254 255 256 0.3763 0.2895 0.0697 0.7952 0.5190 0.7202 0.7867 0.1445
255 256 257 0.5004 0.5484 0.8325 0.4607 0.9071 0.0848 0.0347 0.0035
256 257 258 0.8221 0.7471 0.5020 0.2400 0.9177 0.8395 0.2320 0.1998
257 258 259 0.2496 0.8651 0.8028 0.3093 0.1487 0.8306 0.2447 0.8489
258 259 260 0.1453 0.8935 0.1693 0.6330 0.4322 0.0933 0.7028 0.0217
259 260 261 0.3412 0.1032 0.9645 0.1206 0.2749 0.5943 0.5876 0.4041
260 261 262 0.6751 0.7806 0.1344 0.1996 0.7462 0.9646 0.0472 0.1631
261 262 263 0.3433 0.6133 0.2788 0.0905 0.4462 0.3417 0.6107 0.4829
262 263 264 0.8219 0.0671 0.7992 0.6123 0.6206 0.3494 0.0692 0.6122
263 264 265 0.2343 0.3078 0.1666 0.6606 0.9750 0.1772 0.9191 0.8773
264 265 266 0.5789 0.1336 0.7326 0.5567 0.3102 0.0564 0.8199 0.6044
265 266 267 0.9529 0.4021 0.8221 0.0093 0.1972 0.8698 0.3203 0.7649
266 267 268 0.9020 0.8016 0.8199 0.8968 0.1679 0.0823 0.8193 0.0046
267 268 269 0.1982 0.9765 0.2812 0.1930 0.3687 0.2557 0.6965 0.4523
268 269 270 0.8173 0.7608 0.5913 0.5737 0.6019 0.5509 0.6479 0.7400
269 270 271 0.5491 0.9578 0.2411 0.1420 0.3025 0.3597 0.9771 0.8474
270 271 272 0.1403 0.8785 0.0060 0.1222 0.4501 0.6116 0.1569 0.3882
271 272 273 0.8932 0.9919 0.0487 0.1789 0.4099 0.8790 0.8163 0.3476
272 273 274 0.1928 0.1704 0.8309 0.2047 0.1226 0.5676 0.3341 0.9823
273 274 275 0.1627 0.8935 0.5071 0.7688 0.1999 0.1643 0.1338 0.1645
274 275 276 0.0242 0.6847 0.4465 0.3999 0.4731 0.9982 0.1835 0.2408
275 276 277 0.6037 0.9864 0.1149 0.0757 0.9159 0.0124 0.9331 0.7369
276 277 278 0.9704 0.6091 0.8083 0.4735 0.9724 0.7292 0.9128 0.1353
277 278 000 0.3130 0.0849 0.3057 0.3382 0.1432 0.3709 0.2516 0.1248
278 000 001 0.5783 0.7205 0.7397 0.7378 0.6516 0.8324 0.6216 0.2236
