279 155682 3 279
000 001 002 0.9295 0.5267 0.0281 0.5603 0.1125 0.1591 0.1978 0.4202
001 002 003 0.8852 0.3008 0.3495 0.2036 0.5494 0.0589 0.2959 0.7280
002 003 004 0.7359 0.2738 0.4476 0.1941 0.2305 0.6261 0.6385 0.5561
003 004 005 0.6213 0.9465 0.8270 0.4043 0.3453 0.7513 0.7206 0.6114
004 005 006 0.3724 0.6921 0.0973 0.3201 0.6109 0.6136 0.1111 0.9718
005 006 007 0.7689 0.3240 0.7192 0.8843 0.0240 0.9610 0.2771 0.7110
006 007 008 0.4444 0.1629 0.4833 0.9287 0.5170 0.9905 0.2933 0.8412
007 008 009 0.6148 0.9949 0.4809 0.2777 0.2062 0.9739 0.6339 0.1123
008 009 010 0.3734 0.5033 0.8756 0.5420 0.4653 0.8493 0.3647 0.0653
009 010 011 0.1396 0.7285 0.0015 0.5939 0.0350 0.7381 0.3445 0.1195
010 011 012 0.6489 0.4952 0.0905 0.6877 0.3850 0.8656 0.1988 0.1303
011 012 013 0.0445 0.2862 0.5160 0.4364 0.8858 0.6024 0.1936 0.1684
012 013 014 0.5118 0.4970 0.8126 0.6755 0.1341 0.5648 0.6002 0.2469
013 014 015 0.5983 0.1332 0.1463 0.9035 0.1566 0.7308 0.4829 0.8987
014 015 016 0.4084 0.9019 0.3139 0.5742 0.5498 0.5474 0.3887 0.8683
015 016 017 0.8019 0.6840 0.8492 0.7538 0.6567 0.7890 0.3672 0.1421
016 017 018 0.9955 0.2013 0.1704 0.3468 0.7260 0.7157 0.9500 0.2551
017 018 019 0.7228 0.4659 0.4556 0.5241 0.4703 0.4940 0.6712 0.8941
018 019 020 0.0388 0.0265 0.9046 0.1758 0.1025 0.6304 0.2708 0.3244
019 020 021 0.1476 0.1410 0.9574 0.7762 0.6160 0.1567 0.5696 0.3767
020 021 022 0.6021 0.8332 0.4628 0.8181 0.5717 0.5962 0.6442 0.4863
021 022 023 0.1539 0.8916 0.5895 0.6616 0.1101 0.1844 0.3486 0.7131
022 023 024 0.1996 0.1342 0.8050 0.9461 0.9578 0.1797 0.0115 0.4898
023 024 025 0.4379 0.5884 0.2937 0.6580 0.7466 0.3717 0.2022 0.8809
024 025 026 0.4927 0.1764 0.0890 0.0805 0.1810 0.2078 0.4681 0.8066
025 026 027 0.1645 0.2795 0.8302 0.4501 0.7444 0.5478 0.0574 0.8121
026 027 028 0.8873 0.3301 0.7267 0.1648 0.7941 0.9070 0.1686 0.3823
027 028 029 0.2482 0.8012 0.4085 0.7046 0.0875 0.6514 0.7337 0.0353
028 029 030 0.5108 0.5849 0.7203 0.0257 0.3562 0.6032 0.9887 0.2457
029 030 031 0.4052 0.2723 0.0721 0.0205 0.8939 0.6018 0.5845 0.8427
030 031 032 0.4869 0.2639 0.6966 0.1351 0.0712 0.6676 0.7110 0.3525
031 032 033 0.0360 0.2015 0.0610 0.7136 0.9870 0.3953 0.2232 0.1024
032 033 034 0.8508 0.0446 0.5974 0.3125 0.3207 0.5594 0.2967 0.4233
033 034 035 0.5362 0.0975 0.6417 0.3628 0.0811 0.6696 0.5398 0.3363
034 035 036 0.0763 0.1558 0.2133 0.4505 0.0142 0.8993 0.6171 0.5140
035 036 037 0.0552 0.6990 0.1406 0.0805 0.4402 0.6304 0.8053 0.3085
036 037 038 0.5004 0.5911 0.9526 0.8465 0.0582 0.0610 0.2096 0.0963
037 038 039 0.1583 0.2815 0.4979 0.8402 0.8790 0.2668 0.6220 0.9820
038 039 040 0.0294 0.0447 0.0619 0.0559 0.7351 0.0496 0.4476 0.6388
039 040 041 0.5498 0.5261 0.6763 0.7973 0.0252 0.4644 0.5516 0.8973
040 041 042 0.0617 0.3171 0.3305 0.3244 0.0290 0.8161 0.1672 0.6288
041 042 043 0.2806 0.8112 0.5628 0.9863 0.4878 0.1870 0.7539 0.3371
042 043 044 0.4325 0.1626 0.4655 0.7365 0.1350 0.0867 0.4147 0.2088
043 044 045 0.3207 0.3679 0.1590 0.3460 0.5885 0.1990 0.0296 0.7978
044 045 046 0.0879 0.5857 0.3609 0.3104 0.2409 0.6516 0.1742 0.3051
045 046 047 0.9862 0.2702 0.6613 0.2807 0.9447 0.3035 0.2502 0.7826
046 047 048 0.6604 0.4492 0.1850 0.7665 0.8058 0.9382 0.9728 0.8029
047 048 049 0.6506 0.1048 0.7706 0.0863 0.6248 0.1468 0.8071 0.2764
048 049 050 0.0339 0.3258 0.5096 0.1486 0.9986 0.6004 0.3582 0.6574
049 050 051 0.8751 0.6766 0.0200 0.2799 0.3535 0.6628 0.7866 0.9462
050 051 052 0.8199 0.2126 0.7793 0.5837 0.4978 0.2594 0.3395 0.0084
051 052 053 0.0980 0.4326 0.3490 0.6946 0.3824 0.3190 0.0375 0.3831
052 053 054 0.4106 0.6270 0.3705 0.2543 0.3169 0.0914 0.7525 0.6335
053 054 055 0.3278 0.5495 0.1201 0.8039 0.2117 0.9414 0.5312 0.4666
054 055 056 0.9940 0.2093 0.7356 0.2440 0.5685 0.4928 0.7601 0.2183
055 056 057 0.7333 0.4611 0.3075 0.2273 0.4871 0.5572 0.5319 0.2729
056 057 058 0.6896 0.2950 0.2719 0.2560 0.0930 0.5217 0.5142 0.2309
057 058 059 0.8497 0.6361 0.8967 0.5828 0.4445 0.2908 0.3246 0.3916
058 059 060 0.8246 0.6939 0.7158 0.4407 0.4916 0.1142 0.8947 0.9854
059 060 061 0.6275 0.7930 0.5806 0.4058 0.4368 0.6543 0.5708 0.8504
060 061 062 0.7933 0.8689 0.5676 0.5560 0.0177 0.1440 0.0386 0.7099
061 062 063 0.4952 0.8703 0.1643 0.2605 0.8512 0.7929 0.8194 0.7895
062 063 064 0.2391 0.7209 0.1874 0.4730 0.4558 0.7867 0.7984 0.3628
063 064 065 0.1036 0.3867 0.6346 0.7480 0.6988 0.8883 0.2468 0.3140
064 065 066 0.4137 0.8099 0.3970 0.1955 0.4291 0.0717 0.1530 0.8132
065 066 067 0.8408 0.3887 0.1654 0.2669 0.0807 0.1472 0.1864 0.7245
066 067 068 0.1707 0.1163 0.7811 0.4397 0.8309 0.5828 0.2849 0.8291
067 068 069 0.6885 0.0429 0.2045 0.2785 0.2294 0.7811 0.2945 0.9871
068 069 070 0.5909 0.3210 0.4799 0.0584 0.3454 0.0551 0.2299 0.1814
069 070 071 0.0779 0.9568 0.1245 0.2731 0.5011 0.1851 0.7274 0.0658
070 071 072 0.2347 0.7576 0.4840 0.9970 0.6649 0.0920 0.0535 0.9539
071 072 073 0.9596 0.8895 0.9858 0.8822 0.6733 0.7339 0.0711 0.7477
072 073 074 0.1135 0.2470 0.6474 0.2309 0.7309 0.1999 0.4988 0.5415
073 074 075 0.7107 0.7675 0.7030 0.9121 0.9247 0.0837 0.1394 0.1182
074 075 076 0.5224 0.2877 0.8835 0.0100 0.3377 0.5661 0.5960 0.0845
075 076 077 0.8571 0.9090 0.0729 0.0518 0.9005 0.6122 0.3088 0.8926
076 077 078 0.7156 0.2335 0.1916 0.3120 0.8937 0.3650 0.7091 0.5330
077 078 079 0.5898 0.0499 0.0390 0.4417 0.4645 0.5547 0.8213 0.8600
078 079 080 0.7335 0.9426 0.7408 0.2129 0.4088 0.8035 0.6857 0.3261
079 080 081 0.9165 0.1485 0.3015 0.4208 0.9253 0.9453 0.3962 0.8753
080 081 082 0.8957 0.9549 0.6146 0.7532 0.8406 0.1391 0.7141 0.6012
081 082 083 0.8411 0.3350 0.4422 0.6654 0.0198 0.6631 0.0911 0.6541
082 083 084 0.4937 0.1593 0.2146 0.9405 0.6411 0.6978 0.8133 0.5403
083 084 085 0.2615 0.6024 0.2676 0.0930 0.5396 0.6147 0.3438 0.2200
084 085 086 0.2962 0.5763 0.6175 0.8259 0.4640 0.8148 0.4567 0.1864
085 086 087 0.3723 0.8600 0.0284 0.7225 0.1324 0.6953 0.4762 0.2808
086 087 088 0.4294 0.5471 0.4943 0.1087 0.1905 0.3236 0.7651 0.9977
087 088 089 0.6743 0.4252 0.1168 0.5947 0.3641 0.6983 0.1151 0.1878
088 089 090 0.7706 0.0013 0.6036 0.4269 0.2618 0.4137 0.0278 0.5385
089 090 091 0.2109 0.9507 0.2652 0.0846 0.4888 0.0015 0.7531 0.1985
090 091 092 0.8478 0.9920 0.2718 0.5111 0.3137 0.4039 0.5301 0.1194
091 092 093 0.2593 0.9193 0.2624 0.1064 0.8762 0.1244 0.3827 0.0887
092 093 094 0.4739 0.9201 0.2560 0.3320 0.5410 0.9583 0.7992 0.7155
093 094 095 0.8760 0.3814 0.1011 0.5736 0.9039 0.5791 0.9468 0.9743
094 095 096 0.1234 0.7503 0.3292 0.0229 0.6024 0.4335 0.6446 0.5723
095 096 097 0.1413 0.7622 0.2525 0.3164 0.2861 0.0679 0.8213 0.5163
096 097 098 0.2519 0.3510 0.0465 0.3635 0.0496 0.7382 0.9984 0.4493
097 098 099 0.0145 0.1158 0.3040 0.3629 0.8913 0.7586 0.5145 0.8745
098 099 100 0.4362 0.9175 0.0737 0.9494 0.4361 0.9153 0.4836 0.6932
099 100 101 0.0067 0.5589 0.4887 0.3101 0.6752 0.4196 0.5826 0.5098
100 101 102 0.4992 0.4868 0.6514 0.7525 0.4817 0.9781 0.0849 0.4028
101 102 103 0.2495 0.9896 0.7303 0.8354 0.3275 0.5695 0.6743 0.7754
102 103 104 0.0241 0.4160 0.1129 0.9695 0.7953 0.6355 0.5114 0.8568
103 104 105 0.3820 0.8873 0.4362 0.9208 0.8404 0.8355 0.4997 0.4348
104 105 106 0.9710 0.4611 0.5581 0.4110 0.0467 0.8503 0.1161 0.8842
105 106 107 0.3575 0.6528 0.1651 0.0376 0.1829 0.5769 0.9883 0.0881
106 107 108 0.2252 0.9686 0.4428 0.5771 0.0293 0.6318 0.6813 0.0743
107 108 109 0.3530 0.0775 0.4772 0.9123 0.9760 0.6731 0.5836 0.2274
108 109 110 0.3064 0.5943 0.9724 0.5605 0.1964 0.5145 0.8392 0.6023
109 110 111 0.1785 0.4564 0.1558 0.8214 0.8669 0.9736 0.9829 0.0318
110 111 112 0.6011 0.0916 0.1366 0.7665 0.9323 0.8398 0.5078 0.7611
111 112 113 0.7071 0.2312 0.7377 0.7578 0.4083 0.3043 0.9774 0.9078
112 113 114 0.3363 0.7014 0.6045 0.9542 0.1785 0.7599 0.9720 0.8189
113 114 115 0.3577 0.2946 0.1009 0.0733 0.8606 0.5419 0.8418 0.9731
114 115 116 0.8992 0.9877 0.2136 0.1512 0.5570 0.5955 0.6067 0.8799
115 116 117 0.3363 0.7494 0.4078 0.9354 0.3366 0.2975 0.5110 0.4731
116 117 118 0.8447 0.6229 0.5644 0.6563 0.5328 0.5085 0.0379 0.4726
117 118 119 0.5287 0.9635 0.2470 0.8831 0.5432 0.0424 0.0417 0.4590
118 119 120 0.5608 0.3733 0.2684 0.0658 0.7380 0.6703 0.9794 0.3635
119 120 121 0.7498 0.9923 0.3684 0.5863 0.4671 0.2692 0.3661 0.9196
120 121 122 0.1851 0.3972 0.1629 0.6890 0.7974 0.5062 0.3996 0.1931
121 122 123 0.2256 0.0357 0.2440 0.9601 0.3929 0.5510 0.3763 0.3765
122 123 124 0.2501 0.6674 0.2965 0.3767 0.6412 0.6990 0.3604 0.7224
123 124 125 0.0650 0.2529 0.8170 0.8247 0.5914 0.5545 0.2018 0.9941
124 125 126 0.0296 0.4232 0.3170 0.6552 0.6428 0.6384 0.4846 0.7614
125 126 127 0.8152 0.1377 0.9726 0.4806 0.4837 0.7850 0.1548 0.5995
126 127 128 0.2828 0.6297 0.6460 0.6039 0.7714 0.2981 0.5195 0.5940
127 128 129 0.4167 0.4379 0.8469 0.7527 0.3286 0.0060 0.0263 0.3859
128 129 130 0.0429 0.2827 0.6515 0.5108 0.4092 0.1728 0.4390 0.9278
129 130 131 0.9665 0.9761 0.3578 0.2346 0.4736 0.9537 0.9785 0.7627
130 131 132 0.4810 0.4747 0.0464 0.4114 0.6558 0.1871 0.9471 0.4335
131 132 133 0.9545 0.8131 0.5915 0.2203 0.7453 0.9468 0.2708 0.6918
132 133 134 0.3231 0.7032 0.8170 0.2541 0.4702 0.2143 0.7517 0.1933
133 134 135 0.2658 0.1044 0.6014 0.8385 0.7587 0.1473 0.8963 0.6194
134 135 136 0.6852 0.7466 0.2200 0.6604 0.7108 0.3713 0.3636 0.7092
135 136 137 0.2881 0.0630 0.4154 0.8232 0.2204 0.2670 0.2825 0.8903
136 137 138 0.4363 0.8274 0.6096 0.9841 0.8586 0.4545 0.6971 0.6355
137 138 139 0.9687 0.6002 0.5409 0.2767 0.4449 0.7977 0.8755 0.3330
138 139 140 0.6403 0.9975 0.5141 0.9785 0.1455 0.7228 0.8597 0.6834
139 140 141 0.9087 0.9173 0.0673 0.4380 0.7334 0.6170 0.1740 0.4954
140 141 142 0.3696 0.3137 0.8608 0.5975 0.9959 0.1605 0.0305 0.5431
141 142 143 0.3144 0.2543 0.0578 0.3334 0.4828 0.8697 0.2687 0.6279
142 143 144 0.7333 0.8915 0.6061 0.8225 0.8598 0.6037 0.5693 0.0265
143 144 145 0.0554 0.9623 0.2366 0.5106 0.6086 0.9764 0.2442 0.6685
144 145 146 0.0017 0.9219 0.5977 0.4853 0.2239 0.0780 0.1965 0.4842
145 146 147 0.4101 0.2655 0.3209 0.8596 0.0996 0.4277 0.5904 0.1530
146 147 148 0.6658 0.8922 0.6857 0.9221 0.8643 0.8142 0.8224 0.0365
147 148 149 0.4447 0.8475 0.8177 0.4832 0.2240 0.3616 0.9152 0.3972
148 149 150 0.8194 0.5407 0.9538 0.8200 0.7255 0.8074 0.4704 0.3942
149 150 151 0.4463 0.1322 0.7878 0.5205 0.4514 0.9507 0.6139 0.3712
150 151 152 0.0923 0.6408 0.7074 0.1579 0.9143 0.8233 0.2268 0.1409
151 152 153 0.3556 0.2134 0.4016 0.6458 0.6551 0.3964 0.9230 0.2741
152 153 154 0.1796 0.3479 0.8980 0.7341 0.7820 0.0545 0.5712 0.8164
153 154 155 0.9869 0.4459 0.9483 0.1062 0.6409 0.2352 0.8761 0.2434
154 155 156 0.0406 0.2943 0.5046 0.3303 0.0937 0.0792 0.4917 0.5013
155 156 157 0.0033 0.2315 0.0648 0.4892 0.1802 0.6726 0.4209 0.8933
156 157 158 0.4756 0.0394 0.0223 0.2473 0.1849 0.2872 0.7721 0.7643
157 158 159 0.5068 0.3636 0.0344 0.7762 0.1934 0.9365 0.5521 0.3028
158 159 160 0.8183 0.6378 0.2401 0.8112 0.5861 0.9460 0.9445 0.4876
159 160 161 0.5621 0.4253 0.4812 0.2587 0.1042 0.7874 0.8342 0.3428
160 161 162 0.5632 0.7526 0.3249 0.0016 0.8295 0.4612 0.9287 0.3261
161 162 163 0.9671 0.6730 0.9525 0.9793 0.5627 0.0427 0.9865 0.6362
162 163 164 0.4209 0.6725 0.0062 0.5246 0.1575 0.6465 0.5816 0.8034
163 164 165 0.5145 0.6354 0.3847 0.7068 0.7892 0.7695 0.7888 0.1859
164 165 166 0.3191 0.8964 0.4139 0.9288 0.9093 0.2994 0.9059 0.9440
165 166 167 0.2100 0.8408 0.2186 0.7462 0.3921 0.2697 0.6354 0.6398
166 167 168 0.4163 0.5281 0.8262 0.5610 0.7621 0.1552 0.9896 0.7853
167 168 169 0.9651 0.0183 0.7957 0.8074 0.9819 0.8658 0.6662 0.3146
168 169 170 0.1375 0.8252 0.3622 0.1601 0.4470 0.6566 0.5030 0.9621
169 170 171 0.2237 0.4522 0.8349 0.1915 0.6183 0.4015 0.6753 0.3698
170 171 172 0.6354 0.2774 0.9428 0.3124 0.6792 0.6439 0.5461 0.6031
171 172 173 0.7314 0.9884 0.5463 0.5874 0.7823 0.6476 0.8970 0.5053
172 173 174 0.0065 0.6101 0.1066 0.7296 0.7333 0.9537 0.2691 0.5525
173 174 175 0.2801 0.9501 0.5503 0.8326 0.8585 0.9091 0.7809 0.3094
174 175 176 0.6200 0.1059 0.8608 0.4030 0.5314 0.2319 0.7593 0.8573
175 176 177 0.8917 0.6968 0.6994 0.1591 0.3686 0.8320 0.6319 0.3226
176 177 178 0.1080 0.0043 0.8009 0.0367 0.1688 0.3211 0.7586 0.7298
177 178 179 0.9818 0.4503 0.4000 0.8039 0.4921 0.3723 0.3224 0.4477
178 179 180 0.9465 0.8514 0.9018 0.5333 0.0510 0.6933 0.8829 0.2746
179 180 181 0.8071 0.8495 0.3760 0.0150 0.8120 0.5771 0.4529 0.6914
180 181 182 0.2615 0.7243 0.3053 0.2224 0.8612 0.9285 0.4137 0.4825
181 182 183 0.1241 0.0158 0.2696 0.5223 0.4262 0.4492 0.1442 0.0653
182 183 184 0.5750 0.8795 0.0550 0.4599 0.0105 0.1433 0.3679 0.3959
183 184 185 0.5906 0.4447 0.1655 0.1559 0.8808 0.4936 0.6167 0.2968
184 185 186 0.5060 0.7681 0.0316 0.4569 0.1198 0.1295 0.4404 0.2313
185 186 187 0.1608 0.4850 0.1429 0.0781 0.4786 0.8932 0.1500 0.2815
186 187 188 0.6700 0.1919 0.2959 0.3225 0.5507 0.2279 0.8028 0.3747
187 188 189 0.3944 0.3920 0.0340 0.4992 0.3438 0.1383 0.4383 0.1641
188 189 190 0.2755 0.7147 0.6874 0.8482 0.8829 0.4944 0.1406 0.4665
189 190 191 0.7143 0.4328 0.8984 0.6345 0.8871 0.6446 0.8870 0.0133
190 191 192 0.5219 0.8378 0.9901 0.8136 0.7727 0.9311 0.9587 0.4951
191 192 193 0.0386 0.6147 0.9643 0.8280 0.0986 0.2607 0.4516 0.8091
192 193 194 0.6310 0.4744 0.1104 0.0261 0.5203 0.1089 0.9014 0.7994
193 194 195 0.7918 0.3788 0.1671 0.8834 0.7099 0.6435 0.6316 0.5540
194 195 196 0.9005 0.0928 0.4078 0.8523 0.0545 0.3887 0.0572 0.0049
195 196 197 0.6859 0.0144 0.8544 0.4597 0.8965 0.7565 0.2345 0.6978
196 197 198 0.2097 0.6655 0.0600 0.2159 0.7241 0.0224 0.0439 0.5672
197 198 199 0.8423 0.2125 0.4310 0.5951 0.3494 0.9947 0.6396 0.5690
198 199 200 0.1100 0.9922 0.3061 0.8131 0.5168 0.6586 0.3406 0.0146
199 200 201 0.4622 0.2215 0.8142 0.2676 0.3532 0.9302 0.5503 0.0141
200 201 202 0.1594 0.9290 0.6354 0.1579 0.1285 0.8850 0.3505 0.6146
201 202 203 0.2737 0.3980 0.0102 0.7782 0.4332 0.7504 0.8368 0.2350
202 203 204 0.1352 0.4944 0.1972 0.2868 0.8464 0.9525 0.4364 0.1528
203 204 205 0.7910 0.2201 0.1056 0.4963 0.2589 0.2930 0.9135 0.9807
204 205 206 0.0535 0.4263 0.4379 0.2280 0.1560 0.1052 0.8121 0.9477
205 206 207 0.0561 0.8964 0.5710 0.5281 0.7495 0.9524 0.1257 0.2439
206 207 208 0.2636 0.3733 0.7698 0.3303 0.8107 0.6117 0.8656 0.1249
207 208 209 0.9532 0.5666 0.4815 0.0395 0.5164 0.8079 0.8619 0.3438
208 209 210 0.3243 0.9003 0.9296 0.3452 0.0365 0.1934 0.0083 0.9534
209 210 211 0.6796 0.7563 0.0404 0.3006 0.8023 0.3268 0.1059 0.4949
210 211 212 0.7751 0.2629 0.8162 0.0251 0.3157 0.7623 0.4959 0.4553
211 212 213 0.1950 0.6793 0.6212 0.4061 0.8776 0.3616 0.0665 0.8665
212 213 214 0.0301 0.5843 0.2719 0.2980 0.6069 0.5492 0.7978 0.1838
213 214 215 0.6634 0.7439 0.2115 0.3357 0.5179 0.7509 0.9192 0.9075
214 215 216 0.6323 0.9295 0.9347 0.1052 0.5467 0.7046 0.8275 0.3674
215 216 217 0.7048 0.3447 0.5415 0.0793 0.8697 0.0552 0.9303 0.8401
216 217 218 0.0361 0.3551 0.6510 0.7453 0.0161 0.4053 0.5875 0.2204
217 218 219 0.6812 0.7501 0.3606 0.8277 0.2242 0.9080 0.9850 0.0912
218 219 220 0.6910 0.3349 0.5325 0.2861 0.0346 0.3228 0.3404 0.0727
219 220 221 0.1505 0.3208 0.8512 0.7318 0.8744 0.6837 0.7273 0.0968
220 221 222 0.3820 0.7965 0.7244 0.8272 0.9380 0.7970 0.2985 0.6468
221 222 223 0.9782 0.2639 0.6968 0.0138 0.5966 0.1965 0.2921 0.2049
222 223 224 0.0226 0.4090 0.5297 0.4952 0.9498 0.0202 0.1812 0.7218
223 224 225 0.7600 0.9337 0.1705 0.9794 0.6088 0.9710 0.7724 0.3822
224 225 226 0.3948 0.9209 0.5131 0.7524 0.9083 0.6993 0.6280 0.1390
225 226 227 0.3787 0.5265 0.7290 0.2944 0.6451 0.4229 0.4299 0.1815
226 227 228 0.9805 0.2200 0.2391 0.8283 0.7929 0.2891 0.8687 0.4733
227 228 229 0.6666 0.9558 0.2422 0.6525 0.6138 0.2850 0.5402 0.4797
228 229 230 0.2479 0.4325 0.5700 0.0762 0.3429 0.5086 0.7288 0.4556
229 230 231 0.9159 0.4023 0.3392 0.1563 0.4903 0.3095 0.0312 0.5537
230 231 232 0.6163 0.3840 0.5541 0.1562 0.6476 0.2534 0.6071 0.7159
231 232 233 0.4731 0.0878 0.5029 0.2502 0.3532 0.6830 0.3081 0.5309
232 233 234 0.6212 0.0680 0.5946 0.1384 0.3925 0.1009 0.9604 0.8347
233 234 235 0.0444 0.6066 0.9309 0.4937 0.1791 0.1445 0.8172 0.5160
234 235 236 0.5665 0.0128 0.2858 0.5109 0.1769 0.6603 0.2770 0.5938
235 236 237 0.2798 0.1505 0.1944 0.4709 0.0814 0.0639 0.8691 0.5833
236 237 238 0.9229 0.7744 0.6065 0.0006 0.6417 0.7581 0.8873 0.8475
237 238 239 0.0958 0.7429 0.2587 0.1004 0.3581 0.9596 0.9993 0.3028
238 239 240 0.1873 0.1010 0.0561 0.8775 0.8662 0.3234 0.7973 0.8975
239 240 241 0.7637 0.9982 0.1797 0.9697 0.5698 0.7919 0.4035 0.4482
240 241 242 0.3438 0.7023 0.6248 0.3166 0.5192 0.6507 0.2582 0.9010
241 242 243 0.7143 0.5243 0.1230 0.3262 0.1476 0.5331 0.1763 0.5446
242 243 244 0.9690 0.3262 0.4810 0.1662 0.8554 0.3070 0.3460 0.5327
243 244 245 0.2649 0.2358 0.4897 0.0224 0.0323 0.9155 0.9448 0.9696
244 245 246 0.2175 0.0888 0.6692 0.8364 0.2416 0.0232 0.9414 0.8186
245 246 247 0.1378 0.4557 0.7964 0.4460 0.3108 0.9498 0.8302 0.6291
246 247 248 0.2436 0.0420 0.2535 0.9284 0.9819 0.4140 0.1602 0.0067
247 248 249 0.3523 0.8206 0.5502 0.5609 0.2941 0.0438 0.8462 0.9530
248 249 250 0.9413 0.9225 0.9516 0.0195 0.8893 0.5364 0.3770 0.5810
249 250 251 0.7445 0.1808 0.5775 0.8339 0.5895 0.4246 0.9780 0.5720
250 251 252 0.6310 0.5427 0.6553 0.7605 0.5096 0.5730 0.1119 0.3937
251 252 253 0.4873 0.6862 0.5058 0.8064 0.9387 0.9299 0.2042 0.8675
252 253 254 0.4493 0.2650 0.1189 0.5698 0.7611 0.3211 0.8245 0.4261
253 254 255 0.3483 0.8111 0.2715 0.3672 0.1500 0.2567 0.9596 0.2072
254 255 256 0.4748 0.6086 0.2658 0.3554 0.1824 0.8725 0.4226 0.4713
255 256 257 0.4208 0.3441 0.6241 0.0791 0.9351 0.0120 0.1047 0.9334
256 257 258 0.1271 0.9665 0.6531 0.4920 0.7093 0.9967 0.1510 0.7535
257 258 259 0.6203 0.3909 0.5512 0.5379 0.1538 0.8845 0.0256 0.0363
258 259 260 0.1962 0.6148 0.4917 0.9672 0.2300 0.4708 0.3496 0.3622
259 260 261 0.8645 0.6307 0.4837 0.8570 0.9911 0.0226 0.4355 0.6386
260 261 262 0.9692 0.6968 0.6289 0.7276 0.4297 0.3588 0.4903 0.9098
261 262 263 0.8997 0.1504 0.7633 0.0233 0.4900 0.3691 0.4003 0.0782
262 263 264 0.7322 0.4609 0.7041 0.0579 0.6894 0.7106 0.8860 0.0120
263 264 265 0.4945 0.2602 0.2403 0.4224 0.0486 0.8813 0.3673 0.8471
264 265 266 0.9901 0.7609 0.6071 0.7655 0.2064 0.1889 0.8051 0.7079
265 266 267 0.2712 0.2033 0.9893 0.6976 0.1060 0.3071 0.7964 0.5791
266 267 268 0.9509 0.2282 0.6110 0.2172 0.8799 0.9422 0.3388 0.1219
267 268 269 0.0288 0.2409 0.9318 0.2260 0.2610 0.2154 0.6576 0.2796
268 269 270 0.9813 0.5902 0.2650 0.3397 0.0529 0.9146 0.0052 0.1868
269 270 271 0.7133 0.9096 0.4582 0.1551 0.9264 0.6546 0.1936 0.4338
270 271 272 0.8421 0.0466 0.1293 0.1576 0.2145 0.3186 0.4317 0.5114
271 272 273 0.4062 0.7693 0.9144 0.7670 0.4728 0.5824 0.4136 0.2300
272 273 274 0.0099 0.2023 0.5370 0.6498 0.9110 0.3878 0.2181 0.0688
273 274 275 0.4663 0.4933 0.6549 0.0953 0.4187 0.3174 0.9954 0.1115
274 275 276 0.2389 0.6087 0.3310 0.6804 0.9362 0.6127 0.8797 0.1950
275 276 277 0.0528 0.0080 0.0854 0.3891 0.9151 0.7414 0.3320 0.5808
276 277 278 0.3876 0.5070 0.9682 0.1387 0.9065 0.1357 0.3618 0.8688
277 278 000 0.5014 0.4941 0.5315 0.8690 0.5991 0.9137 0.9962 0.7252
278 000 001 0.7887 0.0471 0.6980 0.8655 0.4479 0.9232 0.8502 0.2719
