279 155682 3 279
000 001 002 0.8092 0.2997 0.7272 0.4722 0.5590 0.9426 0.3923 0.0407
001 002 003 0.1294 0.0474 0.6959 0.2936 0.0871 0.2220 0.3810 0.2377
002 003 004 0.1174 0.8968 0.5501 0.7773 0.1136 0.8252 0.1796 0.0689
003 004 005 0.9125 0.7530 0.4831 0.2467 0.4981 0.4221 0.3669 0.9404
004 005 006 0.7115 0.3445 0.2124 0.3005 0.9836 0.4008 0.2926 0.1814
005 006 007 0.5899 0.3214 0.1868 0.1385 0.7110 0.7733 0.2215 0.0086
006 007 008 0.6406 0.4710 0.5461 0.8938 0.4027 0.4218 0.8778 0.0454
007 008 009 0.4374 0.6082 0.0458 0.8540 0.9036 0.5538 0.3220 0.4842
008 009 010 0.5108 0.4013 0.5201 0.7859 0.9924 0.0047 0.2915 0.2263
009 010 011 0.5633 0.9501 0.1477 0.6004 0.5619 0.5518 0.1695 0.9510
010 011 012 0.1501 0.0007 0.8703 0.4015 0.2500 0.3808 0.7756 0.6328
011 012 013 0.2779 0.4311 0.0457 0.8077 0.3586 0.0144 0.8260 0.8145
012 013 014 0.8445 0.2621 0.9512 0.3124 0.6421 0.7267 0.7881 0.3972
013 014 015 0.3137 0.1521 0.7274 0.9121 0.0579 0.0466 0.1684 0.0204
014 015 016 0.9100 0.3359 0.7343 0.2137 0.1404 0.2640 0.3076 0.6244
015 016 017 0.9066 0.5436 0.4799 0.8739 0.8940 0.4047 0.0084 0.9040
016 017 018 0.8706 0.2975 0.2388 0.6115 0.7876 0.9374 0.9793 0.8784
017 018 019 0.9496 0.1400 0.4140 0.4596 0.5644 0.5814 0.6205 0.8491
018 019 020 0.8738 0.0984 0.2025 0.9718 0.4805 0.6350 0.1813 0.0407
019 020 021 0.3360 0.7301 0.9068 0.9823 0.4347 0.1851 0.6989 0.3687
020 021 022 0.9947 0.7027 0.9704 0.2328 0.7490 0.5993 0.8515 0.9723
021 022 023 0.9824 0.3318 0.4504 0.0331 0.6472 0.2168 0.8032 0.5728
022 023 024 0.0187 0.5311 0.5010 0.4512 0.4187 0.3398 0.0710 0.8123
023 024 025 0.1637 0.5611 0.6296 0.0665 0.2556 0.9349 0.7952 0.4092
024 025 026 0.1096 0.7252 0.2392 0.8771 0.9377 0.6061 0.5750 0.0801
025 026 027 0.1559 0.9002 0.2840 0.5371 0.9118 0.3249 0.6659 0.0337
026 027 028 0.4539 0.4110 0.3844 0.5368 0.2471 0.7488 0.0295 0.4845
027 028 029 0.8141 0.2957 0.9749 0.8167 0.0575 0.9812 0.6399 0.7107
028 029 030 0.4633 0.7280 0.8255 0.2202 0.2318 0.8259 0.8879 0.9635
029 030 031 0.3865 0.7305 0.2782 0.3170 0.8278 0.4567 0.7661 0.2868
030 031 032 0.7026 0.3013 0.8212 0.7703 0.4928 0.7712 0.2614 0.1198
031 032 033 0.2178 0.4038 0.9246 0.7910 0.7580 0.7698 0.6260 0.7816
032 033 034 0.6994 0.6544 0.1062 0.5509 0.9655 0.9801 0.7126 0.1595
033 034 035 0.5688 0.4608 0.8929 0.6186 0.7520 0.2205 0.7873 0.9008
034 035 036 0.8164 0.8867 0.2672 0.7902 0.3430 0.7386 0.4422 0.2572
035 036 037 0.9415 0.0129 0.8380 0.1612 0.1421 0.9667 0.1890 0.0565
036 037 038 0.1977 0.8478 0.5114 0.6372 0.1081 0.7129 0.1141 0.7864
037 038 039 0.0576 0.7062 0.4449 0.1851 0.9768 0.1479 0.4717 0.3211
038 039 040 0.1871 0.6329 0.7737 0.6110 0.3868 0.2671 0.0702 0.1633
039 040 041 0.9601 0.6297 0.0593 0.9922 0.4921 0.8370 0.1631 0.4450
040 041 042 0.4451 0.7810 0.7797 0.2723 0.5098 0.5766 0.8953 0.3841
041 042 043 0.2014 0.4639 0.3614 0.9416 0.0861 0.2968 0.3898 0.9378
042 043 044 0.4857 0.0284 0.5442 0.0463 0.1432 0.7995 0.1378 0.2746
043 044 045 0.2534 0.5251 0.2115 0.2486 0.9877 0.2781 0.4364 0.2023
044 045 046 0.2621 0.1089 0.2426 0.8242 0.0582 0.8900 0.5359 0.9325
045 046 047 0.8631 0.3053 0.0480 0.9214 0.1551 0.0360 0.3035 0.6080
046 047 048 0.3930 0.2993 0.9601 0.5164 0.0279 0.4181 0.4193 0.0198
047 048 049 0.5348 0.8151 0.7355 0.3361 0.4504 0.6135 0.8973 0.2799
048 049 050 0.7799 0.7306 0.7468 0.9844 0.2909 0.3366 0.1775 0.1391
049 050 051 0.9779 0.9818 0.6927 0.1810 0.9142 0.3276 0.0468 0.9298
050 051 052 0.3197 0.4843 0.2475 0.6290 0.3219 0.8238 0.9456 0.0196
051 052 053 0.0596 0.8015 0.7180 0.7873 0.8081 0.4679 0.9409 0.5523
052 053 054 0.3725 0.3484 0.7946 0.8515 0.9519 0.0586 0.1328 0.7430
053 054 055 0.1564 0.4439 0.2186 0.2299 0.3056 0.9944 0.0465 0.7227
054 055 056 0.1085 0.0592 0.7952 0.2726 0.5094 0.0771 0.4610 0.2888
055 056 057 0.6083 0.2817 0.2823 0.7955 0.6296 0.6421 0.4547 0.4621
056 057 058 0.7329 0.2886 0.9593 0.2270 0.2680 0.4436 0.3211 0.9266
057 058 059 0.7138 0.1630 0.0336 0.8270 0.0121 0.3789 0.2369 0.8724
058 059 060 0.4696 0.5879 0.2502 0.6025 0.1088 0.5260 0.7234 0.1134
059 060 061 0.8668 0.1923 0.6518 0.4596 0.6584 0.2487 0.4241 0.0407
060 061 062 0.6203 0.8462 0.5652 0.6921 0.8032 0.8326 0.4160 0.6107
061 062 063 0.4532 0.0647 0.3802 0.8333 0.5442 0.6751 0.0735 0.2676
062 063 064 0.4531 0.5145 0.7562 0.9733 0.2643 0.4407 0.4450 0.8915
063 064 065 0.3064 0.8973 0.7652 0.2722 0.4050 0.7435 0.2139 0.0683
064 065 066 0.1409 0.9500 0.8663 0.0221 0.1867 0.9937 0.5535 0.7026
065 066 067 0.5280 0.9843 0.7107 0.8188 0.7007 0.7903 0.8903 0.7190
066 067 068 0.7352 0.5934 0.4884 0.7591 0.0475 0.9536 0.2723 0.0022
067 068 069 0.2641 0.0700 0.2610 0.1858 0.9922 0.4020 0.3489 0.2537
068 069 070 0.0161 0.6722 0.1628 0.4767 0.8550 0.5492 0.3579 0.2419
069 070 071 0.3610 0.4139 0.2084 0.4629 0.0930 0.8823 0.2517 0.4219
070 071 072 0.0758 0.0727 0.7669 0.5771 0.8515 0.1325 0.1334 0.0534
071 072 073 0.0288 0.1367 0.4305 0.6248 0.5527 0.3341 0.8404 0.3188
072 073 074 0.4732 0.9459 0.5891 0.2135 0.7273 0.8901 0.3507 0.0906
073 074 075 0.6633 0.1287 0.3096 0.4868 0.5888 0.8900 0.4100 0.2829
074 075 076 0.2180 0.0604 0.4145 0.8501 0.1728 0.7549 0.3801 0.3104
075 076 077 0.0426 0.8004 0.8070 0.2614 0.0448 0.1370 0.7638 0.9458
076 077 078 0.7492 0.1397 0.0344 0.5489 0.4249 0.9179 0.9233 0.8297
077 078 079 0.4184 0.6862 0.3296 0.7874 0.5400 0.5405 0.9482 0.0348
078 079 080 0.6160 0.3397 0.6600 0.7508 0.6128 0.3683 0.2426 0.4824
079 080 081 0.0923 0.9406 0.4414 0.2639 0.5898 0.6246 0.5870 0.8728
080 081 082 0.7787 0.4396 0.1123 0.8060 0.2037 0.9183 0.0685 0.3405
081 082 083 0.9655 0.0465 0.5271 0.8790 0.7054 0.8304 0.8227 0.2414
082 083 084 0.8617 0.1757 0.7587 0.5206 0.6209 0.7125 0.4786 0.7932
083 084 085 0.2656 0.1518 0.7658 0.3982 0.7362 0.4265 0.9583 0.9356
084 085 086 0.2113 0.9837 0.5581 0.0588 0.2270 0.9837 0.3380 0.5604
085 086 087 0.7091 0.3727 0.9631 0.0000 0.6097 0.1270 0.3845 0.5864
086 087 088 0.2718 0.3299 0.3026 0.1582 0.4223 0.9100 0.9209 0.6535
087 088 089 0.0401 0.1777 0.9855 0.7089 0.1763 0.5900 0.4008 0.9635
088 089 090 0.6267 0.9125 0.3666 0.7307 0.1201 0.5229 0.6867 0.5527
089 090 091 0.1036 0.3975 0.9019 0.7938 0.9259 0.7302 0.0581 0.4201
090 091 092 0.0240 0.5455 0.6392 0.0137 0.7130 0.5257 0.2148 0.6171
091 092 093 0.7090 0.8978 0.1979 0.8156 0.4908 0.0383 0.6509 0.9540
092 093 094 0.1382 0.6566 0.7825 0.4237 0.8915 0.0926 0.9984 0.2372
093 094 095 0.4697 0.3321 0.7877 0.3550 0.1637 0.8252 0.2260 0.3606
094 095 096 0.3683 0.2955 0.8285 0.9165 0.0430 0.5359 0.9994 0.2835
095 096 097 0.6059 0.0206 0.9692 0.4524 0.8233 0.8941 0.0416 0.7814
096 097 098 0.7270 0.7258 0.7029 0.8547 0.8097 0.3490 0.3067 0.9040
097 098 099 0.5368 0.8927 0.0463 0.5748 0.8183 0.6921 0.6624 0.0893
098 099 100 0.8863 0.8040 0.7215 0.2979 0.5185 0.4506 0.0840 0.1589
099 100 101 0.6684 0.8498 0.8182 0.1960 0.6933 0.5299 0.0946 0.5982
100 101 102 0.0749 0.8336 0.1720 0.8002 0.3239 0.3729 0.4809 0.8551
101 102 103 0.7970 0.8740 0.5229 0.8999 0.8316 0.7097 0.9074 0.5486
102 103 104 0.5049 0.7186 0.7800 0.5012 0.5679 0.5665 0.5964 0.0979
103 104 105 0.6669 0.5082 0.4959 0.3986 0.3478 0.7960 0.7241 0.1908
104 105 106 0.5935 0.6616 0.8114 0.5686 0.5339 0.9724 0.1524 0.2793
105 106 107 0.9054 0.3895 0.1442 0.5695 0.6000 0.3647 0.3984 0.4261
106 107 108 0.9079 0.2741 0.2063 0.6196 0.6793 0.9875 0.9106 0.9871
107 108 109 0.2595 0.0054 0.7098 0.0216 0.0061 0.1895 0.1797 0.3770
108 109 110 0.4699 0.4350 0.9907 0.5163 0.4639 0.8197 0.8472 0.0276
109 110 111 0.8818 0.1076 0.2347 0.9140 0.1218 0.7018 0.3176 0.9499
110 111 112 0.0676 0.2402 0.0819 0.6889 0.9042 0.6113 0.0634 0.0690
111 112 113 0.4792 0.0709 0.7751 0.3624 0.0346 0.4868 0.8326 0.4956
112 113 114 0.7109 0.5932 0.1680 0.3954 0.1023 0.0430 0.9771 0.6124
113 114 115 0.2938 0.9852 0.1909 0.4731 0.6018 0.2021 0.5636 0.4545
114 115 116 0.0467 0.3229 0.0216 0.7753 0.7294 0.5376 0.9192 0.9253
115 116 117 0.8207 0.3434 0.4870 0.1442 0.6121 0.9005 0.1889 0.3229
116 117 118 0.8363 0.2147 0.2913 0.2998 0.8060 0.8771 0.6293 0.1167
117 118 119 0.2174 0.7374 0.9943 0.8591 0.0527 0.4239 0.2674 0.9172
118 119 120 0.1808 0.1468 0.9031 0.1039 0.3010 0.4240 0.9069 0.8034
119 120 121 0.6233 0.7914 0.7955 0.1407 0.8659 0.7297 0.0364 0.3390
120 121 122 0.6159 0.5105 0.4982 0.0446 0.7751 0.2538 0.2559 0.0301
121 122 123 0.0888 0.8667 0.4399 0.5618 0.2696 0.6261 0.7779 0.4961
122 123 124 0.2534 0.5008 0.4682 0.1433 0.9019 0.5430 0.7133 0.3659
123 124 125 0.1945 0.6417 0.2158 0.4338 0.8838 0.6855 0.0780 0.5432
124 125 126 0.4759 0.1374 0.2988 0.7546 0.3307 0.4152 0.2724 0.3349
125 126 127 0.9509 0.4978 0.8100 0.3196 0.3647 0.5185 0.0822 0.9190
126 127 128 0.3713 0.4235 0.9344 0.6204 0.3123 0.5273 0.6374 0.1535
127 128 129 0.9760 0.2757 0.6137 0.7063 0.0292 0.9146 0.3140 0.1042
128 129 130 0.8289 0.3154 0.3735 0.7972 0.8060 0.9272 0.0812 0.2527
129 130 131 0.2530 0.7828 0.3237 0.6332 0.9791 0.9286 0.3411 0.8946
130 131 132 0.8265 0.4997 0.7070 0.4904 0.7877 0.3768 0.1431 0.2452
131 132 133 0.8103 0.3234 0.7551 0.6619 0.8701 0.6112 0.6927 0.3984
132 133 134 0.6977 0.1170 0.5780 0.9454 0.9942 0.6976 0.3120 0.8721
133 134 135 0.2806 0.7164 0.2346 0.8899 0.6510 0.7906 0.6303 0.6521
134 135 136 0.9701 0.1132 0.7882 0.1626 0.7749 0.7377 0.0663 0.6964
135 136 137 0.6581 0.9980 0.1825 0.0359 0.0588 0.3204 0.4339 0.2406
136 137 138 0.7278 0.0552 0.2579 0.9467 0.0424 0.0815 0.1057 0.2510
137 138 139 0.2564 0.3532 0.1610 0.8130 0.7420 0.4385 0.0486 0.6177
138 139 140 0.2992 0.8002 0.9712 0.1467 0.8078 0.5217 0.0923 0.7766
139 140 141 0.7594 0.6448 0.2473 0.7606 0.2305 0.8331 0.7213 0.7063
140 141 142 0.7607 0.5090 0.1764 0.6598 0.7779 0.0293 0.5390 0.2723
141 142 143 0.6138 0.3176 0.9971 0.7186 0.3909 0.2479 0.7636 0.4953
142 143 144 0.6291 0.1625 0.8334 0.4643 0.0578 0.8755 0.2722 0.7754
143 144 145 0.6482 0.4827 0.7895 0.5139 0.9075 0.2032 0.5466 0.4652
144 145 146 0.1772 0.6029 0.3686 0.2452 0.6566 0.1936 0.8361 0.9644
145 146 147 0.6772 0.3003 0.0433 0.7263 0.1152 0.7040 0.6329 0.8558
146 147 148 0.3825 0.8356 0.9342 0.5034 0.0014 0.5572 0.7045 0.2035
147 148 149 0.7760 0.5614 0.2889 0.6004 0.7035 0.8352 0.4107 0.0401
148 149 150 0.8822 0.9162 0.3094 0.5314 0.3998 0.6854 0.5804 0.6780
149 150 151 0.3341 0.5082 0.2055 0.8106 0.6254 0.1453 0.7294 0.3527
150 151 152 0.5159 0.6166 0.5540 0.5051 0.5294 0.7403 0.6119 0.5268
151 152 153 0.9993 0.9379 0.8730 0.7754 0.2778 0.8070 0.7103 0.5949
152 153 154 0.0405 0.1411 0.2684 0.1355 0.8400 0.4050 0.0031 0.4764
153 154 155 0.9288 0.6642 0.5818 0.8461 0.5603 0.5946 0.7660 0.0725
154 155 156 0.5415 0.8952 0.4947 0.2435 0.4785 0.1158 0.1566 0.4084
155 156 157 0.2383 0.4684 0.5132 0.8749 0.9629 0.5770 0.6007 0.4099
156 157 158 0.3998 0.2598 0.2021 0.1036 0.2837 0.6231 0.2282 0.4797
157 158 159 0.6017 0.0547 0.2215 0.3485 0.8852 0.0432 0.8948 0.6541
158 159 160 0.6538 0.6222 0.4100 0.2293 0.6970 0.2117 0.5417 0.6600
159 160 161 0.1681 0.1590 0.6958 0.2288 0.1674 0.5656 0.1779 0.4227
160 161 162 0.8856 0.2758 0.0387 0.2311 0.1977 0.3485 0.6559 0.6918
161 162 163 0.5366 0.5618 0.3385 0.8574 0.0217 0.9349 0.3277 0.9413
162 163 164 0.5510 0.4564 0.8919 0.1719 0.5558 0.1162 0.0643 0.2661
163 164 165 0.1416 0.9930 0.7495 0.5027 0.5215 0.7044 0.2836 0.3962
164 165 166 0.5546 0.8485 0.9603 0.9728 0.8494 0.5732 0.2134 0.2410
165 166 167 0.0065 0.4643 0.9573 0.1145 0.1033 0.2732 0.5997 0.8039
166 167 168 0.5694 0.3198 0.5156 0.4917 0.3249 0.9025 0.8810 0.2507
167 168 169 0.8667 0.6897 0.9436 0.7316 0.7699 0.2241 0.4104 0.3579
168 169 170 0.5079 0.5546 0.7950 0.2011 0.2397 0.9916 0.2509 0.7031
169 170 171 0.8454 0.7496 0.0140 0.7475 0.9093 0.5614 0.3094 0.2047
170 171 172 0.6971 0.4245 0.7860 0.8260 0.4335 0.8140 0.4990 0.3094
171 172 173 0.5143 0.6859 0.7860 0.6511 0.1433 0.6308 0.9798 0.8369
172 173 174 0.3011 0.6770 0.6252 0.8360 0.1733 0.9963 0.6332 0.0025
173 174 175 0.2628 0.8929 0.4860 0.2067 0.4775 0.5566 0.4724 0.5678
174 175 176 0.2446 0.3772 0.4984 0.2874 0.6181 0.8454 0.6481 0.0682
175 176 177 0.6408 0.1798 0.9536 0.6063 0.2625 0.2539 0.2004 0.9755
176 177 178 0.1091 0.8588 0.4422 0.4790 0.8510 0.9770 0.6775 0.3326
177 178 179 0.3209 0.2182 0.1952 0.2582 0.5607 0.3154 0.0558 0.3187
178 179 180 0.9723 0.1511 0.3138 0.2615 0.4405 0.6681 0.7083 0.0178
179 180 181 0.7773 0.9113 0.2269 0.1028 0.3031 0.0711 0.9577 0.5549
180 181 182 0.3667 0.2714 0.7351 0.5079 0.9349 0.7906 0.8841 0.3473
181 182 183 0.6084 0.7433 0.2528 0.3684 0.0643 0.7944 0.9107 0.7857
182 183 184 0.2408 0.3111 0.1366 0.2195 0.9917 0.4940 0.5625 0.9347
183 184 185 0.0811 0.5691 0.4294 0.6840 0.3441 0.7036 0.1871 0.1243
184 185 186 0.0957 0.6984 0.1603 0.2531 0.3698 0.5202 0.1184 0.4632
185 186 187 0.3833 0.4351 0.1097 0.1564 0.1427 0.2810 0.7380 0.9873
186 187 188 0.0129 0.6553 0.5010 0.3762 0.4234 0.4261 0.9124 0.6288
187 188 189 0.9662 0.1926 0.1884 0.5200 0.3018 0.8036 0.7325 0.5144
188 189 190 0.8708 0.8934 0.4841 0.8588 0.5752 0.1357 0.7496 0.0132
189 190 191 0.7648 0.3725 0.5247 0.9896 0.9536 0.5919 0.2680 0.0316
190 191 192 0.4809 0.9546 0.9445 0.5442 0.1888 0.7082 0.9195 0.7476
191 192 193 0.2465 0.2613 0.3901 0.2269 0.1162 0.3977 0.0475 0.1908
192 193 194 0.1178 0.4485 0.2039 0.8328 0.2264 0.0011 0.7798 0.6816
193 194 195 0.8420 0.9592 0.5242 0.8751 0.2659 0.0447 0.8251 0.8353
194 195 196 0.0984 0.2839 0.6857 0.6074 0.8688 0.0577 0.2617 0.9477
195 196 197 0.3432 0.2281 0.0750 0.7563 0.6652 0.5168 0.1348 0.3080
196 197 198 0.7399 0.1662 0.7593 0.4882 0.0347 0.6374 0.0376 0.0796
197 198 199 0.2071 0.1134 0.9518 0.4549 0.0618 0.8706 0.1260 0.2379
198 199 200 0.7140 0.2509 0.1369 0.6196 0.6990 0.7082 0.3955 0.4989
199 200 201 0.8460 0.6158 0.1141 0.1984 0.6570 0.5177 0.8654 0.1766
200 201 202 0.8035 0.2222 0.5140 0.0720 0.5150 0.6288 0.5393 0.2818
201 202 203 0.9450 0.7219 0.4722 0.4954 0.0015 0.2812 0.3006 0.9230
202 203 204 0.7031 0.4078 0.5062 0.8991 0.7183 0.2871 0.5965 0.3782
203 204 205 0.4979 0.5715 0.9560 0.3278 0.0838 0.2646 0.2689 0.3963
204 205 206 0.1194 0.0188 0.8272 0.7186 0.9004 0.0791 0.0221 0.6513
205 206 207 0.5212 0.6033 0.3111 0.0309 0.9330 0.2138 0.7354 0.4771
206 207 208 0.1391 0.1292 0.5553 0.9893 0.3854 0.4131 0.5271 0.7703
207 208 209 0.7029 0.3149 0.4093 0.6963 0.9353 0.9567 0.6793 0.0910
208 209 210 0.3569 0.2812 0.8140 0.1833 0.4034 0.0964 0.8747 0.5527
209 210 211 0.5249 0.5154 0.9364 0.6271 0.1269 0.9552 0.9309 0.6762
210 211 212 0.4513 0.0222 0.1732 0.3252 0.8340 0.8049 0.4654 0.9287
211 212 213 0.3232 0.4703 0.6467 0.6778 0.2650 0.4285 0.9243 0.7834
212 213 214 0.5352 0.5471 0.1522 0.5224 0.0343 0.7952 0.7833 0.6004
213 214 215 0.5597 0.8027 0.6002 0.2806 0.0093 0.7229 0.9290 0.1532
214 215 216 0.8571 0.6026 0.9991 0.5709 0.0729 0.2301 0.8499 0.0003
215 216 217 0.8681 0.3595 0.3044 0.5370 0.2990 0.9698 0.2378 0.5607
216 217 218 0.1397 0.7134 0.7351 0.9337 0.6798 0.8291 0.4164 0.7627
217 218 219 0.4551 0.1374 0.6363 0.0015 0.5225 0.8234 0.5151 0.5302
218 219 220 0.3725 0.3091 0.9903 0.4658 0.4216 0.8123 0.7327 0.7581
219 220 221 0.6426 0.2101 0.9557 0.7176 0.7542 0.4186 0.0286 0.1766
220 221 222 0.0922 0.3174 0.8923 0.1888 0.1167 0.8138 0.4150 0.7064
221 222 223 0.4758 0.4421 0.6029 0.0798 0.5923 0.2227 0.3948 0.2366
222 223 224 0.9936 0.6260 0.8838 0.7490 0.0891 0.0383 0.0977 0.2795
223 224 225 0.4500 0.9872 0.0221 0.3663 0.1746 0.7105 0.3778 0.9111
224 225 226 0.0560 0.2384 0.3681 0.9394 0.9870 0.3690 0.6241 0.5721
225 226 227 0.5984 0.5338 0.0148 0.2679 0.5238 0.7661 0.3202 0.2787
226 227 228 0.3725 0.1713 0.7873 0.1695 0.8006 0.5636 0.4876 0.3726
227 228 229 0.3830 0.0739 0.5207 0.5513 0.3839 0.3950 0.0447 0.2193
228 229 230 0.0310 0.5657 0.8686 0.4319 0.2425 0.4525 0.8745 0.4085
229 230 231 0.1965 0.3525 0.1255 0.9527 0.0089 0.3066 0.4122 0.8405
230 231 232 0.6432 0.6854 0.7454 0.6690 0.2924 0.4051 0.2442 0.3314
231 232 233 0.7185 0.0565 0.3760 0.8146 0.1294 0.2868 0.9411 0.6247
232 233 234 0.5376 0.1170 0.0045 0.5474 0.8083 0.5495 0.6250 0.2248
233 234 235 0.6027 0.0666 0.5820 0.2807 0.4031 0.6807 0.8797 0.5445
234 235 236 0.8122 0.9086 0.6705 0.0053 0.8177 0.8748 0.1450 0.2505
235 236 237 0.3454 0.2536 0.3569 0.2780 0.1902 0.7615 0.0597 0.2981
236 237 238 0.7963 0.1994 0.3586 0.2128 0.5192 0.2390 0.1792 0.1197
237 238 239 0.4976 0.6233 0.0247 0.8671 0.2147 0.0033 0.4594 0.0826
238 239 240 0.9507 0.8606 0.8437 0.2214 0.1065 0.0268 0.9022 0.4744
239 240 241 0.3103 0.8957 0.5352 0.4861 0.8976 0.8660 0.9912 0.3618
240 241 242 0.0425 0.9717 0.3076 0.1808 0.7088 0.1612 0.3223 0.1815
241 242 243 0.5763 0.5909 0.2681 0.8560 0.9929 0.8759 0.4075 0.6704
242 243 244 0.1681 0.9602 0.5049 0.5004 0.9392 0.5162 0.0806 0.7072
243 244 245 0.1225 0.8359 0.6913 0.3755 0.8142 0.9693 0.3510 0.5160
244 245 246 0.7639 0.7385 0.3204 0.6335 0.5176 0.0181 0.6135 0.4570
245 246 247 0.8037 0.5013 0.0129 0.2160 0.7481 0.2573 0.6512 0.8820
246 247 248 0.8573 0.6022 0.4104 0.9167 0.9689 0.1507 0.9160 0.2403
247 248 249 0.4456 0.8248 0.8781 0.4646 0.8927 0.5904 0.5856 0.3031
248 249 250 0.3071 0.0698 0.1935 0.1403 0.1060 0.8044 0.7137 0.2670
249 250 251 0.8161 0.2266 0.4345 0.7358 0.4991 0.5592 0.0999 0.5995
250 251 252 0.8341 0.3982 0.2404 0.1114 0.4373 0.0864 0.8746 0.7269
251 252 253 0.1776 0.0952 0.2147 0.9310 0.9295 0.5135 0.1701 0.5513
252 253 254 0.2315 0.5454 0.2894 0.9905 0.5371 0.5292 0.0432 0.9119
253 254 255 0.3168 0.9730 0.7843 0.5803 0.7103 0.6977 0.9970 0.6094
254 255 256 0.8438 0.5821 0.6354 0.5463 0.8163 0.0559 0.1651 0.0841
255 256 257 0.0992 0.6242 0.7375 0.6455 0.7619 0.7963 0.0907 0.9436
256 257 258 0.8481 0.1954 0.3432 0.5449 0.3277 0.6357 0.8857 0.4334
257 258 259 0.2919 0.1161 0.5424 0.8481 0.8189 0.8312 0.9375 0.8661
258 259 260 0.3184 0.9636 0.8918 0.2601 0.6223 0.0926 0.8974 0.1418
259 260 261 0.8897 0.9389 0.5238 0.4992 0.1206 0.9330 0.5989 0.8328
260 261 262 0.6942 0.5750 0.0173 0.7796 0.5784 0.6223 0.7283 0.5445
261 262 263 0.2204 0.7837 0.5020 0.3469 0.2355 0.1214 0.2709 0.5152
262 263 264 0.5207 0.6850 0.8802 0.7538 0.1565 0.5918 0.1830 0.7436
263 264 265 0.4722 0.1785 0.7955 0.4121 0.8229 0.6803 0.1346 0.0484
264 265 266 0.9834 0.7001 0.0537 0.9456 0.4235 0.6257 0.2312 0.6799
265 266 267 0.2906 0.4687 0.1512 0.2783 0.9809 0.8884 0.6805 0.3196
266 267 268 0.2755 0.0473 0.1989 0.7490 0.7300 0.9886 0.9142 0.0426
267 268 269 0.5697 0.2572 0.6923 0.3931 0.5201 0.9255 0.8852 0.6709
268 269 270 0.4018 0.3502 0.0034 0.3636 0.5673 0.2792 0.2435 0.2241
269 270 271 0.6710 0.3470 0.5362 0.3365 0.7325 0.5521 0.1180 0.3699
270 271 272 0.4091 0.2166 0.3425 0.8735 0.8217 0.6219 0.8267 0.9007
271 272 273 0.0368 0.1492 0.5359 0.0729 0.7271 0.6203 0.9799 0.4486
272 273 274 0.4083 0.5205 0.3290 0.1453 0.9973 0.6697 0.7324 0.6041
273 274 275 0.2073 0.0247 0.5712 0.0707 0.1139 0.2359 0.2038 0.7957
274 275 276 0.7721 0.7823 0.9288 0.0400 0.2012 0.2264 0.5175 0.3564
275 276 277 0.1584 0.7993 0.2047 0.5852 0.6384 0.3073 0.0536 0.5932
276 277 278 0.0640 0.6367 0.8750 0.7630 0.7808 0.6843 0.3860 0.7522
277 278 000 0.3453 0.1705 0.6452 0.0958 0.2679 0.5061 0.9288 0.2213
278 000 001 0.0269 0.4484 0.1983 0.3273 0.5029 0.3449 0.2437 0.6196
