279 155682 3 279
000 001 002 0.5157 0.9284 0.6073 0.0214 0.8891 0.5536 0.9663 0.3943
001 002 003 0.9955 0.5006 0.5596 0.9154 0.4987 0.7251 0.9682 0.8939
002 003 004 0.1910 0.4588 0.9989 0.4666 0.0321 0.2234 0.6471 0.2065
003 004 005 0.7160 0.3912 0.1939 0.6951 0.4930 0.8203 0.8535 0.7752
004 005 006 0.2564 0.8114 0.7475 0.3590 0.3207 0.9313 0.0926 0.6370
005 006 007 0.4316 0.6807 0.5978 0.8955 0.7850 0.9428 0.5242 0.9120
006 007 008 0.3561 0.0119 0.0806 0.8846 0.4586 0.1969 0.7201 0.1520
007 008 009 0.0692 0.4409 0.1061 0.6156 0.5089 0.8210 0.3963 0.2628
008 009 010 0.2025 0.3833 0.7847 0.6956 0.6608 0.1158 0.9352 0.1722
009 010 011 0.3752 0.9593 0.4102 0.7371 0.5827 0.5836 0.4165 0.0555
010 011 012 0.1064 0.3840 0.7173 0.6395 0.5125 0.5516 0.4639 0.8766
011 012 013 0.5620 0.6761 0.9691 0.8543 0.8064 0.1341 0.4451 0.0337
012 013 014 0.7831 0.1939 0.7378 0.2514 0.9269 0.7658 0.2740 0.8432
013 014 015 0.0444 0.6005 0.5124 0.4631 0.8567 0.8770 0.3452 0.2563
014 015 016 0.1703 0.8715 0.3847 0.9397 0.7247 0.7531 0.4971 0.6994
015 016 017 0.9803 0.3271 0.8583 0.6819 0.4895 0.2589 0.4135 0.2227
016 017 018 0.0722 0.4987 0.7863 0.3869 0.1606 0.8173 0.2538 0.2467
017 018 019 0.5955 0.8702 0.0781 0.9037 0.6505 0.7972 0.6391 0.3498
018 019 020 0.2258 0.5151 0.3953 0.5350 0.4930 0.6528 0.8979 0.4517
019 020 021 0.3338 0.8182 0.8597 0.4457 0.9781 0.8213 0.4163 0.0561
020 021 022 0.9530 0.0022 0.2834 0.1679 0.0414 0.9167 0.2206 0.5234
021 022 023 0.7974 0.5195 0.9482 0.2972 0.2333 0.0668 0.0399 0.8845
022 023 024 0.2706 0.0422 0.5041 0.2993 0.9655 0.0980 0.0641 0.4352
023 024 025 0.0271 0.7306 0.0063 0.2083 0.4067 0.3976 0.6366 0.0759
024 025 026 0.5835 0.1479 0.6260 0.2610 0.8065 0.2267 0.8479 0.4887
025 026 027 0.7399 0.5645 0.0574 0.1027 0.0537 0.0564 0.9059 0.8799
026 027 028 0.4459 0.5277 0.6700 0.1000 0.1911 0.7330 0.4744 0.1465
027 028 029 0.0425 0.3834 0.2048 0.0493 0.0873 0.6505 0.6969 0.5359
028 029 030 0.0029 0.3836 0.0315 0.2797 0.1697 0.0634 0.1948 0.0577
029 030 031 0.2048 0.2188 0.1768 0.9831 0.3131 0.8140 0.9669 0.0957
030 031 032 0.9682 0.2411 0.8718 0.8594 0.2666 0.3578 0.1440 0.9163
031 032 033 0.2099 0.8629 0.6375 0.8610 0.1794 0.6605 0.0396 0.8683
032 033 034 0.8645 0.6209 0.0818 0.8368 0.4567 0.1767 0.5379 0.8848
033 034 035 0.1024 0.5683 0.7721 0.8467 0.9523 0.2145 0.6249 0.6889
034 035 036 0.5093 0.2870 0.3677 0.6518 0.1912 0.8682 0.8650 0.1980
035 036 037 0.4849 0.3737 0.4694 0.8157 0.9545 0.4998 0.0300 0.8515
036 037 038 0.5099 0.3717 0.6216 0.6330 0.6674 0.6975 0.6210 0.3486
037 038 039 0.4673 0.2734 0.2480 0.1712 0.4205 0.3509 0.3534 0.8854
038 039 040 0.5461 0.8214 0.6921 0.7166 0.5335 0.5965 0.8910 0.1089
039 040 041 0.8540 0.9706 0.1983 0.2725 0.5146 0.6307 0.5073 0.0128
040 041 042 0.6425 0.6073 0.0384 0.3079 0.3959 0.8538 0.1340 0.5834
041 042 043 0.2888 0.5414 0.6913 0.8907 0.7176 0.5111 0.8231 0.9518
042 043 044 0.9548 0.4656 0.5074 0.9801 0.9809 0.3572 0.7374 0.1473
043 044 045 0.4329 0.3381 0.5773 0.6702 0.7560 0.8002 0.3315 0.1484
044 045 046 0.1422 0.0450 0.7351 0.7362 0.8328 0.2042 0.1971 0.9365
045 046 047 0.5334 0.8950 0.6638 0.4254 0.5823 0.0506 0.6236 0.1275
046 047 048 0.9096 0.8763 0.0357 0.6743 0.4100 0.7332 0.3000 0.4551
047 048 049 0.7103 0.6171 0.0404 0.2455 0.8624 0.2534 0.6187 0.5271
048 049 050 0.2305 0.8735 0.8190 0.9071 0.3811 0.1487 0.2206 0.8957
049 050 051 0.0536 0.8763 0.2521 0.8359 0.3429 0.7166 0.9130 0.3908
050 051 052 0.4434 0.6652 0.9912 0.2786 0.0744 0.2883 0.8672 0.0668
051 052 053 0.8772 0.1527 0.2604 0.2872 0.7899 0.2300 0.4216 0.1363
052 053 054 0.3879 0.7059 0.7497 0.4445 0.9806 0.1292 0.5406 0.0291
053 054 055 0.4601 0.3279 0.2530 0.8673 0.0723 0.7531 0.7496 0.2696
054 055 056 0.8890 0.1127 0.9819 0.2035 0.3332 0.2173 0.4209 0.4957
055 056 057 0.9852 0.9371 0.1213 0.5647 0.6739 0.4407 0.9043 0.3728
056 057 058 0.6686 0.7920 0.1286 0.7410 0.9659 0.1328 0.1808 0.6868
057 058 059 0.9796 0.7729 0.2081 0.1455 0.2526 0.1962 0.4846 0.8781
058 059 060 0.6677 0.2143 0.4728 0.1063 0.4557 0.3020 0.9072 0.6254
059 060 061 0.7333 0.9019 0.3503 0.3709 0.9788 0.1992 0.9667 0.3479
060 061 062 0.9431 0.8393 0.0186 0.6135 0.8407 0.5816 0.6671 0.9462
061 062 063 0.3104 0.2472 0.6416 0.8907 0.8975 0.4565 0.0187 0.9588
062 063 064 0.8906 0.5162 0.4102 0.1197 0.5741 0.1876 0.9465 0.2826
063 064 065 0.9781 0.7265 0.7298 0.3284 0.0311 0.7823 0.6489 0.0541
064 065 066 0.4725 0.8185 0.7837 0.5156 0.5581 0.4999 0.2233 0.7599
065 066 067 0.0122 0.0882 0.0405 0.6365 0.6931 0.9436 0.7293 0.8365
066 067 068 0.7190 0.3016 0.7641 0.3477 0.5372 0.5908 0.3658 0.5128
067 068 069 0.6565 0.0318 0.1389 0.9226 0.7360 0.8746 0.7227 0.0799
068 069 070 0.5480 0.7685 0.7305 0.4571 0.0716 0.0525 0.4944 0.2130
069 070 071 0.1286 0.3912 0.0742 0.1069 0.0794 0.8078 0.0673 0.3394
070 071 072 0.7969 0.9398 0.6009 0.0238 0.8854 0.3463 0.9822 0.5639
071 072 073 0.7447 0.7512 0.9453 0.0949 0.6689 0.8889 0.7986 0.3146
072 073 074 0.5245 0.3305 0.3929 0.7593 0.3411 0.9440 0.9404 0.2375
073 074 075 0.2996 0.5076 0.4932 0.4695 0.8364 0.7058 0.3436 0.5087
074 075 076 0.9561 0.4905 0.3726 0.3743 0.2448 0.2831 0.6643 0.4416
075 076 077 0.8443 0.6977 0.8674 0.7133 0.0249 0.3476 0.8476 0.1586
076 077 078 0.4879 0.0995 0.6137 0.2607 0.0432 0.1902 0.5792 0.1889
077 078 079 0.9954 0.2779 0.4960 0.9384 0.3959 0.5226 0.0329 0.4984
078 079 080 0.0655 0.9690 0.9562 0.0548 0.4666 0.1772 0.7779 0.8417
079 080 081 0.4252 0.8299 0.0807 0.5807 0.8050 0.1841 0.1001 0.0948
080 081 082 0.0585 0.4193 0.8513 0.5633 0.3016 0.1170 0.7123 0.5040
081 082 083 0.0609 0.0869 0.4921 0.5431 0.7949 0.1925 0.4284 0.0240
082 083 084 0.8775 0.5685 0.2067 0.2533 0.2108 0.6940 0.4751 0.0708
083 084 085 0.0175 0.1388 0.6196 0.3323 0.9729 0.9229 0.5787 0.3220
084 085 086 0.8088 0.6192 0.6115 0.6219 0.8780 0.6894 0.8323 0.4168
085 086 087 0.7800 0.9006 0.4866 0.4293 0.6536 0.8673 0.7509 0.2302
086 087 088 0.1447 0.2523 0.8067 0.7045 0.0417 0.4873 0.1086 0.5243
087 088 089 0.6391 0.0903 0.9478 0.9576 0.6094 0.2974 0.3578 0.5777
088 089 090 0.6451 0.0474 0.9257 0.5063 0.5417 0.0658 0.1645 0.8091
089 090 091 0.9829 0.5294 0.5736 0.9325 0.3288 0.9520 0.6417 0.4591
090 091 092 0.3728 0.2995 0.1686 0.8232 0.6044 0.9103 0.9604 0.3436
091 092 093 0.5144 0.7174 0.1105 0.3507 0.0859 0.1147 0.7489 0.0122
092 093 094 0.9738 0.5040 0.4627 0.2921 0.6616 0.5811 0.4881 0.2153
093 094 095 0.5640 0.0095 0.9003 0.1132 0.5887 0.5935 0.3360 0.5231
094 095 096 0.0530 0.0521 0.3764 0.9755 0.3326 0.8732 0.2215 0.4380
095 096 097 0.2892 0.4753 0.8516 0.6986 0.3193 0.3820 0.1997 0.4929
096 097 098 0.5140 0.1576 0.0804 0.6854 0.2111 0.0641 0.3000 0.1526
097 098 099 0.8140 0.9156 0.9834 0.9583 0.5079 0.7382 0.8801 0.6053
098 099 100 0.0004 0.7693 0.6715 0.7478 0.2323 0.2878 0.0495 0.6422
099 100 101 0.0853 0.3556 0.3173 0.5734 0.2564 0.3386 0.9592 0.5281
100 101 102 0.2622 0.8924 0.9877 0.6579 0.0219 0.9136 0.4481 0.6337
101 102 103 0.8943 0.2059 0.6457 0.8167 0.5984 0.8685 0.3126 0.0086
102 103 104 0.1703 0.6751 0.7786 0.2004 0.4656 0.8726 0.4411 0.2348
103 104 105 0.3079 0.7535 0.9387 0.0693 0.8528 0.7288 0.1707 0.0237
104 105 106 0.0326 0.7893 0.1860 0.4193 0.4796 0.4781 0.7206 0.5399
105 106 107 0.3762 0.6385 0.7796 0.9021 0.6323 0.2684 0.3866 0.8841
106 107 108 0.1750 0.9200 0.4678 0.5391 0.5831 0.8033 0.0993 0.1645
107 108 109 0.2163 0.9165 0.1664 0.8031 0.4502 0.3968 0.3962 0.9240
108 109 110 0.7420 0.3867 0.9495 0.5049 0.0246 0.8961 0.5415 0.8143
109 110 111 0.4548 0.6225 0.9517 0.8102 0.7758 0.0846 0.2273 0.5071
110 111 112 0.6457 0.0988 0.4392 0.7680 0.4879 0.2574 0.3986 0.4713
111 112 113 0.3810 0.8419 0.8904 0.4655 0.1051 0.7402 0.8497 0.8194
112 113 114 0.3974 0.9035 0.2290 0.6874 0.6110 0.0756 0.1603 0.5633
113 114 115 0.5165 0.4165 0.4355 0.8998 0.0695 0.5594 0.1410 0.1656
114 115 116 0.9914 0.7654 0.5399 0.7892 0.9940 0.9063 0.8183 0.3423
115 116 117 0.8976 0.1944 0.3428 0.4109 0.3480 0.7948 0.6958 0.0322
116 117 118 0.2226 0.2621 0.9647 0.1599 0.3376 0.6081 0.4821 0.3964
117 118 119 0.7226 0.5042 0.5611 0.2393 0.2247 0.2281 0.5995 0.2605
118 119 120 0.4407 0.6072 0.7958 0.8274 0.5973 0.4551 0.4653 0.6925
119 120 121 0.0175 0.4624 0.3165 0.6184 0.6408 0.6618 0.8676 0.7061
120 121 122 0.1074 0.5477 0.5018 0.8509 0.9959 0.0536 0.0246 0.4643
121 122 123 0.1467 0.5182 0.6296 0.3404 0.3754 0.5078 0.6105 0.8455
122 123 124 0.4628 0.8727 0.8192 0.3911 0.0213 0.5994 0.8472 0.7609
123 124 125 0.3775 0.4762 0.5952 0.1236 0.3722 0.6623 0.1398 0.0466
124 125 126 0.5715 0.3884 0.0456 0.0857 0.1342 0.8525 0.7937 0.9284
125 126 127 0.0482 0.2844 0.8150 0.5310 0.8261 0.5145 0.1778 0.0184
126 127 128 0.7835 0.2720 0.6016 0.5261 0.0646 0.0699 0.7434 0.0007
127 128 129 0.6186 0.3669 0.0570 0.4328 0.5379 0.0710 0.4175 0.2483
128 129 130 0.3529 0.6508 0.4929 0.1161 0.4776 0.7436 0.2699 0.1951
129 130 131 0.6418 0.2187 0.3610 0.2717 0.4174 0.8713 0.1443 0.5970
130 131 132 0.3068 0.6922 0.8347 0.1114 0.6443 0.2354 0.8360 0.8317
131 132 133 0.8648 0.3805 0.8892 0.9951 0.8618 0.0417 0.3265 0.5700
132 133 134 0.4817 0.6827 0.8584 0.2913 0.6830 0.7142 0.7989 0.9324
133 134 135 0.9218 0.1108 0.2793 0.4348 0.3326 0.0880 0.0453 0.1698
134 135 136 0.5397 0.9158 0.5540 0.4740 0.2042 0.7586 0.1397 0.6023
135 136 137 0.4681 0.1180 0.3576 0.9388 0.1621 0.9879 0.3787 0.1712
136 137 138 0.4887 0.6833 0.4481 0.1982 0.2962 0.3676 0.4520 0.5825
137 138 139 0.1588 0.3352 0.4083 0.2203 0.6222 0.0013 0.5935 0.2323
138 139 140 0.2377 0.2262 0.7932 0.2967 0.7168 0.5234 0.5192 0.9278
139 140 141 0.7776 0.8454 0.9494 0.8993 0.1255 0.2439 0.7414 0.2351
140 141 142 0.8855 0.3036 0.8714 0.0942 0.3193 0.7152 0.9644 0.7027
141 142 143 0.2656 0.4376 0.5974 0.3793 0.8549 0.3610 0.8653 0.5013
142 143 144 0.9646 0.6617 0.9048 0.7285 0.9567 0.8919 0.4210 0.8059
143 144 145 0.7828 0.1809 0.0203 0.1537 0.6294 0.0283 0.0690 0.0296
144 145 146 0.3647 0.2468 0.8445 0.9968 0.7167 0.6709 0.6558 0.4662
145 146 147 0.9845 0.3418 0.4868 0.8338 0.4516 0.3352 0.3658 0.9608
146 147 148 0.0922 0.8213 0.1089 0.1991 0.0901 0.5371 0.2396 0.5690
147 148 149 0.8426 0.3885 0.7579 0.5056 0.2459 0.0875 0.2161 0.3306
148 149 150 0.2939 0.5088 0.9144 0.7279 0.1796 0.6496 0.3548 0.7233
149 150 151 0.1121 0.1483 0.6612 0.8384 0.5633 0.8995 0.6677 0.8779
150 151 152 0.2370 0.6180 0.9090 0.7819 0.0283 0.1824 0.0388 0.8648
151 152 153 0.2097 0.7826 0.9289 0.3331 0.6417 0.2789 0.9948 0.5758
152 153 154 0.6491 0.4654 0.9001 0.8756 0.6085 0.0885 0.8669 0.2634
153 154 155 0.7751 0.7292 0.1719 0.1539 0.9938 0.2439 0.6507 0.6248
154 155 156 0.2892 0.1135 0.8052 0.5000 0.3442 0.6011 0.2857 0.5953
155 156 157 0.0704 0.2234 0.3388 0.3497 0.1851 0.9770 0.5545 0.9405
156 157 158 0.1719 0.7160 0.6952 0.4379 0.5285 0.0673 0.3040 0.2720
157 158 159 0.5778 0.5301 0.5748 0.5681 0.7603 0.1913 0.2910 0.9033
158 159 160 0.0933 0.9329 0.7575 0.9118 0.7360 0.3538 0.5587 0.5520
159 160 161 0.3320 0.9136 0.6904 0.2219 0.3426 0.8247 0.4203 0.5780
160 161 162 0.6884 0.0290 0.1250 0.1258 0.8447 0.0420 0.5961 0.5981
161 162 163 0.2720 0.0037 0.8761 0.8576 0.5044 0.4030 0.6552 0.2092
162 163 164 0.6374 0.1200 0.5405 0.5695 0.3989 0.1863 0.0441 0.0274
163 164 165 0.3180 0.4196 0.2803 0.7004 0.3327 0.8512 0.2314 0.0761
164 165 166 0.5925 0.3029 0.7107 0.1315 0.5604 0.6528 0.6399 0.0868
165 166 167 0.7799 0.9779 0.6291 0.9757 0.6595 0.4801 0.6307 0.4765
166 167 168 0.9525 0.9721 0.3563 0.3254 0.2423 0.1959 0.5491 0.4055
167 168 169 0.7833 0.9375 0.5610 0.9849 0.6650 0.0653 0.9673 0.6394
168 169 170 0.9937 0.7395 0.9930 0.0664 0.0629 0.1962 0.6666 0.9018
169 170 171 0.8066 0.1610 0.0100 0.5308 0.8424 0.5645 0.9284 0.3149
170 171 172 0.3992 0.2682 0.1932 0.9652 0.2622 0.1810 0.1310 0.3975
171 172 173 0.9623 0.1467 0.6875 0.0527 0.3949 0.0993 0.8009 0.5432
172 173 174 0.2974 0.5852 0.7526 0.3361 0.5183 0.9328 0.7758 0.7886
173 174 175 0.1605 0.2795 0.3761 0.5411 0.1079 0.2345 0.5734 0.3664
174 175 176 0.3857 0.1396 0.3701 0.0615 0.9997 0.2555 0.3553 0.1554
175 176 177 0.9861 0.7137 0.1817 0.2311 0.3132 0.9677 0.3826 0.6925
176 177 178 0.2275 0.7784 0.0466 0.9453 0.1989 0.4724 0.2217 0.1900
177 178 179 0.1510 0.5832 0.6848 0.8865 0.4427 0.1772 0.6202 0.6380
178 179 180 0.2507 0.1094 0.3598 0.4686 0.2325 0.5092 0.4106 0.7133
179 180 181 0.5353 0.3503 0.0456 0.8109 0.8602 0.1918 0.2855 0.2842
180 181 182 0.0038 0.1569 0.5839 0.2365 0.4010 0.6104 0.2418 0.8261
181 182 183 0.4411 0.2924 0.1357 0.2192 0.8326 0.8496 0.0467 0.2708
182 183 184 0.5046 0.8892 0.8713 0.9125 0.2720 0.6958 0.5463 0.4144
183 184 185 0.3738 0.7798 0.4424 0.8019 0.9236 0.8035 0.6039 0.6800
184 185 186 0.6159 0.3723 0.0114 0.2189 0.6401 0.0214 0.3751 0.7118
185 186 187 0.8735 0.4777 0.7913 0.0107 0.7400 0.3910 0.7892 0.1322
186 187 188 0.7589 0.4213 0.7362 0.7226 0.6262 0.2396 0.7282 0.6974
187 188 189 0.6057 0.4081 0.6021 0.1730 0.0325 0.1254 0.5263 0.2013
188 189 190 0.3454 0.9855 0.7213 0.4828 0.1997 0.3438 0.4134 0.6196
189 190 191 0.1529 0.3629 0.6435 0.7153 0.8366 0.0129 0.2476 0.9498
190 191 192 0.0297 0.4160 0.2522 0.5831 0.6844 0.6887 0.0036 0.9888
191 192 193 0.4371 0.1309 0.6237 0.5991 0.4953 0.4757 0.1562 0.4308
192 193 194 0.1459 0.1249 0.0721 0.6053 0.5250 0.8608 0.1525 0.6101
193 194 195 0.4809 0.9323 0.9852 0.6544 0.9124 0.4317 0.6902 0.5823
194 195 196 0.3487 0.9775 0.6794 0.5912 0.0650 0.0638 0.0688 0.0050
195 196 197 0.2795 0.4518 0.2910 0.5011 0.2069 0.5423 0.3582 0.0701
196 197 198 0.6681 0.4980 0.4195 0.1995 0.7182 0.9933 0.3669 0.5165
197 198 199 0.0728 0.8711 0.0416 0.6709 0.1274 0.8501 0.7065 0.8423
198 199 200 0.6428 0.3270 0.7824 0.6461 0.1161 0.0317 0.3961 0.9219
199 200 201 0.4364 0.7654 0.5769 0.4843 0.3331 0.5216 0.1464 0.2754
200 201 202 0.3259 0.5465 0.0380 0.3362 0.8285 0.4246 0.3176 0.7959
201 202 203 0.7885 0.4121 0.0268 0.2318 0.6924 0.3759 0.9767 0.6273
202 203 204 0.0054 0.7617 0.7763 0.5275 0.9269 0.1650 0.4861 0.5338
203 204 205 0.1191 0.3651 0.4601 0.4563 0.4131 0.2217 0.0406 0.3267
204 205 206 0.6975 0.2370 0.5390 0.9649 0.8937 0.7937 0.7733 0.6611
205 206 207 0.0585 0.5213 0.8474 0.9897 0.4984 0.9109 0.5494 0.1633
206 207 208 0.1564 0.2821 0.4142 0.0221 0.3342 0.3776 0.3524 0.5089
207 208 209 0.4139 0.4600 0.7762 0.1869 0.7580 0.7134 0.0689 0.5515
208 209 210 0.9203 0.5294 0.6734 0.9760 0.7618 0.7867 0.4268 0.5625
209 210 211 0.1345 0.8549 0.2412 0.7425 0.1524 0.8367 0.5934 0.7626
210 211 212 0.9286 0.6274 0.9938 0.1551 0.0342 0.7757 0.3384 0.7157
211 212 213 0.6349 0.1530 0.2690 0.8486 0.9094 0.5134 0.9411 0.4572
212 213 214 0.5325 0.0895 0.0388 0.3090 0.8458 0.7586 0.6128 0.5184
213 214 215 0.6463 0.8967 0.3302 0.5347 0.6374 0.5469 0.8715 0.5369
214 215 216 0.1387 0.5555 0.7869 0.1900 0.1155 0.2266 0.6486 0.6029
215 216 217 0.0661 0.1286 0.5480 0.9791 0.4385 0.8201 0.1248 0.9915
216 217 218 0.1330 0.4904 0.2580 0.1915 0.4438 0.2278 0.4083 0.7160
217 218 219 0.4554 0.6904 0.6625 0.1169 0.8785 0.8926 0.2757 0.5558
218 219 220 0.8084 0.2767 0.5832 0.1355 0.3264 0.7334 0.2158 0.5915
219 220 221 0.0865 0.5113 0.7536 0.1507 0.0661 0.9797 0.6970 0.4625
220 221 222 0.9425 0.5022 0.5074 0.8243 0.4051 0.6892 0.1669 0.9887
221 222 223 0.6117 0.1006 0.8307 0.0939 0.6662 0.6663 0.7222 0.9591
222 223 224 0.1413 0.9773 0.4474 0.0911 0.8198 0.4377 0.0236 0.1375
223 224 225 0.9123 0.9547 0.8806 0.1011 0.5817 0.5721 0.6468 0.4201
224 225 226 0.6176 0.5736 0.8524 0.3847 0.5132 0.7869 0.4550 0.1965
225 226 227 0.2550 0.1573 0.1258 0.8969 0.4215 0.5011 0.6666 0.4948
226 227 228 0.2583 0.6525 0.6489 0.3343 0.1968 0.8068 0.0513 0.6582
227 228 229 0.0646 0.8464 0.7879 0.5540 0.6252 0.1478 0.5722 0.5815
228 229 230 0.6934 0.5119 0.4228 0.5963 0.0704 0.9935 0.4501 0.0699
229 230 231 0.9702 0.8522 0.1809 0.1976 0.6797 0.9077 0.1472 0.5894
230 231 232 0.1407 0.1945 0.4392 0.2676 0.5183 0.0215 0.8051 0.3217
231 232 233 0.4322 0.1965 0.1294 0.2182 0.9209 0.1425 0.6229 0.7906
232 233 234 0.6859 0.3129 0.9830 0.6120 0.5267 0.6949 0.4818 0.9454
233 234 235 0.0204 0.2941 0.2038 0.1089 0.0831 0.5411 0.4176 0.4084
234 235 236 0.5569 0.1353 0.4990 0.5107 0.2430 0.9564 0.6079 0.1432
235 236 237 0.5114 0.6296 0.0752 0.3390 0.4234 0.1968 0.3193 0.7639
236 237 238 0.3477 0.7019 0.9880 0.8731 0.1535 0.4133 0.9706 0.6314
237 238 239 0.6581 0.3574 0.6523 0.5000 0.9843 0.6701 0.2889 0.5072
238 239 240 0.4580 0.1655 0.2624 0.9951 0.1575 0.3236 0.4136 0.1740
239 240 241 0.4836 0.0635 0.8852 0.6035 0.1099 0.1437 0.4074 0.1111
240 241 242 0.5207 0.7539 0.8902 0.9542 0.3197 0.3619 0.9615 0.6174
241 242 243 0.4302 0.5367 0.0305 0.1572 0.3298 0.8250 0.2296 0.7096
242 243 244 0.1405 0.3217 0.8956 0.3157 0.8536 0.9407 0.8292 0.7352
243 244 245 0.3161 0.3266 0.4056 0.9667 0.8118 0.1256 0.8780 0.5159
244 245 246 0.6780 0.1704 0.5934 0.1597 0.3830 0.8460 0.5013 0.6469
245 246 247 0.1106 0.1894 0.1342 0.6727 0.0373 0.7379 0.6560 0.6429
246 247 248 0.2045 0.7996 0.8885 0.3705 0.5197 0.8483 0.0625 0.9641
247 248 249 0.5291 0.0406 0.3433 0.2501 0.5625 0.6799 0.1714 0.9825
248 249 250 0.7734 0.9128 0.6665 0.5364 0.9991 0.7185 0.7394 0.3858
249 250 251 0.4175 0.2984 0.0275 0.2558 0.9489 0.4926 0.2370 0.2568
250 251 252 0.5859 0.4164 0.8191 0.7803 0.9330 0.8700 0.8247 0.1895
251 252 253 0.9789 0.0393 0.0252 0.4746 0.3506 0.3161 0.1932 0.6258
252 253 254 0.8229 0.5657 0.7969 0.0849 0.7761 0.9895 0.3999 0.3359
253 254 255 0.6237 0.3617 0.8022 0.9759 0.6161 0.7745 0.3622 0.7933
254 255 256 0.3403 0.8358 0.9099 0.8965 0.5504 0.5011 0.4429 0.5879
255 256 257 0.1391 0.0718 0.4485 0.5017 0.8720 0.9614 0.1080 0.3617
256 257 258 0.3378 0.5018 0.7061 0.5420 0.1285 0.8488 0.3810 0.5981
257 258 259 0.5656 0.8648 0.0124 0.2595 0.0728 0.9695 0.8916 0.2187
258 259 260 0.3403 0.9420 0.5998 0.5991 0.1348 0.6522 0.9155 0.2626
259 260 261 0.0303 0.4608 0.1845 0.2251 0.1280 0.9143 0.9143 0.8226
260 261 262 0.5370 0.1767 0.4892 0.4601 0.1559 0.6307 0.0827 0.4018
261 262 263 0.9945 0.2148 0.7192 0.5322 0.8958 0.4922 0.3514 0.9960
262 263 264 0.0567 0.6622 0.1713 0.4213 0.9311 0.0446 0.6320 0.4168
263 264 265 0.9035 0.6275 0.8961 0.8203 0.8286 0.2840 0.1168 0.6690
264 265 266 0.0700 0.1200 0.0219 0.6726 0.7167 0.2251 0.4067 0.7760
265 266 267 0.3872 0.6699 0.1584 0.0797 0.7660 0.6842 0.3557 0.6994
266 267 268 0.7273 0.1738 0.8214 0.6530 0.8840 0.0616 0.1732 0.4482
267 268 269 0.1110 0.6709 0.7988 0.1223 0.5832 0.8240 0.3343 0.2468
268 269 270 0.7956 0.7407 0.8657 0.5943 0.2142 0.5280 0.4568 0.5941
269 270 271 0.3136 0.3926 0.2683 0.9777 0.6059 0.9753 0.3214 0.8788
270 271 272 0.9698 0.5847 0.0631 0.5248 0.1521 0.1822 0.4760 0.7515
271 272 273 0.4243 0.2868 0.2310 0.8881 0.9759 0.3425 0.0204 0.4284
272 273 274 0.3929 0.0611 0.9313 0.9959 0.9177 0.6146 0.9007 0.5956
273 274 275 0.7989 0.3173 0.7340 0.6356 0.0204 0.7827 0.0317 0.4066
274 275 276 0.3476 0.8620 0.0244 0.3589 0.3413 0.1042 0.5920 0.5591
275 276 277 0.9057 0.4853 0.5090 0.4272 0.7099 0.8798 0.0560 0.9690
276 277 278 0.8101 0.9732 0.8714 0.5790 0.8226 0.5345 0.8634 0.3441
277 278 000 0.7797 0.6468 0.4704 0.6894 0.1430 0.1903 0.0450 0.1703
278 000 001 0.0604 0.8600 0.1532 0.8247 0.4472 0.8794 0.2126 0.4543
