279 155682 3 279
000 001 002 0.9198 0.1721 0.2484 0.7801 0.0688 0.9125 0.0254 0.3390
001 002 003 0.4164 0.5374 0.8028 0.1811 0.2447 0.5470 0.1872 0.9055
002 003 004 0.5832 0.8500 0.4361 0.7128 0.0257 0.2394 0.5165 0.0278
003 004 005 0.3932 0.9669 0.8703 0.1305 0.9984 0.0885 0.7752 0.7093
004 005 006 0.5293 0.9498 0.7346 0.1940 0.4754 0.6813 0.5865 0.5749
005 006 007 0.7921 0.0891 0.5549 0.3759 0.1024 0.1914 0.8351 0.7405
006 007 008 0.7206 0.0082 0.5398 0.6512 0.2930 0.8980 0.3489 0.7455
007 008 009 0.0947 0.3831 0.6679 0.9595 0.5100 0.5032 0.2066 0.9358
008 009 010 0.2900 0.9110 0.7362 0.1373 0.3804 0.5659 0.2580 0.3132
009 010 011 0.2716 0.3748 0.1368 0.2800 0.9165 0.9350 0.8821 0.2368
010 011 012 0.2653 0.7122 0.5968 0.0100 0.9166 0.6096 0.0661 0.2710
011 012 013 0.3116 0.7681 0.2481 0.8852 0.0771 0.4287 0.2713 0.5449
012 013 014 0.5208 0.0904 0.9921 0.9685 0.3801 0.8338 0.9223 0.5999
013 014 015 0.1851 0.6860 0.9590 0.7089 0.7119 0.7574 0.7267 0.7137
014 015 016 0.3658 0.6530 0.5784 0.0975 0.5926 0.7039 0.9094 0.3571
015 016 017 0.2221 0.8118 0.6022 0.8767 0.9803 0.8270 0.4237 0.7265
016 017 018 0.4289 0.4660 0.9141 0.8534 0.6121 0.2780 0.7696 0.9043
017 018 019 0.8016 0.4339 0.0732 0.7270 0.6733 0.3121 0.5704 0.2797
018 019 020 0.9414 0.0495 0.3373 0.3666 0.4158 0.6874 0.7146 0.8433
019 020 021 0.8625 0.1929 0.6629 0.2822 0.8662 0.3061 0.6978 0.0430
020 021 022 0.9940 0.4252 0.0027 0.6962 0.5287 0.3641 0.2562 0.0850
021 022 023 0.6347 0.3689 0.5389 0.4034 0.9992 0.2830 0.9892 0.7673
022 023 024 0.6222 0.5309 0.5839 0.7812 0.2198 0.2492 0.8132 0.6860
023 024 025 0.4337 0.7836 0.8239 0.5946 0.7172 0.0306 0.8450 0.8135
024 025 026 0.0447 0.6681 0.2736 0.9136 0.2322 0.4282 0.8795 0.3957
025 026 027 0.9896 0.6974 0.4362 0.9188 0.6337 0.9087 0.2274 0.0753
026 027 028 0.7138 0.0350 0.7073 0.9245 0.8285 0.0059 0.2492 0.9327
027 028 029 0.9726 0.0341 0.4443 0.4871 0.5866 0.5881 0.9360 0.0454
028 029 030 0.3891 0.7921 0.0117 0.2142 0.2717 0.4994 0.7965 0.2437
029 030 031 0.7613 0.4198 0.8090 0.5465 0.2044 0.1055 0.7782 0.1637
030 031 032 0.3068 0.5890 0.6053 0.9818 0.4038 0.1415 0.1652 0.2038
031 032 033 0.1682 0.1494 0.2778 0.0289 0.9854 0.6493 0.6403 0.8324
032 033 034 0.3495 0.7306 0.4836 0.2209 0.4469 0.7313 0.6960 0.5933
033 034 035 0.5740 0.9126 0.4536 0.3682 0.2517 0.0956 0.8465 0.0438
034 035 036 0.4721 0.1598 0.7770 0.3595 0.5799 0.3740 0.7114 0.4763
035 036 037 0.6027 0.4129 0.9932 0.8051 0.3494 0.2864 0.5303 0.8624
036 037 038 0.3289 0.7474 0.6103 0.6950 0.2557 0.0161 0.0717 0.7440
037 038 039 0.3559 0.6599 0.7533 0.0782 0.6404 0.2647 0.7902 0.8713
038 039 040 0.2802 0.9123 0.7434 0.8416 0.9306 0.0472 0.9073 0.2983
039 040 041 0.7315 0.1099 0.4416 0.1812 0.5032 0.2201 0.1603 0.4884
040 041 042 0.4724 0.1932 0.1337 0.2823 0.9949 0.2280 0.7479 0.6221
041 042 043 0.0910 0.6882 0.4349 0.7880 0.5780 0.0545 0.7774 0.6397
042 043 044 0.3569 0.7185 0.0391 0.9612 0.6793 0.9200 0.3300 0.9160
043 044 045 0.7787 0.3677 0.5796 0.7512 0.8164 0.3168 0.9370 0.3347
044 045 046 0.5204 0.6861 0.2924 0.3355 0.9465 0.2608 0.0414 0.2585
045 046 047 0.7384 0.3618 0.9702 0.4315 0.3991 0.2537 0.8205 0.6369
046 047 048 0.2222 0.6365 0.3774 0.6346 0.4544 0.9271 0.6842 0.6172
047 048 049 0.3550 0.0417 0.0258 0.3737 0.4859 0.6429 0.2586 0.4968
048 049 050 0.3877 0.2907 0.7623 0.2128 0.9375 0.2087 0.4928 0.0885
049 050 051 0.4011 0.3585 0.1424 0.4304 0.6838 0.2258 0.0770 0.1173
050 051 052 0.3895 0.3741 0.5674 0.2258 0.8472 0.5976 0.1499 0.3193
051 052 053 0.4509 0.4197 0.5323 0.2395 0.0639 0.4607 0.5764 0.5466
052 053 054 0.5669 0.6186 0.6390 0.9676 0.7841 0.4813 0.7071 0.1493
053 054 055 0.8801 0.1533 0.7277 0.8234 0.6688 0.9289 0.2208 0.0510
054 055 056 0.3862 0.5769 0.2975 0.9254 0.2911 0.8332 0.0641 0.1044
055 056 057 0.6288 0.2702 0.7628 0.4762 0.4416 0.4457 0.7928 0.9601
056 057 058 0.0469 0.6925 0.4920 0.6696 0.9633 0.0774 0.0889 0.5621
057 058 059 0.0934 0.4073 0.3183 0.4722 0.2948 0.2069 0.5010 0.4164
058 059 060 0.4321 0.3095 0.4691 0.1426 0.6119 0.2598 0.6375 0.3585
059 060 061 0.3742 0.6925 0.6100 0.1352 0.1786 0.9524 0.6705 0.8539
060 061 062 0.2080 0.2370 0.3018 0.4144 0.5417 0.8416 0.8587 0.9985
061 062 063 0.1746 0.4478 0.2432 0.9503 0.9796 0.5323 0.1026 0.2906
062 063 064 0.9867 0.8524 0.2767 0.0373 0.9796 0.2646 0.8762 0.3993
063 064 065 0.6197 0.8066 0.7960 0.7953 0.8007 0.6881 0.1202 0.5251
064 065 066 0.2779 0.6615 0.3810 0.3225 0.0469 0.0582 0.0477 0.2493
065 066 067 0.8593 0.5597 0.2987 0.2159 0.2261 0.8668 0.7860 0.0550
066 067 068 0.3943 0.0997 0.4682 0.2665 0.2445 0.5357 0.1693 0.8030
067 068 069 0.2459 0.5000 0.6848 0.6741 0.4915 0.3589 0.6006 0.0146
068 069 070 0.0218 0.8758 0.2728 0.3290 0.5753 0.3050 0.0215 0.4423
069 070 071 0.9373 0.4751 0.7175 0.8018 0.9137 0.1143 0.5168 0.0045
070 071 072 0.1081 0.3304 0.5041 0.0533 0.7536 0.5023 0.6759 0.9623
071 072 073 0.0844 0.6892 0.3860 0.9555 0.3461 0.7293 0.9124 0.8225
072 073 074 0.7891 0.2680 0.7965 0.8700 0.0147 0.2652 0.3024 0.2546
073 074 075 0.1635 0.1287 0.0941 0.6467 0.0354 0.0278 0.8168 0.7434
074 075 076 0.7053 0.5081 0.1673 0.1227 0.6993 0.9032 0.4486 0.1971
075 076 077 0.6260 0.3176 0.6618 0.1385 0.9745 0.0045 0.4075 0.4058
076 077 078 0.7568 0.2124 0.9741 0.1332 0.3214 0.6822 0.4386 0.4628
077 078 079 0.5381 0.4630 0.3791 0.8163 0.2430 0.8550 0.6267 0.8234
078 079 080 0.6385 0.7705 0.4436 0.9506 0.2290 0.5477 0.3897 0.3796
079 080 081 0.7821 0.8929 0.8899 0.2637 0.2697 0.3247 0.3034 0.3726
080 081 082 0.9015 0.2515 0.3233 0.7126 0.8979 0.8668 0.7908 0.3411
081 082 083 0.0469 0.7058 0.5012 0.2024 0.2015 0.2744 0.2930 0.6820
082 083 084 0.9197 0.7459 0.3099 0.1067 0.7005 0.8577 0.4879 0.6450
083 084 085 0.2894 0.5163 0.8619 0.9293 0.0257 0.1160 0.3036 0.9929
084 085 086 0.6139 0.3306 0.9477 0.9172 0.3152 0.3835 0.5966 0.8149
085 086 087 0.0002 0.0185 0.1558 0.4194 0.2233 0.6397 0.2150 0.2593
086 087 088 0.4940 0.8261 0.7543 0.7169 0.5070 0.9296 0.0132 0.6032
087 088 089 0.4634 0.8141 0.2118 0.6558 0.8393 0.0271 0.6678 0.1895
088 089 090 0.3876 0.8640 0.3196 0.7917 0.9845 0.3803 0.2053 0.5179
089 090 091 0.8023 0.8163 0.7926 0.7789 0.2862 0.7782 0.1408 0.7185
090 091 092 0.3649 0.1320 0.5715 0.3462 0.9745 0.8735 0.5412 0.9572
091 092 093 0.9440 0.9648 0.2240 0.8790 0.4374 0.7784 0.7877 0.2751
092 093 094 0.8261 0.4453 0.3119 0.7795 0.4230 0.1574 0.0458 0.1424
093 094 095 0.8042 0.1792 0.0705 0.3920 0.2635 0.0901 0.3717 0.0544
094 095 096 0.2052 0.7369 0.9421 0.0057 0.9835 0.1355 0.1132 0.7239
095 096 097 0.4391 0.5454 0.2989 0.9137 0.4150 0.6600 0.0244 0.2418
096 097 098 0.3522 0.1686 0.8522 0.1505 0.2982 0.5856 0.4593 0.0118
097 098 099 0.7495 0.9092 0.0997 0.7196 0.1538 0.1918 0.9588 0.3917
098 099 100 0.3605 0.1707 0.5712 0.9372 0.8252 0.9679 0.1972 0.5893
099 100 101 0.7310 0.0620 0.0620 0.0739 0.9779 0.0317 0.9280 0.0952
100 101 102 0.7608 0.6166 0.0208 0.8724 0.5355 0.1894 0.9062 0.0078
101 102 103 0.8277 0.8555 0.0217 0.2471 0.3614 0.7116 0.3195 0.5816
102 103 104 0.3506 0.0815 0.1347 0.4283 0.2071 0.1153 0.6934 0.1201
103 104 105 0.9135 0.8567 0.6068 0.6041 0.0987 0.2244 0.9138 0.9840
104 105 106 0.7701 0.2364 0.8285 0.7447 0.0768 0.2665 0.1452 0.6288
105 106 107 0.5963 0.1570 0.6707 0.8014 0.6195 0.4490 0.7508 0.8120
106 107 108 0.4487 0.7985 0.7282 0.9466 0.7758 0.2429 0.3316 0.0590
107 108 109 0.5597 0.3419 0.0468 0.6371 0.5004 0.1941 0.4015 0.1916
108 109 110 0.3410 0.8664 0.6820 0.4905 0.1429 0.7926 0.6527 0.1161
109 110 111 0.8544 0.7907 0.1564 0.7357 0.9642 0.8742 0.3265 0.5391
110 111 112 0.7029 0.4988 0.5602 0.1990 0.2891 0.9668 0.7755 0.5564
111 112 113 0.2202 0.9217 0.6599 0.9145 0.0346 0.9343 0.2708 0.9556
112 113 114 0.5292 0.9365 0.0789 0.9932 0.6111 0.7309 0.2959 0.3043
113 114 115 0.3959 0.3398 0.0372 0.0046 0.9594 0.8539 0.2834 0.7818
114 115 116 0.0845 0.5816 0.8202 0.2550 0.1872 0.4579 0.6410 0.6859
115 116 117 0.7646 0.1914 0.8058 0.1052 0.5114 0.1583 0.9444 0.3183
116 117 118 0.7384 0.6660 0.3608 0.4751 0.3250 0.0002 0.6411 0.5924
117 118 119 0.0819 0.3782 0.5119 0.1021 0.0002 0.0492 0.1361 0.6428
118 119 120 0.8254 0.5673 0.8435 0.0640 0.9141 0.8925 0.7064 0.5661
119 120 121 0.6246 0.1038 0.4469 0.3150 0.6390 0.7139 0.3078 0.2783
120 121 122 0.3910 0.7649 0.0716 0.0574 0.6743 0.6462 0.8188 0.0287
121 122 123 0.6277 0.2362 0.1680 0.1753 0.4174 0.4762 0.8397 0.0003
122 123 124 0.4311 0.7568 0.3528 0.7172 0.5854 0.2120 0.1681 0.9896
123 124 125 0.7514 0.0171 0.1138 0.2853 0.3505 0.5342 0.9238 0.0643
124 125 126 0.1056 0.5427 0.0728 0.4339 0.6387 0.2405 0.6024 0.5723
125 126 127 0.5390 0.9200 0.9202 0.2663 0.9151 0.5922 0.3425 0.3008
126 127 128 0.0711 0.6130 0.7788 0.7624 0.5833 0.7658 0.1725 0.9755
127 128 129 0.7531 0.4620 0.9921 0.5290 0.7376 0.2549 0.1615 0.3367
128 129 130 0.0114 0.2838 0.9462 0.7288 0.4930 0.8017 0.0778 0.8969
129 130 131 0.1585 0.5717 0.7356 0.4237 0.6753 0.1013 0.5450 0.0381
130 131 132 0.1571 0.7714 0.0130 0.6447 0.9862 0.2889 0.1252 0.3669
131 132 133 0.8196 0.2198 0.7509 0.9834 0.5882 0.3082 0.8097 0.3980
132 133 134 0.1476 0.0912 0.6714 0.8868 0.1740 0.1952 0.5392 0.0603
133 134 135 0.9666 0.4075 0.1364 0.6844 0.1726 0.7283 0.8381 0.8913
134 135 136 0.9086 0.8976 0.6229 0.5748 0.0106 0.0013 0.2287 0.1696
135 136 137 0.9990 0.1398 0.6011 0.2931 0.4220 0.1728 0.2014 0.0811
136 137 138 0.7827 0.6227 0.4768 0.8569 0.6632 0.1052 0.5481 0.1536
137 138 139 0.1230 0.8338 0.1871 0.3086 0.8257 0.8582 0.4706 0.4925
138 139 140 0.6166 0.6922 0.0393 0.6544 0.0167 0.2202 0.5158 0.6959
139 140 141 0.9601 0.0654 0.9320 0.4294 0.3166 0.0032 0.5259 0.6283
140 141 142 0.5528 0.0049 0.8743 0.9527 0.0681 0.7918 0.8781 0.7668
141 142 143 0.9050 0.6359 0.3758 0.7207 0.8646 0.2482 0.4867 0.8802
142 143 144 0.6445 0.6561 0.8388 0.9908 0.0501 0.0417 0.0179 0.8638
143 144 145 0.9854 0.5101 0.4723 0.3069 0.0913 0.0407 0.8833 0.5450
144 145 146 0.8333 0.1426 0.2621 0.5652 0.0848 0.1119 0.7556 0.3317
145 146 147 0.1769 0.7546 0.3408 0.9615 0.5673 0.2164 0.8275 0.1001
146 147 148 0.7881 0.0809 0.4602 0.9494 0.5248 0.6922 0.3177 0.5806
147 148 149 0.0971 0.9721 0.9168 0.8613 0.5768 0.8577 0.2415 0.5161
148 149 150 0.6417 0.1293 0.6994 0.9952 0.6948 0.2183 0.0101 0.9837
149 150 151 0.7148 0.1466 0.0734 0.2669 0.0974 0.7435 0.3540 0.8104
150 151 152 0.9388 0.9772 0.8383 0.2512 0.2504 0.5863 0.1089 0.7599
151 152 153 0.1169 0.2471 0.6094 0.3672 0.2238 0.5318 0.9517 0.8357
152 153 154 0.7777 0.2883 0.0957 0.4804 0.8501 0.8911 0.1563 0.9215
153 154 155 0.4086 0.6207 0.7581 0.9302 0.4328 0.4229 0.5369 0.9889
154 155 156 0.5627 0.8056 0.6020 0.6764 0.3120 0.1553 0.8512 0.9052
155 156 157 0.6174 0.7836 0.9085 0.1744 0.9483 0.4773 0.3238 0.5282
156 157 158 0.2575 0.7444 0.8750 0.3427 0.8920 0.8699 0.6967 0.3765
157 158 159 0.9053 0.0323 0.0188 0.7160 0.3550 0.0776 0.6869 0.7186
158 159 160 0.2101 0.1961 0.1876 0.8250 0.6264 0.2383 0.8026 0.1990
159 160 161 0.7473 0.6280 0.1339 0.3852 0.5750 0.7878 0.7483 0.9364
160 161 162 0.5645 0.4423 0.5065 0.7562 0.6518 0.3663 0.4536 0.7743
161 162 163 0.7222 0.2991 0.0542 0.9249 0.9960 0.3586 0.8320 0.4209
162 163 164 0.9714 0.7757 0.4214 0.0619 0.2138 0.7840 0.6586 0.9351
163 164 165 0.5634 0.2817 0.8355 0.1568 0.0735 0.9813 0.2035 0.5570
164 165 166 0.6068 0.9493 0.6489 0.6984 0.7643 0.9191 0.1983 0.2470
165 166 167 0.1007 0.6427 0.4654 0.8955 0.2171 0.8317 0.4154 0.9563
166 167 168 0.7879 0.1534 0.2036 0.9061 0.6722 0.0805 0.8025 0.4429
167 168 169 0.3482 0.3761 0.4346 0.0546 0.4069 0.1794 0.2195 0.7180
168 169 170 0.1204 0.2608 0.2636 0.4281 0.4734 0.4577 0.3078 0.4535
169 170 171 0.6013 0.1217 0.9379 0.6711 0.0275 0.0489 0.6972 0.6553
170 171 172 0.3435 0.2300 0.8300 0.7274 0.5699 0.7561 0.1505 0.6079
171 172 173 0.3525 0.3285 0.9945 0.8044 0.7263 0.1223 0.8390 0.5691
172 173 174 0.5275 0.6901 0.5218 0.9311 0.9605 0.3763 0.7990 0.5376
173 174 175 0.9570 0.7938 0.3401 0.0506 0.1307 0.3246 0.7182 0.4907
174 175 176 0.9156 0.4618 0.7558 0.2509 0.0024 0.6443 0.2314 0.8105
175 176 177 0.6535 0.3605 0.2452 0.1583 0.8808 0.1317 0.0262 0.2470
176 177 178 0.4309 0.0735 0.7170 0.2735 0.0075 0.9981 0.3201 0.1379
177 178 179 0.0985 0.1836 0.5618 0.2741 0.8971 0.1213 0.9384 0.0977
178 179 180 0.5501 0.3916 0.2779 0.5572 0.5549 0.0951 0.7770 0.8294
179 180 181 0.5382 0.7379 0.4259 0.6312 0.9439 0.8121 0.1006 0.2375
180 181 182 0.1115 0.6933 0.5985 0.7560 0.7718 0.6663 0.8520 0.5156
181 182 183 0.3391 0.0112 0.2951 0.1737 0.9484 0.5754 0.1668 0.9108
182 183 184 0.5884 0.7467 0.5032 0.4639 0.3700 0.5003 0.4222 0.7298
183 184 185 0.2792 0.2866 0.3755 0.8111 0.5088 0.2130 0.9107 0.4431
184 185 186 0.5518 0.0688 0.0783 0.9509 0.1189 0.1723 0.3413 0.8516
185 186 187 0.8125 0.9658 0.3807 0.9097 0.1440 0.8277 0.9748 0.4737
186 187 188 0.4110 0.5396 0.1853 0.3438 0.1079 0.3575 0.7084 0.2064
187 188 189 0.0204 0.1119 0.9796 0.0875 0.8786 0.5356 0.5633 0.4348
188 189 190 1.0000 0.2014 0.8049 0.4468 0.2415 0.9658 0.3328 0.6353
189 190 191 0.6631 0.6397 0.2488 0.6861 0.5098 0.6113 0.2923 0.0742
190 191 192 0.2611 0.5534 0.2344 0.1664 0.6835 0.4564 0.8684 0.4111
191 192 193 0.4625 0.6704 0.3469 0.2608 0.4247 0.6239 0.3143 0.2543
192 193 194 0.3345 0.0948 0.9808 0.9990 0.4883 0.7149 0.4477 0.4645
193 194 195 0.8249 0.8142 0.8371 0.0799 0.0362 0.3284 0.9326 0.1340
194 195 196 0.4742 0.2648 0.2741 0.5971 0.1993 0.9551 0.9255 0.1665
195 196 197 0.4862 0.9329 0.0881 0.0455 0.3446 0.1360 0.0193 0.9642
196 197 198 0.6603 0.1000 0.4154 0.3788 0.2187 0.4280 0.3064 0.3880
197 198 199 0.4853 0.0855 0.0082 0.5269 0.7265 0.1715 0.0500 0.0794
198 199 200 0.5417 0.1514 0.1944 0.0577 0.3053 0.5844 0.1644 0.4883
199 200 201 0.0508 0.9162 0.1434 0.2867 0.0206 0.7654 0.8788 0.3947
200 201 202 0.2660 0.3937 0.2359 0.0822 0.1578 0.0675 0.1696 0.5986
201 202 203 0.5449 0.1177 0.7545 0.2986 0.6387 0.7904 0.1383 0.3167
202 203 204 0.3537 0.2400 0.5064 0.9504 0.5526 0.5864 0.1246 0.9991
203 204 205 0.6180 0.2945 0.5830 0.3663 0.7891 0.0371 0.1232 0.7869
204 205 206 0.0770 0.2398 0.7686 0.1789 0.5225 0.5154 0.6037 0.2774
205 206 207 0.7342 0.3593 0.5674 0.9351 0.0494 0.5257 0.3869 0.2529
206 207 208 0.1338 0.9896 0.3494 0.1937 0.2153 0.3179 0.2327 0.2124
207 208 209 0.1941 0.3367 0.0884 0.8230 0.9578 0.9162 0.6802 0.6066
208 209 210 0.2078 0.1192 0.3516 0.4295 0.2016 0.1455 0.4861 0.3867
209 210 211 0.7287 0.9272 0.5404 0.1464 0.5649 0.2522 0.4250 0.3726
210 211 212 0.1249 0.2950 0.4655 0.2208 0.0256 0.5049 0.1945 0.5317
211 212 213 0.2338 0.8689 0.6218 0.9639 0.1502 0.8707 0.7236 0.7465
212 213 214 0.0107 0.4667 0.0877 0.6326 0.9438 0.5480 0.1564 0.9062
213 214 215 0.9526 0.9239 0.9137 0.5691 0.7440 0.2501 0.5353 0.7146
214 215 216 0.6945 0.8413 0.4448 0.3154 0.8891 0.0375 0.2460 0.5794
215 216 217 0.4525 0.9266 0.6268 0.1643 0.4703 0.8335 0.4146 0.0570
216 217 218 0.2258 0.6454 0.6293 0.5710 0.6621 0.1462 0.2843 0.3143
217 218 219 0.7628 0.8636 0.3117 0.4591 0.7205 0.0071 0.2440 0.7500
218 219 220 0.0816 0.8012 0.5461 0.8247 0.3158 0.9960 0.1539 0.4156
219 220 221 0.6605 0.5381 0.2911 0.1092 0.5544 0.4109 0.7170 0.4981
220 221 222 0.9394 0.3779 0.0246 0.3945 0.2068 0.0178 0.3848 0.0729
221 222 223 0.7031 0.8724 0.3278 0.1284 0.0250 0.5479 0.3837 0.9727
222 223 224 0.3131 0.5413 0.1063 0.3324 0.1510 0.1299 0.6863 0.6828
223 224 225 0.6532 0.9245 0.4685 0.1680 0.5578 0.1510 0.8067 0.4498
224 225 226 0.1541 0.6374 0.0212 0.4191 0.6404 0.5269 0.1962 0.5465
225 226 227 0.7797 0.6909 0.9997 0.6683 0.6495 0.3947 0.1094 0.2394
226 227 228 0.0321 0.0015 0.5439 0.6088 0.9091 0.5326 0.9340 0.3755
227 228 229 0.3800 0.8195 0.7345 0.0216 0.2308 0.9657 0.8852 0.8034
228 229 230 0.4109 0.5056 0.2830 0.0906 0.9749 0.5344 0.8286 0.3969
229 230 231 0.5164 0.2326 0.3804 0.3583 0.7162 0.5657 0.3270 0.2164
230 231 232 0.3616 0.9262 0.0913 0.0451 0.6379 0.0622 0.2882 0.4102
231 232 233 0.6246 0.8159 0.5747 0.3629 0.3539 0.6437 0.7206 0.2776
232 233 234 0.5358 0.5691 0.5806 0.8644 0.4533 0.9568 0.2130 0.3423
233 234 235 0.0222 0.6926 0.2218 0.5271 0.7122 0.8470 0.0954 0.5775
234 235 236 0.3253 0.8125 0.7544 0.2110 0.2851 0.1837 0.2760 0.7212
235 236 237 0.4959 0.1653 0.2825 0.1161 0.4909 0.1202 0.5420 0.7314
236 237 238 0.7799 0.3253 0.0687 0.0545 0.8249 0.8361 0.2906 0.0700
237 238 239 0.6940 0.5333 0.9803 0.0538 0.7245 0.4544 0.6934 0.6454
238 239 240 0.5249 0.1680 0.5043 0.4761 0.1701 0.1517 0.5140 0.4333
239 240 241 0.5905 0.2988 0.9173 0.6538 0.8469 0.8572 0.9437 0.8356
240 241 242 0.1879 0.0329 0.6077 0.6534 0.9851 0.6215 0.5599 0.3211
241 242 243 0.4766 0.5498 0.5772 0.8295 0.5083 0.5526 0.0263 0.5326
242 243 244 0.8472 0.6510 0.6287 0.6963 0.1787 0.3157 0.8141 0.0268
243 244 245 0.1808 0.6331 0.8331 0.8801 0.6141 0.3696 0.0970 0.0277
244 245 246 0.0209 0.9798 0.6231 0.9339 0.2912 0.1051 0.5601 0.8319
245 246 247 0.1767 0.9956 0.3483 0.4820 0.8774 0.2130 0.7409 0.5641
246 247 248 0.4271 0.0929 0.6316 0.3345 0.0318 0.2773 0.5050 0.3039
247 248 249 0.1703 0.6593 0.1250 0.1500 0.5663 0.4281 0.6312 0.9912
248 249 250 0.1748 0.3493 0.6165 0.3964 0.9802 0.2872 0.5772 0.0508
249 250 251 0.9175 0.2785 0.9616 0.6711 0.8616 0.3603 0.6819 0.7560
250 251 252 0.6466 0.3891 0.9926 0.4167 0.7050 0.2033 0.2069 0.6264
251 252 253 0.4209 0.6516 0.6804 0.7880 0.8034 0.1850 0.8102 0.7661
252 253 254 0.5243 0.3925 0.5336 0.4190 0.9230 0.5596 0.8318 0.8587
253 254 255 0.6560 0.6610 0.9163 0.4735 0.9341 0.9757 0.4177 0.3469
254 255 256 0.4159 0.5602 0.5425 0.9085 0.3477 0.5594 0.1416 0.9808
255 256 257 0.0505 0.5415 0.5941 0.9197 0.1353 0.6500 0.2584 0.8326
256 257 258 0.3917 0.8062 0.3697 0.0508 0.2466 0.5691 0.7854 0.1924
257 258 259 0.3509 0.3407 0.5856 0.8665 0.7194 0.4470 0.0973 0.2812
258 259 260 0.8725 0.9656 0.6305 0.3109 0.5759 0.6220 0.7006 0.5088
259 260 261 0.9078 0.8541 0.4649 0.9498 0.8492 0.4132 0.8401 0.4818
260 261 262 0.5120 0.0647 0.3350 0.7379 0.6419 0.6152 0.4819 0.5026
261 262 263 0.9363 0.2916 0.7741 0.4756 0.9185 0.0041 0.8165 0.2631
262 263 264 0.8761 0.1385 0.1286 0.4783 0.7747 0.5154 0.4391 0.7795
263 264 265 0.7904 0.2419 0.4048 0.1579 0.4370 0.4923 0.0814 0.2794
264 265 266 0.0083 0.5385 0.3131 0.7445 0.6485 0.4644 0.0702 0.5172
265 266 267 0.2840 0.8327 0.2764 0.5843 0.1680 0.0457 0.1325 0.0923
266 267 268 0.9066 0.2885 0.7856 0.6888 0.0527 0.5891 0.5279 0.5960
267 268 269 0.7344 0.3744 0.3750 0.6999 0.9615 0.2958 0.2472 0.3847
268 269 270 0.6351 0.7406 0.7286 0.3175 0.3145 0.2165 0.4297 0.6126
269 270 271 0.2824 0.0330 0.3102 0.4863 0.3284 0.5725 0.3726 0.9129
270 271 272 0.3772 0.0074 0.8179 0.0065 0.2119 0.4585 0.8408 0.7747
271 272 273 0.9547 0.5733 0.5136 0.7607 0.8382 0.4539 0.5572 0.3699
272 273 274 0.8450 0.0326 0.1981 0.8879 0.4190 0.5970 0.0267 0.3917
273 274 275 0.8109 0.6400 0.8678 0.4305 0.6773 0.7996 0.5415 0.2786
274 275 276 0.8860 0.2991 0.9880 0.0606 0.3560 0.6609 0.0016 0.6000
275 276 277 0.2320 0.3511 0.3426 0.5578 0.1135 0.5124 0.4939 0.5272
276 277 278 0.2917 0.2623 0.1351 0.3841 0.8746 0.5224 0.5762 0.0120
277 278 000 0.3385 0.0652 0.1394 0.4823 0.4114 0.9875 0.2411 0.2210
278 000 001 0.6818 0.2931 0.7165 0.7719 0.3206 0.8453 0.6298 0.2999
