279 155682 3 279
000 001 002 0.7753 0.7425 0.6016 0.2808 0.2056 0.8766 0.5844 0.4645
001 002 003 0.4654 0.0239 0.6408 0.6233 0.2031 0.1858 0.8737 0.1552
002 003 004 0.7946 0.9727 0.4481 0.6557 0.0789 0.2426 0.7840 0.3152
003 004 005 0.7203 0.0631 0.2615 0.6185 0.0147 0.2552 0.6431 0.9815
004 005 006 0.9942 0.7109 0.6153 0.7298 0.2012 0.5006 0.4642 0.3399
005 006 007 0.1231 0.9616 0.9178 0.7665 0.2306 0.5945 0.4526 0.4578
006 007 008 0.8292 0.4425 0.2105 0.6662 0.6197 0.1817 0.6439 0.7817
007 008 009 0.1025 0.1675 0.6579 0.3214 0.6366 0.4779 0.7894 0.7510
008 009 010 0.9411 0.2325 0.9966 0.1111 0.1909 0.4354 0.4955 0.6667
009 010 011 0.8200 0.5853 0.2839 0.0185 0.5727 0.7629 0.2679 0.4178
010 011 012 0.6743 0.3807 0.2662 0.4332 0.8529 0.9353 0.5232 0.7083
011 012 013 0.6372 0.7850 0.4835 0.2412 0.6833 0.4565 0.6948 0.3626
012 013 014 0.3866 0.4710 0.1075 0.7288 0.6188 0.0730 0.1265 0.5314
013 014 015 0.2395 0.3203 0.0819 0.3501 0.6764 0.6159 0.7734 0.7075
014 015 016 0.2573 0.1556 0.0980 0.8422 0.5738 0.6569 0.8960 0.8427
015 016 017 0.0912 0.5583 0.1692 0.4600 0.8670 0.5793 0.6090 0.0019
016 017 018 0.7002 0.4361 0.6531 0.9623 0.2133 0.7267 0.0037 0.1235
017 018 019 0.9748 0.4771 0.7244 0.6195 0.4153 0.1718 0.1855 0.7585
018 019 020 0.2452 0.2773 0.5990 0.3733 0.4795 0.2977 0.9414 0.0777
019 020 021 0.8956 0.0338 0.9188 0.6709 0.0420 0.0031 0.7540 0.2588
020 021 022 0.5535 0.4299 0.8035 0.7475 0.9198 0.2669 0.0122 0.2384
021 022 023 0.0416 0.7607 0.7708 0.6608 0.4775 0.3412 0.2105 0.5721
022 023 024 0.2233 0.5280 0.5521 0.9984 0.7703 0.5384 0.5684 0.2774
023 024 025 0.0654 0.7304 0.0969 0.6315 0.8659 0.9171 0.6637 0.4160
024 025 026 0.9591 0.1192 0.4971 0.3229 0.7723 0.9690 0.4318 0.1918
025 026 027 0.8856 0.7951 0.3393 0.9903 0.0391 0.3028 0.5594 0.7901
026 027 028 0.4629 0.4483 0.4062 0.0663 0.0118 0.8089 0.7556 0.3164
027 028 029 0.6174 0.6098 0.7333 0.9616 0.7844 0.9313 0.3108 0.0586
028 029 030 0.1095 0.3493 0.1729 0.8921 0.6376 0.6622 0.7160 0.6073
029 030 031 0.9817 0.1243 0.6888 0.6798 0.8588 0.5899 0.2594 0.4516
030 031 032 0.0742 0.5852 0.1116 0.7840 0.4726 0.5860 0.5087 0.8151
031 032 033 0.5305 0.1333 0.7695 0.4754 0.2724 0.9867 0.4087 0.8725
032 033 034 0.5773 0.9502 0.4151 0.1395 0.1613 0.4974 0.3598 0.5183
033 034 035 0.0427 0.8410 0.6380 0.5630 0.2744 0.2953 0.3106 0.7491
034 035 036 0.4384 0.9368 0.4200 0.2476 0.7016 0.5433 0.3826 0.5800
035 036 037 0.7862 0.1442 0.2065 0.0075 0.8746 0.4901 0.2853 0.8656
036 037 038 0.6569 0.1133 0.2984 0.6972 0.8503 0.4783 0.2364 0.4835
037 038 039 0.1784 0.2027 0.9295 0.2509 0.2798 0.1254 0.0754 0.4905
038 039 040 0.8272 0.9535 0.3691 0.1606 0.6446 0.5469 0.2887 0.6090
039 040 041 0.4732 0.8612 0.2771 0.7991 0.2529 0.6170 0.4683 0.8371
040 041 042 0.7005 0.5113 0.7440 0.4995 0.2106 0.2380 0.5764 0.3786
041 042 043 0.1233 0.6429 0.1360 0.1689 0.7834 0.2878 0.8707 0.8587
042 043 044 0.7478 0.2894 0.4911 0.8838 0.2073 0.5611 0.7926 0.7582
043 044 045 0.8093 0.3671 0.3698 0.4021 0.0828 0.8046 0.1512 0.5983
044 045 046 0.7850 0.2384 0.5455 0.4167 0.7026 0.0061 0.1571 0.6933
045 046 047 0.3691 0.9533 0.3440 0.5062 0.5093 0.5595 0.4026 0.7600
046 047 048 0.7603 0.5158 0.4210 0.0642 0.0677 0.0333 0.1939 0.0549
047 048 049 0.1575 0.6629 0.5227 0.0930 0.0729 0.4735 0.0838 0.4769
048 049 050 0.7973 0.9679 0.1494 0.2095 0.1164 0.8465 0.5499 0.5767
049 050 051 0.4645 0.5918 0.5456 0.0517 0.3748 0.9397 0.1748 0.1677
050 051 052 0.6397 0.6427 0.8304 0.2515 0.9248 0.0163 0.7090 0.9936
051 052 053 0.3874 0.9118 0.9834 0.3502 0.2291 0.3791 0.9690 0.6332
052 053 054 0.6231 0.2946 0.9898 0.4026 0.1420 0.8604 0.8678 0.3826
053 054 055 0.2049 0.6882 0.9281 0.8789 0.7488 0.2305 0.3302 0.1800
054 055 056 0.5813 0.4221 0.2895 0.5063 0.9175 0.7207 0.5366 0.4309
055 056 057 0.3865 0.7272 0.2470 0.9000 0.1015 0.7774 0.4534 0.9326
056 057 058 0.9100 0.9584 0.8844 0.9711 0.4961 0.0667 0.5784 0.5230
057 058 059 0.1779 0.0220 0.3700 0.1982 0.9430 0.1485 0.1481 0.1728
058 059 060 0.2716 0.0089 0.2057 0.4425 0.5583 0.2268 0.5648 0.8080
059 060 061 0.8839 0.6333 0.1228 0.8760 0.9457 0.8341 0.9949 0.8376
060 061 062 0.1609 0.1802 0.7583 0.4825 0.3404 0.8626 0.4508 0.8966
061 062 063 0.3968 0.4707 0.3206 0.2816 0.3639 0.9462 0.3767 0.4034
062 063 064 0.6125 0.1448 0.5585 0.9502 0.5341 0.8271 0.7610 0.5427
063 064 065 0.9453 0.0059 0.3748 0.1923 0.8456 0.0255 0.0059 0.3846
064 065 066 0.2206 0.1797 0.7196 0.1464 0.5391 0.5507 0.9771 0.0993
065 066 067 0.2389 0.3398 0.6818 0.7499 0.2321 0.5268 0.9322 0.9165
066 067 068 0.1398 0.3339 0.7094 0.1726 0.8128 0.7048 0.3747 0.7685
067 068 069 0.4160 0.7806 0.5801 0.8063 0.2333 0.7723 0.4681 0.6407
068 069 070 0.8378 0.8596 0.7613 0.6469 0.6127 0.3162 0.6609 0.2305
069 070 071 0.8951 0.4723 0.8554 0.8820 0.5568 0.4476 0.5808 0.0710
070 071 072 0.1484 0.2399 0.3059 0.1927 0.3681 0.9048 0.2232 0.0504
071 072 073 0.9751 0.1924 0.5422 0.9392 0.6131 0.8308 0.5464 0.1765
072 073 074 0.5658 0.1483 0.3033 0.3116 0.3074 0.4109 0.7854 0.3937
073 074 075 0.3135 0.5317 0.5034 0.6845 0.6368 0.6021 0.7170 0.0898
074 075 076 0.4409 0.1969 0.6692 0.8723 0.2068 0.3330 0.9560 0.0927
075 076 077 0.2742 0.4496 0.7621 0.4635 0.5904 0.8300 0.4635 0.6986
076 077 078 0.8435 0.5792 0.1596 0.5764 0.9334 0.1726 0.7055 0.9428
077 078 079 0.7218 0.6152 0.5587 0.2417 0.3044 0.8538 0.1746 0.2517
078 079 080 0.8313 0.2689 0.8454 0.6343 0.3208 0.0677 0.1247 0.3895
079 080 081 0.3055 0.8327 0.4828 0.6933 0.4377 0.7375 0.3318 0.1343
080 081 082 0.5854 0.3348 0.1097 0.7102 0.8179 0.8973 0.2168 0.5020
081 082 083 0.9383 0.6681 0.8333 0.8015 0.6515 0.7467 0.2914 0.5234
082 083 084 0.6447 0.6251 0.0563 0.6128 0.7718 0.6201 0.5712 0.4772
083 084 085 0.6422 0.1312 0.4245 0.5293 0.1695 0.4525 0.5174 0.0889
084 085 086 0.8266 0.4992 0.1297 0.9716 0.5215 0.9530 0.2174 0.7701
085 086 087 0.9311 0.7798 0.4556 0.4607 0.0784 0.9275 0.7361 0.5313
086 087 088 0.6222 0.3421 0.0536 0.4052 0.8027 0.9064 0.0593 0.8493
087 088 089 0.9770 0.5544 0.6161 0.3155 0.9408 0.8851 0.8477 0.9935
088 089 090 0.3555 0.9406 0.5800 0.0265 0.6815 0.8585 0.3695 0.9468
089 090 091 0.3838 0.8014 0.9436 0.8051 0.5703 0.4199 0.4487 0.9548
090 091 092 0.8739 0.5903 0.4578 0.6222 0.6552 0.0112 0.1703 0.2247
091 092 093 0.1264 0.6666 0.9321 0.3454 0.7248 0.5757 0.8243 0.5380
092 093 094 0.6443 0.5365 0.4628 0.2415 0.3257 0.2797 0.7591 0.1573
093 094 095 0.5187 0.3499 0.1920 0.6627 0.4018 0.1512 0.2313 0.4080
094 095 096 0.6590 0.8730 0.4438 0.1420 0.5051 0.4166 0.7713 0.1869
095 096 097 0.3468 0.0527 0.0383 0.7710 0.6251 0.1381 0.8028 0.9387
096 097 098 0.4278 0.1277 0.0900 0.4625 0.1801 0.1996 0.6623 0.5305
097 098 099 0.0672 0.7828 0.7570 0.3947 0.3492 0.6210 0.5782 0.6592
098 099 100 0.9951 0.4798 0.3769 0.0777 0.5223 0.8604 0.6614 0.6800
099 100 101 0.7671 0.7437 0.2451 0.9210 0.9101 0.7970 0.2743 0.2592
100 101 102 0.8359 0.8207 0.1747 0.3392 0.8192 0.7961 0.2247 0.6849
101 102 103 0.3344 0.1603 0.8727 0.7506 0.2414 0.7134 0.1139 0.0319
102 103 104 0.5425 0.1725 0.7973 0.3072 0.5597 0.8384 0.7744 0.6345
103 104 105 0.7889 0.3973 0.0812 0.0872 0.9156 0.8523 0.2279 0.7857
104 105 106 0.6614 0.4362 0.7644 0.3211 0.6325 0.2489 0.7266 0.7309
105 106 107 0.7378 0.3084 0.3475 0.1178 0.2807 0.4869 0.3955 0.4846
106 107 108 0.3224 0.3624 0.9541 0.2689 0.9164 0.6979 0.8372 0.5074
107 108 109 0.1730 0.5216 0.9651 0.9277 0.3282 0.4449 0.0995 0.7221
108 109 110 0.0617 0.9081 0.3590 0.8156 0.8652 0.8873 0.7694 0.5245
109 110 111 0.7909 0.5858 0.6996 0.1125 0.0346 0.6604 0.7694 0.4043
110 111 112 0.5635 0.8245 0.7328 0.6347 0.6178 0.9075 0.1002 0.3108
111 112 113 0.3116 0.8390 0.8379 0.6175 0.6807 0.8673 0.7951 0.8404
112 113 114 0.1335 0.3196 0.4883 0.3729 0.0887 0.2357 0.5626 0.1510
113 114 115 0.0193 0.8443 0.6634 0.5279 0.7335 0.2174 0.9179 0.3631
114 115 116 0.5162 0.3083 0.3690 0.2467 0.2953 0.8152 0.4077 0.6457
115 116 117 0.2456 0.6554 0.6523 0.6058 0.4395 0.7048 0.4127 0.5190
116 117 118 0.9946 0.5989 0.9526 0.0680 0.1338 0.9008 0.8789 0.2595
117 118 119 0.3764 0.2534 0.0834 0.5325 0.4584 0.1587 0.5114 0.9024
118 119 120 0.7651 0.9830 0.9152 0.2316 0.6713 0.2330 0.9085 0.9812
119 120 121 0.0645 0.8857 0.6511 0.9657 0.0996 0.9272 0.2073 0.1974
120 121 122 0.9458 0.7644 0.2898 0.3021 0.4680 0.3067 0.5510 0.6595
121 122 123 0.7128 0.2365 0.8306 0.0073 0.3540 0.0112 0.6287 0.9856
122 123 124 0.8016 0.3351 0.4531 0.4714 0.8223 0.1014 0.5278 0.8115
123 124 125 0.1714 0.8503 0.4488 0.9573 0.3947 0.3730 0.5127 0.3519
124 125 126 0.0303 0.1998 0.9585 0.8054 0.1561 0.9821 0.6777 0.0538
125 126 127 0.0269 0.9268 0.2522 0.7151 0.7076 0.5001 0.1489 0.5127
126 127 128 0.8643 0.1409 0.5695 0.2673 0.5326 0.1706 0.3972 0.7285
127 128 129 0.9441 0.9696 0.4571 0.6551 0.3931 0.1798 0.6408 0.3867
128 129 130 0.6910 0.2602 0.4041 0.3680 0.0333 0.7802 0.1111 0.5163
129 130 131 0.5847 0.1270 0.8961 0.2131 0.6677 0.2904 0.6391 0.2054
130 131 132 0.5321 0.6397 0.9650 0.9770 0.1168 0.4975 0.9369 0.3719
131 132 133 0.2269 0.1601 0.0991 0.2665 0.0635 0.4402 0.7569 0.1268
132 133 134 0.4764 0.1785 0.6518 0.0529 0.4080 0.0833 0.7700 0.1536
133 134 135 0.6952 0.5019 0.5471 0.7616 0.9035 0.3875 0.2484 0.1379
134 135 136 0.1048 0.1347 0.8952 0.0973 0.8227 0.0756 0.5223 0.5102
135 136 137 0.1343 0.8261 0.8581 0.1389 0.0087 0.3178 0.8939 0.1402
136 137 138 0.6083 0.9299 0.1279 0.9409 0.1711 0.3630 0.7081 0.4951
137 138 139 0.6696 0.0603 0.8742 0.3039 0.0125 0.1929 0.0328 0.5291
138 139 140 0.8052 0.7704 0.2562 0.2780 0.4574 0.2877 0.7785 0.1939
139 140 141 0.4955 0.6367 0.9063 0.7181 0.9762 0.0059 0.1245 0.9093
140 141 142 0.3730 0.2312 0.9738 0.2982 0.2170 0.0406 0.2386 0.1958
141 142 143 0.6250 0.4610 0.7905 0.3233 0.0833 0.0459 0.0282 0.6949
142 143 144 0.8472 0.9856 0.1893 0.6901 0.8049 0.5698 0.7698 0.3487
143 144 145 0.3827 0.3487 0.6377 0.3881 0.8257 0.4129 0.2433 0.8047
144 145 146 0.2092 0.2105 0.2022 0.7841 0.7080 0.3852 0.7028 0.6343
145 146 147 0.4366 0.0046 0.2547 0.4488 0.0850 0.7018 0.9943 0.8973
146 147 148 0.9450 0.7785 0.0741 0.6781 0.2688 0.4634 0.8651 0.0765
147 148 149 0.4119 0.4880 0.5477 0.4945 0.4936 0.2125 0.1355 0.9971
148 149 150 0.4761 0.1255 0.7955 0.0748 0.3179 0.2111 0.1219 0.0403
149 150 151 0.6723 0.7052 0.4832 0.4077 0.9578 0.5207 0.2443 0.9640
150 151 152 0.9919 0.8122 0.9672 0.4930 0.3250 0.3492 0.3223 0.3686
151 152 153 0.9165 0.4436 0.6666 0.9084 0.9555 0.9141 0.8236 0.1503
152 153 154 0.4658 0.8158 0.6035 0.4285 0.6777 0.8533 0.5210 0.4279
153 154 155 0.1234 0.2309 0.5088 0.0227 0.4624 0.6482 0.9354 0.4116
154 155 156 0.0511 0.3247 0.4757 0.9150 0.1914 0.5993 0.1498 0.4889
155 156 157 0.1807 0.0852 0.8924 0.1273 0.9789 0.4942 0.9128 0.6310
156 157 158 0.9226 0.1544 0.4415 0.3099 0.2898 0.0888 0.9028 0.1184
157 158 159 0.6523 0.6556 0.8535 0.2893 0.7384 0.3765 0.1537 0.3104
158 159 160 0.4646 0.1582 0.4470 0.2196 0.5874 0.1444 0.2449 0.4783
159 160 161 0.5938 0.6093 0.7981 0.7976 0.9409 0.8913 0.8581 0.8130
160 161 162 0.2728 0.4001 0.2453 0.0909 0.7206 0.9505 0.2436 0.8057
161 162 163 0.4449 0.7341 0.1932 0.1320 0.9853 0.7301 0.8764 0.5565
162 163 164 0.7470 0.4131 0.0155 0.6062 0.9262 0.8818 0.2998 0.8356
163 164 165 0.6672 0.0138 0.5400 0.4164 0.0919 0.5163 0.5389 0.9865
164 165 166 0.5295 0.9387 0.5057 0.8804 0.8055 0.3566 0.2300 0.4468
165 166 167 0.1789 0.5148 0.4241 0.5502 0.2090 0.5549 0.8724 0.9142
166 167 168 0.3133 0.2699 0.7133 0.1786 0.8974 0.6468 0.9687 0.0560
167 168 169 0.3211 0.8702 0.2124 0.6997 0.0350 0.8577 0.3696 0.7617
168 169 170 0.6309 0.6840 0.6401 0.7049 0.2442 0.9799 0.4326 0.3388
169 170 171 0.6267 0.4748 0.6413 0.6828 0.2037 0.0437 0.4025 0.7605
170 171 172 0.7934 0.3986 0.8299 0.0111 0.2871 0.4777 0.4495 0.4327
171 172 173 0.2434 0.8977 0.7846 0.2426 0.5502 0.6698 0.4468 0.1384
172 173 174 0.5593 0.6890 0.1359 0.1664 0.6478 0.0685 0.3994 0.7164
173 174 175 0.6597 0.7373 0.2767 0.9754 0.2442 0.7723 0.1798 0.9914
174 175 176 0.2383 0.5912 0.7014 0.3427 0.0087 0.2116 0.6719 0.5496
175 176 177 0.7067 0.8960 0.0511 0.0536 0.3607 0.5719 0.1269 0.4414
176 177 178 0.6047 0.2756 0.8917 0.3039 0.5333 0.4803 0.2427 0.0554
177 178 179 0.4977 0.0747 0.5133 0.3417 0.4886 0.7438 0.0921 0.7213
178 179 180 0.4257 0.8351 0.3079 0.8496 0.7689 0.7155 0.5454 0.3319
179 180 181 0.4035 0.9266 0.0831 0.7956 0.8964 0.9230 0.8262 0.4205
180 181 182 0.0168 0.3959 0.3113 0.6135 0.4431 0.9208 0.6055 0.7470
181 182 183 0.5514 0.4157 0.0663 0.9913 0.4331 0.3188 0.9144 0.7327
182 183 184 0.0441 0.8098 0.6936 0.8634 0.2199 0.7520 0.4399 0.7208
183 184 185 0.0701 0.1942 0.5737 0.4103 0.2961 0.9587 0.3666 0.2358
184 185 186 0.4278 0.3535 0.2067 0.1911 0.1232 0.5471 0.9989 0.7334
185 186 187 0.3454 0.2790 0.8844 0.1067 0.7116 0.1569 0.2588 0.9982
186 187 188 0.4099 0.0568 0.1650 0.7986 0.7136 0.2023 0.7683 0.8052
187 188 189 0.9850 0.5852 0.3001 0.4137 0.8503 0.2798 0.1225 0.0057
188 189 190 0.4793 0.0147 0.4995 0.0978 0.1636 0.1769 0.9696 0.5142
189 190 191 0.8436 0.0035 0.4880 0.6902 0.4676 0.6976 0.4664 0.0373
190 191 192 0.0353 0.3591 0.1040 0.0642 0.2535 0.7552 0.8552 0.3051
191 192 193 0.6977 0.4124 0.6142 0.3340 0.0333 0.2305 0.0820 0.7456
192 193 194 0.1776 0.7490 0.3332 0.0198 0.2369 0.1835 0.5386 0.4703
193 194 195 0.9507 0.3719 0.1427 0.2825 0.7999 0.7070 0.3545 0.2383
194 195 196 0.7823 0.1028 0.2198 0.8400 0.4287 0.4204 0.0501 0.1315
195 196 197 0.9490 0.7307 0.6048 0.0124 0.4769 0.1296 0.8242 0.7024
196 197 198 0.1552 0.1289 0.0507 0.2503 0.8058 0.3636 0.4517 0.3458
197 198 199 0.2645 0.9984 0.8119 0.5516 0.7273 0.9534 0.1787 0.4918
198 199 200 0.5057 0.8652 0.7430 0.7119 0.8612 0.3108 0.2555 0.4353
199 200 201 0.4619 0.1056 0.6926 0.0484 0.9764 0.7441 0.1680 0.1289
200 201 202 0.2319 0.1046 0.9223 0.1311 0.5831 0.9514 0.1854 0.8113
201 202 203 0.2546 0.0920 0.9854 0.7265 0.4494 0.7592 0.3356 0.6459
202 203 204 0.4198 0.9615 0.2734 0.5762 0.6572 0.1337 0.4224 0.8427
203 204 205 0.7753 0.7841 0.4669 0.2065 0.1358 0.5913 0.3607 0.8345
204 205 206 0.2094 0.1676 0.6719 0.6617 0.8759 0.0849 0.5152 0.1249
205 206 207 0.0413 0.1270 0.4835 0.2808 0.6572 0.5208 0.5870 0.8862
206 207 208 0.1831 0.0037 0.3823 0.4994 0.2230 0.6466 0.5661 0.8547
207 208 209 0.6154 0.4701 0.8399 0.6697 0.5660 0.3212 0.9359 0.8596
208 209 210 0.9495 0.0537 0.8135 0.6548 0.0298 0.8995 0.3753 0.4188
209 210 211 0.3716 0.7034 0.4911 0.7896 0.5246 0.6531 0.4054 0.5431
210 211 212 0.1506 0.0982 0.4543 0.4498 0.4257 0.1929 0.7056 0.5154
211 212 213 0.0555 0.9289 0.0436 0.2546 0.5934 0.8243 0.4571 0.9092
212 213 214 0.8054 0.9633 0.8311 0.7838 0.1590 0.1447 0.5915 0.2041
213 214 215 0.1186 0.4591 0.1419 0.9686 0.8752 0.8689 0.3224 0.4654
214 215 216 0.0526 0.4155 0.8283 0.3027 0.7122 0.3753 0.0342 0.8462
215 216 217 0.6555 0.4232 0.4368 0.8536 0.1083 0.7594 0.5204 0.2834
216 217 218 0.0375 0.3666 0.8683 0.3294 0.9729 0.5666 0.1653 0.0951
217 218 219 0.6438 0.4899 0.2676 0.2371 0.3180 0.6022 0.5103 0.8067
218 219 220 0.4634 0.2422 0.9351 0.1349 0.7991 0.4929 0.3650 0.5684
219 220 221 0.5669 0.1513 0.4479 0.7193 0.1576 0.8126 0.6842 0.8773
220 221 222 0.4941 0.8363 0.6803 0.5264 0.8686 0.6408 0.0033 0.9802
221 222 223 0.2373 0.6716 0.2451 0.4946 0.3437 0.3207 0.0255 0.0098
222 223 224 0.8356 0.6317 0.2901 0.3096 0.4174 0.4129 0.7761 0.9734
223 224 225 0.4353 0.0113 0.2597 0.0892 0.3941 0.2237 0.9093 0.0452
224 225 226 0.2371 0.0083 0.2965 0.2838 0.4049 0.1397 0.3088 0.1358
225 226 227 0.8742 0.4620 0.9325 0.1873 0.3693 0.7510 0.9196 0.8982
226 227 228 0.6040 0.7653 0.3653 0.1336 0.8679 0.8859 0.4732 0.5520
227 228 229 0.9354 0.0180 0.2646 0.1990 0.2263 0.3403 0.3425 0.1494
228 229 230 0.1018 0.0468 0.9598 0.0463 0.9342 0.2289 0.5478 0.2654
229 230 231 0.4927 0.0368 0.5693 0.0427 0.3590 0.3335 0.2748 0.0469
230 231 232 0.8463 0.8327 0.6886 0.7782 0.9974 0.0987 0.7182 0.3203
231 232 233 0.0565 0.4403 0.1521 0.9813 0.4628 0.7055 0.7914 0.6566
232 233 234 0.4447 0.8915 0.5955 0.3921 0.2532 0.0360 0.0527 0.9209
233 234 235 0.7776 0.6582 0.0897 0.0423 0.4409 0.3715 0.9651 0.4708
234 235 236 0.7589 0.0431 0.2006 0.4507 0.6044 0.3480 0.5230 0.9003
235 236 237 0.0277 0.1595 0.3501 0.5010 0.5916 0.7738 0.3377 0.7213
236 237 238 0.0300 0.1041 0.9474 0.1275 0.0219 0.0617 0.2842 0.1777
237 238 239 0.6801 0.9255 0.6939 0.9154 0.3559 0.2899 0.9206 0.4198
238 239 240 0.8864 0.1066 0.0410 0.4932 0.9160 0.6090 0.7461 0.6578
239 240 241 0.8536 0.9471 0.2582 0.6666 0.6265 0.4670 0.8701 0.2438
240 241 242 0.2432 0.9680 0.8148 0.6550 0.6083 0.2034 0.7029 0.0082
241 242 243 0.0036 0.5976 0.9590 0.2322 0.8553 0.8741 0.2599 0.1344
242 243 244 0.3874 0.9780 0.8265 0.8311 0.7218 0.9018 0.9157 0.1223
243 244 245 0.1404 0.6843 0.2438 0.5973 0.6941 0.3841 0.6901 0.5432
244 245 246 0.0661 0.8642 0.4175 0.6133 0.9914 0.9873 0.9568 0.8548
245 246 247 0.7211 0.4453 0.2533 0.5660 0.2582 0.1021 0.3204 0.4326
246 247 248 0.0941 0.8497 0.2131 0.6006 0.2943 0.5979 0.8553 0.3473
247 248 249 0.1782 0.9339 0.5048 0.6134 0.4565 0.8122 0.7324 0.7484
248 249 250 0.8507 0.6072 0.9690 0.1915 0.2115 0.3637 0.1814 0.3581
249 250 251 0.5659 0.2034 0.4565 0.0137 0.5042 0.0200 0.3767 0.5608
250 251 252 0.5220 0.8013 0.4704 0.1986 0.1956 0.2149 0.0188 0.6866
251 252 253 0.4690 0.0606 0.3494 0.9116 0.1748 0.2353 0.0172 0.5804
252 253 254 0.8443 0.4853 0.8965 0.4316 0.6408 0.0965 0.9748 0.4362
253 254 255 0.7239 0.8842 0.0289 0.9303 0.7087 0.3702 0.2878 0.0465
254 255 256 0.3521 0.4180 0.9356 0.8272 0.8353 0.0884 0.5923 0.6907
255 256 257 0.2027 0.0378 0.0367 0.4617 0.0487 0.1283 0.6423 0.3433
256 257 258 0.1973 0.8946 0.6568 0.2233 0.0634 0.5252 0.0710 0.6964
257 258 259 0.6494 0.1558 0.9393 0.2080 0.3189 0.0445 0.4440 0.6326
258 259 260 0.7948 0.2131 0.9288 0.7579 0.5328 0.0738 0.4096 0.3360
259 260 261 0.0202 0.5681 0.6357 0.0579 0.9013 0.1549 0.3009 0.4870
260 261 262 0.2281 0.0150 0.2687 0.1693 0.4284 0.5570 0.0780 0.8832
261 262 263 0.7463 0.9770 0.7143 0.3988 0.0676 0.2888 0.7319 0.4178
262 263 264 0.3657 0.1984 0.1190 0.7378 0.4763 0.8036 0.0901 0.5656
263 264 265 0.3534 0.8412 0.0544 0.4543 0.8914 0.9839 0.1288 0.2666
264 265 266 0.6734 0.1015 0.0611 0.7417 0.7124 0.3371 0.4534 0.6970
265 266 267 0.6260 0.9904 0.7714 0.8496 0.9719 0.3926 0.9949 0.9336
266 267 268 0.9685 0.9630 0.3002 0.7805 0.4058 0.6514 0.5852 0.9527
267 268 269 0.3919 0.1129 0.3790 0.4990 0.8582 0.9512 0.6221 0.0605
268 269 270 0.6940 0.7154 0.0306 0.8290 0.4473 0.3330 0.0220 0.7734
269 270 271 0.9986 0.5311 0.3992 0.8141 0.4302 0.2046 0.3285 0.7728
270 271 272 0.3150 0.7445 0.0420 0.0725 0.7423 0.2143 0.7625 0.4620
271 272 273 0.8363 0.4949 0.9523 0.7271 0.2461 0.4687 0.4410 0.1330
272 273 274 0.5800 0.5170 0.5941 0.3794 0.8542 0.7845 0.4248 0.4335
273 274 275 0.9675 0.9298 0.1436 0.9407 0.0699 0.3073 0.1719 0.2028
274 275 276 0.5651 0.2033 0.2207 0.6176 0.9314 0.7823 0.7950 0.7018
275 276 277 0.3212 0.5275 0.5746 0.7243 0.5081 0.6019 0.7426 0.3807
276 277 278 0.2374 0.4396 0.6207 0.1665 0.5363 0.9136 0.7931 0.1347
277 278 000 0.9819 0.5561 0.6263 0.0031 0.5759 0.9233 0.3856 0.6929
278 000 001 0.5252 0.1697 0.5754 0.4252 0.5201 0.5850 0.1846 0.4811
