279 155682 3 279
000 001 002 0.2966 0.2240 0.7139 0.3402 0.6569 0.4621 0.6666 0.3585
001 002 003 0.3383 0.8268 0.6187 0.0038 0.9541 0.9492 0.5268 0.7962
002 003 004 0.5596 0.7738 0.4430 0.3473 0.2730 0.1196 0.6945 0.5964
003 004 005 0.9949 0.0249 0.0741 0.4006 0.5042 0.1410 0.8446 0.3809
004 005 006 0.3684 0.5315 0.0856 0.0811 0.1774 0.2178 0.6217 0.8060
005 006 007 0.7703 0.9036 0.1920 0.0126 0.0358 0.8529 0.0914 0.5095
006 007 008 0.9069 0.8640 0.3240 0.5891 0.6794 0.7476 0.4788 0.2508
007 008 009 0.0249 0.6039 0.0000 0.6228 0.6496 0.6420 0.8577 0.2640
008 009 010 0.1903 0.4949 0.0585 0.0421 0.6861 0.5272 0.4118 0.1108
009 010 011 0.8293 0.6760 0.6516 0.3532 0.8062 0.0527 0.0414 0.5769
010 011 012 0.5380 0.2606 0.3692 0.5579 0.3528 0.7859 0.4781 0.5652
011 012 013 0.7416 0.7463 0.4549 0.4428 0.2517 0.0601 0.4355 0.4598
012 013 014 0.4869 0.2368 0.0701 0.6524 0.4764 0.8063 0.5833 0.8618
013 014 015 0.3262 0.6679 0.0291 0.7494 0.2003 0.3414 0.5759 0.6406
014 015 016 0.5009 0.9797 0.5816 0.3241 0.0553 0.0826 0.3647 0.1797
015 016 017 0.1217 0.8118 0.3237 0.1892 0.9406 0.7156 0.7084 0.6451
016 017 018 0.1350 0.8458 0.6369 0.0644 0.3757 0.9230 0.4257 0.5996
017 018 019 0.3989 0.3326 0.7430 0.3202 0.1852 0.3071 0.6363 0.0819
018 019 020 0.3670 0.9079 0.4883 0.0138 0.7501 0.0189 0.8785 0.5110
019 020 021 0.0521 0.7417 0.2914 0.4391 0.9410 0.3108 0.2011 0.8330
020 021 022 0.8844 0.8003 0.2873 0.1253 0.7486 0.1490 0.6388 0.7901
021 022 023 0.0294 0.7231 0.4542 0.9502 0.9175 0.3155 0.0172 0.0029
022 023 024 0.7854 0.0142 0.6203 0.5719 0.6906 0.7005 0.2877 0.6204
023 024 025 0.0474 0.9133 0.8410 0.4773 0.0924 0.0420 0.0173 0.8391
024 025 026 0.1062 0.9192 0.8975 0.9962 0.4965 0.8510 0.1849 0.0001
025 026 027 0.1711 0.9115 0.4498 0.8088 0.9770 0.0796 0.0321 0.0861
026 027 028 0.9038 0.0749 0.4967 0.0366 0.8276 0.8420 0.1488 0.1384
027 028 029 0.9608 0.1579 0.6118 0.8876 0.0631 0.0680 0.8194 0.3901
028 029 030 0.5876 0.4629 0.8125 0.1196 0.8618 0.3169 0.8992 0.6602
029 030 031 0.9247 0.8757 0.8347 0.4558 0.4632 0.5967 0.3710 0.1582
030 031 032 0.3995 0.1195 0.7455 0.6561 0.0292 0.3463 0.0108 0.0151
031 032 033 0.8053 0.3833 0.8676 0.8297 0.6126 0.2564 0.8510 0.3946
032 033 034 0.2067 0.3405 0.3355 0.9385 0.7400 0.9958 0.3363 0.9563
033 034 035 0.4684 0.5626 0.3252 0.8559 0.0137 0.9615 0.5301 0.2665
034 035 036 0.0745 0.3002 0.0172 0.5773 0.2306 0.7034 0.1459 0.0703
035 036 037 0.7388 0.3601 0.7028 0.4603 0.6244 0.5428 0.4840 0.7822
036 037 038 0.2308 0.3594 0.3186 0.5090 0.9736 0.5585 0.9666 0.7537
037 038 039 0.9373 0.0024 0.4311 0.5917 0.8428 0.5780 0.0043 0.4560
038 039 040 0.2652 0.0666 0.8438 0.1900 0.1873 0.8844 0.2579 0.6220
039 040 041 0.6744 0.1042 0.3468 0.4819 0.9490 0.6134 0.5691 0.8746
040 041 042 0.1171 0.8550 0.2047 0.3077 0.4414 0.7300 0.8758 0.1283
041 042 043 0.6735 0.8049 0.3048 0.8846 0.1496 0.5125 0.7204 0.0476
042 043 044 0.2882 0.0465 0.1532 0.4112 0.5620 0.0593 0.7531 0.1006
043 044 045 0.4654 0.5730 0.7329 0.8506 0.3843 0.7782 0.3471 0.1289
044 045 046 0.3175 0.6680 0.1325 0.4388 0.8438 0.1390 0.6676 0.1662
045 046 047 0.0537 0.5740 0.7830 0.9339 0.8488 0.9698 0.3774 0.5487
046 047 048 0.1767 0.2873 0.0682 0.5631 0.8161 0.0572 0.2551 0.8603
047 048 049 0.7333 0.5581 0.5906 0.3459 0.0581 0.0671 0.7107 0.2212
048 049 050 0.2881 0.1842 0.6290 0.1997 0.5649 0.0244 0.5562 0.3404
049 050 051 0.1807 0.6773 0.0130 0.9279 0.6687 0.8762 0.9508 0.6167
050 051 052 0.3677 0.5577 0.1226 0.4789 0.1494 0.2407 0.1057 0.4415
051 052 053 0.2461 0.1132 0.0795 0.6034 0.8656 0.4726 0.9320 0.6526
052 053 054 0.7620 0.6649 0.6722 0.3846 0.4742 0.6750 0.6563 0.9243
053 054 055 0.2695 0.6663 0.0909 0.9431 0.2916 0.3804 0.5352 0.8781
054 055 056 0.0629 0.9201 0.7536 0.2161 0.6718 0.3585 0.6637 0.1976
055 056 057 0.8386 0.0046 0.5801 0.4537 0.0014 0.0277 0.0039 0.7491
056 057 058 0.2624 0.1999 0.1502 0.9342 0.8114 0.2019 0.3526 0.7281
057 058 059 0.1228 0.7309 0.7950 0.1075 0.9679 0.3948 0.1316 0.6741
058 059 060 0.2908 0.6729 0.3838 0.2591 0.1593 0.1249 0.5299 0.5316
059 060 061 0.2195 0.0978 0.1920 0.0399 0.8987 0.1372 0.4265 0.2197
060 061 062 0.0580 0.2625 0.3844 0.5392 0.5571 0.0927 0.0998 0.7534
061 062 063 0.7234 0.5924 0.8347 0.0446 0.7372 0.5383 0.2411 0.5256
062 063 064 0.7425 0.7372 0.4695 0.0985 0.9766 0.7786 0.0954 0.8677
063 064 065 0.8467 0.5707 0.8696 0.4335 0.7437 0.0185 0.2119 0.7269
064 065 066 0.4697 0.1661 0.5211 0.8001 0.1336 0.4859 0.9870 0.0508
065 066 067 0.4273 0.0459 0.3240 0.1938 0.0565 0.4872 0.6968 0.0274
066 067 068 0.8374 0.5678 0.5228 0.8800 0.0109 0.3409 0.7723 0.7880
067 068 069 0.8135 0.0053 0.0334 0.1915 0.6123 0.8814 0.8631 0.6960
068 069 070 0.9255 0.8199 0.2164 0.8434 0.2482 0.2040 0.7623 0.0135
069 070 071 0.3149 0.7373 0.3692 0.1103 0.1389 0.9884 0.6921 0.6437
070 071 072 0.1379 0.9204 0.1932 0.7617 0.7499 0.0771 0.1761 0.7300
071 072 073 0.3545 0.5047 0.0011 0.3933 0.1127 0.8715 0.6976 0.8484
072 073 074 0.5225 0.3638 0.8659 0.5744 0.6509 0.1041 0.3926 0.8355
073 074 075 0.1505 0.8428 0.0543 0.4460 0.0894 0.5948 0.3877 0.2774
074 075 076 0.8779 0.4758 0.9391 0.2968 0.8649 0.1725 0.7790 0.0215
075 076 077 0.7129 0.0952 0.5988 0.9193 0.9959 0.2000 0.4260 0.0199
076 077 078 0.6480 0.1797 0.1439 0.9028 0.8816 0.6515 0.8854 0.0303
077 078 079 0.7938 0.5085 0.7045 0.7937 0.6868 0.5993 0.9662 0.4416
078 079 080 0.4859 0.2961 0.2925 0.6314 0.4697 0.0152 0.7009 0.2081
079 080 081 0.9675 0.8011 0.4159 0.6874 0.4612 0.7778 0.2923 0.3791
080 081 082 0.8734 0.3959 0.3260 0.8217 0.1575 0.4609 0.6872 0.8700
081 082 083 0.7824 0.3813 0.4153 0.0921 0.9761 0.6035 0.2197 0.4033
082 083 084 0.6577 0.5620 0.5285 0.3175 0.5280 0.3336 0.8827 0.8617
083 084 085 0.9419 0.3254 0.7389 0.1615 0.9921 0.4722 0.0181 0.8061
084 085 086 0.4676 0.2178 0.1258 0.8827 0.9079 0.8990 0.7956 0.8690
085 086 087 0.5749 0.8372 0.2961 0.2177 0.6196 0.6981 0.6970 0.7720
086 087 088 0.7517 0.9585 0.2976 0.5877 0.9850 0.6013 0.8107 0.6579
087 088 089 0.4143 0.0547 0.5122 0.5304 0.8028 0.8322 0.9030 0.4279
088 089 090 0.6180 0.0435 0.1094 0.5080 0.6847 0.1812 0.8575 0.8068
089 090 091 0.3928 0.1606 0.1043 0.3712 0.6580 0.9240 0.8785 0.3845
090 091 092 0.3068 0.6501 0.4864 0.4187 0.7140 0.0767 0.5801 0.5701
091 092 093 0.0959 0.2752 0.0655 0.3587 0.8978 0.2008 0.3033 0.6838
092 093 094 0.3155 0.8851 0.5866 0.7294 0.7379 0.0554 0.2360 0.8977
093 094 095 0.6307 0.4539 0.9987 0.5934 0.7209 0.6540 0.1529 0.0707
094 095 096 0.9655 0.9054 0.5349 0.0967 0.6540 0.8699 0.2737 0.0445
095 096 097 0.5254 0.1250 0.9479 0.3497 0.8983 0.8242 0.6330 0.5913
096 097 098 0.0991 0.9304 0.9734 0.3968 0.6528 0.5219 0.6746 0.3541
097 098 099 0.7412 0.6126 0.4721 0.7179 0.2665 0.5811 0.5676 0.3750
098 099 100 0.9176 0.8119 0.6731 0.6476 0.2482 0.6801 0.0260 0.1353
099 100 101 0.7149 0.0663 0.4657 0.3957 0.9846 0.6814 0.8543 0.5305
100 101 102 0.4519 0.6372 0.7634 0.2000 0.9225 0.2302 0.0327 0.3406
101 102 103 0.1698 0.2071 0.4094 0.1229 0.9788 0.6336 0.6885 0.6816
102 103 104 0.9232 0.5256 0.7482 0.9590 0.3655 0.3736 0.3456 0.3704
103 104 105 0.4310 0.9947 0.8138 0.6824 0.2878 0.5668 0.5217 0.9429
104 105 106 0.9417 0.0230 0.5576 0.3937 0.1238 0.0168 0.3007 0.6671
105 106 107 0.4195 0.4823 0.9303 0.0437 0.9478 0.4835 0.6647 0.7559
106 107 108 0.9485 0.5634 0.2711 0.0667 0.4467 0.1854 0.6308 0.1430
107 108 109 0.1797 0.0152 0.8789 0.1536 0.4188 0.6674 0.3949 0.4736
108 109 110 0.3013 0.1841 0.4403 0.1452 0.9008 0.4249 0.6509 0.1256
109 110 111 0.8913 0.0534 0.4035 0.4278 0.9535 0.3827 0.9219 0.3302
110 111 112 0.9702 0.0679 0.8511 0.6789 0.5960 0.2245 0.5111 0.5829
111 112 113 0.9377 0.8979 0.6748 0.6849 0.9919 0.9593 0.9126 0.3700
112 113 114 0.2360 0.7061 0.4518 0.6286 0.7906 0.0851 0.4117 0.2289
113 114 115 0.7696 0.1334 0.8215 0.8126 0.4791 0.6762 0.8792 0.9316
114 115 116 0.1217 0.1488 0.7593 0.5824 0.2823 0.8162 0.1686 0.8090
115 116 117 0.7163 0.8452 0.1143 0.1608 0.0368 0.0122 0.2801 0.1184
116 117 118 0.3666 0.3360 0.8195 0.8203 0.0806 0.8839 0.8108 0.0947
117 118 119 0.7930 0.0571 0.1309 0.6977 0.9611 0.4306 0.0184 0.1009
118 119 120 0.9584 0.1439 0.8406 0.6737 0.1100 0.9571 0.4921 0.2615
119 120 121 0.6870 0.7775 0.6718 0.0723 0.8919 0.2945 0.4311 0.9792
120 121 122 0.4833 0.7515 0.7283 0.6505 0.2237 0.0551 0.9980 0.6360
121 122 123 0.5531 0.9257 0.0612 0.6709 0.3875 0.1908 0.8324 0.3609
122 123 124 0.9835 0.8580 0.0255 0.2385 0.9438 0.9677 0.1292 0.6000
123 124 125 0.8360 0.9984 0.4204 0.7720 0.2168 0.5262 0.5596 0.1495
124 125 126 0.4641 0.1743 0.5667 0.9928 0.8153 0.2332 0.2306 0.4074
125 126 127 0.5769 0.5788 0.8014 0.7100 0.9734 0.5766 0.0722 0.2679
126 127 128 0.8975 0.8933 0.6574 0.0456 0.0627 0.1472 0.1787 0.8525
127 128 129 0.0751 0.5178 0.9171 0.1652 0.0615 0.3694 0.7530 0.3867
128 129 130 0.9314 0.6023 0.1255 0.2577 0.2239 0.8161 0.0335 0.6113
129 130 131 0.7757 0.6225 0.7686 0.1980 0.7422 0.7532 0.9628 0.2590
130 131 132 0.7391 0.2031 0.0852 0.7679 0.6537 0.1795 0.8614 0.3521
131 132 133 0.2569 0.2299 0.4388 0.9609 0.6960 0.8353 0.1192 0.2959
132 133 134 0.0433 0.5104 0.7820 0.6786 0.8942 0.0675 0.8173 0.0270
133 134 135 0.0188 0.4993 0.4287 0.2881 0.0743 0.7847 0.5987 0.4581
134 135 136 0.8306 0.7484 0.3855 0.8632 0.7780 0.7425 0.3346 0.5431
135 136 137 0.7084 0.5848 0.7649 0.3223 0.1599 0.8462 0.7391 0.3564
136 137 138 0.5988 0.2774 0.8854 0.0556 0.8039 0.6336 0.4502 0.1005
137 138 139 0.3753 0.1343 0.7431 0.4929 0.1633 0.6938 0.9873 0.3034
138 139 140 0.6547 0.0998 0.9513 0.9836 0.2614 0.5975 0.9908 0.3474
139 140 141 0.7155 0.0063 0.5228 0.5717 0.8276 0.3550 0.3719 0.6304
140 141 142 0.3916 0.5386 0.1146 0.1634 0.8124 0.6408 0.5385 0.5127
141 142 143 0.4978 0.4511 0.6120 0.8838 0.2588 0.4415 0.7405 0.9034
142 143 144 0.8836 0.4598 0.8379 0.9969 0.4964 0.2056 0.8643 0.9197
143 144 145 0.8503 0.3596 0.1047 0.7089 0.2224 0.8751 0.1700 0.8797
144 145 146 0.7983 0.0243 0.9945 0.0930 0.6481 0.2371 0.5471 0.2952
145 146 147 0.8479 0.0299 0.4967 0.0343 0.2372 0.4917 0.5438 0.8959
146 147 148 0.5762 0.1697 0.4301 0.4853 0.2304 0.0007 0.4641 0.0244
147 148 149 0.3344 0.5910 0.0627 0.7714 0.1512 0.2547 0.7975 0.7215
148 149 150 0.2136 0.8682 0.9953 0.2142 0.7042 0.1217 0.9389 0.3821
149 150 151 0.2304 0.2837 0.9372 0.8525 0.6019 0.8834 0.9523 0.0460
150 151 152 0.5897 0.1715 0.2683 0.7595 0.1482 0.8502 0.0886 0.5744
151 152 153 0.3048 0.4482 0.5558 0.9867 0.2736 0.0514 0.1895 0.6965
152 153 154 0.9514 0.3465 0.1133 0.0265 0.6680 0.2927 0.1488 0.0235
153 154 155 0.0350 0.4966 0.2008 0.0798 0.4608 0.7590 0.0115 0.0136
154 155 156 0.3651 0.2623 0.1959 0.2245 0.8200 0.4778 0.4899 0.1620
155 156 157 0.9732 0.7665 0.2551 0.2653 0.1733 0.6592 0.7511 0.7432
156 157 158 0.1053 0.1039 0.1204 0.8802 0.9596 0.2808 0.5280 0.5805
157 158 159 0.0749 0.3359 0.3731 0.9543 0.7250 0.0952 0.9787 0.1304
158 159 160 0.3383 0.0199 0.7058 0.1599 0.9059 0.9040 0.3344 0.6724
159 160 161 0.0882 0.0256 0.6164 0.4529 0.9489 0.7180 0.3187 0.8401
160 161 162 0.8473 0.6812 0.6164 0.5728 0.0275 0.7592 0.2160 0.1787
161 162 163 0.7981 0.7028 0.2767 0.3168 0.8817 0.8627 0.6464 0.6527
162 163 164 0.4381 0.8010 0.9855 0.0657 0.1167 0.3565 0.4392 0.3820
163 164 165 0.8466 0.9788 0.8326 0.6607 0.7102 0.5310 0.6476 0.9147
164 165 166 0.2403 0.4124 0.7588 0.0025 0.1250 0.3016 0.9825 0.1014
165 166 167 0.0548 0.3351 0.6948 0.5430 0.7608 0.6316 0.2023 0.2052
166 167 168 0.2873 0.0530 0.5058 0.9049 0.5652 0.2120 0.0419 0.0702
167 168 169 0.3491 0.5573 0.7766 0.7843 0.9385 0.4071 0.8504 0.6041
168 169 170 0.4984 0.3639 0.8575 0.5357 0.1975 0.2264 0.8859 0.4974
169 170 171 0.8433 0.4995 0.9554 0.7378 0.8455 0.9457 0.5671 0.0123
170 171 172 0.0568 0.3975 0.3299 0.2830 0.7814 0.4018 0.0872 0.5873
171 172 173 0.4200 0.0812 0.4769 0.0457 0.3399 0.8858 0.1872 0.7540
172 173 174 0.6140 0.9972 0.7193 0.2162 0.8397 0.8331 0.2125 0.4197
173 174 175 0.2158 0.3494 0.5173 0.1871 0.7938 0.2179 0.3139 0.5990
174 175 176 0.7404 0.5200 0.9450 0.1754 0.6204 0.3759 0.9120 0.6759
175 176 177 0.1317 0.7122 0.9158 0.2998 0.2736 0.2723 0.3227 0.5098
176 177 178 0.5766 0.8961 0.1991 0.7432 0.4197 0.9948 0.6916 0.4845
177 178 179 0.2925 0.0124 0.0884 0.0639 0.7055 0.6603 0.1255 0.6584
178 179 180 0.0145 0.5821 0.0777 0.7993 0.8440 0.9845 0.8719 0.7236
179 180 181 0.3828 0.6178 0.8481 0.0615 0.8781 0.0351 0.2787 0.9083
180 181 182 0.6001 0.9632 0.3269 0.4798 0.2861 0.8700 0.9445 0.7962
181 182 183 0.0738 0.8334 0.4475 0.3209 0.8911 0.2264 0.6245 0.4035
182 183 184 0.8081 0.7450 0.8676 0.0488 0.0516 0.7634 0.3513 0.0780
183 184 185 0.1685 0.0026 0.2092 0.5670 0.7358 0.8546 0.4570 0.3023
184 185 186 0.2715 0.1300 0.6971 0.3422 0.2177 0.2434 0.3479 0.5116
185 186 187 0.8918 0.6245 0.1175 0.3954 0.8774 0.7904 0.3198 0.1669
186 187 188 0.1208 0.0580 0.1829 0.7691 0.6275 0.7103 0.2904 0.7044
187 188 189 0.6869 0.3272 0.3475 0.8506 0.6972 0.9040 0.1060 0.3604
188 189 190 0.4400 0.3875 0.4138 0.5769 0.9600 0.7209 0.4295 0.0854
189 190 191 0.0303 0.7577 0.8396 0.7650 0.0818 0.3037 0.6503 0.1467
190 191 192 0.7718 0.0192 0.4444 0.9198 0.5200 0.7303 0.4392 0.3043
191 192 193 0.5496 0.5615 0.2225 0.6110 0.0092 0.8213 0.2217 0.9916
192 193 194 0.7896 0.9503 0.1381 0.3474 0.5424 0.8919 0.4726 0.8502
193 194 195 0.4770 0.0977 0.4394 0.3920 0.7029 0.9968 0.2593 0.1801
194 195 196 0.2773 0.0725 0.6117 0.5567 0.1702 0.4569 0.8095 0.9507
195 196 197 0.9355 0.6342 0.1497 0.0152 0.9883 0.4860 0.3310 0.9043
196 197 198 0.7385 0.7910 0.0064 0.0565 0.4751 0.7470 0.8018 0.8404
197 198 199 0.6324 0.0047 0.9212 0.0412 0.8214 0.7101 0.4296 0.1662
198 199 200 0.9919 0.2252 0.1907 0.0807 0.0835 0.6892 0.9633 0.9652
199 200 201 0.7255 0.5654 0.2313 0.9562 0.7768 0.2480 0.5298 0.2399
200 201 202 0.5990 0.8221 0.5328 0.3491 0.7815 0.7249 0.6651 0.6913
201 202 203 0.3377 0.1160 0.2531 0.4625 0.0609 0.8355 0.0148 0.1690
202 203 204 0.5318 0.0518 0.9317 0.8192 0.6978 0.0188 0.5649 0.6102
203 204 205 0.1822 0.2996 0.1645 0.1314 0.7084 0.4054 0.5830 0.5383
204 205 206 0.0885 0.0176 0.1167 0.1226 0.0542 0.1844 0.7447 0.4080
205 206 207 0.5874 0.4506 0.1219 0.5328 0.1196 0.7185 0.9214 0.9701
206 207 208 0.6710 0.0917 0.0824 0.4720 0.8578 0.8322 0.1820 0.7759
207 208 209 0.2219 0.1437 0.1948 0.0764 0.3235 0.0770 0.6669 0.3702
208 209 210 0.2365 0.3635 0.4160 0.5920 0.9331 0.5882 0.9100 0.2550
209 210 211 0.7151 0.2669 0.0786 0.6231 0.9341 0.5833 0.7406 0.7802
210 211 212 0.1418 0.0387 0.1188 0.3688 0.8755 0.3132 0.0463 0.0502
211 212 213 0.3584 0.8180 0.0073 0.3237 0.0812 0.2624 0.9666 0.2313
212 213 214 0.0689 0.9661 0.0495 0.4514 0.8935 0.8211 0.0746 0.3061
213 214 215 0.9361 0.0158 0.3148 0.2527 0.6962 0.2519 0.8905 0.0235
214 215 216 0.9335 0.3146 0.6989 0.4477 0.3183 0.9127 0.9975 0.4338
215 216 217 0.9778 0.0451 0.6699 0.5324 0.1080 0.4820 0.4130 0.0274
216 217 218 0.8752 0.6176 0.0299 0.0261 0.6401 0.5765 0.6788 0.2708
217 218 219 0.3619 0.3466 0.3496 0.0782 0.2065 0.2178 0.0375 0.3460
218 219 220 0.4582 0.4360 0.6257 0.4990 0.6425 0.6112 0.8500 0.6857
219 220 221 0.7888 0.3400 0.4999 0.1166 0.9983 0.0597 0.3326 0.3189
220 221 222 0.3371 0.0163 0.1347 0.9901 0.1380 0.5391 0.3491 0.3574
221 222 223 0.0978 0.0623 0.1107 0.2223 0.4484 0.4400 0.9304 0.3230
222 223 224 0.7130 0.2717 0.1732 0.2667 0.9578 0.6083 0.2429 0.2080
223 224 225 0.0587 0.7452 0.4059 0.0200 0.5575 0.9411 0.7819 0.4319
224 225 226 0.1328 0.1733 0.8553 0.6068 0.0157 0.5958 0.8718 0.8569
225 226 227 0.5006 0.3803 0.6256 0.4097 0.6135 0.4798 0.6372 0.3134
226 227 228 0.6491 0.1400 0.0680 0.5468 0.5471 0.6355 0.1593 0.2657
227 228 229 0.8418 0.5699 0.1046 0.8814 0.5374 0.4802 0.2135 0.9966
228 229 230 0.3379 0.9669 0.2641 0.9811 0.1536 0.5259 0.9242 0.2202
229 230 231 0.1888 0.6104 0.4375 0.5958 0.9904 0.7390 0.9098 0.4056
230 231 232 0.3902 0.3578 0.6110 0.6141 0.1223 0.9380 0.2340 0.8534
231 232 233 0.7155 0.5282 0.6733 0.4478 0.2455 0.1679 0.8720 0.7177
232 233 234 0.8801 0.5220 0.0370 0.5317 0.7902 0.6317 0.1476 0.3971
233 234 235 0.7556 0.5683 0.5516 0.5860 0.9753 0.1737 0.5713 0.9842
234 235 236 0.2657 0.5284 0.9367 0.0434 0.6188 0.4210 0.6674 0.1379
235 236 237 0.9208 0.6805 0.4248 0.0605 0.1553 0.3756 0.6902 0.9157
236 237 238 0.1125 0.5219 0.0525 0.9556 0.2075 0.0931 0.5319 0.1949
237 238 239 0.7365 0.7604 0.2768 0.5826 0.4784 0.3240 0.8372 0.0239
238 239 240 0.5778 0.8006 0.5042 0.6481 0.6110 0.7627 0.6835 0.7638
239 240 241 0.0164 0.0100 0.2155 0.6993 0.8345 0.6475 0.2861 0.7462
240 241 242 0.5370 0.5192 0.4692 0.5594 0.1381 0.3100 0.2713 0.1821
241 242 243 0.9609 0.0237 0.2390 0.2736 0.5876 0.7420 0.7401 0.9839
242 243 244 0.1161 0.3799 0.9646 0.6655 0.5124 0.4388 0.9409 0.1941
243 244 245 0.6100 0.0529 0.5402 0.0016 0.7808 0.7886 0.9586 0.2290
244 245 246 0.1818 0.4784 0.0125 0.9664 0.4356 0.6689 0.5424 0.6749
245 246 247 0.3997 0.0808 0.6951 0.3786 0.3024 0.7664 0.4768 0.5896
246 247 248 0.4280 0.9178 0.9194 0.1890 0.9440 0.0881 0.3243 0.4384
247 248 249 0.9011 0.9167 0.4740 0.7452 0.6990 0.6821 0.8302 0.6866
248 249 250 0.5730 0.2110 0.7578 0.3239 0.1898 0.9515 0.7516 0.7671
249 250 251 0.7872 0.7641 0.3519 0.1937 0.3439 0.3965 0.0539 0.7795
250 251 252 0.3403 0.4742 0.7434 0.2314 0.9797 0.6508 0.5621 0.7899
251 252 253 0.6581 0.5017 0.8288 0.8545 0.5740 0.9934 0.7247 0.4293
252 253 254 0.9547 0.1848 0.0639 0.1748 0.2593 0.3246 0.8998 0.9462
253 254 255 0.0246 0.4831 0.4178 0.1855 0.1178 0.3166 0.2704 0.6833
254 255 256 0.4428 0.4957 0.3424 0.7039 0.7470 0.8129 0.4476 0.3649
255 256 257 0.0881 0.7457 0.1010 0.9699 0.0402 0.7755 0.6218 0.7840
256 257 258 0.6931 0.0230 0.7700 0.9230 0.5804 0.3363 0.9129 0.3557
257 258 259 0.4012 0.4547 0.3508 0.0744 0.4500 0.5970 0.5752 0.0017
258 259 260 0.3981 0.5664 0.7205 0.4153 0.6189 0.3164 0.2130 0.0755
259 260 261 0.3633 0.2977 0.9917 0.3600 0.1220 0.5177 0.9727 0.2217
260 261 262 0.0215 0.8999 0.3308 0.6038 0.4493 0.4974 0.9523 0.2846
261 262 263 0.3992 0.7094 0.9110 0.1623 0.8948 0.5606 0.9844 0.0661
262 263 264 0.8794 0.7827 0.7028 0.8887 0.1067 0.6918 0.2221 0.4669
263 264 265 0.4689 0.9886 0.8299 0.2922 0.9301 0.4142 0.0819 0.6270
264 265 266 0.5807 0.0131 0.0799 0.1413 0.1014 0.9059 0.3498 0.3940
265 266 267 0.2282 0.3788 0.1480 0.4857 0.7670 0.0959 0.0123 0.4292
266 267 268 0.5603 0.1230 0.4061 0.3397 0.8183 0.4759 0.7871 0.7752
267 268 269 0.8094 0.4199 0.4354 0.8774 0.9114 0.2375 0.1007 0.2053
268 269 270 0.3606 0.1177 0.2746 0.2875 0.2993 0.0446 0.5108 0.3890
269 270 271 0.8461 0.8602 0.8753 0.8238 0.1734 0.1255 0.3831 0.4630
270 271 272 0.5150 0.4860 0.0193 0.3916 0.0827 0.7629 0.1010 0.1922
271 272 273 0.3266 0.2077 0.0723 0.7179 0.4581 0.9153 0.7321 0.7559
272 273 274 0.6245 0.5280 0.7878 0.7913 0.2768 0.1120 0.5426 0.1305
273 274 275 0.0288 0.4307 0.7524 0.3021 0.9429 0.2857 0.4132 0.5375
274 275 276 0.4092 0.6494 0.6275 0.2451 0.2590 0.8577 0.6883 0.9761
275 276 277 0.5797 0.3702 0.0005 0.6556 0.0595 0.0302 0.4784 0.7259
276 277 278 0.7664 0.2830 0.1672 0.1141 0.9878 0.7123 0.1879 0.7333
277 278 000 0.2819 0.0977 0.4043 0.3901 0.5989 0.0036 0.9817 0.9937
278 000 001 0.3289 0.8688 0.0284 0.2132 0.7412 0.4106 0.4972 0.8596
