279 155682 3 279
000 001 002 0.9922 0.9877 0.5411 0.8946 0.1471 0.8182 0.3878 0.8161
001 002 003 0.3733 0.8338 0.9296 0.1624 0.7069 0.4715 0.9255 0.7428
002 003 004 0.6447 0.8493 0.5002 0.9780 0.9932 0.6394 0.4433 0.1985
003 004 005 0.6171 0.7749 0.9786 0.9738 0.8638 0.9559 0.1625 0.8146
004 005 006 0.9190 0.5978 0.2041 0.1024 0.3302 0.2860 0.3615 0.6785
005 006 007 0.6845 0.7059 0.1385 0.8496 0.5859 0.5044 0.3570 0.4901
006 007 008 0.9243 0.6821 0.0231 0.3760 0.1126 0.5745 0.0378 0.0375
007 008 009 0.4981 0.6926 0.0705 0.0542 0.1666 0.0527 0.6785 0.7098
008 009 010 0.7440 0.9623 0.1206 0.2689 0.0028 0.0372 0.3318 0.4457
009 010 011 0.3955 0.3725 0.5400 0.8520 0.5357 0.0799 0.3511 0.2125
010 011 012 0.2820 0.4372 0.3307 0.0054 0.2740 0.5784 0.7520 0.9948
011 012 013 0.8805 0.3030 0.5443 0.1209 0.1565 0.1328 0.7771 0.6656
012 013 014 0.0864 0.0902 0.1210 0.1670 0.9505 0.0161 0.9322 0.3379
013 014 015 0.6298 0.5582 0.9354 0.6838 0.3516 0.7526 0.2861 0.6329
014 015 016 0.4235 0.6782 0.4421 0.9853 0.2180 0.8050 0.0543 0.0385
015 016 017 0.4562 0.9653 0.4648 0.3296 0.9565 0.9300 0.9849 0.8125
016 017 018 0.2403 0.0557 0.8593 0.5402 0.0204 0.0057 0.0098 0.6445
017 018 019 0.2572 0.0493 0.0148 0.5036 0.6184 0.5066 0.9711 0.1772
018 019 020 0.0233 0.7588 0.0705 0.1490 0.6921 0.9723 0.4178 0.9533
019 020 021 0.4000 0.3336 0.7427 0.1950 0.7310 0.5931 0.4270 0.1787
020 021 022 0.1235 0.3152 0.5117 0.2726 0.2160 0.2349 0.5591 0.3821
021 022 023 0.8914 0.6615 0.9988 0.6004 0.5122 0.7807 0.6146 0.3262
022 023 024 0.2592 0.6559 0.9938 0.7941 0.1880 0.7053 0.7402 0.6628
023 024 025 0.2989 0.9688 0.2470 0.7418 0.7221 0.4470 0.7906 0.1591
024 025 026 0.6195 0.2821 0.1687 0.0151 0.3361 0.8484 0.3406 0.0584
025 026 027 0.0783 0.5686 0.3172 0.6191 0.3716 0.5309 0.2727 0.1565
026 027 028 0.7598 0.4162 0.1332 0.6910 0.3048 0.9451 0.6117 0.1904
027 028 029 0.7704 0.0396 0.4632 0.0464 0.6769 0.4819 0.3976 0.5269
028 029 030 0.2171 0.4648 0.9438 0.2495 0.0621 0.2826 0.4792 0.5830
029 030 031 0.6712 0.5612 0.6256 0.9770 0.9810 0.6704 0.3118 0.6634
030 031 032 0.5154 0.2787 0.9201 0.3086 0.4114 0.3207 0.2662 0.3169
031 032 033 0.5351 0.0574 0.6828 0.9672 0.8310 0.4334 0.5343 0.7505
032 033 034 0.7847 0.6573 0.4152 0.6218 0.7771 0.5434 0.2574 0.3797
033 034 035 0.5070 0.3109 0.5112 0.1809 0.1733 0.6864 0.1135 0.9705
034 035 036 0.9681 0.3461 0.6481 0.7440 0.3413 0.7410 0.0246 0.3698
035 036 037 0.5398 0.6103 0.4411 0.2930 0.5852 0.6394 0.9397 0.7628
036 037 038 0.8279 0.2841 0.4878 0.5965 0.6274 0.8284 0.8378 0.0806
037 038 039 0.8631 0.5762 0.1240 0.2636 0.2896 0.0481 0.6385 0.0428
038 039 040 0.7155 0.8941 0.6883 0.9636 0.8219 0.5057 0.8416 0.0200
039 040 041 0.2206 0.8504 0.4199 0.0162 0.9603 0.7829 0.8731 0.6514
040 041 042 0.1883 0.1562 0.2476 0.6509 0.4401 0.8145 0.4729 0.0264
041 042 043 0.4204 0.1414 0.7914 0.9971 0.4184 0.1988 0.6728 0.3938
042 043 044 0.2392 0.8824 0.8970 0.2805 0.6108 0.9590 0.4741 0.0718
043 044 045 0.2619 0.2861 0.8328 0.7279 0.5235 0.0483 0.2056 0.8409
044 045 046 0.2314 0.7710 0.4739 0.7985 0.1218 0.6384 0.6435 0.3642
045 046 047 0.3351 0.3287 0.0952 0.7681 0.3132 0.3274 0.0829 0.6993
046 047 048 0.7198 0.0725 0.3459 0.0387 0.0709 0.5245 0.2564 0.9585
047 048 049 0.1998 0.6284 0.7967 0.0607 0.7859 0.8145 0.7516 0.9846
048 049 050 0.8690 0.1975 0.5062 0.6243 0.0936 0.8773 0.9272 0.1676
049 050 051 0.1742 0.6903 0.6268 0.8636 0.8329 0.1075 0.9279 0.4699
050 051 052 0.0094 0.2416 0.7741 0.1926 0.8470 0.2129 0.2951 0.4535
051 052 053 0.7634 0.4480 0.3572 0.1990 0.7652 0.8710 0.8866 0.2589
052 053 054 0.9796 0.7726 0.4067 0.3225 0.7884 0.4952 0.0343 0.3508
053 054 055 0.4755 0.3639 0.8353 0.4893 0.2672 0.3584 0.6674 0.3291
054 055 056 0.3771 0.0407 0.9841 0.5200 0.2732 0.2745 0.2831 0.0292
055 056 057 0.1214 0.6249 0.5148 0.5037 0.6747 0.4394 0.7236 0.4969
056 057 058 0.3131 0.3294 0.2113 0.4080 0.7212 0.2570 0.4299 0.3298
057 058 059 0.9786 0.7602 0.8471 0.9429 0.5720 0.6794 0.2139 0.6871
058 059 060 0.4934 0.9583 0.8095 0.8447 0.1885 0.6984 0.2566 0.8582
059 060 061 0.1764 0.9076 0.3162 0.5338 0.4460 0.1254 0.0998 0.8042
060 061 062 0.5996 0.0482 0.0668 0.7673 0.0570 0.3881 0.6693 0.7612
061 062 063 0.9667 0.4396 0.1247 0.0680 0.0831 0.1433 0.9049 0.5865
062 063 064 0.9473 0.6158 0.3883 0.5944 0.5789 0.0515 0.9053 0.8157
063 064 065 0.7621 0.5307 0.9594 0.7600 0.2948 0.6113 0.6395 0.6941
064 065 066 0.5888 0.5342 0.6675 0.6367 0.5837 0.4825 0.9852 0.4998
065 066 067 0.6240 0.7814 0.5782 0.4228 0.1504 0.7083 0.3664 0.5240
066 067 068 0.7790 0.2560 0.7356 0.6172 0.7269 0.1554 0.3921 0.9155
067 068 069 0.0605 0.2206 0.7580 0.2811 0.3495 0.9566 0.4204 0.0596
068 069 070 0.6341 0.0584 0.1367 0.6916 0.4405 0.0100 0.4604 0.4959
069 070 071 0.1253 0.1412 0.2082 0.3098 0.1910 0.9901 0.8003 0.4071
070 071 072 0.1985 0.6733 0.5698 0.0150 0.3010 0.7493 0.7530 0.8102
071 072 073 0.8327 0.9291 0.4471 0.7946 0.3821 0.2845 0.5313 0.4881
072 073 074 0.1738 0.4740 0.4011 0.8933 0.3926 0.5237 0.5151 0.4744
073 074 075 0.6345 0.0233 0.2218 0.4542 0.4678 0.5515 0.4726 0.4401
074 075 076 0.1279 0.7223 0.2571 0.5459 0.4593 0.2474 0.5090 0.0456
075 076 077 0.9811 0.9625 0.9197 0.8598 0.2450 0.8598 0.7895 0.7159
076 077 078 0.8858 0.8397 0.1543 0.0520 0.3799 0.1429 0.7402 0.2586
077 078 079 0.9989 0.8898 0.8362 0.1672 0.7676 0.7079 0.3707 0.0152
078 079 080 0.7742 0.9608 0.9470 0.2468 0.2589 0.7408 0.7536 0.6811
079 080 081 0.7697 0.6300 0.5571 0.6917 0.4318 0.1474 0.8384 0.1259
080 081 082 0.4778 0.0401 0.1091 0.5919 0.6140 0.7026 0.0485 0.0928
081 082 083 0.8924 0.1586 0.9184 0.2556 0.7323 0.7895 0.3078 0.9996
082 083 084 0.3528 0.9826 0.1567 0.5207 0.5219 0.2317 0.5141 0.4224
083 084 085 0.4362 0.5145 0.1395 0.4649 0.1544 0.9232 0.1859 0.4323
084 085 086 0.4310 0.2004 0.8866 0.1839 0.9161 0.6498 0.9479 0.2286
085 086 087 0.9729 0.3355 0.7590 0.0459 0.3556 0.0454 0.3678 0.1540
086 087 088 0.6548 0.8730 0.6192 0.8924 0.0936 0.6195 0.9269 0.3181
087 088 089 0.8247 0.7570 0.4804 0.7258 0.5050 0.8939 0.8640 0.2633
088 089 090 0.6276 0.3754 0.2851 0.3325 0.6039 0.8694 0.3733 0.2838
089 090 091 0.2970 0.7521 0.5277 0.2702 0.7302 0.8663 0.7443 0.0676
090 091 092 0.7070 0.4105 0.1346 0.7223 0.6612 0.1804 0.9075 0.0399
091 092 093 0.5701 0.8212 0.7501 0.4038 0.5067 0.8168 0.5017 0.1681
092 093 094 0.4930 0.3425 0.7430 0.6072 0.9815 0.2646 0.1144 0.1308
093 094 095 0.6128 0.8128 0.7793 0.1869 0.6743 0.7166 0.2076 0.1693
094 095 096 0.5306 0.8300 0.1045 0.7455 0.0453 0.3836 0.1771 0.5561
095 096 097 0.4715 0.1933 0.8464 0.1257 0.9533 0.4578 0.0394 0.6412
096 097 098 0.5960 0.2028 0.0978 0.3849 0.1333 0.6495 0.5319 0.3363
097 098 099 0.7618 0.6790 0.3422 0.4616 0.6270 0.8359 0.7530 0.2191
098 099 100 0.7556 0.7267 0.6205 0.9503 0.9073 0.2998 0.8525 0.6254
099 100 101 0.6534 0.8556 0.7990 0.8573 0.9985 0.7834 0.3359 0.0682
100 101 102 0.0533 0.0299 0.1951 0.0276 0.7719 0.7397 0.4649 0.8996
101 102 103 0.3069 0.5652 0.4529 0.9218 0.0025 0.6758 0.5578 0.6458
102 103 104 0.1763 0.5957 0.5891 0.9993 0.3009 0.7241 0.1735 0.4501
103 104 105 0.9464 0.0059 0.3769 0.6084 0.7126 0.0583 0.9739 0.9310
104 105 106 0.0499 0.2800 0.5017 0.5961 0.8554 0.9598 0.1135 0.2429
105 106 107 0.8958 0.6473 0.8808 0.0657 0.9948 0.6284 0.6996 0.4060
106 107 108 0.6625 0.2570 0.8915 0.4546 0.7297 0.5672 0.7753 0.3310
107 108 109 0.1052 0.7273 0.8334 0.5893 0.9889 0.2700 0.3735 0.0504
108 109 110 0.3860 0.1206 0.3328 0.6158 0.1463 0.7896 0.5345 0.1607
109 110 111 0.2375 0.3902 0.8648 0.4967 0.6638 0.9276 0.3263 0.7830
110 111 112 0.1169 0.5424 0.8023 0.1155 0.3813 0.4034 0.2630 0.3349
111 112 113 0.2433 0.7748 0.5455 0.0708 0.2844 0.9554 0.2321 0.1936
112 113 114 0.4988 0.1282 0.9961 0.2826 0.0392 0.7548 0.4611 0.2959
113 114 115 0.9047 0.8426 0.3997 0.2162 0.6159 0.9413 0.2053 0.6966
114 115 116 0.6346 0.0974 0.2234 0.1237 0.3525 0.8468 0.6212 0.7931
115 116 117 0.1471 0.6657 0.8392 0.1835 0.9217 0.0674 0.6661 0.6164
116 117 118 0.2864 0.9343 0.1637 0.2750 0.7876 0.6712 0.7832 0.0435
117 118 119 0.8068 0.0062 0.8536 0.0615 0.4514 0.2892 0.4709 0.0788
118 119 120 0.1018 0.8903 0.4433 0.2539 0.2100 0.3160 0.1328 0.9596
119 120 121 0.7735 0.8280 0.6745 0.4130 0.3209 0.8532 0.0901 0.4199
120 121 122 0.8288 0.1850 0.1243 0.6953 0.7719 0.4709 0.0167 0.0184
121 122 123 0.4239 0.1538 0.7865 0.8191 0.0548 0.1203 0.2116 0.3769
122 123 124 0.3536 0.9851 0.4054 0.8934 0.6256 0.9089 0.5364 0.4164
123 124 125 0.2478 0.7711 0.8603 0.3799 0.5441 0.4118 0.4927 0.6071
124 125 126 0.5745 0.3578 0.2992 0.7987 0.7854 0.9332 0.0077 0.7527
125 126 127 0.1183 0.2020 0.9343 0.6955 0.9353 0.5238 0.2597 0.1372
126 127 128 0.7885 0.6113 0.5501 0.4029 0.5104 0.8335 0.0166 0.1339
127 128 129 0.9288 0.6463 0.1257 0.0609 0.1775 0.2230 0.0281 0.5590
128 129 130 0.8854 0.9595 0.0753 0.6421 0.3939 0.6834 0.4377 0.3677
129 130 131 0.8772 0.6121 0.4796 0.1262 0.9048 0.7972 0.7790 0.5991
130 131 132 0.4937 0.1896 0.1105 0.2458 0.7392 0.1684 0.3441 0.8613
131 132 133 0.5197 0.3619 0.6014 0.5182 0.5665 0.8621 0.9279 0.9079
132 133 134 0.2056 0.3135 0.3278 0.5678 0.0629 0.9332 0.9097 0.6093
133 134 135 0.7330 0.1823 0.3528 0.5685 0.8201 0.5715 0.1480 0.0401
134 135 136 0.5998 0.0581 0.8606 0.8255 0.8174 0.6805 0.9730 0.0826
135 136 137 0.7888 0.3203 0.7043 0.4699 0.8369 0.0186 0.1732 0.8715
136 137 138 0.5155 0.7150 0.8013 0.5007 0.4711 0.5592 0.0607 0.6785
137 138 139 0.1363 0.1844 0.6807 0.4285 0.2853 0.9805 0.4383 0.8097
138 139 140 0.3501 0.7116 0.9498 0.6125 0.5799 0.7613 0.9314 0.2668
139 140 141 0.7659 0.4419 0.8754 0.8053 0.4838 0.3137 0.0508 0.8479
140 141 142 0.7834 0.9616 0.0489 0.5284 0.3712 0.1110 0.9969 0.7888
141 142 143 0.6385 0.8891 0.1006 0.8581 0.8580 0.2440 0.8342 0.1680
142 143 144 0.9427 0.1104 0.0241 0.1958 0.5662 0.8664 0.5826 0.7836
143 144 145 0.6100 0.7341 0.6960 0.9317 0.7411 0.1193 0.4010 0.7468
144 145 146 0.5500 0.9685 0.0391 0.1701 0.1925 0.8400 0.7969 0.5668
145 146 147 0.8871 0.4778 0.2167 0.0937 0.8214 0.5947 0.6983 0.9870
146 147 148 0.2961 0.5064 0.1497 0.5607 0.8549 0.4488 0.3222 0.2476
147 148 149 0.6139 0.3352 0.5374 0.7438 0.6194 0.1836 0.9491 0.6192
148 149 150 0.8051 0.7973 0.0571 0.3794 0.5262 0.2486 0.5005 0.3106
149 150 151 0.9590 0.1557 0.8172 0.1998 0.5598 0.5394 0.2222 0.1935
150 151 152 0.6412 0.8242 0.1787 0.3066 0.5586 0.0704 0.5618 0.3823
151 152 153 0.4633 0.1725 0.4898 0.6806 0.4286 0.3077 0.2694 0.0748
152 153 154 0.7540 0.2519 0.4653 0.0532 0.6508 0.0255 0.9945 0.7054
153 154 155 0.6079 0.0957 0.1999 0.9685 0.2588 0.1450 0.5892 0.7252
154 155 156 0.8149 0.9197 0.9290 0.1730 0.2869 0.5873 0.6270 0.0643
155 156 157 0.4163 0.6658 0.7519 0.7847 0.2884 0.7524 0.2149 0.0179
156 157 158 0.1627 0.5284 0.5657 0.7939 0.6137 0.5986 0.9983 0.6700
157 158 159 0.3368 0.5119 0.0933 0.2445 0.6128 0.4055 0.4229 0.1991
158 159 160 0.1506 0.3276 0.6372 0.4288 0.3416 0.8191 0.0908 0.7818
159 160 161 0.4536 0.0683 0.8306 0.6246 0.4250 0.4674 0.6318 0.9304
160 161 162 0.8792 0.2697 0.8250 0.2804 0.5217 0.5941 0.6758 0.3238
161 162 163 0.0111 0.2727 0.7152 0.6092 0.1499 0.9560 0.3630 0.2806
162 163 164 0.2979 0.4028 0.5050 0.5060 0.1439 0.3833 0.4844 0.1971
163 164 165 0.7264 0.8479 0.3593 0.5805 0.1434 0.5256 0.2972 0.8861
164 165 166 0.3751 0.6839 0.2183 0.6532 0.4426 0.1644 0.1290 0.4669
165 166 167 0.5581 0.3597 0.1264 0.0811 0.7927 0.7078 0.9120 0.2783
166 167 168 0.2988 0.0795 0.6425 0.8933 0.9833 0.0050 0.0528 0.0663
167 168 169 0.6068 0.0865 0.1023 0.5158 0.2777 0.0046 0.5628 0.4743
168 169 170 0.7403 0.4293 0.5560 0.4920 0.4835 0.7903 0.4576 0.3133
169 170 171 0.4182 0.3127 0.8607 0.6617 0.1287 0.6208 0.5904 0.8179
170 171 172 0.4286 0.6028 0.4613 0.3519 0.6105 0.4021 0.4085 0.3746
171 172 173 0.2528 0.6936 0.4703 0.6968 0.4425 0.9353 0.6448 0.8491
172 173 174 0.3732 0.2615 0.1254 0.5378 0.9671 0.4231 0.0682 0.1148
173 174 175 0.2732 0.9956 0.5980 0.2273 0.6588 0.6105 0.9001 0.2244
174 175 176 0.2290 0.9621 0.1220 0.8056 0.3813 0.3349 0.3974 0.1850
175 176 177 0.8939 0.3417 0.8233 0.1413 0.6184 0.2184 0.6978 0.6654
176 177 178 0.7667 0.3698 0.6514 0.7868 0.3903 0.8170 0.7548 0.1087
177 178 179 0.8101 0.1634 0.3900 0.5784 0.9741 0.9676 0.4421 0.5324
178 179 180 0.2536 0.5230 0.0894 0.9024 0.2367 0.2605 0.6360 0.4094
179 180 181 0.7155 0.8857 0.2003 0.9946 0.6975 0.3872 0.0042 0.1647
180 181 182 0.4234 0.8783 0.8842 0.2712 0.0241 0.1157 0.8162 0.7102
181 182 183 0.9484 0.2213 0.1982 0.0205 0.9188 0.5607 0.5740 0.4423
182 183 184 0.4136 0.8678 0.8606 0.9083 0.5957 0.8679 0.9499 0.3420
183 184 185 0.8190 0.0009 0.9909 0.3192 0.1201 0.6403 0.1324 0.2772
184 185 186 0.5213 0.9156 0.0507 0.6358 0.0962 0.7124 0.0632 0.6137
185 186 187 0.9063 0.7328 0.3629 0.2590 0.2435 0.4726 0.9819 0.5147
186 187 188 0.7189 0.0426 0.2040 0.5862 0.3424 0.0121 0.3946 0.0856
187 188 189 0.6348 0.2157 0.4223 0.7662 0.2426 0.8845 0.4117 0.3023
188 189 190 0.4960 0.2424 0.3119 0.1554 0.4957 0.1464 0.2236 0.5655
189 190 191 0.0680 0.7972 0.2944 0.4990 0.8902 0.3520 0.7306 0.6714
190 191 192 0.6107 0.3208 0.9017 0.8630 0.7157 0.5194 0.3725 0.1039
191 192 193 0.5958 0.7752 0.4207 0.2451 0.4186 0.8048 0.6276 0.8131
192 193 194 0.0986 0.0204 0.4898 0.2357 0.0261 0.2763 0.3483 0.3462
193 194 195 0.5144 0.3145 0.9343 0.2705 0.2431 0.0388 0.1416 0.9589
194 195 196 0.5294 0.1977 0.2378 0.6983 0.0304 0.7168 0.2657 0.4316
195 196 197 0.6035 0.6852 0.4321 0.2345 0.8017 0.1169 0.6369 0.6414
196 197 198 0.7951 0.5561 0.8417 0.3409 0.0701 0.5427 0.3129 0.8048
197 198 199 0.3530 0.5048 0.1098 0.0291 0.6423 0.4474 0.5259 0.7597
198 199 200 0.2821 0.7991 0.3987 0.7334 0.8800 0.0010 0.7849 0.7288
199 200 201 0.1671 0.7774 0.9269 0.1477 0.0220 0.5202 0.2796 0.6580
200 201 202 0.2790 0.5053 0.9869 0.9961 0.2122 0.0198 0.3587 0.2815
201 202 203 0.9256 0.0012 0.5005 0.1081 0.8995 0.7680 0.6285 0.9038
202 203 204 0.2588 0.9649 0.4800 0.4786 0.2364 0.4109 0.9680 0.1608
203 204 205 0.0855 0.7808 0.3092 0.5857 0.6387 0.2339 0.6817 0.6751
204 205 206 0.6257 0.0989 0.9288 0.6304 0.7256 0.2930 0.8647 0.6499
205 206 207 0.6837 0.9035 0.2231 0.1156 0.0746 0.9627 0.2267 0.8441
206 207 208 0.9907 0.4233 0.0512 0.4093 0.8911 0.5019 0.7938 0.6857
207 208 209 0.7063 0.3781 0.0444 0.9756 0.8557 0.9150 0.5853 0.9588
208 209 210 0.3528 0.1972 0.6505 0.8160 0.3626 0.7147 0.8209 0.0468
209 210 211 0.6057 0.8319 0.5437 0.5235 0.3885 0.1737 0.1466 0.0954
210 211 212 0.5828 0.4540 0.2979 0.6454 0.5778 0.6251 0.5396 0.6824
211 212 213 0.3226 0.2846 0.0695 0.5772 0.6686 0.7048 0.0509 0.3730
212 213 214 0.9556 0.3504 0.4201 0.8437 0.7366 0.3101 0.6015 0.3021
213 214 215 0.7911 0.6531 0.8521 0.9874 0.3985 0.0379 0.5942 0.2008
214 215 216 0.7199 0.2318 0.1490 0.3268 0.3352 0.8147 0.7160 0.1106
215 216 217 0.2206 0.3522 0.1857 0.0748 0.5860 0.2369 0.6142 0.9258
216 217 218 0.2026 0.9808 0.3984 0.4164 0.7439 0.5469 0.6540 0.0562
217 218 219 0.9615 0.5974 0.0879 0.0386 0.9644 0.7018 0.9497 0.8582
218 219 220 0.6913 0.9558 0.3343 0.1969 0.3108 0.5330 0.3566 0.0341
219 220 221 0.7096 0.5889 0.3945 0.6636 0.9248 0.5694 0.1838 0.8607
220 221 222 0.0583 0.7804 0.2171 0.9115 0.7409 0.5038 0.1530 0.3622
221 222 223 0.2754 0.8794 0.7515 0.3326 0.3651 0.4094 0.2142 0.4483
222 223 224 0.0917 0.7826 0.9851 0.0263 0.2659 0.7599 0.9755 0.6888
223 224 225 0.1805 0.2625 0.4974 0.2803 0.3314 0.2298 0.5472 0.6108
224 225 226 0.8498 0.3267 0.5803 0.2446 0.7262 0.9254 0.5271 0.3143
225 226 227 0.6517 0.7887 0.1630 0.4848 0.5981 0.7156 0.5105 0.5168
226 227 228 0.4856 0.2531 0.8020 0.1369 0.2626 0.0086 0.0535 0.8876
227 228 229 0.1767 0.6929 0.8832 0.6045 0.6650 0.2608 0.9262 0.9279
228 229 230 0.1043 0.1058 0.2150 0.9300 0.6936 0.0329 0.7881 0.0506
229 230 231 0.2310 0.0588 0.1958 0.4805 0.3620 0.2610 0.5616 0.7761
230 231 232 0.3958 0.2660 0.2237 0.7294 0.3242 0.7224 0.6509 0.0534
231 232 233 0.8475 0.1232 0.3351 0.6698 0.4666 0.0485 0.2631 0.9233
232 233 234 0.1720 0.7614 0.0993 0.8549 0.3961 0.4706 0.3790 0.5240
233 234 235 0.0505 0.7851 0.6477 0.1366 0.5619 0.5859 0.3170 0.8095
234 235 236 0.4284 0.9797 0.0719 0.0330 0.7268 0.5760 0.5641 0.8149
235 236 237 0.2813 0.7214 0.3311 0.6646 0.0347 0.2134 0.4692 0.2018
236 237 238 0.0614 0.4710 0.7459 0.7333 0.1246 0.6228 0.7987 0.1562
237 238 239 0.8764 0.4340 0.2071 0.3767 0.8350 0.3736 0.5082 0.6501
238 239 240 0.4381 0.4968 0.7423 0.9594 0.2258 0.4814 0.9216 0.5295
239 240 241 0.7827 0.3356 0.1118 0.4790 0.5959 0.8779 0.9036 0.2801
240 241 242 0.2720 0.4172 0.3011 0.2147 0.6311 0.9280 0.2245 0.4845
241 242 243 0.8590 0.9630 0.5294 0.2170 0.7912 0.8177 0.8718 0.8261
242 243 244 0.7172 0.7782 0.0352 0.8457 0.6589 0.3604 0.8444 0.3827
243 244 245 0.4206 0.3276 0.6826 0.1116 0.2353 0.1189 0.9730 0.2347
244 245 246 0.7374 0.6652 0.1651 0.5605 0.7077 0.7844 0.6067 0.2152
245 246 247 0.2491 0.2465 0.2705 0.0172 0.0175 0.8554 0.7169 0.3853
246 247 248 0.3478 0.3722 0.3663 0.7095 0.3871 0.3592 0.6441 0.1062
247 248 249 0.8401 0.0678 0.0369 0.2354 0.1053 0.0635 0.9118 0.9347
248 249 250 0.5467 0.7545 0.7885 0.9229 0.0683 0.5778 0.4498 0.6506
249 250 251 0.3115 0.1283 0.8989 0.3458 0.2166 0.1236 0.5623 0.1132
250 251 252 0.7484 0.4721 0.9581 0.8621 0.9953 0.9517 0.6884 0.6744
251 252 253 0.3664 0.3882 0.3956 0.6705 0.9860 0.9265 0.3497 0.0753
252 253 254 0.8358 0.8185 0.8021 0.0516 0.1838 0.3091 0.4276 0.8137
253 254 255 0.2898 0.0508 0.2692 0.6582 0.7992 0.0209 0.2891 0.9954
254 255 256 0.4263 0.9420 0.6224 0.5823 0.2580 0.5970 0.7544 0.9048
255 256 257 0.1865 0.4073 0.5272 0.6207 0.0608 0.4765 0.5319 0.9140
256 257 258 0.0365 0.9683 0.2333 0.9052 0.5060 0.1105 0.2083 0.0303
257 258 259 0.9048 0.5575 0.8324 0.0383 0.7485 0.8911 0.0579 0.7549
258 259 260 0.9061 0.2914 0.1742 0.8323 0.1686 0.2049 0.1584 0.4829
259 260 261 0.1239 0.6526 0.9373 0.9603 0.4682 0.1679 0.3890 0.6747
260 261 262 0.5199 0.3421 0.5822 0.4003 0.8986 0.4504 0.3351 0.7125
261 262 263 0.0149 0.8924 0.8917 0.1942 0.1507 0.6249 0.5863 0.4572
262 263 264 0.4004 0.2779 0.5145 0.8596 0.8015 0.4024 0.4106 0.5061
263 264 265 0.7647 0.5618 0.8977 0.8965 0.3187 0.5292 0.4953 0.2076
264 265 266 0.3034 0.5493 0.4087 0.0294 0.8253 0.8020 0.7706 0.6205
265 266 267 0.0461 0.4371 0.1837 0.5842 0.1971 0.1178 0.2723 0.9554
266 267 268 0.6688 0.3347 0.3281 0.4903 0.5617 0.3981 0.4180 0.3092
267 268 269 0.7604 0.4713 0.3759 0.9122 0.5545 0.8167 0.3121 0.9534
268 269 270 0.6924 0.3477 0.3782 0.8165 0.6952 0.7771 0.8939 0.3693
269 270 271 0.6069 0.1149 0.9683 0.1535 0.1170 0.1312 0.4306 0.6968
270 271 272 0.6704 0.7413 0.2090 0.2449 0.8846 0.0642 0.7216 0.0943
271 272 273 0.6724 0.9624 0.0057 0.4517 0.6046 0.5094 0.7152 0.0661
272 273 274 0.9743 0.4254 0.8634 0.2188 0.2653 0.7877 0.5828 0.9680
273 274 275 0.7075 0.4141 0.5569 0.3741 0.3184 0.8189 0.4821 0.9874
274 275 276 0.3534 0.5870 0.0392 0.5898 0.1952 0.0634 0.1679 0.9496
275 276 277 0.1590 0.0418 0.6192 0.9073 0.5610 0.0100 0.1268 0.6921
276 277 278 0.7934 0.2169 0.4493 0.4762 0.2726 0.4941 0.5656 0.4374
277 278 000 0.3744 0.0936 0.5474 0.6791 0.8999 0.1612 0.3311 0.0252
278 000 001 0.1852 0.2166 0.8107 0.2776 0.8877 0.5715 0.6630 0.4411
