279 155682 3 279
000 001 002 0.2446 0.4572 0.5810 0.4450 0.8496 0.9020 0.6114 0.2571
001 002 003 0.0176 0.3793 0.9113 0.6570 0.7246 0.8703 0.7662 0.0125
002 003 004 0.7064 0.8423 0.1689 0.5872 0.6821 0.3074 0.2323 0.7533
003 004 005 0.2900 0.9952 0.4774 0.3946 0.8269 0.2073 0.0406 0.4746
004 005 006 0.7905 0.7868 0.9032 0.3113 0.6232 0.5755 0.6819 0.4687
005 006 007 0.5271 0.3316 0.8390 0.9085 0.3708 0.8207 0.7455 0.0760
006 007 008 0.5595 0.9315 0.2756 0.9449 0.9937 0.7913 0.9478 0.6391
007 008 009 0.5204 0.0267 0.8840 0.9968 0.4684 0.6572 0.6694 0.8747
008 009 010 0.6143 0.0205 0.0051 0.3485 0.9115 0.6583 0.2908 0.4358
009 010 011 0.9730 0.0584 0.3528 0.0529 0.3598 0.0436 0.3687 0.1393
010 011 012 0.2814 0.5513 0.9945 0.5177 0.8347 0.1390 0.1247 0.1162
011 012 013 0.9873 0.8137 0.9257 0.6025 0.1176 0.4610 0.3297 0.4331
012 013 014 0.3647 0.9049 0.8912 0.5290 0.6165 0.4491 0.7389 0.7162
013 014 015 0.3259 0.1461 0.1562 0.3299 0.2444 0.6561 0.2340 0.3138
014 015 016 0.1863 0.2472 0.3164 0.2079 0.5643 0.7060 0.2241 0.0913
015 016 017 0.8052 0.0382 0.1402 0.2707 0.5882 0.2402 0.4970 0.7762
016 017 018 0.7699 0.0421 0.8092 0.8632 0.5396 0.8060 0.7676 0.2541
017 018 019 0.2730 0.6108 0.6979 0.4808 0.7391 0.7482 0.4497 0.5550
018 019 020 0.8233 0.4600 0.2815 0.6537 0.5717 0.2421 0.7998 0.0007
019 020 021 0.7811 0.8413 0.6218 0.1784 0.5621 0.3446 0.5016 0.4219
020 021 022 0.6885 0.3102 0.0657 0.8776 0.2105 0.1284 0.5935 0.0493
021 022 023 0.5817 0.9792 0.4867 0.7948 0.7645 0.1446 0.9704 0.6852
022 023 024 0.2801 0.6460 0.7263 0.2090 0.7978 0.6194 0.8238 0.2855
023 024 025 0.1340 0.0753 0.4564 0.8282 0.2046 0.1310 0.2253 0.3181
024 025 026 0.2419 0.9859 0.3053 0.4322 0.2961 0.1489 0.0188 0.9782
025 026 027 0.6147 0.7861 0.0259 0.1214 0.3157 0.5322 0.7438 0.5424
026 027 028 0.6625 0.4406 0.6356 0.8395 0.5258 0.1144 0.8236 0.3525
027 028 029 0.5951 0.0979 0.1601 0.7830 0.1122 0.3090 0.9419 0.3865
028 029 030 0.8236 0.3334 0.5106 0.5179 0.6923 0.3198 0.8683 0.4513
029 030 031 0.2175 0.8218 0.5439 0.7649 0.0620 0.4615 0.3697 0.6164
030 031 032 0.5457 0.8351 0.0810 0.9341 0.4137 0.0876 0.5748 0.5202
031 032 033 0.3512 0.1606 0.3771 0.6846 0.4686 0.1513 0.0195 0.4572
032 033 034 0.3819 0.2553 0.4697 0.3781 0.8123 0.3097 0.1475 0.0603
033 034 035 0.1876 0.7715 0.4220 0.2710 0.4564 0.8793 0.3310 0.7051
034 035 036 0.8514 0.3896 0.2274 0.0574 0.2188 0.3060 0.8680 0.0790
035 036 037 0.7796 0.4636 0.5712 0.0813 0.5140 0.4713 0.9181 0.0952
036 037 038 0.1354 0.9277 0.7114 0.6370 0.7713 0.1503 0.0281 0.9428
037 038 039 0.4672 0.5226 0.2505 0.3111 0.9058 0.7329 0.6967 0.4686
038 039 040 0.6652 0.2898 0.0931 0.0232 0.0665 0.7411 0.1828 0.5189
039 040 041 0.6708 0.0576 0.4079 0.7099 0.9854 0.0915 0.3990 0.9498
040 041 042 0.4304 0.1111 0.9179 0.4222 0.1888 0.1433 0.4470 0.9441
041 042 043 0.0985 0.0824 0.9098 0.0346 0.5118 0.5874 0.9934 0.4437
042 043 044 0.3189 0.7138 0.6752 0.7522 0.7618 0.6213 0.2198 0.3477
043 044 045 0.6484 0.3975 0.9170 0.9032 0.2228 0.3212 0.8052 0.3177
044 045 046 0.5982 0.0814 0.9678 0.0335 0.1551 0.5471 0.9180 0.2179
045 046 047 0.0517 0.5593 0.5474 0.4098 0.9261 0.0614 0.7552 0.9607
046 047 048 0.9811 0.7319 0.7608 0.0226 0.4889 0.5857 0.6404 0.3262
047 048 049 0.2201 0.5950 0.8872 0.5076 0.7547 0.7774 0.2920 0.4095
048 049 050 0.9720 0.5857 0.7666 0.8187 0.5830 0.0948 0.2856 0.8989
049 050 051 0.9232 0.2046 0.7554 0.9188 0.9232 0.3019 0.9241 0.2063
050 051 052 0.6172 0.5850 0.0098 0.8123 0.1903 0.2489 0.6585 0.6532
051 052 053 0.4845 0.1940 0.1199 0.1725 0.3561 0.2399 0.6422 0.4629
052 053 054 0.8431 0.4467 0.0736 0.8923 0.7766 0.5727 0.0044 0.8038
053 054 055 0.4256 0.0430 0.7482 0.7881 0.0278 0.1426 0.6823 0.9742
054 055 056 0.0032 0.9134 0.9773 0.1608 0.7068 0.7943 0.5650 0.2204
055 056 057 0.6508 0.1448 0.7189 0.2468 0.7132 0.6057 0.1507 0.4527
056 057 058 0.6788 0.8255 0.7144 0.3537 0.5870 0.0034 0.1087 0.7903
057 058 059 0.9982 0.6287 0.0301 0.5998 0.4488 0.3896 0.3635 0.0914
058 059 060 0.9007 0.7959 0.8588 0.2260 0.0449 0.2279 0.1697 0.0547
059 060 061 0.9301 0.5550 0.0000 0.0541 0.3279 0.9394 0.3706 0.3585
060 061 062 0.0103 0.2437 0.6716 0.6485 0.8411 0.4722 0.1895 0.4335
061 062 063 0.2305 0.1981 0.4208 0.8086 0.5966 0.4720 0.7789 0.6543
062 063 064 0.4751 0.2206 0.4438 0.4248 0.4302 0.7695 0.7224 0.4163
063 064 065 0.8652 0.2184 0.6976 0.5642 0.5670 0.4853 0.2253 0.8602
064 065 066 0.7559 0.8197 0.6958 0.4193 0.9881 0.3082 0.9966 0.8359
065 066 067 0.4684 0.3654 0.1444 0.3629 0.5630 0.6867 0.1873 0.8275
066 067 068 0.9217 0.9008 0.4239 0.7569 0.1748 0.4377 0.3131 0.8543
067 068 069 0.6237 0.6010 0.2194 0.6125 0.0734 0.6997 0.2862 0.7795
068 069 070 0.0066 0.5922 0.4514 0.6996 0.4927 0.4028 0.6441 0.4817
069 070 071 0.4805 0.8896 0.4163 0.0986 0.1253 0.0517 0.8420 0.8154
070 071 072 0.0342 0.5581 0.1205 0.8156 0.2152 0.5368 0.7598 0.3669
071 072 073 0.9807 0.2366 0.2939 0.7528 0.5611 0.0838 0.0907 0.2370
072 073 074 0.2921 0.2692 0.8676 0.5729 0.1586 0.1742 0.2363 0.4148
073 074 075 0.3930 0.3860 0.0635 0.6245 0.6553 0.2737 0.1429 0.5521
074 075 076 0.9348 0.6403 0.8355 0.1341 0.7415 0.0893 0.3310 0.5974
075 076 077 0.3515 0.7682 0.7569 0.7830 0.4253 0.1028 0.2511 0.4819
076 077 078 0.0171 0.3983 0.6169 0.1589 0.1034 0.3673 0.6730 0.5990
077 078 079 0.2440 0.7802 0.4050 0.8830 0.7431 0.8355 0.9894 0.3468
078 079 080 0.1276 0.0759 0.5109 0.4580 0.1667 0.6953 0.1975 0.6632
079 080 081 0.4966 0.2407 0.6998 0.6901 0.9635 0.1270 0.9146 0.9344
080 081 082 0.4352 0.6105 0.1179 0.1816 0.8930 0.2042 0.8108 0.6805
081 082 083 0.9326 0.8849 0.6658 0.7363 0.4604 0.1396 0.0544 0.6735
082 083 084 0.6146 0.3902 0.3464 0.0145 0.2111 0.8815 0.0733 0.8705
083 084 085 0.1973 0.9994 0.7144 0.8742 0.7478 0.2652 0.3563 0.9056
084 085 086 0.9322 0.7163 0.5602 0.1619 0.2646 0.6278 0.5444 0.7919
085 086 087 0.8807 0.2975 0.4889 0.4154 0.3105 0.0201 0.9472 0.2619
086 087 088 0.1133 0.1764 0.5783 0.8141 0.4923 0.0919 0.2660 0.6656
087 088 089 0.4365 0.2714 0.1097 0.9460 0.5347 0.9980 0.2363 0.6598
088 089 090 0.7873 0.6527 0.4884 0.0399 0.9300 0.9790 0.6490 0.7549
089 090 091 0.7828 0.7660 0.3326 0.6814 0.5222 0.7300 0.9989 0.2308
090 091 092 0.7307 0.2518 0.9028 0.2524 0.7823 0.0739 0.4267 0.0643
091 092 093 0.2184 0.6468 0.8680 0.2300 0.7685 0.9799 0.2379 0.3929
092 093 094 0.3655 0.4185 0.8969 0.2376 0.5390 0.0517 0.6098 0.5491
093 094 095 0.8463 0.6792 0.5528 0.8104 0.3700 0.5675 0.5697 0.3475
094 095 096 0.1803 0.1688 0.2053 0.6460 0.3721 0.4834 0.9150 0.2434
095 096 097 0.8750 0.5770 0.6318 0.8932 0.6296 0.5361 0.6221 0.5970
096 097 098 0.3746 0.0508 0.8285 0.7427 0.5909 0.6853 0.3359 0.0124
097 098 099 0.8792 0.1418 0.7039 0.7217 0.1903 0.3504 0.6188 0.7653
098 099 100 0.2266 0.9746 0.8548 0.7726 0.1049 0.8041 0.5581 0.3117
099 100 101 0.5025 0.2995 0.2623 0.9782 0.2128 0.1168 0.0217 0.9575
100 101 102 0.9778 0.3457 0.4720 0.8769 0.0235 0.7027 0.0846 0.2534
101 102 103 0.7971 0.2488 0.6298 0.5651 0.5895 0.3960 0.3830 0.3841
102 103 104 0.9750 0.8797 0.6584 0.1070 0.9555 0.0704 0.5408 0.0226
103 104 105 0.2063 0.6943 0.1658 0.3729 0.5002 0.5286 0.7410 0.1654
104 105 106 0.5686 0.6626 0.5026 0.6075 0.5939 0.9099 0.8590 0.8151
105 106 107 0.8838 0.6328 0.0386 0.8568 0.9602 0.8610 0.6666 0.1820
106 107 108 0.7510 0.5154 0.9801 0.9766 0.8685 0.8066 0.1066 0.0320
107 108 109 0.0499 0.7439 0.2955 0.8048 0.0225 0.1825 0.8441 0.9386
108 109 110 0.9595 0.2277 0.6711 0.7890 0.0667 0.1600 0.2988 0.8968
109 110 111 0.1124 0.5363 0.5731 0.7251 0.6710 0.5640 0.3718 0.0637
110 111 112 0.7437 0.3401 0.5355 0.5879 0.0640 0.8756 0.6531 0.0931
111 112 113 0.2880 0.9598 0.6465 0.1007 0.4668 0.5541 0.2416 0.9482
112 113 114 0.9211 0.5583 0.0019 0.2605 0.6435 0.9953 0.1600 0.0913
113 114 115 0.6389 0.8268 0.1304 0.5166 0.2401 0.5390 0.5631 0.8172
114 115 116 0.1933 0.1775 0.1154 0.1302 0.9168 0.5226 0.1822 0.3859
115 116 117 0.3569 0.1331 0.3300 0.4743 0.7422 0.7611 0.6894 0.6203
116 117 118 0.1251 0.4554 0.8777 0.9383 0.1156 0.9054 0.3347 0.5721
117 118 119 0.3477 0.5112 0.2409 0.0605 0.1394 0.8374 0.1875 0.1400
118 119 120 0.1876 0.5780 0.6449 0.9886 0.9849 0.8140 0.6835 0.7605
119 120 121 0.4286 0.0164 0.3565 0.9819 0.0794 0.5156 0.8170 0.2801
120 121 122 0.7349 0.9668 0.2655 0.2848 0.1951 0.6959 0.4616 0.3968
121 122 123 0.6985 0.9854 0.3043 0.2712 0.5587 0.1803 0.9380 0.6455
122 123 124 0.7231 0.7279 0.7569 0.2134 0.6160 0.0031 0.1517 0.5503
123 124 125 0.2329 0.7525 0.4050 0.7797 0.8532 0.4433 0.5056 0.1467
124 125 126 0.6106 0.9131 0.6969 0.8789 0.3644 0.4386 0.1782 0.5916
125 126 127 0.2574 0.4921 0.4335 0.9541 0.4710 0.7762 0.4740 0.3535
126 127 128 0.7206 0.2592 0.7191 0.6461 0.2911 0.5875 0.3129 0.9570
127 128 129 0.6739 0.9034 0.7534 0.4265 0.3357 0.8894 0.0675 0.5166
128 129 130 0.6071 0.5325 0.6327 0.8871 0.0967 0.6618 0.5656 0.7655
129 130 131 0.9549 0.4311 0.9722 0.8384 0.0233 0.9804 0.6055 0.8840
130 131 132 0.7171 0.7329 0.1925 0.1344 0.1793 0.1745 0.0633 0.2647
131 132 133 0.0103 0.8420 0.7565 0.2844 0.4858 0.9245 0.0552 0.4470
132 133 134 0.6905 0.3158 0.9689 0.0102 0.0277 0.1087 0.4053 0.0157
133 134 135 0.6528 0.5646 0.3329 0.0909 0.0507 0.1458 0.5106 0.5650
134 135 136 0.7214 0.8002 0.5031 0.8125 0.2912 0.0759 0.0533 0.0537
135 136 137 0.1607 0.1445 0.4605 0.5472 0.9060 0.5794 0.7679 0.2472
136 137 138 0.8652 0.8779 0.0253 0.2192 0.0565 0.1281 0.6516 0.7116
137 138 139 0.5279 0.7033 0.0252 0.0081 0.2043 0.7848 0.9265 0.5396
138 139 140 0.8369 0.2051 0.2057 0.0179 0.2317 0.8314 0.5082 0.3925
139 140 141 0.9307 0.9891 0.7166 0.1804 0.8597 0.0996 0.3825 0.9233
140 141 142 0.6336 0.9624 0.9630 0.7367 0.3411 0.1949 0.5116 0.6565
141 142 143 0.7027 0.9981 0.9593 0.2377 0.4904 0.8464 0.8787 0.7851
142 143 144 0.6234 0.4084 0.2446 0.3922 0.7928 0.1121 0.6962 0.3373
143 144 145 0.8509 0.7012 0.2998 0.2361 0.6296 0.5433 0.5932 0.3634
144 145 146 0.2526 0.9526 0.3767 0.1904 0.1590 0.5607 0.4912 0.5325
145 146 147 0.5202 0.8773 0.6740 0.8275 0.6790 0.1784 0.6758 0.9603
146 147 148 0.1838 0.7414 0.6950 0.0683 0.2256 0.6538 0.5628 0.4934
147 148 149 0.9647 0.9937 0.1269 0.0195 0.0928 0.0125 0.4218 0.3747
148 149 150 0.5898 0.4848 0.2995 0.1601 0.8786 0.3383 0.5267 0.1038
149 150 151 0.1564 0.6123 0.8266 0.4504 0.1792 0.5264 0.8644 0.1037
150 151 152 0.5952 0.1941 0.4533 0.9860 0.8938 0.9545 0.2409 0.6027
151 152 153 0.1302 0.9810 0.2548 0.0610 0.9950 0.8439 0.8954 0.7402
152 153 154 0.7756 0.9944 0.2471 0.3540 0.2714 0.9231 0.7948 0.5701
153 154 155 0.1782 0.5591 0.4462 0.1789 0.7779 0.6865 0.5341 0.7371
154 155 156 0.3384 0.3952 0.3314 0.3249 0.4032 0.0378 0.7739 0.7372
155 156 157 0.4170 0.6860 0.0380 0.6978 0.2928 0.8731 0.9056 0.2400
156 157 158 0.2886 0.4916 0.6609 0.8085 0.6812 0.9823 0.3046 0.3657
157 158 159 0.0918 0.5993 0.9617 0.3181 0.6158 0.7462 0.4333 0.6006
158 159 160 0.7900 0.5923 0.8871 0.0195 0.6903 0.6619 0.1455 0.5619
159 160 161 0.9954 0.9664 0.9123 0.1538 0.6403 0.4227 0.8907 0.6010
160 161 162 0.9247 0.7905 0.1433 0.9879 0.5226 0.2966 0.2024 0.2435
161 162 163 0.6347 0.8787 0.2822 0.0697 0.1844 0.9738 0.4384 0.9220
162 163 164 0.7168 0.8911 0.6057 0.4221 0.8852 0.2046 0.9026 0.8278
163 164 165 0.8516 0.1718 0.9227 0.6758 0.9879 0.3993 0.2033 0.8523
164 165 166 0.1465 0.3590 0.2519 0.7133 0.9464 0.4506 0.4477 0.2887
165 166 167 0.4005 0.2808 0.1307 0.9582 0.6816 0.9140 0.5191 0.3335
166 167 168 0.6615 0.8642 0.8188 0.2406 0.9333 0.2344 0.4382 0.4235
167 168 169 0.1956 0.2243 0.6905 0.3993 0.1322 0.3283 0.0872 0.4752
168 169 170 0.1994 0.1785 0.7703 0.4240 0.8518 0.5982 0.5821 0.0418
169 170 171 0.9477 0.8532 0.9360 0.5744 0.9055 0.7057 0.0603 0.0456
170 171 172 0.0041 0.2973 0.4879 0.0894 0.7204 0.3845 0.8375 0.6441
171 172 173 0.0818 0.7244 0.9186 0.6954 0.0177 0.6495 0.3066 0.3088
172 173 174 0.6155 0.3474 0.8760 0.5059 0.7291 0.9542 0.0162 0.9075
173 174 175 0.8584 0.1180 0.9077 0.9171 0.4514 0.1672 0.9653 0.7549
174 175 176 0.4534 0.3515 0.0502 0.7340 0.4853 0.5506 0.4656 0.9516
175 176 177 0.1283 0.0119 0.5895 0.4071 0.6192 0.6042 0.7199 0.6672
176 177 178 0.1404 0.6934 0.7167 0.1980 0.7436 0.5252 0.7318 0.5571
177 178 179 0.6912 0.6765 0.9061 0.9630 0.4867 0.7724 0.3345 0.0670
178 179 180 0.7113 0.2920 0.9072 0.5630 0.3905 0.1132 0.2468 0.3703
179 180 181 0.9376 0.5395 0.0239 0.0087 0.5360 0.0733 0.6532 0.9383
180 181 182 0.1970 0.1157 0.2096 0.3467 0.6247 0.6458 0.1053 0.6092
181 182 183 0.0421 0.3796 0.6573 0.4232 0.1531 0.4426 0.6717 0.8131
182 183 184 0.9033 0.9911 0.0960 0.8263 0.0432 0.2394 0.9759 0.6180
183 184 185 0.6106 0.8667 0.4601 0.1557 0.5040 0.9820 0.9383 0.8751
184 185 186 0.2064 0.3628 0.8768 0.3736 0.6610 0.4236 0.4090 0.7271
185 186 187 0.3020 0.6477 0.1179 0.7629 0.1219 0.9882 0.7123 0.7609
186 187 188 0.2949 0.7119 0.4373 0.2411 0.6467 0.9506 0.7636 0.1370
187 188 189 0.1707 0.9772 0.6133 0.9370 0.6732 0.1192 0.5324 0.4943
188 189 190 0.9950 0.6539 0.4029 0.1324 0.2102 0.3314 0.5874 0.6595
189 190 191 0.2479 0.2264 0.8520 0.7830 0.2941 0.9408 0.4581 0.5963
190 191 192 0.5131 0.3773 0.3284 0.2446 0.6949 0.9674 0.9480 0.9319
191 192 193 0.4582 0.7262 0.5752 0.0696 0.9165 0.5173 0.4777 0.1447
192 193 194 0.9168 0.3750 0.7531 0.5987 0.5397 0.1954 0.7810 0.8642
193 194 195 0.6230 0.2162 0.8141 0.1734 0.6900 0.6388 0.3785 0.6039
194 195 196 0.2188 0.8144 0.8437 0.5618 0.8881 0.1322 0.7700 0.2472
195 196 197 0.7664 0.1931 0.0367 0.3785 0.5607 0.0953 0.7348 0.8734
196 197 198 0.5210 0.7963 0.0705 0.7030 0.4022 0.0273 0.2312 0.1276
197 198 199 0.4245 0.8695 0.9491 0.1429 0.6060 0.0759 0.9400 0.4361
198 199 200 0.3318 0.9632 0.0271 0.7911 0.9502 0.2246 0.4667 0.2644
199 200 201 0.9826 0.8675 0.8414 0.3508 0.5124 0.9664 0.4392 0.9850
200 201 202 0.2661 0.1324 0.3089 0.8453 0.4363 0.4156 0.0527 0.1248
201 202 203 0.1629 0.4161 0.5309 0.1464 0.4612 0.6298 0.8170 0.1312
202 203 204 0.2731 0.1354 0.4209 0.8058 0.3599 0.0587 0.4273 0.6487
203 204 205 0.1923 0.1403 0.0803 0.8481 0.6558 0.9668 0.7435 0.3152
204 205 206 0.7547 0.0758 0.1110 0.3132 0.8806 0.0159 0.8946 0.5767
205 206 207 0.3056 0.7594 0.8377 0.8801 0.0386 0.2693 0.0704 0.8385
206 207 208 0.2444 0.1232 0.2458 0.6720 0.1778 0.6610 0.1232 0.9488
207 208 209 0.8250 0.1553 0.4619 0.1112 0.3841 0.4495 0.1653 0.4288
208 209 210 0.0366 0.3467 0.6355 0.6179 0.0151 0.0570 0.5606 0.7532
209 210 211 0.5687 0.3347 0.6858 0.0589 0.8696 0.3227 0.1042 0.7835
210 211 212 0.8828 0.9389 0.0385 0.8300 0.7677 0.8407 0.7304 0.0039
211 212 213 0.9278 0.1910 0.5956 0.0560 0.4919 0.7067 0.8906 0.4432
212 213 214 0.2014 0.0314 0.1074 0.4806 0.8680 0.5790 0.0854 0.6765
213 214 215 0.9717 0.8905 0.4787 0.3242 0.1560 0.5535 0.1312 0.2687
214 215 216 0.4088 0.8517 0.3102 0.6447 0.9583 0.1680 0.3362 0.0429
215 216 217 0.0419 0.4511 0.3870 0.4079 0.8458 0.0842 0.1923 0.3494
216 217 218 0.3750 0.6009 0.9372 0.3083 0.6142 0.7140 0.8812 0.2069
217 218 219 0.0299 0.1673 0.5106 0.4842 0.5679 0.3537 0.9512 0.1451
218 219 220 0.4169 0.1783 0.6102 0.8698 0.0075 0.6967 0.3322 0.0874
219 220 221 0.3721 0.6645 0.8432 0.0426 0.0248 0.0480 0.4124 0.2421
220 221 222 0.1120 0.6019 0.3608 0.2192 0.2478 0.7000 0.5053 0.8314
221 222 223 0.3609 0.3156 0.9977 0.4137 0.4245 0.4184 0.9899 0.3381
222 223 224 0.5282 0.7597 0.2969 0.8434 0.3301 0.1506 0.9700 0.3280
223 224 225 0.0065 0.3422 0.4966 0.8268 0.0426 0.7944 0.1808 0.6890
224 225 226 0.4954 0.8989 0.8120 0.6631 0.5896 0.1284 0.6920 0.2721
225 226 227 0.0981 0.3530 0.2761 0.7763 0.0501 0.4295 0.1302 0.2427
226 227 228 0.2513 0.2721 0.9204 0.2643 0.2447 0.7743 0.9157 0.6383
227 228 229 0.3413 0.6106 0.3077 0.4421 0.2658 0.9695 0.1789 0.5768
228 229 230 0.9795 0.8656 0.5830 0.8485 0.2792 0.8128 0.1686 0.3747
229 230 231 0.9004 0.1940 0.0841 0.2256 0.9312 0.9880 0.9387 0.8561
230 231 232 0.7023 0.8741 0.6189 0.4629 0.5272 0.3032 0.7443 0.0536
231 232 233 0.6823 0.1363 0.3648 0.0174 0.3754 0.4800 0.5853 0.5641
232 233 234 0.8941 0.5163 0.7075 0.9629 0.0337 0.2857 0.6972 0.9098
233 234 235 0.2720 0.8367 0.2115 0.0866 0.2915 0.6791 0.9276 0.5183
234 235 236 0.9695 0.5529 0.3606 0.2410 0.5637 0.6918 0.8113 0.8827
235 236 237 0.8646 0.5099 0.0398 0.4209 0.3703 0.2707 0.8365 0.8413
236 237 238 0.4668 0.8847 0.4834 0.7550 0.8817 0.7404 0.0519 0.2977
237 238 239 0.0086 0.8715 0.5157 0.2046 0.6837 0.2497 0.1228 0.0126
238 239 240 0.5791 0.4159 0.4056 0.3070 0.1774 0.4284 0.4499 0.8973
239 240 241 0.3400 0.2090 0.8466 0.2662 0.7409 0.2529 0.1542 0.4719
240 241 242 0.6611 0.8954 0.0758 0.0630 0.8810 0.1522 0.0949 0.1441
241 242 243 0.0950 0.2168 0.5438 0.6895 0.9246 0.2954 0.1934 0.2349
242 243 244 0.1969 0.6030 0.6598 0.3249 0.4272 0.5671 0.4567 0.4964
243 244 245 0.1699 0.0016 0.1179 0.3551 0.7705 0.7497 0.5586 0.5168
244 245 246 0.3076 0.1041 0.9938 0.1704 0.8736 0.1506 0.7638 0.1803
245 246 247 0.3935 0.4494 0.1984 0.8970 0.1934 0.3890 0.4714 0.9694
246 247 248 0.8292 0.8464 0.2204 0.1820 0.6406 0.3434 0.7709 0.2786
247 248 249 0.4162 0.2132 0.4801 0.3081 0.5825 0.7170 0.1233 0.6675
248 249 250 0.7429 0.6829 0.8755 0.4556 0.1962 0.6419 0.0911 0.5546
249 250 251 0.4449 0.4439 0.4998 0.7247 0.6711 0.4336 0.4143 0.2749
250 251 252 0.3845 0.2808 0.1806 0.3942 0.9484 0.1008 0.1279 0.2534
251 252 253 0.5827 0.1971 0.3908 0.3172 0.7804 0.9300 0.5635 0.4035
252 253 254 0.1752 0.5348 0.1221 0.3245 0.1187 0.2956 0.0187 0.0114
253 254 255 0.4561 0.7278 0.1827 0.4674 0.8675 0.9671 0.1103 0.8235
254 255 256 0.5548 0.8611 0.8926 0.6838 0.4590 0.8030 0.9587 0.9197
255 256 257 0.6166 0.8666 0.5464 0.8468 0.6435 0.2152 0.0768 0.3797
256 257 258 0.4100 0.0704 0.1170 0.0920 0.1993 0.9468 0.2101 0.8100
257 258 259 0.3702 0.7806 0.5616 0.9223 0.4833 0.6832 0.3022 0.9048
258 259 260 0.6794 0.5150 0.3784 0.7769 0.7028 0.5504 0.4856 0.5373
259 260 261 0.6442 0.5728 0.2213 0.3597 0.2438 0.5227 0.4643 0.7111
260 261 262 0.3813 0.3664 0.0980 0.9262 0.6492 0.2635 0.5163 0.2832
261 262 263 0.0184 0.3001 0.8543 0.7809 0.8129 0.9787 0.5146 0.7548
262 263 264 0.4910 0.7581 0.1635 0.5151 0.8481 0.6095 0.3217 0.0250
263 264 265 0.8361 0.0387 0.8483 0.3115 0.5053 0.8616 0.4849 0.4031
264 265 266 0.1090 0.8052 0.0355 0.0350 0.4736 0.7743 0.3197 0.5768
265 266 267 0.8632 0.6788 0.3755 0.9257 0.9848 0.1126 0.9850 0.3617
266 267 268 0.5895 0.6428 0.0241 0.3075 0.5965 0.2189 0.9604 0.1945
267 268 269 0.5434 0.8869 0.4131 0.2165 0.0952 0.1523 0.3181 0.5898
268 269 270 0.8970 0.6111 0.2213 0.1668 0.1669 0.6351 0.3352 0.7183
269 270 271 0.4354 0.7282 0.6693 0.2844 0.2139 0.3575 0.8928 0.1508
270 271 272 0.0013 0.4504 0.0311 0.9222 0.0119 0.5663 0.1180 0.5589
271 272 273 0.2261 0.6935 0.9662 0.1640 0.5043 0.5816 0.1952 0.3566
272 273 274 0.7791 0.0513 0.9000 0.1071 0.8277 0.1578 0.2415 0.5678
273 274 275 0.5968 0.4715 0.9105 0.6360 0.3331 0.5024 0.7330 0.0976
274 275 276 0.8764 0.6670 0.8652 0.6541 0.3459 0.7835 0.5218 0.6118
275 276 277 0.8046 0.6204 0.7460 0.2457 0.1943 0.4406 0.6123 0.7055
276 277 278 0.5105 0.9372 0.6080 0.0626 0.8970 0.5203 0.9606 0.8461
277 278 000 0.0623 0.5102 0.2932 0.1801 0.1848 0.5446 0.9445 0.2926
278 000 001 0.4717 0.0348 0.4918 0.0091 0.1144 0.7648 0.5413 0.5368
