279 155682 3 279
000 001 002 0.2177 0.3271 0.2833 0.7779 0.2532 0.1988 0.2065 0.8522
001 002 003 0.9376 0.8109 0.7114 0.7563 0.7938 0.0843 0.9168 0.7851
002 003 004 0.8182 0.0993 0.6925 0.9320 0.7116 0.9736 0.0082 0.9880
003 004 005 0.7133 0.0950 0.6096 0.1409 0.3954 0.9995 0.1489 0.2683
004 005 006 0.8094 0.0299 0.3960 0.1567 0.9139 0.0126 0.5781 0.1964
005 006 007 0.1006 0.7132 0.8972 0.2849 0.6435 0.8820 0.9403 0.6000
006 007 008 0.0940 0.8772 0.0619 0.9319 0.6272 0.6085 0.6822 0.2143
007 008 009 0.7181 0.8712 0.5835 0.2529 0.0487 0.0903 0.1167 0.6824
008 009 010 0.3287 0.3953 0.7125 0.1092 0.3460 0.7481 0.6944 0.0319
009 010 011 0.3084 0.9564 0.7002 0.7874 0.1713 0.2861 0.0349 0.9244
010 011 012 0.1287 0.9768 0.5077 0.3366 0.6084 0.1188 0.6508 0.3622
011 012 013 0.9597 0.4557 0.0325 0.3866 0.9859 0.5850 0.5880 0.8779
012 013 014 0.6968 0.5852 0.1890 0.5072 0.1265 0.9431 0.8834 0.5264
013 014 015 0.3799 0.0141 0.1898 0.2405 0.2363 0.6820 0.8072 0.3770
014 015 016 0.9064 0.7881 0.6593 0.1140 0.6554 0.2273 0.4053 0.8169
015 016 017 0.0106 0.2672 0.0089 0.9701 0.8472 0.5049 0.6953 0.8161
016 017 018 0.7527 0.2474 0.7956 0.4227 0.3613 0.8901 0.2243 0.4369
017 018 019 0.8024 0.9735 0.9911 0.7639 0.3229 0.5918 0.1419 0.3444
018 019 020 0.4502 0.1484 0.0023 0.9196 0.9154 0.8821 0.4598 0.0954
019 020 021 0.9148 0.9554 0.3033 0.8140 0.2500 0.6133 0.4125 0.2224
020 021 022 0.0229 0.4648 0.2871 0.8149 0.3875 0.9715 0.1826 0.0254
021 022 023 0.1201 0.5987 0.0317 0.5925 0.9899 0.4439 0.9276 0.6164
022 023 024 0.5344 0.2839 0.9274 0.5850 0.5401 0.1532 0.0788 0.9976
023 024 025 0.1831 0.9887 0.8355 0.2209 0.3584 0.7365 0.4891 0.0179
024 025 026 0.5016 0.2019 0.7923 0.3042 0.8952 0.5085 0.4235 0.6011
025 026 027 0.4370 0.4884 0.1966 0.8405 0.6400 0.3583 0.3323 0.9730
026 027 028 0.2651 0.8678 0.9041 0.2741 0.1902 0.2319 0.7769 0.0518
027 028 029 0.8110 0.0186 0.9920 0.6565 0.7018 0.7747 0.3707 0.8607
028 029 030 0.8174 0.7075 0.3539 0.0395 0.5784 0.2988 0.3594 0.6963
029 030 031 0.2580 0.7352 0.8870 0.6191 0.1923 0.4909 0.9731 0.7727
030 031 032 0.9145 0.1186 0.5432 0.9242 0.0878 0.9102 0.9266 0.7826
031 032 033 0.3804 0.6420 0.3211 0.6887 0.0862 0.4667 0.9575 0.2123
032 033 034 0.4554 0.6268 0.5604 0.0630 0.5304 0.4737 0.2176 0.8626
033 034 035 0.0919 0.3239 0.5951 0.3730 0.1723 0.5224 0.3972 0.8294
034 035 036 0.7207 0.0537 0.0426 0.6701 0.5757 0.4325 0.9527 0.0363
035 036 037 0.6345 0.3665 0.8189 0.1220 0.7180 0.4272 0.2386 0.9614
036 037 038 0.4033 0.1010 0.6910 0.3899 0.1764 0.5403 0.2773 0.2428
037 038 039 0.4621 0.0949 0.6024 0.2444 0.3387 0.9160 0.8113 0.9601
038 039 040 0.7440 0.5999 0.2814 0.0742 0.3776 0.8945 0.3390 0.9889
039 040 041 0.4258 0.8404 0.9695 0.5492 0.6655 0.8844 0.2352 0.3704
040 041 042 0.8166 0.5166 0.6207 0.3651 0.6894 0.0795 0.9106 0.1300
041 042 043 0.9374 0.4136 0.2669 0.8729 0.6088 0.6947 0.0141 0.0133
042 043 044 0.3564 0.8430 0.0826 0.4972 0.7331 0.5811 0.4517 0.5592
043 044 045 0.1264 0.3865 0.1481 0.0111 0.5388 0.5856 0.0896 0.7766
044 045 046 0.9029 0.5619 0.2408 0.8034 0.5292 0.8670 0.1232 0.4217
045 046 047 0.8522 0.2236 0.9763 0.9775 0.7092 0.0436 0.5341 0.0578
046 047 048 0.4565 0.1900 0.8485 0.7296 0.4854 0.2700 0.5172 0.6516
047 048 049 0.1731 0.6812 0.4118 0.9481 0.5082 0.6879 0.4410 0.4647
048 049 050 0.1168 0.4176 0.2003 0.1223 0.0894 0.2668 0.9398 0.3708
049 050 051 0.5562 0.7329 0.2563 0.8102 0.2905 0.9000 0.2224 0.3471
050 051 052 0.4727 0.3747 0.5993 0.5426 0.9614 0.4361 0.7389 0.0057
051 052 053 0.0289 0.5642 0.5872 0.5406 0.7697 0.9816 0.1687 0.2169
052 053 054 0.6303 0.9681 0.5725 0.7704 0.1090 0.5153 0.5673 0.2379
053 054 055 0.5128 0.1486 0.4138 0.8976 0.0196 0.0578 0.3681 0.0894
054 055 056 0.1756 0.3037 0.2245 0.4144 0.2051 0.7929 0.5971 0.7088
055 056 057 0.8305 0.2125 0.1394 0.4887 0.0551 0.2076 0.8731 0.8660
056 057 058 0.9688 0.6366 0.8670 0.9440 0.6607 0.5662 0.8632 0.6211
057 058 059 0.4730 0.1930 0.3879 0.2152 0.9275 0.2000 0.7704 0.1948
058 059 060 0.1523 0.1935 0.6502 0.2685 0.5597 0.4762 0.1544 0.2859
059 060 061 0.0920 0.5594 0.7466 0.4742 0.5778 0.8455 0.7950 0.9520
060 061 062 0.3787 0.5634 0.8240 0.5760 0.7819 0.7835 0.5540 0.7989
061 062 063 0.5251 0.0426 0.0654 0.5374 0.5039 0.6536 0.4448 0.3155
062 063 064 0.3787 0.6082 0.2040 0.6486 0.9243 0.3266 0.2773 0.4736
063 064 065 0.9559 0.8084 0.5599 0.9577 0.7698 0.5824 0.5564 0.2612
064 065 066 0.5697 0.1120 0.6636 0.7528 0.4383 0.8020 0.8922 0.0268
065 066 067 0.2346 0.3731 0.1264 0.9154 0.9655 0.5862 0.7090 0.8871
066 067 068 0.4231 0.9096 0.0416 0.9028 0.8488 0.1467 0.7283 0.7530
067 068 069 0.2352 0.4635 0.8978 0.4317 0.9734 0.6004 0.7999 0.8331
068 069 070 0.0673 0.4777 0.8285 0.9206 0.9223 0.7913 0.6592 0.3214
069 070 071 0.3787 0.9566 0.5079 0.7422 0.5554 0.2094 0.5915 0.1622
070 071 072 0.6616 0.1366 0.3764 0.5643 0.7345 0.2444 0.4012 0.8615
071 072 073 0.7677 0.0888 0.9245 0.2031 0.6575 0.2309 0.2574 0.1240
072 073 074 0.8647 0.1210 0.8941 0.2541 0.1435 0.1770 0.8141 0.5207
073 074 075 0.1776 0.9443 0.0913 0.2375 0.7475 0.0270 0.1811 0.5735
074 075 076 0.0286 0.9576 0.8269 0.1224 0.7387 0.4739 0.0407 0.5003
075 076 077 0.3272 0.9619 0.3907 0.4955 0.6368 0.5349 0.5747 0.8933
076 077 078 0.4790 0.6144 0.2709 0.6984 0.9484 0.7844 0.6388 0.9174
077 078 079 0.9429 0.7780 0.4956 0.4189 0.0179 0.2770 0.0300 0.6091
078 079 080 0.8923 0.6624 0.1057 0.7258 0.1299 0.2197 0.3817 0.4906
079 080 081 0.3348 0.8611 0.8769 0.6059 0.3403 0.0935 0.0518 0.3911
080 081 082 0.9530 0.7345 0.8930 0.0182 0.1954 0.9817 0.7691 0.7983
081 082 083 0.6767 0.9889 0.6382 0.3068 0.6894 0.2785 0.8287 0.9405
082 083 084 0.9815 0.7641 0.7606 0.1681 0.7441 0.3089 0.5741 0.0001
083 084 085 0.3027 0.5218 0.0166 0.3278 0.9298 0.1844 0.2012 0.8761
084 085 086 0.7881 0.2868 0.8358 0.1964 0.3438 0.0337 0.0963 0.8849
085 086 087 0.8369 0.1811 0.3744 0.1786 0.4721 0.2795 0.5929 0.2645
086 087 088 0.8074 0.2285 0.7839 0.2291 0.1177 0.5915 0.7669 0.0291
087 088 089 0.5895 0.3329 0.5447 0.8810 0.3510 0.4598 0.4111 0.1439
088 089 090 0.3454 0.3427 0.4214 0.1265 0.6700 0.3399 0.8732 0.4818
089 090 091 0.4865 0.5429 0.1529 0.4102 0.7786 0.8772 0.2462 0.6154
090 091 092 0.4972 0.4118 0.8093 0.7110 0.6430 0.5044 0.2909 0.1330
091 092 093 0.7458 0.4252 0.2649 0.9649 0.8508 0.0166 0.5298 0.3096
092 093 094 0.3896 0.0005 0.1008 0.2530 0.0929 0.6067 0.0538 0.6247
093 094 095 0.7495 0.5623 0.6151 0.5858 0.2607 0.1251 0.0764 0.8429
094 095 096 0.7726 0.5694 0.2874 0.6309 0.2223 0.3651 0.1083 0.3741
095 096 097 0.5471 0.1608 0.7908 0.9711 0.4833 0.9212 0.6701 0.5279
096 097 098 0.3364 0.5494 0.4958 0.2551 0.5551 0.8577 0.1439 0.9043
097 098 099 0.9107 0.8421 0.7445 0.0713 0.1329 0.0135 0.6196 0.6036
098 099 100 0.2570 0.8849 0.5475 0.3411 0.3049 0.9498 0.7171 0.8028
099 100 101 0.7418 0.2218 0.5713 0.3836 0.5725 0.3543 0.8236 0.6620
100 101 102 0.4562 0.0730 0.4713 0.1177 0.8484 0.2657 0.0606 0.5271
101 102 103 0.5380 0.9922 0.3280 0.5695 0.8413 0.9161 0.8354 0.8829
102 103 104 0.5562 0.0030 0.5419 0.1020 0.3330 0.9370 0.1940 0.6714
103 104 105 0.5784 0.1369 0.6563 0.6961 0.7317 0.5435 0.7877 0.0344
104 105 106 0.8242 0.8051 0.4492 0.0230 0.9160 0.1607 0.2351 0.3007
105 106 107 0.2579 0.2630 0.0697 0.4918 0.0217 0.9355 0.7526 0.1813
106 107 108 0.1242 0.0434 0.1720 0.7874 0.1349 0.9538 0.3400 0.2644
107 108 109 0.9859 0.1859 0.5925 0.1747 0.2587 0.1406 0.6673 0.7604
108 109 110 0.9897 0.4258 0.7079 0.1390 0.8418 0.3577 0.3786 0.0745
109 110 111 0.2098 0.4086 0.9192 0.5056 0.2525 0.5804 0.0522 0.1334
110 111 112 0.7147 0.4272 0.5217 0.2246 0.5739 0.1915 0.6197 0.6151
111 112 113 0.5865 0.9614 0.4498 0.0691 0.9351 0.6023 0.9030 0.8735
112 113 114 0.3568 0.6074 0.1710 0.5621 0.5709 0.5249 0.3554 0.9800
113 114 115 0.4516 0.6050 0.3089 0.6859 0.3193 0.5234 0.8163 0.4918
114 115 116 0.2794 0.4873 0.5924 0.8008 0.7460 0.4541 0.4326 0.5505
115 116 117 0.2889 0.4061 0.0598 0.6205 0.5797 0.3794 0.3265 0.1289
116 117 118 0.9742 0.9910 0.1604 0.1181 0.1140 0.2848 0.5822 0.7115
117 118 119 0.3816 0.7261 0.7180 0.9339 0.2670 0.8532 0.2048 0.3344
118 119 120 0.0267 0.9824 0.2282 0.8229 0.9738 0.3315 0.7954 0.7499
119 120 121 0.2974 0.0304 0.5231 0.2916 0.9282 0.7690 0.0119 0.1415
120 121 122 0.9528 0.7315 0.6039 0.0661 0.7968 0.5385 0.1098 0.2409
121 122 123 0.9333 0.7412 0.1783 0.2849 0.5070 0.8733 0.4758 0.7066
122 123 124 0.3451 0.7442 0.3719 0.3119 0.2264 0.0030 0.4818 0.7783
123 124 125 0.1831 0.6226 0.9071 0.3975 0.5287 0.0956 0.3484 0.2631
124 125 126 0.8154 0.8763 0.1937 0.7371 0.6106 0.2937 0.3599 0.2173
125 126 127 0.0203 0.1407 0.5016 0.8058 0.0880 0.1492 0.2007 0.1605
126 127 128 0.6591 0.4346 0.0318 0.7804 0.0910 0.0905 0.6676 0.4769
127 128 129 0.1135 0.2346 0.7769 0.5513 0.2376 0.8249 0.2567 0.7819
128 129 130 0.6881 0.0935 0.4504 0.2345 0.0207 0.7663 0.2991 0.6842
129 130 131 0.3911 0.8788 0.8923 0.6722 0.8284 0.9965 0.8057 0.6967
130 131 132 0.1039 0.8758 0.4296 0.3778 0.4522 0.8189 0.0077 0.6103
131 132 133 0.6366 0.4141 0.7468 0.5849 0.3709 0.6371 0.7666 0.2831
132 133 134 0.9518 0.1713 0.6217 0.2549 0.1825 0.7733 0.3010 0.8150
133 134 135 0.6591 0.4014 0.9608 0.0408 0.5369 0.5877 0.0616 0.9116
134 135 136 0.7620 0.6728 0.0457 0.1132 0.9665 0.6002 0.1939 0.1233
135 136 137 0.2796 0.3049 0.8260 0.4518 0.9446 0.9595 0.9199 0.7996
136 137 138 0.2132 0.4689 0.6359 0.0604 0.1899 0.9188 0.5315 0.4290
137 138 139 0.6184 0.2119 0.0176 0.6076 0.3210 0.3098 0.2587 0.2237
138 139 140 0.1903 0.9358 0.6383 0.7935 0.7299 0.5477 0.2223 0.5980
139 140 141 0.5784 0.8153 0.0783 0.4788 0.4571 0.9859 0.0007 0.6276
140 141 142 0.7673 0.4003 0.9708 0.7325 0.6368 0.5780 0.9020 0.1804
141 142 143 0.1359 0.1723 0.4399 0.7147 0.0755 0.1577 0.7125 0.9265
142 143 144 0.2438 0.7377 0.0313 0.8881 0.4422 0.8402 0.3551 0.1463
143 144 145 0.2252 0.5376 0.1992 0.8673 0.3831 0.9699 0.0642 0.1060
144 145 146 0.5790 0.5810 0.5689 0.3950 0.7704 0.2144 0.9750 0.2876
145 146 147 0.5497 0.2434 0.8517 0.8880 0.0801 0.1810 0.7274 0.8348
146 147 148 0.2972 0.0877 0.1088 0.7284 0.9762 0.5375 0.7972 0.2183
147 148 149 0.8066 0.3851 0.2344 0.9924 0.4133 0.1329 0.8132 0.0212
148 149 150 0.0666 0.1444 0.6892 0.2447 0.0647 0.8274 0.8200 0.2642
149 150 151 0.5984 0.5012 0.9572 0.7876 0.9643 0.1965 0.7909 0.4237
150 151 152 0.1225 0.1330 0.8543 0.4981 0.8419 0.4116 0.7633 0.4589
151 152 153 0.4981 0.8399 0.5284 0.1870 0.3033 0.4555 0.6712 0.6951
152 153 154 0.0524 0.6320 0.0638 0.4100 0.8414 0.7631 0.4430 0.7610
153 154 155 0.3559 0.4173 0.2358 0.0430 0.8631 0.1693 0.0075 0.5242
154 155 156 0.3865 0.2144 0.0189 0.2355 0.8369 0.1194 0.9438 0.0559
155 156 157 0.5665 0.7419 0.5215 0.4958 0.8349 0.2295 0.9458 0.7669
156 157 158 0.1977 0.8407 0.1494 0.5239 0.9431 0.2467 0.2139 0.0923
157 158 159 0.4625 0.1260 0.6394 0.8293 0.5942 0.8756 0.0136 0.5564
158 159 160 0.7552 0.8932 0.9336 0.3862 0.6461 0.2598 0.3411 0.5548
159 160 161 0.9672 0.5618 0.5308 0.4838 0.3934 0.6620 0.5685 0.1888
160 161 162 0.2036 0.0154 0.2636 0.7418 0.4262 0.1546 0.1305 0.7648
161 162 163 0.1085 0.6807 0.3206 0.5082 0.2343 0.1448 0.3177 0.5027
162 163 164 0.3304 0.4932 0.7506 0.9027 0.4286 0.2890 0.3305 0.4788
163 164 165 0.0744 0.3854 0.3656 0.6581 0.6038 0.9762 0.3154 0.9573
164 165 166 0.8818 0.4423 0.4422 0.3167 0.8673 0.8699 0.4374 0.1180
165 166 167 0.3685 0.4195 0.8537 0.9954 0.7647 0.1789 0.4678 0.9329
166 167 168 0.4767 0.1585 0.4504 0.9335 0.0555 0.1052 0.1413 0.8939
167 168 169 0.8272 0.5660 0.3988 0.7259 0.5642 0.2519 0.9319 0.4278
168 169 170 0.9454 0.5715 0.7143 0.7487 0.5697 0.6902 0.3042 0.3657
169 170 171 0.0285 0.3045 0.9360 0.0580 0.6631 0.9942 0.5557 0.9445
170 171 172 0.7638 0.2559 0.2669 0.0052 0.2903 0.9352 0.1197 0.0133
171 172 173 0.9806 0.2355 0.3091 0.5244 0.5346 0.6537 0.9952 0.9107
172 173 174 0.7296 0.9177 0.3489 0.4984 0.8929 0.8069 0.6690 0.5838
173 174 175 0.3933 0.7962 0.5109 0.7942 0.5289 0.9983 0.9250 0.8888
174 175 176 0.2490 0.8564 0.6755 0.0942 0.7615 0.2388 0.9221 0.7632
175 176 177 0.7337 0.9175 0.6072 0.4933 0.1672 0.8964 0.5804 0.0949
176 177 178 0.2181 0.9243 0.2421 0.1379 0.5823 0.5103 0.0868 0.9600
177 178 179 0.1781 0.2895 0.2942 0.9149 0.7544 0.2564 0.4694 0.8489
178 179 180 0.5291 0.1937 0.5290 0.7561 0.6167 0.3248 0.5029 0.8287
179 180 181 0.2690 0.0827 0.6922 0.8217 0.7792 0.5056 0.4060 0.1661
180 181 182 0.4352 0.0574 0.9952 0.3039 0.4743 0.0632 0.6608 0.8569
181 182 183 0.3601 0.9117 0.5162 0.8483 0.8219 0.9867 0.7231 0.3765
182 183 184 0.5522 0.0927 0.7602 0.5000 0.3063 0.6586 0.2969 0.8808
183 184 185 0.1122 0.9588 0.7265 0.0506 0.3949 0.1154 0.7323 0.3916
184 185 186 0.4307 0.0650 0.5363 0.5032 0.9004 0.4985 0.1105 0.3722
185 186 187 0.4819 0.0005 0.0440 0.5118 0.5240 0.1310 0.1761 0.7789
186 187 188 0.0873 0.1354 0.7213 0.2168 0.3016 0.7323 0.7108 0.7805
187 188 189 0.2275 0.8962 0.5892 0.6518 0.7954 0.8345 0.5037 0.4882
188 189 190 0.2094 0.7677 0.6755 0.8241 0.0521 0.7312 0.6351 0.5361
189 190 191 0.0718 0.7505 0.7963 0.3169 0.6691 0.7728 0.9987 0.0206
190 191 192 0.6058 0.8240 0.7880 0.7839 0.8643 0.7633 0.5095 0.9806
191 192 193 0.6748 0.7824 0.7698 0.9783 0.7502 0.9416 0.9496 0.0155
192 193 194 0.5585 0.5395 0.0564 0.3539 0.3424 0.5689 0.9742 0.2911
193 194 195 0.9914 0.8704 0.8583 0.4223 0.1043 0.6435 0.1666 0.0843
194 195 196 0.1363 0.1661 0.5001 0.2588 0.9183 0.4710 0.8846 0.4982
195 196 197 0.0185 0.9372 0.4217 0.8730 0.4581 0.3928 0.0322 0.0186
196 197 198 0.6978 0.3256 0.9215 0.2818 0.4935 0.7166 0.5220 0.5018
197 198 199 0.5765 0.7461 0.8121 0.4229 0.4871 0.3750 0.2659 0.2981
198 199 200 0.0764 0.6396 0.6092 0.1014 0.4541 0.8831 0.1658 0.0151
199 200 201 0.0664 0.4504 0.6353 0.4287 0.9118 0.2526 0.5923 0.8711
200 201 202 0.6200 0.3377 0.8556 0.0400 0.8533 0.5461 0.3093 0.1413
201 202 203 0.8743 0.3602 0.8114 0.1884 0.2805 0.6127 0.6297 0.0852
202 203 204 0.1837 0.1501 0.5653 0.8445 0.1794 0.5122 0.8823 0.0383
203 204 205 0.3824 0.5112 0.3509 0.1000 0.6699 0.4722 0.2706 0.0560
204 205 206 0.1064 0.6179 0.3687 0.8240 0.7150 0.7476 0.7080 0.4315
205 206 207 0.6898 0.9643 0.9403 0.3486 0.5341 0.7398 0.5099 0.4164
206 207 208 0.4542 0.4823 0.0145 0.6927 0.5534 0.8987 0.2818 0.9312
207 208 209 0.2185 0.8085 0.8891 0.6420 0.2891 0.6908 0.1256 0.7278
208 209 210 0.4904 0.7820 0.7794 0.0517 0.0290 0.8052 0.4519 0.1074
209 210 211 0.6932 0.6703 0.6180 0.3913 0.5181 0.9916 0.0592 0.6521
210 211 212 0.4520 0.0905 0.2293 0.5992 0.2695 0.4327 0.2720 0.4459
211 212 213 0.8128 0.0261 0.6513 0.8460 0.5392 0.0782 0.1217 0.7330
212 213 214 0.8903 0.7082 0.2218 0.6417 0.8190 0.1145 0.6640 0.6629
213 214 215 0.6235 0.6463 0.0137 0.6509 0.4778 0.1678 0.4262 0.1130
214 215 216 0.6709 0.3609 0.6549 0.0971 0.1777 0.9119 0.4207 0.1626
215 216 217 0.1797 0.6936 0.9840 0.3008 0.2387 0.1086 0.0089 0.6370
216 217 218 0.1012 0.8184 0.5089 0.2765 0.0310 0.6443 0.7587 0.7489
217 218 219 0.4426 0.7044 0.5150 0.7684 0.5630 0.1063 0.7177 0.8003
218 219 220 0.7185 0.0831 0.6050 0.5436 0.9974 0.2393 0.7416 0.2560
219 220 221 0.1109 0.0405 0.1940 0.6456 0.7627 0.4788 0.1537 0.7315
220 221 222 0.4878 0.8037 0.1200 0.6633 0.3470 0.6052 0.7737 0.1115
221 222 223 0.8748 0.2254 0.3733 0.1860 0.4357 0.2216 0.1825 0.7258
222 223 224 0.7649 0.8562 0.1229 0.2407 0.0467 0.0577 0.8129 0.6373
223 224 225 0.9766 0.5716 0.9034 0.8576 0.9577 0.2822 0.0473 0.2585
224 225 226 0.5661 0.9355 0.3337 0.2349 0.2514 0.1105 0.3617 0.2033
225 226 227 0.2765 0.2176 0.6630 0.8321 0.7906 0.1182 0.4204 0.7116
226 227 228 0.9564 0.9115 0.2682 0.0395 0.6269 0.4641 0.8821 0.2785
227 228 229 0.9666 0.9957 0.6932 0.8271 0.7857 0.3262 0.8715 0.1655
228 229 230 0.7345 0.3607 0.2537 0.7082 0.1875 0.6468 0.8128 0.1470
229 230 231 0.8916 0.7536 0.0916 0.9243 0.0732 0.5327 0.7565 0.6702
230 231 232 0.1528 0.3545 0.5964 0.8275 0.2017 0.6339 0.3500 0.6828
231 232 233 0.5565 0.9710 0.3054 0.2835 0.7402 0.7454 0.1650 0.4944
232 233 234 0.7712 0.3538 0.1665 0.4168 0.3106 0.6786 0.4569 0.1042
233 234 235 0.0124 0.3149 0.9723 0.3812 0.9940 0.9324 0.8664 0.8943
234 235 236 0.4302 0.1130 0.6034 0.5528 0.9698 0.0285 0.8778 0.3785
235 236 237 0.2798 0.5443 0.3860 0.8802 0.7454 0.4160 0.0926 0.6889
236 237 238 0.1601 0.5068 0.6708 0.5909 0.2800 0.5671 0.4223 0.5921
237 238 239 0.7596 0.9011 0.1971 0.8006 0.3245 0.3524 0.7283 0.3457
238 239 240 0.4833 0.2837 0.1055 0.3499 0.4941 0.0825 0.8511 0.5086
239 240 241 0.6665 0.6619 0.8937 0.5424 0.4719 0.4656 0.5886 0.1203
240 241 242 0.0490 0.0781 0.1830 0.3905 0.9969 0.1133 0.3183 0.6204
241 242 243 0.5310 0.7160 0.9036 0.0754 0.8524 0.2004 0.4493 0.1679
242 243 244 0.6177 0.8545 0.6607 0.4250 0.4298 0.1802 0.5399 0.4569
243 244 245 0.6033 0.6271 0.6924 0.4933 0.5442 0.8223 0.5217 0.2524
244 245 246 0.2755 0.9487 0.6499 0.7698 0.2144 0.5381 0.3654 0.0650
245 246 247 0.0067 0.8179 0.1933 0.2083 0.6331 0.3878 0.7560 0.3269
246 247 248 0.3047 0.3099 0.2077 0.6580 0.2749 0.0131 0.9924 0.3045
247 248 249 0.1867 0.2237 0.4839 0.8297 0.9015 0.6585 0.5382 0.4581
248 249 250 0.4910 0.8212 0.2114 0.7483 0.0950 0.6471 0.1425 0.0324
249 250 251 0.3404 0.3279 0.9263 0.8041 0.1985 0.0820 0.1546 0.1989
250 251 252 0.0339 0.2155 0.5644 0.4804 0.5552 0.2792 0.5866 0.7292
251 252 253 0.0678 0.7807 0.6210 0.3373 0.9532 0.6094 0.2284 0.8768
252 253 254 0.2586 0.3925 0.0816 0.0070 0.3496 0.8130 0.8762 0.4517
253 254 255 0.5547 0.7141 0.4042 0.4657 0.2717 0.1839 0.4489 0.5049
254 255 256 0.1669 0.2397 0.9132 0.0382 0.7963 0.5337 0.1828 0.2672
255 256 257 0.3151 0.2643 0.4680 0.2562 0.9578 0.0875 0.6085 0.2636
256 257 258 0.3182 0.4568 0.8014 0.2792 0.2265 0.0963 0.5739 0.9439
257 258 259 0.3788 0.1040 0.1157 0.4486 0.4916 0.7959 0.8960 0.5094
258 259 260 0.2204 0.2099 0.8195 0.7908 0.7946 0.6457 0.8276 0.8254
259 260 261 0.7321 0.0293 0.5928 0.9867 0.4565 0.9320 0.1754 0.7701
260 261 262 0.9852 0.2376 0.9993 0.5513 0.2666 0.1695 0.8594 0.1696
261 262 263 0.7204 0.9095 0.9114 0.7537 0.7807 0.5990 0.6805 0.4064
262 263 264 0.6674 0.3625 0.2369 0.3080 0.2129 0.5719 0.5505 0.9502
263 264 265 0.1874 0.9238 0.0084 0.5305 0.8546 0.6495 0.5388 0.5470
264 265 266 0.3419 0.4140 0.4011 0.6987 0.5723 0.9723 0.4711 0.8010
265 266 267 0.3442 0.7033 0.3899 0.1328 0.5727 0.8963 0.7630 0.6864
266 267 268 0.3194 0.4735 0.9069 0.8809 0.1761 0.2773 0.8761 0.9856
267 268 269 0.7960 0.8139 0.0510 0.4006 0.6436 0.6889 0.6553 0.6758
268 269 270 0.2931 0.3757 0.2664 0.9903 0.3929 0.2410 0.1712 0.9230
269 270 271 0.6809 0.3745 0.6139 0.6671 0.7737 0.4798 0.8549 0.9173
270 271 272 0.4192 0.4692 0.5365 0.1507 0.4550 0.6441 0.5848 0.0609
271 272 273 0.0973 0.3977 0.7925 0.2456 0.0622 0.3433 0.3954 0.4428
272 273 274 0.2514 0.3390 0.0481 0.1322 0.6286 0.4698 0.4891 0.0867
273 274 275 0.7672 0.7241 0.5036 0.1291 0.2491 0.4389 0.6705 0.9377
274 275 276 0.6413 0.3742 0.6903 0.8057 0.5877 0.7769 0.9897 0.8831
275 276 277 0.7884 0.2700 0.5844 0.5390 0.9060 0.1587 0.4692 0.6083
276 277 278 0.9466 0.6687 0.9716 0.9850 0.9021 0.3065 0.6958 0.2618
277 278 000 0.7079 0.3681 0.9489 0.1507 0.0746 0.0964 0.2190 0.8741
278 000 001 0.6550 0.0416 0.9490 0.9781 0.6840 0.6889 0.2359 0.9632
