279 155682 3 279
000 001 002 0.0951 0.7504 0.2079 0.9110 0.9873 0.0029 0.8495 0.6532
001 002 003 0.7441 0.8219 0.6259 0.6504 0.3245 0.4264 0.5548 0.8473
002 003 004 0.8950 0.4576 0.8189 0.6176 0.6461 0.5703 0.5861 0.3407
003 004 005 0.9976 0.5637 0.0307 0.0970 0.2431 0.2856 0.7339 0.4079
004 005 006 0.6710 0.9689 0.0077 0.7765 0.7426 0.8970 0.5129 0.5589
005 006 007 0.2336 0.1862 0.1337 0.2971 0.8709 0.5303 0.3587 0.8968
006 007 008 0.6943 0.6221 0.8779 0.4876 0.0421 0.4662 0.0740 0.2899
007 008 009 0.4405 0.0122 0.6930 0.6351 0.3698 0.0704 0.7690 0.9097
008 009 010 0.8240 0.6255 0.0073 0.3411 0.6248 0.0899 0.6341 0.3039
009 010 011 0.4343 0.2848 0.5745 0.8747 0.1339 0.5463 0.5138 0.5389
010 011 012 0.7341 0.4542 0.4129 0.4347 0.0728 0.0861 0.2286 0.5132
011 012 013 0.9954 0.9401 0.0850 0.6245 0.1107 0.2049 0.7791 0.8140
012 013 014 0.5169 0.8612 0.4475 0.4118 0.6900 0.5286 0.5736 0.8913
013 014 015 0.6738 0.3302 0.3811 0.1897 0.2472 0.3758 0.9015 0.5432
014 015 016 0.7117 0.9385 0.9577 0.6617 0.1176 0.2424 0.2517 0.7706
015 016 017 0.1753 0.6382 0.0255 0.4834 0.6682 0.5925 0.7534 0.7014
016 017 018 0.3991 0.6831 0.2267 0.3774 0.1638 0.0119 0.3159 0.3679
017 018 019 0.9606 0.2674 0.2087 0.5064 0.8226 0.8620 0.5459 0.8577
018 019 020 0.9697 0.0990 0.7952 0.7537 0.7709 0.1908 0.6384 0.4790
019 020 021 0.3422 0.7497 0.2779 0.3194 0.2485 0.1894 0.9505 0.1135
020 021 022 0.9910 0.3066 0.5678 0.4687 0.3613 0.1048 0.0278 0.2176
021 022 023 0.6281 0.3254 0.0080 0.7793 0.5943 0.4517 0.3321 0.1987
022 023 024 0.0638 0.3510 0.6219 0.0566 0.5614 0.3806 0.1027 0.1501
023 024 025 0.7903 0.5818 0.1796 0.3246 0.0048 0.5839 0.4535 0.4705
024 025 026 0.3314 0.0237 0.7425 0.9803 0.2941 0.5530 0.5131 0.0727
025 026 027 0.4772 0.4637 0.4006 0.3036 0.1407 0.5359 0.3467 0.8664
026 027 028 0.1153 0.9776 0.4218 0.9908 0.4652 0.0784 0.5761 0.0737
027 028 029 0.6583 0.8081 0.7993 0.6233 0.3314 0.7310 0.4195 0.5004
028 029 030 0.5896 0.1536 0.5314 0.4690 0.6750 0.7588 0.4819 0.5470
029 030 031 0.5621 0.0208 0.2397 0.6610 0.2132 0.5260 0.0025 0.5155
030 031 032 0.1421 0.9651 0.1673 0.3352 0.7726 0.3118 0.3890 0.1878
031 032 033 0.9482 0.1009 0.4967 0.6905 0.4831 0.4237 0.7904 0.3679
032 033 034 0.1315 0.3561 0.6118 0.4579 0.3300 0.6246 0.2614 0.8664
033 034 035 0.2748 0.1362 0.7371 0.2836 0.8599 0.4652 0.2626 0.4489
034 035 036 0.7006 0.8071 0.8962 0.6591 0.2741 0.7598 0.0318 0.1990
035 036 037 0.8602 0.1777 0.0621 0.4329 0.5573 0.5374 0.8311 0.7765
036 037 038 0.7806 0.5772 0.4237 0.9437 0.3906 0.7060 0.6172 0.6299
037 038 039 0.8430 0.2696 0.0609 0.9204 0.9082 0.4075 0.2497 0.7416
038 039 040 0.0429 0.3035 0.1206 0.8287 0.0628 0.8763 0.2715 0.3476
039 040 041 0.0567 0.3379 0.9617 0.4914 0.5150 0.4840 0.9222 0.6761
040 041 042 0.9197 0.4698 0.7162 0.3799 0.8040 0.7871 0.7812 0.2079
041 042 043 0.2981 0.7567 0.0425 0.3677 0.9369 0.6722 0.0627 0.3124
042 043 044 0.8613 0.8438 0.0644 0.3893 0.3921 0.2290 0.2780 0.1306
043 044 045 0.0084 0.3716 0.1589 0.7966 0.1901 0.5798 0.6180 0.9701
044 045 046 0.7852 0.9387 0.2455 0.3923 0.1306 0.0511 0.8440 0.1702
045 046 047 0.8606 0.3438 0.1230 0.6765 0.1478 0.6680 0.6723 0.6227
046 047 048 0.7004 0.7731 0.1927 0.7029 0.6043 0.2481 0.5070 0.7665
047 048 049 0.8319 0.1363 0.2814 0.9447 0.9181 0.4476 0.8925 0.7080
048 049 050 0.5114 0.0226 0.5383 0.4424 0.8681 0.6077 0.4486 0.7978
049 050 051 0.5902 0.5413 0.5417 0.1395 0.7016 0.6755 0.4004 0.7960
050 051 052 0.5708 0.8217 0.6801 0.5740 0.7800 0.9291 0.4300 0.1800
051 052 053 0.3193 0.3491 0.1467 0.5799 0.6380 0.2738 0.6168 0.8940
052 053 054 0.9507 0.5078 0.3837 0.8129 0.3477 0.8380 0.9826 0.5069
053 054 055 0.5259 0.8614 0.5554 0.8630 0.2693 0.7166 0.3886 0.4500
054 055 056 0.4318 0.9725 0.6483 0.1465 0.4611 0.1097 0.0753 0.8274
055 056 057 0.3494 0.1660 0.7648 0.3837 0.9612 0.0383 0.5817 0.1350
056 057 058 0.1843 0.6867 0.8856 0.4347 0.4291 0.4113 0.2363 0.7288
057 058 059 0.9806 0.2773 0.4446 0.8286 0.7764 0.7519 0.8914 0.6691
058 059 060 0.7773 0.5790 0.9596 0.1945 0.5779 0.7093 0.5429 0.2756
059 060 061 0.8667 0.4033 0.2521 0.8124 0.7965 0.4967 0.5593 0.0988
060 061 062 0.2529 0.5659 0.3712 0.6425 0.9061 0.4464 0.7241 0.1320
061 062 063 0.5363 0.3740 0.3401 0.5721 0.3932 0.7236 0.8655 0.2079
062 063 064 0.2828 0.6145 0.6946 0.3422 0.6919 0.4564 0.8259 0.9106
063 064 065 0.5245 0.9316 0.6885 0.7240 0.0954 0.9573 0.5827 0.7862
064 065 066 0.4681 0.9580 0.8496 0.0444 0.8242 0.1874 0.0703 0.8921
065 066 067 0.0364 0.9959 0.3602 0.0901 0.4433 0.0879 0.5527 0.1830
066 067 068 0.2349 0.7794 0.5931 0.0506 0.7826 0.4884 0.1706 0.1920
067 068 069 0.9313 0.2071 0.6772 0.0965 0.7385 0.9330 0.1942 0.4255
068 069 070 0.7954 0.1527 0.6597 0.4998 0.0482 0.5236 0.4871 0.7129
069 070 071 0.5166 0.8838 0.4081 0.8927 0.7843 0.1681 0.3448 0.2814
070 071 072 0.1423 0.3893 0.1459 0.7946 0.8512 0.0482 0.7268 0.8695
071 072 073 0.9974 0.0704 0.1377 0.3031 0.1565 0.2657 0.0545 0.8682
072 073 074 0.1503 0.2072 0.8012 0.8697 0.4180 0.6958 0.1621 0.9617
073 074 075 0.1785 0.7880 0.5989 0.6255 0.5466 0.2109 0.0381 0.7372
074 075 076 0.4821 0.5971 0.8404 0.5682 0.6780 0.7570 0.2671 0.2957
075 076 077 0.1426 0.3753 0.3916 0.4511 0.6856 0.8911 0.4591 0.9328
076 077 078 0.1435 0.9087 0.8509 0.3058 0.4689 0.1061 0.7886 0.4172
077 078 079 0.8652 0.4244 0.4580 0.5620 0.2628 0.6108 0.1895 0.6758
078 079 080 0.7462 0.8649 0.8898 0.1674 0.2258 0.5438 0.9388 0.0254
079 080 081 0.2416 0.4958 0.1140 0.1330 0.6073 0.7426 0.6474 0.3208
080 081 082 0.7201 0.0145 0.8227 0.1146 0.0004 0.2117 0.0116 0.0284
081 082 083 0.3933 0.6627 0.1958 0.2787 0.9486 0.9169 0.5129 0.4149
082 083 084 0.3539 0.5529 0.7842 0.0325 0.5258 0.6028 0.4394 0.6951
083 084 085 0.0958 0.9680 0.6400 0.9105 0.5365 0.6723 0.5903 0.7062
084 085 086 0.9240 0.3935 0.6647 0.3364 0.0850 0.7277 0.5292 0.7433
085 086 087 0.2412 0.0357 0.8329 0.9515 0.3392 0.9453 0.7493 0.3627
086 087 088 0.4853 0.9772 0.9186 0.8783 0.3736 0.7010 0.4975 0.9245
087 088 089 0.7360 0.9411 0.9035 0.1140 0.9629 0.0129 0.7835 0.0187
088 089 090 0.7154 0.3932 0.7849 0.0603 0.6169 0.0615 0.6391 0.0767
089 090 091 0.4976 0.5493 0.1320 0.2079 0.8773 0.8147 0.1173 0.5481
090 091 092 0.2700 0.1172 0.4775 0.4770 0.5399 0.1909 0.5535 0.5717
091 092 093 0.8969 0.8080 0.8860 0.3398 0.5839 0.8520 0.7603 0.4876
092 093 094 0.5183 0.5314 0.6587 0.3594 0.9582 0.7537 0.0999 0.2069
093 094 095 0.9347 0.1543 0.2456 0.8695 0.5084 0.9048 0.9832 0.7144
094 095 096 0.2244 0.7041 0.4820 0.5168 0.1276 0.2698 0.6781 0.7466
095 096 097 0.1927 0.9375 0.0614 0.4171 0.1830 0.8706 0.6659 0.8588
096 097 098 0.7997 0.6532 0.2989 0.2428 0.6530 0.6137 0.7752 0.6830
097 098 099 0.3430 0.7474 0.5853 0.2484 0.6003 0.2601 0.9450 0.3613
098 099 100 0.5939 0.3325 0.0345 0.3992 0.5462 0.9229 0.0956 0.0260
099 100 101 0.2938 0.5762 0.9556 0.9519 0.3488 0.9518 0.9859 0.5206
100 101 102 0.9405 0.8425 0.6843 0.1577 0.5410 0.4591 0.7701 0.5072
101 102 103 0.7315 0.3494 0.4714 0.2343 0.2639 0.7005 0.7112 0.3043
102 103 104 0.2590 0.0563 0.5243 0.8333 0.1155 0.7270 0.5349 0.3276
103 104 105 0.2763 0.2333 0.0127 0.6081 0.5224 0.3170 0.9038 0.0978
104 105 106 0.7589 0.1173 0.1417 0.5265 0.9314 0.4475 0.1646 0.8451
105 106 107 0.4805 0.1460 0.9795 0.6809 0.7875 0.1228 0.5681 0.6926
106 107 108 0.1521 0.0035 0.8012 0.7584 0.9283 0.7253 0.9316 0.7266
107 108 109 0.6059 0.2781 0.8852 0.2497 0.9225 0.2326 0.2662 0.7768
108 109 110 0.1237 0.7885 0.2541 0.4178 0.9284 0.7388 0.7217 0.4818
109 110 111 0.2916 0.7116 0.3742 0.2852 0.5400 0.5041 0.3989 0.5070
110 111 112 0.8860 0.8380 0.9409 0.7224 0.9069 0.3517 0.3597 0.5416
111 112 113 0.2963 0.2686 0.4433 0.2646 0.4644 0.9505 0.5843 0.5949
112 113 114 0.3671 0.5907 0.8344 0.3354 0.3547 0.3486 0.3312 0.9430
113 114 115 0.8743 0.1119 0.5739 0.3076 0.5312 0.3407 0.8783 0.8265
114 115 116 0.1574 0.5399 0.8289 0.5906 0.5309 0.8295 0.2327 0.3855
115 116 117 0.7655 0.4109 0.6142 0.4070 0.3093 0.0037 0.3884 0.1604
116 117 118 0.0613 0.3136 0.8616 0.2937 0.9397 0.0158 0.1556 0.6298
117 118 119 0.4736 0.8032 0.5237 0.7379 0.9761 0.6705 0.6030 0.7273
118 119 120 0.5332 0.3704 0.0388 0.3967 0.5136 0.0905 0.1750 0.3355
119 120 121 0.9471 0.1407 0.4589 0.1713 0.1913 0.8493 0.2866 0.8896
120 121 122 0.5127 0.6406 0.8881 0.8406 0.4158 0.5876 0.8243 0.0104
121 122 123 0.7378 0.9816 0.7108 0.1797 0.9134 0.8502 0.4810 0.0011
122 123 124 0.6822 0.5239 0.8840 0.9341 0.4196 0.6938 0.1569 0.0453
123 124 125 0.4234 0.9030 0.5971 0.1915 0.5368 0.9378 0.0824 0.5382
124 125 126 0.9788 0.0140 0.9519 0.1877 0.6896 0.6246 0.9801 0.9377
125 126 127 0.4841 0.3862 0.2881 0.0985 0.9443 0.4081 0.6473 0.6522
126 127 128 0.9371 0.4798 0.1966 0.1883 0.7491 0.3468 0.6852 0.8921
127 128 129 0.8122 0.0021 0.0208 0.6416 0.3359 0.4436 0.9261 0.7862
128 129 130 0.5385 0.5275 0.7933 0.6679 0.9632 0.7510 0.7511 0.1415
129 130 131 0.5909 0.7685 0.5264 0.6785 0.8408 0.2044 0.5873 0.8168
130 131 132 0.6255 0.5727 0.1716 0.3172 0.6139 0.4081 0.0635 0.3652
131 132 133 0.9721 0.3886 0.4656 0.4751 0.8769 0.1061 0.6885 0.1040
132 133 134 0.0203 0.2962 0.7663 0.6885 0.7576 0.6024 0.6500 0.3437
133 134 135 0.6454 0.8609 0.6557 0.4882 0.3964 0.6719 0.8242 0.0391
134 135 136 0.1138 0.5848 0.7694 0.6068 0.3939 0.0781 0.2232 0.0149
135 136 137 0.6841 0.0911 0.3822 0.7063 0.3767 0.8079 0.0225 0.5917
136 137 138 0.3206 0.6512 0.4178 0.3667 0.1307 0.8641 0.6344 0.9409
137 138 139 0.6633 0.5460 0.2244 0.1908 0.4417 0.6197 0.7764 0.7135
138 139 140 0.9459 0.3383 0.6894 0.6047 0.2985 0.3415 0.1346 0.3483
139 140 141 0.3900 0.8596 0.2960 0.1672 0.4865 0.8129 0.2909 0.0163
140 141 142 0.7700 0.2367 0.7419 0.5307 0.3242 0.8594 0.0423 0.4404
141 142 143 0.6138 0.0307 0.2825 0.4034 0.2347 0.8829 0.9060 0.3046
142 143 144 0.1195 0.1995 0.0504 0.9968 0.8196 0.9346 0.8780 0.1575
143 144 145 0.4331 0.2051 0.4874 0.0359 0.3115 0.4998 0.0397 0.9456
144 145 146 0.3659 0.7648 0.0397 0.7274 0.6483 0.4385 0.4249 0.8114
145 146 147 0.5042 0.5841 0.9714 0.2312 0.8010 0.6491 0.7624 0.5634
146 147 148 0.4980 0.0979 0.2447 0.6849 0.3161 0.0438 0.3046 0.7237
147 148 149 0.9778 0.9173 0.8138 0.5248 0.1494 0.3875 0.6650 0.6286
148 149 150 0.1973 0.3967 0.7142 0.4050 0.9454 0.5355 0.2296 0.2941
149 150 151 0.9842 0.2739 0.6800 0.4280 0.7068 0.7143 0.9675 0.6473
150 151 152 0.6281 0.1657 0.8491 0.2338 0.5083 0.2033 0.0454 0.2082
151 152 153 0.1149 0.9388 0.7080 0.2466 0.0663 0.6402 0.7495 0.3380
152 153 154 0.5009 0.2035 0.6893 0.6162 0.1656 0.4041 0.7682 0.0717
153 154 155 0.6175 0.8396 0.0838 0.4370 0.2114 0.9306 0.1575 0.0535
154 155 156 0.4022 0.0648 0.8561 0.9680 0.9621 0.6498 0.3209 0.1303
155 156 157 0.8695 0.0564 0.5230 0.5121 0.8907 0.6093 0.2106 0.9664
156 157 158 0.7307 0.8851 0.5256 0.8406 0.6310 0.3428 0.1106 0.6296
157 158 159 0.7495 0.8243 0.5772 0.8080 0.4848 0.4439 0.2756 0.9318
158 159 160 0.2070 0.5319 0.1341 0.6371 0.6500 0.4517 0.9821 0.3327
159 160 161 0.9689 0.0459 0.0581 0.7814 0.2948 0.5920 0.7530 0.0638
160 161 162 0.6135 0.6486 0.1994 0.6434 0.5564 0.4481 0.9262 0.8876
161 162 163 0.9530 0.6163 0.2781 0.9332 0.3450 0.1299 0.3644 0.1219
162 163 164 0.6010 0.7549 0.2218 0.5055 0.1333 0.8008 0.4709 0.6344
163 164 165 0.7661 0.7871 0.0757 0.2733 0.6795 0.2241 0.4213 0.6701
164 165 166 0.4235 0.0902 0.2889 0.2189 0.8384 0.0343 0.8430 0.4970
165 166 167 0.3822 0.7854 0.1812 0.7735 0.6232 0.0015 0.9103 0.8213
166 167 168 0.3603 0.1467 0.0065 0.6284 0.8314 0.4586 0.4565 0.3418
167 168 169 0.5462 0.6626 0.9750 0.3341 0.0011 0.0066 0.0062 0.7819
168 169 170 0.5887 0.3508 0.3019 0.4570 0.3284 0.7246 0.9733 0.0199
169 170 171 0.3266 0.5648 0.2172 0.7849 0.9422 0.7437 0.3449 0.8588
170 171 172 0.3105 0.3748 0.5733 0.7408 0.8406 0.4221 0.2958 0.1282
171 172 173 0.9287 0.7819 0.3405 0.7668 0.9495 0.9730 0.9928 0.4982
172 173 174 0.5455 0.3140 0.2154 0.5074 0.4558 0.8041 0.7935 0.2879
173 174 175 0.2434 0.5343 0.6001 0.2855 0.6855 0.0452 0.0343 0.5120
174 175 176 0.6027 0.4701 0.3164 0.4136 0.4333 0.8732 0.7714 0.6378
175 176 177 0.8047 0.2067 0.5571 0.3664 0.8760 0.6892 0.8396 0.7497
176 177 178 0.5485 0.6234 0.5329 0.5360 0.1060 0.5081 0.3618 0.6418
177 178 179 0.5429 0.1265 0.8569 0.5221 0.2526 0.2282 0.8158 0.6904
178 179 180 0.4122 0.6396 0.7642 0.9606 0.3686 0.3244 0.3838 0.8000
179 180 181 0.3549 0.8591 0.9329 0.7811 0.3279 0.6171 0.4084 0.4215
180 181 182 0.9489 0.9022 0.9006 0.5667 0.7235 0.8712 0.4646 0.1468
181 182 183 0.8156 0.2037 0.1396 0.6431 0.1760 0.5699 0.4168 0.1702
182 183 184 0.5168 0.7982 0.4410 0.6684 0.1650 0.6365 0.0701 0.8566
183 184 185 0.3268 0.9698 0.7667 0.1575 0.5030 0.4349 0.1708 0.6871
184 185 186 0.0085 0.2174 0.7790 0.2078 0.5345 0.1943 0.8544 0.9241
185 186 187 0.6193 0.5425 0.2504 0.5813 0.0760 0.1384 0.4927 0.8287
186 187 188 0.0530 0.3061 0.3061 0.4965 0.2018 0.0690 0.0566 0.7667
187 188 189 0.2642 0.5883 0.1925 0.3949 0.9469 0.0053 0.2857 0.2418
188 189 190 0.1592 0.8359 0.8848 0.1510 0.0083 0.7314 0.8430 0.6453
189 190 191 0.8983 0.6267 0.8574 0.7135 0.4595 0.9439 0.3344 0.1550
190 191 192 0.8861 0.8274 0.1117 0.7149 0.5335 0.4399 0.9332 0.7435
191 192 193 0.3422 0.9811 0.9396 0.1660 0.7753 0.7255 0.4486 0.7300
192 193 194 0.8923 0.1829 0.3525 0.7578 0.6562 0.2354 0.2922 0.8756
193 194 195 0.6860 0.8848 0.5597 0.3673 0.0903 0.4523 0.3097 0.2199
194 195 196 0.8627 0.5649 0.1480 0.0873 0.0554 0.3934 0.0058 0.2284
195 196 197 0.8907 0.7208 0.5047 0.7989 0.1594 0.2608 0.3896 0.5919
196 197 198 0.3572 0.7882 0.0075 0.3640 0.2271 0.0220 0.9677 0.9272
197 198 199 0.0055 0.5069 0.4469 0.5158 0.3168 0.3792 0.3789 0.9767
198 199 200 0.1388 0.7125 0.5787 0.2336 0.2446 0.7201 0.5572 0.8641
199 200 201 0.9444 0.5519 0.3620 0.3808 0.9875 0.9846 0.0797 0.2545
200 201 202 0.4727 0.2583 0.1275 0.6417 0.1937 0.4274 0.9572 0.9972
201 202 203 0.6583 0.2960 0.6963 0.9715 0.0040 0.0658 0.9961 0.7675
202 203 204 0.7612 0.5059 0.9090 0.3175 0.1723 0.8688 0.8455 0.0695
203 204 205 0.4349 0.6218 0.6249 0.1948 0.2693 0.4094 0.1870 0.9042
204 205 206 0.3855 0.5748 0.9124 0.4444 0.9089 0.1194 0.3634 0.4423
205 206 207 0.7758 0.8961 0.5042 0.6950 0.5722 0.7461 0.7415 0.1760
206 207 208 0.1651 0.2383 0.2263 0.9640 0.5721 0.4843 0.5654 0.6024
207 208 209 0.4910 0.2976 0.7332 0.0491 0.6078 0.5781 0.4958 0.4274
208 209 210 0.7426 0.5891 0.1537 0.4140 0.7343 0.3428 0.7719 0.2842
209 210 211 0.1910 0.2446 0.5134 0.5997 0.0748 0.5379 0.9980 0.2367
210 211 212 0.0894 0.0322 0.1041 0.1210 0.0138 0.2660 0.3008 0.6573
211 212 213 0.7816 0.2984 0.8321 0.1493 0.0942 0.3380 0.7091 0.9961
212 213 214 0.1994 0.5196 0.3358 0.0921 0.1098 0.5586 0.7342 0.7961
213 214 215 0.5232 0.7588 0.0495 0.5354 0.6871 0.6564 0.3180 0.2792
214 215 216 0.8315 0.1139 0.3714 0.9622 0.0315 0.9686 0.9181 0.3413
215 216 217 0.1936 0.4250 0.1326 0.8847 0.1001 0.4257 0.9058 0.7858
216 217 218 0.7167 0.3805 0.7059 0.0673 0.9171 0.1194 0.6300 0.3934
217 218 219 0.1083 0.6992 0.7793 0.5871 0.7162 0.7272 0.8303 0.9798
218 219 220 0.5086 0.7943 0.7595 0.6115 0.1633 0.9931 0.1499 0.0046
219 220 221 0.9379 0.1593 0.3049 0.1953 0.6310 0.2108 0.0973 0.0008
220 221 222 0.7375 0.7213 0.3389 0.1633 0.9802 0.2430 0.4842 0.7500
221 222 223 0.1699 0.8211 0.8480 0.4300 0.2280 0.3702 0.0355 0.3048
222 223 224 0.8695 0.3437 0.8820 0.5732 0.4460 0.9471 0.6406 0.6090
223 224 225 0.9689 0.6096 0.8483 0.9192 0.3515 0.5358 0.0726 0.6240
224 225 226 0.7197 0.2954 0.1332 0.2384 0.4352 0.1339 0.4080 0.5133
225 226 227 0.2375 0.2532 0.6470 0.1031 0.8393 0.4555 0.9056 0.4213
226 227 228 0.4750 0.0196 0.4736 0.0111 0.1215 0.3664 0.8594 0.3754
227 228 229 0.2865 0.2324 0.2926 0.0258 0.5035 0.8960 0.1220 0.0046
228 229 230 0.3942 0.4740 0.4584 0.7598 0.2748 0.6655 0.9539 0.9972
229 230 231 0.8311 0.0312 0.7206 0.6884 0.7924 0.8621 0.6964 0.8748
230 231 232 0.2235 0.3628 0.3359 0.5893 0.6753 0.5303 0.8990 0.6013
231 232 233 0.7814 0.8548 0.8406 0.5199 0.5167 0.6690 0.8446 0.8040
232 233 234 0.3689 0.2998 0.8494 0.0995 0.9924 0.2465 0.0687 0.3704
233 234 235 0.6895 0.1918 0.1385 0.4049 0.6224 0.0787 0.8413 0.6476
234 235 236 0.7929 0.3931 0.7716 0.9803 0.4971 0.8196 0.3445 0.6150
235 236 237 0.3293 0.6357 0.3336 0.5926 0.2925 0.5068 0.8102 0.1474
236 237 238 0.1189 0.8671 0.6925 0.6592 0.6032 0.4543 0.1392 0.2311
237 238 239 0.1333 0.6012 0.1263 0.6709 0.0355 0.1014 0.0352 0.6771
238 239 240 0.1528 0.5010 0.5857 0.5613 0.6420 0.2314 0.5500 0.9785
239 240 241 0.6899 0.5545 0.1416 0.8755 0.5069 0.2908 0.6042 0.3617
240 241 242 0.9054 0.1861 0.0025 0.3768 0.1079 0.2744 0.7722 0.0845
241 242 243 0.7868 0.9319 0.7301 0.4145 0.6776 0.0670 0.0774 0.4179
242 243 244 0.0189 0.5299 0.9925 0.5019 0.1487 0.1191 0.3252 0.3783
243 244 245 0.7439 0.9335 0.7029 0.8579 0.0692 0.6800 0.0801 0.0649
244 245 246 0.1206 0.6989 0.8110 0.7118 0.6148 0.8539 0.3478 0.9689
245 246 247 0.9149 0.0602 0.3969 0.2042 0.1971 0.5519 0.2135 0.3102
246 247 248 0.2940 0.4375 0.9932 0.7350 0.3772 0.1006 0.7175 0.9748
247 248 249 0.9390 0.3060 0.3761 0.8145 0.5021 0.1207 0.7249 0.1213
248 249 250 0.6578 0.5056 0.2927 0.3428 0.0143 0.5473 0.6749 0.5565
249 250 251 0.5961 0.1353 0.4710 0.1526 0.2105 0.9378 0.2793 0.2148
250 251 252 0.7912 0.5117 0.6550 0.6695 0.0726 0.1122 0.4072 0.9244
251 252 253 0.8998 0.1134 0.3443 0.2431 0.7461 0.2171 0.7328 0.3089
252 253 254 0.6915 0.1913 0.1784 0.7069 0.9480 0.1829 0.4282 0.0347
253 254 255 0.1197 0.3124 0.0289 0.2333 0.7959 0.7933 0.3046 0.6201
254 255 256 0.7385 0.4728 0.0990 0.0585 0.5498 0.5901 0.1689 0.6057
255 256 257 0.1716 0.7247 0.2326 0.7401 0.9672 0.4210 0.6703 0.1351
256 257 258 0.4956 0.9091 0.4485 0.2805 0.5545 0.3374 0.9650 0.8851
257 258 259 0.4183 0.4685 0.5150 0.6693 0.2583 0.8286 0.3267 0.5112
258 259 260 0.4244 0.1884 0.3821 0.5262 0.8333 0.9882 0.9310 0.3816
259 260 261 0.8630 0.0358 0.1928 0.0704 0.9582 0.6142 0.2190 0.0675
260 261 262 0.8540 0.1380 0.2214 0.4039 0.6159 0.2270 0.4581 0.4394
261 262 263 0.7041 0.4171 0.5358 0.4134 0.7337 0.7842 0.3768 0.0930
262 263 264 0.8479 0.3555 0.9214 0.1092 0.8541 0.9984 0.4235 0.8643
263 264 265 0.7172 0.6646 0.1560 0.3665 0.1506 0.5932 0.0053 0.4531
264 265 266 0.9551 0.3639 0.8989 0.9797 0.5002 0.3815 0.6623 0.5718
265 266 267 0.1248 0.0943 0.3302 0.7109 0.9424 0.1308 0.1066 0.1027
266 267 268 0.2937 0.5840 0.4141 0.6793 0.7327 0.8348 0.5805 0.8278
267 268 269 0.8623 0.9515 0.1353 0.9760 0.8852 0.7126 0.1021 0.2581
268 269 270 0.3114 0.5406 0.2194 0.7480 0.0016 0.0286 0.9905 0.7861
269 270 271 0.0082 0.7188 0.5653 0.1051 0.9379 0.0031 0.6027 0.8289
270 271 272 0.0721 0.4672 0.7376 0.8602 0.3072 0.3351 0.3621 0.2102
271 272 273 0.1967 0.4150 0.1123 0.6362 0.9318 0.7476 0.8464 0.6311
272 273 274 0.5856 0.8867 0.8291 0.6173 0.9235 0.2116 0.4030 0.3533
273 274 275 0.6521 0.1331 0.2956 0.8759 0.2203 0.1586 0.6529 0.1362
274 275 276 0.0644 0.3433 0.4378 0.3739 0.8711 0.3577 0.0594 0.7844
275 276 277 0.1879 0.2759 0.2537 0.9610 0.7764 0.0179 0.1454 0.7544
276 277 278 0.6372 0.6586 0.5761 0.4882 0.4625 0.4527 0.8722 0.5042
277 278 000 0.8015 0.7209 0.0937 0.2016 0.8541 0.1636 0.4642 0.7834
278 000 001 0.6110 0.7744 0.0594 0.5830 0.1097 0.2430 0.4119 0.2949
