279 155682 3 279
000 001 002 0.6269 0.5074 0.1884 0.8380 0.7657 0.9340 0.0704 0.5774
001 002 003 0.0926 0.1888 0.4494 0.2206 0.2414 0.6241 0.1798 0.2691
002 003 004 0.8023 0.1182 0.0351 0.7507 0.9620 0.9076 0.7666 0.2366
003 004 005 0.8962 0.9429 0.8417 0.6038 0.0796 0.2850 0.5262 0.9689
004 005 006 0.3899 0.7099 0.8867 0.9913 0.7599 0.7908 0.5544 0.7782
005 006 007 0.1337 0.6683 0.4983 0.8564 0.5322 0.1927 0.5013 0.3427
006 007 008 0.1450 0.9161 0.5419 0.5518 0.7804 0.3039 0.8246 0.8015
007 008 009 0.7512 0.9882 0.7987 0.1387 0.2192 0.1627 0.4779 0.1489
008 009 010 0.2646 0.4772 0.0660 0.8082 0.1239 0.9831 0.6689 0.2424
009 010 011 0.2476 0.3456 0.1548 0.2215 0.8823 0.0822 0.4350 0.2446
010 011 012 0.8373 0.7869 0.5364 0.8400 0.7034 0.2727 0.0022 0.2707
011 012 013 0.0702 0.7835 0.4075 0.4770 0.8548 0.0062 0.3074 0.2323
012 013 014 0.6134 0.0447 0.1452 0.7754 0.2878 0.3237 0.2713 0.9006
013 014 015 0.5122 0.1373 0.6124 0.3680 0.5475 0.3247 0.2736 0.5075
014 015 016 0.3021 0.9651 0.1497 0.4014 0.2067 0.6159 0.3637 0.4577
015 016 017 0.6735 0.9339 0.2192 0.0673 0.7774 0.5685 0.2915 0.7483
016 017 018 0.6037 0.9910 0.8773 0.4240 0.9537 0.5916 0.3213 0.5742
017 018 019 0.7346 0.6701 0.1037 0.5921 0.6600 0.9284 0.7818 0.8877
018 019 020 0.8091 0.0996 0.3545 0.4766 0.0025 0.0812 0.9848 0.8372
019 020 021 0.1636 0.4741 0.5656 0.9553 0.5914 0.0202 0.0051 0.4964
020 021 022 0.9805 0.9791 0.4169 0.9049 0.6881 0.4462 0.9969 0.9890
021 022 023 0.5751 0.1853 0.9421 0.8344 0.1023 0.3960 0.0356 0.3065
022 023 024 0.0420 0.2766 0.4857 0.8229 0.7870 0.3093 0.4606 0.1143
023 024 025 0.2989 0.9855 0.8433 0.7531 0.2213 0.5921 0.9540 0.3046
024 025 026 0.5594 0.0445 0.8548 0.5080 0.7038 0.3129 0.6379 0.7952
025 026 027 0.2858 0.7437 0.9957 0.8420 0.3492 0.6150 0.9573 0.6746
026 027 028 0.0876 0.6163 0.9919 0.6350 0.3717 0.3285 0.7827 0.2783
027 028 029 0.1694 0.4222 0.2317 0.6557 0.7224 0.8268 0.6699 0.0246
028 029 030 0.6113 0.1621 0.0911 0.6487 0.8313 0.1200 0.7624 0.2109
029 030 031 0.8990 0.3668 0.5015 0.7966 0.0764 0.9658 0.5204 0.9220
030 031 032 0.8703 0.0888 0.7760 0.6741 0.7490 0.7255 0.8991 0.9062
031 032 033 0.8918 0.6140 0.1149 0.9295 0.0097 0.0787 0.3762 0.3855
032 033 034 0.1320 0.4216 0.2643 0.2778 0.8808 0.8617 0.3736 0.8100
033 034 035 0.7770 0.4007 0.8067 0.5755 0.9325 0.2154 0.4658 0.2945
034 035 036 0.6593 0.3928 0.4029 0.1456 0.9192 0.4700 0.7987 0.2699
035 036 037 0.6192 0.4601 0.3186 0.8535 0.9754 0.2716 0.2946 0.0873
036 037 038 0.3482 0.2131 0.2556 0.1791 0.3462 0.8410 0.2473 0.9680
037 038 039 0.9623 0.9966 0.7797 0.2821 0.2308 0.2454 0.7143 0.3748
038 039 040 0.9721 0.5375 0.4020 0.0830 0.1811 0.9369 0.8657 0.9707
039 040 041 0.2031 0.9294 0.5454 0.3861 0.7092 0.0557 0.0915 0.4389
040 041 042 0.2093 0.6215 0.5319 0.7184 0.4640 0.5908 0.0011 0.1577
041 042 043 0.1546 0.8010 0.8840 0.2713 0.0667 0.8848 0.8164 0.1206
042 043 044 0.6610 0.4057 0.6136 0.3598 0.6234 0.1711 0.3067 0.2697
043 044 045 0.9953 0.1263 0.2437 0.4614 0.1956 0.5819 0.6097 0.9722
044 045 046 0.0431 0.6003 0.0191 0.0478 0.1678 0.6118 0.6365 0.8466
045 046 047 0.6148 0.3124 0.8188 0.8507 0.7307 0.8925 0.4103 0.0995
046 047 048 0.6910 0.4915 0.3347 0.8527 0.0998 0.7183 0.7963 0.0278
047 048 049 0.9604 0.0268 0.4738 0.9591 0.8539 0.5523 0.8244 0.6842
048 049 050 0.5030 0.2745 0.4136 0.3163 0.6272 0.3668 0.5601 0.3676
049 050 051 0.6635 0.1198 0.8878 0.3748 0.0303 0.2299 0.4845 0.8031
050 051 052 0.3510 0.9371 0.8144 0.7285 0.5878 0.0334 0.8614 0.0529
051 052 053 0.1900 0.3804 0.7464 0.9366 0.1080 0.0284 0.2199 0.8932
052 053 054 0.5249 0.1010 0.7373 0.9333 0.0059 0.4008 0.6773 0.3749
053 054 055 0.2970 0.1189 0.0265 0.0878 0.9799 0.9803 0.8163 0.3726
054 055 056 0.5503 0.3948 0.5816 0.4541 0.5659 0.1747 0.2818 0.4139
055 056 057 0.7945 0.3415 0.0454 0.2475 0.8394 0.1995 0.8818 0.1291
056 057 058 0.5884 0.8887 0.6925 0.6027 0.8890 0.9305 0.3780 0.0840
057 058 059 0.4234 0.7800 0.7165 0.0805 0.7423 0.5934 0.5135 0.9171
058 059 060 0.8925 0.0804 0.5781 0.4722 0.4231 0.2446 0.0798 0.7372
059 060 061 0.1170 0.9548 0.8164 0.4929 0.1872 0.7690 0.2242 0.0788
060 061 062 0.7260 0.8083 0.4961 0.1076 0.1854 0.3864 0.0511 0.6381
061 062 063 0.2436 0.6212 0.1427 0.8855 0.3866 0.0927 0.6810 0.9418
062 063 064 0.7257 0.1913 0.0671 0.3913 0.2030 0.3818 0.4658 0.9646
063 064 065 0.2184 0.3895 0.8640 0.0638 0.9242 0.1232 0.7164 0.3366
064 065 066 0.2582 0.3854 0.7430 0.0218 0.2996 0.7940 0.6653 0.2789
065 066 067 0.5370 0.8072 0.0085 0.0235 0.4917 0.1714 0.7434 0.1112
066 067 068 0.2466 0.9818 0.5750 0.6765 0.5488 0.0459 0.1323 0.3482
067 068 069 0.6028 0.2795 0.3443 0.7860 0.9965 0.7607 0.9360 0.1428
068 069 070 0.7104 0.4127 0.3088 0.1245 0.6509 0.6575 0.1565 0.2409
069 070 071 0.6147 0.7216 0.8860 0.4960 0.9309 0.3225 0.9736 0.7754
070 071 072 0.4827 0.4768 0.5439 0.6455 0.5042 0.8425 0.8585 0.1682
071 072 073 0.2748 0.9570 0.2465 0.0214 0.0502 0.7258 0.5413 0.0302
072 073 074 0.6454 0.0465 0.3881 0.5494 0.3238 0.1777 0.2744 0.9880
073 074 075 0.7617 0.8140 0.3042 0.8319 0.5249 0.6610 0.3033 0.0597
074 075 076 0.8914 0.1333 0.6326 0.6476 0.4254 0.3547 0.0251 0.1671
075 076 077 0.6206 0.4578 0.8775 0.3941 0.2238 0.9170 0.9323 0.4729
076 077 078 0.4084 0.8500 0.2911 0.9552 0.4345 0.2654 0.3637 0.1271
077 078 079 0.4740 0.2108 0.0618 0.1400 0.5261 0.7884 0.9780 0.5051
078 079 080 0.6452 0.2279 0.3156 0.5536 0.8342 0.9477 0.3882 0.4824
079 080 081 0.1814 0.6892 0.1840 0.7891 0.9566 0.2301 0.5072 0.7093
080 081 082 0.2732 0.2354 0.2971 0.4233 0.3295 0.2981 0.7048 0.3521
081 082 083 0.4715 0.6119 0.9634 0.5908 0.9698 0.4030 0.3184 0.1110
082 083 084 0.7665 0.7545 0.1277 0.9539 0.8162 0.6087 0.1049 0.3262
083 084 085 0.6135 0.7129 0.9134 0.3276 0.5437 0.3146 0.2579 0.6060
084 085 086 0.2341 0.8501 0.4624 0.4155 0.3470 0.1239 0.8231 0.9191
085 086 087 0.4816 0.5754 0.3408 0.7119 0.5628 0.3861 0.1010 0.1269
086 087 088 0.1047 0.6788 0.3033 0.5726 0.3239 0.7613 0.5625 0.9996
087 088 089 0.9178 0.5324 0.5992 0.9352 0.2257 0.1445 0.4985 0.0234
088 089 090 0.0945 0.0573 0.6155 0.5820 0.4982 0.9100 0.8493 0.0172
089 090 091 0.3601 0.6221 0.1456 0.8125 0.1011 0.3849 0.5933 0.4996
090 091 092 0.1318 0.9953 0.9352 0.8172 0.8721 0.7555 0.9613 0.9371
091 092 093 0.7010 0.8257 0.1118 0.3820 0.1572 0.1421 0.1764 0.2803
092 093 094 0.2410 0.2892 0.4752 0.7894 0.8632 0.9561 0.3026 0.9924
093 094 095 0.3519 0.7225 0.1446 0.6535 0.3949 0.8913 0.5707 0.4562
094 095 096 0.7151 0.7155 0.6162 0.9255 0.5915 0.2616 0.7428 0.5620
095 096 097 0.5615 0.1874 0.4698 0.4697 0.4069 0.4250 0.4065 0.2240
096 097 098 0.7956 0.1515 0.4297 0.8295 0.8343 0.5842 0.3861 0.4671
097 098 099 0.6030 0.0403 0.5424 0.7883 0.0835 0.7903 0.0043 0.3885
098 099 100 0.1779 0.2160 0.6516 0.4489 0.2685 0.8226 0.5870 0.7945
099 100 101 0.5307 0.4507 0.6588 0.7258 0.1311 0.9246 0.4919 0.3616
100 101 102 0.7242 0.6956 0.1872 0.7819 0.6192 0.8630 0.0311 0.2590
101 102 103 0.1021 0.1943 0.0179 0.4402 0.6959 0.3240 0.7675 0.6765
102 103 104 0.9785 0.8411 0.1557 0.2638 0.7002 0.8160 0.7460 0.0770
103 104 105 0.5957 0.7189 0.1293 0.9826 0.8019 0.5115 0.3658 0.5921
104 105 106 0.6821 0.3966 0.9521 0.9963 0.5753 0.5912 0.5590 0.3345
105 106 107 0.6930 0.5373 0.6912 0.8382 0.6360 0.3034 0.8333 0.7432
106 107 108 0.4399 0.3637 0.8517 0.6271 0.8743 0.0791 0.6908 0.9578
107 108 109 0.2272 0.1635 0.5488 0.3399 0.0833 0.5202 0.4368 0.0739
108 109 110 0.0716 0.9264 0.9930 0.8121 0.4595 0.4254 0.8736 0.5151
109 110 111 0.1546 0.7532 0.9597 0.4965 0.6347 0.5974 0.6830 0.1811
110 111 112 0.5557 0.4896 0.9046 0.9507 0.5361 0.4493 0.9356 0.9313
111 112 113 0.7664 0.3136 0.7554 0.9114 0.9800 0.5248 0.6228 0.1768
112 113 114 0.9471 0.2251 0.1431 0.9691 0.9019 0.1868 0.7579 0.1839
113 114 115 0.1081 0.6720 0.1259 0.9829 0.2101 0.6459 0.1074 0.0964
114 115 116 0.0656 0.1969 0.6472 0.3295 0.2915 0.4474 0.3686 0.3038
115 116 117 0.8954 0.2033 0.2538 0.8634 0.3239 0.4711 0.1499 0.8991
116 117 118 0.8893 0.4184 0.8949 0.5380 0.3210 0.3854 0.3051 0.1625
117 118 119 0.3403 0.1714 0.2458 0.4829 0.5799 0.2429 0.9865 0.5580
118 119 120 0.0424 0.4788 0.4188 0.4425 0.9776 0.9836 0.6611 0.8627
119 120 121 0.3466 0.0021 0.1297 0.6804 0.1128 0.2909 0.5095 0.5167
120 121 122 0.6216 0.3747 0.0570 0.8729 0.9917 0.0146 0.3030 0.1222
121 122 123 0.6178 0.7428 0.5182 0.5849 0.0230 0.9824 0.2182 0.7534
122 123 124 0.7154 0.8220 0.2211 0.7738 0.1999 0.6586 0.1461 0.8085
123 124 125 0.6154 0.0523 0.5455 0.7121 0.4981 0.6427 0.5294 0.9286
124 125 126 0.7629 0.5376 0.9286 0.7989 0.4541 0.3303 0.1197 0.0122
125 126 127 0.7002 0.5246 0.4730 0.6269 0.3471 0.5870 0.4703 0.6276
126 127 128 0.0153 0.1806 0.1184 0.6155 0.2067 0.9550 0.7972 0.5735
127 128 129 0.0267 0.8033 0.8497 0.1613 0.6458 0.4014 0.6802 0.8360
128 129 130 0.0436 0.3570 0.1062 0.7088 0.4476 0.4372 0.1942 0.0952
129 130 131 0.2743 0.4297 0.4379 0.6687 0.2529 0.6152 0.4437 0.8030
130 131 132 0.2304 0.0757 0.1686 0.0007 0.6868 0.7131 0.2107 0.8514
131 132 133 0.1465 0.3671 0.3493 0.5348 0.4080 0.8924 0.8704 0.9511
132 133 134 0.8203 0.7122 0.3232 0.4978 0.1381 0.6104 0.7392 0.3084
133 134 135 0.2422 0.5365 0.4494 0.7629 0.4759 0.2352 0.8743 0.8682
134 135 136 0.7711 0.2420 0.1729 0.3203 0.8753 0.6398 0.8337 0.6362
135 136 137 0.7288 0.6387 0.3285 0.2962 0.9493 0.1697 0.3633 0.3628
136 137 138 0.7987 0.6388 0.4653 0.0390 0.7362 0.8229 0.9386 0.0360
137 138 139 0.7875 0.9221 0.5634 0.6418 0.9799 0.2993 0.3675 0.6959
138 139 140 0.9062 0.0426 0.3386 0.4270 0.6933 0.6395 0.9220 0.5315
139 140 141 0.6200 0.9459 0.9749 0.5309 0.2377 0.4078 0.6094 0.7840
140 141 142 0.8750 0.8638 0.1633 0.7634 0.0384 0.4767 0.5868 0.0805
141 142 143 0.1677 0.8695 0.8403 0.6983 0.5120 0.5723 0.5250 0.2500
142 143 144 0.4406 0.0349 0.4550 0.6433 0.6397 0.2188 0.1628 0.1365
143 144 145 0.8957 0.6897 0.7942 0.7500 0.2399 0.4741 0.3377 0.8422
144 145 146 0.2748 0.5982 0.0514 0.7637 0.9695 0.2072 0.0857 0.0571
145 146 147 0.2249 0.5457 0.1128 0.8410 0.2276 0.6330 0.3908 0.2154
146 147 148 0.7753 0.5019 0.1733 0.7112 0.3782 0.8567 0.1846 0.4225
147 148 149 0.2279 0.9903 0.6508 0.2620 0.6220 0.5551 0.1056 0.9643
148 149 150 0.0402 0.6014 0.9012 0.1494 0.5872 0.9809 0.5558 0.7678
149 150 151 0.5220 0.9689 0.6888 0.5455 0.2159 0.9503 0.6312 0.4810
150 151 152 0.5802 0.8786 0.4294 0.7230 0.5279 0.9877 0.1210 0.2875
151 152 153 0.4843 0.3967 0.7502 0.4690 0.9917 0.2434 0.3982 0.7421
152 153 154 0.7699 0.4834 0.6996 0.7946 0.6475 0.7346 0.8346 0.2070
153 154 155 0.2144 0.9705 0.6337 0.5155 0.9885 0.8817 0.1421 0.0239
154 155 156 0.7727 0.1662 0.4529 0.5373 0.9639 0.7644 0.4467 0.5373
155 156 157 0.7841 0.6199 0.9413 0.5930 0.0034 0.1205 0.7980 0.8749
156 157 158 0.6885 0.3797 0.0713 0.6760 0.2174 0.4015 0.5970 0.7318
157 158 159 0.4803 0.0540 0.2484 0.3991 0.0358 0.7723 0.5403 0.4153
158 159 160 0.2522 0.5756 0.7213 0.5080 0.8341 0.9587 0.0807 0.2467
159 160 161 0.4828 0.8377 0.3711 0.1401 0.0844 0.2572 0.9023 0.4999
160 161 162 0.0053 0.7661 0.7830 0.4049 0.5208 0.3767 0.5005 0.7283
161 162 163 0.9701 0.9663 0.0069 0.3237 0.5866 0.8751 0.5904 0.3959
162 163 164 0.4902 0.6134 0.8838 0.4508 0.0015 0.2722 0.7592 0.7570
163 164 165 0.2706 0.5940 0.9513 0.5241 0.9588 0.5775 0.5751 0.7809
164 165 166 0.6654 0.1479 0.0390 0.2488 0.5865 0.6041 0.9471 0.0808
165 166 167 0.1355 0.6291 0.8059 0.1985 0.9926 0.5837 0.0555 0.9832
166 167 168 0.9772 0.6122 0.9420 0.8085 0.0487 0.2164 0.4783 0.5863
167 168 169 0.4114 0.4344 0.0552 0.2632 0.6803 0.9966 0.7181 0.8998
168 169 170 0.4019 0.7866 0.5541 0.6849 0.3625 0.5336 0.3319 0.8655
169 170 171 0.3359 0.8925 0.6189 0.1025 0.1105 0.8033 0.6141 0.0449
170 171 172 0.0420 0.9686 0.1998 0.1275 0.9290 0.6055 0.2457 0.6204
171 172 173 0.9082 0.7825 0.8156 0.1188 0.6933 0.0776 0.9609 0.6782
172 173 174 0.4313 0.1096 0.8956 0.2758 0.9240 0.3350 0.3858 0.5493
173 174 175 0.8581 0.4458 0.8372 0.3286 0.7756 0.1547 0.4351 0.0696
174 175 176 0.8398 0.8702 0.1640 0.5198 0.3523 0.5315 0.4090 0.4443
175 176 177 0.4954 0.6971 0.0648 0.4302 0.5048 0.6866 0.7851 0.3802
176 177 178 0.6135 0.9679 0.6998 0.7176 0.9654 0.3058 0.7736 0.4584
177 178 179 0.7675 0.5123 0.1257 0.2168 0.3578 0.8316 0.8556 0.1627
178 179 180 0.7538 0.2332 0.1396 0.6939 0.8159 0.6803 0.1881 0.7726
179 180 181 0.3692 0.4005 0.1268 0.0347 0.5961 0.1854 0.0999 0.4797
180 181 182 0.1822 0.3402 0.0158 0.4015 0.8201 0.0994 0.2813 0.0243
181 182 183 0.7951 0.7078 0.9504 0.4915 0.8419 0.0189 0.0823 0.4720
182 183 184 0.3360 0.7139 0.3229 0.2648 0.3881 0.0494 0.7519 0.9422
183 184 185 0.5038 0.3796 0.4694 0.6260 0.9080 0.3191 0.9253 0.5981
184 185 186 0.7214 0.1332 0.8216 0.9607 0.9609 0.3948 0.3506 0.8023
185 186 187 0.7538 0.8535 0.6084 0.1660 0.2205 0.8640 0.5132 0.9372
186 187 188 0.9006 0.7829 0.4351 0.2815 0.2305 0.0615 0.1900 0.7417
187 188 189 0.1630 0.4167 0.4478 0.8353 0.7843 0.2887 0.2216 0.8453
188 189 190 0.3476 0.6650 0.6405 0.6842 0.9142 0.1769 0.8708 0.6167
189 190 191 0.5341 0.5629 0.3662 0.6710 0.7503 0.3268 0.7526 0.6908
190 191 192 0.0388 0.4771 0.7692 0.6046 0.5823 0.5942 0.3492 0.5894
191 192 193 0.8391 0.4440 0.5994 0.1282 0.0302 0.2475 0.2614 0.9456
192 193 194 0.9839 0.9882 0.3447 0.2894 0.4630 0.5515 0.8471 0.9648
193 194 195 0.0055 0.1704 0.8022 0.8189 0.1705 0.8282 0.3957 0.5174
194 195 196 0.1021 0.1477 0.3811 0.2147 0.5469 0.9436 0.9903 0.8574
195 196 197 0.6733 0.4195 0.9960 0.4063 0.2553 0.2417 0.1654 0.3106
196 197 198 0.8082 0.8174 0.9100 0.2650 0.6522 0.3142 0.3756 0.7873
197 198 199 0.3588 0.1864 0.5615 0.5921 0.7340 0.1859 0.1980 0.0145
198 199 200 0.6681 0.4794 0.8253 0.1967 0.9953 0.3375 0.2323 0.2502
199 200 201 0.2815 0.6867 0.4617 0.8252 0.3950 0.8144 0.9519 0.5453
200 201 202 0.8255 0.5694 0.5366 0.2570 0.8844 0.2674 0.9361 0.5911
201 202 203 0.7097 0.3725 0.9521 0.8090 0.0133 0.2350 0.3126 0.7026
202 203 204 0.9185 0.9192 0.3615 0.3980 0.9225 0.1092 0.6384 0.0676
203 204 205 0.5339 0.1638 0.0466 0.6971 0.3453 0.2879 0.6484 0.6242
204 205 206 0.5585 0.8848 0.6282 0.9183 0.9083 0.9674 0.0373 0.2584
205 206 207 0.5937 0.5487 0.6615 0.6548 0.2783 0.2893 0.4003 0.9300
206 207 208 0.8781 0.3604 0.0428 0.6510 0.9734 0.2939 0.5782 0.7549
207 208 209 0.6462 0.1562 0.2509 0.5121 0.1930 0.8950 0.1804 0.9403
208 209 210 0.0709 0.2766 0.8000 0.9919 0.6035 0.5328 0.0918 0.1257
209 210 211 0.9019 0.7123 0.3998 0.4232 0.1358 0.6920 0.0534 0.1585
210 211 212 0.0768 0.6789 0.3063 0.6706 0.7621 0.2238 0.8480 0.2464
211 212 213 0.4313 0.3868 0.2491 0.4430 0.9214 0.4235 0.9728 0.2043
212 213 214 0.9232 0.4918 0.5492 0.9657 0.7367 0.1066 0.9595 0.9285
213 214 215 0.2003 0.5609 0.4422 0.7560 0.5436 0.7002 0.3084 0.3419
214 215 216 0.0773 0.5533 0.9698 0.6759 0.6484 0.4346 0.6408 0.5681
215 216 217 0.3810 0.4780 0.0103 0.8630 0.9432 0.3887 0.0890 0.1530
216 217 218 0.0164 0.3311 0.6811 0.7429 0.4013 0.7948 0.3216 0.0254
217 218 219 0.1328 0.8927 0.6671 0.1430 0.9616 0.3433 0.6119 0.3389
218 219 220 0.8003 0.3324 0.9690 0.5499 0.4292 0.9019 0.1692 0.4063
219 220 221 0.4373 0.7820 0.8842 0.0768 0.4553 0.2882 0.4215 0.4416
220 221 222 0.3735 0.0927 0.1978 0.1482 0.7207 0.7714 0.9593 0.5268
221 222 223 0.1552 0.8184 0.2814 0.2513 0.2904 0.5996 0.1373 0.2814
222 223 224 0.9114 0.7682 0.7984 0.8554 0.1926 0.1653 0.5283 0.3015
223 224 225 0.6127 0.4402 0.1180 0.1465 0.9459 0.4729 0.6572 0.7064
224 225 226 0.9359 0.9988 0.2908 0.2431 0.2765 0.2394 0.7266 0.1433
225 226 227 0.1678 0.8843 0.5388 0.4096 0.9316 0.5913 0.9429 0.0602
226 227 228 0.9286 0.0008 0.4483 0.7759 0.7315 0.8509 0.6163 0.9077
227 228 229 0.8758 0.5116 0.1989 0.0707 0.7314 0.2964 0.0568 0.4424
228 229 230 0.2526 0.5619 0.1469 0.2783 0.5441 0.5050 0.1876 0.7030
229 230 231 0.9077 0.4472 0.6850 0.1799 0.0312 0.7494 0.8227 0.7217
230 231 232 0.0265 0.7935 0.9580 0.3751 0.9627 0.7942 0.4676 0.5975
231 232 233 0.7365 0.4453 0.5389 0.3441 0.9695 0.1880 0.5121 0.1405
232 233 234 0.5234 0.9721 0.2767 0.7398 0.4184 0.2992 0.5579 0.4142
233 234 235 0.1422 0.6239 0.4871 0.2644 0.8056 0.5041 0.6436 0.3219
234 235 236 0.9914 0.3812 0.8276 0.3468 0.4941 0.7037 0.8133 0.7077
235 236 237 0.8423 0.7993 0.0257 0.6648 0.7292 0.0263 0.9798 0.4184
236 237 238 0.8613 0.1320 0.4986 0.4387 0.0686 0.6106 0.3033 0.6278
237 238 239 0.4855 0.8777 0.7094 0.0512 0.9667 0.9106 0.6129 0.6670
238 239 240 0.1737 0.8654 0.2413 0.4134 0.7469 0.0087 0.1418 0.0526
239 240 241 0.6167 0.5714 0.2131 0.1056 0.2050 0.2258 0.4094 0.4340
240 241 242 0.6331 0.8093 0.6241 0.1482 0.7981 0.4227 0.0800 0.3892
241 242 243 0.1512 0.0839 0.3514 0.6492 0.6909 0.3532 0.5016 0.4340
242 243 244 0.2743 0.0929 0.6832 0.5181 0.8067 0.7755 0.0771 0.4778
243 244 245 0.7612 0.5400 0.6487 0.7497 0.9020 0.1673 0.8534 0.5083
244 245 246 0.0734 0.1754 0.7168 0.6211 0.4399 0.5697 0.3033 0.0899
245 246 247 0.4883 0.6716 0.4943 0.7049 0.3037 0.6786 0.9812 0.0800
246 247 248 0.7804 0.6792 0.9008 0.1576 0.5848 0.7212 0.6443 0.7337
247 248 249 0.3618 0.3221 0.2345 0.5976 0.2622 0.0633 0.6722 0.2353
248 249 250 0.5100 0.0361 0.1657 0.9854 0.8083 0.6603 0.2547 0.7338
249 250 251 0.5174 0.1287 0.0377 0.1131 0.7972 0.0885 0.0221 0.7777
250 251 252 0.0795 0.2950 0.8702 0.4573 0.2105 0.3795 0.3070 0.8479
251 252 253 0.5978 0.1589 0.0284 0.8070 0.2368 0.8910 0.4711 0.9019
252 253 254 0.8009 0.8063 0.5983 0.2997 0.1866 0.8882 0.0736 0.8726
253 254 255 0.6682 0.5178 0.4646 0.0186 0.8819 0.0416 0.4378 0.5536
254 255 256 0.9162 0.7513 0.0744 0.7649 0.5898 0.5432 0.0290 0.6548
255 256 257 0.3124 0.1795 0.6399 0.0459 0.2118 0.6953 0.3533 0.1146
256 257 258 0.2244 0.5098 0.0005 0.5685 0.7811 0.6423 0.3015 0.3269
257 258 259 0.1463 0.9098 0.0048 0.0394 0.9533 0.4827 0.0235 0.1038
258 259 260 0.0549 0.7872 0.8028 0.9115 0.1948 0.8014 0.2756 0.1512
259 260 261 0.6944 0.0305 0.3324 0.7139 0.7687 0.3743 0.7222 0.3849
260 261 262 0.7308 0.9973 0.6008 0.5749 0.3205 0.1899 0.3151 0.1252
261 262 263 0.8924 0.6259 0.6669 0.1071 0.1772 0.0032 0.5450 0.9957
262 263 264 0.9904 0.6930 0.9211 0.3607 0.8500 0.9073 0.1735 0.5193
263 264 265 0.0114 0.7679 0.3467 0.3576 0.2452 0.0435 0.4216 0.2158
264 265 266 0.6409 0.1174 0.7460 0.2571 0.5346 0.9571 0.6404 0.3431
265 266 267 0.5467 0.3550 0.9927 0.7605 0.3109 0.5275 0.0640 0.3669
266 267 268 0.6711 0.8312 0.7950 0.5213 0.3665 0.4958 0.6644 0.9679
267 268 269 0.3860 0.5207 0.0959 0.0520 0.2633 0.2835 0.8801 0.3143
268 269 270 0.1374 0.2065 0.2155 0.0667 0.2716 0.4539 0.1392 0.0634
269 270 271 0.0804 0.9028 0.1578 0.8417 0.9527 0.4360 0.9780 0.6017
270 271 272 0.4286 0.8617 0.5910 0.1639 0.5690 0.9741 0.4613 0.6933
271 272 273 0.2703 0.1564 0.7475 0.7154 0.8873 0.6945 0.7487 0.0093
272 273 274 0.7267 0.4043 0.1798 0.5177 0.6840 0.9597 0.5712 0.0032
273 274 275 0.0655 0.8455 0.5210 0.1159 0.5905 0.2788 0.9409 0.1352
274 275 276 0.0351 0.2596 0.8759 0.8392 0.9441 0.7789 0.8126 0.0814
275 276 277 0.0965 0.8309 0.1176 0.4155 0.6890 0.9619 0.4198 0.9246
276 277 278 0.8209 0.8011 0.2147 0.0937 0.2178 0.1475 0.1110 0.9599
277 278 000 0.4014 0.9168 0.8109 0.7851 0.0254 0.1171 0.6892 0.3099
278 000 001 0.6757 0.2856 0.4477 0.4669 0.4536 0.6282 0.5442 0.4929
