279 155682 3 279
000 001 002 0.9824 0.2667 0.0168 0.9092 0.0407 0.2144 0.6970 0.0602
001 002 003 0.6203 0.1121 0.5678 0.5412 0.9367 0.0398 0.6824 0.0938
002 003 004 0.2417 0.2704 0.3527 0.5014 0.3332 0.0734 0.5719 0.3477
003 004 005 0.8771 0.4861 0.0359 0.8023 0.0198 0.4678 0.3381 0.1965
004 005 006 0.4314 0.7695 0.2009 0.3150 0.3669 0.5236 0.0027 0.7242
005 006 007 0.2994 0.1670 0.1853 0.4202 0.0934 0.9992 0.7943 0.6391
006 007 008 0.7106 0.5558 0.6287 0.7027 0.8244 0.7034 0.3195 0.0937
007 008 009 0.5793 0.4449 0.3857 0.8548 0.9588 0.1132 0.6272 0.5532
008 009 010 0.6303 0.2775 0.8903 0.3488 0.7472 0.3508 0.8760 0.5634
009 010 011 0.9910 0.0386 0.6425 0.9153 0.8901 0.0661 0.0659 0.9792
010 011 012 0.3345 0.1284 0.7803 0.6454 0.1142 0.1338 0.8295 0.3241
011 012 013 0.6476 0.7269 0.8131 0.2262 0.1011 0.5396 0.5834 0.1860
012 013 014 0.5485 0.0179 0.0328 0.3430 0.4526 0.2278 0.8093 0.0566
013 014 015 0.9874 0.4268 0.7315 0.4807 0.2340 0.5315 0.7140 0.5170
014 015 016 0.0493 0.0205 0.1295 0.3327 0.5274 0.2142 0.6438 0.5245
015 016 017 0.3114 0.6757 0.3833 0.9103 0.7627 0.2728 0.0169 0.1895
016 017 018 0.2848 0.5413 0.2000 0.7310 0.1028 0.8025 0.5309 0.1599
017 018 019 0.5571 0.8833 0.1981 0.4835 0.1176 0.3644 0.0048 0.7901
018 019 020 0.1628 0.6965 0.6384 0.7635 0.7573 0.9552 0.5132 0.3627
019 020 021 0.9381 0.5436 0.7048 0.1498 0.8932 0.3121 0.1248 0.2563
020 021 022 0.0796 0.0110 0.9239 0.2463 0.9864 0.5634 0.6589 0.3789
021 022 023 0.8395 0.7774 0.6921 0.1148 0.5782 0.7658 0.0470 0.9424
022 023 024 0.3937 0.6423 0.8052 0.3070 0.6556 0.3757 0.9802 0.8701
023 024 025 0.6127 0.1461 0.0373 0.4953 0.1428 0.8281 0.3769 0.3198
024 025 026 0.3204 0.3443 0.3386 0.5444 0.4768 0.7020 0.1770 0.0484
025 026 027 0.4475 0.9628 0.0503 0.5238 0.8127 0.0588 0.5245 0.7802
026 027 028 0.2505 0.6423 0.5766 0.8260 0.6739 0.6610 0.6822 0.8476
027 028 029 0.7678 0.8648 0.2200 0.2309 0.1430 0.5041 0.5094 0.0172
028 029 030 0.1225 0.5036 0.9353 0.8619 0.5585 0.8788 0.1532 0.4831
029 030 031 0.5092 0.3952 0.1586 0.3951 0.8990 0.7193 0.4220 0.4739
030 031 032 0.6011 0.8960 0.8387 0.8822 0.0918 0.1772 0.3189 0.9760
031 032 033 0.1577 0.3529 0.3144 0.9000 0.1222 0.4446 0.9066 0.2722
032 033 034 0.8091 0.1492 0.6761 0.0052 0.0719 0.8535 0.6935 0.1273
033 034 035 0.1268 0.8443 0.2021 0.5966 0.7177 0.5837 0.1572 0.4784
034 035 036 0.6314 0.5233 0.3389 0.2310 0.1499 0.4851 0.1828 0.5350
035 036 037 0.8827 0.5509 0.0818 0.3750 0.7006 0.3812 0.6417 0.2382
036 037 038 0.8324 0.7420 0.8717 0.5989 0.1910 0.3956 0.9982 0.7768
037 038 039 0.4818 0.2487 0.4808 0.6820 0.0329 0.9464 0.1155 0.4540
038 039 040 0.8669 0.2001 0.6419 0.5589 0.8897 0.3220 0.1356 0.1822
039 040 041 0.0182 0.1070 0.9334 0.4463 0.6382 0.7191 0.0277 0.0819
040 041 042 0.7916 0.4464 0.6996 0.9701 0.7749 0.0939 0.8938 0.5734
041 042 043 0.4346 0.5620 0.3557 0.5672 0.8340 0.4040 0.6121 0.9429
042 043 044 0.9538 0.0719 0.2014 0.4719 0.8123 0.4178 0.6022 0.9802
043 044 045 0.2753 0.0422 0.8075 0.1329 0.6238 0.4195 0.4614 0.0767
044 045 046 0.4626 0.6738 0.9209 0.1821 0.5987 0.2266 0.1156 0.3783
045 046 047 0.3451 0.2288 0.5279 0.9216 0.2691 0.6620 0.2488 0.9000
046 047 048 0.6066 0.8263 0.5036 0.0742 0.0021 0.4776 0.8444 0.9660
047 048 049 0.8437 0.6139 0.3722 0.0746 0.5564 0.7256 0.9833 0.9611
048 049 050 0.6783 0.2233 0.9066 0.8806 0.0316 0.3907 0.9027 0.5730
049 050 051 0.0487 0.8483 0.3369 0.3782 0.1698 0.6499 0.7140 0.8218
050 051 052 0.2948 0.9300 0.1932 0.1605 0.9935 0.1579 0.8808 0.6977
051 052 053 0.0024 0.4506 0.5389 0.1476 0.3121 0.6532 0.1079 0.7295
052 053 054 0.9181 0.9174 0.9997 0.2574 0.0066 0.3184 0.8682 0.8410
053 054 055 0.3554 0.3243 0.7464 0.5416 0.5136 0.4228 0.4560 0.5100
054 055 056 0.3474 0.3867 0.1820 0.5628 0.8038 0.3893 0.3098 0.1706
055 056 057 0.9867 0.7304 0.0261 0.0038 0.7798 0.6111 0.1355 0.4678
056 057 058 0.8459 0.7742 0.4044 0.0090 0.8654 0.3363 0.2461 0.5724
057 058 059 0.2515 0.0369 0.3372 0.1199 0.2374 0.6664 0.2646 0.7252
058 059 060 0.6740 0.3889 0.6971 0.8076 0.9035 0.5447 0.9275 0.9980
059 060 061 0.8701 0.4525 0.3729 0.0934 0.8677 0.3729 0.9636 0.7519
060 061 062 0.5828 0.9021 0.2215 0.8898 0.0356 0.5541 0.1585 0.9340
061 062 063 0.1229 0.2124 0.1063 0.4913 0.4589 0.8646 0.1841 0.0441
062 063 064 0.7163 0.0847 0.2247 0.9193 0.7436 0.5366 0.5656 0.7350
063 064 065 0.0588 0.0712 0.1574 0.7507 0.6472 0.7666 0.1554 0.6770
064 065 066 0.5975 0.0351 0.2537 0.1273 0.4943 0.6844 0.2719 0.4713
065 066 067 0.3076 0.7809 0.5264 0.7785 0.9249 0.4207 0.3109 0.6623
066 067 068 0.2861 0.0242 0.4020 0.0774 0.7085 0.1395 0.1962 0.7689
067 068 069 0.3424 0.0169 0.5691 0.4479 0.2919 0.3012 0.5241 0.4747
068 069 070 0.8319 0.8775 0.8679 0.9213 0.4522 0.9716 0.7995 0.7508
069 070 071 0.1545 0.1127 0.1867 0.0529 0.0802 0.8956 0.6275 0.5495
070 071 072 0.0046 0.1422 0.2071 0.6762 0.2334 0.1339 0.6194 0.3906
071 072 073 0.7292 0.8973 0.9542 0.0273 0.0967 0.7341 0.9601 0.3733
072 073 074 0.0718 0.6417 0.0800 0.1394 0.0539 0.0606 0.7626 0.3986
073 074 075 0.4877 0.5436 0.7615 0.4150 0.3168 0.0089 0.9854 0.4064
074 075 076 0.1974 0.6629 0.2928 0.6935 0.0861 0.2952 0.3161 0.1247
075 076 077 0.9831 0.1611 0.6527 0.2310 0.6352 0.9401 0.8899 0.6279
076 077 078 0.3562 0.8480 0.1986 0.2700 0.4345 0.7153 0.5197 0.9366
077 078 079 0.3570 0.9715 0.2338 0.1593 0.7826 0.8146 0.6474 0.3467
078 079 080 0.6868 0.7780 0.8561 0.6418 0.8255 0.3050 0.2512 0.5167
079 080 081 0.5893 0.4604 0.8876 0.1186 0.7253 0.6663 0.5791 0.9106
080 081 082 0.1898 0.1602 0.4631 0.8596 0.1639 0.5431 0.1815 0.7466
081 082 083 0.4694 0.8596 0.1600 0.7164 0.3639 0.8361 0.9670 0.0768
082 083 084 0.4566 0.6301 0.8782 0.2793 0.0434 0.2875 0.0384 0.1312
083 084 085 0.8924 0.9909 0.5197 0.9887 0.4845 0.7057 0.1668 0.7713
084 085 086 0.7013 0.2314 0.7014 0.9167 0.6713 0.1398 0.1487 0.0190
085 086 087 0.6132 0.3852 0.2511 0.1975 0.7008 0.2017 0.9243 0.1993
086 087 088 0.5182 0.3505 0.7995 0.1471 0.7300 0.7678 0.4483 0.5949
087 088 089 0.6854 0.5715 0.3487 0.6828 0.0392 0.2136 0.7014 0.1410
088 089 090 0.5053 0.9533 0.0177 0.2681 0.2605 0.9765 0.2725 0.3736
089 090 091 0.6277 0.8060 0.0667 0.1136 0.7691 0.7236 0.5871 0.5887
090 091 092 0.8103 0.3120 0.6563 0.4360 0.8998 0.1508 0.5452 0.7645
091 092 093 0.1464 0.9446 0.1846 0.6107 0.9458 0.6873 0.4911 0.0748
092 093 094 0.1886 0.9456 0.0759 0.6673 0.6144 0.5131 0.5248 0.7945
093 094 095 0.2720 0.6044 0.6626 0.9194 0.8136 0.5855 0.9782 0.9293
094 095 096 0.7102 0.2296 0.5477 0.0327 0.0736 0.7648 0.7094 0.4003
095 096 097 0.9896 0.2889 0.9940 0.2720 0.7393 0.0450 0.9892 0.2006
096 097 098 0.7808 0.6070 0.9687 0.2473 0.1987 0.6569 0.5975 0.0573
097 098 099 0.0129 0.1920 0.7043 0.1943 0.9849 0.5992 0.2832 0.4217
098 099 100 0.6586 0.6278 0.0449 0.6736 0.3059 0.1045 0.9332 0.4864
099 100 101 0.9436 0.1159 0.2690 0.0047 0.8669 0.0418 0.0419 0.5323
100 101 102 0.3862 0.2275 0.2872 0.3047 0.5863 0.0900 0.2255 0.4560
101 102 103 0.2564 0.4957 0.3275 0.3181 0.1060 0.7720 0.3888 0.1750
102 103 104 0.0640 0.5165 0.4299 0.1163 0.3624 0.8396 0.4330 0.9472
103 104 105 0.4821 0.4966 0.0474 0.8328 0.6390 0.1613 0.3472 0.4987
104 105 106 0.8325 0.9600 0.6391 0.0529 0.8979 0.9034 0.9598 0.4602
105 106 107 0.0856 0.2893 0.0730 0.1417 0.6500 0.6514 0.9622 0.8824
106 107 108 0.3086 0.9556 0.3018 0.8965 0.8221 0.4233 0.0381 0.7428
107 108 109 0.1966 0.6318 0.2384 0.5700 0.1118 0.4080 0.3294 0.6125
108 109 110 0.4035 0.5279 0.1182 0.5141 0.1019 0.7780 0.0404 0.8609
109 110 111 0.4052 0.9744 0.2871 0.3418 0.1274 0.5256 0.3036 0.7950
110 111 112 0.4943 0.5949 0.0017 0.1559 0.2313 0.2100 0.3671 0.6812
111 112 113 0.7588 0.5505 0.9618 0.8131 0.9274 0.7291 0.6661 0.7556
112 113 114 0.8050 0.1970 0.5134 0.8369 0.7636 0.7841 0.5581 0.8807
113 114 115 0.9140 0.3795 0.4592 0.0278 0.0919 0.2857 0.0965 0.2614
114 115 116 0.2917 0.3027 0.3665 0.2161 0.6710 0.5269 0.5669 0.5122
115 116 117 0.6833 0.3723 0.2018 0.7353 0.1893 0.4614 0.8465 0.2195
116 117 118 0.7798 0.1486 0.4378 0.0498 0.1098 0.4805 0.5944 0.7901
117 118 119 0.2836 0.2486 0.0375 0.8308 0.0814 0.2985 0.3558 0.5374
118 119 120 0.0751 0.2075 0.2436 0.6604 0.9977 0.6339 0.2749 0.8510
119 120 121 0.4165 0.1279 0.7214 0.5629 0.6281 0.7633 0.6583 0.7530
120 121 122 0.8878 0.3944 0.1764 0.9085 0.2362 0.4710 0.2180 0.5959
121 122 123 0.2476 0.6104 0.4145 0.9753 0.0150 0.1695 0.3434 0.7534
122 123 124 0.1670 0.6190 0.8854 0.8771 0.2494 0.3456 0.3246 0.5464
123 124 125 0.3950 0.2370 0.7211 0.5055 0.6409 0.1045 0.1018 0.9408
124 125 126 0.3043 0.7899 0.1125 0.6464 0.9710 0.7364 0.8311 0.8362
125 126 127 0.7227 0.6136 0.6076 0.5933 0.9780 0.2172 0.3375 0.9864
126 127 128 0.5510 0.4000 0.2198 0.8635 0.6315 0.3342 0.6104 0.3705
127 128 129 0.2079 0.4874 0.8534 0.7127 0.1826 0.9527 0.5228 0.5967
128 129 130 0.5688 0.4626 0.5895 0.3584 0.7984 0.2697 0.8136 0.9337
129 130 131 0.5854 0.3340 0.6403 0.5188 0.0177 0.0572 0.4334 0.9169
130 131 132 0.2496 0.2180 0.4240 0.8248 0.4496 0.4200 0.8484 0.8938
131 132 133 0.0993 0.8082 0.3158 0.0882 0.6174 0.8140 0.1656 0.7905
132 133 134 0.4345 0.7382 0.9475 0.8250 0.2708 0.4746 0.5772 0.5846
133 134 135 0.1794 0.3978 0.8252 0.2067 0.1202 0.9947 0.4485 0.6631
134 135 136 0.2730 0.1499 0.0408 0.6383 0.9577 0.8830 0.8484 0.6498
135 136 137 0.8591 0.1701 0.1967 0.1044 0.6485 0.8920 0.8852 0.6114
136 137 138 0.6508 0.3331 0.7136 0.0013 0.8806 0.4285 0.4478 0.7435
137 138 139 0.1196 0.0304 0.1377 0.3783 0.1078 0.5801 0.9112 0.3840
138 139 140 0.7929 0.0992 0.3080 0.0306 0.2606 0.7562 0.0072 0.4818
139 140 141 0.0426 0.6649 0.1585 0.1851 0.3076 0.3113 0.0975 0.1122
140 141 142 0.8673 0.6009 0.8353 0.2456 0.9691 0.5679 0.0540 0.4317
141 142 143 0.2386 0.5675 0.6450 0.3876 0.3898 0.4201 0.4721 0.3815
142 143 144 0.8417 0.3394 0.5559 0.8845 0.0617 0.6185 0.9684 0.8144
143 144 145 0.2446 0.5088 0.0320 0.0965 0.2018 0.2668 0.3792 0.3753
144 145 146 0.9497 0.5621 0.6253 0.3583 0.7905 0.1180 0.7618 0.8337
145 146 147 0.8289 0.1366 0.5552 0.1161 0.2867 0.8991 0.5549 0.0693
146 147 148 0.0002 0.4188 0.0242 0.3665 0.2470 0.4387 0.2366 0.0762
147 148 149 0.4716 0.8289 0.2500 0.9089 0.1065 0.4892 0.6263 0.0176
148 149 150 0.2796 0.2637 0.7733 0.7477 0.0483 0.5437 0.1258 0.1405
149 150 151 0.3374 0.2309 0.8561 0.7102 0.0522 0.7742 0.4451 0.3650
150 151 152 0.5374 0.9134 0.0847 0.6414 0.3509 0.3476 0.2640 0.2641
151 152 153 0.2347 0.4017 0.6970 0.0019 0.0097 0.5072 0.2349 0.0836
152 153 154 0.2057 0.7872 0.0894 0.4713 0.9792 0.8900 0.2558 0.5801
153 154 155 0.6220 0.4733 0.4749 0.6329 0.4662 0.8011 0.2356 0.3198
154 155 156 0.3054 0.7281 0.4988 0.9560 0.4738 0.9443 0.1036 0.5821
155 156 157 0.9868 0.8185 0.1287 0.8856 0.6573 0.2171 0.6135 0.6262
156 157 158 0.4979 0.2468 0.4329 0.8493 0.0677 0.1727 0.1411 0.2548
157 158 159 0.4443 0.9564 0.8034 0.6054 0.3511 0.1404 0.1623 0.9751
158 159 160 0.5487 0.9516 0.4697 0.2109 0.7680 0.7191 0.4516 0.6955
159 160 161 0.2792 0.1019 0.8917 0.8133 0.8940 0.0202 0.0825 0.7081
160 161 162 0.8792 0.3123 0.6479 0.6067 0.8704 0.4899 0.3733 0.4009
161 162 163 0.2454 0.3545 0.4446 0.7874 0.0487 0.7268 0.6436 0.8790
162 163 164 0.1407 0.6367 0.1469 0.1071 0.1604 0.0431 0.4760 0.9124
163 164 165 0.3736 0.6452 0.9945 0.4458 0.9424 0.3632 0.6883 0.0571
164 165 166 0.3044 0.9864 0.6635 0.5840 0.1389 0.8834 0.2524 0.2508
165 166 167 0.3051 0.3243 0.7710 0.0746 0.2605 0.1177 0.5400 0.9968
166 167 168 0.0877 0.1803 0.6799 0.0941 0.0464 0.3179 0.1852 0.6485
167 168 169 0.6134 0.9762 0.6470 0.5622 0.9017 0.7493 0.6656 0.0514
168 169 170 0.7866 0.6744 0.4441 0.5811 0.4846 0.3178 0.6546 0.7905
169 170 171 0.4122 0.7398 0.6498 0.9792 0.3212 0.2445 0.1096 0.1385
170 171 172 0.1270 0.4833 0.4147 0.6957 0.9242 0.9501 0.9353 0.5403
171 172 173 0.0624 0.4274 0.1494 0.2150 0.7987 0.4103 0.0043 0.3343
172 173 174 0.0286 0.4713 0.5572 0.5873 0.3599 0.5250 0.8644 0.4355
173 174 175 0.4537 0.7833 0.4935 0.2585 0.3067 0.6724 0.9294 0.6328
174 175 176 0.1653 0.6234 0.6480 0.1345 0.1614 0.5278 0.1437 0.5699
175 176 177 0.1120 0.9632 0.5352 0.3087 0.1984 0.2071 0.0905 0.6471
176 177 178 0.7724 0.3595 0.7773 0.8736 0.3656 0.9571 0.4964 0.7797
177 178 179 0.6006 0.6893 0.7568 0.1793 0.1117 0.5938 0.3512 0.2171
178 179 180 0.8627 0.0716 0.7631 0.6707 0.0585 0.7063 0.3887 0.5211
179 180 181 0.0262 0.9802 0.2432 0.8572 0.9971 0.0252 0.2264 0.8684
180 181 182 0.8043 0.0624 0.4228 0.7066 0.3584 0.0628 0.5060 0.2466
181 182 183 0.7207 0.2950 0.9366 0.0388 0.0056 0.3332 0.7970 0.7088
182 183 184 0.8217 0.7125 0.1572 0.1954 0.6324 0.0385 0.3986 0.2080
183 184 185 0.2365 0.9845 0.7581 0.0844 0.5198 0.2026 0.7376 0.6429
184 185 186 0.0956 0.0906 0.4813 0.0350 0.4764 0.9775 0.3696 0.2933
185 186 187 0.7454 0.9910 0.5378 0.6942 0.3689 0.9224 0.1209 0.0236
186 187 188 0.6206 0.5741 0.7562 0.8253 0.3178 0.2933 0.7923 0.3375
187 188 189 0.9156 0.7616 0.0409 0.6619 0.0099 0.8331 0.0567 0.4989
188 189 190 0.5080 0.2768 0.8758 0.8428 0.3547 0.4698 0.6365 0.2160
189 190 191 0.8128 0.1893 0.9745 0.1867 0.0287 0.9818 0.1930 0.4858
190 191 192 0.9639 0.6869 0.7495 0.0479 0.4213 0.8241 0.1983 0.1161
191 192 193 0.5236 0.7312 0.2244 0.3172 0.0744 0.0733 0.0548 0.2372
192 193 194 0.8946 0.2645 0.4927 0.3957 0.9865 0.8699 0.5467 0.5621
193 194 195 0.7285 0.1358 0.6609 0.1184 0.7837 0.2639 0.4236 0.1233
194 195 196 0.0868 0.7872 0.2962 0.6808 0.2740 0.6241 0.8789 0.8790
195 196 197 0.4175 0.4191 0.1039 0.9579 0.6536 0.9582 0.1832 0.6738
196 197 198 0.9112 0.4001 0.7357 0.4137 0.8588 0.8521 0.3194 0.1426
197 198 199 0.6940 0.5652 0.8498 0.4886 0.0320 0.3786 0.9738 0.1980
198 199 200 0.7572 0.1141 0.9586 0.3260 0.3726 0.8017 0.6366 0.0121
199 200 201 0.7601 0.9593 0.6411 0.6126 0.7716 0.9291 0.8926 0.3619
200 201 202 0.9394 0.6815 0.9285 0.4120 0.6518 0.8208 0.8285 0.0129
201 202 203 0.9491 0.6345 0.4969 0.9531 0.6357 0.4106 0.0779 0.4505
202 203 204 0.2811 0.2637 0.8104 0.2231 0.4874 0.6165 0.9126 0.1335
203 204 205 0.6924 0.8780 0.7570 0.7559 0.5089 0.1666 0.0497 0.1935
204 205 206 0.4133 0.3979 0.4296 0.2130 0.5944 0.8837 0.5872 0.4423
205 206 207 0.1337 0.9334 0.3897 0.5400 0.1743 0.6081 0.7537 0.8123
206 207 208 0.0980 0.3605 0.6760 0.3937 0.6074 0.0033 0.3422 0.2657
207 208 209 0.4595 0.6618 0.5162 0.6236 0.1618 0.2836 0.1345 0.0409
208 209 210 0.6758 0.5426 0.8503 0.5952 0.7832 0.7780 0.5058 0.4442
209 210 211 0.1494 0.1663 0.0935 0.7401 0.2524 0.8830 0.5344 0.1690
210 211 212 0.4583 0.3181 0.8034 0.8294 0.6902 0.8262 0.5660 0.5376
211 212 213 0.1404 0.9325 0.3258 0.9709 0.7363 0.8195 0.9813 0.9870
212 213 214 0.2767 0.2310 0.8500 0.0949 0.8016 0.6534 0.7757 0.0006
213 214 215 0.5004 0.4927 0.8381 0.4522 0.8552 0.7196 0.6923 0.2513
214 215 216 0.6502 0.0840 0.8908 0.7478 0.1301 0.1814 0.2747 0.9718
215 216 217 0.4460 0.1928 0.3492 0.9279 0.3208 0.6450 0.2467 0.8460
216 217 218 0.4735 0.7926 0.8283 0.7047 0.0311 0.8531 0.1819 0.1037
217 218 219 0.7415 0.5085 0.5263 0.8717 0.0755 0.1335 0.8464 0.5771
218 219 220 0.0894 0.7608 0.1475 0.4214 0.8461 0.8466 0.5489 0.1302
219 220 221 0.3930 0.6217 0.7307 0.7236 0.7450 0.7635 0.4606 0.9033
220 221 222 0.6540 0.1454 0.3107 0.7077 0.3605 0.6220 0.9286 0.4915
221 222 223 0.0919 0.3728 0.9467 0.0261 0.4936 0.0357 0.4755 0.3484
222 223 224 0.8430 0.9442 0.0974 0.6908 0.7995 0.2771 0.8338 0.5269
223 224 225 0.5001 0.5118 0.6973 0.9457 0.5624 0.7294 0.8895 0.5198
224 225 226 0.2107 0.3373 0.4792 0.5133 0.1807 0.4481 0.7591 0.8280
225 226 227 0.3227 0.8352 0.7388 0.3366 0.7649 0.9252 0.3559 0.3290
226 227 228 0.5176 0.5159 0.5814 0.7690 0.5743 0.0223 0.8796 0.7488
227 228 229 0.0292 0.3806 0.8289 0.8851 0.6814 0.8236 0.5894 0.2712
228 229 230 0.0622 0.7840 0.2536 0.6736 0.1504 0.8015 0.6238 0.4192
229 230 231 0.3508 0.4843 0.0985 0.4790 0.4368 0.2482 0.8019 0.2977
230 231 232 0.4557 0.5100 0.3035 0.3960 0.9744 0.9105 0.0252 0.3507
231 232 233 0.3649 0.2274 0.5311 0.0518 0.8770 0.9128 0.5704 0.0642
232 233 234 0.5360 0.8836 0.4398 0.2333 0.4572 0.9558 0.1694 0.4797
233 234 235 0.5854 0.6640 0.2014 0.7211 0.0081 0.6747 0.4900 0.9855
234 235 236 0.3690 0.5385 0.8292 0.0466 0.5414 0.0355 0.3834 0.9180
235 236 237 0.5545 0.9031 0.8961 0.2810 0.6204 0.5883 0.2682 0.6833
236 237 238 0.0921 0.7673 0.9530 0.4369 0.9111 0.6806 0.7247 0.7258
237 238 239 0.0686 0.0371 0.6682 0.5478 0.5975 0.6409 0.8130 0.4895
238 239 240 0.6428 0.6834 0.6375 0.4347 0.9123 0.3020 0.5891 0.7455
239 240 241 0.8270 0.6139 0.8904 0.1439 0.5362 0.5141 0.3099 0.0593
240 241 242 0.2563 0.5887 0.9554 0.0904 0.6777 0.5918 0.0581 0.4291
241 242 243 0.6812 0.6151 0.3152 0.8273 0.3049 0.5634 0.6795 0.1768
242 243 244 0.5063 0.4187 0.8984 0.0317 0.4141 0.7160 0.4850 0.0570
243 244 245 0.2080 0.5838 0.6006 0.5827 0.9388 0.3914 0.9646 0.4331
244 245 246 0.0555 0.6707 0.6413 0.0552 0.4707 0.5992 0.3459 0.1425
245 246 247 0.3506 0.7101 0.4509 0.9462 0.7964 0.9941 0.7670 0.3088
246 247 248 0.4316 0.7205 0.4602 0.7374 0.1587 0.1299 0.0578 0.0185
247 248 249 0.1584 0.3115 0.8690 0.7073 0.9444 0.4685 0.2459 0.5019
248 249 250 0.0197 0.9190 0.2878 0.1435 0.7490 0.7890 0.5836 0.1705
249 250 251 0.1888 0.7508 0.9490 0.3597 0.2094 0.9781 0.8891 0.2175
250 251 252 0.9585 0.8040 0.2779 0.1734 0.7665 0.1613 0.5379 0.8035
251 252 253 0.7928 0.5232 0.1989 0.4310 0.5882 0.4018 0.5211 0.4855
252 253 254 0.9048 0.3725 0.6240 0.8405 0.6312 0.1296 0.3243 0.8901
253 254 255 0.4701 0.8634 0.2467 0.3195 0.1194 0.7109 0.0718 0.6169
254 255 256 0.8451 0.9159 0.6548 0.7273 0.3184 0.0020 0.7578 0.2264
255 256 257 0.0256 0.9591 0.9595 0.7832 0.2857 0.8632 0.7405 0.6410
256 257 258 0.9427 0.4335 0.3928 0.0557 0.7966 0.1599 0.8333 0.8951
257 258 259 0.2786 0.4922 0.8621 0.7528 0.1446 0.1197 0.5165 0.4964
258 259 260 0.3458 0.6344 0.9530 0.2836 0.4564 0.3936 0.2404 0.0643
259 260 261 0.6849 0.3258 0.1788 0.3688 0.8756 0.1115 0.1508 0.7747
260 261 262 0.0341 0.9234 0.7449 0.9919 0.0673 0.3066 0.5238 0.8152
261 262 263 0.4681 0.7222 0.7304 0.7995 0.6862 0.1094 0.6970 0.8821
262 263 264 0.3185 0.4932 0.5155 0.3191 0.7278 0.9925 0.3409 0.7272
263 264 265 0.8654 0.2643 0.1680 0.7614 0.6281 0.5293 0.8107 0.3046
264 265 266 0.0053 0.8441 0.9694 0.6836 0.5044 0.9797 0.5395 0.3794
265 266 267 0.2864 0.2049 0.5710 0.3056 0.4145 0.5224 0.8232 0.6094
266 267 268 0.3000 0.9358 0.7376 0.4035 0.3537 0.4435 0.3874 0.3039
267 268 269 0.0970 0.6987 0.6289 0.9820 0.8170 0.0619 0.5549 0.5365
268 269 270 0.8592 0.8540 0.2723 0.6625 0.7234 0.1870 0.4990 0.3214
269 270 271 0.5929 0.0334 0.1354 0.7310 0.0472 0.9564 0.5559 0.4936
270 271 272 0.7084 0.9686 0.1609 0.7206 0.9193 0.0224 0.0637 0.3168
271 272 273 0.9312 0.4459 0.0486 0.7367 0.9673 0.2785 0.3820 0.9703
272 273 274 0.9900 0.1936 0.5576 0.6791 0.5011 0.2513 0.0160 0.2570
273 274 275 0.0418 0.9676 0.9789 0.9108 0.4258 0.3096 0.9431 0.7609
274 275 276 0.8823 0.6634 0.8645 0.4899 0.0719 0.5155 0.8704 0.9127
275 276 277 0.4944 0.5125 0.2367 0.3921 0.5042 0.6542 0.6057 0.5315
276 277 278 0.1893 0.1114 0.1725 0.0434 0.1725 0.4610 0.3624 0.8321
277 278 000 0.9389 0.3871 0.2345 0.2847 0.1826 0.9846 0.9916 0.8362
278 000 001 0.3524 0.6804 0.1843 0.5978 0.1849 0.8504 0.7700 0.3322
