279 155682 3 279
000 001 002 0.8003 0.9402 0.0018 0.5532 0.4118 0.3509 0.3747 0.0108
001 002 003 0.0188 0.9648 0.5855 0.7840 0.8458 0.0075 0.1248 0.5414
002 003 004 0.4703 0.7731 0.0574 0.6191 0.4630 0.4903 0.2364 0.1000
003 004 005 0.8403 0.8433 0.7252 0.9934 0.1992 0.4115 0.3375 0.5777
004 005 006 0.1421 0.6235 0.0748 0.7519 0.1965 0.4266 0.7744 0.9931
005 006 007 0.8295 0.7679 0.3868 0.3492 0.5330 0.8840 0.1455 0.0456
006 007 008 0.0292 0.9788 0.3522 0.1479 0.2277 0.3977 0.3045 0.8709
007 008 009 0.4122 0.6638 0.9265 0.9536 0.6209 0.5532 0.9712 0.1110
008 009 010 0.4458 0.0588 0.2458 0.9648 0.4275 0.9743 0.6078 0.0461
009 010 011 0.2099 0.4679 0.9777 0.6592 0.8871 0.5444 0.8420 0.8874
010 011 012 0.8138 0.9870 0.6323 0.5046 0.8186 0.9888 0.4729 0.7865
011 012 013 0.0732 0.0840 0.6679 0.6972 0.2976 0.9423 0.4574 0.2630
012 013 014 0.6059 0.6693 0.2864 0.0066 0.8596 0.9109 0.3830 0.0974
013 014 015 0.5932 0.6459 0.8860 0.3451 0.5851 0.0056 0.0835 0.6533
014 015 016 0.7808 0.4182 0.7213 0.8882 0.6819 0.8531 0.0501 0.7760
015 016 017 0.0896 0.2376 0.6151 0.9340 0.1021 0.7942 0.1143 0.5335
016 017 018 0.0222 0.4193 0.7864 0.9322 0.9052 0.7236 0.1925 0.6671
017 018 019 0.1056 0.1850 0.0672 0.7843 0.1320 0.2189 0.6269 0.6333
018 019 020 0.5880 0.0671 0.6267 0.7578 0.2145 0.0099 0.3322 0.6754
019 020 021 0.7527 0.2857 0.1306 0.9536 0.6976 0.3075 0.0492 0.1246
020 021 022 0.1494 0.8126 0.1053 0.3964 0.7751 0.1830 0.9185 0.8696
021 022 023 0.3880 0.8181 0.7120 0.2935 0.9551 0.0741 0.9904 0.7066
022 023 024 0.7275 0.4655 0.6809 0.7102 0.7823 0.9446 0.5108 0.5147
023 024 025 0.4375 0.0901 0.1935 0.8218 0.1310 0.1899 0.5653 0.3622
024 025 026 0.1981 0.3440 0.6178 0.3414 0.6084 0.2747 0.2118 0.0616
025 026 027 0.7169 0.0856 0.3594 0.3734 0.8682 0.3528 0.9389 0.7374
026 027 028 0.3963 0.0636 0.6313 0.5539 0.4216 0.6634 0.5628 0.3959
027 028 029 0.1261 0.3497 0.4324 0.0410 0.0830 0.2066 0.9000 0.7952
028 029 030 0.0444 0.4514 0.3938 0.3201 0.8906 0.7754 0.0464 0.0085
029 030 031 0.5547 0.7389 0.1510 0.8409 0.0652 0.0415 0.2691 0.7476
030 031 032 0.7915 0.3598 0.9549 0.4473 0.5706 0.3405 0.9286 0.3932
031 032 033 0.5443 0.9748 0.6561 0.1270 0.6879 0.0037 0.2861 0.7789
032 033 034 0.2704 0.2979 0.5241 0.5208 0.6687 0.8241 0.8442 0.9432
033 034 035 0.8439 0.5142 0.0884 0.3373 0.4706 0.5130 0.9882 0.7016
034 035 036 0.8292 0.9281 0.4058 0.4484 0.6683 0.7946 0.5858 0.5391
035 036 037 0.6255 0.2700 0.9789 0.6508 0.9068 0.9929 0.3953 0.3632
036 037 038 0.3282 0.8599 0.5966 0.3304 0.7419 0.3187 0.9253 0.2615
037 038 039 0.9845 0.0903 0.0050 0.2236 0.7353 0.8964 0.8323 0.1648
038 039 040 0.5024 0.1183 0.1522 0.9989 0.6626 0.9885 0.8426 0.9972
039 040 041 0.3286 0.1465 0.9503 0.4474 0.6358 0.9847 0.2552 0.8720
040 041 042 0.7521 0.1152 0.2368 0.2888 0.8506 0.3370 0.1341 0.1080
041 042 043 0.5760 0.4981 0.8038 0.1001 0.3652 0.1712 0.4075 0.0412
042 043 044 0.0033 0.5275 0.5222 0.2910 0.2277 0.5784 0.9239 0.0802
043 044 045 0.8135 0.0421 0.4435 0.6024 0.4901 0.4862 0.5334 0.4204
044 045 046 0.8757 0.4802 0.7152 0.5439 0.3754 0.9620 0.4043 0.7419
045 046 047 0.5636 0.1444 0.7579 0.5308 0.7147 0.2145 0.9618 0.6654
046 047 048 0.1742 0.0253 0.8752 0.3888 0.1002 0.2284 0.3524 0.2667
047 048 049 0.5845 0.0198 0.9896 0.0835 0.4669 0.9206 0.6093 0.2516
048 049 050 0.0390 0.0531 0.3164 0.8377 0.9892 0.3749 0.9968 0.2293
049 050 051 0.5713 0.6959 0.2047 0.4071 0.8063 0.2997 0.4925 0.6345
050 051 052 0.1769 0.3871 0.9419 0.8248 0.9536 0.7454 0.8027 0.7557
051 052 053 0.8072 0.9140 0.8332 0.8700 0.9155 0.6800 0.5192 0.4235
052 053 054 0.3827 0.1069 0.3500 0.0198 0.0453 0.9036 0.0898 0.2709
053 054 055 0.1832 0.3921 0.0745 0.8872 0.5381 0.2277 0.0885 0.2483
054 055 056 0.8255 0.1563 0.9211 0.1121 0.5529 0.6104 0.8859 0.3776
055 056 057 0.3439 0.8881 0.9656 0.3895 0.6469 0.8587 0.1181 0.0295
056 057 058 0.3808 0.4533 0.0147 0.4532 0.8246 0.1736 0.4017 0.7772
057 058 059 0.9088 0.1158 0.6749 0.6734 0.6138 0.6407 0.6915 0.2470
058 059 060 0.5948 0.4336 0.7380 0.4633 0.2798 0.9058 0.5789 0.3489
059 060 061 0.2243 0.7532 0.2519 0.7174 0.1347 0.3334 0.7268 0.9762
060 061 062 0.2782 0.1411 0.9438 0.5441 0.4936 0.9739 0.6797 0.9995
061 062 063 0.1960 0.2504 0.5902 0.2404 0.7528 0.2306 0.4207 0.7736
062 063 064 0.1256 0.7570 0.8946 0.1614 0.7501 0.9172 0.5324 0.5921
063 064 065 0.6030 0.7954 0.7630 0.9027 0.2874 0.6757 0.5035 0.2827
064 065 066 0.4392 0.6608 0.6392 0.5083 0.3219 0.1354 0.4606 0.9736
065 066 067 0.9852 0.2892 0.7461 0.3219 0.9957 0.6558 0.2757 0.8731
066 067 068 0.5168 0.4192 0.5101 0.3732 0.8614 0.5151 0.6272 0.1863
067 068 069 0.0677 0.1900 0.5743 0.0919 0.5194 0.7184 0.3579 0.0476
068 069 070 0.0372 0.1706 0.4192 0.0145 0.4611 0.6855 0.7702 0.0475
069 070 071 0.3611 0.2437 0.1396 0.8279 0.9880 0.9220 0.1197 0.7925
070 071 072 0.8036 0.4646 0.0554 0.9400 0.9112 0.1143 0.2461 0.1693
071 072 073 0.4370 0.3571 0.7454 0.8458 0.5520 0.3388 0.5223 0.5483
072 073 074 0.3717 0.0460 0.0277 0.4092 0.4036 0.9421 0.2242 0.4188
073 074 075 0.8235 0.6745 0.1853 0.6830 0.9579 0.8180 0.9818 0.8699
074 075 076 0.7114 0.2856 0.9200 0.0405 0.3448 0.9338 0.6589 0.5062
075 076 077 0.8196 0.2615 0.5221 0.8777 0.3092 0.2740 0.3224 0.6984
076 077 078 0.2503 0.5360 0.2380 0.2743 0.7034 0.5087 0.6885 0.6237
077 078 079 0.7680 0.5163 0.6692 0.2384 0.1558 0.2807 0.5573 0.4408
078 079 080 0.5042 0.4484 0.8050 0.5251 0.6312 0.8434 0.2179 0.6711
079 080 081 0.0955 0.0265 0.2301 0.2462 0.4430 0.5089 0.6820 0.7636
080 081 082 0.3272 0.3636 0.5278 0.4679 0.3364 0.8718 0.7371 0.7435
081 082 083 0.7550 0.1900 0.8872 0.1093 0.6974 0.4137 0.8343 0.8903
082 083 084 0.1587 0.5147 0.5419 0.7846 0.8573 0.7636 0.3959 0.6898
083 084 085 0.7467 0.7171 0.9380 0.1612 0.0089 0.8711 0.5092 0.0815
084 085 086 0.2683 0.8879 0.3926 0.2279 0.7858 0.3603 0.5476 0.8641
085 086 087 0.0944 0.3301 0.1949 0.5765 0.0886 0.6490 0.2316 0.3890
086 087 088 0.9194 0.1337 0.6332 0.7652 0.1549 0.8005 0.1918 0.6274
087 088 089 0.0513 0.1146 0.0018 0.2653 0.3829 0.3847 0.0983 0.4160
088 089 090 0.1229 0.4763 0.7872 0.1434 0.8505 0.7378 0.4555 0.1649
089 090 091 0.0240 0.3316 0.8428 0.6310 0.3460 0.2880 0.4899 0.6331
090 091 092 0.6161 0.7352 0.0754 0.4115 0.3352 0.1573 0.9207 0.6599
091 092 093 0.7629 0.7110 0.5043 0.2405 0.1921 0.6268 0.5251 0.4818
092 093 094 0.8250 0.5987 0.0373 0.4390 0.9919 0.2323 0.4394 0.9601
093 094 095 0.6071 0.5632 0.4327 0.4306 0.0083 0.1200 0.1500 0.1421
094 095 096 0.8279 0.0009 0.9552 0.6537 0.1527 0.3569 0.6260 0.0063
095 096 097 0.6235 0.8546 0.3012 0.7317 0.2374 0.5572 0.0247 0.3615
096 097 098 0.9663 0.2586 0.6522 0.7382 0.7374 0.2432 0.8525 0.2073
097 098 099 0.0729 0.9274 0.9596 0.9584 0.6302 0.4628 0.6081 0.4415
098 099 100 0.9446 0.0785 0.4406 0.9489 0.5915 0.5114 0.9882 0.2322
099 100 101 0.2824 0.1485 0.8298 0.7311 0.4486 0.7719 0.5946 0.0892
100 101 102 0.0915 0.7711 0.0037 0.6699 0.5696 0.7572 0.2616 0.6280
101 102 103 0.8522 0.1402 0.6324 0.7465 0.8824 0.3800 0.3205 0.1896
102 103 104 0.8704 0.0914 0.1582 0.4938 0.7121 0.6389 0.3947 0.6280
103 104 105 0.7068 0.1880 0.5548 0.7442 0.7549 0.0441 0.4915 0.2799
104 105 106 0.0168 0.7398 0.9975 0.1255 0.8866 0.6327 0.9577 0.8637
105 106 107 0.8369 0.1337 0.8275 0.2182 0.9259 0.7838 0.4347 0.3495
106 107 108 0.1296 0.2449 0.2129 0.6088 0.8719 0.1897 0.6466 0.1302
107 108 109 0.5009 0.2777 0.8716 0.2330 0.7741 0.0823 0.0812 0.1324
108 109 110 0.2028 0.6488 0.6462 0.1418 0.9189 0.9465 0.6387 0.9599
109 110 111 0.0345 0.3531 0.8028 0.2094 0.9286 0.2869 0.3699 0.7677
110 111 112 0.6302 0.5039 0.4489 0.4429 0.0070 0.7100 0.6365 0.0191
111 112 113 0.3459 0.3256 0.2354 0.0331 0.5431 0.4438 0.9551 0.2658
112 113 114 0.8545 0.4034 0.3395 0.8005 0.3583 0.6840 0.5619 0.8889
113 114 115 0.4843 0.2705 0.3413 0.7381 0.5195 0.0528 0.8644 0.3997
114 115 116 0.7585 0.6818 0.8267 0.1573 0.4549 0.4066 0.5767 0.6212
115 116 117 0.5490 0.5209 0.6009 0.8064 0.5047 0.4021 0.4688 0.2959
116 117 118 0.9079 0.2618 0.4256 0.8402 0.0310 0.9662 0.7007 0.8046
117 118 119 0.9739 0.8375 0.3294 0.5479 0.5779 0.3229 0.3550 0.3748
118 119 120 0.0472 0.8460 0.0608 0.6305 0.8755 0.6528 0.2638 0.3679
119 120 121 0.5910 0.3466 0.3089 0.3811 0.9088 0.4183 0.6544 0.6526
120 121 122 0.5440 0.8821 0.1136 0.6452 0.2482 0.7096 0.6545 0.1459
121 122 123 0.6780 0.6988 0.2691 0.3579 0.5267 0.4118 0.6050 0.6137
122 123 124 0.5180 0.3788 0.5720 0.7633 0.3685 0.2354 0.6911 0.9924
123 124 125 0.9093 0.4664 0.0948 0.0829 0.2918 0.1638 0.1396 0.1504
124 125 126 0.5193 0.8819 0.3529 0.4577 0.6835 0.0288 0.5738 0.1744
125 126 127 0.0530 0.7877 0.5398 0.4409 0.8170 0.2082 0.9958 0.2787
126 127 128 0.3885 0.5658 0.8897 0.2382 0.4084 0.4698 0.9209 0.0142
127 128 129 0.0549 0.0096 0.1860 0.9718 0.6121 0.4447 0.5118 0.7634
128 129 130 0.7793 0.6552 0.0087 0.1720 0.0302 0.9235 0.9782 0.2136
129 130 131 0.8729 0.7557 0.3853 0.4006 0.0943 0.4674 0.2428 0.7553
130 131 132 0.4301 0.1004 0.5952 0.8070 0.0878 0.7260 0.5003 0.7641
131 132 133 0.1208 0.7600 0.6287 0.4614 0.7265 0.8477 0.5851 0.5236
132 133 134 0.0541 0.5897 0.1118 0.3829 0.9668 0.6981 0.8054 0.0184
133 134 135 0.7521 0.5544 0.5257 0.1863 0.0111 0.4172 0.0358 0.3361
134 135 136 0.5285 0.8639 0.0583 0.2657 0.6099 0.0502 0.4280 0.6735
135 136 137 0.0925 0.9021 0.5880 0.5146 0.4048 0.4828 0.0177 0.9111
136 137 138 0.6309 0.2910 0.1789 0.7500 0.6437 0.8686 0.0254 0.2806
137 138 139 0.6950 0.5232 0.1005 0.8823 0.8144 0.9513 0.3020 0.2599
138 139 140 0.8872 0.6399 0.1225 0.5803 0.1082 0.7385 0.7486 0.3408
139 140 141 0.2609 0.2557 0.5707 0.2548 0.6048 0.5521 0.6870 0.2014
140 141 142 0.1809 0.6258 0.6754 0.7126 0.4791 0.8389 0.5522 0.4950
141 142 143 0.5580 0.0167 0.3427 0.5438 0.2712 0.3309 0.9503 0.0442
142 143 144 0.8720 0.7565 0.0848 0.3415 0.1359 0.6941 0.1949 0.2110
143 144 145 0.6521 0.0707 0.9289 0.6001 0.7977 0.6048 0.4990 0.0238
144 145 146 0.2784 0.0864 0.4165 0.7961 0.6549 0.8876 0.5595 0.1743
145 146 147 0.4272 0.1965 0.2527 0.5086 0.0677 0.0964 0.6569 0.6750
146 147 148 0.0406 0.5262 0.9489 0.2636 0.1105 0.7204 0.3738 0.3194
147 148 149 0.6982 0.2054 0.4046 0.1075 0.9437 0.0821 0.7759 0.4898
148 149 150 0.0859 0.9818 0.6980 0.5152 0.1049 0.1213 0.0500 0.7495
149 150 151 0.0153 0.4176 0.1168 0.1285 0.8360 0.7556 0.1442 0.4832
150 151 152 0.7630 0.4519 0.1346 0.6175 0.4725 0.9321 0.3207 0.2416
151 152 153 0.4586 0.7432 0.5090 0.3592 0.4640 0.3012 0.8057 0.7782
152 153 154 0.1406 0.2071 0.0723 0.0368 0.0431 0.8531 0.5227 0.6990
153 154 155 0.6269 0.8296 0.3204 0.9581 0.0219 0.2570 0.7461 0.1043
154 155 156 0.5857 0.3165 0.6503 0.5661 0.7064 0.0460 0.4674 0.8236
155 156 157 0.2011 0.5885 0.9553 0.4819 0.0553 0.5361 0.1511 0.0400
156 157 158 0.8696 0.7129 0.5540 0.4656 0.6400 0.7962 0.2760 0.8535
157 158 159 0.7791 0.2579 0.4583 0.2202 0.9777 0.0252 0.0423 0.7156
158 159 160 0.2460 0.9952 0.7771 0.0188 0.5117 0.7912 0.2636 0.6042
159 160 161 0.3053 0.9912 0.7868 0.5449 0.9073 0.9565 0.8553 0.4958
160 161 162 0.0459 0.1688 0.8247 0.4396 0.8526 0.1336 0.0937 0.7197
161 162 163 0.0772 0.1084 0.5749 0.4261 0.7842 0.8222 0.5933 0.0528
162 163 164 0.0660 0.3897 0.8462 0.6653 0.5051 0.7946 0.4499 0.0854
163 164 165 0.9674 0.4646 0.9511 0.6772 0.9901 0.2739 0.6117 0.4585
164 165 166 0.2534 0.5252 0.9984 0.2843 0.4424 0.7899 0.3217 0.3287
165 166 167 0.4135 0.9775 0.8452 0.3382 0.4902 0.3214 0.2434 0.3933
166 167 168 0.6819 0.2210 0.5140 0.6356 0.0913 0.1618 0.3275 0.7735
167 168 169 0.3078 0.7258 0.6926 0.2618 0.3727 0.1486 0.4527 0.4441
168 169 170 0.5432 0.6650 0.7960 0.9176 0.1897 0.9439 0.4098 0.7752
169 170 171 0.5603 0.4075 0.0318 0.1035 0.3678 0.4437 0.8763 0.4774
170 171 172 0.4688 0.2608 0.9565 0.6632 0.8579 0.0085 0.3359 0.3966
171 172 173 0.5051 0.7753 0.9407 0.3291 0.7447 0.2671 0.7927 0.5608
172 173 174 0.8331 0.5005 0.3370 0.9313 0.4728 0.1637 0.6736 0.9541
173 174 175 0.3468 0.4607 0.1187 0.7001 0.2600 0.5624 0.9185 0.8326
174 175 176 0.5490 0.8805 0.6009 0.1452 0.4915 0.0679 0.1936 0.0287
175 176 177 0.4071 0.4802 0.1536 0.9967 0.7260 0.9619 0.0085 0.1819
176 177 178 0.5123 0.8072 0.8656 0.5528 0.7087 0.4719 0.4438 0.3646
177 178 179 0.4440 0.2591 0.5587 0.1588 0.2768 0.5319 0.4673 0.2825
178 179 180 0.2009 0.8096 0.1844 0.3436 0.8117 0.5527 0.0204 0.8104
179 180 181 0.9661 0.8656 0.7877 0.8837 0.9005 0.0433 0.3797 0.1082
180 181 182 0.8296 0.8190 0.9209 0.8676 0.9699 0.4643 0.6029 0.0288
181 182 183 0.9892 0.0720 0.8157 0.3772 0.6585 0.0518 0.4085 0.5077
182 183 184 0.1731 0.4372 0.7523 0.2556 0.7497 0.1416 0.4789 0.1724
183 184 185 0.3130 0.8141 0.0699 0.9639 0.9179 0.4411 0.1815 0.1249
184 185 186 0.5031 0.2557 0.8337 0.0974 0.1578 0.5943 0.5595 0.3572
185 186 187 0.6625 0.0457 0.6300 0.7247 0.6514 0.8285 0.0540 0.2793
186 187 188 0.9483 0.6268 0.8739 0.2752 0.8350 0.5510 0.2734 0.4696
187 188 189 0.9477 0.9845 0.4941 0.0317 0.3311 0.1608 0.7756 0.8166
188 189 190 0.2650 0.8117 0.1726 0.8107 0.1303 0.1574 0.3119 0.2070
189 190 191 0.9787 0.1645 0.6994 0.3573 0.1917 0.9757 0.0452 0.4968
190 191 192 0.4070 0.3544 0.5912 0.2505 0.3963 0.8245 0.6211 0.0540
191 192 193 0.6802 0.9951 0.4011 0.6640 0.4133 0.7930 0.2214 0.8720
192 193 194 0.5595 0.6895 0.0772 0.0541 0.8899 0.6204 0.9180 0.4037
193 194 195 0.9915 0.1188 0.3588 0.8341 0.6729 0.4556 0.2161 0.4613
194 195 196 0.8006 0.3191 0.0024 0.2768 0.6819 0.7732 0.0543 0.7374
195 196 197 0.6907 0.2611 0.5521 0.0770 0.6923 0.7968 0.0434 0.9408
196 197 198 0.0909 0.1315 0.7089 0.0449 0.4671 0.1827 0.5342 0.8093
197 198 199 0.6397 0.6493 0.7136 0.2488 0.5028 0.9321 0.3415 0.5947
198 199 200 0.9140 0.4219 0.2415 0.8709 0.0712 0.4984 0.9774 0.6146
199 200 201 0.2335 0.5171 0.7540 0.3126 0.8456 0.0633 0.9030 0.1826
200 201 202 0.8102 0.2665 0.4169 0.6335 0.4664 0.6666 0.0452 0.6830
201 202 203 0.4280 0.1017 0.6890 0.3865 0.7605 0.5831 0.4315 0.5202
202 203 204 0.4643 0.3640 0.9477 0.1645 0.1767 0.0060 0.6899 0.1009
203 204 205 0.4964 0.2759 0.5265 0.1520 0.7300 0.5700 0.0195 0.2329
204 205 206 0.3250 0.5353 0.8930 0.6360 0.5652 0.5761 0.2495 0.0364
205 206 207 0.6999 0.9616 0.8722 0.5787 0.3491 0.9585 0.7597 0.6143
206 207 208 0.6721 0.8085 0.5657 0.2957 0.3077 0.2767 0.3681 0.1365
207 208 209 0.8274 0.7226 0.3052 0.8531 0.0440 0.6093 0.3275 0.2049
208 209 210 0.3608 0.3614 0.7742 0.1868 0.1478 0.6554 0.8027 0.1411
209 210 211 0.5218 0.3689 0.6313 0.9317 0.2962 0.6096 0.0213 0.9045
210 211 212 0.4167 0.4841 0.5646 0.8252 0.8779 0.8536 0.1188 0.8304
211 212 213 0.2459 0.4390 0.0094 0.9194 0.2089 0.8828 0.9842 0.1300
212 213 214 0.7421 0.4895 0.6330 0.5875 0.5203 0.6750 0.2378 0.0838
213 214 215 0.5496 0.1369 0.0220 0.2497 0.3836 0.4790 0.6979 0.9807
214 215 216 0.2492 0.5407 0.0152 0.4653 0.4314 0.0164 0.2083 0.7792
215 216 217 0.7161 0.3788 0.5693 0.5940 0.5381 0.5186 0.6839 0.6425
216 217 218 0.0477 0.3066 0.8947 0.1518 0.4661 0.0765 0.6578 0.4973
217 218 219 0.7778 0.7957 0.5958 0.3989 0.0600 0.2797 0.4677 0.3395
218 219 220 0.9029 0.1100 0.4541 0.4903 0.1334 0.0486 0.9568 0.8950
219 220 221 0.6997 0.2640 0.9829 0.2035 0.6074 0.0091 0.3084 0.5529
220 221 222 0.0357 0.0809 0.2392 0.7339 0.9695 0.7239 0.6918 0.1981
221 222 223 0.7644 0.9764 0.6013 0.5398 0.9777 0.5809 0.7511 0.8330
222 223 224 0.6320 0.2469 0.1562 0.8091 0.6271 0.8271 0.2202 0.3597
223 224 225 0.1474 0.9197 0.7457 0.3246 0.8339 0.5057 0.6251 0.2588
224 225 226 0.3757 0.6390 0.3669 0.8724 0.6444 0.2276 0.0303 0.3455
225 226 227 0.3345 0.7308 0.8262 0.4607 0.4992 0.2948 0.8452 0.5667
226 227 228 0.0277 0.7403 0.0663 0.4670 0.6362 0.1952 0.5877 0.1160
227 228 229 0.2819 0.0424 0.1883 0.4685 0.1528 0.7853 0.3052 0.6989
228 229 230 0.9522 0.3585 0.0917 0.0410 0.6049 0.8887 0.3658 0.3895
229 230 231 0.0453 0.8616 0.6087 0.5242 0.3193 0.3691 0.7984 0.7571
230 231 232 0.0008 0.3235 0.1369 0.3448 0.9446 0.9526 0.4362 0.8025
231 232 233 0.6820 0.7305 0.1404 0.0710 0.8729 0.5633 0.5207 0.9204
232 233 234 0.9488 0.3185 0.8444 0.1413 0.8929 0.8055 0.1208 0.4938
233 234 235 0.0223 0.3977 0.1464 0.9804 0.9548 0.2474 0.8859 0.7652
234 235 236 0.6161 0.7969 0.8490 0.1238 0.4296 0.2355 0.4450 0.6687
235 236 237 0.3246 0.5228 0.1538 0.3243 0.6678 0.2428 0.7067 0.9395
236 237 238 0.3484 0.2617 0.8323 0.8307 0.7915 0.0434 0.1494 0.5028
237 238 239 0.2078 0.9375 0.0427 0.8369 0.6959 0.0612 0.5535 0.5605
238 239 240 0.4789 0.6318 0.9633 0.6253 0.9079 0.1727 0.4452 0.1428
239 240 241 0.8177 0.6966 0.4374 0.1501 0.2478 0.3094 0.5447 0.9662
240 241 242 0.6318 0.4345 0.8280 0.6659 0.9364 0.9898 0.9827 0.8780
241 242 243 0.5085 0.9596 0.5990 0.8464 0.9192 0.8260 0.3060 0.1455
242 243 244 0.8071 0.9250 0.1536 0.1761 0.5766 0.9208 0.2699 0.8041
243 244 245 0.0115 0.7610 0.7738 0.9882 0.5358 0.6023 0.4232 0.1246
244 245 246 0.1696 0.7840 0.4964 0.9685 0.3634 0.5875 0.5063 0.4562
245 246 247 0.3525 0.0989 0.5013 0.4878 0.7881 0.7264 0.9315 0.1310
246 247 248 0.4887 0.6322 0.9727 0.2035 0.2392 0.1341 0.6188 0.4764
247 248 249 0.4300 0.9467 0.8443 0.7097 0.3242 0.2419 0.0599 0.8586
248 249 250 0.9723 0.6264 0.6751 0.6518 0.3442 0.4799 0.8800 0.5077
249 250 251 0.3887 0.1776 0.1623 0.9570 0.1905 0.8242 0.4808 0.1110
250 251 252 0.7486 0.0719 0.3665 0.0061 0.4263 0.5444 0.3557 0.6973
251 252 253 0.8145 0.7036 0.0864 0.8477 0.8697 0.1078 0.8353 0.4426
252 253 254 0.6496 0.6816 0.7593 0.9693 0.6080 0.3360 0.5803 0.1369
253 254 255 0.0403 0.0716 0.1565 0.6846 0.6748 0.8704 0.2579 0.8153
254 255 256 0.6959 0.6860 0.4928 0.4335 0.1963 0.2191 0.4169 0.6484
255 256 257 0.3930 0.5306 0.4178 0.0347 0.2235 0.8199 0.6511 0.6825
256 257 258 0.2719 0.7498 0.6166 0.0270 0.9195 0.4907 0.7344 0.6479
257 258 259 0.5187 0.0263 0.8719 0.3492 0.6669 0.9032 0.2665 0.7413
258 259 260 0.9267 0.6955 0.1490 0.2585 0.2610 0.7250 0.6292 0.8612
259 260 261 0.9673 0.3855 0.6167 0.1773 0.7438 0.9344 0.0369 0.9898
260 261 262 0.8529 0.2815 0.9824 0.9404 0.7097 0.9359 0.3232 0.5198
261 262 263 0.0254 0.9118 0.8501 0.3922 0.2098 0.0251 0.9421 0.1751
262 263 264 0.6525 0.0256 0.7836 0.3797 0.6247 0.0132 0.2203 0.7360
263 264 265 0.7867 0.8866 0.1886 0.1333 0.3187 0.1521 0.9906 0.1818
264 265 266 0.5590 0.0244 0.6751 0.1976 0.9514 0.1818 0.0746 0.1373
265 266 267 0.4327 0.4827 0.3422 0.6227 0.6336 0.6336 0.7333 0.1368
266 267 268 0.0529 0.0991 0.1186 0.2897 0.2963 0.5873 0.6171 0.8543
267 268 269 0.0621 0.5103 0.2449 0.9538 0.4739 0.3858 0.5352 0.0032
268 269 270 0.3103 0.5909 0.7576 0.7746 0.3981 0.2838 0.2988 0.4894
269 270 271 0.8131 0.9937 0.5130 0.8934 0.8360 0.5978 0.8818 0.2308
270 271 272 0.5627 0.4276 0.1212 0.8169 0.5407 0.4048 0.8048 0.0581
271 272 273 0.4373 0.9929 0.8666 0.6580 0.6286 0.5279 0.6228 0.5683
272 273 274 0.9788 0.4725 0.9589 0.7893 0.2280 0.3123 0.4849 0.2410
273 274 275 0.6205 0.6045 0.6791 0.8943 0.4005 0.0557 0.7308 0.7824
274 275 276 0.2627 0.1361 0.2061 0.7931 0.6102 0.0481 0.4069 0.1037
275 276 277 0.8450 0.9528 0.3158 0.5556 0.7278 0.4409 0.6992 0.8547
276 277 278 0.3218 0.9234 0.0813 0.8688 0.3090 0.9986 0.6118 0.4213
277 278 000 0.2205 0.9646 0.3496 0.0373 0.0118 0.7499 0.9685 0.4276
278 000 001 0.6977 0.1992 0.2343 0.5425 0.9013 0.7135 0.9868 0.1048
