279 155682 3 279
000 001 002 0.1757 0.7681 0.5853 0.4599 0.0502 0.9089 0.4945 0.3506
001 002 003 0.4339 0.2470 0.4811 0.3409 0.3526 0.8405 0.8833 0.1853
002 003 004 0.2801 0.1945 0.5808 0.4681 0.2033 0.1898 0.8019 0.5105
003 004 005 0.9655 0.2630 0.8389 0.7722 0.6494 0.5131 0.8331 0.6788
004 005 006 0.4858 0.1068 0.4695 0.6736 0.7164 0.3997 0.4861 0.7822
005 006 007 0.9492 0.0603 0.2316 0.5475 0.8294 0.4176 0.3199 0.8615
006 007 008 0.3027 0.0016 0.3093 0.2699 0.8774 0.0848 0.1898 0.1343
007 008 009 0.5976 0.8913 0.6246 0.0204 0.5563 0.4241 0.4889 0.8481
008 009 010 0.9490 0.4739 0.0931 0.5985 0.8560 0.4721 0.3063 0.8557
009 010 011 0.2084 0.6255 0.2303 0.0986 0.2056 0.2178 0.5329 0.3553
010 011 012 0.3011 0.1757 0.8210 0.0155 0.4137 0.3402 0.7247 0.0228
011 012 013 0.8532 0.9165 0.8455 0.7482 0.2487 0.1259 0.7083 0.1648
012 013 014 0.4157 0.2766 0.5171 0.3330 0.4215 0.7016 0.2681 0.2083
013 014 015 0.4090 0.2284 0.7489 0.9631 0.8631 0.3849 0.1844 0.9218
014 015 016 0.5869 0.5448 0.9114 0.5969 0.2423 0.5799 0.3659 0.0455
015 016 017 0.9722 0.2042 0.9096 0.9653 0.0826 0.1080 0.8737 0.8612
016 017 018 0.7042 0.9401 0.6425 0.5034 0.8037 0.4965 0.9221 0.5265
017 018 019 0.7340 0.3423 0.9584 0.1746 0.3756 0.4116 0.6462 0.3993
018 019 020 0.6942 0.9757 0.4881 0.2682 0.9910 0.9853 0.7196 0.7182
019 020 021 0.7178 0.0325 0.7530 0.1529 0.2347 0.6202 0.1476 0.2616
020 021 022 0.6647 0.7779 0.0401 0.0383 0.2016 0.9551 0.9933 0.4992
021 022 023 0.2262 0.8533 0.1251 0.5725 0.5692 0.3008 0.0134 0.2213
022 023 024 0.3954 0.4809 0.2709 0.5196 0.1035 0.8263 0.5497 0.8003
023 024 025 0.1834 0.7038 0.2177 0.9660 0.8189 0.4619 0.4201 0.7967
024 025 026 0.8560 0.6235 0.2204 0.5166 0.3439 0.4049 0.5387 0.6192
025 026 027 0.5909 0.0685 0.3117 0.5159 0.1904 0.9020 0.6965 0.0422
026 027 028 0.4480 0.2797 0.7450 0.5853 0.0603 0.4979 0.6478 0.3187
027 028 029 0.3171 0.6725 0.2183 0.6359 0.0790 0.9075 0.3852 0.2785
028 029 030 0.3013 0.5244 0.5406 0.8889 0.7408 0.8134 0.6146 0.1857
029 030 031 0.6400 0.5278 0.9146 0.0158 0.9705 0.7703 0.2196 0.9043
030 031 032 0.3512 0.8892 0.1916 0.0213 0.1478 0.4032 0.1841 0.9069
031 032 033 0.0326 0.8110 0.6699 0.4480 0.3246 0.4518 0.4208 0.6664
032 033 034 0.6826 0.8076 0.6597 0.8728 0.8413 0.5198 0.8239 0.5383
033 034 035 0.1995 0.0635 0.4702 0.3131 0.6128 0.9966 0.9517 0.2922
034 035 036 0.1720 0.5729 0.0252 0.4796 0.4414 0.9081 0.4372 0.1692
035 036 037 0.3611 0.5529 0.4451 0.2578 0.4134 0.4515 0.9680 0.0314
036 037 038 0.7114 0.7219 0.2217 0.6829 0.1189 0.8461 0.5079 0.5052
037 038 039 0.7276 0.5892 0.2145 0.2187 0.6801 0.4687 0.1907 0.8523
038 039 040 0.0349 0.7555 0.3684 0.5824 0.1209 0.8547 0.3735 0.9702
039 040 041 0.1332 0.7350 0.4034 0.7948 0.3002 0.7973 0.4634 0.2615
040 041 042 0.8666 0.4877 0.6456 0.8654 0.4505 0.7313 0.4255 0.2731
041 042 043 0.8763 0.5674 0.7095 0.2904 0.1973 0.6445 0.8566 0.2849
042 043 044 0.0744 0.7844 0.0772 0.5999 0.7168 0.9817 0.0277 0.0589
043 044 045 0.6029 0.3787 0.3046 0.9452 0.2575 0.5819 0.1882 0.8101
044 045 046 0.0854 0.8764 0.5655 0.3329 0.5729 0.7279 0.5812 0.4951
045 046 047 0.6166 0.9471 0.3441 0.9492 0.4635 0.4327 0.3406 0.3717
046 047 048 0.5472 0.0623 0.7744 0.1882 0.8450 0.5642 0.9764 0.8529
047 048 049 0.7900 0.3494 0.5120 0.1597 0.7908 0.8988 0.2603 0.9229
048 049 050 0.8976 0.1904 0.9636 0.1841 0.7075 0.2219 0.3859 0.7596
049 050 051 0.5840 0.9544 0.1404 0.9428 0.7748 0.6239 0.1802 0.3650
050 051 052 0.9329 0.4102 0.7352 0.2081 0.5028 0.5594 0.2039 0.6922
051 052 053 0.2583 0.9453 0.2032 0.2460 0.5328 0.3402 0.6602 0.9132
052 053 054 0.5229 0.2095 0.7021 0.2372 0.5401 0.4744 0.6335 0.4482
053 054 055 0.2777 0.5119 0.8659 0.7680 0.8012 0.7373 0.4163 0.4158
054 055 056 0.9879 0.4455 0.5533 0.2354 0.7925 0.8225 0.7928 0.7813
055 056 057 0.0324 0.3293 0.0718 0.7207 0.3695 0.6307 0.0626 0.8547
056 057 058 0.2435 0.5875 0.6863 0.5206 0.0444 0.0347 0.1040 0.6355
057 058 059 0.4203 0.7453 0.0610 0.6778 0.8565 0.6969 0.9453 0.1795
058 059 060 0.2465 0.2945 0.1611 0.3499 0.6162 0.9165 0.2962 0.9095
059 060 061 0.4472 0.8358 0.9784 0.0158 0.8481 0.3764 0.8985 0.4491
060 061 062 0.2473 0.3783 0.5546 0.4127 0.9683 0.2326 0.4861 0.4758
061 062 063 0.6400 0.9800 0.6365 0.8298 0.1387 0.0776 0.3163 0.8145
062 063 064 0.8033 0.2752 0.4612 0.2473 0.1049 0.3748 0.2786 0.5479
063 064 065 0.2123 0.2317 0.4719 0.5630 0.3723 0.6319 0.0888 0.0514
064 065 066 0.1441 0.5062 0.3099 0.5769 0.8765 0.3665 0.0200 0.5334
065 066 067 0.2181 0.1650 0.5832 0.7422 0.2901 0.8082 0.0156 0.0273
066 067 068 0.2568 0.7591 0.0225 0.9499 0.9481 0.3855 0.7189 0.7436
067 068 069 0.5493 0.3112 0.3636 0.2712 0.9107 0.6596 0.3450 0.1883
068 069 070 0.0807 0.0778 0.5937 0.5674 0.6247 0.7445 0.1395 0.5775
069 070 071 0.8742 0.1779 0.9937 0.5596 0.6540 0.5082 0.2633 0.1835
070 071 072 0.5444 0.9257 0.9008 0.3213 0.2718 0.9397 0.4151 0.7634
071 072 073 0.4557 0.1900 0.9988 0.2724 0.3017 0.3367 0.4478 0.8304
072 073 074 0.2173 0.9204 0.5281 0.8343 0.3597 0.0250 0.8033 0.3950
073 074 075 0.5632 0.3849 0.5850 0.9478 0.7011 0.4230 0.1265 0.4881
074 075 076 0.3089 0.9291 0.3194 0.1265 0.3077 0.7936 0.8320 0.7930
075 076 077 0.5820 0.6270 0.9088 0.1923 0.3420 0.9874 0.2744 0.8797
076 077 078 0.9667 0.6592 0.1293 0.8405 0.7072 0.0300 0.7710 0.8026
077 078 079 0.6061 0.8801 0.9700 0.2592 0.9192 0.0034 0.5311 0.1548
078 079 080 0.6470 0.9826 0.8948 0.6245 0.4978 0.4830 0.8810 0.2561
079 080 081 0.0249 0.3176 0.2316 0.5807 0.7868 0.3147 0.3759 0.8003
080 081 082 0.1408 0.5146 0.8450 0.3752 0.2985 0.0078 0.6900 0.0249
081 082 083 0.3577 0.3505 0.3740 0.9709 0.3166 0.5314 0.5769 0.3629
082 083 084 0.5335 0.3674 0.1006 0.4281 0.1971 0.5960 0.7157 0.5248
083 084 085 0.4358 0.1341 0.2285 0.8933 0.0397 0.8626 0.8994 0.9878
084 085 086 0.8862 0.3179 0.2463 0.1833 0.8966 0.6529 0.5712 0.3475
085 086 087 0.9907 0.1017 0.5332 0.1820 0.7765 0.8314 0.1603 0.0594
086 087 088 0.7311 0.8997 0.2343 0.7647 0.5890 0.8431 0.3578 0.3828
087 088 089 0.4522 0.4993 0.5400 0.6515 0.3446 0.3229 0.5584 0.9940
088 089 090 0.9868 0.8564 0.6637 0.7482 0.3015 0.1008 0.4646 0.9071
089 090 091 0.7229 0.6843 0.5751 0.8858 0.9707 0.7036 0.7543 0.2182
090 091 092 0.7710 0.7568 0.9001 0.1601 0.5986 0.3590 0.5734 0.4070
091 092 093 0.5465 0.6639 0.1441 0.5664 0.6146 0.3043 0.8794 0.2109
092 093 094 0.2835 0.6795 0.2912 0.7815 0.5164 0.5231 0.6316 0.3881
093 094 095 0.5431 0.2727 0.5536 0.1002 0.6156 0.5915 0.0142 0.2741
094 095 096 0.5000 0.3162 0.1725 0.6337 0.5025 0.9295 0.9916 0.8872
095 096 097 0.6105 0.2967 0.9512 0.6460 0.9004 0.4826 0.0112 0.2629
096 097 098 0.7104 0.8590 0.5005 0.7713 0.5164 0.5961 0.8805 0.7686
097 098 099 0.0467 0.3260 0.5147 0.5093 0.4675 0.0012 0.0700 0.2573
098 099 100 0.2119 0.5340 0.4405 0.4444 0.0312 0.1906 0.6186 0.4198
099 100 101 0.9221 0.3931 0.9581 0.6495 0.5163 0.3531 0.1442 0.8669
100 101 102 0.5859 0.8936 0.9476 0.2459 0.0212 0.2975 0.5105 0.5883
101 102 103 0.3407 0.3322 0.3286 0.9137 0.3158 0.7242 0.8012 0.0800
102 103 104 0.7384 0.1274 0.9936 0.0384 0.4303 0.7200 0.5615 0.0544
103 104 105 0.4689 0.4786 0.4397 0.4198 0.1336 0.7987 0.9758 0.7031
104 105 106 0.7808 0.7431 0.2350 0.5381 0.1336 0.0879 0.1624 0.7066
105 106 107 0.2414 0.2420 0.6789 0.3269 0.3348 0.6660 0.0402 0.8784
106 107 108 0.7092 0.9161 0.9210 0.0583 0.4772 0.7320 0.2044 0.2838
107 108 109 0.3349 0.5072 0.1053 0.0950 0.0275 0.9697 0.4234 0.4388
108 109 110 0.2565 0.3528 0.4137 0.6318 0.8519 0.5386 0.2597 0.7302
109 110 111 0.3403 0.5302 0.3245 0.2056 0.8207 0.2818 0.7112 0.8979
110 111 112 0.2452 0.5697 0.2912 0.2822 0.5461 0.0848 0.3171 0.0798
111 112 113 0.9035 0.7898 0.4699 0.1087 0.3715 0.0632 0.5141 0.5036
112 113 114 0.7885 0.4195 0.6622 0.9684 0.1938 0.2506 0.3528 0.3766
113 114 115 0.6150 0.8985 0.9822 0.8319 0.4390 0.2420 0.7506 0.3920
114 115 116 0.3831 0.2431 0.2021 0.3779 0.5849 0.1433 0.3564 0.4689
115 116 117 0.1289 0.1513 0.4597 0.9102 0.3165 0.2266 0.8607 0.2642
116 117 118 0.9464 0.1751 0.1324 0.7765 0.9824 0.3329 0.5424 0.4842
117 118 119 0.5284 0.7541 0.4522 0.3756 0.6296 0.2938 0.1811 0.6566
118 119 120 0.7743 0.2500 0.4037 0.8322 0.6797 0.9805 0.2087 0.1648
119 120 121 0.0053 0.0199 0.4676 0.2450 0.3493 0.9842 0.6551 0.1746
120 121 122 0.7734 0.5362 0.0414 0.8492 0.8201 0.5300 0.8920 0.2251
121 122 123 0.6962 0.5864 0.3805 0.9973 0.8169 0.8087 0.8512 0.8655
122 123 124 0.5267 0.7801 0.5852 0.9745 0.8327 0.6277 0.2197 0.1251
123 124 125 0.7931 0.2318 0.4958 0.7808 0.3768 0.1564 0.2676 0.3235
124 125 126 0.9699 0.8577 0.2709 0.3149 0.1011 0.2200 0.9943 0.5475
125 126 127 0.1069 0.3064 0.7054 0.6819 0.8359 0.1082 0.8477 0.6979
126 127 128 0.9714 0.3449 0.5792 0.8868 0.1972 0.3182 0.3694 0.9200
127 128 129 0.0769 0.5833 0.3992 0.8740 0.3224 0.5891 0.3780 0.0572
128 129 130 0.5942 0.8513 0.6810 0.5263 0.7309 0.4653 0.1636 0.4480
129 130 131 0.1466 0.5835 0.9725 0.8841 0.1585 0.3469 0.9566 0.1760
130 131 132 0.5842 0.2849 0.9439 0.8493 0.2387 0.7587 0.5112 0.6445
131 132 133 0.2196 0.0935 0.7818 0.3300 0.2119 0.2820 0.7931 0.9039
132 133 134 0.4204 0.7005 0.8331 0.4840 0.2555 0.7636 0.0038 0.6770
133 134 135 0.1077 0.3429 0.5988 0.4128 0.1588 0.7161 0.3172 0.5230
134 135 136 0.5683 0.4440 0.6018 0.7460 0.9511 0.1587 0.8465 0.8675
135 136 137 0.5513 0.3919 0.2256 0.5464 0.4780 0.4806 0.1814 0.3758
136 137 138 0.6436 0.2183 0.1410 0.5478 0.8828 0.6288 0.4620 0.7811
137 138 139 0.4934 0.7376 0.9378 0.1391 0.8027 0.1708 0.5171 0.6257
138 139 140 0.1229 0.3187 0.4925 0.6482 0.1240 0.4370 0.5373 0.3705
139 140 141 0.7633 0.1656 0.3838 0.7142 0.6726 0.0277 0.8365 0.4975
140 141 142 0.6714 0.5914 0.8318 0.9124 0.6822 0.8779 0.4906 0.5813
141 142 143 0.3320 0.9235 0.2410 0.9111 0.8255 0.3548 0.4461 0.1813
142 143 144 0.6000 0.3302 0.0830 0.7340 0.7081 0.7689 0.8965 0.8452
143 144 145 0.1918 0.9478 0.4053 0.7069 0.7350 0.6708 0.9099 0.0414
144 145 146 0.4825 0.0060 0.7349 0.2577 0.3507 0.9314 0.7863 0.9111
145 146 147 0.7123 0.3967 0.6654 0.2306 0.7277 0.6747 0.0332 0.0001
146 147 148 0.6233 0.2266 0.1643 0.4175 0.6139 0.8049 0.0486 0.8657
147 148 149 0.0260 0.8035 0.1710 0.8941 0.2922 0.2424 0.6577 0.7781
148 149 150 0.0938 0.2485 0.1128 0.9869 0.4861 0.0785 0.8310 0.7900
149 150 151 0.1155 0.4684 0.3845 0.6198 0.1616 0.1593 0.8899 0.3109
150 151 152 0.1072 0.3023 0.0990 0.5175 0.1430 0.3400 0.0765 0.7735
151 152 153 0.2240 0.9429 0.4468 0.1831 0.5333 0.0566 0.7651 0.2921
152 153 154 0.0565 0.8575 0.0824 0.9977 0.1019 0.4811 0.9608 0.2615
153 154 155 0.9943 0.3505 0.5471 0.8291 0.4007 0.6341 0.0023 0.1236
154 155 156 0.5485 0.8971 0.4886 0.0946 0.2286 0.2417 0.5070 0.0563
155 156 157 0.6324 0.4549 0.1817 0.5586 0.9694 0.6255 0.4058 0.5825
156 157 158 0.1470 0.0780 0.8058 0.7588 0.3322 0.2405 0.5810 0.2332
157 158 159 0.3882 0.1751 0.7175 0.4654 0.4660 0.1721 0.7945 0.5911
158 159 160 0.7719 0.2969 0.4659 0.5394 0.9322 0.1701 0.6341 0.8204
159 160 161 0.5242 0.2132 0.6525 0.7652 0.4126 0.4937 0.1128 0.7426
160 161 162 0.9843 0.3852 0.8851 0.1519 0.2538 0.5475 0.6814 0.2257
161 162 163 0.1921 0.3863 0.0913 0.2244 0.6723 0.4626 0.6079 0.4484
162 163 164 0.2984 0.5807 0.8473 0.5651 0.7268 0.7505 0.5787 0.2426
163 164 165 0.0572 0.7735 0.1213 0.7788 0.0282 0.2710 0.4196 0.0881
164 165 166 0.1713 0.1480 0.5091 0.8942 0.2151 0.1253 0.4672 0.8916
165 166 167 0.6848 0.8606 0.9595 0.7975 0.3569 0.1803 0.6068 0.8469
166 167 168 0.4143 0.7343 0.2045 0.1736 0.9800 0.1513 0.7664 0.6512
167 168 169 0.4544 0.6778 0.3024 0.7587 0.7667 0.6000 0.5605 0.0017
168 169 170 0.6396 0.6740 0.3062 0.0941 0.5752 0.0917 0.4122 0.6913
169 170 171 0.3410 0.0421 0.4768 0.6056 0.4253 0.4103 0.1241 0.4869
170 171 172 0.1616 0.9743 0.7010 0.1485 0.1343 0.4634 0.5139 0.0946
171 172 173 0.3043 0.1148 0.6801 0.6424 0.5488 0.5704 0.4771 0.6983
172 173 174 0.3739 0.5137 0.7262 0.1884 0.7080 0.3957 0.4440 0.9379
173 174 175 0.1536 0.9832 0.0568 0.7783 0.9103 0.1916 0.0520 0.8908
174 175 176 0.6053 0.2833 0.1280 0.5728 0.1697 0.1608 0.9002 0.5484
175 176 177 0.7425 0.0642 0.3175 0.2393 0.2065 0.5592 0.6010 0.1806
176 177 178 0.9244 0.4775 0.0914 0.3187 0.1464 0.2850 0.6687 0.1350
177 178 179 0.8563 0.7914 0.4409 0.2808 0.7894 0.3199 0.2434 0.9713
178 179 180 0.2986 0.3805 0.4585 0.3120 0.4854 0.0580 0.2393 0.0747
179 180 181 0.4945 0.6218 0.1439 0.3282 0.4619 0.9422 0.4620 0.0237
180 181 182 0.0371 0.1891 0.9408 0.5927 0.2735 0.7654 0.9732 0.4878
181 182 183 0.6840 0.8701 0.9882 0.0686 0.0699 0.3566 0.4699 0.5480
182 183 184 0.0811 0.6895 0.0273 0.3012 0.2185 0.9333 0.8245 0.9085
183 184 185 0.4492 0.5420 0.3240 0.0335 0.1606 0.6489 0.1119 0.4246
184 185 186 0.7933 0.2709 0.4477 0.0258 0.8420 0.7947 0.1526 0.3137
185 186 187 0.4486 0.5658 0.1422 0.7051 0.9003 0.6232 0.4170 0.5385
186 187 188 0.4724 0.9044 0.6340 0.7858 0.4334 0.2436 0.5378 0.2509
187 188 189 0.2447 0.3387 0.0407 0.8655 0.8116 0.6116 0.6255 0.1336
188 189 190 0.0945 0.7567 0.4286 0.9144 0.9379 0.8071 0.0448 0.2687
189 190 191 0.8439 0.3151 0.2138 0.5886 0.6266 0.5684 0.3864 0.0415
190 191 192 0.0548 0.5815 0.0862 0.8288 0.8714 0.8320 0.5708 0.2414
191 192 193 0.7750 0.0262 0.4475 0.4149 0.2853 0.8427 0.4810 0.1481
192 193 194 0.5289 0.8834 0.7101 0.6643 0.0686 0.1030 0.6399 0.7828
193 194 195 0.6553 0.1806 0.6618 0.7815 0.3153 0.9081 0.8590 0.7930
194 195 196 0.4377 0.7373 0.2461 0.9356 0.7170 0.2561 0.3069 0.9698
195 196 197 0.5386 0.7560 0.0482 0.2666 0.0091 0.9978 0.7191 0.8409
196 197 198 0.9357 0.3580 0.9232 0.4188 0.5285 0.7847 0.7818 0.4110
197 198 199 0.0878 0.7944 0.4985 0.9556 0.2136 0.3449 0.5492 0.4338
198 199 200 0.3222 0.5436 0.9233 0.5332 0.5421 0.1905 0.9889 0.0053
199 200 201 0.3613 0.0923 0.7542 0.3711 0.8808 0.2672 0.3798 0.9241
200 201 202 0.4936 0.7088 0.0348 0.6514 0.2989 0.7775 0.8141 0.2843
201 202 203 0.9548 0.7538 0.0843 0.2830 0.5509 0.3241 0.1238 0.3564
202 203 204 0.0535 0.7758 0.8844 0.6600 0.2585 0.2881 0.5970 0.7521
203 204 205 0.9918 0.4148 0.6781 0.8844 0.6058 0.6074 0.3419 0.3700
204 205 206 0.2446 0.0157 0.9787 0.9551 0.5664 0.9863 0.8770 0.0348
205 206 207 0.1048 0.1033 0.0853 0.2856 0.7265 0.0074 0.7017 0.7226
206 207 208 0.0924 0.2520 0.8353 0.3789 0.1273 0.4470 0.6478 0.3385
207 208 209 0.5895 0.4558 0.4193 0.8052 0.6821 0.0264 0.1318 0.8964
208 209 210 0.6003 0.7626 0.9242 0.3011 0.1741 0.5097 0.0231 0.9113
209 210 211 0.8513 0.9365 0.4801 0.0672 0.1122 0.8926 0.8595 0.0485
210 211 212 0.6955 0.7403 0.0743 0.0299 0.6683 0.4068 0.7950 0.3519
211 212 213 0.3619 0.6882 0.2334 0.7499 0.1796 0.8982 0.6025 0.6181
212 213 214 0.1121 0.4639 0.4870 0.4658 0.8346 0.0364 0.7907 0.0428
213 214 215 0.7586 0.4935 0.9964 0.1131 0.6190 0.6852 0.7854 0.3404
214 215 216 0.2435 0.3765 0.4508 0.3657 0.0333 0.7253 0.7336 0.6026
215 216 217 0.3474 0.8757 0.2206 0.7743 0.0100 0.2892 0.4261 0.7762
216 217 218 0.1926 0.3970 0.4459 0.7956 0.6790 0.5666 0.4420 0.6843
217 218 219 0.5511 0.0717 0.8601 0.1566 0.6374 0.5378 0.6390 0.9255
218 219 220 0.2609 0.4075 0.2492 0.0182 0.2550 0.0656 0.2982 0.6160
219 220 221 0.0905 0.3913 0.2226 0.1068 0.6085 0.9224 0.2419 0.3960
220 221 222 0.8983 0.4338 0.0877 0.3687 0.8480 0.9520 0.5507 0.1780
221 222 223 0.7736 0.3195 0.6339 0.8503 0.5513 0.1349 0.5309 0.4169
222 223 224 0.9916 0.5561 0.5150 0.8691 0.3820 0.0415 0.5685 0.5301
223 224 225 0.8026 0.3592 0.4493 0.6185 0.4379 0.7255 0.2459 0.7503
224 225 226 0.3909 0.1464 0.9584 0.7267 0.6124 0.1777 0.7284 0.4179
225 226 227 0.1300 0.9616 0.2075 0.4121 0.1888 0.1749 0.1048 0.9974
226 227 228 0.7735 0.3888 0.0399 0.4590 0.6904 0.7123 0.8213 0.6381
227 228 229 0.4190 0.7944 0.0533 0.9791 0.0955 0.6633 0.2679 0.9042
228 229 230 0.0665 0.5548 0.8286 0.8005 0.2078 0.4695 0.1108 0.5276
229 230 231 0.0688 0.2001 0.7716 0.5523 0.6982 0.0505 0.4006 0.0431
230 231 232 0.7122 0.7676 0.9221 0.0908 0.8099 0.3735 0.6285 0.5597
231 232 233 0.8536 0.0759 0.1383 0.8272 0.0833 0.6266 0.9106 0.9099
232 233 234 0.2374 0.9529 0.6490 0.3714 0.4704 0.1434 0.1379 0.7954
233 234 235 0.5510 0.9752 0.1736 0.2509 0.5661 0.4601 0.5979 0.9690
234 235 236 0.4999 0.8932 0.7623 0.0584 0.6203 0.9753 0.0934 0.9561
235 236 237 0.3503 0.9296 0.4496 0.1789 0.2496 0.0167 0.9265 0.1833
236 237 238 0.4509 0.8356 0.1323 0.4173 0.5728 0.3677 0.1404 0.5764
237 238 239 0.8612 0.3013 0.0558 0.2159 0.1836 0.7572 0.8316 0.2224
238 239 240 0.7146 0.3199 0.1058 0.5064 0.2965 0.1375 0.3706 0.3649
239 240 241 0.8854 0.3314 0.1303 0.8721 0.7173 0.0076 0.4012 0.0371
240 241 242 0.2422 0.8558 0.4086 0.7670 0.7984 0.2876 0.0129 0.4902
241 242 243 0.2656 0.2823 0.3612 0.9118 0.8428 0.5761 0.0055 0.6140
242 243 244 0.9306 0.5563 0.4968 0.8550 0.8765 0.3764 0.0485 0.1703
243 244 245 0.4578 0.5254 0.6174 0.9602 0.5313 0.3264 0.9637 0.7812
244 245 246 0.2075 0.5141 0.3582 0.7520 0.3270 0.8696 0.5759 0.0727
245 246 247 0.4152 0.9307 0.3890 0.1815 0.4782 0.7097 0.7637 0.5611
246 247 248 0.9010 0.8220 0.2539 0.1576 0.7406 0.2029 0.0342 0.8002
247 248 249 0.1501 0.0305 0.5782 0.6608 0.7021 0.0641 0.4357 0.8026
248 249 250 0.1141 0.2874 0.4015 0.8922 0.1514 0.7203 0.6521 0.5930
249 250 251 0.4163 0.7660 0.4211 0.4106 0.2966 0.6187 0.9597 0.3453
250 251 252 0.3293 0.0329 0.7354 0.6919 0.8866 0.5050 0.2714 0.5863
251 252 253 0.6509 0.6082 0.3905 0.4878 0.7208 0.7565 0.1933 0.2146
252 253 254 0.3873 0.8640 0.4288 0.6035 0.3021 0.4164 0.5864 0.4212
253 254 255 0.3515 0.1300 0.5445 0.7118 0.9015 0.5621 0.7642 0.2319
254 255 256 0.9546 0.1786 0.5767 0.5912 0.6010 0.1992 0.7273 0.9593
255 256 257 0.8659 0.4711 0.0292 0.4677 0.7111 0.8548 0.9547 0.1526
256 257 258 0.1047 0.6485 0.7193 0.3088 0.9539 0.8377 0.5028 0.5055
257 258 259 0.8545 0.0101 0.6886 0.1782 0.1559 0.6222 0.7124 0.5735
258 259 260 0.9695 0.9158 0.1613 0.0130 0.1053 0.1699 0.6017 0.8103
259 260 261 0.8240 0.1818 0.5983 0.3507 0.9233 0.6568 0.3288 0.2088
260 261 262 0.7487 0.3555 0.1566 0.5186 0.0305 0.2327 0.5170 0.6600
261 262 263 0.0537 0.3386 0.5494 0.1950 0.3709 0.4022 0.4783 0.0865
262 263 264 0.0748 0.3788 0.0776 0.9109 0.4436 0.7281 0.7986 0.1900
263 264 265 0.0293 0.5659 0.8716 0.8481 0.3893 0.4382 0.1208 0.2469
264 265 266 0.3852 0.3733 0.8092 0.0845 0.3906 0.5174 0.7756 0.2690
265 266 267 0.8201 0.4783 0.8322 0.2817 0.6179 0.7367 0.8787 0.8548
266 267 268 0.4351 0.0372 0.6181 0.9990 0.0536 0.9227 0.8379 0.1464
267 268 269 0.9408 0.9445 0.2476 0.2533 0.9002 0.8923 0.5570 0.2249
268 269 270 0.3463 0.0602 0.8927 0.8300 0.7526 0.6010 0.7037 0.8391
269 270 271 0.5328 0.9202 0.6391 0.9737 0.3638 0.2659 0.5585 0.0225
270 271 272 0.6305 0.3212 0.1610 0.4359 0.1828 0.5069 0.7447 0.5866
271 272 273 0.5502 0.9050 0.8801 0.7591 0.9859 0.1765 0.2645 0.4935
272 273 274 0.5451 0.2549 0.8796 0.0185 0.6110 0.7900 0.2886 0.7330
273 274 275 0.5909 0.2165 0.0847 0.4022 0.4453 0.6383 0.5486 0.3032
274 275 276 0.5972 0.3353 0.6896 0.6600 0.5043 0.5156 0.0621 0.1639
275 276 277 0.6868 0.2717 0.8478 0.0577 0.1263 0.4960 0.8696 0.3169
276 277 278 0.4110 0.1704 0.9189 0.4735 0.3753 0.9384 0.8690 0.2991
277 278 000 0.6923 0.2843 0.5211 0.3135 0.3276 0.1082 0.5337 0.5200
278 000 001 0.5631 0.8151 0.5212 0.0946 0.6085 0.3731 0.4480 0.8126
