279 155682 3 279
000 001 002 0.5002 0.5067 0.6085 0.4822 0.9636 0.2661 0.6264 0.3689
001 002 003 0.5115 0.1256 0.7632 0.9034 0.4722 0.9676 0.7633 0.7413
002 003 004 0.8478 0.2368 0.2872 0.1975 0.4988 0.8363 0.5247 0.4651
003 004 005 0.1057 0.5987 0.9082 0.9169 0.7198 0.7786 0.2156 0.6306
004 005 006 0.3513 0.1150 0.1755 0.3695 0.7953 0.8041 0.7274 0.5807
005 006 007 0.2815 0.8745 0.0620 0.3848 0.8731 0.8495 0.1346 0.4714
006 007 008 0.6585 0.4106 0.1796 0.4834 0.9672 0.6041 0.5958 0.4214
007 008 009 0.3473 0.3564 0.8232 0.2684 0.3894 0.0952 0.3530 0.1548
008 009 010 0.1011 0.3410 0.5741 0.2448 0.7229 0.2153 0.1719 0.3077
009 010 011 0.1011 0.7206 0.9338 0.0486 0.9817 0.6816 0.9770 0.2285
010 011 012 0.9099 0.0472 0.9608 0.5202 0.5544 0.9230 0.2874 0.8012
011 012 013 0.6538 0.9202 0.3773 0.0860 0.0072 0.0242 0.4577 0.1146
012 013 014 0.1994 0.6753 0.5773 0.9495 0.9121 0.7814 0.9473 0.9723
013 014 015 0.1254 0.2879 0.9105 0.7582 0.9323 0.2101 0.2122 0.4457
014 015 016 0.2569 0.9796 0.8403 0.6023 0.4528 0.1705 0.4034 0.1495
015 016 017 0.9695 0.5341 0.5181 0.2440 0.1861 0.4569 0.4718 0.1659
016 017 018 0.3254 0.2850 0.3548 0.9081 0.7973 0.8607 0.4916 0.5534
017 018 019 0.2646 0.5998 0.5337 0.6705 0.9060 0.6214 0.2344 0.0085
018 019 020 0.8058 0.8352 0.5667 0.8914 0.2879 0.3114 0.9106 0.1224
019 020 021 0.0759 0.3425 0.7368 0.5304 0.7583 0.4497 0.4981 0.6773
020 021 022 0.9838 0.1611 0.4066 0.9655 0.4362 0.6285 0.8694 0.3076
021 022 023 0.2409 0.5639 0.1936 0.3413 0.5964 0.6540 0.6686 0.6066
022 023 024 0.7536 0.7924 0.8615 0.3008 0.6216 0.2987 0.5701 0.9660
023 024 025 0.8412 0.1483 0.2373 0.4918 0.1059 0.8256 0.6823 0.7227
024 025 026 0.7510 0.6896 0.6729 0.4619 0.3852 0.2793 0.8830 0.5617
025 026 027 0.0169 0.5379 0.6548 0.8679 0.9122 0.1839 0.1318 0.5079
026 027 028 0.6730 0.2874 0.2797 0.7792 0.4765 0.1059 0.2897 0.4796
027 028 029 0.5144 0.0591 0.7588 0.1942 0.7705 0.5631 0.1126 0.5765
028 029 030 0.4803 0.2573 0.5632 0.1288 0.1282 0.8267 0.1364 0.3111
029 030 031 0.1440 0.9386 0.6652 0.4503 0.6256 0.2002 0.4789 0.4502
030 031 032 0.9254 0.1797 0.1479 0.5815 0.9123 0.1839 0.2852 0.6636
031 032 033 0.9072 0.8863 0.6415 0.6330 0.8110 0.4596 0.8296 0.5898
032 033 034 0.9546 0.5055 0.3012 0.3426 0.7115 0.4394 0.8792 0.0902
033 034 035 0.7792 0.5786 0.8332 0.4562 0.6498 0.9728 0.4520 0.8039
034 035 036 0.2621 0.7603 0.8611 0.2810 0.4497 0.1995 0.0111 0.8465
035 036 037 0.1196 0.0280 0.2496 0.3542 0.0699 0.9906 0.1173 0.1411
036 037 038 0.6724 0.7741 0.5087 0.5866 0.9596 0.6870 0.9180 0.6357
037 038 039 0.1046 0.2611 0.0681 0.6013 0.9709 0.9501 0.9553 0.7174
038 039 040 0.1975 0.6725 0.3564 0.9238 0.7900 0.6751 0.2731 0.8627
039 040 041 0.8181 0.8865 0.6611 0.7944 0.2543 0.4661 0.5426 0.0658
040 041 042 0.4977 0.7506 0.4982 0.1668 0.3294 0.0626 0.1759 0.1690
041 042 043 0.8988 0.1191 0.3469 0.3543 0.2424 0.7904 0.0089 0.8335
042 043 044 0.0570 0.3289 0.2018 0.0880 0.2645 0.3184 0.5422 0.3930
043 044 045 0.9358 0.9458 0.8155 0.8758 0.6315 0.6698 0.3982 0.4144
044 045 046 0.7475 0.0675 0.2281 0.3915 0.5125 0.8105 0.0724 0.6172
045 046 047 0.0284 0.0015 0.7988 0.1374 0.1206 0.2809 0.3823 0.6374
046 047 048 0.1054 0.6213 0.5800 0.9800 0.1298 0.2957 0.8191 0.1544
047 048 049 0.8815 0.4093 0.5238 0.5276 0.1401 0.3904 0.3160 0.8613
048 049 050 0.7662 0.9774 0.4580 0.6604 0.4192 0.7965 0.9630 0.0466
049 050 051 0.4508 0.5427 0.6711 0.9296 0.4186 0.9680 0.3132 0.2393
050 051 052 0.9670 0.3042 0.2351 0.3439 0.5118 0.7908 0.4412 0.4261
051 052 053 0.6073 0.5457 0.9695 0.9953 0.3456 0.8222 0.1732 0.3461
052 053 054 0.6496 0.6168 0.2878 0.9918 0.5787 0.2630 0.0900 0.6654
053 054 055 0.7583 0.3843 0.1852 0.2252 0.9216 0.9732 0.8720 0.4352
054 055 056 0.7649 0.1289 0.8357 0.3739 0.3735 0.5260 0.9754 0.0458
055 056 057 0.0873 0.3613 0.4214 0.2419 0.9358 0.3087 0.1226 0.0765
056 057 058 0.3095 0.9209 0.1417 0.4894 0.0617 0.3950 0.5795 0.5889
057 058 059 0.5760 0.3144 0.7699 0.1189 0.8062 0.3117 0.3528 0.0161
058 059 060 0.4101 0.1102 0.6436 0.8248 0.1520 0.6463 0.4640 0.6891
059 060 061 0.0541 0.5029 0.1608 0.2436 0.8924 0.7051 0.9962 0.0222
060 061 062 0.2593 0.6172 0.3499 0.9571 0.0386 0.1972 0.4732 0.8287
061 062 063 0.9128 0.0737 0.8418 0.3684 0.6603 0.1955 0.2136 0.3387
062 063 064 0.8208 0.0597 0.2996 0.5928 0.3216 0.8050 0.3325 0.6395
063 064 065 0.4438 0.8982 0.5714 0.8577 0.0886 0.4992 0.1297 0.9793
064 065 066 0.8536 0.0558 0.6390 0.6303 0.1090 0.1539 0.4827 0.1856
065 066 067 0.1278 0.6520 0.3642 0.8245 0.9936 0.1641 0.2931 0.6555
066 067 068 0.3311 0.2650 0.3535 0.8919 0.9779 0.7505 0.0475 0.7073
067 068 069 0.3105 0.8140 0.8196 0.9521 0.6056 0.3487 0.6549 0.4437
068 069 070 0.7688 0.9878 0.2506 0.6888 0.7697 0.5475 0.3760 0.9654
069 070 071 0.6455 0.6432 0.3313 0.5158 0.9575 0.4120 0.9077 0.7891
070 071 072 0.8919 0.6638 0.6265 0.2205 0.6457 0.9321 0.0403 0.6237
071 072 073 0.7603 0.0739 0.8042 0.2261 0.6437 0.1480 0.4793 0.5020
072 073 074 0.6473 0.3347 0.0283 0.8484 0.4845 0.1793 0.4098 0.1512
073 074 075 0.2494 0.8625 0.6295 0.8646 0.8734 0.3055 0.6012 0.0141
074 075 076 0.2977 0.0293 0.1272 0.4098 0.2319 0.0391 0.7677 0.4039
075 076 077 0.8904 0.4508 0.8309 0.4747 0.6461 0.1494 0.2699 0.3848
076 077 078 0.8847 0.7929 0.0301 0.8225 0.0793 0.7372 0.2032 0.0113
077 078 079 0.1046 0.8567 0.0209 0.2308 0.2940 0.3257 0.2959 0.0319
078 079 080 0.9639 0.7071 0.6978 0.9172 0.2574 0.5948 0.9241 0.6224
079 080 081 0.6701 0.8894 0.5883 0.2907 0.7999 0.9590 0.3430 0.2794
080 081 082 0.6068 0.2879 0.0644 0.9466 0.9993 0.1685 0.2309 0.2459
081 082 083 0.2351 0.4622 0.0643 0.8880 0.5541 0.0995 0.8780 0.2393
082 083 084 0.0344 0.0362 0.1158 0.8067 0.3674 0.2588 0.4679 0.4710
083 084 085 0.1077 0.9188 0.1467 0.9398 0.8801 0.3395 0.6250 0.9897
084 085 086 0.0196 0.7502 0.9862 0.6279 0.4505 0.6549 0.5866 0.2316
085 086 087 0.3149 0.1831 0.6717 0.3195 0.6040 0.3731 0.7078 0.4022
086 087 088 0.1047 0.8622 0.9248 0.5607 0.8502 0.2170 0.8041 0.3928
087 088 089 0.4921 0.6603 0.0729 0.8901 0.4404 0.8479 0.0993 0.2535
088 089 090 0.4084 0.3307 0.3912 0.6243 0.0805 0.6325 0.3297 0.0317
089 090 091 0.2854 0.9725 0.2235 0.5060 0.3048 0.9802 0.1712 0.4178
090 091 092 0.9840 0.7074 0.6669 0.1238 0.2680 0.3691 0.3722 0.8799
091 092 093 0.6402 0.9874 0.8472 0.5080 0.8982 0.0815 0.5359 0.0074
092 093 094 0.9829 0.4069 0.1314 0.3185 0.6814 0.8574 0.0476 0.4837
093 094 095 0.5896 0.2750 0.3475 0.3042 0.7477 0.7084 0.5879 0.4158
094 095 096 0.0329 0.7467 0.4259 0.9133 0.1478 0.8988 0.3255 0.6373
095 096 097 0.6929 0.5252 0.8862 0.6753 0.4245 0.3378 0.3097 0.6716
096 097 098 0.7054 0.7520 0.4712 0.9110 0.6142 0.0117 0.4668 0.2191
097 098 099 0.1986 0.8142 0.2475 0.4247 0.2365 0.5454 0.5436 0.6668
098 099 100 0.4982 0.0048 0.9716 0.9766 0.4445 0.3720 0.9855 0.5629
099 100 101 0.8132 0.7968 0.4550 0.2776 0.8733 0.7938 0.2844 0.6697
100 101 102 0.2420 0.0399 0.3346 0.4933 0.9897 0.6734 0.7092 0.2025
101 102 103 0.0423 0.3966 0.3961 0.1106 0.9414 0.5888 0.2129 0.5300
102 103 104 0.0426 0.4277 0.8853 0.7551 0.7639 0.6155 0.4603 0.6635
103 104 105 0.8128 0.4580 0.2395 0.0384 0.4555 0.6369 0.8191 0.8013
104 105 106 0.7646 0.2151 0.2687 0.2214 0.4116 0.5397 0.2355 0.2226
105 106 107 0.3834 0.3637 0.8202 0.2863 0.5657 0.2728 0.1234 0.2124
106 107 108 0.9548 0.5900 0.7444 0.4356 0.7112 0.4142 0.8959 0.8431
107 108 109 0.9741 0.4951 0.9079 0.3918 0.3998 0.4262 0.0325 0.2530
108 109 110 0.7859 0.2792 0.6868 0.1328 0.1164 0.6922 0.5064 0.1408
109 110 111 0.4876 0.5667 0.3822 0.0735 0.8466 0.1599 0.7863 0.7035
110 111 112 0.8509 0.5545 0.2834 0.1560 0.6150 0.4779 0.1027 0.6843
111 112 113 0.9735 0.1456 0.9195 0.5431 0.4761 0.6591 0.4530 0.5216
112 113 114 0.3776 0.1001 0.4961 0.9934 0.2448 0.2526 0.9216 0.2994
113 114 115 0.5758 0.8698 0.7187 0.8916 0.7269 0.3090 0.6420 0.9595
114 115 116 0.9570 0.6626 0.9860 0.8740 0.2839 0.4150 0.2459 0.8053
115 116 117 0.8170 0.3311 0.3699 0.2649 0.1166 0.4656 0.7150 0.4231
116 117 118 0.2282 0.9211 0.5984 0.2611 0.4771 0.3901 0.7313 0.1454
117 118 119 0.4694 0.2188 0.3800 0.7633 0.1613 0.1675 0.0094 0.8209
118 119 120 0.7591 0.2772 0.4341 0.3502 0.8310 0.9108 0.6987 0.5791
119 120 121 0.0613 0.5262 0.1737 0.2786 0.3540 0.3135 0.4350 0.2494
120 121 122 0.7134 0.3491 0.1924 0.4010 0.7601 0.8145 0.6051 0.9526
121 122 123 0.8712 0.0535 0.1331 0.4982 0.7675 0.1789 0.9338 0.5207
122 123 124 0.7320 0.2242 0.1477 0.3478 0.9698 0.9786 0.1364 0.2858
123 124 125 0.4785 0.3117 0.6135 0.0876 0.4667 0.8466 0.1324 0.7710
124 125 126 0.9958 0.7296 0.0695 0.0679 0.3156 0.0376 0.2954 0.5354
125 126 127 0.2144 0.9550 0.5351 0.8447 0.4551 0.3228 0.5098 0.1763
126 127 128 0.2022 0.3720 0.0337 0.7938 0.5607 0.0686 0.8179 0.8428
127 128 129 0.9567 0.2415 0.1378 0.7242 0.7157 0.7819 0.9593 0.9542
128 129 130 0.4696 0.3686 0.5001 0.4054 0.1616 0.0490 0.3234 0.9867
129 130 131 0.5983 0.0082 0.0876 0.8346 0.3796 0.0286 0.0398 0.7947
130 131 132 0.5086 0.7491 0.3915 0.8101 0.6433 0.4031 0.4267 0.6847
131 132 133 0.7195 0.0065 0.7901 0.9330 0.0265 0.6718 0.9507 0.5349
132 133 134 0.3472 0.0127 0.2747 0.7059 0.3269 0.5296 0.6892 0.3229
133 134 135 0.5896 0.8548 0.8625 0.2359 0.8418 0.1365 0.8304 0.1083
134 135 136 0.9214 0.8693 0.2399 0.5341 0.6871 0.6004 0.9288 0.7028
135 136 137 0.7002 0.7346 0.6231 0.7827 0.2263 0.7272 0.2314 0.9208
136 137 138 0.2479 0.8808 0.3662 0.8346 0.1800 0.0155 0.4851 0.4800
137 138 139 0.2482 0.6852 0.9622 0.8349 0.3239 0.3990 0.7223 0.0576
138 139 140 0.9536 0.2001 0.5444 0.4049 0.0101 0.3991 0.8892 0.1041
139 140 141 0.7367 0.1593 0.1026 0.9205 0.8087 0.2687 0.3604 0.3727
140 141 142 0.7696 0.2331 0.2235 0.0473 0.7450 0.8623 0.9754 0.0488
141 142 143 0.5559 0.9166 0.5519 0.6815 0.9749 0.8714 0.9204 0.0195
142 143 144 0.7215 0.3715 0.2635 0.3746 0.8792 0.4198 0.3808 0.8274
143 144 145 0.9302 0.0157 0.3929 0.7538 0.0893 0.7386 0.5846 0.0467
144 145 146 0.9811 0.8011 0.8438 0.6586 0.1646 0.7277 0.4059 0.4737
145 146 147 0.8037 0.3787 0.4910 0.0332 0.8265 0.3402 0.3753 0.8188
146 147 148 0.1798 0.7017 0.1729 0.7326 0.0324 0.1063 0.9006 0.0167
147 148 149 0.8559 0.2837 0.3131 0.6784 0.8966 0.6492 0.0297 0.0498
148 149 150 0.9784 0.7117 0.7132 0.3205 0.5029 0.5560 0.1921 0.0008
149 150 151 0.0705 0.6889 0.8150 0.6038 0.9216 0.5156 0.7492 0.8199
150 151 152 0.6671 0.4260 0.1993 0.9392 0.8090 0.4814 0.4110 0.7668
151 152 153 0.9834 0.3788 0.2824 0.1401 0.6912 0.0003 0.3075 0.8968
152 153 154 0.8268 0.7936 0.5659 0.3499 0.0673 0.8367 0.8713 0.7433
153 154 155 0.2818 0.4078 0.9789 0.8616 0.6211 0.8114 0.1981 0.6503
154 155 156 0.0344 0.3262 0.8506 0.5395 0.8702 0.5971 0.3528 0.3153
155 156 157 0.5504 0.0662 0.4187 0.8906 0.9576 0.3375 0.6861 0.7716
156 157 158 0.4261 0.2845 0.1331 0.8384 0.9822 0.3736 0.3214 0.4912
157 158 159 0.2110 0.8495 0.1000 0.0388 0.6170 0.6446 0.7210 0.4101
158 159 160 0.0736 0.7361 0.4748 0.3126 0.7927 0.5011 0.5556 0.2156
159 160 161 0.8556 0.9247 0.0671 0.5674 0.3056 0.8070 0.4668 0.3026
160 161 162 0.4891 0.2089 0.5319 0.7558 0.2517 0.6727 0.4711 0.4677
161 162 163 0.7958 0.9046 0.0101 0.7264 0.3927 0.2958 0.8538 0.4543
162 163 164 0.7563 0.6486 0.6297 0.2161 0.3136 0.8389 0.7562 0.5948
163 164 165 0.0663 0.4369 0.5782 0.4643 0.4977 0.2285 0.4604 0.5212
164 165 166 0.1133 0.4490 0.3578 0.0192 0.6780 0.1885 0.4151 0.0354
165 166 167 0.5414 0.6029 0.2652 0.4484 0.2645 0.6958 0.5268 0.4017
166 167 168 0.8326 0.7250 0.4562 0.8376 0.8710 0.7179 0.3893 0.2437
167 168 169 0.8226 0.4177 0.8535 0.3429 0.2988 0.4851 0.9636 0.5359
168 169 170 0.7223 0.4031 0.0523 0.7929 0.8753 0.0690 0.8692 0.6443
169 170 171 0.3216 0.1713 0.7434 0.1858 0.2019 0.5693 0.1330 0.9939
170 171 172 0.8629 0.9996 0.5394 0.6522 0.4975 0.8373 0.2639 0.2532
171 172 173 0.4439 0.3439 0.8185 0.8027 0.7414 0.6207 0.8686 0.6907
172 173 174 0.5673 0.9791 0.3669 0.6481 0.5357 0.9471 0.0973 0.2657
173 174 175 0.1837 0.3566 0.2075 0.6001 0.4670 0.1098 0.7475 0.3079
174 175 176 0.2491 0.6804 0.8105 0.1995 0.3003 0.6491 0.7022 0.3195
175 176 177 0.9731 0.8552 0.6667 0.8722 0.7045 0.0148 0.3075 0.8308
176 177 178 0.5499 0.6839 0.4312 0.4574 0.8944 0.5359 0.4745 0.2334
177 178 179 0.7973 0.6887 0.8797 0.3568 0.6429 0.9668 0.5567 0.2540
178 179 180 0.6881 0.2631 0.9652 0.1427 0.6300 0.6903 0.4662 0.4369
179 180 181 0.8693 0.3764 0.7484 0.3874 0.2932 0.2154 0.3948 0.8427
180 181 182 0.8665 0.1042 0.2980 0.0137 0.6012 0.6336 0.8595 0.8774
181 182 183 0.2177 0.7856 0.6817 0.7422 0.9451 0.7178 0.5273 0.3815
182 183 184 0.7960 0.0949 0.8125 0.5091 0.4804 0.0079 0.7398 0.3572
183 184 185 0.3181 0.2474 0.7646 0.1787 0.8873 0.6974 0.0348 0.9196
184 185 186 0.2841 0.8065 0.1787 0.8101 0.3008 0.9070 0.7634 0.0789
185 186 187 0.3701 0.0256 0.4005 0.1735 0.9177 0.8805 0.1894 0.6727
186 187 188 0.5970 0.9763 0.5238 0.7050 0.2666 0.2281 0.9727 0.7945
187 188 189 0.4043 0.7666 0.7660 0.7325 0.6603 0.1214 0.2680 0.2405
188 189 190 0.7760 0.7848 0.3746 0.7851 0.6098 0.4612 0.6835 0.4237
189 190 191 0.3678 0.3860 0.4037 0.9172 0.2313 0.2124 0.7779 0.0254
190 191 192 0.1939 0.7758 0.1144 0.4458 0.5473 0.0719 0.0548 0.7846
191 192 193 0.7503 0.5786 0.4096 0.4654 0.2212 0.7068 0.0744 0.6117
192 193 194 0.6922 0.8640 0.3404 0.7922 0.6092 0.8305 0.3872 0.1412
193 194 195 0.7826 0.7360 0.2587 0.7668 0.9839 0.4540 0.9728 0.8160
194 195 196 0.0522 0.5215 0.1893 0.9598 0.5314 0.2573 0.9134 0.9452
195 196 197 0.3348 0.8954 0.6100 0.3174 0.6481 0.5378 0.0393 0.3151
196 197 198 0.2072 0.7768 0.8790 0.9143 0.9617 0.2067 0.6829 0.1646
197 198 199 0.2019 0.0699 0.0354 0.9570 0.1819 0.1976 0.4753 0.7799
198 199 200 0.5333 0.9875 0.7479 0.9835 0.9037 0.3090 0.9745 0.4218
199 200 201 0.7232 0.7487 0.8569 0.5384 0.1806 0.3845 0.0001 0.6580
200 201 202 0.1423 0.0155 0.8618 0.6335 0.4463 0.0798 0.2368 0.1683
201 202 203 0.8904 0.1537 0.4213 0.1451 0.8138 0.3059 0.1346 0.1424
202 203 204 0.1695 0.4256 0.6138 0.1532 0.6585 0.5021 0.2209 0.3930
203 204 205 0.9667 0.5720 0.8960 0.7984 0.3158 0.9515 0.6631 0.2815
204 205 206 0.9566 0.3976 0.4534 0.6488 0.7455 0.1313 0.4658 0.1853
205 206 207 0.8378 0.5334 0.4950 0.3005 0.6879 0.6723 0.9938 0.7299
206 207 208 0.0801 0.9501 0.8144 0.8668 0.3421 0.1321 0.6424 0.6936
207 208 209 0.6729 0.2005 0.1432 0.9907 0.9447 0.7270 0.3632 0.0347
208 209 210 0.1041 0.7996 0.5721 0.1109 0.8751 0.6648 0.0523 0.1810
209 210 211 0.6597 0.1294 0.8811 0.3988 0.5731 0.3176 0.7275 0.5830
210 211 212 0.1836 0.5368 0.9392 0.7630 0.0106 0.7729 0.1837 0.3839
211 212 213 0.2501 0.6602 0.6143 0.0840 0.3782 0.1268 0.3808 0.4346
212 213 214 0.3921 0.4314 0.7893 0.5712 0.8696 0.9488 0.0418 0.0646
213 214 215 0.3783 0.0075 0.6614 0.3391 0.8672 0.1169 0.3126 0.0965
214 215 216 0.4671 0.2636 0.3578 0.2068 0.8059 0.4551 0.2546 0.3549
215 216 217 0.2339 0.3622 0.9859 0.4306 0.9373 0.0370 0.1075 0.6098
216 217 218 0.7276 0.7438 0.8560 0.0705 0.3558 0.3873 0.9664 0.3303
217 218 219 0.1310 0.1180 0.3721 0.7787 0.3005 0.8349 0.4269 0.3765
218 219 220 0.9210 0.8736 0.4505 0.2189 0.3038 0.0093 0.6089 0.9849
219 220 221 0.8153 0.1622 0.8487 0.2677 0.2192 0.9292 0.6014 0.5318
220 221 222 0.6366 0.0919 0.9489 0.0261 0.1681 0.0731 0.8732 0.5302
221 222 223 0.8998 0.9627 0.8642 0.6717 0.2780 0.2137 0.4586 0.1609
222 223 224 0.4593 0.6192 0.6633 0.2471 0.6300 0.5177 0.4527 0.1609
223 224 225 0.3810 0.0892 0.9048 0.7857 0.6008 0.9902 0.6412 0.8674
224 225 226 0.1408 0.7793 0.7807 0.3805 0.6548 0.8929 0.0926 0.1247
225 226 227 0.0016 0.1428 0.5201 0.7473 0.5328 0.0281 0.2738 0.4766
226 227 228 0.3011 0.7559 0.9044 0.7674 0.1598 0.9529 0.1577 0.1188
227 228 229 0.5911 0.9577 0.3805 0.4197 0.2976 0.5848 0.3433 0.3049
228 229 230 0.2250 0.4860 0.6613 0.9000 0.8699 0.0202 0.1398 0.8076
229 230 231 0.8367 0.5618 0.3792 0.5002 0.1638 0.8971 0.7586 0.9117
230 231 232 0.3392 0.8488 0.2598 0.0921 0.1748 0.1824 0.9392 0.3845
231 232 233 0.4200 0.8994 0.9371 0.1784 0.5779 0.8269 0.3379 0.6184
232 233 234 0.3088 0.5399 0.3912 0.3607 0.1121 0.8683 0.9322 0.8027
233 234 235 0.2186 0.0620 0.1372 0.0079 0.2819 0.2513 0.7567 0.5656
234 235 236 0.1077 0.0191 0.9386 0.6936 0.4215 0.0701 0.4377 0.4988
235 236 237 0.6273 0.8541 0.3514 0.2670 0.0069 0.0073 0.8546 0.4432
236 237 238 0.6287 0.7208 0.2374 0.3407 0.6816 0.2615 0.1000 0.0733
237 238 239 0.8098 0.1332 0.5279 0.6818 0.2849 0.1208 0.7344 0.2144
238 239 240 0.3382 0.7530 0.3544 0.6038 0.8559 0.5143 0.2751 0.9997
239 240 241 0.3337 0.2552 0.6877 0.3319 0.5436 0.9433 0.2339 0.1662
240 241 242 0.2957 0.1925 0.5827 0.5541 0.6408 0.0049 0.2757 0.5605
241 242 243 0.9667 0.9387 0.1104 0.0754 0.2543 0.3455 0.0852 0.2693
242 243 244 0.5965 0.1054 0.5860 0.5640 0.3037 0.4099 0.4342 0.4698
243 244 245 0.2643 0.9558 0.0912 0.8706 0.1243 0.2627 0.5707 0.3970
244 245 246 0.3013 0.9397 0.6353 0.2147 0.5439 0.0300 0.3223 0.5758
245 246 247 0.9905 0.1752 0.0815 0.5036 0.2104 0.6457 0.6443 0.2080
246 247 248 0.1412 0.3634 0.3544 0.6753 0.5460 0.0298 0.0951 0.9170
247 248 249 0.3478 0.8212 0.0287 0.1092 0.6672 0.3606 0.5155 0.8646
248 249 250 0.0022 0.7092 0.6004 0.0270 0.2529 0.0803 0.7939 0.7604
249 250 251 0.1783 0.0311 0.3261 0.1526 0.6991 0.8985 0.5523 0.4961
250 251 252 0.6554 0.1289 0.7834 0.3339 0.5811 0.1346 0.5023 0.2558
251 252 253 0.3350 0.8164 0.7999 0.6148 0.4259 0.8990 0.8062 0.2397
252 253 254 0.1561 0.8474 0.0671 0.7038 0.5326 0.0045 0.2967 0.2959
253 254 255 0.1813 0.1714 0.3713 0.7117 0.6650 0.0404 0.0292 0.0903
254 255 256 0.0862 0.6669 0.0928 0.0382 0.6835 0.3552 0.4295 0.5422
255 256 257 0.7913 0.0275 0.7276 0.1944 0.8712 0.6388 0.4680 0.3091
256 257 258 0.8916 0.4307 0.5666 0.2403 0.0410 0.8088 0.5401 0.0651
257 258 259 0.6866 0.5358 0.4726 0.1391 0.1409 0.2469 0.9504 0.0849
258 259 260 0.0330 0.6405 0.8758 0.7796 0.5934 0.6247 0.6566 0.8894
259 260 261 0.5831 0.5903 0.4348 0.8075 0.6258 0.9826 0.4488 0.6843
260 261 262 0.7868 0.3151 0.5760 0.2426 0.3205 0.8157 0.7531 0.2003
261 262 263 0.5995 0.7864 0.3653 0.9944 0.7301 0.9032 0.4957 0.5004
262 263 264 0.6100 0.6261 0.9829 0.4858 0.3418 0.0459 0.0554 0.4383
263 264 265 0.1724 0.8560 0.8856 0.4204 0.6673 0.5715 0.9154 0.5384
264 265 266 0.7053 0.2757 0.2569 0.2729 0.9266 0.6591 0.9098 0.1085
265 266 267 0.8121 0.6516 0.8350 0.8215 0.7733 0.3618 0.9706 0.7488
266 267 268 0.5849 0.4996 0.1088 0.7571 0.7417 0.0673 0.6134 0.9291
267 268 269 0.1646 0.8378 0.0550 0.8198 0.4842 0.5282 0.5475 0.6015
268 269 270 0.9617 0.8173 0.0061 0.0980 0.1249 0.7750 0.3308 0.2367
269 270 271 0.2153 0.7170 0.7675 0.8730 0.0514 0.5997 0.8588 0.6431
270 271 272 0.6887 0.3556 0.3259 0.0705 0.1849 0.7723 0.2862 0.3538
271 272 273 0.8414 0.0907 0.8250 0.8445 0.2509 0.1636 0.8601 0.7098
272 273 274 0.0318 0.6960 0.6042 0.9996 0.4055 0.0659 0.0395 0.8374
273 274 275 0.3537 0.9829 0.0488 0.9999 0.6421 0.4111 0.3321 0.1877
274 275 276 0.2942 0.2313 0.4628 0.4690 0.3151 0.8274 0.1037 0.3557
275 276 277 0.7349 0.9576 0.3189 0.3245 0.0546 0.1939 0.2071 0.9023
276 277 278 0.5293 0.8799 0.2453 0.0932 0.5777 0.3836 0.7171 0.5979
277 278 000 0.9777 0.8435 0.5056 0.5589 0.4504 0.6643 0.3619 0.2798
278 000 001 0.9217 0.0101 0.5086 0.6242 0.2441 0.4489 0.2169 0.4671
