279 155682 3 279
000 001 002 0.0091 0.6115 0.6322 0.3632 0.6550 0.1606 0.5645 0.1777
001 002 003 0.9496 0.2276 0.5820 0.6246 0.7979 0.3836 0.8581 0.2337
002 003 004 0.6733 0.1474 0.8776 0.2133 0.6415 0.4896 0.9167 0.5048
003 004 005 0.5605 0.0444 0.0174 0.8855 0.0303 0.2554 0.6096 0.3676
004 005 006 0.3448 0.2311 0.6970 0.2942 0.6123 0.4763 0.7902 0.9181
005 006 007 0.6847 0.8577 0.6130 0.2618 0.8686 0.7196 0.5859 0.3865
006 007 008 0.6332 0.5372 0.4633 0.5998 0.9487 0.2058 0.3262 0.2385
007 008 009 0.3360 0.1093 0.0480 0.1242 0.7097 0.6995 0.7949 0.4666
008 009 010 0.1544 0.6268 0.4914 0.4210 0.1756 0.2382 0.2781 0.4096
009 010 011 0.5136 0.2949 0.6541 0.5457 0.3680 0.7853 0.8359 0.1075
010 011 012 0.6328 0.6697 0.8635 0.7987 0.9446 0.5769 0.1952 0.7884
011 012 013 0.3339 0.4173 0.8814 0.3834 0.1568 0.6616 0.0580 0.6040
012 013 014 0.5367 0.0129 0.5911 0.5102 0.9545 0.3400 0.5613 0.0349
013 014 015 0.9682 0.5243 0.2205 0.3909 0.1013 0.7145 0.2093 0.8806
014 015 016 0.7359 0.3246 0.2466 0.6801 0.9535 0.4714 0.8813 0.1775
015 016 017 0.2254 0.7319 0.8599 0.6542 0.0376 0.9509 0.1715 0.3526
016 017 018 0.1691 0.7936 0.7137 0.7651 0.4019 0.4233 0.5229 0.1457
017 018 019 0.2198 0.7175 0.8096 0.5166 0.0840 0.0573 0.2000 0.1328
018 019 020 0.6590 0.0874 0.3982 0.5969 0.2273 0.5280 0.4312 0.0432
019 020 021 0.6649 0.8475 0.9528 0.0512 0.9517 0.8582 0.8271 0.0722
020 021 022 0.9404 0.5418 0.7150 0.2759 0.1260 0.7503 0.3007 0.1326
021 022 023 0.5151 0.3352 0.0228 0.5872 0.1338 0.0292 0.4860 0.5863
022 023 024 0.1915 0.7534 0.1946 0.4444 0.8475 0.0709 0.5635 0.0822
023 024 025 0.8798 0.5278 0.8212 0.0045 0.7291 0.1739 0.4573 0.4092
024 025 026 0.0486 0.5241 0.1519 0.0895 0.9391 0.0356 0.2146 0.8811
025 026 027 0.8593 0.2748 0.4971 0.8863 0.8075 0.8029 0.8068 0.3823
026 027 028 0.4270 0.9351 0.6805 0.7327 0.3750 0.5489 0.7625 0.9506
027 028 029 0.7005 0.0084 0.8970 0.5985 0.6604 0.1761 0.5547 0.8129
028 029 030 0.8939 0.8952 0.8819 0.3460 0.0558 0.6776 0.2755 0.1259
029 030 031 0.8531 0.7805 0.9115 0.5809 0.5780 0.6096 0.2548 0.2381
030 031 032 0.6863 0.0377 0.7558 0.8087 0.7409 0.9122 0.4008 0.5834
031 032 033 0.1311 0.9191 0.3190 0.5582 0.5176 0.6637 0.8045 0.8832
032 033 034 0.6917 0.6283 0.9048 0.0387 0.3652 0.3595 0.6984 0.1657
033 034 035 0.9178 0.7074 0.8096 0.0483 0.0946 0.3743 0.6877 0.9924
034 035 036 0.8277 0.6890 0.7270 0.5203 0.0156 0.3304 0.3118 0.2891
035 036 037 0.3358 0.8052 0.3515 0.0005 0.9057 0.9787 0.4043 0.1449
036 037 038 0.6331 0.9748 0.2414 0.5718 0.7064 0.3065 0.5784 0.2458
037 038 039 0.6951 0.9283 0.3934 0.4211 0.8419 0.4699 0.4632 0.4059
038 039 040 0.7850 0.5012 0.9002 0.7135 0.0940 0.2561 0.2013 0.4071
039 040 041 0.6376 0.3273 0.3735 0.0627 0.1433 0.5197 0.3519 0.2146
040 041 042 0.4049 0.8130 0.0061 0.9110 0.0886 0.7020 0.8908 0.4036
041 042 043 0.8337 0.7404 0.0151 0.8934 0.3475 0.5679 0.1856 0.3912
042 043 044 0.8731 0.4563 0.7424 0.0283 0.9603 0.3934 0.8947 0.5385
043 044 045 0.0117 0.7895 0.9932 0.2181 0.9867 0.2227 0.4770 0.9415
044 045 046 0.8656 0.0129 0.7356 0.2468 0.5373 0.9192 0.0020 0.2473
045 046 047 0.1853 0.7679 0.4374 0.3489 0.4392 0.4206 0.4584 0.5387
046 047 048 0.9145 0.1708 0.1958 0.3910 0.5596 0.9087 0.7800 0.5768
047 048 049 0.3023 0.7680 0.0775 0.7709 0.7880 0.8219 0.9981 0.3932
048 049 050 0.2158 0.1726 0.0377 0.4287 0.2524 0.1158 0.0705 0.5949
049 050 051 0.3458 0.5801 0.9743 0.8999 0.4314 0.0336 0.6159 0.3047
050 051 052 0.8583 0.9801 0.2434 0.7293 0.9744 0.4665 0.9130 0.6823
051 052 053 0.5894 0.3194 0.8362 0.2162 0.6064 0.1035 0.3088 0.3819
052 053 054 0.3577 0.5833 0.0444 0.7754 0.1362 0.1020 0.1590 0.1514
053 054 055 0.8102 0.9536 0.8720 0.1034 0.8200 0.9446 0.4530 0.7907
054 055 056 0.9810 0.9861 0.9548 0.6727 0.7587 0.3303 0.8784 0.7601
055 056 057 0.7512 0.6128 0.2903 0.2798 0.3186 0.6849 0.5502 0.1025
056 057 058 0.9561 0.9597 0.8658 0.7178 0.5626 0.9601 0.9736 0.8586
057 058 059 0.1345 0.0514 0.1043 0.2005 0.4635 0.0530 0.1471 0.4091
058 059 060 0.1385 0.0272 0.8585 0.9295 0.0032 0.8522 0.8142 0.0739
059 060 061 0.8458 0.0061 0.4697 0.4137 0.7277 0.1446 0.3094 0.2349
060 061 062 0.1942 0.3362 0.8898 0.5812 0.5772 0.6290 0.5542 0.7216
061 062 063 0.3514 0.1064 0.1138 0.6754 0.5717 0.1615 0.5677 0.4541
062 063 064 0.3372 0.0018 0.0097 0.0747 0.6770 0.2877 0.8223 0.0491
063 064 065 0.0268 0.0501 0.4472 0.8353 0.7566 0.4965 0.1451 0.4304
064 065 066 0.2832 0.2805 0.5693 0.9341 0.4773 0.4782 0.8687 0.1657
065 066 067 0.9115 0.7079 0.6732 0.1639 0.8956 0.3239 0.0991 0.4526
066 067 068 0.8785 0.0016 0.8564 0.2740 0.8005 0.6814 0.7715 0.2067
067 068 069 0.5809 0.9813 0.8086 0.5010 0.8520 0.1092 0.8194 0.3123
068 069 070 0.0620 0.3831 0.6500 0.4157 0.2109 0.6434 0.7847 0.0083
069 070 071 0.8449 0.2099 0.4248 0.4939 0.2155 0.8886 0.2679 0.0382
070 071 072 0.1997 0.8087 0.7178 0.7453 0.6974 0.0642 0.9414 0.3684
071 072 073 0.9705 0.1474 0.3595 0.9421 0.1207 0.1862 0.5502 0.0055
072 073 074 0.6773 0.9904 0.4214 0.9640 0.8799 0.3433 0.9462 0.1377
073 074 075 0.3939 0.0035 0.5341 0.6752 0.2985 0.6273 0.1267 0.5799
074 075 076 0.1681 0.4061 0.9923 0.1236 0.0524 0.8344 0.3531 0.8175
075 076 077 0.1216 0.5163 0.1675 0.2070 0.5670 0.7577 0.2593 0.5397
076 077 078 0.4902 0.0892 0.1422 0.6356 0.0177 0.9925 0.8755 0.7150
077 078 079 0.0472 0.7760 0.8220 0.3282 0.2532 0.5747 0.6531 0.2063
078 079 080 0.1741 0.7544 0.3002 0.3964 0.0330 0.5650 0.5818 0.8367
079 080 081 0.2228 0.7270 0.4056 0.4253 0.0175 0.3279 0.9228 0.1744
080 081 082 0.8600 0.0167 0.7767 0.2624 0.6900 0.1140 0.9326 0.7447
081 082 083 0.2244 0.8936 0.6028 0.0301 0.8567 0.6806 0.4385 0.6270
082 083 084 0.0349 0.0801 0.8764 0.9103 0.8431 0.2367 0.2509 0.4587
083 084 085 0.8933 0.5322 0.2256 0.3528 0.8403 0.1649 0.7878 0.6975
084 085 086 0.6265 0.5663 0.7740 0.8496 0.3374 0.8110 0.1076 0.6548
085 086 087 0.8166 0.5561 0.2568 0.1846 0.2952 0.2159 0.9431 0.7688
086 087 088 0.9161 0.5053 0.0111 0.1791 0.1280 0.8265 0.5607 0.4599
087 088 089 0.9593 0.6161 0.4754 0.0628 0.5387 0.9033 0.1056 0.7962
088 089 090 0.4569 0.9590 0.9806 0.8888 0.3577 0.7015 0.9832 0.3476
089 090 091 0.1414 0.4375 0.3448 0.4941 0.3597 0.6031 0.9757 0.9043
090 091 092 0.4813 0.4652 0.4888 0.4566 0.2219 0.1657 0.5954 0.4820
091 092 093 0.2694 0.2156 0.6725 0.6203 0.8299 0.9873 0.0595 0.8485
092 093 094 0.6447 0.9672 0.6065 0.7739 0.0271 0.8824 0.7205 0.9246
093 094 095 0.7531 0.8718 0.8166 0.4646 0.3830 0.5194 0.4227 0.5615
094 095 096 0.2469 0.4027 0.6958 0.9623 0.5552 0.8874 0.6873 0.0434
095 096 097 0.8467 0.8205 0.1703 0.6536 0.2426 0.7072 0.1861 0.1258
096 097 098 0.6398 0.7300 0.3962 0.7232 0.3643 0.1541 0.4152 0.3578
097 098 099 0.2671 0.5995 0.1108 0.2165 0.1115 0.8428 0.8268 0.5437
098 099 100 0.7354 0.6466 0.0835 0.8563 0.9083 0.7324 0.4626 0.6101
099 100 101 0.7497 0.5121 0.8664 0.9347 0.2462 0.0625 0.4985 0.1238
100 101 102 0.8673 0.7035 0.1893 0.1100 0.3664 0.4860 0.8572 0.3454
101 102 103 0.2268 0.2291 0.0834 0.9049 0.7727 0.4762 0.9333 0.2975
102 103 104 0.7409 0.9337 0.7719 0.1953 0.6962 0.3311 0.0070 0.2625
103 104 105 0.0634 0.9285 0.2659 0.4933 0.0891 0.4498 0.3278 0.2316
104 105 106 0.4720 0.4457 0.6821 0.5998 0.2119 0.9048 0.7879 0.7783
105 106 107 0.4045 0.0013 0.0345 0.8527 0.2228 0.2496 0.5059 0.8007
106 107 108 0.8816 0.4175 0.0281 0.6731 0.9812 0.7008 0.5827 0.9765
107 108 109 0.9769 0.3771 0.5671 0.7443 0.1534 0.3783 0.0130 0.6766
108 109 110 0.0951 0.5206 0.6889 0.4406 0.1851 0.8719 0.3022 0.7045
109 110 111 0.2958 0.4002 0.1797 0.7958 0.0912 0.8208 0.5941 0.7973
110 111 112 0.7507 0.7050 0.0369 0.7130 0.5095 0.0734 0.0797 0.9881
111 112 113 0.8717 0.6937 0.7776 0.8041 0.5459 0.9140 0.9555 0.6945
112 113 114 0.3600 0.3316 0.6940 0.3127 0.5436 0.2599 0.1730 0.3172
113 114 115 0.0420 0.4462 0.9759 0.9982 0.3398 0.4959 0.4941 0.1848
114 115 116 0.4850 0.7694 0.3438 0.8059 0.9787 0.9971 0.4637 0.1784
115 116 117 0.6097 0.0818 0.1732 0.5785 0.6502 0.5587 0.3868 0.7473
116 117 118 0.7771 0.9459 0.9698 0.5834 0.9880 0.0275 0.7582 0.2785
117 118 119 0.8106 0.8743 0.3970 0.9542 0.0753 0.6371 0.1043 0.5701
118 119 120 0.3561 0.7917 0.3481 0.9543 0.5591 0.9104 0.2975 0.1178
119 120 121 0.7761 0.3556 0.8007 0.9234 0.4490 0.9950 0.2014 0.7823
120 121 122 0.3073 0.4357 0.0017 0.2679 0.6088 0.9847 0.0594 0.3441
121 122 123 0.1497 0.7854 0.0718 0.5603 0.8613 0.8378 0.4777 0.6275
122 123 124 0.5530 0.6938 0.3602 0.1687 0.8845 0.5548 0.2468 0.3126
123 124 125 0.4739 0.9406 0.3869 0.2682 0.5819 0.8062 0.4052 0.9953
124 125 126 0.9545 0.6451 0.6106 0.7996 0.9350 0.4808 0.2984 0.3993
125 126 127 0.1386 0.5086 0.0646 0.3914 0.0836 0.0229 0.6453 0.8588
126 127 128 0.4593 0.3650 0.0801 0.2307 0.7846 0.2287 0.8715 0.0922
127 128 129 0.2307 0.7675 0.5228 0.9329 0.5402 0.8072 0.9472 0.6385
128 129 130 0.0887 0.8428 0.3276 0.7421 0.7825 0.9277 0.7590 0.5938
129 130 131 0.7039 0.1850 0.2570 0.8176 0.6670 0.1498 0.0408 0.9709
130 131 132 0.5843 0.1075 0.4481 0.7594 0.1729 0.5394 0.7553 0.2675
131 132 133 0.5144 0.2817 0.3328 0.9264 0.7143 0.4148 0.8672 0.1138
132 133 134 0.9118 0.5898 0.2279 0.6147 0.0800 0.8702 0.3192 0.2084
133 134 135 0.7933 0.9483 0.2675 0.6399 0.5280 0.4822 0.8860 0.1796
134 135 136 0.4016 0.4189 0.4069 0.7229 0.4471 0.7464 0.1756 0.7119
135 136 137 0.5016 0.4060 0.0100 0.9558 0.9237 0.0669 0.3583 0.7670
136 137 138 0.0223 0.3497 0.5912 0.6470 0.7338 0.1226 0.6025 0.0194
137 138 139 0.2032 0.2380 0.3243 0.6357 0.9744 0.0586 0.1347 0.1780
138 139 140 0.6871 0.7060 0.6083 0.4418 0.5899 0.2799 0.3305 0.2736
139 140 141 0.9353 0.9756 0.9361 0.4417 0.1736 0.7967 0.2558 0.6646
140 141 142 0.5850 0.9322 0.1330 0.0952 0.3976 0.8056 0.5467 0.6705
141 142 143 0.9306 0.5656 0.0882 0.4477 0.0271 0.2491 0.4177 0.8396
142 143 144 0.7028 0.4170 0.4125 0.5575 0.8041 0.5893 0.6725 0.3887
143 144 145 0.9827 0.2141 0.4203 0.5592 0.2168 0.8126 0.8538 0.7220
144 145 146 0.2310 0.7579 0.1008 0.3482 0.2637 0.1086 0.8549 0.5801
145 146 147 0.1676 0.7281 0.4020 0.3363 0.8591 0.4262 0.0399 0.4651
146 147 148 0.5941 0.9734 0.3850 0.7825 0.9706 0.3865 0.5689 0.0316
147 148 149 0.1638 0.6718 0.2903 0.1808 0.8748 0.8873 0.2334 0.6702
148 149 150 0.0540 0.5267 0.5720 0.1529 0.2864 0.4652 0.5671 0.5223
149 150 151 0.9073 0.6185 0.5314 0.6329 0.7831 0.5117 0.8280 0.7777
150 151 152 0.2322 0.9287 0.2344 0.9640 0.9820 0.3727 0.6965 0.5682
151 152 153 0.3915 0.6315 0.3323 0.2799 0.6823 0.7147 0.0279 0.6389
152 153 154 0.9218 0.4484 0.0288 0.1468 0.2229 0.5007 0.5409 0.0274
153 154 155 0.6834 0.5419 0.3136 0.7587 0.3601 0.4029 0.2434 0.5912
154 155 156 0.9914 0.8771 0.9797 0.0319 0.1536 0.2523 0.9434 0.2788
155 156 157 0.7359 0.6250 0.5957 0.6004 0.7868 0.9862 0.4602 0.1359
156 157 158 0.0954 0.8367 0.0331 0.2552 0.5588 0.3847 0.5773 0.2224
157 158 159 0.8590 0.1750 0.7498 0.7039 0.2356 0.5883 0.0237 0.1222
158 159 160 0.1292 0.9624 0.2223 0.2444 0.3567 0.6413 0.8245 0.4291
159 160 161 0.3827 0.0127 0.5698 0.9589 0.0381 0.0520 0.1315 0.6705
160 161 162 0.6204 0.8420 0.0718 0.0637 0.6924 0.9188 0.7045 0.0708
161 162 163 0.2950 0.3335 0.0671 0.1281 0.4923 0.7268 0.1438 0.4219
162 163 164 0.7745 0.1638 0.6658 0.6839 0.0270 0.8445 0.7556 0.3236
163 164 165 0.9285 0.2722 0.3453 0.7711 0.7117 0.3902 0.0218 0.9476
164 165 166 0.1888 0.3248 0.1343 0.9430 0.6008 0.1502 0.9707 0.0706
165 166 167 0.6173 0.3768 0.3938 0.3824 0.7421 0.3228 0.8112 0.1392
166 167 168 0.5705 0.2308 0.3153 0.1031 0.0740 0.5431 0.8203 0.4497
167 168 169 0.1567 0.6946 0.3387 0.2657 0.1911 0.1256 0.4509 0.7944
168 169 170 0.2622 0.0321 0.9843 0.8862 0.6974 0.6826 0.7655 0.8264
169 170 171 0.5078 0.2512 0.8910 0.3307 0.7558 0.6573 0.0606 0.5469
170 171 172 0.1860 0.4159 0.8168 0.3262 0.0081 0.0071 0.3211 0.2425
171 172 173 0.6666 0.0563 0.7359 0.3624 0.1210 0.8527 0.4304 0.4550
172 173 174 0.8439 0.5606 0.1062 0.4849 0.3604 0.0884 0.9302 0.4550
173 174 175 0.4835 0.7094 0.7593 0.6791 0.6859 0.9118 0.7968 0.8910
174 175 176 0.5058 0.9703 0.7118 0.2280 0.7643 0.8881 0.6261 0.1814
175 176 177 0.3631 0.8811 0.0814 0.2025 0.4881 0.3770 0.2276 0.4520
176 177 178 0.6856 0.0804 0.9198 0.1937 0.1387 0.5039 0.3785 0.6072
177 178 179 0.4413 0.8870 0.3710 0.1443 0.3223 0.9059 0.1118 0.4363
178 179 180 0.6358 0.1680 0.5469 0.1112 0.0569 0.2796 0.4295 0.5425
179 180 181 0.0871 0.2448 0.6984 0.1617 0.9850 0.9871 0.3435 0.4310
180 181 182 0.3234 0.5360 0.4123 0.6568 0.4736 0.0229 0.4796 0.5734
181 182 183 0.7162 0.5947 0.5533 0.5152 0.4973 0.5846 0.9213 0.2599
182 183 184 0.9681 0.4701 0.7729 0.2540 0.9060 0.5520 0.9058 0.5691
183 184 185 0.1328 0.9813 0.2566 0.8607 0.1178 0.3392 0.4070 0.7702
184 185 186 0.5008 0.6223 0.0004 0.0172 0.5857 0.0904 0.7666 0.0127
185 186 187 0.5610 0.3511 0.0129 0.2063 0.6157 0.5182 0.6344 0.7165
186 187 188 0.5018 0.1589 0.5467 0.3622 0.0426 0.0706 0.0804 0.5912
187 188 189 0.8246 0.4803 0.8923 0.6351 0.0262 0.3826 0.8246 0.3797
188 189 190 0.3416 0.5762 0.7363 0.4030 0.6723 0.8962 0.4354 0.6596
189 190 191 0.9259 0.4718 0.9630 0.2586 0.8818 0.6997 0.6857 0.5343
190 191 192 0.2015 0.7992 0.3988 0.0841 0.3688 0.2824 0.8799 0.2066
191 192 193 0.7027 0.8702 0.4610 0.5660 0.6526 0.0065 0.3473 0.5030
192 193 194 0.2580 0.8343 0.2021 0.3075 0.0494 0.6139 0.8039 0.0557
193 194 195 0.0185 0.2052 0.2482 0.6015 0.8111 0.6480 0.8884 0.6940
194 195 196 0.5071 0.8549 0.7823 0.5339 0.5055 0.9791 0.5617 0.1515
195 196 197 0.1410 0.1353 0.4261 0.4704 0.6107 0.0630 0.3191 0.2450
196 197 198 0.5996 0.2809 0.2200 0.1656 0.6274 0.6880 0.2853 0.5380
197 198 199 0.2569 0.8905 0.4047 0.6261 0.4158 0.7896 0.1239 0.9713
198 199 200 0.0405 0.9007 0.8523 0.1452 0.0009 0.9298 0.4961 0.2585
199 200 201 0.1603 0.7956 0.5798 0.6666 0.3802 0.3752 0.3389 0.4105
200 201 202 0.2697 0.6502 0.1771 0.5340 0.5405 0.9286 0.1569 0.7701
201 202 203 0.6512 0.7312 0.2556 0.3457 0.9652 0.2324 0.9378 0.1651
202 203 204 0.9010 0.5527 0.7519 0.6019 0.9000 0.0601 0.6787 0.4718
203 204 205 0.0509 0.1165 0.8453 0.3152 0.8489 0.3752 0.2727 0.2320
204 205 206 0.6175 0.0087 0.8135 0.1636 0.7656 0.6510 0.2705 0.4379
205 206 207 0.9165 0.9020 0.3591 0.9995 0.8867 0.8083 0.5228 0.1243
206 207 208 0.9494 0.5350 0.1862 0.1427 0.7723 0.7881 0.7028 0.4369
207 208 209 0.3326 0.7676 0.4275 0.4997 0.9329 0.0686 0.5462 0.4699
208 209 210 0.3696 0.2902 0.9557 0.1192 0.2908 0.8363 0.3847 0.9015
209 210 211 0.8807 0.0562 0.9806 0.3543 0.4555 0.7409 0.2115 0.4886
210 211 212 0.3336 0.7242 0.7662 0.5514 0.8892 0.5306 0.1298 0.4092
211 212 213 0.5000 0.7524 0.1878 0.1106 0.3773 0.6021 0.5450 0.9404
212 213 214 0.0271 0.9565 0.9973 0.3878 0.4705 0.6451 0.5063 0.0651
213 214 215 0.4033 0.6280 0.2666 0.8274 0.2701 0.7692 0.1639 0.9320
214 215 216 0.3330 0.3147 0.8068 0.8131 0.7415 0.9030 0.7205 0.7240
215 216 217 0.6682 0.1302 0.5960 0.8690 0.8307 0.0441 0.1741 0.2952
216 217 218 0.4999 0.7365 0.0807 0.9709 0.3584 0.5478 0.4695 0.4032
217 218 219 0.4772 0.6410 0.3643 0.3621 0.1861 0.2972 0.7515 0.9032
218 219 220 0.7538 0.8553 0.4628 0.1084 0.2671 0.2340 0.3134 0.2737
219 220 221 0.7124 0.8830 0.5412 0.3491 0.6915 0.2635 0.8922 0.2328
220 221 222 0.5686 0.8409 0.1072 0.6911 0.4530 0.2318 0.7766 0.0290
221 222 223 0.6166 0.0725 0.6159 0.3017 0.1387 0.0159 0.0620 0.5090
222 223 224 0.4690 0.6406 0.0971 0.1548 0.0374 0.8492 0.3600 0.3727
223 224 225 0.0502 0.6766 0.9988 0.4598 0.2109 0.0201 0.0979 0.7200
224 225 226 0.9421 0.4388 0.9373 0.2413 0.0633 0.4993 0.1366 0.3626
225 226 227 0.2807 0.2437 0.8174 0.7560 0.5303 0.3264 0.7458 0.6900
226 227 228 0.6570 0.2612 0.5293 0.0550 0.4538 0.7921 0.3637 0.2541
227 228 229 0.9884 0.5956 0.0603 0.3826 0.7041 0.2677 0.2156 0.8554
228 229 230 0.3270 0.0903 0.8411 0.0475 0.9346 0.7301 0.0841 0.3108
229 230 231 0.0928 0.9047 0.3873 0.4475 0.5514 0.9064 0.0764 0.9164
230 231 232 0.4277 0.8227 0.3815 0.4756 0.8655 0.9018 0.7623 0.3615
231 232 233 0.2341 0.9501 0.2244 0.0310 0.5629 0.1441 0.5951 0.2915
232 233 234 0.6894 0.6737 0.2219 0.2679 0.9899 0.3128 0.5092 0.8566
233 234 235 0.9335 0.5873 0.8067 0.7941 0.8852 0.9605 0.9715 0.3881
234 235 236 0.4667 0.0923 0.1983 0.0349 0.7365 0.3144 0.5707 0.9007
235 236 237 0.2983 0.0629 0.3173 0.8542 0.9862 0.4790 0.5277 0.8403
236 237 238 0.5815 0.3149 0.3504 0.2220 0.9459 0.0289 0.0308 0.2487
237 238 239 0.1095 0.1153 0.9447 0.6739 0.2649 0.7904 0.9627 0.0557
238 239 240 0.3407 0.8766 0.8481 0.9432 0.0975 0.9273 0.2050 0.6950
239 240 241 0.5505 0.3261 0.9680 0.9371 0.1831 0.8539 0.9602 0.1584
240 241 242 0.7043 0.0309 0.0510 0.6974 0.6523 0.2665 0.2890 0.6464
241 242 243 0.8691 0.9282 0.8762 0.3123 0.7572 0.4352 0.7067 0.3042
242 243 244 0.4871 0.5508 0.6516 0.0889 0.0248 0.8612 0.4124 0.4873
243 244 245 0.0165 0.5957 0.8812 0.0745 0.6857 0.5690 0.2679 0.0604
244 245 246 0.4561 0.1854 0.7845 0.9620 0.2486 0.1112 0.9601 0.4113
245 246 247 0.7428 0.2900 0.3634 0.0752 0.4435 0.2546 0.4276 0.9860
246 247 248 0.9009 0.3230 0.0650 0.2920 0.8206 0.3517 0.2600 0.8882
247 248 249 0.1579 0.2265 0.8247 0.7611 0.7468 0.7360 0.4228 0.1140
248 249 250 0.2485 0.0574 0.1358 0.0932 0.9246 0.3292 0.7258 0.8665
249 250 251 0.9005 0.1373 0.9344 0.2066 0.0163 0.6993 0.0746 0.8288
250 251 252 0.8649 0.5805 0.0677 0.4759 0.3157 0.9612 0.0901 0.9520
251 252 253 0.9469 0.1023 0.2173 0.9048 0.4283 0.8779 0.6777 0.1370
252 253 254 0.7714 0.3097 0.9957 0.8928 0.5403 0.9584 0.0689 0.4914
253 254 255 0.7113 0.8191 0.1552 0.2475 0.2124 0.1324 0.4694 0.5982
254 255 256 0.9335 0.1644 0.4088 0.7703 0.9602 0.2733 0.7319 0.9157
255 256 257 0.7730 0.4373 0.0362 0.4885 0.7980 0.9409 0.5787 0.9696
256 257 258 0.0697 0.2443 0.6767 0.9928 0.7316 0.6310 0.4677 0.5858
257 258 259 0.8691 0.8107 0.9052 0.4029 0.9010 0.2024 0.0268 0.8892
258 259 260 0.7991 0.6857 0.4554 0.4439 0.6192 0.8092 0.7315 0.2301
259 260 261 0.7461 0.6714 0.7186 0.9931 0.2132 0.8709 0.9018 0.6305
260 261 262 0.1773 0.3267 0.7970 0.1921 0.5021 0.5991 0.2439 0.6418
261 262 263 0.8584 0.2994 0.3758 0.7831 0.5707 0.8156 0.8128 0.7137
262 263 264 0.2018 0.3017 0.1908 0.0494 0.1789 0.3598 0.3916 0.8867
263 264 265 0.2059 0.8184 0.7048 0.2937 0.0993 0.7967 0.9400 0.5631
264 265 266 0.8177 0.4598 0.2782 0.9690 0.3920 0.4925 0.1816 0.0619
265 266 267 0.2007 0.6564 0.1940 0.6817 0.8825 0.0014 0.8945 0.1453
266 267 268 0.9262 0.6402 0.3108 0.9572 0.5159 0.5426 0.6683 0.4844
267 268 269 0.9033 0.0570 0.8651 0.4556 0.0526 0.1690 0.5664 0.5776
268 269 270 0.6180 0.7331 0.9333 0.0326 0.0432 0.8611 0.7503 0.3170
269 270 271 0.2063 0.3359 0.5455 0.5740 0.6661 0.1984 0.5463 0.3513
270 271 272 0.8329 0.2297 0.7786 0.8815 0.9792 0.3265 0.3525 0.8648
271 272 273 0.3635 0.8422 0.4750 0.1941 0.9228 0.5065 0.1649 0.1508
272 273 274 0.3030 0.1179 0.4770 0.6427 0.7053 0.2032 0.8290 0.9561
273 274 275 0.3857 0.2088 0.9391 0.3508 0.8185 0.1293 0.2602 0.8140
274 275 276 0.9498 0.2379 0.6137 0.1711 0.8218 0.3518 0.4790 0.9298
275 276 277 0.8446 0.4082 0.2413 0.6935 0.5900 0.4305 0.8404 0.4703
276 277 278 0.9526 0.3220 0.3085 0.1771 0.1323 0.2305 0.2792 0.5296
277 278 000 0.4302 0.7596 0.7513 0.3236 0.0328 0.9004 0.6218 0.2765
278 000 001 0.7000 0.3696 0.5015 0.4761 0.2201 0.2826 0.8730 0.5241
