279 155682 3 279
000 001 002 0.8649 0.3916 0.3728 0.6052 0.7297 0.2246 0.0282 0.8835
001 002 003 0.7298 0.8201 0.0906 0.4515 0.1301 0.8288 0.2094 0.0778
002 003 004 0.7369 0.8324 0.2641 0.5065 0.1438 0.4705 0.7795 0.5851
003 004 005 0.4791 0.1465 0.0862 0.4119 0.9403 0.5232 0.2991 0.6303
004 005 006 0.0200 0.3051 0.0903 0.4712 0.2995 0.9367 0.7025 0.3728
005 006 007 0.0570 0.1721 0.2054 0.2887 0.5400 0.3966 0.8017 0.6296
006 007 008 0.1987 0.0634 0.5532 0.0750 0.8942 0.0848 0.2404 0.9575
007 008 009 0.3892 0.5569 0.5679 0.4246 0.6510 0.0910 0.4973 0.8694
008 009 010 0.5058 0.2721 0.2496 0.0579 0.0850 0.1527 0.0873 0.5824
009 010 011 0.2582 0.9653 0.9871 0.2837 0.6762 0.1366 0.8020 0.1772
010 011 012 0.0075 0.3837 0.6952 0.4939 0.9502 0.1930 0.2191 0.5944
011 012 013 0.0284 0.7950 0.6802 0.1500 0.6028 0.7462 0.3176 0.5058
012 013 014 0.9428 0.2136 0.2351 0.6397 0.7087 0.8796 0.4210 0.5165
013 014 015 0.8678 0.7532 0.5422 0.1490 0.0898 0.4092 0.0034 0.8837
014 015 016 0.6459 0.7076 0.5284 0.4149 0.9937 0.1236 0.9253 0.8653
015 016 017 0.8726 0.8656 0.9678 0.4218 0.9315 0.8815 0.5599 0.5359
016 017 018 0.3935 0.7668 0.1777 0.7460 0.3203 0.3796 0.8293 0.6044
017 018 019 0.3221 0.6275 0.3650 0.4986 0.3579 0.5657 0.4492 0.4629
018 019 020 0.6729 0.1877 0.4888 0.7401 0.1616 0.1677 0.8027 0.9116
019 020 021 0.8947 0.6899 0.8523 0.0417 0.0059 0.6866 0.5380 0.9452
020 021 022 0.6468 0.2972 0.3884 0.4968 0.8456 0.2165 0.4692 0.7525
021 022 023 0.2656 0.4300 0.1765 0.2252 0.4490 0.4720 0.6269 0.8805
022 023 024 0.1801 0.6072 0.3980 0.5594 0.7547 0.5483 0.0726 0.2133
023 024 025 0.7746 0.5529 0.3975 0.3256 0.1558 0.9690 0.1957 0.2569
024 025 026 0.2103 0.5271 0.1269 0.2925 0.5735 0.1409 0.7605 0.7228
025 026 027 0.8806 0.6450 0.2644 0.0579 0.8665 0.3180 0.4776 0.8000
026 027 028 0.6885 0.4461 0.5220 0.8806 0.9345 0.5871 0.9032 0.0456
027 028 029 0.5143 0.2393 0.5056 0.4929 0.0272 0.0783 0.0694 0.2925
028 029 030 0.8398 0.6640 0.9677 0.9741 0.7039 0.5640 0.9809 0.7103
029 030 031 0.5782 0.7861 0.3581 0.2637 0.7818 0.2285 0.4458 0.0394
030 031 032 0.2680 0.6713 0.8833 0.8999 0.0709 0.3923 0.5226 0.8290
031 032 033 0.7302 0.2151 0.6637 0.6525 0.1141 0.7131 0.4857 0.6896
032 033 034 0.4137 0.9962 0.8136 0.2854 0.3717 0.8153 0.1108 0.0710
033 034 035 0.2482 0.6851 0.3301 0.7530 0.5209 0.3190 0.8413 0.7027
034 035 036 0.3623 0.1175 0.9970 0.1751 0.0069 0.6701 0.5850 0.7488
035 036 037 0.9764 0.4907 0.3745 0.1474 0.1890 0.8523 0.7529 0.2413
036 037 038 0.1304 0.6280 0.5413 0.6694 0.4401 0.7605 0.1667 0.3704
037 038 039 0.4561 0.3532 0.1725 0.5467 0.7471 0.7117 0.9124 0.2478
038 039 040 0.5821 0.5770 0.5971 0.1802 0.7638 0.3313 0.6958 0.6559
039 040 041 0.3335 0.8290 0.0180 0.8996 0.4483 0.3239 0.9851 0.4161
040 041 042 0.9284 0.6394 0.2214 0.7476 0.7148 0.5091 0.5192 0.2403
041 042 043 0.7794 0.6599 0.2182 0.7725 0.3012 0.0208 0.8171 0.8269
042 043 044 0.5485 0.7233 0.7496 0.7318 0.2795 0.0456 0.2436 0.4284
043 044 045 0.3676 0.8692 0.4348 0.7624 0.6458 0.2428 0.5026 0.7177
044 045 046 0.6902 0.1382 0.6300 0.8691 0.3751 0.3505 0.8692 0.7532
045 046 047 0.8831 0.8900 0.9323 0.0092 0.3166 0.9335 0.9682 0.0403
046 047 048 0.3932 0.2896 0.9706 0.4048 0.8419 0.9037 0.9293 0.6662
047 048 049 0.0019 0.8795 0.1223 0.8429 0.6854 0.0487 0.4230 0.2738
048 049 050 0.0677 0.8729 0.6987 0.4635 0.9510 0.9410 0.3431 0.0786
049 050 051 0.1573 0.0839 0.2253 0.0325 0.3016 0.9016 0.8682 0.6326
050 051 052 0.9063 0.9235 0.1151 0.4580 0.3270 0.0885 0.5790 0.7670
051 052 053 0.5942 0.4943 0.5791 0.8678 0.0790 0.1072 0.0598 0.9114
052 053 054 0.2697 0.3694 0.8490 0.5951 0.5103 0.6223 0.9280 0.6495
053 054 055 0.1988 0.8834 0.1581 0.9097 0.1438 0.2526 0.9140 0.9097
054 055 056 0.4165 0.9009 0.3175 0.6086 0.1278 0.5115 0.0823 0.8853
055 056 057 0.4872 0.9115 0.7281 0.4065 0.6728 0.9480 0.3688 0.2767
056 057 058 0.2541 0.7271 0.2089 0.8709 0.0054 0.9401 0.3460 0.4947
057 058 059 0.8845 0.6451 0.0019 0.4803 0.5812 0.1401 0.2175 0.8545
058 059 060 0.0657 0.7968 0.9654 0.3073 0.6586 0.3650 0.4035 0.3200
059 060 061 0.5842 0.7020 0.9550 0.1665 0.7317 0.9669 0.5150 0.5541
060 061 062 0.3303 0.9841 0.4511 0.3562 0.1965 0.6686 0.2479 0.3288
061 062 063 0.7202 0.0084 0.5302 0.4042 0.7006 0.4484 0.1606 0.2467
062 063 064 0.5256 0.3485 0.0462 0.7689 0.6468 0.8172 0.7501 0.9177
063 064 065 0.4509 0.7056 0.8213 0.1334 0.3435 0.2058 0.8034 0.4368
064 065 066 0.0650 0.8940 0.9185 0.6551 0.8241 0.7365 0.3468 0.8735
065 066 067 0.8870 0.7233 0.4518 0.5468 0.0308 0.7409 0.5673 0.7524
066 067 068 0.9364 0.5137 0.2158 0.0422 0.5077 0.4433 0.7316 0.0196
067 068 069 0.0321 0.5933 0.8173 0.5034 0.2981 0.2630 0.7414 0.3265
068 069 070 0.1591 0.0279 0.3278 0.4857 0.5555 0.8801 0.3001 0.8422
069 070 071 0.7660 0.6195 0.0961 0.5921 0.1219 0.9737 0.5462 0.1896
070 071 072 0.1988 0.0537 0.0894 0.9713 0.4630 0.9054 0.4559 0.8698
071 072 073 0.0787 0.3378 0.5979 0.2368 0.0404 0.1454 0.8190 0.6755
072 073 074 0.4156 0.1952 0.5023 0.6660 0.1186 0.5385 0.7131 0.0033
073 074 075 0.0137 0.7629 0.6586 0.1366 0.7289 0.2151 0.5148 0.5785
074 075 076 0.9184 0.5844 0.2828 0.9209 0.9967 0.5803 0.9924 0.7155
075 076 077 0.3427 0.4469 0.2708 0.7861 0.7836 0.3564 0.3220 0.4959
076 077 078 0.9234 0.5405 0.1596 0.9545 0.5743 0.6830 0.1990 0.1880
077 078 079 0.9719 0.3967 0.3796 0.3931 0.4834 0.3228 0.6453 0.0856
078 079 080 0.2483 0.2922 0.1255 0.9867 0.5570 0.1689 0.9230 0.2144
079 080 081 0.1127 0.0203 0.3883 0.7571 0.5520 0.1793 0.6017 0.1170
080 081 082 0.0866 0.9397 0.7937 0.2161 0.3014 0.9600 0.5802 0.5387
081 082 083 0.1168 0.8559 0.9870 0.7034 0.8356 0.2086 0.0004 0.7341
082 083 084 0.8127 0.1417 0.9541 0.2544 0.3640 0.4009 0.3969 0.9176
083 084 085 0.2662 0.3728 0.9809 0.3863 0.8192 0.3374 0.3129 0.7505
084 085 086 0.3129 0.4326 0.3149 0.3891 0.2208 0.0614 0.0343 0.1212
085 086 087 0.1678 0.9715 0.9939 0.5076 0.7900 0.4793 0.5675 0.1243
086 087 088 0.2194 0.7771 0.5431 0.0072 0.1042 0.9616 0.2912 0.6693
087 088 089 0.6292 0.3852 0.7028 0.5165 0.5540 0.3958 0.1733 0.2747
088 089 090 0.9913 0.1619 0.2630 0.7917 0.4684 0.1698 0.8746 0.8691
089 090 091 0.5587 0.9367 0.9869 0.4410 0.9108 0.1047 0.6318 0.3340
090 091 092 0.8533 0.9932 0.7816 0.9500 0.7787 0.0697 0.2954 0.2403
091 092 093 0.8106 0.3828 0.0660 0.9454 0.6672 0.6539 0.5911 0.4851
092 093 094 0.7690 0.6444 0.6625 0.4733 0.5218 0.2342 0.0174 0.8412
093 094 095 0.8963 0.3465 0.9159 0.0030 0.6015 0.5821 0.2903 0.6391
094 095 096 0.6288 0.3257 0.6014 0.1904 0.0484 0.4892 0.6210 0.2543
095 096 097 0.1412 0.1676 0.2316 0.5442 0.9135 0.9252 0.1848 0.6931
096 097 098 0.8476 0.7159 0.3113 0.5544 0.5598 0.3199 0.7256 0.9197
097 098 099 0.0741 0.7100 0.9398 0.5973 0.6409 0.9494 0.9653 0.3803
098 099 100 0.2224 0.6085 0.8555 0.5841 0.4972 0.7787 0.9412 0.9678
099 100 101 0.2896 0.3801 0.1015 0.7281 0.9989 0.2961 0.5098 0.4968
100 101 102 0.9890 0.8842 0.5627 0.7801 0.3708 0.4677 0.7517 0.2353
101 102 103 0.8259 0.5638 0.7533 0.9170 0.2815 0.5751 0.5647 0.3763
102 103 104 0.4984 0.5043 0.1273 0.9832 0.2628 0.4690 0.4688 0.5906
103 104 105 0.4120 0.4608 0.1266 0.4026 0.2294 0.8897 0.4863 0.5329
104 105 106 0.5145 0.8467 0.1991 0.9415 0.4078 0.8167 0.0789 0.0715
105 106 107 0.9957 0.6941 0.3537 0.9402 0.3622 0.8205 0.0279 0.0257
106 107 108 0.0957 0.5149 0.9362 0.1143 0.6239 0.2111 0.9248 0.2353
107 108 109 0.5289 0.9575 0.9450 0.2751 0.6992 0.3463 0.6851 0.5018
108 109 110 0.7574 0.2996 0.1536 0.3986 0.4067 0.3810 0.5922 0.2510
109 110 111 0.4422 0.1682 0.8012 0.6120 0.3241 0.7765 0.8331 0.8826
110 111 112 0.9285 0.8526 0.3783 0.7780 0.3636 0.7125 0.4812 0.8166
111 112 113 0.1141 0.6459 0.6652 0.2405 0.6007 0.6771 0.8649 0.7577
112 113 114 0.4092 0.9828 0.0076 0.5052 0.7707 0.5068 0.4576 0.3893
113 114 115 0.5253 0.2927 0.7391 0.1557 0.1437 0.5788 0.7373 0.0761
114 115 116 0.2866 0.2913 0.1842 0.9668 0.0820 0.9804 0.4569 0.4067
115 116 117 0.5879 0.7436 0.0565 0.2909 0.5210 0.5639 0.3494 0.4247
116 117 118 0.6768 0.7235 0.9942 0.6347 0.0212 0.2546 0.7460 0.8066
117 118 119 0.8254 0.5766 0.1323 0.0540 0.0427 0.2745 0.1867 0.6993
118 119 120 0.9086 0.3888 0.1568 0.1239 0.2551 0.1765 0.9091 0.3704
119 120 121 0.2953 0.0630 0.7626 0.5037 0.9044 0.5919 0.7450 0.6597
120 121 122 0.7758 0.2028 0.6992 0.6894 0.2532 0.6109 0.9395 0.9835
121 122 123 0.4902 0.8867 0.3816 0.5861 0.0819 0.7381 0.5789 0.1110
122 123 124 0.8609 0.6724 0.7329 0.6658 0.4644 0.4465 0.9306 0.8283
123 124 125 0.5179 0.0308 0.5701 0.0030 0.6506 0.0299 0.1098 0.8712
124 125 126 0.5537 0.1760 0.0412 0.9600 0.7472 0.8644 0.5580 0.2901
125 126 127 0.1031 0.4510 0.7056 0.0729 0.0980 0.5059 0.7753 0.5286
126 127 128 0.7954 0.8876 0.6220 0.8616 0.0566 0.9507 0.7135 0.7779
127 128 129 0.1109 0.4616 0.9658 0.7922 0.7693 0.8460 0.7559 0.3023
128 129 130 0.1423 0.6652 0.9706 0.1685 0.4880 0.5361 0.0484 0.2084
129 130 131 0.8155 0.2487 0.8156 0.4630 0.5697 0.6880 0.4920 0.4843
130 131 132 0.8367 0.3737 0.7915 0.4158 0.3226 0.0065 0.7104 0.6027
131 132 133 0.7129 0.7765 0.2153 0.6135 0.3377 0.1193 0.7973 0.3988
132 133 134 0.9628 0.4994 0.4575 0.8268 0.5064 0.9033 0.9490 0.3893
133 134 135 0.8975 0.6620 0.1027 0.5449 0.5250 0.2345 0.7665 0.3471
134 135 136 0.9767 0.4766 0.1783 0.5058 0.3294 0.5510 0.3850 0.6424
135 136 137 0.7408 0.1656 0.8459 0.5841 0.1229 0.4138 0.0178 0.6781
136 137 138 0.4240 0.0527 0.9604 0.4580 0.3830 0.6524 0.0142 0.7701
137 138 139 0.9112 0.2230 0.2070 0.4091 0.7500 0.7284 0.1198 0.7172
138 139 140 0.1326 0.9142 0.0637 0.3568 0.8094 0.5767 0.8396 0.6086
139 140 141 0.2879 0.0736 0.7898 0.1923 0.9188 0.9572 0.7610 0.5416
140 141 142 0.5069 0.0007 0.6223 0.3021 0.8131 0.2139 0.0246 0.9834
141 142 143 0.3953 0.3313 0.7621 0.4712 0.2556 0.8370 0.3545 0.7923
142 143 144 0.4623 0.0672 0.5173 0.1696 0.3172 0.1598 0.6379 0.8155
143 144 145 0.0339 0.5088 0.2716 0.3820 0.0582 0.5600 0.9959 0.8722
144 145 146 0.5922 0.3994 0.6084 0.1046 0.1302 0.8936 0.5804 0.6680
145 146 147 0.7529 0.3578 0.5594 0.0923 0.6153 0.7201 0.8429 0.7478
146 147 148 0.1870 0.8120 0.7417 0.6712 0.9131 0.4771 0.5734 0.0205
147 148 149 0.7974 0.1781 0.7620 0.4487 0.1351 0.2070 0.7033 0.2986
148 149 150 0.3525 0.0695 0.3292 0.5930 0.4612 0.9107 0.6352 0.9762
149 150 151 0.5952 0.2417 0.1796 0.6436 0.5750 0.7408 0.7729 0.7688
150 151 152 0.3345 0.4976 0.6190 0.0767 0.7857 0.8743 0.9896 0.2402
151 152 153 0.2667 0.4371 0.8516 0.1171 0.6534 0.4260 0.7499 0.5945
152 153 154 0.6544 0.7540 0.6465 0.2300 0.8047 0.5486 0.2839 0.3067
153 154 155 0.5764 0.5783 0.1259 0.3398 0.7562 0.3978 0.1184 0.6372
154 155 156 0.3273 0.2595 0.7745 0.9071 0.4494 0.7113 0.8703 0.8299
155 156 157 0.2424 0.0653 0.1517 0.2047 0.9305 0.1971 0.8479 0.9650
156 157 158 0.5778 0.3547 0.0011 0.3966 0.0222 0.6455 0.3065 0.6395
157 158 159 0.6494 0.1433 0.9865 0.0817 0.5409 0.7294 0.8127 0.8014
158 159 160 0.8569 0.2221 0.8378 0.5300 0.1465 0.3590 0.5641 0.0466
159 160 161 0.1131 0.1964 0.9984 0.9177 0.1371 0.8891 0.5395 0.7718
160 161 162 0.7317 0.7029 0.6206 0.6867 0.0825 0.2943 0.3266 0.0474
161 162 163 0.7552 0.8268 0.2606 0.6199 0.6940 0.8623 0.9925 0.9391
162 163 164 0.1514 0.7142 0.9155 0.5909 0.2748 0.0470 0.1579 0.3583
163 164 165 0.8424 0.1661 0.2185 0.4856 0.4439 0.6115 0.3906 0.2017
164 165 166 0.6774 0.3781 0.4131 0.9191 0.0917 0.6804 0.6136 0.3454
165 166 167 0.0377 0.9597 0.9551 0.3186 0.0771 0.6845 0.1063 0.8803
166 167 168 0.7891 0.7839 0.5898 0.1631 0.2023 0.8110 0.0389 0.4877
167 168 169 0.4094 0.1857 0.2972 0.0828 0.0004 0.1689 0.7472 0.7493
168 169 170 0.3653 0.6734 0.0015 0.3553 0.7166 0.6710 0.3747 0.1335
169 170 171 0.5388 0.2634 0.9480 0.5988 0.6116 0.4170 0.9212 0.5507
170 171 172 0.2573 0.1725 0.3398 0.9778 0.2334 0.6945 0.8722 0.6033
171 172 173 0.3411 0.7306 0.9267 0.1096 0.9582 0.4194 0.0415 0.8258
172 173 174 0.1304 0.7072 0.4798 0.4434 0.9710 0.3301 0.7828 0.8892
173 174 175 0.9555 0.6566 0.8523 0.7217 0.5486 0.8746 0.1143 0.1893
174 175 176 0.8585 0.3854 0.6920 0.6555 0.6401 0.4556 0.0373 0.3173
175 176 177 0.6659 0.2248 0.1962 0.3832 0.7538 0.1876 0.6294 0.9896
176 177 178 0.1686 0.0947 0.0165 0.4047 0.9421 0.0032 0.6579 0.5908
177 178 179 0.6220 0.5333 0.2741 0.3123 0.1377 0.3651 0.8111 0.4024
178 179 180 0.8151 0.7118 0.1167 0.2204 0.5522 0.0531 0.9373 0.9708
179 180 181 0.4949 0.0303 0.2695 0.6533 0.8787 0.8172 0.8960 0.5442
180 181 182 0.7388 0.0441 0.0255 0.9175 0.7166 0.4501 0.8305 0.4604
181 182 183 0.9152 0.9798 0.3342 0.1242 0.6026 0.0782 0.9249 0.6226
182 183 184 0.1888 0.0910 0.4204 0.9575 0.8975 0.7795 0.3331 0.6603
183 184 185 0.1328 0.1362 0.7779 0.1442 0.3851 0.1885 0.9075 0.5555
184 185 186 0.1562 0.3471 0.8016 0.0158 0.9785 0.6342 0.8073 0.6319
185 186 187 0.8352 0.7543 0.3421 0.5937 0.9096 0.4015 0.7382 0.8568
186 187 188 0.0035 0.0008 0.3050 0.0752 0.1803 0.6502 0.5367 0.1907
187 188 189 0.3012 0.1876 0.6347 0.1039 0.4470 0.6030 0.1440 0.2962
188 189 190 0.4309 0.2378 0.6745 0.9375 0.4640 0.8451 0.8938 0.2857
189 190 191 0.2719 0.9223 0.6932 0.8173 0.9448 0.6173 0.3569 0.3468
190 191 192 0.4104 0.3860 0.3573 0.1535 0.5672 0.0002 0.7349 0.5047
191 192 193 0.8988 0.1654 0.0638 0.0440 0.1961 0.1998 0.2867 0.6776
192 193 194 0.8482 0.6513 0.4852 0.7439 0.8196 0.6253 0.4251 0.3449
193 194 195 0.6015 0.5546 0.5779 0.5426 0.2059 0.4611 0.2451 0.3104
194 195 196 0.9599 0.6321 0.8863 0.5082 0.7699 0.5300 0.7894 0.3554
195 196 197 0.1552 0.8208 0.2535 0.0052 0.3620 0.2921 0.1245 0.8499
196 197 198 0.1507 0.0808 0.9697 0.4156 0.5254 0.3930 0.1196 0.1892
197 198 199 0.2578 0.4258 0.1604 0.1619 0.5641 0.1842 0.6383 0.3798
198 199 200 0.5989 0.6076 0.6568 0.2819 0.3837 0.1243 0.6189 0.1789
199 200 201 0.9619 0.0482 0.6306 0.5386 0.1910 0.2711 0.1202 0.6089
200 201 202 0.7368 0.5718 0.6208 0.6701 0.9497 0.7114 0.7171 0.3136
201 202 203 0.6103 0.2412 0.7697 0.2609 0.0064 0.4867 0.3005 0.0333
202 203 204 0.3656 0.0412 0.5637 0.1771 0.6127 0.4639 0.8829 0.9899
203 204 205 0.9595 0.1659 0.6817 0.5000 0.9790 0.5470 0.5882 0.5405
204 205 206 0.8590 0.0603 0.8224 0.8328 0.9840 0.7174 0.0441 0.5793
205 206 207 0.5681 0.5266 0.4312 0.7529 0.0707 0.9513 0.4331 0.7994
206 207 208 0.5461 0.0477 0.9835 0.8498 0.0882 0.7603 0.2565 0.7090
207 208 209 0.3856 0.7501 0.5575 0.6919 0.7853 0.1249 0.5908 0.4166
208 209 210 0.7669 0.3300 0.5857 0.6012 0.8900 0.0992 0.3956 0.7347
209 210 211 0.2035 0.1270 0.0693 0.1273 0.5630 0.9517 0.2918 0.9611
210 211 212 0.1593 0.3646 0.3813 0.3727 0.9785 0.9244 0.2090 0.7802
211 212 213 0.4294 0.4985 0.6101 0.6034 0.0619 0.2904 0.2949 0.0880
212 213 214 0.3752 0.0208 0.2541 0.3407 0.2367 0.8979 0.8507 0.7542
213 214 215 0.7494 0.4042 0.2386 0.5394 0.6234 0.2632 0.1854 0.2772
214 215 216 0.9775 0.6264 0.7714 0.8994 0.1509 0.7150 0.0298 0.3789
215 216 217 0.3696 0.4217 0.0390 0.8290 0.6361 0.2925 0.9642 0.9792
216 217 218 0.2621 0.5415 0.1477 0.6070 0.5381 0.3314 0.3533 0.1674
217 218 219 0.7560 0.2533 0.2609 0.3795 0.3571 0.4138 0.5234 0.1508
218 219 220 0.5564 0.1737 0.1410 0.4936 0.6667 0.1191 0.0100 0.2471
219 220 221 0.0167 0.3837 0.9416 0.2107 0.3913 0.4652 0.7093 0.9320
220 221 222 0.4533 0.8741 0.4516 0.8648 0.1442 0.1026 0.6162 0.9098
221 222 223 0.8030 0.9813 0.6758 0.9478 0.8491 0.4935 0.6090 0.6970
222 223 224 0.3896 0.1344 0.2899 0.9320 0.4030 0.3089 0.0636 0.8580
223 224 225 0.5855 0.3399 0.4168 0.0908 0.2449 0.1205 0.0802 0.8406
224 225 226 0.3896 0.5445 0.6602 0.9296 0.3925 0.0124 0.0639 0.5345
225 226 227 0.9140 0.1887 0.8006 0.6240 0.4556 0.1002 0.0743 0.2008
226 227 228 0.1764 0.2731 0.2552 0.9986 0.3465 0.7692 0.3676 0.5751
227 228 229 0.1060 0.6735 0.8618 0.9032 0.3697 0.6045 0.3654 0.8091
228 229 230 0.2217 0.7039 0.8085 0.5276 0.7701 0.6653 0.5400 0.7944
229 230 231 0.0128 0.5771 0.2998 0.0716 0.3366 0.8821 0.1931 0.6027
230 231 232 0.9145 0.9999 0.5070 0.9174 0.0056 0.6585 0.5044 0.7583
231 232 233 0.6816 0.3440 0.6733 0.1647 0.7177 0.1897 0.8387 0.4383
232 233 234 0.4618 0.5311 0.1674 0.3025 0.1437 0.6122 0.2128 0.1619
233 234 235 0.6787 0.5390 0.3134 0.2118 0.2797 0.8436 0.1760 0.4723
234 235 236 0.8210 0.8399 0.8292 0.1027 0.9865 0.5644 0.6191 0.2289
235 236 237 0.8550 0.7960 0.7263 0.5120 0.4313 0.3214 0.3214 0.4221
236 237 238 0.8925 0.1637 0.7378 0.2126 0.5713 0.5550 0.6392 0.4023
237 238 239 0.2776 0.9594 0.1817 0.4233 0.4549 0.4908 0.8153 0.7690
238 239 240 0.9686 0.2725 0.9199 0.8759 0.7288 0.1361 0.9943 0.3596
239 240 241 0.9482 0.9182 0.4962 0.5317 0.1176 0.7412 0.2893 0.0267
240 241 242 0.4680 0.2586 0.3303 0.7165 0.6775 0.2582 0.5779 0.5142
241 242 243 0.5459 0.2730 0.4692 0.2901 0.0461 0.8398 0.0529 0.5091
242 243 244 0.4429 0.5126 0.1281 0.2333 0.2391 0.5707 0.8411 0.2051
243 244 245 0.7019 0.5031 0.1486 0.7516 0.1729 0.6994 0.7036 0.3633
244 245 246 0.2341 0.6259 0.1251 0.6775 0.8886 0.8745 0.8500 0.9799
245 246 247 0.4009 0.8661 0.8045 0.4480 0.3155 0.5712 0.9214 0.6036
246 247 248 0.3091 0.9868 0.3458 0.7771 0.6832 0.4612 0.4457 0.2945
247 248 249 0.3544 0.7067 0.3136 0.2454 0.7324 0.9899 0.9185 0.0147
248 249 250 0.7986 0.5858 0.9642 0.5349 0.3967 0.7404 0.4264 0.1935
249 250 251 0.4626 0.6555 0.9304 0.9847 0.0958 0.8430 0.5604 0.1192
250 251 252 0.8561 0.1939 0.7531 0.2909 0.7421 0.3525 0.9858 0.5432
251 252 253 0.6522 0.7546 0.6954 0.9306 0.4999 0.1530 0.7697 0.4886
252 253 254 0.6381 0.0898 0.5306 0.6820 0.0835 0.2513 0.1860 0.0040
253 254 255 0.0095 0.1426 0.2902 0.9334 0.4599 0.2922 0.2296 0.7828
254 255 256 0.8769 0.1280 0.9531 0.2299 0.8180 0.7353 0.9902 0.3854
255 256 257 0.9725 0.5832 0.9180 0.5080 0.9607 0.7826 0.0486 0.8158
256 257 258 0.8532 0.8363 0.6060 0.8382 0.5538 0.2892 0.6354 0.8103
257 258 259 0.9946 0.7265 0.8303 0.8217 0.1046 0.4783 0.0883 0.0363
258 259 260 0.3978 0.0080 0.3628 0.8609 0.4298 0.4135 0.9288 0.3171
259 260 261 0.0324 0.3873 0.5684 0.7869 0.9379 0.7234 0.9584 0.8815
260 261 262 0.1837 0.9445 0.2885 0.8433 0.4146 0.3811 0.3122 0.1908
261 262 263 0.6218 0.2916 0.9682 0.3677 0.2916 0.0575 0.6149 0.1665
262 263 264 0.2602 0.2782 0.1517 0.2016 0.9389 0.9995 0.2904 0.5572
263 264 265 0.3393 0.2009 0.0769 0.0919 0.5049 0.8103 0.9690 0.2157
264 265 266 0.2339 0.8238 0.1184 0.6591 0.4629 0.4782 0.1823 0.5293
265 266 267 0.8876 0.1161 0.7567 0.8319 0.6164 0.3311 0.4454 0.3204
266 267 268 0.6949 0.0403 0.2319 0.1174 0.6481 0.6910 0.1154 0.3056
267 268 269 0.6270 0.6742 0.0711 0.8130 0.2500 0.4883 0.9944 0.8679
268 269 270 0.5454 0.2148 0.9596 0.8344 0.5500 0.3368 0.2663 0.5021
269 270 271 0.7391 0.7417 0.1230 0.5318 0.6051 0.8118 0.0767 0.4042
270 271 272 0.4621 0.9080 0.1166 0.1834 0.1524 0.0179 0.5030 0.6955
271 272 273 0.0825 0.4594 0.3739 0.3224 0.8595 0.2320 0.6983 0.3268
272 273 274 0.9117 0.0297 0.0888 0.9346 0.6584 0.5226 0.2196 0.7288
273 274 275 0.5279 0.0763 0.3864 0.1801 0.6945 0.6965 0.7569 0.8372
274 275 276 0.2325 0.9641 0.6630 0.5808 0.5559 0.0781 0.5683 0.1938
275 276 277 0.2785 0.0355 0.7161 0.6028 0.4991 0.7158 0.0097 0.4668
276 277 278 0.6671 0.3085 0.6581 0.5911 0.9800 0.1414 0.9911 0.0678
277 278 000 0.3614 0.8835 0.1515 0.3025 0.6722 0.5771 0.1968 0.2206
278 000 001 0.9570 0.1772 0.5792 0.4449 0.7025 0.0978 0.2396 0.0728
