279 155682 3 279
000 001 002 0.3238 0.8848 0.7049 0.0420 0.7660 0.0632 0.5991 0.7097
001 002 003 0.4420 0.5935 0.0066 0.9963 0.6444 0.3847 0.3545 0.7607
002 003 004 0.3738 0.7979 0.4733 0.2587 0.6742 0.9567 0.4824 0.1682
003 004 005 0.4164 0.1122 0.8103 0.9685 0.6684 0.3894 0.3026 0.3161
004 005 006 0.9139 0.9046 0.6438 0.9133 0.0934 0.9412 0.0663 0.4885
005 006 007 0.0048 0.5064 0.5767 0.4879 0.6844 0.8528 0.7606 0.6106
006 007 008 0.0546 0.3424 0.0615 0.9787 0.8552 0.4042 0.2305 0.7216
007 008 009 0.3857 0.1688 0.9473 0.5387 0.4503 0.0750 0.2301 0.7028
008 009 010 0.7762 0.9281 0.5698 0.4727 0.8261 0.2011 0.1103 0.7942
009 010 011 0.4186 0.4778 0.8006 0.7155 0.0314 0.5379 0.5443 0.1210
010 011 012 0.0975 0.7196 0.5496 0.7679 0.3481 0.8360 0.8922 0.4809
011 012 013 0.8165 0.9594 0.4551 0.8751 0.3036 0.1322 0.0541 0.6297
012 013 014 0.1742 0.6800 0.2444 0.0698 0.2452 0.5101 0.2326 0.4563
013 014 015 0.5345 0.9507 0.2897 0.5399 0.4200 0.8430 0.1877 0.1298
014 015 016 0.2423 0.5470 0.8123 0.5714 0.3816 0.1824 0.6136 0.8631
015 016 017 0.0959 0.6456 0.8451 0.1064 0.7139 0.3763 0.1558 0.2486
016 017 018 0.4021 0.1273 0.3440 0.2946 0.9515 0.2114 0.9594 0.6000
017 018 019 0.7364 0.0859 0.1937 0.2625 0.2092 0.4893 0.3841 0.9797
018 019 020 0.9502 0.9544 0.7687 0.6933 0.6913 0.1220 0.9304 0.6968
019 020 021 0.1082 0.4105 0.9755 0.3124 0.7456 0.1220 0.9518 0.9266
020 021 022 0.3988 0.1499 0.1837 0.7274 0.8794 0.7193 0.9154 0.5404
021 022 023 0.4486 0.8717 0.4194 0.1482 0.4045 0.4765 0.5983 0.8330
022 023 024 0.0678 0.4347 0.9930 0.6772 0.3170 0.7434 0.3364 0.5360
023 024 025 0.4202 0.2317 0.5594 0.1680 0.6285 0.6414 0.3405 0.0030
024 025 026 0.5592 0.6212 0.4944 0.1665 0.8552 0.9200 0.7398 0.5882
025 026 027 0.3273 0.4544 0.9956 0.8078 0.3121 0.5647 0.9086 0.7856
026 027 028 0.4733 0.4195 0.4606 0.2179 0.3636 0.9418 0.8472 0.0297
027 028 029 0.8998 0.5058 0.8071 0.3989 0.2282 0.7753 0.7976 0.9257
028 029 030 0.9656 0.0478 0.2796 0.4713 0.2224 0.5050 0.8811 0.2859
029 030 031 0.2436 0.0708 0.6796 0.7522 0.9304 0.5757 0.7969 0.5025
030 031 032 0.0074 0.8793 0.4706 0.6534 0.3905 0.4415 0.0696 0.9839
031 032 033 0.2755 0.8772 0.8583 0.1349 0.2675 0.9600 0.1688 0.7221
032 033 034 0.5157 0.1790 0.6693 0.8337 0.0844 0.5592 0.0736 0.3997
033 034 035 0.9800 0.7259 0.7010 0.7858 0.7094 0.9335 0.1300 0.3109
034 035 036 0.9546 0.1921 0.7206 0.1843 0.4114 0.8773 0.1818 0.4069
035 036 037 0.5147 0.8327 0.6047 0.6239 0.7774 0.4169 0.1508 0.2628
036 037 038 0.5413 0.2591 0.9579 0.3609 0.6320 0.3580 0.7756 0.7812
037 038 039 0.1916 0.2027 0.1133 0.3309 0.7032 0.2547 0.0310 0.0389
038 039 040 0.8474 0.5144 0.5608 0.6223 0.5553 0.8737 0.3028 0.2675
039 040 041 0.8054 0.4131 0.6868 0.9639 0.4955 0.2671 0.1018 0.9444
040 041 042 0.2888 0.3418 0.1558 0.6518 0.1172 0.0438 0.4168 0.5491
041 042 043 0.1613 0.8987 0.3393 0.5773 0.8048 0.9301 0.5742 0.3245
042 043 044 0.9294 0.1662 0.3676 0.0192 0.5030 0.3122 0.1461 0.3715
043 044 045 0.9028 0.0778 0.1081 0.9106 0.9814 0.5239 0.4688 0.3839
044 045 046 0.4487 0.5205 0.1074 0.0130 0.3464 0.3315 0.8249 0.1067
045 046 047 0.5658 0.1520 0.1176 0.2813 0.4037 0.9256 0.7297 0.8778
046 047 048 0.0201 0.7607 0.3973 0.9471 0.6224 0.7298 0.3807 0.8568
047 048 049 0.7776 0.7344 0.5791 0.9409 0.9269 0.7226 0.8163 0.7234
048 049 050 0.5614 0.1318 0.3964 0.3046 0.8543 0.7442 0.1526 0.3481
049 050 051 0.3376 0.2710 0.0252 0.3872 0.9564 0.6807 0.5026 0.5724
050 051 052 0.9390 0.8440 0.8619 0.8269 0.3199 0.4557 0.0091 0.2302
051 052 053 0.4481 0.0229 0.1128 0.5623 0.7711 0.4763 0.6600 0.8580
052 053 054 0.3444 0.5255 0.3974 0.5274 0.2349 0.1704 0.8193 0.3260
053 054 055 0.7155 0.3141 0.8995 0.2856 0.4631 0.8195 0.1591 0.7958
054 055 056 0.5350 0.4276 0.3332 0.4723 0.0119 0.8453 0.3593 0.3200
055 056 057 0.7295 0.6627 0.7019 0.9485 0.3107 0.1149 0.8221 0.6215
056 057 058 0.9877 0.8711 0.9065 0.5012 0.6363 0.2230 0.2751 0.5568
057 058 059 0.9083 0.6757 0.4733 0.8145 0.2259 0.1426 0.8740 0.6256
058 059 060 0.1623 0.7382 0.5440 0.4684 0.9436 0.7505 0.1222 0.6163
059 060 061 0.1287 0.9627 0.2582 0.0238 0.2070 0.8533 0.0426 0.1290
060 061 062 0.0238 0.4223 0.1101 0.2165 0.7031 0.2945 0.8201 0.8933
061 062 063 0.3471 0.9521 0.9952 0.2437 0.2126 0.3881 0.6774 0.5681
062 063 064 0.7018 0.1621 0.1824 0.5148 0.9848 0.8311 0.6434 0.4105
063 064 065 0.6835 0.6476 0.6993 0.1636 0.5686 0.4117 0.1447 0.1153
064 065 066 0.3459 0.2840 0.8038 0.7131 0.9578 0.5636 0.2075 0.4317
065 066 067 0.7211 0.7431 0.0307 0.0673 0.7224 0.1216 0.4997 0.5738
066 067 068 0.1504 0.9436 0.9165 0.3190 0.7954 0.9666 0.8983 0.5000
067 068 069 0.2989 0.0516 0.0571 0.9890 0.0595 0.7078 0.4298 0.7370
068 069 070 0.2503 0.3192 0.7172 0.6176 0.8893 0.3837 0.1186 0.6727
069 070 071 0.9629 0.4564 0.9021 0.6068 0.5600 0.4730 0.7653 0.9477
070 071 072 0.5932 0.8621 0.1324 0.8945 0.7108 0.7931 0.6813 0.8250
071 072 073 0.0605 0.5932 0.4106 0.0129 0.0942 0.8668 0.4446 0.6626
072 073 074 0.0917 0.0691 0.8091 0.5955 0.1888 0.2130 0.2581 0.1764
073 074 075 0.2299 0.8544 0.1075 0.3625 0.3113 0.5785 0.9681 0.1888
074 075 076 0.7430 0.0961 0.5991 0.5341 0.5606 0.1418 0.2553 0.4120
075 076 077 0.3397 0.8308 0.1505 0.1578 0.1834 0.4753 0.8835 0.7645
076 077 078 0.7736 0.5193 0.7948 0.3034 0.7574 0.0794 0.3422 0.7437
077 078 079 0.4967 0.8825 0.0250 0.7363 0.3446 0.5074 0.5415 0.0475
078 079 080 0.0905 0.3107 0.7962 0.8690 0.7541 0.9992 0.5114 0.6909
079 080 081 0.3914 0.0820 0.3110 0.3263 0.4436 0.8248 0.4473 0.9968
080 081 082 0.4078 0.2360 0.9676 0.0303 0.9802 0.4944 0.2645 0.0689
081 082 083 0.4115 0.8731 0.7678 0.0253 0.4422 0.9381 0.2687 0.0200
082 083 084 0.7945 0.1745 0.0460 0.6453 0.8129 0.8272 0.8423 0.4391
083 084 085 0.1922 0.5709 0.1573 0.4654 0.5672 0.7309 0.4361 0.7733
084 085 086 0.2853 0.4022 0.1430 0.6172 0.8803 0.1857 0.6737 0.8029
085 086 087 0.3896 0.7034 0.7720 0.7056 0.9790 0.3760 0.4162 0.6432
086 087 088 0.1458 0.9945 0.2089 0.5247 0.9534 0.4389 0.3214 0.8278
087 088 089 0.4958 0.2635 0.4326 0.9526 0.1745 0.4938 0.2208 0.6987
088 089 090 0.5421 0.9840 0.8046 0.2777 0.2178 0.8686 0.0324 0.3705
089 090 091 0.2154 0.6845 0.7795 0.6668 0.6528 0.5927 0.6782 0.3833
090 091 092 0.3714 0.3496 0.4826 0.0706 0.9387 0.6943 0.9648 0.7535
091 092 093 0.1789 0.7258 0.3514 0.5320 0.4680 0.6167 0.0308 0.2684
092 093 094 0.7365 0.4809 0.4898 0.4483 0.6297 0.6041 0.2061 0.1698
093 094 095 0.9776 0.2385 0.2922 0.2277 0.1856 0.6310 0.9680 0.9175
094 095 096 0.0120 0.3797 0.3331 0.3230 0.1349 0.0590 0.8306 0.5879
095 096 097 0.4986 0.4651 0.2934 0.1860 0.7557 0.4861 0.2093 0.0606
096 097 098 0.5304 0.4612 0.1161 0.6014 0.4068 0.5320 0.3152 0.7464
097 098 099 0.9799 0.3463 0.6678 0.5154 0.7990 0.8451 0.1837 0.1528
098 099 100 0.8463 0.3262 0.8490 0.5532 0.0787 0.0092 0.7556 0.9458
099 100 101 0.1269 0.0546 0.6825 0.2212 0.5580 0.2700 0.2998 0.2647
100 101 102 0.0671 0.5946 0.8575 0.2124 0.2279 0.2714 0.5924 0.3208
101 102 103 0.6415 0.2848 0.3161 0.6155 0.1852 0.2703 0.1228 0.6372
102 103 104 0.4201 0.0950 0.7381 0.0966 0.4433 0.1227 0.5005 0.4928
103 104 105 0.8934 0.1244 0.5093 0.5573 0.0826 0.0874 0.1695 0.4244
104 105 106 0.9852 0.5287 0.1591 0.3470 0.4978 0.9401 0.7281 0.2813
105 106 107 0.1278 0.1401 0.0549 0.2571 0.9415 0.5249 0.2008 0.7946
106 107 108 0.1906 0.8274 0.7313 0.6568 0.9279 0.1883 0.8567 0.4870
107 108 109 0.3323 0.9413 0.0378 0.0344 0.4476 0.0432 0.1311 0.9187
108 109 110 0.9486 0.0756 0.0043 0.4116 0.5827 0.0616 0.8289 0.7232
109 110 111 0.3798 0.9835 0.9541 0.3071 0.9197 0.4065 0.3986 0.0137
110 111 112 0.9013 0.2576 0.1809 0.8885 0.2334 0.9161 0.9249 0.0768
111 112 113 0.7315 0.9332 0.1200 0.4106 0.9642 0.7056 0.2009 0.7173
112 113 114 0.1977 0.2343 0.5684 0.2090 0.4868 0.5415 0.8138 0.7468
113 114 115 0.3982 0.6364 0.2118 0.2246 0.6348 0.9184 0.0679 0.7952
114 115 116 0.4261 0.7735 0.0613 0.7431 0.1382 0.0988 0.5838 0.8442
115 116 117 0.0517 0.6244 0.9504 0.4091 0.6445 0.4058 0.3658 0.9079
116 117 118 0.4997 0.7872 0.9351 0.6357 0.7581 0.4551 0.1247 0.4489
117 118 119 0.6149 0.2420 0.0257 0.7262 0.0783 0.7579 0.1561 0.5899
118 119 120 0.8347 0.5381 0.8718 0.3912 0.8131 0.0729 0.7296 0.4792
119 120 121 0.5565 0.1463 0.5640 0.4762 0.1127 0.1450 0.7104 0.2458
120 121 122 0.6220 0.9566 0.1370 0.3618 0.5374 0.3518 0.4381 0.2683
121 122 123 0.9943 0.4848 0.4643 0.1315 0.6444 0.5723 0.1775 0.0182
122 123 124 0.4930 0.4440 0.7546 0.3050 0.0954 0.0631 0.3113 0.5835
123 124 125 0.1657 0.6295 0.9485 0.1732 0.8731 0.2661 0.9825 0.2708
124 125 126 0.6302 0.1296 0.8800 0.5414 0.7439 0.5086 0.4187 0.1507
125 126 127 0.4294 0.3053 0.2713 0.3280 0.5181 0.7240 0.9460 0.3043
126 127 128 0.9088 0.2575 0.2320 0.7713 0.3109 0.0073 0.5960 0.2687
127 128 129 0.5745 0.9380 0.4065 0.5961 0.1267 0.6964 0.6371 0.3042
128 129 130 0.2200 0.1034 0.2334 0.0624 0.3935 0.4052 0.0910 0.8566
129 130 131 0.3910 0.0153 0.4381 0.4293 0.3115 0.2065 0.8886 0.8565
130 131 132 0.2810 0.2434 0.0237 0.0118 0.1878 0.0127 0.6840 0.7424
131 132 133 0.7680 0.2572 0.1351 0.8213 0.4183 0.9497 0.9817 0.3966
132 133 134 0.6409 0.9255 0.2962 0.8040 0.9816 0.7764 0.8125 0.4830
133 134 135 0.2132 0.5152 0.4119 0.6434 0.0664 0.6490 0.2135 0.3267
134 135 136 0.9184 0.9834 0.3442 0.4118 0.2020 0.5080 0.0898 0.6663
135 136 137 0.3394 0.7586 0.2877 0.3307 0.9281 0.3777 0.5517 0.7270
136 137 138 0.1894 0.0083 0.3575 0.9375 0.5997 0.4792 0.3119 0.6741
137 138 139 0.3037 0.4117 0.7764 0.5370 0.7828 0.5348 0.7193 0.4731
138 139 140 0.9964 0.2062 0.4213 0.0966 0.4521 0.0720 0.7809 0.2617
139 140 141 0.5108 0.5565 0.3106 0.6305 0.1219 0.3688 0.9702 0.7613
140 141 142 0.8324 0.3319 0.5332 0.6140 0.6874 0.4443 0.5430 0.9627
141 142 143 0.8477 0.3495 0.0163 0.2031 0.7812 0.3433 0.9462 0.7642
142 143 144 0.0104 0.5418 0.3314 0.9148 0.4049 0.8556 0.4856 0.3230
143 144 145 0.7938 0.9747 0.3293 0.3443 0.7521 0.2974 0.9266 0.9999
144 145 146 0.1172 0.5685 0.6401 0.3841 0.2111 0.6864 0.8017 0.0844
145 146 147 0.3567 0.8816 0.9062 0.3349 0.5607 0.0975 0.8016 0.3513
146 147 148 0.5631 0.4138 0.7627 0.9954 0.6816 0.9988 0.5804 0.1302
147 148 149 0.1657 0.5235 0.5731 0.6985 0.1733 0.2879 0.5394 0.4538
148 149 150 0.2431 0.9440 0.6300 0.3482 0.9473 0.0924 0.5616 0.9300
149 150 151 0.4596 0.1817 0.6416 0.3443 0.6417 0.2018 0.7911 0.3713
150 151 152 0.8050 0.1010 0.9760 0.1705 0.5155 0.4120 0.5144 0.6470
151 152 153 0.1470 0.3155 0.4094 0.5353 0.3494 0.7571 0.6370 0.9135
152 153 154 0.7823 0.2371 0.4041 0.9363 0.0925 0.5624 0.4419 0.5862
153 154 155 0.9579 0.0873 0.3189 0.5733 0.3637 0.2551 0.8000 0.0423
154 155 156 0.9405 0.6252 0.3232 0.7661 0.0269 0.6928 0.3776 0.1169
155 156 157 0.8040 0.7795 0.0888 0.6164 0.1536 0.7680 0.9760 0.8128
156 157 158 0.2662 0.2014 0.1784 0.3637 0.5815 0.4310 0.7853 0.5685
157 158 159 0.8816 0.2431 0.2176 0.5530 0.9335 0.4403 0.7914 0.5547
158 159 160 0.2007 0.8999 0.0033 0.4373 0.6400 0.4424 0.4277 0.2575
159 160 161 0.1960 0.7043 0.3181 0.2168 0.0394 0.2522 0.5807 0.0709
160 161 162 0.7731 0.2491 0.2920 0.7705 0.7727 0.9934 0.4052 0.3603
161 162 163 0.9843 0.5092 0.4040 0.5780 0.8271 0.7921 0.0529 0.0621
162 163 164 0.4578 0.7040 0.9638 0.6254 0.8320 0.7864 0.7124 0.8618
163 164 165 0.9875 0.5731 0.7224 0.1847 0.6835 0.6260 0.7578 0.0403
164 165 166 0.1230 0.8291 0.3830 0.9813 0.8103 0.4284 0.7362 0.8424
165 166 167 0.1264 0.9992 0.2273 0.2247 0.4668 0.8971 0.1125 0.2399
166 167 168 0.5719 0.8014 0.6829 0.5193 0.6186 0.2740 0.3104 0.9945
167 168 169 0.8105 0.7978 0.7368 0.1794 0.3705 0.2259 0.2103 0.1571
168 169 170 0.0296 0.5180 0.4081 0.9848 0.7947 0.9380 0.1019 0.3107
169 170 171 0.3220 0.1893 0.0932 0.3297 0.4119 0.5279 0.3701 0.7668
170 171 172 0.5475 0.6576 0.6297 0.5086 0.7479 0.5276 0.5050 0.9481
171 172 173 0.4882 0.9177 0.7406 0.4564 0.4610 0.0087 0.1660 0.3165
172 173 174 0.5403 0.3278 0.5831 0.5550 0.1630 0.1882 0.1327 0.6729
173 174 175 0.2064 0.6018 0.8379 0.0511 0.7236 0.1570 0.6008 0.0057
174 175 176 0.6100 0.4842 0.1248 0.1991 0.0555 0.4345 0.0480 0.4903
175 176 177 0.4673 0.4514 0.1391 0.7122 0.5627 0.8705 0.9963 0.6533
176 177 178 0.5689 0.7293 0.2575 0.9945 0.6916 0.8247 0.0656 0.6292
177 178 179 0.9571 0.8957 0.9933 0.4304 0.7558 0.0737 0.0003 0.6524
178 179 180 0.2126 0.8217 0.8080 0.1410 0.7244 0.3104 0.6977 0.5231
179 180 181 0.0398 0.3836 0.2506 0.0617 0.0235 0.2831 0.8399 0.5740
180 181 182 0.9695 0.9823 0.3892 0.6117 0.1217 0.6026 0.3499 0.2338
181 182 183 0.1262 0.3846 0.1757 0.2429 0.2222 0.6202 0.2955 0.3652
182 183 184 0.1881 0.9853 0.2779 0.7592 0.7753 0.5581 0.2301 0.6396
183 184 185 0.5881 0.2289 0.0926 0.5940 0.3554 0.1401 0.2778 0.8948
184 185 186 0.5548 0.5450 0.9934 0.5983 0.3394 0.1253 0.0175 0.0539
185 186 187 0.6716 0.3315 0.6491 0.8045 0.3750 0.9739 0.3919 0.3398
186 187 188 0.7045 0.7017 0.1140 0.3623 0.6985 0.2611 0.1671 0.2716
187 188 189 0.7913 0.1021 0.2855 0.6317 0.6961 0.6072 0.3623 0.5450
188 189 190 0.6564 0.3149 0.0130 0.7650 0.4141 0.1645 0.5831 0.7095
189 190 191 0.7553 0.9046 0.9283 0.1773 0.0957 0.8153 0.6934 0.6635
190 191 192 0.9121 0.7979 0.2900 0.6043 0.4987 0.7051 0.8132 0.4885
191 192 193 0.0018 0.2672 0.4761 0.4922 0.2850 0.7448 0.9064 0.0794
192 193 194 0.3800 0.6616 0.8829 0.8698 0.1701 0.4409 0.6348 0.5348
193 194 195 0.4856 0.5357 0.2747 0.5280 0.2363 0.5289 0.1431 0.1726
194 195 196 0.1926 0.7381 0.4346 0.8253 0.7740 0.1713 0.8214 0.8563
195 196 197 0.6928 0.5491 0.9003 0.1136 0.3140 0.1317 0.1459 0.3003
196 197 198 0.9784 0.8826 0.6313 0.0115 0.4240 0.1926 0.3072 0.3466
197 198 199 0.2914 0.6275 0.5584 0.4106 0.9192 0.8883 0.0047 0.4605
198 199 200 0.6744 0.6461 0.5424 0.3565 0.1762 0.5614 0.2742 0.3338
199 200 201 0.7193 0.0364 0.8253 0.7148 0.4560 0.2771 0.0298 0.3241
200 201 202 0.1422 0.6864 0.3558 0.9750 0.0364 0.1752 0.9050 0.1293
201 202 203 0.5196 0.1195 0.8681 0.6443 0.9523 0.7955 0.9824 0.5693
202 203 204 0.0854 0.2061 0.6216 0.6570 0.8414 0.7896 0.0050 0.7109
203 204 205 0.9000 0.4699 0.7495 0.7736 0.2292 0.1291 0.0559 0.6685
204 205 206 0.8657 0.3989 0.1257 0.2023 0.1639 0.3420 0.0836 0.4315
205 206 207 0.4811 0.9060 0.5644 0.5629 0.6231 0.7275 0.5517 0.8820
206 207 208 0.0855 0.6262 0.3660 0.8979 0.9345 0.1030 0.9408 0.5195
207 208 209 0.9406 0.5322 0.1394 0.1649 0.4576 0.2806 0.9094 0.1708
208 209 210 0.1631 0.2643 0.6564 0.0322 0.2816 0.5887 0.8841 0.9923
209 210 211 0.0927 0.4811 0.1713 0.6041 0.9595 0.5141 0.8511 0.2820
210 211 212 0.4887 0.9346 0.3344 0.5794 0.4696 0.2993 0.6881 0.8244
211 212 213 0.5870 0.2269 0.4600 0.1281 0.5156 0.2051 0.4688 0.5139
212 213 214 0.0859 0.2898 0.4148 0.3017 0.7811 0.8883 0.3361 0.5128
213 214 215 0.3163 0.5233 0.0756 0.7135 0.1501 0.8898 0.4742 0.1155
214 215 216 0.4096 0.2601 0.3155 0.9972 0.3823 0.9670 0.0858 0.3540
215 216 217 0.3739 0.5446 0.8016 0.0192 0.5262 0.4598 0.1058 0.7391
216 217 218 0.8652 0.9609 0.2300 0.2923 0.6532 0.3468 0.2523 0.4616
217 218 219 0.0525 0.4788 0.0228 0.2223 0.7218 0.7420 0.1533 0.2318
218 219 220 0.6587 0.7647 0.4040 0.5117 0.2304 0.8539 0.3891 0.8565
219 220 221 0.8911 0.4150 0.7053 0.6212 0.3907 0.4649 0.7205 0.9537
220 221 222 0.2587 0.5944 0.5850 0.5100 0.4048 0.0449 0.1918 0.5639
221 222 223 0.0815 0.7707 0.7113 0.5382 0.8560 0.6180 0.3439 0.1742
222 223 224 0.6476 0.3349 0.7993 0.3886 0.0813 0.9518 0.5777 0.2344
223 224 225 0.3072 0.2083 0.3047 0.1158 0.9882 0.1056 0.0840 0.5762
224 225 226 0.7759 0.7424 0.6178 0.2384 0.7550 0.6966 0.2554 0.7622
225 226 227 0.3039 0.7776 0.3822 0.8550 0.7479 0.1791 0.0224 0.3344
226 227 228 0.0160 0.8099 0.2775 0.7405 0.4959 0.6058 0.3445 0.0495
227 228 229 0.1662 0.8845 0.9128 0.7440 0.6984 0.8371 0.2112 0.2814
228 229 230 0.2822 0.8814 0.2119 0.0202 0.6143 0.5559 0.2674 0.0077
229 230 231 0.2173 0.9929 0.2684 0.3790 0.4345 0.8803 0.9183 0.2279
230 231 232 0.8160 0.9604 0.1004 0.9121 0.8655 0.4474 0.6116 0.3134
231 232 233 0.8738 0.7637 0.9890 0.0626 0.5520 0.0049 0.1256 0.7087
232 233 234 0.5446 0.7587 0.5760 0.4726 0.4992 0.9531 0.7229 0.5124
233 234 235 0.5696 0.6384 0.5259 0.5618 0.0425 0.5478 0.5126 0.0305
234 235 236 0.6508 0.2518 0.3989 0.4087 0.6794 0.3869 0.3707 0.2801
235 236 237 0.8556 0.6239 0.9800 0.2617 0.3236 0.7346 0.2506 0.2329
236 237 238 0.0415 0.2661 0.8386 0.6974 0.6017 0.6580 0.8429 0.6651
237 238 239 0.9655 0.4121 0.0547 0.7375 0.2664 0.3093 0.6671 0.4527
238 239 240 0.3466 0.3892 0.5798 0.7937 0.5046 0.1461 0.6076 0.7509
239 240 241 0.0879 0.0238 0.6181 0.8893 0.3626 0.2561 0.7115 0.5089
240 241 242 0.9966 0.7854 0.5147 0.7980 0.3042 0.7015 0.5395 0.9745
241 242 243 0.1648 0.4569 0.2756 0.2115 0.8164 0.1563 0.7866 0.3942
242 243 244 1.0000 0.4130 0.5294 0.6955 0.6050 0.8033 0.8102 0.9759
243 244 245 0.5307 0.6586 0.2857 0.0291 0.8745 0.3898 0.2438 0.1187
244 245 246 0.1832 0.8240 0.2007 0.0970 0.7054 0.1671 0.9762 0.2045
245 246 247 0.6282 0.8587 0.5039 0.6030 0.3989 0.2860 0.9397 0.6851
246 247 248 0.6873 0.8079 0.1498 0.6563 0.5465 0.0817 0.2504 0.4615
247 248 249 0.6254 0.1628 0.4165 0.9339 0.8425 0.7864 0.4535 0.2185
248 249 250 0.3412 0.6149 0.0879 0.0941 0.9064 0.9067 0.6373 0.3956
249 250 251 0.8525 0.7135 0.1600 0.5442 0.8022 0.0914 0.6857 0.2631
250 251 252 0.7469 0.1748 0.2859 0.1597 0.8190 0.5366 0.7115 0.5928
251 252 253 0.1787 0.2322 0.1758 0.1689 0.5374 0.0449 0.0213 0.5632
252 253 254 0.6963 0.5984 0.2286 0.5026 0.0889 0.5451 0.9397 0.0363
253 254 255 0.8926 0.1085 0.3802 0.4738 0.5357 0.5093 0.7507 0.4421
254 255 256 0.7936 0.1938 0.8593 0.9504 0.4783 0.8027 0.3629 0.2483
255 256 257 0.4398 0.9185 0.7155 0.5658 0.0493 0.1861 0.0873 0.1753
256 257 258 0.3986 0.5638 0.8548 0.4369 0.5498 0.4289 0.4129 0.5820
257 258 259 0.2030 0.6565 0.5673 0.1131 0.3281 0.8406 0.1300 0.2729
258 259 260 0.1422 0.9536 0.2114 0.8548 0.7408 0.8161 0.2653 0.2645
259 260 261 0.1493 0.0765 0.3040 0.7211 0.8471 0.5643 0.2790 0.7627
260 261 262 0.9730 0.2197 0.9197 0.3542 0.8634 0.6209 0.1847 0.8983
261 262 263 0.1262 0.6467 0.2353 0.0946 0.1424 0.8564 0.3547 0.3107
262 263 264 0.2236 0.1930 0.3876 0.3556 0.8131 0.3505 0.3933 0.1921
263 264 265 0.8074 0.3214 0.5095 0.1112 0.0678 0.9626 0.2823 0.6601
264 265 266 0.0084 0.7798 0.2674 0.8580 0.0362 0.6210 0.0443 0.6675
265 266 267 0.3696 0.0510 0.0723 0.5862 0.4531 0.2415 0.7650 0.8151
266 267 268 0.2373 0.4986 0.8027 0.0352 0.5907 0.7061 0.6110 0.2244
267 268 269 0.0770 0.3002 0.9261 0.2725 0.5706 0.2317 0.3049 0.5324
268 269 270 0.8079 0.5812 0.8529 0.6260 0.5945 0.7721 0.8098 0.5349
269 270 271 0.9240 0.1027 0.1241 0.1438 0.8553 0.1106 0.2779 0.3270
270 271 272 0.8632 0.2901 0.0850 0.2085 0.9914 0.7157 0.7534 0.1105
271 272 273 0.0306 0.1880 0.0956 0.0255 0.6354 0.6708 0.4369 0.6597
272 273 274 0.1274 0.6230 0.0819 0.4501 0.2981 0.3765 0.3809 0.2569
273 274 275 0.5917 0.7775 0.7290 0.1618 0.6808 0.3749 0.5690 0.8645
274 275 276 0.6071 0.7369 0.5815 0.7256 0.2482 0.1607 0.8144 0.5784
275 276 277 0.2715 0.6317 0.9875 0.7063 0.8150 0.4428 0.7138 0.1927
276 277 278 0.8759 0.8319 0.8070 0.5060 0.1650 0.5404 0.8705 0.0477
277 278 000 0.1601 0.4484 0.6709 0.9780 0.3442 0.5259 0.8680 0.7529
278 000 001 0.1331 0.1444 0.4149 0.9168 0.9922 0.8577 0.0298 0.1978
