279 155682 3 279
000 001 002 0.5520 0.3212 0.2087 0.5927 0.3613 0.5984 0.3200 0.3593
001 002 003 0.4574 0.3775 0.6148 0.5507 0.3659 0.0241 0.1171 0.0118
002 003 004 0.4903 0.2490 0.1606 0.1700 0.6825 0.1059 0.8266 0.9728
003 004 005 0.4699 0.0424 0.5650 0.5166 0.2926 0.1584 0.2085 0.1991
004 005 006 0.9224 0.4521 0.1791 0.6229 0.9193 0.8431 0.7767 0.7462
005 006 007 0.7604 0.4795 0.0729 0.6250 0.9789 0.6574 0.6524 0.2278
006 007 008 0.4670 0.6723 0.0621 0.9915 0.9136 0.0611 0.3063 0.3953
007 008 009 0.9494 0.6210 0.3803 0.0401 0.7698 0.4815 0.3820 0.5653
008 009 010 0.0663 0.2337 0.7524 0.4926 0.9816 0.5948 0.8937 0.4656
009 010 011 0.5842 0.7343 0.1890 0.1852 0.2431 0.2312 0.5391 0.1338
010 011 012 0.7601 0.5833 0.7314 0.8713 0.6327 0.3842 0.1755 0.8559
011 012 013 0.1555 0.4125 0.4066 0.6586 0.7347 0.4382 0.6984 0.8199
012 013 014 0.1966 0.9057 0.6961 0.9571 0.7437 0.5642 0.4399 0.7176
013 014 015 0.6798 0.1681 0.3097 0.5572 0.0375 0.4180 0.4750 0.2053
014 015 016 0.6846 0.8328 0.9685 0.9849 0.8381 0.6623 0.8347 0.4415
015 016 017 0.1018 0.7779 0.5886 0.6767 0.9094 0.8090 0.2524 0.9287
016 017 018 0.9141 0.1296 0.8939 0.1457 0.2169 0.5835 0.4908 0.4651
017 018 019 0.2108 0.3655 0.7700 0.0017 0.4588 0.4007 0.3557 0.2678
018 019 020 0.9744 0.2474 0.6925 0.9757 0.0536 0.2688 0.6982 0.8802
019 020 021 0.7226 0.5613 0.3795 0.4613 0.7945 0.2880 0.0393 0.5232
020 021 022 0.0073 0.2792 0.2429 0.3332 0.7546 0.6088 0.6644 0.2022
021 022 023 0.4462 0.7147 0.0827 0.1657 0.3064 0.0638 0.7489 0.2745
022 023 024 0.8427 0.3925 0.9274 0.2273 0.1193 0.5305 0.2043 0.4241
023 024 025 0.1532 0.3947 0.6146 0.7692 0.9731 0.6169 0.0072 0.7241
024 025 026 0.7454 0.6546 0.6024 0.5137 0.0068 0.3977 0.0796 0.1142
025 026 027 0.4287 0.7492 0.4684 0.2048 0.0481 0.2424 0.3084 0.0194
026 027 028 0.0861 0.7686 0.4259 0.0237 0.3982 0.8597 0.4523 0.4970
027 028 029 0.2304 0.6209 0.8741 0.2031 0.7297 0.9614 0.0507 0.3154
028 029 030 0.8823 0.5095 0.3725 0.0633 0.6593 0.8958 0.3792 0.4405
029 030 031 0.7867 0.0445 0.4208 0.6759 0.5570 0.1304 0.6238 0.9802
030 031 032 0.9709 0.2568 0.3508 0.4153 0.6029 0.3095 0.4330 0.9341
031 032 033 0.5944 0.1378 0.6055 0.7021 0.3689 0.9347 0.0257 0.4155
032 033 034 0.8807 0.6572 0.5829 0.4473 0.6364 0.5974 0.4635 0.6215
033 034 035 0.4042 0.7342 0.8348 0.7418 0.9415 0.6133 0.9882 0.9395
034 035 036 0.8369 0.3466 0.3595 0.6991 0.8311 0.0888 0.7250 0.1805
035 036 037 0.7113 0.4833 0.7755 0.6598 0.5936 0.9661 0.4682 0.5755
036 037 038 0.9713 0.4298 0.2859 0.8106 0.4963 0.7499 0.4278 0.1439
037 038 039 0.9570 0.9899 0.4766 0.4368 0.7605 0.6190 0.0360 0.1729
038 039 040 0.5066 0.9909 0.2685 0.5209 0.7691 0.6358 0.2568 0.9506
039 040 041 0.8722 0.1836 0.6066 0.4279 0.6110 0.3369 0.4410 0.7370
040 041 042 0.2190 0.4471 0.3801 0.2038 0.1060 0.3174 0.3821 0.2129
041 042 043 0.5526 0.4058 0.5724 0.6622 0.1021 0.2321 0.1994 0.9035
042 043 044 0.8618 0.3568 0.4263 0.1818 0.8722 0.5695 0.3476 0.6626
043 044 045 0.8227 0.1441 0.2494 0.0382 0.8467 0.0299 0.3806 0.3614
044 045 046 0.6981 0.9068 0.9830 0.3209 0.4748 0.6151 0.3382 0.1387
045 046 047 0.6135 0.8195 0.2441 0.0512 0.6513 0.1124 0.2129 0.3309
046 047 048 0.3940 0.9214 0.6423 0.9581 0.9666 0.3903 0.3211 0.7370
047 048 049 0.0151 0.9751 0.8633 0.9080 0.6602 0.3449 0.4148 0.6357
048 049 050 0.7763 0.2351 0.6063 0.6312 0.7489 0.2285 0.3327 0.5575
049 050 051 0.8497 0.4405 0.7423 0.5735 0.2573 0.9422 0.7204 0.0389
050 051 052 0.7492 0.3224 0.2637 0.8894 0.3631 0.2145 0.6266 0.4710
051 052 053 0.6671 0.1303 0.2356 0.3326 0.3205 0.0799 0.2547 0.2724
052 053 054 0.6153 0.6089 0.1693 0.5109 0.7644 0.5738 0.8539 0.0136
053 054 055 0.8309 0.3872 0.1686 0.7523 0.6055 0.0994 0.9212 0.5230
054 055 056 0.7202 0.9621 0.9715 0.8712 0.3087 0.3063 0.2302 0.2805
055 056 057 0.9875 0.3064 0.7202 0.8480 0.6940 0.2077 0.9907 0.3095
056 057 058 0.0537 0.5436 0.1711 0.6889 0.4036 0.3460 0.9859 0.7019
057 058 059 0.0843 0.4487 0.8908 0.7075 0.2713 0.8499 0.7091 0.8352
058 059 060 0.6398 0.1224 0.6527 0.8555 0.6209 0.4973 0.0568 0.7038
059 060 061 0.9608 0.4461 0.7277 0.0636 0.5496 0.6179 0.6908 0.4519
060 061 062 0.8446 0.1601 0.2898 0.7388 0.4033 0.5448 0.8872 0.2822
061 062 063 0.6604 0.7096 0.4476 0.8797 0.5770 0.3131 0.3373 0.4653
062 063 064 0.3744 0.4086 0.7675 0.6070 0.3023 0.2691 0.0528 0.5789
063 064 065 0.5550 0.2725 0.3505 0.3338 0.7224 0.9412 0.5745 0.1898
064 065 066 0.3753 0.4853 0.8316 0.3945 0.5959 0.5356 0.3746 0.1953
065 066 067 0.6071 0.1531 0.4254 0.5609 0.2475 0.4750 0.6900 0.7715
066 067 068 0.6102 0.5884 0.2385 0.3030 0.0077 0.6286 0.9267 0.8754
067 068 069 0.4811 0.1025 0.3712 0.6407 0.9605 0.0520 0.0273 0.9885
068 069 070 0.4248 0.9482 0.6145 0.1069 0.1204 0.8788 0.0846 0.5079
069 070 071 0.4822 0.0727 0.2050 0.7062 0.9447 0.8074 0.6228 0.7706
070 071 072 0.9212 0.6521 0.7832 0.8689 0.9772 0.7570 0.4712 0.7853
071 072 073 0.9864 0.1770 0.0255 0.4731 0.7271 0.8444 0.1218 0.2662
072 073 074 0.1708 0.0868 0.7041 0.5275 0.2751 0.0798 0.7722 0.0040
073 074 075 0.2130 0.0582 0.5872 0.9052 0.9670 0.5686 0.5312 0.9672
074 075 076 0.7875 0.9449 0.4736 0.4543 0.5700 0.6877 0.4195 0.8586
075 076 077 0.0177 0.0223 0.5350 0.8792 0.0361 0.1124 0.1005 0.5962
076 077 078 0.9053 0.0589 0.8912 0.3038 0.0724 0.0524 0.8871 0.3923
077 078 079 0.3493 0.2293 0.7574 0.9836 0.0939 0.4642 0.7013 0.4661
078 079 080 0.7723 0.2130 0.3400 0.0888 0.8676 0.2249 0.5205 0.4637
079 080 081 0.9191 0.8352 0.4936 0.1652 0.0441 0.4100 0.7918 0.7132
080 081 082 0.7742 0.1526 0.0618 0.3724 0.2643 0.1369 0.4052 0.6126
081 082 083 0.1738 0.1825 0.1434 0.7189 0.9099 0.3704 0.1350 0.5361
082 083 084 0.2034 0.9172 0.4917 0.5881 0.6708 0.9207 0.6559 0.4052
083 084 085 0.3423 0.0418 0.9018 0.8946 0.4141 0.6967 0.1755 0.2823
084 085 086 0.3158 0.2988 0.7509 0.4385 0.9103 0.8334 0.9204 0.1177
085 086 087 0.0458 0.1865 0.5800 0.5337 0.2635 0.8707 0.9056 0.8620
086 087 088 0.9905 0.8991 0.0471 0.3221 0.3375 0.1649 0.7750 0.0586
087 088 089 0.9900 0.2701 0.4786 0.9605 0.5379 0.4748 0.2073 0.2415
088 089 090 0.7363 0.7323 0.2035 0.4997 0.8187 0.4966 0.4389 0.7900
089 090 091 0.1710 0.3366 0.0355 0.7259 0.0681 0.5503 0.9902 0.8291
090 091 092 0.5887 0.0085 0.0801 0.1908 0.3061 0.9799 0.1993 0.2579
091 092 093 0.2040 0.3294 0.1187 0.5089 0.3920 0.5267 0.4754 0.5001
092 093 094 0.0622 0.2628 0.8810 0.2481 0.0823 0.7139 0.8031 0.5470
093 094 095 0.4184 0.3575 0.4473 0.5738 0.3905 0.2212 0.0313 0.2806
094 095 096 0.1838 0.9903 0.0372 0.4859 0.1516 0.9339 0.8073 0.4325
095 096 097 0.9664 0.7822 0.5082 0.6321 0.1312 0.2496 0.6481 0.5126
096 097 098 0.1714 0.8347 0.5086 0.1440 0.0122 0.8989 0.1318 0.3803
097 098 099 0.7472 0.3436 0.0194 0.0983 0.5982 0.2359 0.1539 0.0582
098 099 100 0.2216 0.5548 0.7051 0.5525 0.9960 0.1050 0.0163 0.5231
099 100 101 0.9379 0.7014 0.8863 0.8197 0.9925 0.8226 0.5714 0.9981
100 101 102 0.3288 0.0468 0.6124 0.3477 0.8605 0.6242 0.9152 0.1951
101 102 103 0.5466 0.6442 0.1790 0.0470 0.2872 0.9196 0.8455 0.7132
102 103 104 0.6235 0.8799 0.6090 0.4650 0.2812 0.0023 0.3587 0.1312
103 104 105 0.4713 0.5969 0.3134 0.0947 0.4726 0.8041 0.1474 0.1725
104 105 106 0.6822 0.1274 0.4832 0.3910 0.6555 0.1962 0.8965 0.4347
105 106 107 0.9476 0.8216 0.9791 0.0293 0.0883 0.5498 0.5755 0.4793
106 107 108 0.4811 0.0403 0.6104 0.5420 0.6725 0.6105 0.9653 0.5132
107 108 109 0.1038 0.2026 0.3828 0.2443 0.4579 0.0256 0.3646 0.9194
108 109 110 0.7202 0.8456 0.8724 0.7057 0.1097 0.1621 0.6647 0.2774
109 110 111 0.9908 0.4234 0.6937 0.9039 0.6735 0.2104 0.2588 0.6898
110 111 112 0.1174 0.2525 0.1469 0.4310 0.6361 0.8294 0.2357 0.0200
111 112 113 0.0387 0.3897 0.1015 0.2913 0.3520 0.8897 0.8618 0.1533
112 113 114 0.9734 0.0898 0.7091 0.8531 0.6910 0.6496 0.2769 0.4034
113 114 115 0.5660 0.5754 0.7016 0.9301 0.1894 0.0241 0.9432 0.6367
114 115 116 0.3384 0.9156 0.7517 0.0645 0.0887 0.8238 0.6457 0.0100
115 116 117 0.6958 0.1449 0.8137 0.1611 0.1582 0.9476 0.6932 0.4518
116 117 118 0.5914 0.9427 0.0381 0.4250 0.8387 0.3116 0.3045 0.9850
117 118 119 0.5601 0.0165 0.6197 0.0577 0.6795 0.2611 0.3493 0.7982
118 119 120 0.7704 0.3248 0.6592 0.9366 0.8277 0.9878 0.5913 0.4533
119 120 121 0.5023 0.7111 0.0898 0.3330 0.0601 0.0345 0.8545 0.0411
120 121 122 0.0096 0.1936 0.5586 0.1937 0.1906 0.1184 0.9696 0.6375
121 122 123 0.3694 0.2107 0.9012 0.0051 0.4073 0.8876 0.3966 0.3811
122 123 124 0.7711 0.9090 0.4583 0.4736 0.1608 0.7844 0.8234 0.5265
123 124 125 0.3525 0.5212 0.3176 0.1720 0.8337 0.7864 0.2260 0.6456
124 125 126 0.0950 0.9908 0.8553 0.2736 0.3464 0.0673 0.9601 0.8305
125 126 127 0.7703 0.2192 0.2096 0.0158 0.3102 0.2405 0.4184 0.1966
126 127 128 0.4849 0.9872 0.7056 0.7248 0.7207 0.9424 0.1072 0.2454
127 128 129 0.3687 0.5456 0.0705 0.4914 0.6172 0.6405 0.2524 0.0563
128 129 130 0.4864 0.7299 0.7390 0.7092 0.8173 0.7654 0.8877 0.9134
129 130 131 0.1359 0.6204 0.4894 0.2359 0.7480 0.4119 0.9781 0.0140
130 131 132 0.3934 0.1342 0.2591 0.1143 0.3562 0.2404 0.6256 0.7552
131 132 133 0.6707 0.3640 0.0578 0.3571 0.3957 0.6436 0.8389 0.1140
132 133 134 0.8802 0.8657 0.5471 0.0654 0.8618 0.8024 0.0740 0.6119
133 134 135 0.9840 0.1943 0.0121 0.2668 0.1328 0.9266 0.3165 0.9348
134 135 136 0.9330 0.1281 0.7378 0.3544 0.5757 0.1447 0.3005 0.1100
135 136 137 0.6403 0.7704 0.2463 0.8690 0.5183 0.4642 0.1700 0.7568
136 137 138 0.8076 0.6517 0.2705 0.4507 0.1371 0.7278 0.5854 0.6692
137 138 139 0.0201 0.6751 0.4665 0.3773 0.5058 0.9445 0.9816 0.5903
138 139 140 0.1271 0.3995 0.6538 0.5429 0.7343 0.9902 0.1223 0.2603
139 140 141 0.2686 0.7247 0.7697 0.0810 0.0680 0.4847 0.8249 0.2465
140 141 142 0.1278 0.0612 0.9036 0.3251 0.1163 0.4576 0.2739 0.7803
141 142 143 0.9359 0.6484 0.1934 0.4014 0.3998 0.0765 0.5549 0.1743
142 143 144 0.1389 0.7857 0.9422 0.3394 0.6498 0.9699 0.6823 0.1080
143 144 145 0.6213 0.0451 0.6292 0.1935 0.4212 0.4000 0.0812 0.7736
144 145 146 0.4578 0.7915 0.6945 0.4955 0.2211 0.9338 0.6969 0.8131
145 146 147 0.2990 0.1160 0.1816 0.8508 0.4802 0.8301 0.2585 0.4196
146 147 148 0.1600 0.4609 0.8262 0.5668 0.6612 0.4713 0.6454 0.7552
147 148 149 0.1139 0.4165 0.0417 0.4227 0.4324 0.5037 0.1584 0.2781
148 149 150 0.4487 0.2413 0.0411 0.0579 0.4875 0.8440 0.3438 0.7453
149 150 151 0.4826 0.2095 0.6665 0.4415 0.3354 0.5906 0.1252 0.6039
150 151 152 0.8865 0.7920 0.6000 0.8671 0.0531 0.7247 0.9851 0.6280
151 152 153 0.8342 0.6200 0.5184 0.6607 0.0778 0.5991 0.9858 0.5675
152 153 154 0.4065 0.0774 0.6593 0.4241 0.6174 0.0437 0.9907 0.4595
153 154 155 0.2487 0.7047 0.6239 0.8422 0.1051 0.1825 0.6364 0.7149
154 155 156 0.3131 0.6759 0.6420 0.6873 0.9445 0.8452 0.1776 0.6890
155 156 157 0.0983 0.7535 0.7823 0.4687 0.4746 0.8584 0.0986 0.5388
156 157 158 0.8709 0.8778 0.3919 0.1705 0.9348 0.1049 0.4428 0.3829
157 158 159 0.9726 0.5305 0.4708 0.3460 0.2671 0.2487 0.5340 0.0813
158 159 160 0.4453 0.6376 0.8708 0.9699 0.5603 0.4605 0.7004 0.0946
159 160 161 0.3050 0.4889 0.7808 0.5332 0.2567 0.7332 0.6841 0.8250
160 161 162 0.3290 0.2084 0.9776 0.9381 0.4656 0.4020 0.8913 0.0967
161 162 163 0.5902 0.9081 0.9006 0.5300 0.1792 0.6673 0.7910 0.7938
162 163 164 0.7234 0.9381 0.0753 0.8615 0.2522 0.4653 0.5293 0.9228
163 164 165 0.9422 0.9052 0.7065 0.4959 0.7639 0.5951 0.9640 0.5596
164 165 166 0.1510 0.0333 0.6446 0.2861 0.2211 0.1305 0.8888 0.2727
165 166 167 0.2421 0.4222 0.8180 0.1582 0.6551 0.5888 0.2105 0.4005
166 167 168 0.7147 0.0222 0.2775 0.4000 0.9037 0.8112 0.8316 0.8097
167 168 169 0.2037 0.3578 0.8953 0.2444 0.5770 0.7867 0.8758 0.3415
168 169 170 0.7347 0.0950 0.2143 0.2888 0.7540 0.7170 0.1313 0.1422
169 170 171 0.8357 0.0726 0.4499 0.8594 0.9995 0.4297 0.5559 0.9958
170 171 172 0.4505 0.8346 0.7562 0.5086 0.1540 0.9941 0.0365 0.6043
171 172 173 0.1298 0.2874 0.7277 0.9434 0.8833 0.3473 0.6929 0.3877
172 173 174 0.0967 0.4429 0.0948 0.2081 0.1552 0.4784 0.7277 0.2297
173 174 175 0.5883 0.5545 0.3174 0.8065 0.2108 0.0761 0.8690 0.4571
174 175 176 0.3247 0.2972 0.9734 0.4582 0.9873 0.2718 0.3395 0.7948
175 176 177 0.1317 0.7867 0.1938 0.0420 0.5076 0.2275 0.8618 0.6047
176 177 178 0.9797 0.3200 0.6311 0.8150 0.9515 0.1556 0.5332 0.2254
177 178 179 0.7214 0.3303 0.5181 0.0955 0.0715 0.8418 0.9763 0.3856
178 179 180 0.5023 0.8447 0.5133 0.0524 0.0012 0.3206 0.2557 0.3545
179 180 181 0.9931 0.4748 0.8538 0.8024 0.0277 0.4762 0.8176 0.9460
180 181 182 0.5737 0.8179 0.8275 0.0983 0.6768 0.3449 0.5750 0.2969
181 182 183 0.4821 0.5207 0.1498 0.2197 0.0861 0.9647 0.8161 0.0336
182 183 184 0.0213 0.1569 0.2122 0.3459 0.1442 0.1089 0.8620 0.9254
183 184 185 0.9924 0.5401 0.3489 0.5997 0.6408 0.7114 0.8743 0.7848
184 185 186 0.8968 0.1670 0.5215 0.4274 0.8492 0.3913 0.3605 0.1808
185 186 187 0.0868 0.2764 0.5430 0.6179 0.9590 0.8855 0.3605 0.7668
186 187 188 0.2811 0.7821 0.1104 0.9869 0.3360 0.5113 0.5931 0.6033
187 188 189 0.2287 0.5009 0.7686 0.7093 0.2230 0.6359 0.8445 0.0618
188 189 190 0.4572 0.8124 0.2779 0.1592 0.4913 0.4345 0.6806 0.7481
189 190 191 0.7247 0.1609 0.7084 0.1013 0.4682 0.1408 0.2481 0.1143
190 191 192 0.9237 0.5953 0.0546 0.1120 0.4772 0.4209 0.0481 0.2130
191 192 193 0.0463 0.0643 0.4579 0.5774 0.3092 0.7865 0.3692 0.4539
192 193 194 0.3648 0.5172 0.2124 0.5453 0.5643 0.4642 0.3981 0.2252
193 194 195 0.9126 0.1213 0.4414 0.2123 0.9986 0.8337 0.3358 0.9622
194 195 196 0.3691 0.3499 0.5134 0.2015 0.6501 0.5586 0.7689 0.9928
195 196 197 0.2767 0.3539 0.4632 0.5715 0.4960 0.2113 0.0273 0.9490
196 197 198 0.3177 0.6309 0.7487 0.2805 0.9206 0.9063 0.6190 0.3903
197 198 199 0.0088 0.7434 0.3701 0.2116 0.3013 0.1220 0.0949 0.7770
198 199 200 0.1684 0.4929 0.5718 0.7244 0.6611 0.0366 0.0409 0.0487
199 200 201 0.3504 0.2153 0.7175 0.8878 0.1365 0.3505 0.7414 0.9740
200 201 202 0.2435 0.8877 0.3743 0.7396 0.7565 0.6938 0.4124 0.9182
201 202 203 0.5590 0.9064 0.7766 0.8173 0.5408 0.9216 0.6455 0.3280
202 203 204 0.7210 0.7595 0.2308 0.2838 0.2254 0.3149 0.2337 0.6747
203 204 205 0.7908 0.8325 0.0654 0.8449 0.3800 0.5782 0.7788 0.1240
204 205 206 0.3049 0.6622 0.1310 0.0309 0.0601 0.9602 0.9951 0.5653
205 206 207 0.8202 0.0585 0.1903 0.2871 0.1551 0.5319 0.0350 0.3571
206 207 208 0.3521 0.3145 0.8520 0.4890 0.0201 0.0368 0.0918 0.2826
207 208 209 0.9624 0.0700 0.3309 0.4319 0.1343 0.2930 0.2427 0.9414
208 209 210 0.2485 0.9731 0.8831 0.4108 0.5034 0.1248 0.8994 0.9445
209 210 211 0.3392 0.1754 0.1130 0.4085 0.2523 0.0937 0.3140 0.5043
210 211 212 0.7834 0.8442 0.5827 0.6836 0.0712 0.7355 0.8393 0.9990
211 212 213 0.3547 0.4123 0.5243 0.1881 0.8242 0.3724 0.7889 0.4490
212 213 214 0.0757 0.2802 0.0534 0.0145 0.4397 0.3622 0.2466 0.9586
213 214 215 0.1925 0.5715 0.6938 0.6351 0.3862 0.4096 0.0117 0.4390
214 215 216 0.2761 0.7183 0.1716 0.6611 0.3279 0.9371 0.4000 0.2145
215 216 217 0.1400 0.2206 0.7274 0.3315 0.5304 0.6141 0.7199 0.7704
216 217 218 0.0731 0.0396 0.4603 0.8107 0.1809 0.8021 0.8146 0.8153
217 218 219 0.4219 0.5260 0.7256 0.1963 0.8163 0.2098 0.8071 0.3061
218 219 220 0.0996 0.2293 0.1114 0.9546 0.4426 0.4434 0.6681 0.8589
219 220 221 0.0397 0.0372 0.4182 0.6793 0.9312 0.2606 0.3289 0.1402
220 221 222 0.9784 0.8200 0.5770 0.7353 0.9102 0.7491 0.9203 0.6302
221 222 223 0.1016 0.3364 0.1230 0.5255 0.7326 0.5706 0.3167 0.9006
222 223 224 0.0620 0.6581 0.0541 0.1894 0.3501 0.6480 0.8736 0.8796
223 224 225 0.1875 0.9092 0.7491 0.3826 0.1256 0.2853 0.9252 0.1569
224 225 226 0.0879 0.3190 0.5077 0.6688 0.3950 0.6496 0.5604 0.4023
225 226 227 0.1659 0.1141 0.0887 0.0947 0.0056 0.7491 0.2160 0.3198
226 227 228 0.5500 0.4929 0.7090 0.2026 0.6336 0.2344 0.2620 0.1745
227 228 229 0.7971 0.6017 0.8108 0.7245 0.6492 0.1110 0.1122 0.7850
228 229 230 0.5855 0.3025 0.4227 0.9307 0.6285 0.5436 0.3759 0.2494
229 230 231 0.8398 0.0090 0.1250 0.8662 0.3797 0.2645 0.5622 0.4598
230 231 232 0.5294 0.6286 0.1694 0.5220 0.7652 0.3697 0.5046 0.8973
231 232 233 0.0110 0.1209 0.8795 0.9115 0.4124 0.2858 0.7254 0.3171
232 233 234 0.0819 0.7311 0.4478 0.0415 0.2462 0.5868 0.5310 0.0829
233 234 235 0.9351 0.0042 0.1348 0.4252 0.1906 0.0135 0.0693 0.3034
234 235 236 0.6451 0.2424 0.8923 0.0576 0.3075 0.5523 0.4029 0.3590
235 236 237 0.5125 0.9753 0.1504 0.1657 0.5480 0.0949 0.9303 0.6287
236 237 238 0.2657 0.0673 0.9603 0.3370 0.2708 0.5943 0.7610 0.5500
237 238 239 0.5987 0.3827 0.6829 0.6773 0.7170 0.0148 0.8041 0.5338
238 239 240 0.7018 0.9156 0.6019 0.2701 0.6792 0.2360 0.8217 0.6750
239 240 241 0.6839 0.8543 0.7492 0.7789 0.2206 0.4791 0.9145 0.1464
240 241 242 0.7823 0.1529 0.9811 0.6495 0.9034 0.6440 0.0595 0.6609
241 242 243 0.6080 0.2949 0.1808 0.8695 0.6970 0.6819 0.3236 0.2484
242 243 244 0.5182 0.6122 0.6078 0.0386 0.8943 0.9930 0.8017 0.7164
243 244 245 0.4455 0.0690 0.9082 0.1398 0.5626 0.9806 0.2624 0.1775
244 245 246 0.4489 0.5901 0.0627 0.3253 0.9958 0.8717 0.2104 0.5379
245 246 247 0.8336 0.2026 0.8505 0.8153 0.6939 0.3345 0.2389 0.2150
246 247 248 0.0058 0.1583 0.1824 0.8104 0.2380 0.8390 0.6342 0.3366
247 248 249 0.7298 0.3017 0.0569 0.4330 0.5550 0.3817 0.0088 0.1142
248 249 250 0.5503 0.3152 0.3744 0.8231 0.3464 0.3323 0.5099 0.8780
249 250 251 0.3948 0.3668 0.9518 0.5070 0.6779 0.7635 0.4147 0.7341
250 251 252 0.4184 0.2419 0.5426 0.5222 0.8294 0.2344 0.7475 0.8212
251 252 253 0.3966 0.7079 0.9495 0.8886 0.7559 0.9225 0.0058 0.4080
252 253 254 0.8192 0.9520 0.8578 0.0291 0.0599 0.8281 0.3303 0.4455
253 254 255 0.9207 0.3992 0.2829 0.5246 0.4841 0.4378 0.6334 0.5928
254 255 256 0.3086 0.8551 0.5632 0.0477 0.5885 0.8990 0.3230 0.5723
255 256 257 0.1365 0.3454 0.7632 0.1237 0.1981 0.0886 0.4751 0.5916
256 257 258 0.6449 0.5491 0.9639 0.5459 0.4084 0.6992 0.2986 0.4387
257 258 259 0.0462 0.7576 0.5454 0.0234 0.8521 0.7988 0.7920 0.2828
258 259 260 0.3245 0.0643 0.2093 0.0193 0.0919 0.1189 0.8136 0.3768
259 260 261 0.5237 0.8662 0.1968 0.0122 0.6990 0.4454 0.9455 0.5675
260 261 262 0.0851 0.6159 0.4973 0.9340 0.0092 0.0133 0.3083 0.7779
261 262 263 0.1169 0.3315 0.0629 0.9150 0.9380 0.1172 0.6392 0.1357
262 263 264 0.9374 0.6682 0.4866 0.1770 0.4257 0.3371 0.3088 0.2475
263 264 265 0.9524 0.4363 0.6888 0.6240 0.5625 0.4213 0.6423 0.8479
264 265 266 0.4433 0.0771 0.9257 0.1874 0.5576 0.6701 0.9163 0.6175
265 266 267 0.9398 0.3542 0.2470 0.8297 0.7789 0.5654 0.1822 0.9282
266 267 268 0.5399 0.1417 0.4575 0.1046 0.8015 0.0755 0.5407 0.9145
267 268 269 0.5733 0.2465 0.4457 0.5583 0.9050 0.9217 0.2943 0.5696
268 269 270 0.8733 0.2263 0.2621 0.6072 0.1231 0.0902 0.5170 0.0590
269 270 271 0.3015 0.5204 0.7799 0.3163 0.4376 0.7024 0.2242 0.3347
270 271 272 0.8243 0.3456 0.9295 0.6339 0.7202 0.4327 0.2062 0.3742
271 272 273 0.9159 0.8401 0.0686 0.7423 0.4620 0.5803 0.6278 0.1520
272 273 274 0.6551 0.9660 0.7470 0.7772 0.7597 0.9964 0.4681 0.2683
273 274 275 0.1110 0.3181 0.6718 0.7805 0.0374 0.0909 0.6248 0.5245
274 275 276 0.6851 0.6062 0.2164 0.9197 0.7387 0.4895 0.1562 0.7796
275 276 277 0.0937 0.5387 0.0736 0.8854 0.3867 0.1534 0.2560 0.2742
276 277 278 0.2845 0.3671 0.3606 0.9970 0.0691 0.7692 0.6972 0.2119
277 278 000 0.1586 0.9686 0.7572 0.9507 0.9418 0.7161 0.0696 0.5930
278 000 001 0.3719 0.8747 0.3868 0.7348 0.6988 0.1111 0.2993 0.3678
