279 155682 3 279
000 001 002 0.2574 0.8409 0.7387 0.6431 0.1838 0.9509 0.9360 0.0190
001 002 003 0.6878 0.5094 0.8032 0.8677 0.4845 0.9692 0.9164 0.6649
002 003 004 0.8595 0.2762 0.2313 0.2668 0.8200 0.7682 0.2453 0.1464
003 004 005 0.6782 0.9051 0.7149 0.2308 0.4456 0.1645 0.7261 0.3248
004 005 006 0.9247 0.0071 0.9379 0.8956 0.8019 0.1799 0.0187 0.7619
005 006 007 0.9531 0.8254 0.7030 0.5721 0.7644 0.1488 0.3040 0.1884
006 007 008 0.6596 0.7286 0.8222 0.4950 0.6195 0.9903 0.1553 0.4986
007 008 009 0.9707 0.1966 0.3554 0.1014 0.4733 0.5196 0.8386 0.5800
008 009 010 0.8445 0.7200 0.8836 0.2027 0.1643 0.4954 0.5519 0.0228
009 010 011 0.0905 0.3950 0.3610 0.6048 0.7193 0.6830 0.4830 0.3645
010 011 012 0.5359 0.2830 0.5912 0.1118 0.0404 0.4254 0.6209 0.7213
011 012 013 0.2239 0.5296 0.5637 0.8093 0.3079 0.1591 0.3976 0.1889
012 013 014 0.3625 0.0616 0.5790 0.5433 0.1561 0.7479 0.0722 0.7334
013 014 015 0.8067 0.2046 0.4453 0.5076 0.0633 0.9693 0.2525 0.7001
014 015 016 0.8529 0.9096 0.4056 0.9880 0.7310 0.5253 0.7971 0.4659
015 016 017 0.6973 0.4908 0.8869 0.1760 0.8004 0.0948 0.1032 0.5362
016 017 018 0.1513 0.6487 0.9259 0.7501 0.4044 0.2817 0.1693 0.5893
017 018 019 0.1945 0.3406 0.5964 0.0299 0.5349 0.0964 0.6379 0.1444
018 019 020 0.9519 0.2681 0.3827 0.7979 0.8802 0.4545 0.3446 0.3448
019 020 021 0.0166 0.3836 0.3920 0.8866 0.1852 0.1016 0.0312 0.4270
020 021 022 0.9173 0.7863 0.2856 0.5996 0.7351 0.4292 0.8374 0.9850
021 022 023 0.7405 0.1841 0.8679 0.2160 0.3130 0.4277 0.9082 0.9799
022 023 024 0.3604 0.1597 0.9070 0.8395 0.9181 0.3195 0.1032 0.2859
023 024 025 0.2651 0.5374 0.0616 0.8999 0.8085 0.0984 0.4859 0.5268
024 025 026 0.1712 0.2041 0.0991 0.5771 0.2685 0.4777 0.6463 0.0327
025 026 027 0.3543 0.1861 0.1650 0.0153 0.4537 0.4378 0.5778 0.6124
026 027 028 0.7520 0.3166 0.4779 0.2040 0.0113 0.1825 0.4557 0.9955
027 028 029 0.1670 0.1376 0.1035 0.5025 0.4538 0.9063 0.0604 0.9966
028 029 030 0.0881 0.7406 0.1923 0.2457 0.5254 0.2983 0.4483 0.8048
029 030 031 0.8746 0.8785 0.4616 0.7493 0.8602 0.1371 0.8512 0.1392
030 031 032 0.3622 0.4621 0.4849 0.5867 0.5118 0.9310 0.0815 0.0134
031 032 033 0.9496 0.7061 0.7476 0.4676 0.5131 0.7203 0.6089 0.7955
032 033 034 0.5541 0.1909 0.9784 0.6607 0.7761 0.3771 0.4696 0.8696
033 034 035 0.0464 0.7816 0.7006 0.4963 0.1876 0.5457 0.7298 0.9376
034 035 036 0.4284 0.3767 0.0851 0.7051 0.8345 0.6745 0.5767 0.7116
035 036 037 0.0960 0.2477 0.8909 0.7390 0.9542 0.8000 0.0525 0.1076
036 037 038 0.6595 0.5436 0.2306 0.0785 0.1354 0.8801 0.7771 0.2475
037 038 039 0.6262 0.7283 0.3253 0.2091 0.7759 0.1656 0.9719 0.9108
038 039 040 0.1485 0.4193 0.7414 0.7264 0.2582 0.5962 0.7732 0.4330
039 040 041 0.2369 0.0901 0.1627 0.2541 0.6253 0.3440 0.9645 0.2804
040 041 042 0.7165 0.6921 0.2713 0.2577 0.4789 0.8796 0.3378 0.9948
041 042 043 0.6617 0.9502 0.5663 0.2298 0.3736 0.3423 0.5541 0.4273
042 043 044 0.9882 0.4525 0.7674 0.8484 0.3664 0.3898 0.1327 0.1293
043 044 045 0.7677 0.5124 0.6728 0.6774 0.6289 0.9021 0.7209 0.9032
044 045 046 0.5054 0.4732 0.4677 0.1733 0.2857 0.4366 0.5831 0.1788
045 046 047 0.0580 0.0380 0.1617 0.7459 0.2067 0.3823 0.3931 0.7856
046 047 048 0.3843 0.7533 0.9910 0.0498 0.2429 0.3564 0.1104 0.7334
047 048 049 0.6779 0.2958 0.6614 0.1929 0.6428 0.2159 0.6924 0.2257
048 049 050 0.1273 0.4841 0.8018 0.6131 0.0455 0.6189 0.1126 0.7826
049 050 051 0.9372 0.4771 0.7133 0.6621 0.7173 0.1245 0.1500 0.6513
050 051 052 0.2727 0.7111 0.6765 0.3502 0.2343 0.2870 0.4012 0.1199
051 052 053 0.4811 0.9198 0.5332 0.6250 0.9786 0.0492 0.6682 0.9928
052 053 054 0.3191 0.0707 0.6639 0.9982 0.5860 0.9962 0.3355 0.5294
053 054 055 0.0280 0.3866 0.7357 0.6214 0.7458 0.2697 0.0030 0.3701
054 055 056 0.8570 0.1106 0.4040 0.4099 0.4177 0.3425 0.0266 0.3338
055 056 057 0.8455 0.4378 0.4970 0.9425 0.2977 0.5781 0.2884 0.3379
056 057 058 0.7674 0.1057 0.8733 0.4263 0.1906 0.0836 0.6026 0.2862
057 058 059 0.9767 0.5988 0.5892 0.5062 0.6634 0.7078 0.8819 0.3039
058 059 060 0.8840 0.8920 0.4842 0.6147 0.3523 0.1388 0.1070 0.8137
059 060 061 0.3446 0.5647 0.4416 0.7646 0.9108 0.7786 0.6346 0.3593
060 061 062 0.0196 0.8321 0.7628 0.1412 0.9326 0.3369 0.5735 0.8259
061 062 063 0.8171 0.1987 0.3483 0.5106 0.9895 0.8297 0.4323 0.2238
062 063 064 0.8801 0.9359 0.0556 0.6925 0.0515 0.1720 0.3025 0.3102
063 064 065 0.1580 0.9003 0.2411 0.2134 0.7182 0.3811 0.3457 0.3058
064 065 066 0.3576 0.2898 0.6488 0.1035 0.3946 0.3399 0.6038 0.1135
065 066 067 0.5521 0.3673 0.9888 0.4501 0.8325 0.9147 0.4232 0.1951
066 067 068 0.4341 0.8221 0.2857 0.3551 0.5570 0.9550 0.9134 0.0133
067 068 069 0.9271 0.1911 0.2813 0.0778 0.5624 0.3665 0.0517 0.4977
068 069 070 0.0248 0.4383 0.6170 0.2474 0.3944 0.8539 0.5448 0.1859
069 070 071 0.3667 0.4300 0.4173 0.5502 0.5344 0.8256 0.7721 0.1440
070 071 072 0.9008 0.5732 0.5316 0.5060 0.5451 0.4164 0.2081 0.2714
071 072 073 0.3027 0.0433 0.9626 0.9220 0.1180 0.9496 0.4288 0.5696
072 073 074 0.8802 0.6644 0.4171 0.0429 0.0410 0.9312 0.9930 0.8700
073 074 075 0.8066 0.3131 0.4009 0.1956 0.6670 0.7401 0.9681 0.4681
074 075 076 0.1525 0.3558 0.1436 0.6543 0.5613 0.5385 0.1680 0.0913
075 076 077 0.0923 0.8639 0.1883 0.8951 0.2358 0.1130 0.5065 0.2900
076 077 078 0.0054 0.6890 0.0774 0.4418 0.2021 0.9968 0.3947 0.6852
077 078 079 0.4384 0.0524 0.2837 0.6820 0.6551 0.2568 0.2132 0.3460
078 079 080 0.8127 0.8653 0.0966 0.5996 0.3168 0.7567 0.7631 0.2276
079 080 081 0.2130 0.6492 0.7343 0.7789 0.3270 0.0595 0.3453 0.9462
080 081 082 0.3748 0.1491 0.1434 0.9067 0.3604 0.8875 0.7745 0.8826
081 082 083 0.9295 0.1927 0.5155 0.1938 0.9311 0.8886 0.2599 0.4533
082 083 084 0.4386 0.1952 0.1601 0.1406 0.4012 0.5900 0.9779 0.3696
083 084 085 0.1771 0.2666 0.7468 0.3574 0.3442 0.3061 0.0038 0.5746
084 085 086 0.5442 0.3044 0.0668 0.9766 0.4010 0.0570 0.5976 0.7970
085 086 087 0.1715 0.7956 0.3418 0.1209 0.7813 0.9657 0.8106 0.3185
086 087 088 0.6801 0.1942 0.5575 0.7772 0.3313 0.8684 0.2953 0.6930
087 088 089 0.9636 0.5184 0.9690 0.9074 0.2235 0.1401 0.2887 0.7787
088 089 090 0.1941 0.8024 0.5565 0.1912 0.9653 0.8928 0.0808 0.5278
089 090 091 0.1913 0.1119 0.8228 0.1121 0.8852 0.8282 0.2511 0.9847
090 091 092 0.3655 0.4746 0.3416 0.8318 0.6070 0.9075 0.9007 0.4520
091 092 093 0.0695 0.1802 0.0762 0.4563 0.7982 0.3955 0.2061 0.9263
092 093 094 0.1322 0.0602 0.1694 0.6108 0.1334 0.6523 0.0784 0.1135
093 094 095 0.3910 0.8058 0.2726 0.5946 0.3255 0.7198 0.7679 0.3267
094 095 096 0.0762 0.1198 0.8439 0.2715 0.3852 0.2725 0.8143 0.5347
095 096 097 0.5854 0.4915 0.0660 0.6092 0.4838 0.2875 0.3388 0.0688
096 097 098 0.4070 0.2617 0.9521 0.0458 0.6772 0.5308 0.7174 0.0762
097 098 099 0.6686 0.9580 0.3241 0.5939 0.7760 0.9891 0.9397 0.9445
098 099 100 0.3473 0.6020 0.9669 0.2397 0.7264 0.7145 0.6526 0.9558
099 100 101 0.5884 0.7215 0.5976 0.1558 0.2433 0.8988 0.9124 0.2309
100 101 102 0.3461 0.1805 0.9766 0.3247 0.5108 0.1367 0.9649 0.7748
101 102 103 0.9564 0.4120 0.4014 0.3400 0.5202 0.7996 0.8492 0.6646
102 103 104 0.5435 0.6342 0.6970 0.7183 0.7350 0.9694 0.6614 0.0606
103 104 105 0.9521 0.2643 0.7497 0.3118 0.7052 0.7252 0.7535 0.6631
104 105 106 0.5953 0.4441 0.5181 0.0695 0.9879 0.0006 0.0399 0.3313
105 106 107 0.6531 0.0694 0.5165 0.3352 0.2246 0.2861 0.9121 0.3860
106 107 108 0.7126 0.3291 0.5106 0.2725 0.6411 0.8876 0.0754 0.6787
107 108 109 0.4335 0.9334 0.9494 0.7642 0.3253 0.4208 0.9215 0.7857
108 109 110 0.2326 0.1558 0.5441 0.1160 0.9352 0.7752 0.5758 0.0299
109 110 111 0.9861 0.6469 0.3118 0.0502 0.0955 0.1168 0.4031 0.1555
110 111 112 0.7184 0.8708 0.3522 0.4768 0.6363 0.5726 0.6248 0.0292
111 112 113 0.5900 0.3025 0.3599 0.7398 0.2843 0.0104 0.3357 0.0906
112 113 114 0.3319 0.8754 0.2460 0.0749 0.4689 0.9171 0.2460 0.0207
113 114 115 0.0228 0.0926 0.7425 0.1412 0.2429 0.2768 0.9615 0.6949
114 115 116 0.0043 0.1840 0.4321 0.8396 0.3942 0.5290 0.6881 0.2872
115 116 117 0.3528 0.2745 0.4462 0.9707 0.4072 0.4868 0.5793 0.7699
116 117 118 0.6780 0.4902 0.7540 0.4593 0.6967 0.7991 0.0958 0.1683
117 118 119 0.7875 0.4325 0.0479 0.4523 0.4761 0.5972 0.7023 0.4261
118 119 120 0.8925 0.7357 0.1988 0.9027 0.5520 0.0056 0.1629 0.7009
119 120 121 0.8252 0.2757 0.8538 0.5007 0.3934 0.0968 0.0380 0.7848
120 121 122 0.0553 0.5069 0.4894 0.8169 0.6256 0.4594 0.2513 0.1045
121 122 123 0.2302 0.9483 0.0280 0.4377 0.6284 0.0766 0.7654 0.6312
122 123 124 0.4130 0.8588 0.2093 0.0999 0.3351 0.4268 0.9074 0.7714
123 124 125 0.6907 0.2346 0.5152 0.3906 0.3325 0.6232 0.6825 0.2068
124 125 126 0.6990 0.2420 0.4657 0.4008 0.6365 0.4384 0.5760 0.8444
125 126 127 0.6417 0.1809 0.4189 0.5749 0.5570 0.8870 0.8662 0.4023
126 127 128 0.3992 0.7197 0.7991 0.4002 0.6309 0.6054 0.1530 0.0194
127 128 129 0.2045 0.6545 0.3421 0.8194 0.5073 0.9383 0.1502 0.8758
128 129 130 0.3671 0.5898 0.8495 0.2128 0.5715 0.1470 0.0570 0.0048
129 130 131 0.0275 0.1781 0.8271 0.3839 0.9134 0.8632 0.6879 0.4871
130 131 132 0.7703 0.5630 0.0671 0.4118 0.3809 0.9004 0.5555 0.9992
131 132 133 0.4275 0.4646 0.0154 0.8341 0.8520 0.6177 0.1669 0.6900
132 133 134 0.5234 0.0267 0.6204 0.2373 0.0697 0.5441 0.3307 0.7872
133 134 135 0.7419 0.3177 0.7456 0.5091 0.0269 0.3817 0.4034 0.6358
134 135 136 0.0798 0.1188 0.3568 0.6254 0.6693 0.3731 0.0156 0.7634
135 136 137 0.8872 0.1640 0.0567 0.8953 0.4084 0.6948 0.1072 0.8348
136 137 138 0.2717 0.4798 0.0621 0.9763 0.1499 0.2247 0.4198 0.7152
137 138 139 0.7073 0.1125 0.1630 0.4088 0.8295 0.1745 0.5527 0.3040
138 139 140 0.0436 0.3148 0.2443 0.8162 0.4671 0.6414 0.5861 0.8953
139 140 141 0.5496 0.3261 0.8097 0.3279 0.7800 0.1387 0.0841 0.0895
140 141 142 0.1665 0.9094 0.4363 0.7753 0.2933 0.4606 0.9620 0.5309
141 142 143 0.6567 0.2989 0.4713 0.8901 0.2794 0.5284 0.4345 0.6459
142 143 144 0.3266 0.5901 0.7246 0.4139 0.9212 0.6874 0.7398 0.1640
143 144 145 0.0303 0.4250 0.2163 0.5146 0.8203 0.6285 0.9320 0.0682
144 145 146 0.4060 0.9197 0.9575 0.5874 0.4844 0.8459 0.4417 0.3001
145 146 147 0.5286 0.2901 0.0694 0.0419 0.5571 0.9269 0.3339 0.7148
146 147 148 0.1762 0.9790 0.0785 0.1225 0.6349 0.0201 0.9290 0.6334
147 148 149 0.9109 0.8004 0.1165 0.5747 0.7769 0.6028 0.0829 0.0945
148 149 150 0.4127 0.2585 0.2088 0.9216 0.3216 0.7502 0.9501 0.2270
149 150 151 0.3679 0.7551 0.0731 0.9942 0.9988 0.9051 0.0094 0.5697
150 151 152 0.1140 0.8308 0.6174 0.0259 0.6202 0.4711 0.5449 0.5619
151 152 153 0.4780 0.8124 0.6477 0.1734 0.6193 0.9623 0.8187 0.9587
152 153 154 0.0579 0.7222 0.9492 0.3375 0.2460 0.3127 0.7286 0.5993
153 154 155 0.1178 0.5016 0.7779 0.0888 0.0987 0.1504 0.9965 0.2559
154 155 156 0.9288 0.3990 0.6412 0.4979 0.5574 0.7380 0.4577 0.8703
155 156 157 0.4926 0.3530 0.3490 0.7564 0.4906 0.8002 0.4679 0.7004
156 157 158 0.3449 0.3198 0.3501 0.2657 0.8174 0.0110 0.1108 0.7075
157 158 159 0.8398 0.8270 0.9433 0.5020 0.1736 0.1362 0.5387 0.6586
158 159 160 0.5252 0.5109 0.5180 0.4500 0.0537 0.3312 0.0610 0.8989
159 160 161 0.8824 0.1476 0.8296 0.7562 0.1418 0.1977 0.1666 0.3625
160 161 162 0.8113 0.7917 0.9914 0.1147 0.3792 0.2685 0.9321 0.3554
161 162 163 0.9299 0.1012 0.9816 0.0259 0.9404 0.6440 0.0795 0.8214
162 163 164 0.0988 0.8065 0.7676 0.7503 0.5959 0.4090 0.1144 0.2952
163 164 165 0.1322 0.8011 0.5585 0.3083 0.2690 0.4274 0.1598 0.6177
164 165 166 0.6998 0.6606 0.0490 0.7981 0.3362 0.4471 0.7445 0.5620
165 166 167 0.2005 0.5175 0.2526 0.8312 0.9720 0.3296 0.6342 0.2082
166 167 168 0.2069 0.9005 0.8454 0.5798 0.6791 0.7093 0.7319 0.4416
167 168 169 0.3935 0.5153 0.7185 0.2083 0.2724 0.3973 0.8016 0.9127
168 169 170 0.0416 0.4553 0.6713 0.8532 0.6935 0.4968 0.2759 0.1008
169 170 171 0.8422 0.8524 0.0983 0.3306 0.7314 0.0600 0.1778 0.7199
170 171 172 0.1719 0.2350 0.9205 0.0689 0.3142 0.9522 0.3961 0.4520
171 172 173 0.7402 0.9092 0.2420 0.1466 0.6712 0.9406 0.5432 0.8580
172 173 174 0.7942 0.7608 0.4714 0.2102 0.7106 0.4078 0.5626 0.6178
173 174 175 0.5910 0.8135 0.5695 0.0947 0.8037 0.9096 0.2027 0.5004
174 175 176 0.9937 0.9095 0.3077 0.9333 0.4178 0.5580 0.3399 0.6922
175 176 177 0.5984 0.6975 0.4430 0.3603 0.3021 0.3882 0.3341 0.8802
176 177 178 0.6248 0.7225 0.1154 0.7095 0.9452 0.2707 0.8385 0.0209
177 178 179 0.3921 0.0789 0.5988 0.0187 0.1735 0.5714 0.9842 0.3163
178 179 180 0.3205 0.2189 0.6899 0.6760 0.7524 0.7387 0.8632 0.0381
179 180 181 0.1216 0.0348 0.1654 0.4795 0.0332 0.9468 0.2827 0.7578
180 181 182 0.3016 0.2701 0.9235 0.8413 0.7140 0.6976 0.4645 0.5610
181 182 183 0.0016 0.5491 0.1680 0.6850 0.9363 0.0137 0.4001 0.2519
182 183 184 0.6253 0.8208 0.0335 0.2555 0.0797 0.3510 0.2501 0.7449
183 184 185 0.9323 0.6301 0.3183 0.0107 0.6689 0.9165 0.8162 0.0425
184 185 186 0.9325 0.0714 0.5595 0.8985 0.9581 0.1084 0.7508 0.4970
185 186 187 0.5199 0.4861 0.3792 0.7253 0.8425 0.7303 0.3729 0.9219
186 187 188 0.4354 0.3207 0.1746 0.9415 0.0679 0.8619 0.6038 0.4397
187 188 189 0.7113 0.0904 0.2675 0.0129 0.5614 0.5483 0.8720 0.0019
188 189 190 0.9264 0.5688 0.1591 0.3148 0.3536 0.3064 0.3326 0.9628
189 190 191 0.1760 0.6280 0.1318 0.2084 0.5673 0.4648 0.1197 0.2238
190 191 192 0.8744 0.2469 0.3465 0.0290 0.5500 0.5355 0.5420 0.3147
191 192 193 0.6689 0.2283 0.4961 0.5788 0.2283 0.0774 0.9581 0.2176
192 193 194 0.5798 0.3785 0.1689 0.4874 0.7343 0.8469 0.9773 0.7566
193 194 195 0.7242 0.3576 0.3357 0.1974 0.6801 0.4445 0.8967 0.7920
194 195 196 0.3683 0.0736 0.3999 0.4536 0.8195 0.4004 0.6938 0.3840
195 196 197 0.5478 0.1177 0.1773 0.7469 0.8287 0.0141 0.5714 0.3296
196 197 198 0.5364 0.5062 0.9192 0.2306 0.8056 0.5948 0.2087 0.3160
197 198 199 0.2819 0.8804 0.0044 0.2536 0.1233 0.8285 0.9803 0.7386
198 199 200 0.7817 0.8554 0.4050 0.7908 0.4251 0.1032 0.6062 0.6343
199 200 201 0.4849 0.3066 0.7303 0.2112 0.3856 0.3100 0.2693 0.0620
200 201 202 0.4983 0.2283 0.4712 0.9478 0.9466 0.4226 0.9215 0.6114
201 202 203 0.9901 0.3461 0.8200 0.4784 0.6755 0.3158 0.2252 0.6093
202 203 204 0.4151 0.1100 0.2561 0.7769 0.9104 0.8412 0.0252 0.4860
203 204 205 0.9250 0.5371 0.1952 0.1938 0.9627 0.1824 0.3097 0.7820
204 205 206 0.4735 0.6304 0.2683 0.3959 0.0623 0.9778 0.2618 0.5010
205 206 207 0.8935 0.4543 0.9102 0.3718 0.6746 0.7993 0.2395 0.7429
206 207 208 0.9044 0.3307 0.7445 0.9842 0.8326 0.6569 0.8161 0.9622
207 208 209 0.0883 0.5054 0.6584 0.5793 0.6453 0.9206 0.1722 0.2041
208 209 210 0.9208 0.3666 0.2937 0.9180 0.6888 0.5667 0.8570 0.7508
209 210 211 0.6285 0.8345 0.4873 0.7658 0.9626 0.6044 0.7180 0.3138
210 211 212 0.5128 0.1964 0.9040 0.0303 0.5379 0.5747 0.8335 0.4603
211 212 213 0.3495 0.1342 0.3545 0.6909 0.8526 0.4402 0.3302 0.1863
212 213 214 0.0130 0.6506 0.7624 0.4432 0.4925 0.0507 0.7774 0.7133
213 214 215 0.1733 0.5712 0.4492 0.9044 0.5468 0.0921 0.1400 0.5433
214 215 216 0.6292 0.8921 0.2554 0.9986 0.0493 0.8692 0.5518 0.4570
215 216 217 0.1479 0.9581 0.4564 0.8137 0.5964 0.0224 0.7595 0.4768
216 217 218 0.4594 0.0509 0.1561 0.8749 0.8633 0.9729 0.8090 0.7811
217 218 219 0.5737 0.1257 0.5382 0.7103 0.1341 0.0962 0.0917 0.7580
218 219 220 0.9058 0.2712 0.1921 0.0502 0.6842 0.9880 0.7854 0.2938
219 220 221 0.9620 0.9887 0.5186 0.8370 0.5473 0.3029 0.1474 0.1014
220 221 222 0.9973 0.1769 0.9683 0.6992 0.8755 0.7370 0.7474 0.3415
221 222 223 0.4017 0.0808 0.1611 0.0387 0.0039 0.8185 0.7667 0.5464
222 223 224 0.0440 0.2586 0.3217 0.8306 0.6443 0.8396 0.4178 0.4696
223 224 225 0.7675 0.9918 0.2585 0.3302 0.0788 0.8498 0.1573 0.7005
224 225 226 0.0604 0.4965 0.4464 0.0455 0.9265 0.5597 0.6432 0.4118
225 226 227 0.1653 0.4487 0.2790 0.9724 0.5036 0.8124 0.8045 0.0747
226 227 228 0.5184 0.4313 0.9458 0.5655 0.2266 0.0344 0.5408 0.3278
227 228 229 0.6647 0.6965 0.5615 0.9649 0.7863 0.0498 0.6419 0.4588
228 229 230 0.1811 0.7142 0.8304 0.4401 0.5815 0.7676 0.7831 0.4044
229 230 231 0.1399 0.5309 0.2421 0.7480 0.2989 0.5774 0.8921 0.5587
230 231 232 0.8374 0.2618 0.0172 0.0366 0.6879 0.3741 0.5886 0.4790
231 232 233 0.5268 0.4146 0.1140 0.0077 0.2809 0.2871 0.4229 0.0030
232 233 234 0.2636 0.4883 0.7440 0.4025 0.3013 0.0796 0.1110 0.2039
233 234 235 0.8002 0.3080 0.0254 0.2367 0.8770 0.1064 0.5139 0.0585
234 235 236 0.6854 0.8300 0.6783 0.7288 0.9659 0.5935 0.3707 0.2544
235 236 237 0.4204 0.5872 0.4516 0.0481 0.2147 0.6618 0.3654 0.7188
236 237 238 0.0180 0.3809 0.6831 0.0182 0.4165 0.5569 0.9655 0.9586
237 238 239 0.7110 0.2833 0.5125 0.7912 0.2693 0.8175 0.2185 0.7663
238 239 240 0.3568 0.8952 0.0688 0.3373 0.3199 0.6812 0.5362 0.3852
239 240 241 0.7308 0.7954 0.2267 0.9195 0.2546 0.1409 0.5406 0.1956
240 241 242 0.5030 0.9391 0.1934 0.0043 0.3228 0.3244 0.2815 0.7700
241 242 243 0.1191 0.1504 0.4786 0.3790 0.7560 0.7179 0.0935 0.6208
242 243 244 0.3283 0.8722 0.7864 0.9384 0.2380 0.6168 0.0558 0.9787
243 244 245 0.7146 0.6642 0.3198 0.8385 0.6417 0.9974 0.7895 0.9809
244 245 246 0.4053 0.2698 0.3485 0.9479 0.9465 0.6106 0.8403 0.5063
245 246 247 0.2756 0.8876 0.8317 0.4824 0.0239 0.0314 0.9726 0.2316
246 247 248 0.4731 0.9168 0.7639 0.2369 0.9858 0.1676 0.5850 0.1302
247 248 249 0.9103 0.6499 0.6365 0.9619 0.2627 0.6326 0.4265 0.4346
248 249 250 0.1577 0.2067 0.9036 0.4099 0.6467 0.5936 0.5649 0.7159
249 250 251 0.9223 0.0282 0.6419 0.1644 0.3866 0.1804 0.8116 0.6664
250 251 252 0.6495 0.4109 0.3765 0.8791 0.9661 0.8580 0.7808 0.0318
251 252 253 0.3267 0.6470 0.2139 0.0534 0.8283 0.7336 0.6576 0.1561
252 253 254 0.5645 0.3118 0.2746 0.5867 0.9556 0.2722 0.8867 0.2945
253 254 255 0.1470 0.9826 0.5843 0.2238 0.4127 0.0698 0.3394 0.9906
254 255 256 0.8552 0.5840 0.9945 0.1428 0.6523 0.8802 0.2066 0.0188
255 256 257 0.8735 0.9930 0.9673 0.1330 0.1384 0.4723 0.4558 0.4677
256 257 258 0.7364 0.5064 0.5537 0.7841 0.0419 0.6695 0.7632 0.2837
257 258 259 0.8545 0.3260 0.0820 0.0207 0.1763 0.6964 0.9610 0.7641
258 259 260 0.5492 0.7731 0.4840 0.6899 0.3304 0.5377 0.1062 0.8382
259 260 261 0.5347 0.0639 0.6575 0.9095 0.0746 0.9673 0.4627 0.6961
260 261 262 0.6393 0.5755 0.8838 0.4983 0.8224 0.3849 0.3497 0.8529
261 262 263 0.7765 0.1347 0.6997 0.6416 0.7487 0.4065 0.8011 0.8950
262 263 264 0.1994 0.2716 0.7734 0.5140 0.0845 0.2543 0.2683 0.9488
263 264 265 0.6797 0.2145 0.5638 0.3486 0.7140 0.0471 0.3440 0.0976
264 265 266 0.9864 0.2954 0.7017 0.9017 0.8345 0.3778 0.4427 0.6764
265 266 267 0.8278 0.2832 0.2845 0.5182 0.4825 0.5952 0.6986 0.9754
266 267 268 0.7822 0.1561 0.6179 0.0550 0.8120 0.8812 0.7367 0.1084
267 268 269 0.6116 0.0031 0.4679 0.7520 0.5951 0.7767 0.0966 0.4326
268 269 270 0.3686 0.9585 0.8121 0.7998 0.9740 0.3946 0.0417 0.0436
269 270 271 0.8305 0.5778 0.3120 0.5828 0.1054 0.4513 0.4432 0.3446
270 271 272 0.6172 0.8477 0.8243 0.5008 0.0450 0.7133 0.5930 0.9640
271 272 273 0.1970 0.3437 0.3098 0.7329 0.0788 0.4256 0.6146 0.0428
272 273 274 0.3120 0.6789 0.9603 0.9538 0.8098 0.2729 0.5450 0.3357
273 274 275 0.1245 0.4114 0.3010 0.1053 0.6912 0.1315 0.3255 0.4502
274 275 276 0.4041 0.9904 0.4872 0.4208 0.8889 0.9447 0.5307 0.7601
275 276 277 0.1162 0.8181 0.3978 0.4558 0.3386 0.4141 0.7711 0.3098
276 277 278 0.9947 0.5855 0.6347 0.7448 0.1189 0.8791 0.2037 0.0572
277 278 000 0.6667 0.9763 0.5169 0.6425 0.2049 0.0454 0.0365 0.7377
278 000 001 0.2074 0.1523 0.7757 0.2132 0.8869 0.0818 0.8704 0.3727
