279 155682 3 279
000 001 002 0.8612 0.0817 0.3057 0.5820 0.8399 0.5305 0.5906 0.0705
001 002 003 0.5715 0.7553 0.6817 0.1519 0.2111 0.4249 0.5917 0.5268
002 003 004 0.2398 0.1702 0.7134 0.9558 0.1856 0.6875 0.9649 0.4427
003 004 005 0.6718 0.3359 0.9007 0.0358 0.4789 0.7798 0.1709 0.7124
004 005 006 0.1185 0.9212 0.0364 0.8146 0.1291 0.5050 0.9479 0.5085
005 006 007 0.3211 0.5242 0.4972 0.9493 0.4048 0.4179 0.3415 0.7312
006 007 008 0.2260 0.8574 0.3538 0.5659 0.8580 0.8478 0.3003 0.3145
007 008 009 0.9550 0.9273 0.2368 0.8266 0.9569 0.8262 0.0920 0.7195
008 009 010 0.5597 0.8940 0.3844 0.2411 0.9862 0.1141 0.4971 0.3827
009 010 011 0.1634 0.9092 0.9367 0.5540 0.2204 0.9779 0.3790 0.6548
010 011 012 0.3452 0.2898 0.9117 0.2214 0.1201 0.8468 0.9497 0.3789
011 012 013 0.2225 0.4046 0.5108 0.2706 0.0446 0.8704 0.8496 0.5376
012 013 014 0.1066 0.7912 0.8577 0.2600 0.9809 0.6603 0.2783 0.1497
013 014 015 0.8353 0.3920 0.7032 0.2160 0.0639 0.5856 0.6854 0.8614
014 015 016 0.9579 0.6371 0.9533 0.1088 0.5116 0.9110 0.8029 0.4836
015 016 017 0.3511 0.7251 0.0196 0.2037 0.5573 0.2866 0.7011 0.8706
016 017 018 0.5098 0.7308 0.1092 0.5431 0.1882 0.0435 0.3341 0.7541
017 018 019 0.8111 0.5954 0.6911 0.1945 0.2424 0.9639 0.5456 0.4995
018 019 020 0.7466 0.9806 0.9594 0.2466 0.3461 0.5872 0.7179 0.4773
019 020 021 0.5360 0.7924 0.1015 0.3785 0.5523 0.3626 0.3608 0.4559
020 021 022 0.8902 0.9604 0.0870 0.5980 0.5030 0.5600 0.2482 0.3617
021 022 023 0.3249 0.2862 0.7341 0.7388 0.3905 0.2292 0.3329 0.0545
022 023 024 0.9731 0.5597 0.2515 0.5942 0.9437 0.0919 0.3252 0.8710
023 024 025 0.8930 0.9439 0.8038 0.4964 0.3418 0.9757 0.1793 0.7780
024 025 026 0.7837 0.5607 0.0207 0.3250 0.9789 0.0134 0.0022 0.9430
025 026 027 0.4554 0.4861 0.9520 0.0704 0.6954 0.8058 0.0444 0.2397
026 027 028 0.4009 0.5315 0.7076 0.8372 0.4197 0.7652 0.2816 0.6677
027 028 029 0.5846 0.3673 0.0676 0.8189 0.3360 0.2212 0.2233 0.1844
028 029 030 0.7867 0.9742 0.4461 0.7057 0.8071 0.9284 0.0216 0.6615
029 030 031 0.5712 0.1363 0.7055 0.2108 0.2435 0.7784 0.5977 0.5731
030 031 032 0.8129 0.8952 0.4939 0.4567 0.3556 0.4516 0.7039 0.5130
031 032 033 0.3240 0.0444 0.6010 0.1403 0.6719 0.0051 0.0767 0.4325
032 033 034 0.8765 0.9009 0.8465 0.4478 0.4641 0.6292 0.1544 0.6727
033 034 035 0.0588 0.9830 0.0717 0.6079 0.6317 0.8510 0.7209 0.0422
034 035 036 0.7874 0.3624 0.1521 0.8633 0.4591 0.0358 0.3341 0.2708
035 036 037 0.0536 0.3612 0.2593 0.7381 0.4119 0.8200 0.6619 0.6526
036 037 038 0.6309 0.3858 0.7258 0.0657 0.1745 0.7027 0.1662 0.1178
037 038 039 0.1873 0.7524 0.5138 0.7453 0.2241 0.1043 0.5580 0.8010
038 039 040 0.7180 0.2013 0.2280 0.3168 0.2765 0.8131 0.0097 0.1589
039 040 041 0.4617 0.8671 0.3014 0.1888 0.5560 0.1351 0.3264 0.1242
040 041 042 0.8587 0.2995 0.6266 0.2478 0.5111 0.3234 0.3460 0.8342
041 042 043 0.6898 0.5549 0.8949 0.7018 0.1558 0.2756 0.4603 0.2641
042 043 044 0.5557 0.4936 0.6955 0.7844 0.0385 0.6462 0.2880 0.7348
043 044 045 0.3733 0.9313 0.7194 0.1018 0.1732 0.8258 0.5030 0.8578
044 045 046 0.0740 0.5639 0.0351 0.0260 0.0702 0.2633 0.5831 0.0027
045 046 047 0.8656 0.7845 0.8725 0.3578 0.3974 0.1912 0.2174 0.0105
046 047 048 0.0523 0.2311 0.0436 0.8596 0.4504 0.1311 0.2833 0.4899
047 048 049 0.0969 0.9712 0.8640 0.0092 0.3764 0.2599 0.3597 0.3688
048 049 050 0.3675 0.5740 0.7039 0.5983 0.6908 0.5559 0.6489 0.8635
049 050 051 0.4857 0.4039 0.4049 0.4828 0.2534 0.0864 0.4619 0.7244
050 051 052 0.3860 0.8046 0.2050 0.2637 0.0645 0.1828 0.5003 0.3910
051 052 053 0.1365 0.8145 0.3375 0.6600 0.0747 0.4773 0.6367 0.1264
052 053 054 0.7085 0.1784 0.6113 0.4822 0.8340 0.4414 0.6894 0.6806
053 054 055 0.3847 0.9458 0.7920 0.5486 0.1728 0.9915 0.4767 0.1563
054 055 056 0.6591 0.0343 0.3062 0.4803 0.8274 0.7853 0.9120 0.7829
055 056 057 0.3651 0.0700 0.8022 0.0056 0.4533 0.4294 0.4613 0.3683
056 057 058 0.5907 0.3531 0.2796 0.5414 0.3165 0.3175 0.9275 0.4317
057 058 059 0.3307 0.4510 0.2637 0.8606 0.3843 0.5906 0.6948 0.2034
058 059 060 0.6352 0.5188 0.3980 0.8636 0.7492 0.5554 0.9026 0.5741
059 060 061 0.2126 0.6159 0.2190 0.6895 0.8929 0.5885 0.9756 0.9929
060 061 062 0.1837 0.0020 0.1820 0.4370 0.7988 0.8424 0.0874 0.2835
061 062 063 0.9162 0.2737 0.0334 0.2112 0.2818 0.3526 0.0456 0.8395
062 063 064 0.7684 0.6035 0.3422 0.2071 0.6277 0.8641 0.4280 0.0015
063 064 065 0.0238 0.9734 0.0523 0.9893 0.0934 0.7235 0.2676 0.1476
064 065 066 0.6686 0.7058 0.3211 0.3982 0.3078 0.2299 0.4571 0.6933
065 066 067 0.5045 0.4365 0.3124 0.7825 0.4891 0.8401 0.7186 0.3290
066 067 068 0.3634 0.2211 0.4991 0.2553 0.1493 0.5834 0.8935 0.0124
067 068 069 0.3848 0.0289 0.1202 0.1008 0.1873 0.3644 0.6861 0.3820
068 069 070 0.9256 0.4917 0.4747 0.5486 0.2541 0.9181 0.3400 0.1295
069 070 071 0.9131 0.9839 0.4078 0.2731 0.7459 0.4982 0.2326 0.7384
070 071 072 0.4703 0.7675 0.1402 0.4840 0.5467 0.9529 0.1193 0.7608
071 072 073 0.2741 0.4170 0.1768 0.0732 0.7647 0.3451 0.6326 0.7741
072 073 074 0.5533 0.8736 0.3745 0.1919 0.3017 0.3000 0.2296 0.3045
073 074 075 0.5118 0.5833 0.9233 0.1077 0.8014 0.8281 0.7558 0.7183
074 075 076 0.6299 0.9100 0.8969 0.0970 0.7140 0.2588 0.5618 0.7452
075 076 077 0.4885 0.5302 0.6813 0.6168 0.6701 0.7231 0.3272 0.4022
076 077 078 0.9094 0.2216 0.7823 0.4687 0.1698 0.0538 0.5962 0.3255
077 078 079 0.1779 0.2036 0.5146 0.5568 0.5474 0.6591 0.4364 0.4767
078 079 080 0.3554 0.8338 0.9783 0.1486 0.5365 0.7783 0.0343 0.9705
079 080 081 0.0902 0.5747 0.1553 0.3738 0.5943 0.4111 0.3064 0.7579
080 081 082 0.3645 0.6001 0.0624 0.4473 0.6924 0.8348 0.9389 0.6668
081 082 083 0.8588 0.1707 0.0748 0.4853 0.0302 0.0208 0.1827 0.9606
082 083 084 0.2011 0.6818 0.1686 0.4890 0.9811 0.3021 0.1064 0.4732
083 084 085 0.8251 0.5224 0.4218 0.7195 0.0781 0.6042 0.5291 0.8832
084 085 086 0.4609 0.4856 0.5978 0.7858 0.7412 0.9253 0.7295 0.5426
085 086 087 0.6183 0.9065 0.8362 0.8078 0.0896 0.6938 0.5250 0.0855
086 087 088 0.2492 0.1706 0.7352 0.1985 0.1176 0.0451 0.3575 0.5269
087 088 089 0.8935 0.9242 0.5780 0.6317 0.8991 0.8819 0.2509 0.7553
088 089 090 0.1801 0.6779 0.0498 0.8188 0.9867 0.4830 0.1180 0.9825
089 090 091 0.1518 0.9091 0.8141 0.7563 0.8663 0.4884 0.8794 0.4604
090 091 092 0.5190 0.3014 0.6960 0.1891 0.1244 0.4427 0.5427 0.8944
091 092 093 0.7065 0.4521 0.6812 0.4962 0.2943 0.9321 0.0169 0.5189
092 093 094 0.0173 0.9332 0.8249 0.7518 0.9572 0.3299 0.6505 0.6919
093 094 095 0.7468 0.0874 0.8981 0.0497 0.1312 0.7514 0.5886 0.2192
094 095 096 0.0625 0.5539 0.2398 0.7633 0.1132 0.8290 0.9854 0.1956
095 096 097 0.3731 0.5855 0.4496 0.5063 0.7606 0.7523 0.3478 0.5587
096 097 098 0.5715 0.2840 0.1144 0.6494 0.0436 0.6431 0.1564 0.6243
097 098 099 0.2675 0.4842 0.7975 0.2160 0.9422 0.1246 0.4953 0.2021
098 099 100 0.8992 0.7631 0.8586 0.7403 0.2292 0.2537 0.9008 0.5945
099 100 101 0.3360 0.3318 0.4322 0.6253 0.5935 0.2188 0.0673 0.8802
100 101 102 0.7598 0.8024 0.4101 0.7018 0.1411 0.1707 0.9254 0.4447
101 102 103 0.9445 0.6071 0.1203 0.8711 0.5458 0.3788 0.4507 0.3212
102 103 104 0.1371 0.3541 0.9917 0.2441 0.2170 0.0893 0.5572 0.6006
103 104 105 0.4799 0.8403 0.8449 0.5536 0.7876 0.0508 0.5821 0.7808
104 105 106 0.0619 0.2214 0.2373 0.3952 0.7106 0.3620 0.1643 0.6703
105 106 107 0.3034 0.0200 0.9263 0.7324 0.0512 0.4902 0.6358 0.2466
106 107 108 0.2562 0.2705 0.6324 0.0846 0.3970 0.4983 0.0869 0.4581
107 108 109 0.6402 0.9374 0.2229 0.0274 0.1570 0.7952 0.3788 0.8576
108 109 110 0.6966 0.8718 0.0824 0.3383 0.1624 0.3250 0.7087 0.1820
109 110 111 0.8560 0.9136 0.8167 0.7182 0.0157 0.8789 0.7690 0.2367
110 111 112 0.4665 0.1578 0.3827 0.1248 0.5303 0.5586 0.1304 0.2767
111 112 113 0.1943 0.6520 0.7873 0.5661 0.7753 0.7049 0.0693 0.0558
112 113 114 0.4908 0.2239 0.8087 0.0284 0.5779 0.9656 0.7166 0.4121
113 114 115 0.6822 0.1859 0.1077 0.2584 0.1440 0.9329 0.1220 0.1038
114 115 116 0.6142 0.9491 0.8733 0.8735 0.5374 0.3783 0.2140 0.5372
115 116 117 0.9351 0.3107 0.9849 0.1520 0.7745 0.9603 0.8067 0.2016
116 117 118 0.5422 0.5089 0.0397 0.0390 0.3678 0.2200 0.7637 0.0513
117 118 119 0.3078 0.7825 0.5045 0.1033 0.6203 0.3259 0.3847 0.9166
118 119 120 0.7055 0.4186 0.8474 0.7582 0.6208 0.2159 0.4734 0.5712
119 120 121 0.5933 0.8970 0.8665 0.4780 0.5338 0.5123 0.0081 0.9207
120 121 122 0.7209 0.9823 0.6588 0.8906 0.2053 0.7726 0.1855 0.1239
121 122 123 0.2397 0.8852 0.7749 0.1776 0.8666 0.0011 0.3966 0.1773
122 123 124 0.5663 0.3090 0.9054 0.5331 0.0549 0.3103 0.1621 0.0728
123 124 125 0.0416 0.8812 0.9157 0.1427 0.7481 0.4625 0.7117 0.9661
124 125 126 0.3603 0.2787 0.4502 0.7814 0.7581 0.0873 0.2635 0.3822
125 126 127 0.4137 0.8216 0.1663 0.1840 0.6476 0.9619 0.5758 0.3458
126 127 128 0.9938 0.4517 0.6477 0.1894 0.7607 0.0915 0.1508 0.8263
127 128 129 0.5104 0.7033 0.3328 0.9145 0.6868 0.1620 0.9059 0.3565
128 129 130 0.6866 0.6825 0.7739 0.8283 0.3991 0.0147 0.6294 0.6717
129 130 131 0.2570 0.5629 0.9300 0.4582 0.2501 0.2383 0.8764 0.5606
130 131 132 0.4753 0.1604 0.3597 0.3482 0.8739 0.8666 0.9648 0.2998
131 132 133 0.8557 0.9274 0.5164 0.6443 0.1189 0.4020 0.2527 0.4925
132 133 134 0.9167 0.9984 0.3130 0.2304 0.6628 0.2977 0.1746 0.6664
133 134 135 0.0843 0.7135 0.8185 0.8618 0.9091 0.2594 0.1164 0.0516
134 135 136 0.3660 0.1355 0.3673 0.9157 0.0013 0.2030 0.6401 0.2663
135 136 137 0.5268 0.8112 0.3390 0.3024 0.2211 0.9483 0.7186 0.6557
136 137 138 0.1806 0.1752 0.9898 0.5113 0.9317 0.2008 0.4094 0.8979
137 138 139 0.0775 0.1283 0.9417 0.7332 0.5151 0.5444 0.1161 0.9487
138 139 140 0.3145 0.5270 0.1879 0.5899 0.0617 0.0408 0.8557 0.3772
139 140 141 0.0300 0.3297 0.8937 0.0057 0.5226 0.1792 0.7780 0.6297
140 141 142 0.1548 0.2844 0.1467 0.7072 0.3495 0.5285 0.9945 0.9948
141 142 143 0.1815 0.5392 0.0364 0.8967 0.4365 0.8981 0.8732 0.1611
142 143 144 0.0193 0.6044 0.8192 0.7981 0.9218 0.5174 0.5663 0.8124
143 144 145 0.9891 0.2012 0.9303 0.3893 0.8391 0.6596 0.8918 0.9065
144 145 146 0.6654 0.6624 0.0465 0.9556 0.4735 0.6334 0.4784 0.0901
145 146 147 0.1554 0.2140 0.7329 0.8462 0.4857 0.3162 0.8410 0.7771
146 147 148 0.8929 0.0979 0.2528 0.8950 0.9167 0.4261 0.5768 0.7727
147 148 149 0.2676 0.5228 0.0633 0.2570 0.3945 0.6587 0.4215 0.2047
148 149 150 0.3025 0.7788 0.2818 0.1927 0.3860 0.2379 0.6459 0.9523
149 150 151 0.8305 0.9393 0.0093 0.1486 0.4008 0.2224 0.0486 0.8080
150 151 152 0.8780 0.4697 0.2647 0.2645 0.1511 0.4383 0.6659 0.0237
151 152 153 0.0549 0.2867 0.8057 0.6148 0.5740 0.0681 0.2771 0.1761
152 153 154 0.4893 0.6132 0.3372 0.5271 0.1090 0.0897 0.8770 0.8777
153 154 155 0.3275 0.7966 0.2073 0.9720 0.9179 0.2746 0.3939 0.9192
154 155 156 0.8543 0.3887 0.8288 0.1703 0.0025 0.3959 0.2360 0.0891
155 156 157 0.3663 0.0199 0.1655 0.9247 0.1153 0.3655 0.4026 0.2154
156 157 158 0.1460 0.8266 0.5409 0.3172 0.1245 0.7922 0.9171 0.0438
157 158 159 0.5379 0.9552 0.4272 0.2943 0.6131 0.8592 0.3118 0.1945
158 159 160 0.0452 0.1792 0.9567 0.5058 0.8344 0.5204 0.2249 0.7510
159 160 161 0.1057 0.1365 0.8617 0.6529 0.6439 0.9625 0.6944 0.3093
160 161 162 0.1028 0.3824 0.7198 0.9493 0.0520 0.9480 0.9918 0.7921
161 162 163 0.7541 0.1193 0.4347 0.3255 0.4290 0.2859 0.8323 0.9471
162 163 164 0.2853 0.1513 0.5739 0.0887 0.0993 0.2460 0.0568 0.4229
163 164 165 0.1087 0.4248 0.7809 0.0785 0.1663 0.1359 0.5902 0.7791
164 165 166 0.8497 0.3381 0.1839 0.8961 0.6728 0.7157 0.4706 0.9701
165 166 167 0.9722 0.5824 0.1495 0.3254 0.7658 0.8427 0.7540 0.6737
166 167 168 0.0267 0.3603 0.1731 0.7932 0.5835 0.4152 0.9224 0.3312
167 168 169 0.4697 0.2996 0.0790 0.7861 0.8697 0.5907 0.2662 0.3667
168 169 170 0.9953 0.3262 0.5855 0.6532 0.4426 0.5989 0.0677 0.6308
169 170 171 0.5406 0.9307 0.8298 0.2500 0.1291 0.9021 0.4117 0.1609
170 171 172 0.4032 0.4951 0.5743 0.5542 0.1289 0.8543 0.4885 0.7709
171 172 173 0.3813 0.1010 0.8635 0.6715 0.3538 0.0696 0.0132 0.3133
172 173 174 0.9975 0.6866 0.7972 0.1068 0.1534 0.1496 0.5678 0.8475
173 174 175 0.0762 0.8319 0.4247 0.3366 0.7952 0.7920 0.8975 0.2759
174 175 176 0.0887 0.4125 0.2355 0.7768 0.2167 0.7643 0.7447 0.2333
175 176 177 0.3673 0.3219 0.5958 0.3524 0.3149 0.7244 0.8178 0.0541
176 177 178 0.3935 0.3148 0.0898 0.4146 0.2570 0.0590 0.0078 0.4880
177 178 179 0.7219 0.7337 0.6228 0.7046 0.4785 0.7362 0.5567 0.4569
178 179 180 0.6432 0.2543 0.3732 0.1685 0.0228 0.8215 0.6834 0.1802
179 180 181 0.9851 0.6728 0.2544 0.5436 0.8637 0.8817 0.1769 0.7023
180 181 182 0.7675 0.4290 0.1167 0.5715 0.7473 0.2305 0.2331 0.4989
181 182 183 0.0658 0.2275 0.1010 0.8537 0.1151 0.6478 0.2342 0.6311
182 183 184 0.2509 0.7220 0.6810 0.3867 0.4183 0.6206 0.9953 0.8007
183 184 185 0.5706 0.7464 0.6197 0.1697 0.7211 0.6729 0.6255 0.5426
184 185 186 0.4960 0.2998 0.5035 0.2222 0.8170 0.8312 0.2765 0.6972
185 186 187 0.4454 0.1731 0.6860 0.7985 0.8957 0.9963 0.2776 0.8157
186 187 188 0.8868 0.0384 0.7053 0.4141 0.0789 0.4677 0.7485 0.1192
187 188 189 0.9474 0.2826 0.1254 0.9515 0.2638 0.0093 0.0024 0.2498
188 189 190 0.9346 0.3708 0.2635 0.7059 0.1763 0.5847 0.4340 0.4829
189 190 191 0.5728 0.1843 0.3474 0.9099 0.2910 0.5766 0.7812 0.8260
190 191 192 0.3571 0.0688 0.0633 0.6297 0.8564 0.1561 0.5414 0.9223
191 192 193 0.0010 0.4743 0.4855 0.6612 0.3447 0.4483 0.3803 0.2264
192 193 194 0.4821 0.5102 0.4953 0.7863 0.9003 0.7588 0.2662 0.3910
193 194 195 0.8604 0.3551 0.5563 0.4003 0.7721 0.3185 0.4287 0.8268
194 195 196 0.0373 0.7256 0.9877 0.6321 0.4342 0.9584 0.2363 0.9835
195 196 197 0.5469 0.1570 0.2470 0.1510 0.4438 0.6702 0.5839 0.1905
196 197 198 0.6785 0.7565 0.2270 0.2669 0.3150 0.0722 0.8585 0.7780
197 198 199 0.1646 0.0732 0.0744 0.5258 0.8212 0.1393 0.6841 0.2915
198 199 200 0.9836 0.0269 0.5331 0.4373 0.9337 0.5111 0.3399 0.9383
199 200 201 0.7926 0.7941 0.7250 0.1725 0.0744 0.2263 0.9179 0.8757
200 201 202 0.7050 0.8952 0.5533 0.6354 0.3517 0.0958 0.4148 0.3194
201 202 203 0.7447 0.1394 0.2263 0.5479 0.6111 0.2188 0.3436 0.8633
202 203 204 0.7203 0.1203 0.6877 0.3210 0.6655 0.6322 0.1108 0.7063
203 204 205 0.4271 0.9624 0.5750 0.4213 0.0741 0.5179 0.8962 0.9989
204 205 206 0.3934 0.7512 0.5456 0.2995 0.6277 0.7770 0.0282 0.3749
205 206 207 0.8895 0.7838 0.2643 0.6679 0.8586 0.0778 0.2669 0.5732
206 207 208 0.5393 0.6188 0.0750 0.1657 0.2242 0.8647 0.2855 0.2508
207 208 209 0.6138 0.5252 0.8475 0.7781 0.0505 0.8375 0.3731 0.7612
208 209 210 0.5549 0.9363 0.5369 0.3164 0.0792 0.5614 0.3607 0.4775
209 210 211 0.9242 0.3987 0.9413 0.0742 0.5257 0.6451 0.9116 0.5635
210 211 212 0.1979 0.2445 0.5228 0.8715 0.5472 0.7462 0.8430 0.8553
211 212 213 0.0842 0.6492 0.5110 0.0920 0.4577 0.1856 0.5838 0.4406
212 213 214 0.6462 0.0412 0.4969 0.4019 0.6002 0.0441 0.5997 0.8090
213 214 215 0.5419 0.6994 0.3755 0.1823 0.6745 0.6159 0.3775 0.2158
214 215 216 0.2304 0.9246 0.4807 0.3668 0.0382 0.3939 0.3214 0.4836
215 216 217 0.2948 0.8708 0.9620 0.4702 0.2046 0.8024 0.0118 0.2943
216 217 218 0.8016 0.7222 0.2381 0.3203 0.7777 0.5842 0.9537 0.0830
217 218 219 0.0403 0.0033 0.9171 0.7470 0.2539 0.1729 0.5224 0.7276
218 219 220 0.5273 0.6466 0.5856 0.1179 0.7312 0.6220 0.7918 0.4574
219 220 221 0.6027 0.8967 0.1428 0.5570 0.6260 0.0509 0.0345 0.2521
220 221 222 0.0012 0.7307 0.2420 0.0623 0.5949 0.4303 0.9133 0.1378
221 222 223 0.7087 0.6187 0.3336 0.7442 0.4033 0.6161 0.3646 0.2002
222 223 224 0.8206 0.3120 0.0130 0.1368 0.5130 0.5616 0.7719 0.7835
223 224 225 0.6682 0.3572 0.7202 0.9944 0.8876 0.2293 0.1462 0.1277
224 225 226 0.1685 0.8406 0.2359 0.6370 0.3458 0.5105 0.1604 0.1379
225 226 227 0.2049 0.4327 0.8012 0.8863 0.8989 0.7213 0.2425 0.9338
226 227 228 0.6645 0.9075 0.8828 0.2024 0.6273 0.0134 0.0847 0.6918
227 228 229 0.9882 0.6265 0.3345 0.0020 0.2574 0.9630 0.0435 0.6399
228 229 230 0.6333 0.1699 0.2066 0.2052 0.7477 0.6543 0.6873 0.9854
229 230 231 0.6670 0.0674 0.9779 0.2806 0.9386 0.5091 0.0718 0.9323
230 231 232 0.5958 0.6789 0.8724 0.9797 0.9619 0.3876 0.1094 0.9616
231 232 233 0.6129 0.9037 0.3615 0.1212 0.0836 0.3050 0.7355 0.4128
232 233 234 0.1916 0.2836 0.7646 0.5047 0.7679 0.5598 0.5544 0.8895
233 234 235 0.5564 0.0807 0.7060 0.8445 0.7384 0.4534 0.9028 0.5497
234 235 236 0.7003 0.8295 0.3473 0.9773 0.3139 0.0420 0.7148 0.6120
235 236 237 0.3517 0.0928 0.0717 0.9983 0.2137 0.9129 0.9669 0.5281
236 237 238 0.1264 0.4368 0.7007 0.9425 0.2463 0.4879 0.7715 0.2804
237 238 239 0.7626 0.2191 0.9318 0.1101 0.6137 0.5161 0.5297 0.3398
238 239 240 0.0286 0.6502 0.7910 0.4897 0.4107 0.8820 0.4566 0.9532
239 240 241 0.0179 0.6724 0.4080 0.8723 0.1188 0.5609 0.0678 0.6678
240 241 242 0.8838 0.2529 0.0325 0.7840 0.8002 0.0305 0.5287 0.6221
241 242 243 0.2338 0.6789 0.4339 0.8157 0.3378 0.9636 0.3846 0.7980
242 243 244 0.1435 0.8176 0.1286 0.7995 0.0294 0.7378 0.4197 0.3583
243 244 245 0.3516 0.7157 0.6503 0.8208 0.9767 0.3273 0.9007 0.7459
244 245 246 0.1424 0.2257 0.3041 0.9659 0.7136 0.6749 0.8764 0.5811
245 246 247 0.6115 0.5255 0.9867 0.8617 0.1986 0.6202 0.3597 0.6618
246 247 248 0.7611 0.1866 0.6674 0.5459 0.4862 0.6045 0.6319 0.5022
247 248 249 0.6961 0.9761 0.1264 0.4892 0.2171 0.4265 0.6536 0.6593
248 249 250 0.8611 0.2702 0.4607 0.3891 0.0834 0.6120 0.9067 0.2478
249 250 251 0.4357 0.0969 0.8354 0.2298 0.9288 0.9819 0.3758 0.8969
250 251 252 0.9371 0.5984 0.0484 0.7922 0.6103 0.9927 0.7993 0.5741
251 252 253 0.8861 0.3970 0.5152 0.8611 0.8719 0.1544 0.6112 0.2379
252 253 254 0.5927 0.4002 0.4132 0.4052 0.9643 0.1329 0.2092 0.0008
253 254 255 0.2066 0.6730 0.7856 0.0464 0.9710 0.2924 0.0806 0.2612
254 255 256 0.5936 0.8652 0.9100 0.0448 0.4714 0.1175 0.1899 0.7804
255 256 257 0.3616 0.5813 0.3194 0.3397 0.5815 0.3729 0.9026 0.9363
256 257 258 0.2507 0.3377 0.0259 0.8340 0.0181 0.1345 0.4214 0.5256
257 258 259 0.7040 0.7759 0.4137 0.9219 0.8689 0.8556 0.5749 0.1855
258 259 260 0.1702 0.0788 0.7829 0.5379 0.7516 0.5028 0.3355 0.1970
259 260 261 0.2671 0.5351 0.7759 0.1361 0.2973 0.6422 0.0661 0.6699
260 261 262 0.7606 0.7087 0.1117 0.3129 0.7929 0.8475 0.8502 0.8609
261 262 263 0.8112 0.0170 0.6762 0.8659 0.7369 0.2521 0.7926 0.7871
262 263 264 0.5252 0.6114 0.9088 0.4354 0.3468 0.8092 0.3770 0.1392
263 264 265 0.2873 0.7260 0.2925 0.9856 0.7825 0.0687 0.3595 0.4101
264 265 266 0.1209 0.3926 0.6486 0.4177 0.4942 0.8879 0.0689 0.9485
265 266 267 0.5343 0.4813 0.0839 0.2380 0.0478 0.1706 0.1291 0.4609
266 267 268 0.4630 0.7630 0.1276 0.9696 0.1709 0.5853 0.3137 0.3432
267 268 269 0.1977 0.0168 0.2139 0.0838 0.5873 0.1599 0.6527 0.7078
268 269 270 0.8806 0.1552 0.3049 0.7480 0.8901 0.6724 0.5071 0.3065
269 270 271 0.5087 0.3770 0.0075 0.6480 0.2221 0.8532 0.1271 0.4695
270 271 272 0.1584 0.5207 0.1880 0.3888 0.4191 0.0217 0.8923 0.5496
271 272 273 0.6640 0.6529 0.4976 0.8536 0.5953 0.3937 0.8650 0.3531
272 273 274 0.1169 0.7805 0.4057 0.0395 0.0556 0.6333 0.7285 0.7708
273 274 275 0.5376 0.4153 0.7720 0.1844 0.1448 0.9736 0.9997 0.8598
274 275 276 0.0298 0.1768 0.0745 0.6361 0.4230 0.4499 0.9916 0.9904
275 276 277 0.7850 0.9805 0.0005 0.5725 0.3134 0.5942 0.5483 0.2353
276 277 278 0.6697 0.2994 0.9375 0.5969 0.6775 0.3529 0.9974 0.6992
277 278 000 0.9982 0.7214 0.9623 0.1583 0.4814 0.6112 0.6802 0.2943
278 000 001 0.4810 0.5982 0.8655 0.9938 0.0285 0.8563 0.6649 0.0407
