279 155682 3 279
000 001 002 0.6246 0.9101 0.0486 0.5258 0.5191 0.6430 0.9597 0.1260
001 002 003 0.2434 0.3126 0.8163 0.7419 0.5508 0.0355 0.4729 0.3620
002 003 004 0.0900 0.2921 0.4973 0.5287 0.6228 0.2728 0.0223 0.4625
003 004 005 0.8069 0.0366 0.1837 0.3754 0.5028 0.1549 0.1461 0.1566
004 005 006 0.9751 0.4521 0.3793 0.2326 0.8631 0.8030 0.3154 0.7349
005 006 007 0.3764 0.3616 0.2904 0.0698 0.9893 0.9945 0.8343 0.7820
006 007 008 0.4757 0.5957 0.0334 0.9199 0.9459 0.3734 0.4904 0.5714
007 008 009 0.1467 0.0496 0.1111 0.6062 0.2885 0.0878 0.6498 0.5941
008 009 010 0.9215 0.0639 0.4042 0.2163 0.3009 0.7888 0.5011 0.0058
009 010 011 0.8813 0.6112 0.2737 0.5487 0.9851 0.3681 0.6699 0.7865
010 011 012 0.9554 0.7492 0.3988 0.2131 0.4040 0.8246 0.7915 0.5673
011 012 013 0.6037 0.3857 0.4212 0.7625 0.9369 0.5058 0.9060 0.4050
012 013 014 0.5088 0.0266 0.9575 0.3334 0.8931 0.4509 0.5063 0.1700
013 014 015 0.5729 0.4785 0.1888 0.8488 0.6215 0.9238 0.5134 0.9874
014 015 016 0.5269 0.5409 0.6734 0.4998 0.9330 0.4851 0.9107 0.4896
015 016 017 0.2622 0.5772 0.2783 0.4715 0.0600 0.8557 0.4401 0.3825
016 017 018 0.6443 0.8204 0.2755 0.8949 0.1624 0.0459 0.1520 0.4172
017 018 019 0.8408 0.3586 0.4590 0.9209 0.1631 0.3313 0.3405 0.1208
018 019 020 0.0843 0.6671 0.2822 0.4185 0.0138 0.6306 0.6985 0.5611
019 020 021 0.5232 0.1363 0.1643 0.6499 0.1277 0.8896 0.8211 0.2352
020 021 022 0.1247 0.5870 0.6224 0.7297 0.5682 0.6567 0.2312 0.3080
021 022 023 0.0665 0.8214 0.5836 0.6789 0.7752 0.3356 0.4002 0.1264
022 023 024 0.5615 0.9265 0.3966 0.7663 0.6624 0.4859 0.3516 0.2277
023 024 025 0.9379 0.4346 0.9011 0.1988 0.6991 0.7601 0.6030 0.9317
024 025 026 0.7347 0.0602 0.6906 0.9222 0.9514 0.2408 0.2486 0.7100
025 026 027 0.3961 0.1227 0.4217 0.8037 0.4058 0.9698 0.6361 0.5982
026 027 028 0.9810 0.9621 0.2561 0.6065 0.5363 0.0127 0.1520 0.6737
027 028 029 0.2289 0.0837 0.9323 0.1259 0.1014 0.8216 0.9410 0.5911
028 029 030 0.3187 0.2481 0.8888 0.9505 0.7717 0.0352 0.0179 0.7535
029 030 031 0.7073 0.2449 0.7965 0.5705 0.9950 0.8158 0.6692 0.5850
030 031 032 0.3527 0.0113 0.6321 0.0260 0.4448 0.4062 0.1755 0.0565
031 032 033 0.7294 0.3071 0.9568 0.8439 0.1422 0.9407 0.4255 0.4185
032 033 034 0.5714 0.9518 0.2266 0.4884 0.1188 0.2718 0.0972 0.6392
033 034 035 0.4986 0.2115 0.2221 0.6758 0.7814 0.6250 0.8782 0.0525
034 035 036 0.8341 0.1540 0.8873 0.8415 0.7874 0.9806 0.6987 0.8951
035 036 037 0.9319 0.7667 0.5166 0.3266 0.5768 0.1040 0.1040 0.1327
036 037 038 0.2182 0.2612 0.0035 0.2941 0.1503 0.7822 0.3452 0.7524
037 038 039 0.1781 0.6905 0.1052 0.0082 0.2203 0.8807 0.1362 0.7585
038 039 040 0.4819 0.2563 0.1542 0.7965 0.7445 0.8333 0.0765 0.1539
039 040 041 0.7750 0.0183 0.1888 0.1622 0.2565 0.6810 0.7504 0.3185
040 041 042 0.6244 0.2378 0.9314 0.0199 0.0062 0.0950 0.0028 0.6142
041 042 043 0.6015 0.8944 0.4498 0.0687 0.7316 0.2612 0.6495 0.0533
042 043 044 0.9065 0.2879 0.1556 0.6288 0.0278 0.7917 0.3018 0.8468
043 044 045 0.6806 0.5503 0.4457 0.9373 0.8868 0.1791 0.1480 0.8119
044 045 046 0.2558 0.4631 0.5407 0.9974 0.9616 0.5677 0.7057 0.5921
045 046 047 0.5552 0.5280 0.5714 0.1644 0.9756 0.9242 0.3233 0.4590
046 047 048 0.9360 0.2602 0.9136 0.3828 0.9086 0.7072 0.4758 0.4060
047 048 049 0.0814 0.9659 0.3010 0.7982 0.1874 0.5312 0.1836 0.1780
048 049 050 0.8330 0.7619 0.6970 0.4872 0.8959 0.5971 0.8844 0.4077
049 050 051 0.7781 0.8367 0.6323 0.0145 0.1767 0.1978 0.4613 0.5649
050 051 052 0.5227 0.9726 0.5367 0.3650 0.6256 0.8633 0.9908 0.8495
051 052 053 0.3958 0.3763 0.0790 0.7168 0.8253 0.2920 0.3011 0.3800
052 053 054 0.8060 0.9791 0.6624 0.8522 0.9578 0.0098 0.3664 0.3982
053 054 055 0.6298 0.0172 0.2404 0.5500 0.6485 0.4356 0.7668 0.6577
054 055 056 0.2756 0.5192 0.7082 0.9852 0.6527 0.7818 0.2174 0.2361
055 056 057 0.7603 0.0640 0.3505 0.1006 0.4844 0.2591 0.3121 0.2952
056 057 058 0.1588 0.9286 0.8650 0.1914 0.5226 0.5028 0.5411 0.6772
057 058 059 0.8154 0.2197 0.4732 0.3526 0.1091 0.3793 0.2464 0.2047
058 059 060 0.3106 0.6744 0.9314 0.3122 0.4873 0.9601 0.4084 0.7624
059 060 061 0.9084 0.3538 0.8522 0.3169 0.3693 0.5440 0.9495 0.1973
060 061 062 0.9263 0.3362 0.0846 0.6099 0.5063 0.5848 0.9401 0.1886
061 062 063 0.2518 0.7487 0.5771 0.5568 0.5647 0.9256 0.9075 0.2259
062 063 064 0.4703 0.4258 0.6915 0.9278 0.3469 0.8791 0.0803 0.6464
063 064 065 0.0053 0.4765 0.6459 0.9991 0.4918 0.5799 0.2086 0.7446
064 065 066 0.6788 0.4876 0.9361 0.0762 0.0760 0.9629 0.1915 0.5800
065 066 067 0.3973 0.5623 0.6846 0.5438 0.6283 0.6175 0.5877 0.4565
066 067 068 0.9480 0.8331 0.5330 0.8203 0.2354 0.0310 0.5676 0.7910
067 068 069 0.9900 0.4676 0.6175 0.7400 0.2460 0.2462 0.2428 0.5560
068 069 070 0.1092 0.0254 0.5294 0.7536 0.1809 0.3196 0.3338 0.9113
069 070 071 0.8540 0.7320 0.9192 0.5408 0.8002 0.8287 0.1544 0.4556
070 071 072 0.7921 0.8676 0.1276 0.5475 0.8939 0.4113 0.1351 0.0906
071 072 073 0.9795 0.9876 0.4755 0.6004 0.7044 0.9758 0.9101 0.6387
072 073 074 0.4404 0.1286 0.6581 0.9430 0.1503 0.8920 0.5659 0.0912
073 074 075 0.2269 0.1682 0.7280 0.2022 0.7517 0.0570 0.2944 0.4295
074 075 076 0.5442 0.2849 0.2934 0.3127 0.6266 0.5210 0.5848 0.4712
075 076 077 0.8661 0.8463 0.3831 0.5977 0.7039 0.9500 0.4731 0.4681
076 077 078 0.5260 0.5877 0.4375 0.2740 0.1389 0.7412 0.2723 0.0655
077 078 079 0.2655 0.4975 0.1719 0.3297 0.7073 0.7457 0.0888 0.2599
078 079 080 0.3009 0.7508 0.7644 0.8677 0.9603 0.9464 0.1094 0.3077
079 080 081 0.2043 0.2771 0.8284 0.3333 0.6938 0.4881 0.4204 0.3292
080 081 082 0.8710 0.1327 0.2410 0.9934 0.3034 0.1555 0.0972 0.0653
081 082 083 0.1500 0.6505 0.6957 0.8633 0.0120 0.9053 0.8618 0.5741
082 083 084 0.1796 0.5987 0.7644 0.4964 0.0527 0.4300 0.3472 0.2348
083 084 085 0.0297 0.2737 0.5835 0.3467 0.3227 0.3535 0.3892 0.6751
084 085 086 0.4885 0.2419 0.2424 0.2914 0.0871 0.9814 0.2889 0.2380
085 086 087 0.5519 0.9766 0.9746 0.1946 0.3588 0.2071 0.8926 0.8500
086 087 088 0.2994 0.0771 0.6375 0.5814 0.2253 0.7169 0.0105 0.4025
087 088 089 0.6826 0.2283 0.4774 0.8081 0.6916 0.6467 0.1895 0.1494
088 089 090 0.8554 0.8751 0.0617 0.1345 0.2995 0.9267 0.8372 0.7892
089 090 091 0.6873 0.6923 0.3992 0.8433 0.9008 0.0280 0.9828 0.5674
090 091 092 0.5467 0.1170 0.2707 0.3356 0.9798 0.6944 0.7460 0.0041
091 092 093 0.9747 0.5122 0.5116 0.5711 0.3754 0.9961 0.8371 0.9162
092 093 094 0.1783 0.2172 0.5333 0.1025 0.9482 0.8269 0.0958 0.6894
093 094 095 0.2974 0.1761 0.4226 0.3747 0.8680 0.8830 0.7950 0.8105
094 095 096 0.7192 0.8802 0.3564 0.4536 0.5434 0.4836 0.4584 0.5667
095 096 097 0.1574 0.9633 0.3799 0.4216 0.7233 0.6631 0.5363 0.2900
096 097 098 0.1305 0.8910 0.8624 0.1103 0.0138 0.0839 0.7760 0.4140
097 098 099 0.4656 0.1345 0.3141 0.8317 0.7495 0.3636 0.8265 0.0782
098 099 100 0.0182 0.3786 0.4427 0.7757 0.0131 0.7217 0.6287 0.2965
099 100 101 0.1411 0.1331 0.1277 0.4301 0.8066 0.7881 0.3768 0.1274
100 101 102 0.4807 0.1056 0.1629 0.1954 0.6676 0.0361 0.0616 0.9355
101 102 103 0.6844 0.4180 0.2565 0.1537 0.9815 0.5831 0.1749 0.0957
102 103 104 0.4581 0.1396 0.5170 0.2296 0.0657 0.2562 0.5912 0.0014
103 104 105 0.7869 0.7270 0.0979 0.2176 0.1131 0.3262 0.9138 0.8016
104 105 106 0.8523 0.6723 0.0781 0.5423 0.2019 0.6888 0.9357 0.1933
105 106 107 0.2088 0.8681 0.3458 0.3860 0.3597 0.2239 0.7770 0.0107
106 107 108 0.8191 0.7676 0.2585 0.6842 0.0106 0.4205 0.3289 0.3223
107 108 109 0.1218 0.7718 0.3989 0.1132 0.7326 0.0527 0.9151 0.3138
108 109 110 0.9101 0.5219 0.3951 0.9871 0.5632 0.5525 0.7087 0.6310
109 110 111 0.7367 0.2762 0.3630 0.0396 0.6245 0.7285 0.6121 0.3148
110 111 112 0.9346 0.2336 0.3259 0.7720 0.3014 0.2114 0.9845 0.5867
111 112 113 0.6705 0.6181 0.5746 0.5662 0.1316 0.9204 0.9648 0.3387
112 113 114 0.2177 0.3731 0.1030 0.1617 0.2254 0.9049 0.7621 0.0628
113 114 115 0.0457 0.7260 0.7437 0.0328 0.6555 0.7632 0.4591 0.8397
114 115 116 0.1257 0.1783 0.3186 0.4392 0.9894 0.9013 0.9686 0.7245
115 116 117 0.5373 0.4776 0.7928 0.1715 0.8996 0.2461 0.3540 0.2568
116 117 118 0.2928 0.0242 0.5580 0.3768 0.4204 0.6268 0.4207 0.4496
117 118 119 0.4193 0.9377 0.0596 0.7283 0.3743 0.8603 0.6534 0.9583
118 119 120 0.1568 0.0318 0.9750 0.3430 0.3171 0.6649 0.7846 0.5651
119 120 121 0.2577 0.0567 0.3995 0.7381 0.8359 0.4358 0.5190 0.4503
120 121 122 0.0679 0.9752 0.7874 0.0582 0.8821 0.6607 0.0594 0.0919
121 122 123 0.4858 0.6787 0.3840 0.3980 0.9719 0.2370 0.1259 0.5462
122 123 124 0.9413 0.6556 0.4370 0.5727 0.9264 0.8552 0.8225 0.9528
123 124 125 0.5357 0.2627 0.0777 0.9359 0.4483 0.8807 0.4858 0.2653
124 125 126 0.6438 0.0899 0.8444 0.6429 0.2036 0.4595 0.1473 0.9764
125 126 127 0.1063 0.6157 0.2800 0.5996 0.8941 0.4062 0.6531 0.7691
126 127 128 0.2087 0.0274 0.9713 0.5693 0.0685 0.2184 0.1604 0.8938
127 128 129 0.5315 0.9115 0.3149 0.6214 0.1891 0.4762 0.5283 0.0840
128 129 130 0.8445 0.9302 0.6002 0.9732 0.4070 0.2049 0.9911 0.6688
129 130 131 0.6253 0.2955 0.2985 0.5817 0.8720 0.0403 0.4989 0.5233
130 131 132 0.6907 0.9444 0.3730 0.8911 0.6031 0.2738 0.8539 0.1938
131 132 133 0.3682 0.2889 0.8900 0.0716 0.1909 0.3092 0.2028 0.7971
132 133 134 0.5558 0.6669 0.2380 0.3314 0.9607 0.8821 0.5898 0.0548
133 134 135 0.2291 0.8068 0.6084 0.8887 0.3617 0.8555 0.0554 0.8289
134 135 136 0.0572 0.3404 0.7870 0.2072 0.9045 0.2561 0.5591 0.2981
135 136 137 0.5675 0.3899 0.5274 0.1745 0.6490 0.6029 0.6592 0.0383
136 137 138 0.5993 0.7190 0.7522 0.8843 0.7574 0.1379 0.9234 0.9889
137 138 139 0.8778 0.8967 0.9395 0.5226 0.4698 0.9450 0.8366 0.7299
138 139 140 0.2506 0.5075 0.4056 0.7060 0.6536 0.7872 0.1096 0.8758
139 140 141 0.7948 0.0426 0.2911 0.0076 0.6943 0.3253 0.2716 0.7868
140 141 142 0.1988 0.3775 0.4759 0.3774 0.1245 0.2231 0.2856 0.3771
141 142 143 0.1779 0.9125 0.2507 0.1341 0.4759 0.3611 0.2928 0.1374
142 143 144 0.5353 0.7630 0.7887 0.8557 0.5584 0.8984 0.9576 0.1688
143 144 145 0.8120 0.6634 0.4020 0.6549 0.0334 0.5605 0.0095 0.3620
144 145 146 0.6497 0.4692 0.2792 0.2331 0.2538 0.5147 0.5688 0.0543
145 146 147 0.4449 0.3933 0.3569 0.2986 0.5363 0.1928 0.7446 0.8520
146 147 148 0.1442 0.9644 0.8585 0.7027 0.7209 0.1566 0.0593 0.3040
147 148 149 0.4341 0.0019 0.6201 0.2156 0.8281 0.3426 0.7853 0.2339
148 149 150 0.5556 0.1997 0.0365 0.3370 0.5649 0.3459 0.1478 0.6123
149 150 151 0.6738 0.7189 0.4684 0.1527 0.7222 0.4653 0.7872 0.0330
150 151 152 0.6402 0.6988 0.0513 0.4376 0.5788 0.3206 0.6957 0.4661
151 152 153 0.2549 0.3707 0.5658 0.8330 0.3128 0.3560 0.3920 0.3505
152 153 154 0.1277 0.2507 0.8509 0.5543 0.3356 0.8048 0.0124 0.6092
153 154 155 0.9851 0.9175 0.2501 0.2108 0.9525 0.9423 0.9216 0.9425
154 155 156 0.9612 0.3218 0.3655 0.8000 0.0188 0.8659 0.7743 0.7740
155 156 157 0.5883 0.4098 0.4190 0.8835 0.0706 0.7227 0.7628 0.9242
156 157 158 0.7858 0.9329 0.8404 0.2190 0.6185 0.5643 0.9171 0.0094
157 158 159 0.9068 0.0869 0.8061 0.1196 0.7023 0.9126 0.5196 0.5075
158 159 160 0.8909 0.2762 0.0850 0.5968 0.3197 0.1301 0.0489 0.7304
159 160 161 0.3108 0.4623 0.4768 0.7675 0.9166 0.7670 0.2606 0.7568
160 161 162 0.6051 0.2382 0.6750 0.5572 0.3453 0.6094 0.1446 0.5589
161 162 163 0.9655 0.0446 0.2198 0.1871 0.2577 0.2948 0.7152 0.7812
162 163 164 0.8103 0.3762 0.6597 0.3227 0.8647 0.9460 0.0504 0.1723
163 164 165 0.6920 0.7605 0.7988 0.5255 0.7912 0.9855 0.2471 0.4173
164 165 166 0.7536 0.4629 0.9294 0.1107 0.5668 0.4570 0.0404 0.4327
165 166 167 0.5777 0.4120 0.0406 0.2012 0.4147 0.1438 0.6218 0.6584
166 167 168 0.8068 0.6378 0.7566 0.8933 0.6583 0.8265 0.9372 0.8967
167 168 169 0.6960 0.1797 0.8669 0.8402 0.0844 0.7750 0.3467 0.6852
168 169 170 0.7126 0.8306 0.5874 0.4317 0.6574 0.3187 0.3024 0.2679
169 170 171 0.7105 0.8069 0.8975 0.6383 0.3024 0.3752 0.2545 0.6956
170 171 172 0.6050 0.4174 0.2720 0.1280 0.3508 0.8885 0.2054 0.8327
171 172 173 0.6624 0.1563 0.4081 0.1259 0.9856 0.0459 0.5176 0.4659
172 173 174 0.7887 0.8869 0.0836 0.0799 0.0130 0.1815 0.0858 0.0457
173 174 175 0.1331 0.0226 0.5551 0.7917 0.0146 0.6597 0.7355 0.1590
174 175 176 0.3495 0.8689 0.7249 0.7681 0.8228 0.3586 0.0042 0.5051
175 176 177 0.8610 0.3392 0.2784 0.4760 0.2723 0.1950 0.0208 0.2194
176 177 178 0.2900 0.1926 0.3674 0.3007 0.6316 0.3585 0.9848 0.5112
177 178 179 0.3219 0.6703 0.8115 0.5884 0.8522 0.3609 0.4774 0.2397
178 179 180 0.1236 0.6611 0.6797 0.4146 0.4901 0.1997 0.2646 0.5578
179 180 181 0.8312 0.1647 0.8533 0.1404 0.4185 0.9969 0.4550 0.1015
180 181 182 0.0102 0.8803 0.6306 0.0344 0.1423 0.9075 0.2468 0.6034
181 182 183 0.9265 0.2421 0.4103 0.4016 0.5788 0.9888 0.0373 0.0249
182 183 184 0.9039 0.3792 0.8633 0.0361 0.3352 0.6537 0.6010 0.8089
183 184 185 0.4704 0.9822 0.7142 0.4273 0.2822 0.5513 0.5159 0.8595
184 185 186 0.2576 0.4391 0.8392 0.9889 0.4117 0.3470 0.6918 0.8011
185 186 187 0.5223 0.9464 0.8719 0.5773 0.5472 0.6104 0.8790 0.5803
186 187 188 0.3152 0.9967 0.9388 0.1309 0.5327 0.7453 0.6295 0.2988
187 188 189 0.6108 0.0834 0.9862 0.8578 0.1398 0.0554 0.4791 0.8365
188 189 190 0.6117 0.3787 0.8446 0.1089 0.0611 0.1993 0.5043 0.4364
189 190 191 0.4304 0.4473 0.6948 0.4122 0.8815 0.1619 0.4367 0.8181
190 191 192 0.2279 0.6568 0.7904 0.3320 0.9987 0.3788 0.8930 0.8117
191 192 193 0.4737 0.2264 0.1170 0.7161 0.7247 0.8856 0.1440 0.9955
192 193 194 0.6635 0.5077 0.5440 0.3804 0.7030 0.7555 0.7818 0.7548
193 194 195 0.9529 0.3550 0.8623 0.7513 0.4357 0.5766 0.5269 0.4878
194 195 196 0.5944 0.8992 0.5198 0.1200 0.2767 0.6354 0.1775 0.7239
195 196 197 0.9025 0.9782 0.7917 0.1088 0.2381 0.2937 0.0414 0.6973
196 197 198 0.7057 0.2555 0.5008 0.5890 0.8459 0.1217 0.5322 0.2253
197 198 199 0.4084 0.9650 0.1072 0.6708 0.4028 0.9104 0.4757 0.3113
198 199 200 0.9021 0.7334 0.1424 0.8796 0.3392 0.5665 0.1689 0.8636
199 200 201 0.2721 0.3190 0.2720 0.6753 0.3447 0.6623 0.5682 0.7160
200 201 202 0.9766 0.1027 0.4159 0.4343 0.5969 0.6300 0.9460 0.2310
201 202 203 0.4252 0.4904 0.8717 0.9587 0.5844 0.3935 0.1416 0.3049
202 203 204 0.7121 0.2093 0.2472 0.1008 0.8265 0.0450 0.5292 0.8273
203 204 205 0.8625 0.5149 0.2037 0.6339 0.3868 0.7424 0.7856 0.7919
204 205 206 0.2687 0.9543 0.3004 0.4005 0.0993 0.4955 0.2163 0.2019
205 206 207 0.0650 0.7343 0.5420 0.4904 0.2132 0.9933 0.3390 0.7655
206 207 208 0.6746 0.3800 0.2398 0.2934 0.1424 0.3472 0.7554 0.4447
207 208 209 0.8929 0.8741 0.9657 0.8795 0.0377 0.2333 0.4074 0.7274
208 209 210 0.7519 0.1183 0.3880 0.9092 0.5146 0.5825 0.0459 0.8548
209 210 211 0.9980 0.7347 0.1020 0.7429 0.0069 0.7449 0.3554 0.4213
210 211 212 0.8509 0.5816 0.2842 0.4723 0.8308 0.4406 0.5979 0.1900
211 212 213 0.8862 0.2697 0.4628 0.3296 0.4777 0.7497 0.2713 0.0976
212 213 214 0.8265 0.7169 0.6911 0.4932 0.3337 0.8747 0.7723 0.3639
213 214 215 0.0342 0.6614 0.1937 0.9488 0.5754 0.1040 0.9576 0.1835
214 215 216 0.7551 0.7905 0.8341 0.4286 0.4585 0.8355 0.0349 0.4499
215 216 217 0.2022 0.1972 0.1301 0.8832 0.1950 0.5798 0.9028 0.8617
216 217 218 0.0348 0.7426 0.8586 0.3678 0.9928 0.1855 0.9764 0.1704
217 218 219 0.0167 0.9152 0.8952 0.9692 0.4154 0.2451 0.9643 0.6759
218 219 220 0.5573 0.9891 0.8313 0.7200 0.8321 0.5522 0.6941 0.0384
219 220 221 0.6078 0.1546 0.2789 0.2251 0.0483 0.3523 0.4316 0.5974
220 221 222 0.1202 0.7595 0.8855 0.4184 0.5483 0.1101 0.8219 0.1967
221 222 223 0.6792 0.7629 0.6475 0.0659 0.0025 0.7279 0.8620 0.9629
222 223 224 0.6645 0.5698 0.3317 0.1394 0.8664 0.7919 0.8883 0.3312
223 224 225 0.2523 0.3625 0.2613 0.4756 0.8480 0.4464 0.9387 0.2529
224 225 226 0.9496 0.2346 0.2582 0.4204 0.9414 0.6705 0.6116 0.2682
225 226 227 0.6872 0.9200 0.8146 0.4840 0.1737 0.4168 0.1236 0.7369
226 227 228 0.5824 0.0755 0.0410 0.2074 0.9715 0.7299 0.8109 0.5036
227 228 229 0.6066 0.7625 0.7695 0.1355 0.2292 0.4098 0.2311 0.7811
228 229 230 0.0598 0.1494 0.2040 0.5205 0.7576 0.3968 0.9037 0.5637
229 230 231 0.7200 0.3651 0.1731 0.7498 0.5984 0.3970 0.3420 0.3583
230 231 232 0.4206 0.0494 0.6403 0.3771 0.5707 0.5898 0.5420 0.4335
231 232 233 0.5620 0.3221 0.5587 0.8451 0.8874 0.8369 0.1027 0.5018
232 233 234 0.7974 0.7057 0.1708 0.2426 0.2957 0.0110 0.7464 0.6216
233 234 235 0.7886 0.2988 0.9940 0.0216 0.2486 0.0818 0.5980 0.9089
234 235 236 0.5147 0.5379 0.8162 0.1525 0.7875 0.1999 0.8085 0.7500
235 236 237 0.5970 0.3259 0.1184 0.7697 0.7779 0.0276 0.1111 0.9834
236 237 238 0.6697 0.5175 0.7215 0.9205 0.3888 0.5869 0.9373 0.3364
237 238 239 0.7275 0.4987 0.1093 0.2227 0.9749 0.4542 0.7602 0.1416
238 239 240 0.3310 0.7083 0.1028 0.8308 0.4818 0.3858 0.3891 0.4766
239 240 241 0.3879 0.4371 0.2931 0.4278 0.3108 0.1111 0.3487 0.8826
240 241 242 0.4480 0.2730 0.2105 0.9724 0.4398 0.6533 0.5992 0.0606
241 242 243 0.5425 0.9089 0.1907 0.3889 0.7966 0.8095 0.0043 0.5738
242 243 244 0.3051 0.5549 0.9209 0.9576 0.0735 0.2696 0.6612 0.5250
243 244 245 0.0292 0.3515 0.8363 0.1513 0.6974 0.3545 0.8346 0.5449
244 245 246 0.1331 0.6720 0.7660 0.7401 0.8423 0.3854 0.4731 0.7008
245 246 247 0.2645 0.3849 0.4821 0.1795 0.2528 0.0433 0.7547 0.6114
246 247 248 0.0846 0.4264 0.0782 0.3103 0.9050 0.1400 0.3435 0.0893
247 248 249 0.4294 0.2064 0.4948 0.7657 0.8161 0.6718 0.2688 0.9799
248 249 250 0.0648 0.3888 0.4580 0.4240 0.1322 0.1651 0.0202 0.1907
249 250 251 0.3008 0.6763 0.9217 0.3268 0.0346 0.6694 0.7660 0.1408
250 251 252 0.4097 0.2223 0.7968 0.7883 0.4042 0.0006 0.0750 0.9513
251 252 253 0.7643 0.5890 0.0555 0.0004 0.9591 0.7761 0.7162 0.3893
252 253 254 0.4134 0.8842 0.0378 0.1017 0.2937 0.4703 0.4014 0.4546
253 254 255 0.7258 0.5525 0.7620 0.6966 0.2179 0.9547 0.0517 0.3070
254 255 256 0.6691 0.6384 0.2006 0.3927 0.3983 0.7696 0.6828 0.9458
255 256 257 0.5110 0.4376 0.9116 0.1633 0.9437 0.0133 0.8848 0.6691
256 257 258 0.5733 0.8743 0.2822 0.6246 0.7637 0.7581 0.7491 0.9526
257 258 259 0.6271 0.1410 0.8167 0.5333 0.2796 0.6806 0.9984 0.6823
258 259 260 0.3285 0.4536 0.1616 0.9444 0.7347 0.5938 0.6802 0.9415
259 260 261 0.8337 0.4344 0.7529 0.5059 0.0261 0.9250 0.0556 0.3522
260 261 262 0.5330 0.9805 0.1120 0.5228 0.8251 0.5759 0.6901 0.6517
261 262 263 0.3838 0.2576 0.6195 0.0151 0.3308 0.4363 0.5496 0.6851
262 263 264 0.3100 0.0830 0.9164 0.9244 0.7190 0.9758 0.5285 0.8337
263 264 265 0.5431 0.2953 0.3637 0.9096 0.9507 0.0579 0.2381 0.4945
264 265 266 0.8558 0.2689 0.7930 0.9685 0.1500 0.4064 0.0425 0.9282
265 266 267 0.8596 0.3426 0.8692 0.2567 0.0830 0.8808 0.1628 0.3825
266 267 268 0.0343 0.4884 0.5220 0.4539 0.4523 0.9092 0.8211 0.2243
267 268 269 0.0805 0.1543 0.7910 0.0252 0.0167 0.8352 0.0125 0.3778
268 269 270 0.8469 0.9297 0.1316 0.0318 0.7930 0.3338 0.5366 0.5729
269 270 271 0.1169 0.5137 0.8065 0.3543 0.7434 0.3297 0.2501 0.3325
270 271 272 0.5738 0.0878 0.9026 0.6333 0.3736 0.1311 0.5675 0.8470
271 272 273 0.9537 0.7592 0.3281 0.5802 0.2134 0.8431 0.9838 0.5744
272 273 274 0.1604 0.3635 0.9764 0.3831 0.3190 0.0491 0.2394 0.6007
273 274 275 0.5092 0.9838 0.0710 0.6437 0.4425 0.6287 0.3812 0.3972
274 275 276 0.0350 0.9013 0.5135 0.1960 0.0628 0.2201 0.5601 0.4480
275 276 277 0.7215 0.4364 0.2632 0.9297 0.2395 0.2368 0.6451 0.5805
276 277 278 0.6765 0.9232 0.3029 0.4452 0.9837 0.4032 0.6856 0.7271
277 278 000 0.4385 0.1250 0.8888 0.8911 0.9363 0.7574 0.4530 0.5696
278 000 001 0.3942 0.3456 0.4614 0.1651 0.8091 0.1764 0.6418 0.1826
