279 155682 3 279
000 001 002 0.8075 0.6527 0.8959 0.9976 0.9942 0.8346 0.7017 0.9192
001 002 003 0.0122 0.5048 0.6217 0.4179 0.2784 0.1981 0.4411 0.4121
002 003 004 0.7257 0.9915 0.4940 0.2511 0.6531 0.5042 0.5619 0.7442
003 004 005 0.2914 0.5090 0.3988 0.3288 0.1180 0.6722 0.5073 0.7387
004 005 006 0.2047 0.8392 0.0573 0.5041 0.6593 0.0865 0.7552 0.1450
005 006 007 0.2691 0.5530 0.2924 0.7390 0.3330 0.3810 0.9707 0.4636
006 007 008 0.6008 0.8281 0.5069 0.3850 0.8789 0.6208 0.7482 0.9043
007 008 009 0.8288 0.4296 0.8340 0.5934 0.4121 0.2925 0.8144 0.1420
008 009 010 0.0449 0.0840 0.5588 0.3011 0.5135 0.8920 0.0334 0.5648
009 010 011 0.6667 0.8475 0.2978 0.9825 0.9077 0.9368 0.3518 0.0202
010 011 012 0.4817 0.4127 0.1885 0.2192 0.3434 0.4945 0.6712 0.1802
011 012 013 0.4620 0.1722 0.0047 0.8183 0.9407 0.0843 0.9401 0.7142
012 013 014 0.4155 0.8742 0.3517 0.4925 0.1858 0.2948 0.8068 0.2040
013 014 015 0.5709 0.9358 0.1964 0.2245 0.5837 0.6911 0.0458 0.3142
014 015 016 0.4095 0.6929 0.6917 0.9691 0.6038 0.4012 0.7709 0.5163
015 016 017 0.4335 0.1598 0.0735 0.8147 0.3363 0.2297 0.2446 0.5034
016 017 018 0.1283 0.3660 0.5193 0.5726 0.4642 0.2542 0.5403 0.4947
017 018 019 0.5513 0.5682 0.7204 0.2995 0.0363 0.8862 0.3232 0.3932
018 019 020 0.0659 0.5874 0.7988 0.7087 0.5210 0.8839 0.6921 0.9291
019 020 021 0.2254 0.7996 0.7348 0.3463 0.1622 0.7942 0.4506 0.9872
020 021 022 0.4571 0.2332 0.1420 0.1802 0.5383 0.2867 0.0763 0.2776
021 022 023 0.7131 0.1025 0.5261 0.0229 0.3952 0.6582 0.3089 0.6283
022 023 024 0.5481 0.2077 0.3160 0.3162 0.4147 0.9503 0.7752 0.0394
023 024 025 0.1633 0.6363 0.8037 0.1424 0.1258 0.3016 0.7686 0.2673
024 025 026 0.8448 0.1580 0.9917 0.4681 0.6421 0.9543 0.9770 0.1054
025 026 027 0.6846 0.6338 0.1265 0.9270 0.4698 0.0041 0.8155 0.4084
026 027 028 0.7031 0.4959 0.9530 0.1095 0.9587 0.9274 0.0016 0.3774
027 028 029 0.6289 0.0195 0.8870 0.2461 0.1368 0.5509 0.5895 0.1985
028 029 030 0.8480 0.3702 0.8240 0.1651 0.4412 0.0791 0.9695 0.3838
029 030 031 0.5598 0.5458 0.2613 0.3093 0.8049 0.0435 0.7366 0.1965
030 031 032 0.3946 0.5256 0.8976 0.2724 0.0900 0.0190 0.5398 0.6290
031 032 033 0.8560 0.3022 0.2098 0.8966 0.2968 0.8236 0.4225 0.8748
032 033 034 0.2865 0.9210 0.9266 0.5538 0.8892 0.5147 0.6122 0.7111
033 034 035 0.2317 0.9973 0.0279 0.1427 0.9756 0.4482 0.2040 0.4686
034 035 036 0.0463 0.3599 0.2282 0.6853 0.5056 0.0062 0.5578 0.8779
035 036 037 0.5462 0.6039 0.7191 0.3479 0.4273 0.5340 0.9892 0.1004
036 037 038 0.4330 0.9720 0.9569 0.1240 0.7398 0.4418 0.4979 0.3398
037 038 039 0.6436 0.5282 0.0151 0.8169 0.2218 0.4795 0.2018 0.8139
038 039 040 0.6764 0.0242 0.6973 0.9563 0.9560 0.4888 0.4733 0.6076
039 040 041 0.9203 0.6505 0.6272 0.8175 0.0554 0.0252 0.0992 0.0444
040 041 042 0.8642 0.6745 0.5947 0.0011 0.0933 0.4101 0.4710 0.7492
041 042 043 0.8765 0.9207 0.3378 0.3583 0.7363 0.6799 0.2549 0.9551
042 043 044 0.3009 0.7680 0.9510 0.2015 0.7133 0.9959 0.6258 0.8221
043 044 045 0.5395 0.4830 0.3023 0.6061 0.3060 0.3767 0.7779 0.9884
044 045 046 0.9589 0.6065 0.5659 0.8912 0.2617 0.2386 0.3461 0.3261
045 046 047 0.9741 0.4333 0.3402 0.9463 0.0398 0.2608 0.3270 0.7095
046 047 048 0.6001 0.7702 0.1085 0.5861 0.7172 0.8687 0.7729 0.2671
047 048 049 0.9646 0.9347 0.6376 0.3451 0.8163 0.4554 0.7048 0.2391
048 049 050 0.6383 0.3552 0.6110 0.5592 0.2045 0.6954 0.4519 0.0102
049 050 051 0.3648 0.8390 0.5239 0.7500 0.5587 0.1670 0.5751 0.2587
050 051 052 0.1394 0.4964 0.2867 0.7468 0.2016 0.3022 0.5157 0.8984
051 052 053 0.6113 0.1707 0.6560 0.5091 0.7276 0.2456 0.9448 0.2676
052 053 054 0.1157 0.5947 0.1486 0.6805 0.3002 0.3263 0.6277 0.8227
053 054 055 0.0098 0.5554 0.0167 0.3811 0.5529 0.8771 0.6966 0.7621
054 055 056 0.6451 0.5429 0.3406 0.0577 0.8825 0.4950 0.8120 0.3331
055 056 057 0.7026 0.1018 0.0328 0.2956 0.1149 0.5847 0.0341 0.6773
056 057 058 0.8862 0.9563 0.2165 0.4778 0.5930 0.6236 0.5021 0.4252
057 058 059 0.3412 0.1074 0.2156 0.8643 0.9021 0.9837 0.0026 0.4939
058 059 060 0.8421 0.3608 0.7058 0.1638 0.7271 0.6325 0.3055 0.4674
059 060 061 0.9421 0.0252 0.4809 0.6011 0.3086 0.4658 0.1959 0.9411
060 061 062 0.0790 0.5656 0.9950 0.2596 0.4530 0.2058 0.6458 0.3335
061 062 063 0.5536 0.8717 0.7524 0.2579 0.7335 0.6178 0.0756 0.4292
062 063 064 0.4669 0.9653 0.4922 0.9439 0.9420 0.9890 0.9477 0.2273
063 064 065 0.8607 0.5859 0.6228 0.4628 0.3693 0.8002 0.7502 0.0503
064 065 066 0.8106 0.3243 0.7040 0.9716 0.6212 0.4842 0.2951 0.4989
065 066 067 0.9519 0.1007 0.4406 0.1197 0.8344 0.2789 0.2165 0.4634
066 067 068 0.2209 0.9103 0.3532 0.7204 0.0476 0.4182 0.7977 0.1845
067 068 069 0.4336 0.5863 0.2164 0.9123 0.3479 0.5856 0.9382 0.4729
068 069 070 0.0797 0.6604 0.0051 0.7418 0.5654 0.6295 0.8359 0.6415
069 070 071 0.0108 0.7728 0.3099 0.0388 0.3214 0.2405 0.7469 0.9076
070 071 072 0.0308 0.7316 0.6792 0.1946 0.8350 0.5322 0.5131 0.7471
071 072 073 0.3385 0.5856 0.5077 0.0981 0.9463 0.3520 0.7732 0.6601
072 073 074 0.8945 0.2372 0.7569 0.8115 0.8480 0.1311 0.1260 0.1422
073 074 075 0.5576 0.0832 0.3931 0.5828 0.4420 0.3051 0.8454 0.5882
074 075 076 0.5392 0.2029 0.0525 0.5666 0.9764 0.6626 0.6768 0.2023
075 076 077 0.8407 0.4809 0.2780 0.4825 0.2075 0.6175 0.7363 0.0299
076 077 078 0.0929 0.8163 0.5662 0.5936 0.1598 0.3180 0.5993 0.1111
077 078 079 0.1815 0.0705 0.4175 0.7001 0.6451 0.2426 0.2353 0.5081
078 079 080 0.1670 0.2295 0.8045 0.0711 0.1446 0.0952 0.3980 0.5008
079 080 081 0.0928 0.1718 0.6418 0.8746 0.5878 0.3156 0.7347 0.5924
080 081 082 0.4249 0.1156 0.0349 0.1112 0.3874 0.1030 0.8373 0.3219
081 082 083 0.5366 0.3405 0.8782 0.5965 0.8800 0.0632 0.6740 0.6718
082 083 084 0.7333 0.9423 0.0564 0.9688 0.3248 0.6898 0.0763 0.7683
083 084 085 0.2212 0.2790 0.0785 0.2045 0.0612 0.2555 0.0787 0.9714
084 085 086 0.3199 0.3936 0.1534 0.7061 0.3202 0.8402 0.5854 0.0756
085 086 087 0.4058 0.3085 0.0924 0.9824 0.0369 0.6356 0.8099 0.2170
086 087 088 0.6915 0.2750 0.2095 0.3178 0.9090 0.2883 0.9804 0.9522
087 088 089 0.8843 0.0361 0.8978 0.7757 0.2851 0.2889 0.4807 0.5843
088 089 090 0.7560 0.4864 0.7945 0.3048 0.8924 0.1927 0.8219 0.1239
089 090 091 0.0032 0.2331 0.9891 0.6812 0.2866 0.0910 0.4333 0.6417
090 091 092 0.6439 0.8154 0.6204 0.8220 0.6236 0.6034 0.8000 0.0545
091 092 093 0.9360 0.9310 0.2405 0.7973 0.6763 0.2599 0.2398 0.4430
092 093 094 0.2143 0.3654 0.0951 0.1958 0.4477 0.3256 0.7544 0.9370
093 094 095 0.3823 0.2172 0.5493 0.9195 0.6674 0.7698 0.5795 0.6509
094 095 096 0.7464 0.5152 0.9951 0.8710 0.7054 0.8468 0.3307 0.4248
095 096 097 0.9737 0.9055 0.9876 0.4291 0.8593 0.4290 0.4601 0.6222
096 097 098 0.1571 0.2600 0.6343 0.0093 0.0831 0.3685 0.8405 0.9625
097 098 099 0.0830 0.3525 0.3856 0.6045 0.3368 0.9293 0.9863 0.9393
098 099 100 0.8851 0.6187 0.2361 0.1587 0.0647 0.6916 0.2981 0.7205
099 100 101 0.0127 0.8034 0.8958 0.1970 0.8915 0.2632 0.6789 0.0920
100 101 102 0.3236 0.5567 0.4300 0.2821 0.7641 0.2864 0.8184 0.7128
101 102 103 0.4893 0.4901 0.5244 0.8001 0.5295 0.8907 0.4074 0.6360
102 103 104 0.0775 0.1394 0.6333 0.1320 0.9685 0.5296 0.8303 0.6232
103 104 105 0.5215 0.1011 0.1594 0.3350 0.2120 0.1009 0.5536 0.8273
104 105 106 0.7927 0.8567 0.8306 0.6561 0.4755 0.9051 0.9726 0.4431
105 106 107 0.0298 0.7617 0.9412 0.7088 0.2460 0.0251 0.7944 0.7888
106 107 108 0.5560 0.1219 0.1519 0.2278 0.0395 0.9550 0.5674 0.2953
107 108 109 0.9262 0.1098 0.6011 0.5346 0.8578 0.3159 0.2923 0.9577
108 109 110 0.4468 0.5257 0.8770 0.5781 0.2662 0.8882 0.2424 0.4029
109 110 111 0.7535 0.7206 0.7272 0.8208 0.7822 0.2275 0.5821 0.1811
110 111 112 0.1967 0.1800 0.4104 0.6269 0.9991 0.1206 0.2972 0.2044
111 112 113 0.3661 0.7550 0.8412 0.8489 0.3654 0.9326 0.8938 0.1716
112 113 114 0.4779 0.1527 0.0492 0.3470 0.0346 0.5942 0.0272 0.8508
113 114 115 0.7373 0.8268 0.9243 0.6607 0.0133 0.9466 0.8800 0.5794
114 115 116 0.1408 0.7797 0.6092 0.8489 0.3062 0.6292 0.8008 0.1986
115 116 117 0.1588 0.5472 0.1213 0.9761 0.8334 0.2283 0.8594 0.8507
116 117 118 0.9415 0.3559 0.2668 0.7307 0.1152 0.7135 0.4830 0.9124
117 118 119 0.3855 0.3427 0.1840 0.3640 0.1957 0.0241 0.9565 0.2713
118 119 120 0.4699 0.9521 0.6855 0.0343 0.5163 0.4962 0.8445 0.4154
119 120 121 0.1812 0.6395 0.2780 0.1194 0.9686 0.8875 0.1502 0.5176
120 121 122 0.1748 0.0487 0.4008 0.0718 0.5762 0.7829 0.0923 0.7806
121 122 123 0.3995 0.5547 0.4346 0.2951 0.9090 0.7258 0.2605 0.9062
122 123 124 0.4304 0.2843 0.9084 0.3204 0.7964 0.1280 0.8806 0.4364
123 124 125 0.3399 0.3170 0.6752 0.8768 0.5518 0.0049 0.4778 0.2701
124 125 126 0.6550 0.1014 0.9844 0.0784 0.2500 0.5499 0.6929 0.2040
125 126 127 0.9991 0.1380 0.0021 0.1964 0.1409 0.5124 0.2682 0.0497
126 127 128 0.0135 0.1384 0.7698 0.5388 0.1945 0.1550 0.0934 0.9762
127 128 129 0.1839 0.7152 0.6701 0.3440 0.9329 0.1033 0.6023 0.6520
128 129 130 0.0989 0.2758 0.0543 0.5763 0.8847 0.4429 0.6163 0.0815
129 130 131 0.2355 0.3202 0.0485 0.2589 0.9279 0.8419 0.4881 0.5457
130 131 132 0.7342 0.0405 0.1827 0.8294 0.1580 0.4422 0.5889 0.5483
131 132 133 0.4133 0.9561 0.7285 0.5347 0.2021 0.6881 0.2653 0.9398
132 133 134 0.2003 0.0281 0.9238 0.8543 0.1637 0.1064 0.0647 0.9161
133 134 135 0.3862 0.5137 0.1753 0.7574 0.5551 0.4433 0.1270 0.3653
134 135 136 0.3640 0.7487 0.5170 0.9454 0.0826 0.0777 0.8018 0.7136
135 136 137 0.5460 0.3188 0.9198 0.0515 0.0732 0.5195 0.9318 0.1412
136 137 138 0.7818 0.6523 0.0372 0.7722 0.9595 0.8006 0.8781 0.1868
137 138 139 0.4741 0.3457 0.6594 0.4246 0.6904 0.8257 0.2124 0.6658
138 139 140 0.8661 0.7025 0.8219 0.1635 0.0593 0.8139 0.3541 0.3232
139 140 141 0.4937 0.4546 0.4727 0.0508 0.4198 0.5973 0.6266 0.0526
140 141 142 0.1406 0.2282 0.4754 0.5789 0.5876 0.0435 0.2237 0.2270
141 142 143 0.7100 0.3339 0.2608 0.3935 0.1112 0.2384 0.2073 0.0960
142 143 144 0.8417 0.3256 0.8066 0.1501 0.4994 0.1127 0.3971 0.2358
143 144 145 0.5352 0.6383 0.6721 0.1114 0.9804 0.9441 0.1157 0.6990
144 145 146 0.9698 0.7714 0.9179 0.4954 0.5233 0.5996 0.0031 0.3712
145 146 147 0.5811 0.1261 0.3833 0.8616 0.4107 0.0023 0.8298 0.6841
146 147 148 0.1259 0.1116 0.9519 0.5498 0.2988 0.5976 0.6520 0.9265
147 148 149 0.5732 0.3917 0.0330 0.5314 0.7221 0.1162 0.2584 0.6328
148 149 150 0.2554 0.8666 0.8985 0.0320 0.8317 0.2271 0.6981 0.1845
149 150 151 0.1565 0.0862 0.2199 0.8121 0.6481 0.3554 0.0695 0.2964
150 151 152 0.2178 0.9075 0.5343 0.2999 0.9988 0.5556 0.5567 0.4032
151 152 153 0.7861 0.3782 0.5976 0.0740 0.9134 0.5546 0.7132 0.0286
152 153 154 0.1502 0.4367 0.8312 0.9467 0.5456 0.3766 0.6166 0.3948
153 154 155 0.9779 0.6535 0.6234 0.8079 0.2204 0.1372 0.0197 0.0257
154 155 156 0.8430 0.6873 0.5733 0.7221 0.6984 0.5121 0.2019 0.2887
155 156 157 0.8194 0.1794 0.5012 0.0730 0.7057 0.4809 0.7252 0.2504
156 157 158 0.9385 0.2753 0.6194 0.1076 0.0112 0.6151 0.8767 0.0819
157 158 159 0.4112 0.0806 0.0668 0.2999 0.6755 0.7430 0.8917 0.9134
158 159 160 0.9532 0.5714 0.4223 0.3484 0.9706 0.1879 0.2964 0.3359
159 160 161 0.2325 0.2473 0.1078 0.3734 0.6728 0.4064 0.1465 0.8884
160 161 162 0.3915 0.6558 0.9664 0.1244 0.5499 0.0650 0.0133 0.8913
161 162 163 0.9751 0.1302 0.0758 0.2412 0.9882 0.3504 0.5908 0.9577
162 163 164 0.3647 0.2167 0.4145 0.3880 0.6962 0.3134 0.1609 0.1187
163 164 165 0.5580 0.9404 0.2311 0.4815 0.6693 0.4445 0.8638 0.8224
164 165 166 0.8584 0.6762 0.5188 0.3816 0.5081 0.5652 0.7634 0.5785
165 166 167 0.3455 0.1740 0.5489 0.2498 0.4760 0.2852 0.0098 0.4805
166 167 168 0.3552 0.5083 0.1535 0.6575 0.1131 0.9824 0.2019 0.9422
167 168 169 0.6955 0.4009 0.1122 0.7793 0.1520 0.2672 0.3544 0.2305
168 169 170 0.7084 0.0565 0.9184 0.6198 0.6366 0.2150 0.8683 0.1218
169 170 171 0.7826 0.4901 0.0856 0.3813 0.5498 0.3547 0.2317 0.4133
170 171 172 0.7473 0.5869 0.8758 0.2441 0.2200 0.2062 0.8654 0.5611
171 172 173 0.8440 0.5464 0.7738 0.5885 0.2789 0.5302 0.2430 0.1183
172 173 174 0.6307 0.6898 0.9119 0.5605 0.0383 0.2126 0.7476 0.9392
173 174 175 0.6379 0.1970 0.0874 0.9707 0.9883 0.8795 0.5647 0.8980
174 175 176 0.3629 0.6556 0.5083 0.0082 0.5200 0.6252 0.7241 0.6693
175 176 177 0.6324 0.5852 0.5777 0.2161 0.8630 0.5687 0.2924 0.9699
176 177 178 0.6927 0.6153 0.2535 0.9635 0.3349 0.1344 0.9568 0.6975
177 178 179 0.6798 0.3415 0.0887 0.3671 0.4929 0.7155 0.5263 0.9519
178 179 180 0.5740 0.7644 0.6284 0.3325 0.5723 0.1817 0.5472 0.2331
179 180 181 0.5353 0.9686 0.2842 0.7264 0.0866 0.3024 0.1955 0.7019
180 181 182 0.3196 0.9614 0.0620 0.9665 0.1618 0.9243 0.4742 0.8004
181 182 183 0.4769 0.4977 0.2604 0.1138 0.7702 0.7821 0.3364 0.7552
182 183 184 0.8198 0.2574 0.8424 0.6164 0.9666 0.6892 0.0755 0.5438
183 184 185 0.4383 0.5073 0.1309 0.7932 0.6327 0.8917 0.7676 0.6900
184 185 186 0.2928 0.6506 0.5941 0.9941 0.1732 0.2546 0.7194 0.6539
185 186 187 0.2004 0.9561 0.9938 0.3746 0.0487 0.7041 0.6338 0.3720
186 187 188 0.2619 0.8753 0.1145 0.3375 0.5288 0.6060 0.5772 0.2973
187 188 189 0.4774 0.2784 0.8185 0.0707 0.9750 0.8912 0.5647 0.0755
188 189 190 0.4296 0.4779 0.4515 0.1102 0.1781 0.4321 0.0407 0.3215
189 190 191 0.0961 0.3814 0.4832 0.9199 0.4287 0.0770 0.1251 0.8803
190 191 192 0.5939 0.0008 0.2730 0.7429 0.5200 0.1775 0.2824 0.0586
191 192 193 0.5460 0.9608 0.1688 0.0934 0.5822 0.3608 0.8269 0.4117
192 193 194 0.9829 0.0971 0.5942 0.9304 0.9351 0.8317 0.1401 0.4364
193 194 195 0.7401 0.7681 0.4575 0.5488 0.7817 0.7079 0.7297 0.4495
194 195 196 0.2173 0.0290 0.5331 0.0363 0.3918 0.6081 0.0394 0.8692
195 196 197 0.5015 0.8846 0.7848 0.7872 0.4468 0.7204 0.3891 0.2315
196 197 198 0.1826 0.3536 0.3009 0.9604 0.6056 0.9649 0.2705 0.5975
197 198 199 0.5136 0.3310 0.1356 0.2433 0.8168 0.8532 0.7853 0.1358
198 199 200 0.6168 0.8522 0.3082 0.6130 0.9408 0.3741 0.2657 0.9020
199 200 201 0.5515 0.7048 0.0057 0.7745 0.7995 0.1763 0.5301 0.5043
200 201 202 0.5838 0.2632 0.4326 0.9141 0.2526 0.9583 0.8973 0.2237
201 202 203 0.6191 0.5245 0.1641 0.6851 0.9776 0.1322 0.1334 0.1949
202 203 204 0.4517 0.7597 0.4258 0.7231 0.5431 0.1665 0.5002 0.2225
203 204 205 0.4733 0.2071 0.2834 0.1357 0.7960 0.7967 0.4337 0.7133
204 205 206 0.4410 0.5772 0.3891 0.3155 0.6629 0.7342 0.9737 0.4334
205 206 207 0.7607 0.3529 0.0293 0.8475 0.3784 0.4536 0.5755 0.8787
206 207 208 0.0699 0.5188 0.9929 0.4634 0.4736 0.7490 0.4546 0.1957
207 208 209 0.9708 0.8220 0.1090 0.3204 0.9782 0.3336 0.0609 0.2644
208 209 210 0.5125 0.7282 0.5934 0.0388 0.9402 0.0861 0.9807 0.9538
209 210 211 0.9703 0.0350 0.0730 0.4908 0.0369 0.9212 0.6949 0.2214
210 211 212 0.8450 0.9894 0.9324 0.1155 0.2836 0.7280 0.8932 0.0547
211 212 213 0.0087 0.3582 0.9233 0.7148 0.6859 0.3527 0.7462 0.8422
212 213 214 0.6914 0.0615 0.9535 0.7179 0.8190 0.0832 0.5634 0.8899
213 214 215 0.4804 0.5850 0.5468 0.8843 0.2175 0.1335 0.5625 0.0247
214 215 216 0.1230 0.4055 0.3779 0.5052 0.5371 0.6415 0.5146 0.5113
215 216 217 0.0042 0.5692 0.8128 0.3281 0.8710 0.0553 0.0453 0.6068
216 217 218 0.6440 0.9539 0.5714 0.3795 0.1604 0.2620 0.1840 0.9093
217 218 219 0.1145 0.5709 0.5475 0.2168 0.2373 0.1101 0.0283 0.0781
218 219 220 0.4639 0.9042 0.1469 0.6352 0.1129 0.8030 0.5657 0.0472
219 220 221 0.3975 0.6435 0.5068 0.9516 0.6132 0.0276 0.3386 0.1868
220 221 222 0.4065 0.7422 0.1850 0.1278 0.1446 0.8274 0.4760 0.9815
221 222 223 0.5195 0.6446 0.9182 0.8459 0.2016 0.7043 0.4875 0.8866
222 223 224 0.2471 0.1095 0.2884 0.2654 0.7008 0.7986 0.9260 0.3408
223 224 225 0.9188 0.1593 0.1858 0.0652 0.7724 0.2011 0.5825 0.4477
224 225 226 0.4338 0.0240 0.0033 0.8701 0.2684 0.8893 0.2105 0.8333
225 226 227 0.3747 0.3145 0.5836 0.3321 0.7320 0.0539 0.2285 0.1429
226 227 228 0.6279 0.8776 0.6820 0.8609 0.0608 0.7930 0.2798 0.1515
227 228 229 0.0154 0.9632 0.7900 0.0150 0.9591 0.8286 0.8562 0.3740
228 229 230 0.3739 0.8034 0.0796 0.1875 0.6212 0.2524 0.1762 0.9202
229 230 231 0.7696 0.6061 0.1646 0.7916 0.4896 0.4936 0.4104 0.5115
230 231 232 0.3394 0.9886 0.3463 0.0230 0.3572 0.2604 0.6755 0.7744
231 232 233 0.9976 0.2459 0.0482 0.6311 0.2166 0.8698 0.8732 0.0735
232 233 234 0.8944 0.3121 0.8113 0.0839 0.3598 0.2536 0.6354 0.8201
233 234 235 0.7261 0.1662 0.6515 0.8519 0.9441 0.9874 0.1580 0.3437
234 235 236 0.5073 0.1536 0.3305 0.7174 0.2393 0.3427 0.3964 0.5652
235 236 237 0.4592 0.8008 0.6527 0.2140 0.8983 0.8824 0.6387 0.9653
236 237 238 0.5680 0.4855 0.4584 0.4291 0.0752 0.4138 0.7879 0.0685
237 238 239 0.4845 0.2920 0.5594 0.0336 0.2617 0.3041 0.0686 0.2936
238 239 240 0.6848 0.3449 0.1084 0.4285 0.7306 0.3537 0.6543 0.1302
239 240 241 0.3576 0.4783 0.6410 0.5831 0.2086 0.7140 0.2299 0.0201
240 241 242 0.7455 0.5254 0.2426 0.7574 0.4152 0.9944 0.4522 0.5996
241 242 243 0.3596 0.9286 0.6958 0.7394 0.6085 0.8705 0.8540 0.9344
242 243 244 0.3411 0.6407 0.3984 0.8105 0.2962 0.4048 0.0593 0.6298
243 244 245 0.3330 0.2810 0.5039 0.8946 0.5678 0.4307 0.6530 0.4669
244 245 246 0.3054 0.9695 0.8121 0.8473 0.6460 0.5057 0.3692 0.6866
245 246 247 0.4494 0.4172 0.3644 0.9314 0.7998 0.8064 0.4644 0.9490
246 247 248 0.1089 0.3408 0.2359 0.4389 0.3385 0.1031 0.8808 0.3107
247 248 249 0.8347 0.3940 0.6889 0.7997 0.4467 0.5862 0.2353 0.5644
248 249 250 0.0736 0.3727 0.8044 0.4762 0.7632 0.2145 0.5591 0.5986
249 250 251 0.6468 0.2948 0.9942 0.6621 0.7312 0.4738 0.7068 0.3409
250 251 252 0.4623 0.7809 0.8285 0.5843 0.4789 0.6627 0.1117 0.9545
251 252 253 0.8003 0.2094 0.1942 0.2625 0.5442 0.8755 0.6073 0.2529
252 253 254 0.0061 0.4238 0.9302 0.2630 0.1406 0.3494 0.1658 0.2179
253 254 255 0.2855 0.8874 0.8017 0.1953 0.3750 0.0631 0.0209 0.8186
254 255 256 0.5258 0.0749 0.1219 0.9046 0.1347 0.2857 0.9576 0.4461
255 256 257 0.3007 0.1397 0.3751 0.3475 0.7222 0.2264 0.6397 0.0928
256 257 258 0.5220 0.8852 0.1660 0.4769 0.1811 0.8491 0.7399 0.1382
257 258 259 0.8196 0.5001 0.0178 0.2914 0.7607 0.0540 0.0645 0.6456
258 259 260 0.8309 0.5052 0.2670 0.0317 0.5534 0.4145 0.8440 0.6135
259 260 261 0.4041 0.6899 0.1471 0.4485 0.5655 0.6161 0.8825 0.1130
260 261 262 0.8073 0.2514 0.8130 0.9799 0.3257 0.3952 0.3556 0.1889
261 262 263 0.5842 0.4279 0.1038 0.1615 0.6876 0.2972 0.9278 0.9608
262 263 264 0.1511 0.9655 0.2300 0.5777 0.3363 0.6020 0.0271 0.6945
263 264 265 0.9518 0.2846 0.1653 0.7822 0.5900 0.7023 0.1052 0.1725
264 265 266 0.7124 0.8398 0.7058 0.6170 0.9108 0.0278 0.5374 0.4176
265 266 267 0.8926 0.4316 0.8898 0.5905 0.7737 0.4319 0.1633 0.0777
266 267 268 0.1328 0.9263 0.4850 0.8771 0.4916 0.5008 0.0471 0.7093
267 268 269 0.1384 0.0148 0.0620 0.1791 0.2047 0.7334 0.8594 0.2855
268 269 270 0.4621 0.9702 0.8658 0.5709 0.9448 0.7821 0.8110 0.5751
269 270 271 0.2547 0.3411 0.5177 0.4294 0.6746 0.1967 0.6654 0.3137
270 271 272 0.7479 0.6699 0.8010 0.3927 0.7900 0.9266 0.5958 0.3364
271 272 273 0.2687 0.4493 0.3575 0.1669 0.6053 0.2671 0.6074 0.5173
272 273 274 0.8605 0.5614 0.0966 0.7701 0.1047 0.0515 0.7177 0.1609
273 274 275 0.2407 0.5943 0.5804 0.8285 0.1318 0.1660 0.6104 0.1327
274 275 276 0.6691 0.1973 0.5429 0.8821 0.3085 0.4318 0.0562 0.5957
275 276 277 0.0969 0.2141 0.6865 0.8486 0.3039 0.8270 0.3610 0.1692
276 277 278 0.6733 0.8671 0.8030 0.4930 0.5552 0.8005 0.2633 0.7890
277 278 000 0.3862 0.4127 0.9081 0.1241 0.6067 0.1893 0.1621 0.8247
278 000 001 0.7143 0.1486 0.4157 0.5775 0.1975 0.5571 0.8765 0.2677
