279 155682 3 279
000 001 002 0.2109 0.5532 0.9906 0.9540 0.1973 0.4315 0.1582 0.3656
001 002 003 0.6929 0.7859 0.6989 0.9615 0.6238 0.4939 0.8320 0.5316
002 003 004 0.6030 0.5046 0.2223 0.7185 0.1920 0.4606 0.0011 0.8203
003 004 005 0.9706 0.9668 0.3169 0.7205 0.2647 0.7174 0.5837 0.7531
004 005 006 0.9467 0.8815 0.7400 0.9776 0.6090 0.0079 0.6310 0.6631
005 006 007 0.4937 0.2232 0.8990 0.6975 0.8959 0.4578 0.5643 0.3889
006 007 008 0.1452 0.0687 0.9031 0.2138 0.8539 0.0180 0.1203 0.0341
007 008 009 0.0192 0.3896 0.7042 0.5523 0.2536 0.0403 0.5299 0.4561
008 009 010 0.3050 0.9793 0.4215 0.5416 0.7051 0.6417 0.6835 0.8512
009 010 011 0.0985 0.0241 0.5642 0.6573 0.0282 0.9543 0.6321 0.0897
010 011 012 0.7974 0.8714 0.2779 0.8462 0.6524 0.3198 0.1545 0.6862
011 012 013 0.7983 0.5012 0.4845 0.3276 0.0607 0.7327 0.2105 0.5044
012 013 014 0.1301 0.1498 0.1978 0.9117 0.2374 0.3372 0.1798 0.6419
013 014 015 0.0089 0.9127 0.9367 0.1864 0.4228 0.9637 0.8276 0.4434
014 015 016 0.4120 0.3980 0.9796 0.2342 0.2345 0.0455 0.9314 0.7341
015 016 017 0.8985 0.5119 0.1876 0.1379 0.5925 0.0539 0.2945 0.3128
016 017 018 0.0422 0.9502 0.5902 0.3880 0.0654 0.4353 0.1845 0.8071
017 018 019 0.7346 0.9499 0.1262 0.6232 0.8207 0.2527 0.3816 0.5342
018 019 020 0.9651 0.9519 0.3383 0.9265 0.7864 0.9117 0.7119 0.7845
019 020 021 0.8736 0.8894 0.2413 0.6049 0.7860 0.6640 0.7326 0.3906
020 021 022 0.9956 0.4250 0.2891 0.2880 0.0678 0.3301 0.6986 0.4094
021 022 023 0.1694 0.4408 0.0099 0.0947 0.2829 0.5288 0.2309 0.0795
022 023 024 0.0113 0.7782 0.3520 0.7620 0.5516 0.0035 0.5246 0.3037
023 024 025 0.9796 0.1405 0.2673 0.1992 0.7472 0.6881 0.1527 0.0927
024 025 026 0.0987 0.9623 0.5728 0.9874 0.0354 0.0258 0.4402 0.4184
025 026 027 0.4595 0.9814 0.2769 0.4914 0.8298 0.6425 0.6443 0.5578
026 027 028 0.1302 0.6089 0.5989 0.5769 0.7192 0.7710 0.6117 0.0292
027 028 029 0.8597 0.0399 0.0442 0.7077 0.8603 0.9456 0.7164 0.7015
028 029 030 0.8483 0.9217 0.0788 0.3171 0.1841 0.1461 0.6994 0.1038
029 030 031 0.9949 0.9141 0.5522 0.3057 0.2506 0.2277 0.9707 0.1077
030 031 032 0.5710 0.4066 0.9955 0.9160 0.4378 0.5904 0.5799 0.2771
031 032 033 0.0759 0.2560 0.8809 0.6786 0.9070 0.0517 0.4176 0.1073
032 033 034 0.6380 0.4519 0.7656 0.2907 0.6199 0.2377 0.1150 0.8223
033 034 035 0.4586 0.2484 0.4015 0.0672 0.6831 0.5634 0.9464 0.9204
034 035 036 0.7384 0.0586 0.2681 0.6193 0.9071 0.5929 0.9750 0.3935
035 036 037 0.2925 0.5654 0.9549 0.0094 0.4695 0.8638 0.8675 0.2896
036 037 038 0.1707 0.1390 0.5557 0.5044 0.7008 0.9767 0.7666 0.9732
037 038 039 0.8157 0.5234 0.1243 0.8303 0.3010 0.8208 0.1728 0.7287
038 039 040 0.4694 0.7588 0.0215 0.1815 0.1966 0.8855 0.0411 0.8383
039 040 041 0.4158 0.8780 0.6041 0.4440 0.2351 0.9708 0.5225 0.5149
040 041 042 0.5025 0.0009 0.5985 0.4704 0.9100 0.9195 0.5833 0.4605
041 042 043 0.8724 0.1741 0.3853 0.7127 0.3180 0.4220 0.1414 0.3013
042 043 044 0.8858 0.7799 0.8376 0.4025 0.0515 0.0758 0.6458 0.5575
043 044 045 0.2180 0.7164 0.9825 0.3939 0.6779 0.9761 0.2185 0.1873
044 045 046 0.7849 0.9772 0.3189 0.3997 0.8136 0.3365 0.6083 0.7060
045 046 047 0.0655 0.7064 0.2169 0.2185 0.4487 0.6585 0.3212 0.0552
046 047 048 0.3017 0.7887 0.6930 0.6048 0.5347 0.3785 0.7060 0.0584
047 048 049 0.4807 0.0710 0.8687 0.6764 0.6600 0.0031 0.0347 0.4604
048 049 050 0.4221 0.7995 0.0087 0.6969 0.7102 0.4727 0.7760 0.5239
049 050 051 0.1910 0.9859 0.4024 0.8620 0.6855 0.7178 0.4847 0.8582
050 051 052 0.5987 0.0569 0.7181 0.8440 0.8457 0.5237 0.0812 0.8828
051 052 053 0.5879 0.8829 0.6968 0.2057 0.9544 0.9709 0.4886 0.2934
052 053 054 0.9836 0.0593 0.8662 0.4890 0.4718 0.4731 0.8618 0.9583
053 054 055 0.4665 0.0687 0.5278 0.5480 0.3124 0.4901 0.1856 0.2594
054 055 056 0.4813 0.5977 0.6407 0.3609 0.9182 0.5456 0.7427 0.9194
055 056 057 0.4645 0.2251 0.6243 0.2644 0.2305 0.4647 0.4773 0.5941
056 057 058 0.3201 0.0947 0.6346 0.6525 0.2916 0.3474 0.3979 0.5394
057 058 059 0.2801 0.3012 0.2210 0.7342 0.3630 0.6807 0.3691 0.3398
058 059 060 0.9528 0.6843 0.4187 0.3969 0.7074 0.7109 0.6845 0.7215
059 060 061 0.8610 0.7980 0.0757 0.1748 0.9299 0.6555 0.7482 0.8632
060 061 062 0.7624 0.9763 0.2588 0.6974 0.3522 0.6578 0.5508 0.0677
061 062 063 0.4839 0.6455 0.5541 0.3963 0.1687 0.6294 0.5962 0.1751
062 063 064 0.9007 0.2989 0.5250 0.8974 0.2771 0.7281 0.9901 0.0065
063 064 065 0.1323 0.9286 0.9452 0.8914 0.0035 0.6187 0.9592 0.5101
064 065 066 0.8802 0.1017 0.7009 0.7219 0.0011 0.0712 0.7956 0.1678
065 066 067 0.6730 0.7605 0.3893 0.4749 0.2580 0.7005 0.0022 0.7463
066 067 068 0.0204 0.3444 0.7953 0.6625 0.8747 0.4679 0.5203 0.9309
067 068 069 0.3007 0.2649 0.1718 0.6578 0.0266 0.3840 0.8622 0.8612
068 069 070 0.3995 0.0272 0.0417 0.3832 0.2061 0.9814 0.3191 0.1233
069 070 071 0.9322 0.0633 0.2022 0.2442 0.0178 0.8584 0.2824 0.8191
070 071 072 0.0133 0.5167 0.1651 0.2262 0.1018 0.2259 0.6468 0.9199
071 072 073 0.5947 0.0824 0.6707 0.1662 0.3760 0.6180 0.9674 0.8955
072 073 074 0.5293 0.7085 0.6679 0.8279 0.3130 0.7867 0.3576 0.7588
073 074 075 0.0936 0.1500 0.8128 0.9464 0.3744 0.7364 0.7464 0.7394
074 075 076 0.8984 0.8266 0.2556 0.4125 0.1014 0.6746 0.2660 0.0378
075 076 077 0.7426 0.9213 0.6529 0.6505 0.6338 0.7102 0.7472 0.8954
076 077 078 0.3065 0.3313 0.0572 0.9382 0.4089 0.5068 0.7910 0.7506
077 078 079 0.6583 0.8709 0.3038 0.9998 0.5390 0.8612 0.8316 0.2768
078 079 080 0.0336 0.7946 0.6114 0.4833 0.9753 0.6668 0.7969 0.8097
079 080 081 0.4230 0.1343 0.2722 0.4347 0.7763 0.9047 0.8579 0.8511
080 081 082 0.7399 0.6872 0.8435 0.6979 0.9453 0.5846 0.0408 0.3425
081 082 083 0.9732 0.1156 0.6213 0.8490 0.2816 0.8305 0.4913 0.4534
082 083 084 0.8721 0.1480 0.9477 0.0865 0.0889 0.5430 0.2139 0.5653
083 084 085 0.9596 0.1101 0.0771 0.7859 0.7476 0.4214 0.4721 0.6737
084 085 086 0.5485 0.8724 0.8662 0.3197 0.0522 0.6710 0.1206 0.1051
085 086 087 0.2194 0.5342 0.5570 0.9337 0.3025 0.1796 0.3629 0.3625
086 087 088 0.7855 0.8043 0.7173 0.5451 0.5032 0.1127 0.5953 0.1682
087 088 089 0.8688 0.5999 0.7359 0.5657 0.4954 0.0392 0.3732 0.9727
088 089 090 0.4307 0.2128 0.8986 0.2238 0.0700 0.7055 0.8212 0.4835
089 090 091 0.7713 0.0026 0.5273 0.7989 0.7496 0.0368 0.1201 0.9480
090 091 092 0.9239 0.3729 0.1536 0.2879 0.5082 0.8144 0.8544 0.8116
091 092 093 0.4425 0.6331 0.5455 0.5759 0.2223 0.8320 0.3899 0.5100
092 093 094 0.1121 0.7064 0.1820 0.7092 0.8049 0.1898 0.5330 0.4113
093 094 095 0.8836 0.7264 0.2676 0.3374 0.8468 0.0777 0.9473 0.9276
094 095 096 0.2412 0.1447 0.3973 0.5232 0.1363 0.2233 0.5501 0.7855
095 096 097 0.2214 0.6074 0.9885 0.9615 0.0932 0.5706 0.4595 0.0276
096 097 098 0.1037 0.7520 0.7398 0.4050 0.3598 0.2963 0.7074 0.7968
097 098 099 0.6443 0.3528 0.6796 0.5736 0.2568 0.2122 0.2295 0.7981
098 099 100 0.9930 0.6866 0.1041 0.1452 0.5364 0.3249 0.4809 0.2743
099 100 101 0.5608 0.1686 0.2890 0.5016 0.2985 0.0440 0.7588 0.0043
100 101 102 0.0929 0.5665 0.8299 0.6593 0.2271 0.3786 0.6488 0.7916
101 102 103 0.8810 0.5043 0.5306 0.8725 0.5023 0.9959 0.5105 0.6920
102 103 104 0.3587 0.1934 0.1486 0.4068 0.0062 0.6279 0.8581 0.5200
103 104 105 0.4526 0.4589 0.5216 0.4784 0.8023 0.6350 0.6432 0.3049
104 105 106 0.6622 0.7922 0.1502 0.4437 0.2911 0.0937 0.8779 0.2476
105 106 107 0.9861 0.4369 0.7349 0.5794 0.6023 0.6256 0.9362 0.7608
106 107 108 0.9893 0.5389 0.0687 0.7733 0.1636 0.3352 0.8858 0.5995
107 108 109 0.4089 0.3250 0.0577 0.4903 0.7175 0.5798 0.0155 0.1508
108 109 110 0.0066 0.1543 0.8200 0.4897 0.3308 0.3900 0.9788 0.8734
109 110 111 0.5871 0.4000 0.7758 0.5079 0.1335 0.4907 0.8156 0.5067
110 111 112 0.3691 0.2505 0.6813 0.8635 0.9923 0.5318 0.7312 0.6915
111 112 113 0.7511 0.1502 0.3812 0.9078 0.9382 0.4295 0.9842 0.3086
112 113 114 0.4130 0.8214 0.0584 0.0279 0.3120 0.1954 0.9843 0.2609
113 114 115 0.1853 0.8397 0.9986 0.2938 0.5295 0.0020 0.7045 0.2737
114 115 116 0.9152 0.7945 0.7783 0.7723 0.7765 0.7793 0.8460 0.0929
115 116 117 0.9395 0.9825 0.5583 0.9148 0.3849 0.1939 0.9895 0.2409
116 117 118 0.6419 0.2922 0.0595 0.0340 0.1736 0.1388 0.9021 0.6862
117 118 119 0.8156 0.3363 0.3471 0.7246 0.0707 0.5577 0.2218 0.9274
118 119 120 0.3378 0.0431 0.4716 0.7899 0.6472 0.9333 0.1336 0.4914
119 120 121 0.9373 0.5091 0.0720 0.7033 0.1585 0.8695 0.9756 0.6011
120 121 122 0.8184 0.5927 0.4615 0.4349 0.7373 0.2358 0.8136 0.9755
121 122 123 0.3815 0.0315 0.5700 0.0555 0.6042 0.2266 0.1860 0.1721
122 123 124 0.9713 0.2019 0.1217 0.9391 0.0905 0.8741 0.9551 0.2856
123 124 125 0.1393 0.3963 0.6812 0.5769 0.0450 0.4439 0.0656 0.1899
124 125 126 0.8324 0.6692 0.2623 0.1404 0.3855 0.1244 0.9248 0.1682
125 126 127 0.4989 0.4166 0.0068 0.2426 0.3991 0.2353 0.6534 0.2246
126 127 128 0.2098 0.2678 0.4202 0.9718 0.7195 0.3453 0.3061 0.4824
127 128 129 0.0692 0.5115 0.7882 0.1321 0.0532 0.5681 0.8965 0.3489
128 129 130 0.2262 0.0589 0.7021 0.2536 0.2644 0.6357 0.7047 0.7621
129 130 131 0.3590 0.1688 0.1379 0.3571 0.4842 0.5434 0.6038 0.2164
130 131 132 0.8662 0.7151 0.0702 0.4723 0.7350 0.7318 0.5132 0.5295
131 132 133 0.5756 0.2359 0.1957 0.9676 0.8050 0.4448 0.3552 0.9949
132 133 134 0.6247 0.2272 0.7270 0.1299 0.1124 0.5250 0.9939 0.5191
133 134 135 0.9956 0.8438 0.0937 0.0008 0.0061 0.3932 0.2621 0.0795
134 135 136 0.3844 0.8052 0.3591 0.8851 0.2043 0.2794 0.8802 0.1844
135 136 137 0.3016 0.3625 0.5761 0.6889 0.4778 0.8449 0.6148 0.5755
136 137 138 0.2329 0.4295 0.8066 0.3019 0.5920 0.4704 0.8754 0.6243
137 138 139 0.1651 0.0371 0.7659 0.4254 0.6827 0.2539 0.2789 0.6067
138 139 140 0.4762 0.8145 0.8922 0.6553 0.0797 0.4068 0.1237 0.1983
139 140 141 0.3405 0.4441 0.2458 0.9549 0.3001 0.7527 0.2769 0.8403
140 141 142 0.3641 0.7397 0.5150 0.3514 0.5401 0.9687 0.5304 0.9303
141 142 143 0.6003 0.2176 0.0076 0.7009 0.5682 0.2647 0.5369 0.0195
142 143 144 0.2251 0.2613 0.6655 0.7414 0.0367 0.1269 0.2309 0.1884
143 144 145 0.1145 0.3880 0.3974 0.4551 0.3868 0.5673 0.9149 0.8242
144 145 146 0.5957 0.6372 0.6772 0.8142 0.0345 0.9644 0.3174 0.5960
145 146 147 0.3376 0.5498 0.1335 0.8535 0.1504 0.3730 0.5341 0.9807
146 147 148 0.1648 0.2582 0.1300 0.0564 0.1911 0.3126 0.6111 0.4497
147 148 149 0.2487 0.6945 0.0280 0.8200 0.4328 0.5845 0.9320 0.7658
148 149 150 0.3903 0.6350 0.8625 0.3039 0.6781 0.1758 0.8068 0.7665
149 150 151 0.1011 0.3938 0.6094 0.6037 0.2995 0.7881 0.5049 0.4047
150 151 152 0.5195 0.3107 0.7153 0.1734 0.5202 0.1104 0.7072 0.8937
151 152 153 0.2968 0.3642 0.6738 0.6949 0.9025 0.6088 0.1426 0.3404
152 153 154 0.0356 0.2346 0.0875 0.9778 0.7446 0.4750 0.0925 0.9808
153 154 155 0.2538 0.3106 0.3908 0.2310 0.2450 0.1619 0.4937 0.3248
154 155 156 0.4562 0.1826 0.5782 0.3996 0.9571 0.6310 0.7828 0.3851
155 156 157 0.3653 0.4458 0.9635 0.4535 0.9521 0.9258 0.7575 0.6614
156 157 158 0.7133 0.6024 0.4659 0.3352 0.7979 0.4378 0.7424 0.0621
157 158 159 0.7367 0.1892 0.2727 0.8576 0.3218 0.8365 0.8721 0.9007
158 159 160 0.1293 0.2913 0.3630 0.6903 0.1737 0.6468 0.2699 0.6281
159 160 161 0.8696 0.2805 0.2536 0.6522 0.9623 0.8074 0.4237 0.4444
160 161 162 0.2324 0.3882 0.6737 0.6483 0.4176 0.0311 0.8877 0.5330
161 162 163 0.9715 0.3933 0.6983 0.4855 0.3796 0.5255 0.7105 0.2543
162 163 164 0.0365 0.3778 0.5301 0.1078 0.5282 0.9104 0.3673 0.0962
163 164 165 0.4277 0.3310 0.8522 0.9039 0.7657 0.7814 0.9524 0.1244
164 165 166 0.8906 0.9891 0.9248 0.0960 0.6289 0.1530 0.8597 0.3816
165 166 167 0.6997 0.3190 0.1376 0.3151 0.4082 0.1469 0.0590 0.3655
166 167 168 0.7438 0.0362 0.0679 0.6217 0.2854 0.1945 0.4980 0.4272
167 168 169 0.4317 0.7444 0.7908 0.2631 0.2299 0.2509 0.2952 0.5136
168 169 170 0.0334 0.5668 0.9452 0.4100 0.9295 0.3138 0.7289 0.2129
169 170 171 0.2273 0.9237 0.0218 0.6219 0.2665 0.7788 0.8581 0.7039
170 171 172 0.0008 0.6588 0.6675 0.7929 0.3382 0.5961 0.8278 0.6930
171 172 173 0.7584 0.1629 0.2947 0.0726 0.7162 0.6063 0.0874 0.1985
172 173 174 0.4744 0.4579 0.6567 0.2492 0.3086 0.0956 0.2664 0.5693
173 174 175 0.3272 0.4434 0.7567 0.8893 0.9010 0.2058 0.0225 0.1166
174 175 176 0.3223 0.5760 0.2300 0.3836 0.2781 0.7452 0.6859 0.2388
175 176 177 0.0279 0.0617 0.9065 0.7428 0.2311 0.7124 0.1732 0.5342
176 177 178 0.0557 0.7968 0.7552 0.5065 0.1371 0.3248 0.0829 0.8761
177 178 179 0.4159 0.9486 0.2763 0.9903 0.0485 0.5632 0.9128 0.9318
178 179 180 0.7467 0.1612 0.5604 0.0564 0.0354 0.6013 0.1898 0.7823
179 180 181 0.6236 0.0299 0.6446 0.3510 0.7365 0.9055 0.5120 0.4907
180 181 182 0.4709 0.2949 0.4728 0.8680 0.1588 0.0178 0.0154 0.5041
181 182 183 0.6366 0.6303 0.1641 0.9956 0.8374 0.1482 0.0449 0.7423
182 183 184 0.0467 0.2500 0.0387 0.0153 0.3926 0.7950 0.4652 0.8881
183 184 185 0.9342 0.3952 0.5392 0.8707 0.1208 0.2374 0.8664 0.7206
184 185 186 0.2365 0.9522 0.4660 0.0210 0.5341 0.5602 0.3583 0.6204
185 186 187 0.2757 0.6335 0.2865 0.4206 0.9645 0.2569 0.8990 0.1332
186 187 188 0.8431 0.5921 0.5133 0.9545 0.8064 0.9031 0.5657 0.7590
187 188 189 0.0990 0.1822 0.2342 0.7437 0.4452 0.6329 0.9347 0.3940
188 189 190 0.5631 0.0717 0.6698 0.4962 0.5210 0.9688 0.4067 0.8875
189 190 191 0.4711 0.3746 0.3295 0.6164 0.9457 0.9637 0.7966 0.9859
190 191 192 0.5380 0.6389 0.6164 0.7623 0.0796 0.2029 0.1895 0.3990
191 192 193 0.2834 0.9198 0.9742 0.5806 0.2471 0.3108 0.9460 0.6593
192 193 194 0.2247 0.9667 0.7879 0.3153 0.9768 0.6113 0.3321 0.6444
193 194 195 0.4810 0.1299 0.6008 0.5366 0.9782 0.8366 0.2611 0.7749
194 195 196 0.4356 0.0005 0.7086 0.1432 0.7875 0.1500 0.5380 0.8043
195 196 197 0.4587 0.9137 0.9490 0.0204 0.8474 0.0983 0.1339 0.8306
196 197 198 0.6687 0.8783 0.7524 0.2614 0.3484 0.3588 0.4328 0.2369
197 198 199 0.6109 0.0830 0.0338 0.9231 0.9857 0.3086 0.8075 0.6799
198 199 200 0.1577 0.2459 0.2387 0.3627 0.0620 0.8666 0.5019 0.4076
199 200 201 0.1819 0.9275 0.3105 0.9441 0.9905 0.8252 0.7924 0.9985
200 201 202 0.3742 0.9709 0.6074 0.4287 0.5391 0.0776 0.0229 0.1282
201 202 203 0.9378 0.0084 0.3183 0.5613 0.9147 0.3144 0.4156 0.1635
202 203 204 0.8115 0.3564 0.7763 0.7005 0.7778 0.8690 0.9035 0.9541
203 204 205 0.1624 0.2456 0.9853 0.4846 0.1423 0.1758 0.2332 0.1854
204 205 206 0.3792 0.3198 0.7548 0.6515 0.5609 0.5344 0.8944 0.0935
205 206 207 0.7234 0.6578 0.9393 0.9425 0.0198 0.9988 0.0756 0.7273
206 207 208 0.5967 0.3608 0.6414 0.9963 0.2105 0.6487 0.3391 0.1290
207 208 209 0.1032 0.6915 0.4570 0.7327 0.7614 0.4980 0.0764 0.1263
208 209 210 0.9654 0.5543 0.9328 0.2363 0.4584 0.0667 0.1040 0.4569
209 210 211 0.5479 0.5084 0.3042 0.9192 0.0990 0.9146 0.4251 0.6092
210 211 212 0.0305 0.7333 0.2841 0.2130 0.2426 0.0609 0.2659 0.0987
211 212 213 0.1641 0.1026 0.1429 0.5577 0.2582 0.6865 0.8352 0.8194
212 213 214 0.2156 0.9273 0.3782 0.7741 0.4263 0.0485 0.0785 0.8214
213 214 215 0.6651 0.0375 0.0799 0.4358 0.3564 0.3525 0.7472 0.8698
214 215 216 0.4663 0.3184 0.7699 0.2185 0.0418 0.9514 0.0208 0.0719
215 216 217 0.8775 0.5596 0.9782 0.7847 0.5771 0.7323 0.5391 0.9179
216 217 218 0.3104 0.0589 0.1275 0.0408 0.2947 0.0555 0.7249 0.9703
217 218 219 0.6989 0.9215 0.5645 0.8985 0.3438 0.1808 0.7910 0.5305
218 219 220 0.3774 0.5834 0.6502 0.0885 0.7398 0.5125 0.8230 0.1772
219 220 221 0.0019 0.5394 0.2980 0.6027 0.2919 0.0469 0.1276 0.8756
220 221 222 0.2339 0.1573 0.7865 0.7553 0.0793 0.8586 0.3088 0.9391
221 222 223 0.7816 0.0258 0.9789 0.4774 0.7328 0.2809 0.1179 0.0282
222 223 224 0.4239 0.9673 0.2199 0.9777 0.5004 0.7967 0.3955 0.6009
223 224 225 0.8843 0.9922 0.3462 0.6946 0.9481 0.8188 0.3514 0.2053
224 225 226 0.0629 0.6724 0.5957 0.5719 0.6821 0.4578 0.4097 0.2045
225 226 227 0.9569 0.9918 0.8421 0.1402 0.1122 0.9116 0.6685 0.2364
226 227 228 0.4143 0.8059 0.6145 0.7167 0.4157 0.7490 0.9238 0.5143
227 228 229 0.0306 0.3397 0.0060 0.7962 0.4359 0.4749 0.2054 0.3281
228 229 230 0.3320 0.0238 0.3600 0.9480 0.6477 0.0239 0.0770 0.9462
229 230 231 0.4666 0.9595 0.7355 0.1926 0.5157 0.6413 0.7435 0.7227
230 231 232 0.3878 0.1494 0.2811 0.6661 0.4728 0.4697 0.1049 0.8625
231 232 233 0.6786 0.7139 0.4622 0.4728 0.3152 0.4922 0.2753 0.6445
232 233 234 0.6378 0.9217 0.9748 0.3303 0.2590 0.8851 0.3305 0.4538
233 234 235 0.3030 0.8883 0.4109 0.5825 0.0594 0.9500 0.2378 0.1256
234 235 236 0.7816 0.6059 0.1177 0.5291 0.7315 0.8239 0.1258 0.6995
235 236 237 0.9755 0.0679 0.0899 0.7513 0.1869 0.8128 0.4742 0.2296
236 237 238 0.7116 0.2481 0.6575 0.7439 0.1868 0.5751 0.9978 0.2837
237 238 239 0.3674 0.7673 0.0476 0.5419 0.1834 0.6965 0.2795 0.6174
238 239 240 0.6251 0.2241 0.3904 0.5978 0.7145 0.3758 0.1251 0.9482
239 240 241 0.4871 0.8393 0.6491 0.7972 0.7295 0.7057 0.3794 0.5460
240 241 242 0.7760 0.5081 0.8809 0.6642 0.4824 0.3241 0.6006 0.6258
241 242 243 0.1245 0.5208 0.4967 0.7122 0.0463 0.6742 0.7038 0.0983
242 243 244 0.1012 0.7337 0.1734 0.4226 0.3698 0.6807 0.3013 0.4118
243 244 245 0.9297 0.8834 0.5637 0.0283 0.6692 0.2664 0.9201 0.1355
244 245 246 0.2366 0.3096 0.5970 0.5089 0.2320 0.1042 0.1071 0.8117
245 246 247 0.3635 0.3345 0.2334 0.3163 0.6902 0.4237 0.0449 0.3379
246 247 248 0.4109 0.4620 0.3075 0.6892 0.9363 0.8155 0.4583 0.4492
247 248 249 0.9267 0.2782 0.2830 0.8728 0.2977 0.9555 0.4590 0.4354
248 249 250 0.1181 0.6547 0.7521 0.9553 0.5004 0.0237 0.9396 0.2795
249 250 251 0.6156 0.6998 0.3724 0.7510 0.4879 0.6954 0.7513 0.5243
250 251 252 0.7287 0.4428 0.1098 0.9366 0.9798 0.0528 0.3343 0.2839
251 252 253 0.2181 0.8735 0.6424 0.3779 0.4182 0.7537 0.7090 0.9298
252 253 254 0.8590 0.5067 0.5411 0.5678 0.6905 0.0867 0.1206 0.8633
253 254 255 0.8979 0.0680 0.9989 0.9494 0.9493 0.1895 0.7484 0.9577
254 255 256 0.7319 0.3828 0.4309 0.8385 0.3723 0.4718 0.4858 0.0879
255 256 257 0.0169 0.9401 0.4967 0.6671 0.9278 0.5628 0.5126 0.7069
256 257 258 0.2786 0.6303 0.9743 0.6465 0.7315 0.7498 0.1488 0.1164
257 258 259 0.6502 0.8041 0.6065 0.2159 0.6817 0.6547 0.0032 0.1821
258 259 260 0.3723 0.3575 0.5219 0.4539 0.1494 0.6288 0.6110 0.7382
259 260 261 0.2678 0.0387 0.7769 0.1907 0.2839 0.0471 0.3816 0.7852
260 261 262 0.8727 0.8890 0.3774 0.6154 0.7475 0.7371 0.3030 0.1247
261 262 263 0.2446 0.7267 0.9680 0.9576 0.1489 0.1916 0.4758 0.4934
262 263 264 0.2407 0.1999 0.3195 0.1064 0.0879 0.1791 0.6100 0.3049
263 264 265 0.4539 0.7418 0.2190 0.5750 0.8147 0.7689 0.2571 0.6146
264 265 266 0.1203 0.1008 0.9233 0.7842 0.0807 0.6826 0.3717 0.5655
265 266 267 0.4256 0.4243 0.0879 0.4159 0.3605 0.5324 0.4831 0.0850
266 267 268 0.1209 0.3653 0.8224 0.5143 0.1635 0.0742 0.7051 0.0795
267 268 269 0.7045 0.0424 0.5745 0.9989 0.2494 0.7017 0.8116 0.2002
268 269 270 0.8192 0.4656 0.2990 0.3704 0.0177 0.2088 0.5685 0.5298
269 270 271 0.9071 0.2819 0.6972 0.9106 0.0333 0.0614 0.3613 0.8220
270 271 272 0.0667 0.8420 0.8188 0.8424 0.2780 0.4647 0.5348 0.2144
271 272 273 0.2516 0.6389 0.6051 0.9076 0.0304 0.7652 0.7481 0.6399
272 273 274 0.3102 0.1885 0.9347 0.4822 0.9955 0.9640 0.1505 0.0684
273 274 275 0.1427 0.9934 0.1159 0.8111 0.6004 0.6024 0.3432 0.6364
274 275 276 0.7504 0.6887 0.1652 0.1376 0.0320 0.5982 0.8641 0.1347
275 276 277 0.9726 0.4078 0.5117 0.5784 0.4815 0.6520 0.6978 0.3526
276 277 278 0.8835 0.2724 0.0556 0.0506 0.3319 0.6363 0.2781 0.6098
277 278 000 0.0524 0.9547 0.3772 0.7680 0.8346 0.3790 0.0015 0.1484
278 000 001 0.0412 0.9471 0.3089 0.6888 0.4453 0.6353 0.5192 0.4230
